# 0.01sig - Array shape (trial/sig/alpha): (30L, 4L, 4L)
-4.5452e+00 -3.9394e+00 -7.0118e-01 -1.0198e-03
-4.5533e+00 -4.0213e+00 -1.1035e+00 -6.2643e-02
-4.5941e+00 -4.4173e+00 -3.4564e+00 -1.4071e+01
-4.6138e+00 -4.6049e+00 -4.6505e+00 -1.9799e+01
# New trial
-4.5502e+00 -3.9885e+00 -1.0506e+00 -4.1222e-04
-4.5566e+00 -4.0557e+00 -1.4300e+00 -4.7391e-03
-4.5978e+00 -4.4531e+00 -3.7280e+00 -1.2908e+01
-4.6142e+00 -4.6080e+00 -4.6279e+00 -1.0131e+01
# New trial
-4.5657e+00 -4.1430e+00 -2.0532e+00 -4.7081e-01
-4.5632e+00 -4.1230e+00 -2.1185e+00 -2.8159e+00
-4.5889e+00 -4.3647e+00 -3.0856e+00 -1.4347e+01
-4.6138e+00 -4.6034e+00 -4.6504e+00 -2.2342e+01
# New trial
-4.5584e+00 -4.0891e+00 -1.9874e+00 -1.4626e-01
-4.5525e+00 -4.0355e+00 -1.6298e+00 -3.5965e-02
-4.5905e+00 -4.3880e+00 -3.4629e+00 -9.7772e+00
-4.6145e+00 -4.6113e+00 -4.7012e+00 -1.4728e+01
# New trial
-4.5704e+00 -4.1839e+00 -1.7852e+00 -7.6495e-03
-4.5644e+00 -4.1242e+00 -1.5033e+00 -5.9723e-02
-4.5862e+00 -4.3318e+00 -2.4014e+00 -2.7009e+00
-4.6132e+00 -4.5962e+00 -4.4694e+00 -1.0049e+01
# New trial
-4.5505e+00 -3.9915e+00 -1.1952e+00 -3.3684e-01
-4.5757e+00 -4.2473e+00 -3.2097e+00 -1.4706e+01
-4.6043e+00 -4.5155e+00 -4.5532e+00 -3.3442e+01
-4.6151e+00 -4.6155e+00 -4.6696e+00 -1.2931e+01
# New trial
-4.5578e+00 -4.0685e+00 -1.6178e+00 -3.4204e-02
-4.5834e+00 -4.3300e+00 -4.3478e+00 -2.6103e+01
-4.6089e+00 -4.5638e+00 -5.0398e+00 -3.0617e+01
-4.6144e+00 -4.6102e+00 -4.6553e+00 -1.4989e+01
# New trial
-4.5584e+00 -4.0756e+00 -1.8034e+00 -3.4730e-02
-4.5517e+00 -4.0086e+00 -1.3788e+00 -1.5772e-02
-4.5727e+00 -4.2005e+00 -1.6522e+00 -2.7611e-02
-4.6119e+00 -4.5843e+00 -4.4086e+00 -2.0476e+01
# New trial
-4.5509e+00 -3.9993e+00 -1.2117e+00 -3.5730e-02
-4.5537e+00 -4.0319e+00 -2.1704e+00 -1.1247e+01
-4.5730e+00 -4.2061e+00 -2.0744e+00 -9.1575e+00
-4.6126e+00 -4.5904e+00 -4.4050e+00 -8.1088e+00
# New trial
-4.5525e+00 -4.0157e+00 -1.0534e+00 -1.1046e-04
-4.5680e+00 -4.1694e+00 -2.0573e+00 -1.0824e+00
-4.6075e+00 -4.5465e+00 -4.7016e+00 -2.8776e+01
-4.6152e+00 -4.6166e+00 -4.7674e+00 -2.7040e+01
# New trial
-4.5353e+00 -3.8863e+00 -1.5274e+00 -1.1351e-02
-4.5434e+00 -3.9665e+00 -1.9444e+00 -1.3677e+00
-4.5964e+00 -4.4563e+00 -5.1022e+00 -4.0734e+01
-4.6141e+00 -4.6084e+00 -4.7615e+00 -2.0902e+01
# New trial
-4.5806e+00 -4.2802e+00 -2.4826e+00 -5.9655e-01
-4.5935e+00 -4.4064e+00 -3.3931e+00 -1.2308e+01
-4.6120e+00 -4.5861e+00 -4.5580e+00 -2.3109e+01
-4.6150e+00 -4.6140e+00 -4.6091e+00 -5.6724e+00
# New trial
-4.5506e+00 -3.9885e+00 -1.1265e+00 -3.4725e-01
-4.5527e+00 -4.0104e+00 -1.1843e+00 -2.1420e+00
-4.5834e+00 -4.3067e+00 -2.3934e+00 -4.1618e+00
-4.6143e+00 -4.6074e+00 -4.5972e+00 -1.4039e+01
# New trial
-4.5830e+00 -4.3001e+00 -2.2480e+00 -1.7080e-01
-4.5791e+00 -4.2619e+00 -2.0576e+00 -1.7786e+00
-4.5935e+00 -4.4035e+00 -3.2256e+00 -1.4252e+01
-4.6132e+00 -4.5961e+00 -4.4854e+00 -1.5452e+01
# New trial
-4.5859e+00 -4.3293e+00 -2.6501e+00 -7.7239e+00
-4.5942e+00 -4.4110e+00 -3.1720e+00 -4.9597e+00
-4.6105e+00 -4.5706e+00 -4.4066e+00 -2.0005e+01
-4.6150e+00 -4.6138e+00 -4.6166e+00 -1.0097e+01
# New trial
-4.5489e+00 -4.0002e+00 -1.7558e+00 -2.8235e-01
-4.5547e+00 -4.0597e+00 -2.1420e+00 -2.6228e+00
-4.5960e+00 -4.4384e+00 -3.7553e+00 -1.8664e+01
-4.6137e+00 -4.6043e+00 -4.6113e+00 -8.5249e+00
# New trial
-4.5666e+00 -4.1507e+00 -1.9082e+00 -2.9829e-01
-4.5581e+00 -4.0733e+00 -1.6039e+00 -2.6982e-01
-4.5671e+00 -4.1475e+00 -1.3778e+00 -5.9420e-02
-4.6090e+00 -4.5555e+00 -4.0986e+00 -1.0451e+01
# New trial
-4.5517e+00 -4.0432e+00 -1.9357e+00 -2.5610e-01
-4.5476e+00 -3.9949e+00 -1.4824e+00 -2.4250e-01
-4.5889e+00 -4.3685e+00 -3.1918e+00 -1.3187e+01
-4.6144e+00 -4.6114e+00 -4.8694e+00 -3.3236e+01
# New trial
-4.5840e+00 -4.3051e+00 -1.8382e+00 -5.0386e-02
-4.5856e+00 -4.3225e+00 -2.1255e+00 -5.0549e+00
-4.6007e+00 -4.4727e+00 -3.4012e+00 -1.4120e+01
-4.6137e+00 -4.6006e+00 -4.4792e+00 -4.1303e+00
# New trial
-4.5656e+00 -4.1365e+00 -1.8152e+00 -2.3161e-01
-4.5864e+00 -4.3391e+00 -2.9288e+00 -2.8320e+00
-4.6113e+00 -4.5810e+00 -4.7464e+00 -2.8765e+01
-4.6148e+00 -4.6123e+00 -4.6265e+00 -1.4641e+01
# New trial
-4.5667e+00 -4.1449e+00 -1.5288e+00 -2.3782e-03
-4.5959e+00 -4.4358e+00 -3.9758e+00 -1.4752e+01
-4.6114e+00 -4.5839e+00 -4.7536e+00 -1.9139e+01
-4.6148e+00 -4.6122e+00 -4.6110e+00 -7.9697e+00
# New trial
-4.5540e+00 -4.0220e+00 -1.0624e+00 -3.7870e-02
-4.5755e+00 -4.2376e+00 -2.6718e+00 -4.2665e+00
-4.6082e+00 -4.5555e+00 -5.0182e+00 -3.1382e+01
-4.6155e+00 -4.6193e+00 -4.7122e+00 -1.4986e+01
# New trial
-4.5814e+00 -4.2883e+00 -2.5971e+00 -3.8764e+00
-4.5881e+00 -4.3570e+00 -3.4132e+00 -1.7254e+01
-4.6082e+00 -4.5509e+00 -4.3931e+00 -1.9011e+01
-4.6141e+00 -4.6060e+00 -4.5782e+00 -7.0146e+00
# New trial
-4.5321e+00 -3.8851e+00 -1.7193e+00 -3.0774e-02
-4.5357e+00 -3.9189e+00 -1.8426e+00 -1.7341e+00
-4.5912e+00 -4.4059e+00 -4.1924e+00 -2.2775e+01
-4.6144e+00 -4.6120e+00 -4.8058e+00 -2.4061e+01
# New trial
-4.5648e+00 -4.1279e+00 -1.5319e+00 -1.9456e-02
-4.5562e+00 -4.0517e+00 -1.2786e+00 -4.9189e-02
-4.5892e+00 -4.3662e+00 -2.9828e+00 -9.5013e+00
-4.6149e+00 -4.6130e+00 -4.6372e+00 -1.6604e+01
# New trial
-4.5616e+00 -4.1021e+00 -1.7031e+00 -1.8690e-01
-4.5850e+00 -4.3328e+00 -3.4338e+00 -1.4052e+01
-4.6094e+00 -4.5658e+00 -4.7021e+00 -2.0286e+01
-4.6150e+00 -4.6149e+00 -4.7017e+00 -2.1827e+01
# New trial
-4.5739e+00 -4.2172e+00 -2.1485e+00 -1.2568e-01
-4.5727e+00 -4.2101e+00 -2.2304e+00 -9.7575e-01
-4.6051e+00 -4.5237e+00 -4.5205e+00 -2.0891e+01
-4.6154e+00 -4.6181e+00 -4.7049e+00 -1.2576e+01
# New trial
-4.5750e+00 -4.2269e+00 -2.1197e+00 -1.0395e-01
-4.5637e+00 -4.1213e+00 -1.6544e+00 -3.3525e-03
-4.5675e+00 -4.1522e+00 -1.8296e+00 -1.0476e+01
-4.6083e+00 -4.5492e+00 -4.1484e+00 -2.0550e+01
# New trial
-4.5572e+00 -4.0455e+00 -7.7354e-01 -6.1982e-04
-4.5807e+00 -4.2788e+00 -2.1883e+00 -1.0493e+00
-4.6037e+00 -4.5049e+00 -3.8567e+00 -1.0820e+01
-4.6143e+00 -4.6071e+00 -4.5765e+00 -1.3661e+01
# New trial
-4.6192e+00 -4.6964e+00 -9.4224e+00 -8.2264e+01
-4.6162e+00 -4.6409e+00 -6.4442e+00 -4.6391e+01
-4.6141e+00 -4.6075e+00 -4.8541e+00 -2.8955e+01
-4.6149e+00 -4.6128e+00 -4.6044e+00 -6.2797e+00
# New trial
