# 0.1sig - Array shape (trial/sig/alpha): (30L, 4L, 4L)
-4.5730e+00 -4.2098e+00 -2.3798e+00 -1.3202e+01
-4.5730e+00 -4.2130e+00 -2.0771e+00 -2.8884e-02
-4.5895e+00 -4.3784e+00 -4.4580e+00 -3.8479e+01
-4.6112e+00 -4.5802e+00 -4.6387e+00 -2.6882e+01
# New trial
-4.5879e+00 -4.3483e+00 -2.5726e+00 -7.2891e-01
-4.5789e+00 -4.2616e+00 -1.9281e+00 -1.8372e-04
-4.5564e+00 -4.0391e+00 -5.1113e-01 -4.3266e-10
-4.5782e+00 -4.2488e+00 -1.3657e+00 -1.4052e-06
# New trial
-4.5892e+00 -4.3647e+00 -3.2596e+00 -9.2538e+00
-4.5730e+00 -4.1991e+00 -1.3544e+00 -2.7573e-04
-4.5345e+00 -3.8159e+00 -6.3413e-02 0.0000e+00
-4.5264e+00 -3.7346e+00 -1.7464e-02 0.0000e+00
# New trial
-4.5888e+00 -4.3592e+00 -3.3022e+00 -1.8380e+01
-4.5771e+00 -4.2383e+00 -1.4730e+00 -4.6339e-03
-4.5455e+00 -3.9235e+00 -9.9453e-02 0.0000e+00
-4.5355e+00 -3.8248e+00 -3.6010e-02 0.0000e+00
# New trial
-4.5955e+00 -4.4251e+00 -3.4463e+00 -1.3827e+01
-4.5879e+00 -4.3477e+00 -2.4252e+00 -1.4636e-02
-4.5683e+00 -4.1540e+00 -1.2008e+00 -1.1809e-01
-4.5733e+00 -4.2012e+00 -1.5772e+00 -4.0484e+00
# New trial
-4.6026e+00 -4.4935e+00 -3.7472e+00 -7.8319e+00
-4.5946e+00 -4.4136e+00 -3.0180e+00 -8.3950e-01
-4.5860e+00 -4.3295e+00 -2.6329e+00 -1.0795e+01
-4.6017e+00 -4.4827e+00 -3.5443e+00 -1.7270e+01
# New trial
-4.5910e+00 -4.3767e+00 -2.5878e+00 -1.6699e-03
-4.5837e+00 -4.3047e+00 -1.9823e+00 -2.1376e-04
-4.5606e+00 -4.0761e+00 -6.3640e-01 -1.1555e-07
-4.5558e+00 -4.0259e+00 -3.5371e-01 -1.0954e-09
# New trial
-4.5889e+00 -4.3648e+00 -3.8792e+00 -2.2202e+01
-4.5795e+00 -4.2702e+00 -2.4720e+00 -4.8123e-01
-4.5612e+00 -4.0823e+00 -5.8902e-01 -1.4586e-09
-4.5925e+00 -4.3900e+00 -2.4990e+00 -4.1438e-01
# New trial
-4.5770e+00 -4.2489e+00 -2.2732e+00 -2.2226e-01
-4.5655e+00 -4.1410e+00 -1.7106e+00 -1.5470e-01
-4.5645e+00 -4.1272e+00 -1.9486e+00 -8.5055e+00
-4.6050e+00 -4.5172e+00 -4.2180e+00 -2.7824e+01
# New trial
-4.5876e+00 -4.3432e+00 -2.3996e+00 -7.4738e-02
-4.5787e+00 -4.2569e+00 -1.8601e+00 -9.0034e-03
-4.5503e+00 -3.9742e+00 -2.9680e-01 -1.0800e-12
-4.5530e+00 -3.9972e+00 -1.9101e-01 0.0000e+00
# New trial
-4.5917e+00 -4.3833e+00 -2.6454e+00 -8.4328e-02
-4.5852e+00 -4.3192e+00 -2.1077e+00 -1.2540e-02
-4.5757e+00 -4.2265e+00 -1.9729e+00 -4.7482e+00
-4.5949e+00 -4.4156e+00 -3.3576e+00 -2.1076e+01
# New trial
-4.5872e+00 -4.3445e+00 -2.9628e+00 -6.4551e+00
-4.5758e+00 -4.2344e+00 -2.0472e+00 -3.4664e-03
-4.5468e+00 -3.9451e+00 -2.9943e-01 -8.6686e-13
-4.5737e+00 -4.2031e+00 -1.0046e+00 -1.3708e-08
# New trial
-4.5872e+00 -4.3412e+00 -2.6293e+00 -2.9654e+00
-4.5821e+00 -4.2900e+00 -1.9935e+00 -1.1096e-04
-4.5748e+00 -4.2158e+00 -1.2707e+00 -1.5178e-04
-4.6034e+00 -4.4997e+00 -3.6064e+00 -1.3059e+01
# New trial
-4.6009e+00 -4.4767e+00 -3.7402e+00 -9.2807e+00
-4.5903e+00 -4.3692e+00 -2.4489e+00 -2.0543e-01
-4.5717e+00 -4.1837e+00 -1.1051e+00 -3.4099e-05
-4.5804e+00 -4.2701e+00 -1.7348e+00 -5.9884e-02
# New trial
-4.5768e+00 -4.2577e+00 -3.0944e+00 -7.9573e+00
-4.5654e+00 -4.1397e+00 -1.6455e+00 -5.2449e-04
-4.5569e+00 -4.0517e+00 -1.6691e+00 -3.7323e+00
-4.5993e+00 -4.4614e+00 -3.5666e+00 -1.4621e+01
# New trial
-4.5812e+00 -4.2971e+00 -3.7224e+00 -1.8383e+01
-4.5682e+00 -4.1635e+00 -1.8218e+00 -7.0110e-01
-4.5517e+00 -4.0003e+00 -1.2280e+00 -4.3874e-01
-4.5952e+00 -4.4176e+00 -2.8628e+00 -6.7645e-01
# New trial
-4.5902e+00 -4.3688e+00 -2.5988e+00 -1.5125e-01
-4.5776e+00 -4.2444e+00 -1.7056e+00 -1.9602e-01
-4.5531e+00 -4.0048e+00 -9.5666e-01 -7.7715e-02
-4.5835e+00 -4.3009e+00 -1.8163e+00 -5.2684e-04
# New trial
-4.5952e+00 -4.4181e+00 -2.9797e+00 -3.3883e+00
-4.5859e+00 -4.3254e+00 -2.0659e+00 -3.4487e-03
-4.5662e+00 -4.1279e+00 -6.0441e-01 -5.5422e-13
-4.5697e+00 -4.1627e+00 -7.4060e-01 -6.6365e-11
# New trial
-4.5937e+00 -4.4031e+00 -2.7650e+00 -2.7522e-01
-4.5885e+00 -4.3519e+00 -2.3757e+00 -1.2814e-03
-4.5844e+00 -4.3118e+00 -2.2001e+00 -2.6649e+00
-4.6025e+00 -4.4909e+00 -3.6263e+00 -1.6478e+01
# New trial
-4.5950e+00 -4.4277e+00 -4.5123e+00 -2.4417e+01
-4.5811e+00 -4.2833e+00 -2.2298e+00 -3.4946e-03
-4.5505e+00 -3.9790e+00 -4.6475e-01 -3.3425e-06
-4.5711e+00 -4.1790e+00 -9.6201e-01 -2.8206e-06
# New trial
-4.5884e+00 -4.3573e+00 -3.1105e+00 -8.3969e+00
-4.5819e+00 -4.2919e+00 -2.3457e+00 -4.4757e-01
-4.5843e+00 -4.3143e+00 -2.7040e+00 -1.5245e+01
-4.6082e+00 -4.5480e+00 -4.3063e+00 -2.8587e+01
# New trial
-4.5890e+00 -4.3608e+00 -3.1225e+00 -1.3428e+01
-4.5830e+00 -4.3010e+00 -2.2146e+00 -3.1970e-03
-4.5787e+00 -4.2593e+00 -2.2756e+00 -8.4898e+00
-4.6027e+00 -4.4940e+00 -3.6623e+00 -1.5111e+01
# New trial
-4.5888e+00 -4.3550e+00 -2.4998e+00 -4.1749e-02
-4.5840e+00 -4.3089e+00 -2.1818e+00 -5.2209e-02
-4.5826e+00 -4.2946e+00 -2.4210e+00 -1.5230e+01
-4.6016e+00 -4.4820e+00 -3.6466e+00 -2.3516e+01
# New trial
-4.5898e+00 -4.3645e+00 -2.4479e+00 -1.4550e-02
-4.5849e+00 -4.3155e+00 -2.0165e+00 -1.4749e-04
-4.5810e+00 -4.2760e+00 -1.6213e+00 -1.8223e-05
-4.5986e+00 -4.4508e+00 -3.0208e+00 -5.3996e-05
# New trial
-4.5977e+00 -4.4436e+00 -3.2365e+00 -1.0906e+01
-4.5925e+00 -4.3915e+00 -2.6764e+00 -1.3657e-02
-4.5756e+00 -4.2224e+00 -1.2560e+00 -2.9888e-04
-4.5761e+00 -4.2265e+00 -1.2603e+00 -3.4484e-03
# New trial
-4.5842e+00 -4.3229e+00 -3.5259e+00 -1.2862e+01
-4.5760e+00 -4.2288e+00 -1.5057e+00 -8.0326e-05
-4.5660e+00 -4.1286e+00 -9.1178e-01 -2.1789e-05
-4.5895e+00 -4.3604e+00 -2.2168e+00 -1.7378e-04
# New trial
-4.5932e+00 -4.3983e+00 -2.7478e+00 -2.0845e+00
-4.5897e+00 -4.3632e+00 -2.4380e+00 -3.8036e-03
-4.5841e+00 -4.3077e+00 -1.8809e+00 -1.2297e-05
-4.6048e+00 -4.5121e+00 -3.6375e+00 -4.0357e+00
# New trial
-4.5824e+00 -4.2994e+00 -2.8019e+00 -5.8674e+00
-4.5776e+00 -4.2466e+00 -1.8633e+00 -2.6127e-01
-4.5662e+00 -4.1356e+00 -1.5085e+00 -2.7063e+00
-4.5886e+00 -4.3524e+00 -2.7587e+00 -1.9320e+01
# New trial
-4.5933e+00 -4.4013e+00 -3.1189e+00 -6.2814e+00
-4.5834e+00 -4.3016e+00 -2.0672e+00 -4.6374e-03
-4.5533e+00 -4.0034e+00 -5.5111e-01 -2.5595e-05
-4.5599e+00 -4.0664e+00 -4.9403e-01 -1.3478e-07
# New trial
-4.5454e+00 -4.0090e+00 -3.1386e+00 -1.1757e+01
-4.5863e+00 -4.3542e+00 -3.3541e+00 -7.4009e+00
-4.6127e+00 -4.5933e+00 -4.5667e+00 -1.0130e+01
-4.6152e+00 -4.6158e+00 -4.6233e+00 -4.8561e+00
# New trial
