# 0.01sig - Array shape (trial/sig/alpha): (30L, 4L, 4L)
-4.5421e+00 -3.9404e+00 -1.9222e+00 -2.0347e-01
-4.5585e+00 -4.0871e+00 -2.1093e+00 -2.1829e+00
-4.6036e+00 -4.5102e+00 -4.3083e+00 -1.9697e+01
-4.6143e+00 -4.6091e+00 -4.7116e+00 -2.4173e+01
# New trial
-4.5377e+00 -3.8947e+00 -1.7051e+00 -3.7001e-02
-4.5497e+00 -4.0054e+00 -1.9272e+00 -3.6917e-01
-4.6005e+00 -4.4789e+00 -3.8934e+00 -1.6700e+01
-4.6144e+00 -4.6090e+00 -4.6343e+00 -1.1882e+01
# New trial
-4.5445e+00 -3.9610e+00 -2.0396e+00 -8.6126e-01
-4.5914e+00 -4.4069e+00 -4.9111e+00 -3.2801e+01
-4.6136e+00 -4.6077e+00 -5.2490e+00 -3.4297e+01
-4.6148e+00 -4.6126e+00 -4.6764e+00 -2.1334e+01
# New trial
-4.5360e+00 -3.8970e+00 -1.3204e+00 -7.4779e-02
-4.5536e+00 -4.0636e+00 -2.2107e+00 -1.6273e+00
-4.6059e+00 -4.5384e+00 -4.7494e+00 -2.6909e+01
-4.6146e+00 -4.6121e+00 -4.6815e+00 -1.5716e+01
# New trial
-4.5407e+00 -3.9263e+00 -1.0726e+00 -8.5005e-06
-4.5536e+00 -4.0363e+00 -1.3534e+00 -8.1590e-03
-4.6036e+00 -4.5074e+00 -4.1410e+00 -2.2496e+01
-4.6154e+00 -4.6187e+00 -4.7339e+00 -1.8148e+01
# New trial
-4.5341e+00 -3.8705e+00 -1.7904e+00 -5.3298e-01
-4.5949e+00 -4.4433e+00 -4.7358e+00 -2.8304e+01
-4.6154e+00 -4.6262e+00 -5.4518e+00 -3.4360e+01
-4.6152e+00 -4.6161e+00 -4.6597e+00 -9.8667e+00
# New trial
-4.5487e+00 -3.9952e+00 -1.8726e+00 -3.9104e-01
-4.5727e+00 -4.2276e+00 -3.3834e+00 -1.1519e+01
-4.6079e+00 -4.5503e+00 -4.4310e+00 -1.7893e+01
-4.6144e+00 -4.6098e+00 -4.6205e+00 -8.3358e+00
# New trial
-4.5210e+00 -3.7778e+00 -1.4502e+00 -1.4575e-02
-4.5507e+00 -4.0304e+00 -2.0528e+00 -2.5133e-01
-4.6074e+00 -4.5461e+00 -4.4799e+00 -1.9445e+01
-4.6147e+00 -4.6119e+00 -4.6457e+00 -1.1590e+01
# New trial
-4.5439e+00 -3.9456e+00 -1.6160e+00 -8.0523e-01
-4.5621e+00 -4.1167e+00 -2.2393e+00 -6.9544e+00
-4.6036e+00 -4.5064e+00 -4.0573e+00 -1.8080e+01
-4.6150e+00 -4.6140e+00 -4.6328e+00 -1.1050e+01
# New trial
-4.5376e+00 -3.8999e+00 -1.7384e+00 -7.1293e-02
-4.5987e+00 -4.4704e+00 -4.6726e+00 -2.3542e+01
-4.6141e+00 -4.6093e+00 -5.2877e+00 -3.7589e+01
-4.6153e+00 -4.6178e+00 -4.7601e+00 -2.6580e+01
# New trial
-4.5361e+00 -3.9165e+00 -2.0516e+00 -5.1725e-01
-4.5535e+00 -4.0579e+00 -2.1290e+00 -1.5489e+00
-4.5975e+00 -4.4596e+00 -5.2538e+00 -4.5709e+01
-4.6141e+00 -4.6073e+00 -4.6865e+00 -1.8032e+01
# New trial
-4.5599e+00 -4.0803e+00 -1.3598e+00 -4.4164e-02
-4.5875e+00 -4.3467e+00 -2.7371e+00 -1.9563e+00
-4.6105e+00 -4.5704e+00 -4.4046e+00 -2.0832e+01
-4.6150e+00 -4.6139e+00 -4.6085e+00 -5.6564e+00
# New trial
-4.5426e+00 -3.9217e+00 -1.4497e+00 -4.3182e-02
-4.5845e+00 -4.3250e+00 -3.2153e+00 -1.1075e+01
-4.6108e+00 -4.5765e+00 -4.5638e+00 -1.7049e+01
-4.6151e+00 -4.6148e+00 -4.6401e+00 -8.1045e+00
# New trial
-4.5727e+00 -4.2054e+00 -2.0472e+00 -2.3437e-01
-4.5860e+00 -4.3353e+00 -2.9174e+00 -2.3930e+00
-4.6098e+00 -4.5659e+00 -4.5199e+00 -2.1082e+01
-4.6153e+00 -4.6171e+00 -4.6911e+00 -1.9935e+01
# New trial
-4.5551e+00 -4.0266e+00 -9.0856e-01 -1.8545e-02
-4.5837e+00 -4.3065e+00 -2.2400e+00 -2.6485e+00
-4.6081e+00 -4.5469e+00 -4.1669e+00 -1.8035e+01
-4.6149e+00 -4.6134e+00 -4.6108e+00 -9.7061e+00
# New trial
-4.5369e+00 -3.9069e+00 -1.6744e+00 -7.5921e-03
-4.5915e+00 -4.4312e+00 -5.8706e+00 -4.0863e+01
-4.6146e+00 -4.6214e+00 -5.4126e+00 -3.2865e+01
-4.6142e+00 -4.6084e+00 -4.6364e+00 -7.5748e+00
# New trial
-4.5635e+00 -4.1275e+00 -1.9892e+00 -1.4158e-01
-4.5899e+00 -4.3913e+00 -4.1166e+00 -2.2120e+01
-4.6129e+00 -4.6016e+00 -5.1618e+00 -3.0265e+01
-4.6154e+00 -4.6193e+00 -4.7645e+00 -1.9712e+01
# New trial
-4.5310e+00 -3.8980e+00 -2.3013e+00 -6.6193e-01
-4.5798e+00 -4.3182e+00 -4.3095e+00 -2.5375e+01
-4.6140e+00 -4.6149e+00 -5.5038e+00 -3.9093e+01
-4.6149e+00 -4.6157e+00 -4.9331e+00 -3.5533e+01
# New trial
-4.5517e+00 -3.9943e+00 -7.4168e-01 -5.2318e-03
-4.5917e+00 -4.3888e+00 -3.1035e+00 -2.7072e+00
-4.6125e+00 -4.5911e+00 -4.5641e+00 -1.1094e+01
-4.6148e+00 -4.6118e+00 -4.5955e+00 -6.8133e+00
# New trial
-4.5460e+00 -3.9489e+00 -9.4604e-01 -1.0546e-03
-4.5777e+00 -4.2530e+00 -2.2250e+00 -4.2744e+00
-4.6068e+00 -4.5360e+00 -4.2969e+00 -2.4800e+01
-4.6149e+00 -4.6128e+00 -4.6266e+00 -1.4491e+01
# New trial
-4.5343e+00 -3.8425e+00 -7.8920e-01 -4.8870e-05
-4.5848e+00 -4.3319e+00 -3.2999e+00 -5.6966e+00
-4.6115e+00 -4.5848e+00 -4.7826e+00 -2.0257e+01
-4.6149e+00 -4.6128e+00 -4.6158e+00 -8.4707e+00
# New trial
-4.5250e+00 -3.7680e+00 -1.4456e+00 -2.7920e-01
-4.5909e+00 -4.3928e+00 -4.1717e+00 -1.9421e+01
-4.6143e+00 -4.6139e+00 -5.6183e+00 -3.9133e+01
-4.6155e+00 -4.6196e+00 -4.7222e+00 -1.6859e+01
# New trial
-4.5541e+00 -4.0272e+00 -1.5473e+00 -5.5952e-01
-4.5866e+00 -4.3418e+00 -3.0237e+00 -6.0628e+00
-4.6103e+00 -4.5702e+00 -4.4028e+00 -9.7759e+00
-4.6145e+00 -4.6094e+00 -4.5935e+00 -8.2195e+00
# New trial
-4.5523e+00 -4.0141e+00 -1.2003e+00 -4.2626e-04
-4.5987e+00 -4.4684e+00 -4.3483e+00 -1.4795e+01
-4.6132e+00 -4.6012e+00 -4.9004e+00 -2.8806e+01
-4.6143e+00 -4.6086e+00 -4.6126e+00 -1.1429e+01
# New trial
-4.5641e+00 -4.1225e+00 -1.4723e+00 -1.1343e-01
-4.6006e+00 -4.4885e+00 -4.7797e+00 -2.7674e+01
-4.6154e+00 -4.6255e+00 -5.5186e+00 -3.9874e+01
-4.6158e+00 -4.6226e+00 -4.7488e+00 -1.7966e+01
# New trial
-4.5332e+00 -3.8391e+00 -1.0655e+00 -4.2521e-02
-4.5807e+00 -4.2961e+00 -3.4730e+00 -1.2765e+01
-4.6114e+00 -4.5839e+00 -4.8011e+00 -2.0115e+01
-4.6152e+00 -4.6162e+00 -4.7322e+00 -2.4268e+01
# New trial
-4.5615e+00 -4.1068e+00 -2.1365e+00 -5.4665e-01
-4.5760e+00 -4.2440e+00 -2.5727e+00 -2.5917e+00
-4.6077e+00 -4.5470e+00 -4.4635e+00 -2.0445e+01
-4.6151e+00 -4.6155e+00 -4.6542e+00 -1.1094e+01
# New trial
-4.5710e+00 -4.1938e+00 -2.0979e+00 -2.7733e-01
-4.5772e+00 -4.2586e+00 -2.5488e+00 -7.3174e-01
-4.6096e+00 -4.5674e+00 -4.6036e+00 -1.8560e+01
-4.6147e+00 -4.6115e+00 -4.6332e+00 -1.1440e+01
# New trial
-4.5298e+00 -3.7928e+00 -6.6501e-01 -7.9993e-05
-4.5812e+00 -4.2911e+00 -3.0245e+00 -8.5189e+00
-4.6106e+00 -4.5738e+00 -4.5323e+00 -1.8925e+01
-4.6147e+00 -4.6110e+00 -4.6127e+00 -1.4467e+01
# New trial
-4.6184e+00 -4.6501e+00 -5.1364e+00 -1.6492e+01
-4.6153e+00 -4.6175e+00 -4.7122e+00 -7.8087e+00
-4.6148e+00 -4.6121e+00 -4.5983e+00 -5.2703e+00
-4.6151e+00 -4.6150e+00 -4.6150e+00 -4.6820e+00
# New trial
