# 0.01sig - Array shape (trial/sig/alpha): (30L, 4L, 4L)
-5.0678e+01 -5.0144e+01 -6.3941e+01 -3.5824e+02
-5.0719e+01 -5.0463e+01 -6.1637e+01 -3.2725e+02
-5.0763e+01 -5.0782e+01 -5.5710e+01 -2.7852e+02
-5.0764e+01 -5.0749e+01 -5.0884e+01 -8.6000e+01
# New trial
-5.0575e+01 -4.9407e+01 -7.2483e+01 -4.6875e+02
-5.0647e+01 -4.9807e+01 -5.6589e+01 -2.3834e+02
-5.0735e+01 -5.0500e+01 -5.1123e+01 -1.3542e+02
-5.0762e+01 -5.0734e+01 -5.0736e+01 -6.4783e+01
# New trial
-5.0566e+01 -4.9453e+01 -7.0768e+01 -4.4412e+02
-5.0691e+01 -5.0356e+01 -6.3020e+01 -3.1693e+02
-5.0759e+01 -5.0755e+01 -5.6367e+01 -3.0232e+02
-5.0767e+01 -5.0776e+01 -5.1097e+01 -1.1239e+02
# New trial
-5.0611e+01 -4.9913e+01 -7.7698e+01 -5.1312e+02
-5.0641e+01 -5.0000e+01 -6.8675e+01 -4.1836e+02
-5.0726e+01 -5.0475e+01 -5.6431e+01 -2.9582e+02
-5.0766e+01 -5.0774e+01 -5.2016e+01 -2.0665e+02
# New trial
-5.0751e+01 -5.0867e+01 -6.9642e+01 -4.0437e+02
-5.0737e+01 -5.0645e+01 -6.2321e+01 -3.2449e+02
-5.0751e+01 -5.0650e+01 -5.2284e+01 -2.0889e+02
-5.0765e+01 -5.0754e+01 -5.0829e+01 -9.2289e+01
# New trial
-5.0580e+01 -4.9594e+01 -7.3312e+01 -4.8643e+02
-5.0676e+01 -5.0103e+01 -5.5916e+01 -2.3247e+02
-5.0747e+01 -5.0625e+01 -5.3635e+01 -2.2645e+02
-5.0769e+01 -5.0801e+01 -5.2341e+01 -2.1764e+02
# New trial
-5.0549e+01 -4.8974e+01 -6.4787e+01 -4.2707e+02
-5.0621e+01 -4.9533e+01 -5.5226e+01 -2.5876e+02
-5.0728e+01 -5.0436e+01 -5.0853e+01 -1.8320e+02
-5.0761e+01 -5.0723e+01 -5.0619e+01 -5.5571e+01
# New trial
-5.0535e+01 -4.8997e+01 -6.2434e+01 -3.6504e+02
-5.0658e+01 -4.9955e+01 -5.7325e+01 -2.6703e+02
-5.0756e+01 -5.0701e+01 -5.2973e+01 -1.9180e+02
-5.0765e+01 -5.0755e+01 -5.0991e+01 -1.1212e+02
# New trial
-5.0708e+01 -5.0705e+01 -7.9163e+01 -5.4297e+02
-5.0733e+01 -5.0759e+01 -6.8582e+01 -4.2238e+02
-5.0732e+01 -5.0534e+01 -5.5193e+01 -2.6188e+02
-5.0759e+01 -5.0709e+01 -5.0870e+01 -1.1124e+02
# New trial
-5.0669e+01 -5.0147e+01 -7.2447e+01 -4.6703e+02
-5.0739e+01 -5.0601e+01 -5.9944e+01 -3.4251e+02
-5.0774e+01 -5.0866e+01 -5.4784e+01 -2.5193e+02
-5.0769e+01 -5.0793e+01 -5.1132e+01 -9.0737e+01
# New trial
-5.0557e+01 -4.9035e+01 -5.8841e+01 -3.1442e+02
-5.0621e+01 -4.9479e+01 -4.9172e+01 -1.6558e+02
-5.0728e+01 -5.0430e+01 -5.2791e+01 -2.2833e+02
-5.0763e+01 -5.0740e+01 -5.0846e+01 -8.3652e+01
# New trial
-5.0695e+01 -5.0083e+01 -4.7697e+01 -1.1790e+02
-5.0726e+01 -5.0378e+01 -4.8418e+01 -9.4702e+01
-5.0754e+01 -5.0651e+01 -5.0007e+01 -8.3609e+01
-5.0765e+01 -5.0750e+01 -5.0660e+01 -5.2215e+01
# New trial
-5.0649e+01 -4.9887e+01 -6.9902e+01 -4.5443e+02
-5.0742e+01 -5.0678e+01 -6.1499e+01 -3.0547e+02
-5.0759e+01 -5.0735e+01 -5.5307e+01 -2.9601e+02
-5.0763e+01 -5.0745e+01 -5.1518e+01 -1.8337e+02
# New trial
-5.0678e+01 -4.9931e+01 -4.8400e+01 -1.6760e+02
-5.0710e+01 -5.0233e+01 -4.8504e+01 -1.3239e+02
-5.0756e+01 -5.0670e+01 -5.0871e+01 -1.4414e+02
-5.0767e+01 -5.0773e+01 -5.1172e+01 -1.4091e+02
# New trial
-5.0634e+01 -4.9615e+01 -5.4631e+01 -2.6400e+02
-5.0705e+01 -5.0217e+01 -5.1189e+01 -2.1228e+02
-5.0752e+01 -5.0637e+01 -5.0925e+01 -1.6616e+02
-5.0766e+01 -5.0763e+01 -5.0870e+01 -9.4701e+01
# New trial
-5.0672e+01 -5.0136e+01 -6.5416e+01 -3.6023e+02
-5.0745e+01 -5.0719e+01 -6.0660e+01 -2.5314e+02
-5.0762e+01 -5.0765e+01 -5.3533e+01 -1.7019e+02
-5.0765e+01 -5.0759e+01 -5.1599e+01 -1.6899e+02
# New trial
-5.0522e+01 -4.8781e+01 -5.4272e+01 -2.3919e+02
-5.0636e+01 -4.9724e+01 -5.2622e+01 -1.9941e+02
-5.0745e+01 -5.0619e+01 -5.4313e+01 -2.2609e+02
-5.0771e+01 -5.0824e+01 -5.2769e+01 -2.1605e+02
# New trial
-5.0731e+01 -5.1390e+01 -9.9588e+01 -7.3559e+02
-5.0778e+01 -5.1293e+01 -7.5649e+01 -4.6731e+02
-5.0770e+01 -5.0891e+01 -5.9632e+01 -3.2550e+02
-5.0765e+01 -5.0758e+01 -5.1065e+01 -1.0434e+02
# New trial
-5.0703e+01 -5.0287e+01 -5.8947e+01 -2.9952e+02
-5.0750e+01 -5.0662e+01 -5.4033e+01 -1.7272e+02
-5.0764e+01 -5.0755e+01 -5.1621e+01 -1.4325e+02
-5.0764e+01 -5.0747e+01 -5.0750e+01 -7.2270e+01
# New trial
-5.0705e+01 -5.0254e+01 -5.7696e+01 -3.1367e+02
-5.0730e+01 -5.0456e+01 -5.2696e+01 -1.9977e+02
-5.0755e+01 -5.0664e+01 -5.1288e+01 -1.5867e+02
-5.0764e+01 -5.0747e+01 -5.0701e+01 -6.0852e+01
# New trial
-5.0688e+01 -5.0053e+01 -5.3210e+01 -2.4535e+02
-5.0724e+01 -5.0388e+01 -5.0653e+01 -1.3554e+02
-5.0752e+01 -5.0635e+01 -5.0620e+01 -1.0906e+02
-5.0764e+01 -5.0743e+01 -5.0628e+01 -5.7268e+01
# New trial
-5.0662e+01 -5.0186e+01 -7.8689e+01 -5.3241e+02
-5.0740e+01 -5.0682e+01 -6.2624e+01 -2.9823e+02
-5.0745e+01 -5.0613e+01 -5.4360e+01 -2.3439e+02
-5.0763e+01 -5.0740e+01 -5.1091e+01 -1.4289e+02
# New trial
-5.0655e+01 -4.9835e+01 -6.3094e+01 -3.8289e+02
-5.0714e+01 -5.0320e+01 -5.4384e+01 -2.2190e+02
-5.0755e+01 -5.0668e+01 -5.1212e+01 -1.5299e+02
-5.0764e+01 -5.0741e+01 -5.0651e+01 -5.4984e+01
# New trial
-5.0603e+01 -4.9927e+01 -8.0370e+01 -5.3704e+02
-5.0685e+01 -5.0318e+01 -6.3779e+01 -3.1330e+02
-5.0731e+01 -5.0480e+01 -5.1198e+01 -1.4986e+02
-5.0762e+01 -5.0731e+01 -5.0854e+01 -1.1221e+02
# New trial
-5.0665e+01 -4.9868e+01 -5.2613e+01 -2.1900e+02
-5.0734e+01 -5.0531e+01 -5.4290e+01 -1.8489e+02
-5.0753e+01 -5.0673e+01 -5.2184e+01 -1.6422e+02
-5.0762e+01 -5.0731e+01 -5.0649e+01 -6.0229e+01
# New trial
-5.0598e+01 -4.9377e+01 -6.3971e+01 -4.1271e+02
-5.0679e+01 -5.0039e+01 -5.4557e+01 -2.1084e+02
-5.0745e+01 -5.0583e+01 -5.1275e+01 -1.5428e+02
-5.0765e+01 -5.0752e+01 -5.0893e+01 -9.2067e+01
# New trial
-5.0688e+01 -5.0279e+01 -6.7343e+01 -4.0442e+02
-5.0716e+01 -5.0455e+01 -6.0814e+01 -3.0519e+02
-5.0747e+01 -5.0608e+01 -5.2649e+01 -2.1293e+02
-5.0764e+01 -5.0747e+01 -5.1001e+01 -1.2718e+02
# New trial
-5.0663e+01 -4.9979e+01 -6.3158e+01 -3.5499e+02
-5.0718e+01 -5.0432e+01 -5.6546e+01 -2.2347e+02
-5.0760e+01 -5.0747e+01 -5.4034e+01 -2.0121e+02
-5.0767e+01 -5.0781e+01 -5.1633e+01 -1.7416e+02
# New trial
-5.0674e+01 -5.0260e+01 -7.3731e+01 -4.8642e+02
-5.0710e+01 -5.0308e+01 -5.4319e+01 -2.2646e+02
-5.0750e+01 -5.0622e+01 -5.1278e+01 -1.7576e+02
-5.0763e+01 -5.0738e+01 -5.0669e+01 -7.1933e+01
# New trial
-5.0716e+01 -5.0711e+01 -9.4493e+01 -7.5441e+02
-5.0771e+01 -5.0964e+01 -6.5619e+01 -3.9232e+02
-5.0764e+01 -5.0771e+01 -5.3201e+01 -2.0763e+02
-5.0764e+01 -5.0749e+01 -5.0696e+01 -5.5411e+01
# New trial
