# 0.1sig - Array shape (trial/sig/alpha): (30L, 4L, 4L)
-5.0650e+01 -5.0437e+01 -8.5509e+01 -5.6667e+02
-5.0713e+01 -5.0540e+01 -6.3967e+01 -3.0720e+02
-5.0756e+01 -5.0756e+01 -5.6617e+01 -2.6040e+02
-5.0764e+01 -5.0748e+01 -5.1110e+01 -1.0657e+02
# New trial
-5.0671e+01 -5.0021e+01 -5.6881e+01 -2.3206e+02
-5.0717e+01 -5.0425e+01 -5.4994e+01 -1.7626e+02
-5.0751e+01 -5.0665e+01 -5.2479e+01 -1.4304e+02
-5.0763e+01 -5.0738e+01 -5.0725e+01 -7.1666e+01
# New trial
-5.0740e+01 -5.0743e+01 -7.2319e+01 -4.3182e+02
-5.0737e+01 -5.0586e+01 -6.0055e+01 -3.0637e+02
-5.0726e+01 -5.0386e+01 -4.9027e+01 -1.5050e+02
-5.0758e+01 -5.0686e+01 -5.0151e+01 -4.9529e+01
# New trial
-5.0758e+01 -5.0870e+01 -7.6169e+01 -5.1788e+02
-5.0730e+01 -5.0491e+01 -5.9243e+01 -3.5978e+02
-5.0739e+01 -5.0518e+01 -5.1399e+01 -2.4466e+02
-5.0757e+01 -5.0682e+01 -5.0139e+01 -5.8223e+01
# New trial
-5.0656e+01 -5.0043e+01 -6.9590e+01 -4.0940e+02
-5.0677e+01 -5.0034e+01 -5.2222e+01 -1.7411e+02
-5.0733e+01 -5.0470e+01 -5.0661e+01 -1.6284e+02
-5.0764e+01 -5.0747e+01 -5.0787e+01 -9.5182e+01
# New trial
-5.0710e+01 -5.0329e+01 -5.8441e+01 -2.6622e+02
-5.0713e+01 -5.0326e+01 -5.3446e+01 -1.8130e+02
-5.0743e+01 -5.0560e+01 -5.0440e+01 -1.3225e+02
-5.0765e+01 -5.0760e+01 -5.1070e+01 -1.4629e+02
# New trial
-5.0620e+01 -4.9518e+01 -5.3329e+01 -2.2527e+02
-5.0677e+01 -5.0019e+01 -5.2236e+01 -1.8015e+02
-5.0729e+01 -5.0442e+01 -5.1097e+01 -1.6391e+02
-5.0763e+01 -5.0741e+01 -5.0886e+01 -1.1495e+02
# New trial
-5.0706e+01 -5.0507e+01 -8.3755e+01 -5.7425e+02
-5.0728e+01 -5.0490e+01 -5.7963e+01 -2.6364e+02
-5.0749e+01 -5.0610e+01 -5.1654e+01 -1.9684e+02
-5.0765e+01 -5.0758e+01 -5.1261e+01 -1.2871e+02
# New trial
-5.0615e+01 -4.9882e+01 -6.7455e+01 -3.7244e+02
-5.0688e+01 -5.0335e+01 -6.0990e+01 -2.8659e+02
-5.0755e+01 -5.0717e+01 -5.6136e+01 -2.7335e+02
-5.0771e+01 -5.0812e+01 -5.1733e+01 -1.6104e+02
# New trial
-5.0652e+01 -4.9894e+01 -6.3287e+01 -3.5115e+02
-5.0690e+01 -5.0170e+01 -5.7640e+01 -2.7226e+02
-5.0744e+01 -5.0593e+01 -5.3127e+01 -1.7580e+02
-5.0765e+01 -5.0760e+01 -5.1453e+01 -1.5386e+02
# New trial
-5.0755e+01 -5.0903e+01 -6.6127e+01 -3.2337e+02
-5.0769e+01 -5.0993e+01 -6.4356e+01 -3.1560e+02
-5.0751e+01 -5.0679e+01 -5.4399e+01 -1.8483e+02
-5.0763e+01 -5.0743e+01 -5.1231e+01 -1.1775e+02
# New trial
-5.0701e+01 -5.0505e+01 -8.0139e+01 -5.6230e+02
-5.0705e+01 -5.0421e+01 -6.5064e+01 -3.5200e+02
-5.0739e+01 -5.0556e+01 -5.3637e+01 -2.1511e+02
-5.0762e+01 -5.0730e+01 -5.0753e+01 -8.3313e+01
# New trial
-5.0747e+01 -5.1141e+01 -9.5879e+01 -6.9195e+02
-5.0746e+01 -5.0783e+01 -6.4805e+01 -3.2824e+02
-5.0747e+01 -5.0621e+01 -5.2094e+01 -1.3194e+02
-5.0761e+01 -5.0720e+01 -5.0685e+01 -7.1905e+01
# New trial
-5.0707e+01 -5.0413e+01 -6.4002e+01 -3.2501e+02
-5.0711e+01 -5.0279e+01 -5.2653e+01 -2.2731e+02
-5.0725e+01 -5.0370e+01 -5.0745e+01 -2.3817e+02
-5.0762e+01 -5.0730e+01 -5.0772e+01 -1.2725e+02
# New trial
-5.0624e+01 -5.0056e+01 -7.4959e+01 -4.5583e+02
-5.0625e+01 -4.9772e+01 -6.3386e+01 -3.8367e+02
-5.0724e+01 -5.0459e+01 -5.5568e+01 -2.5755e+02
-5.0764e+01 -5.0761e+01 -5.1608e+01 -1.5015e+02
# New trial
-5.0748e+01 -5.1036e+01 -8.0195e+01 -5.1703e+02
-5.0733e+01 -5.0703e+01 -7.3939e+01 -5.0964e+02
-5.0752e+01 -5.0727e+01 -6.4252e+01 -3.9798e+02
-5.0764e+01 -5.0755e+01 -5.1508e+01 -1.5125e+02
# New trial
-5.0666e+01 -5.0207e+01 -7.7782e+01 -5.2099e+02
-5.0709e+01 -5.0441e+01 -6.4809e+01 -3.6896e+02
-5.0750e+01 -5.0658e+01 -5.4359e+01 -2.1258e+02
-5.0770e+01 -5.0815e+01 -5.2723e+01 -2.1048e+02
# New trial
-5.0704e+01 -5.0257e+01 -6.3466e+01 -3.9597e+02
-5.0726e+01 -5.0420e+01 -5.5133e+01 -2.5732e+02
-5.0747e+01 -5.0587e+01 -5.1003e+01 -1.8805e+02
-5.0766e+01 -5.0769e+01 -5.1559e+01 -1.9686e+02
# New trial
-5.0704e+01 -5.0218e+01 -5.4041e+01 -2.2927e+02
-5.0699e+01 -5.0166e+01 -5.1770e+01 -1.8996e+02
-5.0732e+01 -5.0459e+01 -5.0588e+01 -1.6041e+02
-5.0763e+01 -5.0738e+01 -5.0860e+01 -1.1011e+02
# New trial
-5.0657e+01 -5.0054e+01 -7.3186e+01 -4.7623e+02
-5.0693e+01 -5.0276e+01 -5.9910e+01 -2.7481e+02
-5.0741e+01 -5.0608e+01 -5.4712e+01 -2.3232e+02
-5.0763e+01 -5.0735e+01 -5.1242e+01 -1.8569e+02
# New trial
-5.0715e+01 -5.0584e+01 -7.4845e+01 -4.6979e+02
-5.0700e+01 -5.0267e+01 -5.6659e+01 -2.6611e+02
-5.0724e+01 -5.0392e+01 -5.0882e+01 -2.0027e+02
-5.0761e+01 -5.0721e+01 -5.0762e+01 -1.1405e+02
# New trial
-5.0755e+01 -5.0816e+01 -6.6134e+01 -3.5335e+02
-5.0752e+01 -5.0752e+01 -6.0216e+01 -2.7667e+02
-5.0758e+01 -5.0729e+01 -5.4171e+01 -2.4245e+02
-5.0761e+01 -5.0729e+01 -5.0952e+01 -1.1808e+02
# New trial
-5.0678e+01 -5.0012e+01 -5.7280e+01 -2.8587e+02
-5.0697e+01 -5.0170e+01 -5.4410e+01 -2.4071e+02
-5.0746e+01 -5.0593e+01 -5.2157e+01 -1.8287e+02
-5.0764e+01 -5.0747e+01 -5.0750e+01 -6.8848e+01
# New trial
-5.0602e+01 -4.9342e+01 -5.3315e+01 -2.1521e+02
-5.0675e+01 -4.9924e+01 -4.9380e+01 -1.5814e+02
-5.0742e+01 -5.0541e+01 -5.0154e+01 -1.4199e+02
-5.0766e+01 -5.0762e+01 -5.0805e+01 -7.2278e+01
# New trial
-5.0662e+01 -4.9866e+01 -5.7882e+01 -3.0196e+02
-5.0713e+01 -5.0304e+01 -5.2896e+01 -1.7424e+02
-5.0767e+01 -5.0787e+01 -5.2526e+01 -1.5912e+02
-5.0767e+01 -5.0775e+01 -5.0933e+01 -6.8318e+01
# New trial
-5.0766e+01 -5.1215e+01 -7.8877e+01 -4.7273e+02
-5.0722e+01 -5.0450e+01 -5.9349e+01 -2.7945e+02
-5.0743e+01 -5.0549e+01 -5.0490e+01 -1.6233e+02
-5.0765e+01 -5.0758e+01 -5.0737e+01 -6.8407e+01
# New trial
-5.0710e+01 -5.0319e+01 -6.2572e+01 -3.7633e+02
-5.0728e+01 -5.0444e+01 -5.4588e+01 -2.1777e+02
-5.0749e+01 -5.0607e+01 -5.0485e+01 -1.1211e+02
-5.0762e+01 -5.0727e+01 -5.0608e+01 -9.4524e+01
# New trial
-5.0846e+01 -5.2102e+01 -9.2572e+01 -6.2244e+02
-5.0805e+01 -5.1416e+01 -7.2540e+01 -4.2338e+02
-5.0779e+01 -5.0975e+01 -5.8817e+01 -2.7625e+02
-5.0765e+01 -5.0763e+01 -5.2024e+01 -1.9030e+02
# New trial
-5.0696e+01 -5.0199e+01 -6.3365e+01 -3.5778e+02
-5.0718e+01 -5.0376e+01 -6.0693e+01 -3.4560e+02
-5.0748e+01 -5.0608e+01 -5.3208e+01 -2.2464e+02
-5.0767e+01 -5.0774e+01 -5.1032e+01 -1.0119e+02
# New trial
-5.0633e+01 -4.9578e+01 -5.4241e+01 -2.7258e+02
-5.0657e+01 -4.9766e+01 -4.8610e+01 -1.6833e+02
-5.0733e+01 -5.0464e+01 -4.9627e+01 -1.0704e+02
-5.0762e+01 -5.0727e+01 -5.0712e+01 -8.6099e+01
# New trial
