# 0.01sig - Array shape (trial/sig/alpha): (30L, 4L, 4L)
-5.0707e+01 -5.0449e+01 -6.9091e+01 -4.5223e+02
-5.0751e+01 -5.0773e+01 -6.4537e+01 -3.8291e+02
-5.0774e+01 -5.0879e+01 -5.5683e+01 -2.5893e+02
-5.0765e+01 -5.0752e+01 -5.0941e+01 -8.9343e+01
# New trial
-5.0562e+01 -4.9339e+01 -7.4774e+01 -5.2332e+02
-5.0635e+01 -4.9695e+01 -5.5244e+01 -2.2736e+02
-5.0735e+01 -5.0505e+01 -5.1377e+01 -1.6274e+02
-5.0767e+01 -5.0772e+01 -5.1396e+01 -1.4927e+02
# New trial
-5.0594e+01 -4.9709e+01 -7.3747e+01 -4.9057e+02
-5.0713e+01 -5.0539e+01 -6.3386e+01 -3.2965e+02
-5.0770e+01 -5.0850e+01 -5.7271e+01 -3.1543e+02
-5.0768e+01 -5.0788e+01 -5.1536e+01 -1.2726e+02
# New trial
-5.0640e+01 -5.0205e+01 -8.1284e+01 -5.7022e+02
-5.0657e+01 -5.0130e+01 -6.9326e+01 -4.3833e+02
-5.0729e+01 -5.0511e+01 -5.7161e+01 -3.1310e+02
-5.0764e+01 -5.0762e+01 -5.2360e+01 -2.2093e+02
# New trial
-5.0740e+01 -5.0755e+01 -6.8811e+01 -4.1855e+02
-5.0726e+01 -5.0543e+01 -6.1538e+01 -3.2693e+02
-5.0745e+01 -5.0595e+01 -5.1818e+01 -1.9497e+02
-5.0764e+01 -5.0751e+01 -5.1309e+01 -1.7605e+02
# New trial
-5.0581e+01 -4.9612e+01 -7.3509e+01 -4.8150e+02
-5.0675e+01 -5.0078e+01 -5.5895e+01 -2.4149e+02
-5.0745e+01 -5.0594e+01 -5.1902e+01 -1.9983e+02
-5.0764e+01 -5.0753e+01 -5.0997e+01 -1.1987e+02
# New trial
-5.0548e+01 -4.9020e+01 -6.6860e+01 -4.3151e+02
-5.0618e+01 -4.9508e+01 -5.5080e+01 -2.6718e+02
-5.0729e+01 -5.0447e+01 -5.1327e+01 -2.0073e+02
-5.0763e+01 -5.0737e+01 -5.0850e+01 -1.1013e+02
# New trial
-5.0487e+01 -4.8600e+01 -5.9130e+01 -3.3349e+02
-5.0647e+01 -4.9871e+01 -5.6896e+01 -2.4890e+02
-5.0750e+01 -5.0652e+01 -5.2737e+01 -1.9313e+02
-5.0765e+01 -5.0758e+01 -5.1197e+01 -1.7357e+02
# New trial
-5.0646e+01 -5.0307e+01 -8.1493e+01 -5.6901e+02
-5.0700e+01 -5.0504e+01 -6.9019e+01 -4.4354e+02
-5.0726e+01 -5.0462e+01 -5.3607e+01 -2.7755e+02
-5.0762e+01 -5.0730e+01 -5.0882e+01 -1.3584e+02
# New trial
-5.0684e+01 -5.0309e+01 -7.6236e+01 -5.3755e+02
-5.0749e+01 -5.0729e+01 -6.2524e+01 -3.7449e+02
-5.0764e+01 -5.0770e+01 -5.3319e+01 -2.0203e+02
-5.0762e+01 -5.0724e+01 -5.0669e+01 -6.5417e+01
# New trial
-5.0540e+01 -4.8884e+01 -5.9142e+01 -3.1560e+02
-5.0608e+01 -4.9364e+01 -4.9470e+01 -1.7676e+02
-5.0724e+01 -5.0385e+01 -5.2317e+01 -2.3048e+02
-5.0765e+01 -5.0761e+01 -5.1265e+01 -1.5090e+02
# New trial
-5.0688e+01 -5.0015e+01 -4.7267e+01 -1.1877e+02
-5.0723e+01 -5.0353e+01 -4.8107e+01 -8.7559e+01
-5.0755e+01 -5.0662e+01 -5.0070e+01 -8.9138e+01
-5.0766e+01 -5.0761e+01 -5.0734e+01 -5.2387e+01
# New trial
-5.0649e+01 -4.9902e+01 -6.9959e+01 -4.5787e+02
-5.0742e+01 -5.0697e+01 -6.4161e+01 -3.4775e+02
-5.0761e+01 -5.0759e+01 -5.4958e+01 -2.4640e+02
-5.0764e+01 -5.0747e+01 -5.0851e+01 -1.0849e+02
# New trial
-5.0676e+01 -4.9932e+01 -4.9631e+01 -1.9214e+02
-5.0702e+01 -5.0166e+01 -4.8444e+01 -1.3735e+02
-5.0751e+01 -5.0627e+01 -5.0589e+01 -1.5172e+02
-5.0764e+01 -5.0749e+01 -5.0815e+01 -1.0921e+02
# New trial
-5.0631e+01 -4.9610e+01 -5.7025e+01 -3.0942e+02
-5.0704e+01 -5.0212e+01 -5.1822e+01 -2.1889e+02
-5.0753e+01 -5.0650e+01 -5.1207e+01 -1.8207e+02
-5.0764e+01 -5.0747e+01 -5.0724e+01 -6.8581e+01
# New trial
-5.0689e+01 -5.0277e+01 -6.6662e+01 -3.6152e+02
-5.0763e+01 -5.0875e+01 -6.0317e+01 -2.5249e+02
-5.0771e+01 -5.0846e+01 -5.4670e+01 -1.9847e+02
-5.0767e+01 -5.0779e+01 -5.1115e+01 -9.8872e+01
# New trial
-5.0508e+01 -4.8640e+01 -5.2940e+01 -2.2695e+02
-5.0621e+01 -4.9578e+01 -5.2314e+01 -2.0353e+02
-5.0740e+01 -5.0568e+01 -5.3191e+01 -1.9904e+02
-5.0768e+01 -5.0789e+01 -5.1510e+01 -1.4671e+02
# New trial
-5.0803e+01 -5.2119e+01 -1.0724e+02 -8.2230e+02
-5.0826e+01 -5.1708e+01 -7.7836e+01 -5.1347e+02
-5.0791e+01 -5.1068e+01 -5.9812e+01 -3.3459e+02
-5.0768e+01 -5.0786e+01 -5.1087e+01 -8.8762e+01
# New trial
-5.0694e+01 -5.0234e+01 -6.0898e+01 -3.1709e+02
-5.0743e+01 -5.0605e+01 -5.4318e+01 -1.7969e+02
-5.0759e+01 -5.0707e+01 -5.1412e+01 -1.2194e+02
-5.0760e+01 -5.0711e+01 -5.0497e+01 -7.0884e+01
# New trial
-5.0682e+01 -5.0002e+01 -5.5387e+01 -3.2017e+02
-5.0719e+01 -5.0339e+01 -5.1484e+01 -1.9415e+02
-5.0753e+01 -5.0645e+01 -5.0792e+01 -1.7005e+02
-5.0765e+01 -5.0758e+01 -5.0753e+01 -7.0913e+01
# New trial
-5.0691e+01 -5.0096e+01 -5.5855e+01 -2.7020e+02
-5.0719e+01 -5.0336e+01 -5.0097e+01 -1.3673e+02
-5.0751e+01 -5.0622e+01 -5.0221e+01 -1.0277e+02
-5.0765e+01 -5.0757e+01 -5.0762e+01 -6.9328e+01
# New trial
-5.0622e+01 -4.9767e+01 -7.7652e+01 -5.5116e+02
-5.0727e+01 -5.0538e+01 -6.0791e+01 -3.0290e+02
-5.0758e+01 -5.0724e+01 -5.4399e+01 -2.3625e+02
-5.0768e+01 -5.0790e+01 -5.2032e+01 -1.7602e+02
# New trial
-5.0670e+01 -4.9977e+01 -6.3127e+01 -4.1365e+02
-5.0725e+01 -5.0425e+01 -5.4049e+01 -2.1784e+02
-5.0760e+01 -5.0723e+01 -5.1897e+01 -1.7452e+02
-5.0763e+01 -5.0742e+01 -5.0925e+01 -1.1622e+02
# New trial
-5.0600e+01 -4.9973e+01 -8.1837e+01 -5.4243e+02
-5.0671e+01 -5.0204e+01 -6.3491e+01 -3.2408e+02
-5.0717e+01 -5.0380e+01 -5.1392e+01 -1.5328e+02
-5.0761e+01 -5.0717e+01 -5.0632e+01 -8.4971e+01
# New trial
-5.0672e+01 -4.9951e+01 -5.5917e+01 -2.7771e+02
-5.0732e+01 -5.0498e+01 -5.4331e+01 -1.9557e+02
-5.0752e+01 -5.0655e+01 -5.2229e+01 -1.6671e+02
-5.0764e+01 -5.0748e+01 -5.0754e+01 -6.5572e+01
# New trial
-5.0607e+01 -4.9479e+01 -6.4974e+01 -4.3614e+02
-5.0685e+01 -5.0100e+01 -5.5318e+01 -2.1494e+02
-5.0748e+01 -5.0611e+01 -5.1414e+01 -1.6097e+02
-5.0764e+01 -5.0750e+01 -5.0878e+01 -8.7748e+01
# New trial
-5.0670e+01 -5.0114e+01 -6.6730e+01 -3.9513e+02
-5.0701e+01 -5.0339e+01 -6.2275e+01 -3.2201e+02
-5.0740e+01 -5.0558e+01 -5.2952e+01 -2.1555e+02
-5.0760e+01 -5.0711e+01 -5.0648e+01 -7.6185e+01
# New trial
-5.0660e+01 -4.9972e+01 -6.3545e+01 -3.4583e+02
-5.0706e+01 -5.0346e+01 -5.7040e+01 -2.2830e+02
-5.0742e+01 -5.0587e+01 -5.2941e+01 -1.6227e+02
-5.0761e+01 -5.0720e+01 -5.0598e+01 -5.9792e+01
# New trial
-5.0698e+01 -5.0486e+01 -7.5967e+01 -5.2213e+02
-5.0732e+01 -5.0520e+01 -5.6232e+01 -2.5713e+02
-5.0760e+01 -5.0720e+01 -5.1609e+01 -1.6001e+02
-5.0766e+01 -5.0759e+01 -5.0767e+01 -7.1254e+01
# New trial
-5.0769e+01 -5.1287e+01 -9.6455e+01 -7.4798e+02
-5.0801e+01 -5.1281e+01 -6.7816e+01 -3.9414e+02
-5.0771e+01 -5.0839e+01 -5.4454e+01 -2.9054e+02
-5.0766e+01 -5.0769e+01 -5.0959e+01 -1.1365e+02
# New trial
