# 1.0sig - Array shape (trial/sig/alpha): (30L, 4L, 4L)
-5.0681e+01 -5.0134e+01 -6.4317e+01 -3.2931e+02
-5.0723e+01 -5.0445e+01 -5.7730e+01 -2.4443e+02
-5.0730e+01 -5.0429e+01 -5.0566e+01 -1.9233e+02
-5.0738e+01 -5.0487e+01 -4.8210e+01 -7.5268e+01
# New trial
-5.0642e+01 -4.9722e+01 -5.6037e+01 -2.3069e+02
-5.0665e+01 -4.9875e+01 -4.8047e+01 -1.1065e+02
-5.0715e+01 -5.0312e+01 -4.9313e+01 -1.4162e+02
-5.0753e+01 -5.0640e+01 -4.9817e+01 -7.9359e+01
# New trial
-5.0713e+01 -5.0416e+01 -6.4568e+01 -3.4957e+02
-5.0735e+01 -5.0559e+01 -5.7153e+01 -2.2540e+02
-5.0759e+01 -5.0722e+01 -5.2691e+01 -1.8834e+02
-5.0751e+01 -5.0611e+01 -4.9369e+01 -8.2447e+01
# New trial
-5.0654e+01 -4.9788e+01 -5.4418e+01 -2.5674e+02
-5.0688e+01 -5.0100e+01 -5.2048e+01 -1.7916e+02
-5.0721e+01 -5.0344e+01 -4.8598e+01 -1.0878e+02
-5.0754e+01 -5.0645e+01 -4.9820e+01 -1.0679e+02
# New trial
-5.0683e+01 -5.0295e+01 -7.5566e+01 -4.7175e+02
-5.0655e+01 -4.9844e+01 -5.5984e+01 -2.6005e+02
-5.0691e+01 -5.0081e+01 -5.0434e+01 -2.0123e+02
-5.0748e+01 -5.0597e+01 -4.9871e+01 -1.3576e+02
# New trial
-5.0625e+01 -4.9576e+01 -5.2802e+01 -2.0942e+02
-5.0697e+01 -5.0202e+01 -5.4222e+01 -1.9612e+02
-5.0726e+01 -5.0401e+01 -5.0370e+01 -1.3621e+02
-5.0748e+01 -5.0593e+01 -4.9555e+01 -1.2551e+02
# New trial
-5.0733e+01 -5.0577e+01 -6.1918e+01 -3.1032e+02
-5.0735e+01 -5.0504e+01 -5.2282e+01 -1.8229e+02
-5.0742e+01 -5.0528e+01 -4.9158e+01 -8.6457e+01
-5.0761e+01 -5.0714e+01 -5.0283e+01 -6.3192e+01
# New trial
-5.0739e+01 -5.0697e+01 -6.5831e+01 -3.3305e+02
-5.0711e+01 -5.0311e+01 -5.3402e+01 -1.9548e+02
-5.0703e+01 -5.0168e+01 -4.7463e+01 -1.2776e+02
-5.0749e+01 -5.0602e+01 -4.9538e+01 -1.0407e+02
# New trial
-5.0717e+01 -5.1007e+01 -8.3111e+01 -5.2042e+02
-5.0739e+01 -5.0962e+01 -7.8485e+01 -5.0436e+02
-5.0715e+01 -5.0360e+01 -5.8568e+01 -3.3277e+02
-5.0751e+01 -5.0627e+01 -4.9881e+01 -1.1770e+02
# New trial
-5.0725e+01 -5.0513e+01 -6.0574e+01 -2.6967e+02
-5.0721e+01 -5.0417e+01 -5.6202e+01 -2.2629e+02
-5.0716e+01 -5.0287e+01 -4.8869e+01 -1.4405e+02
-5.0747e+01 -5.0576e+01 -4.9033e+01 -5.2555e+01
# New trial
-5.0714e+01 -5.0700e+01 -7.6209e+01 -4.6237e+02
-5.0699e+01 -5.0381e+01 -6.6596e+01 -3.8037e+02
-5.0702e+01 -5.0172e+01 -4.9851e+01 -1.9208e+02
-5.0745e+01 -5.0557e+01 -4.9412e+01 -9.6472e+01
# New trial
-5.0649e+01 -4.9997e+01 -6.7667e+01 -3.6885e+02
-5.0714e+01 -5.0352e+01 -5.6211e+01 -2.3735e+02
-5.0720e+01 -5.0330e+01 -4.9639e+01 -2.0333e+02
-5.0737e+01 -5.0474e+01 -4.8222e+01 -8.3783e+01
# New trial
-5.0687e+01 -5.0221e+01 -6.5515e+01 -3.3309e+02
-5.0677e+01 -4.9976e+01 -5.0449e+01 -1.4644e+02
-5.0717e+01 -5.0303e+01 -4.8106e+01 -1.1175e+02
-5.0754e+01 -5.0640e+01 -4.9641e+01 -4.7307e+01
# New trial
-5.0711e+01 -5.0894e+01 -9.6508e+01 -6.7880e+02
-5.0677e+01 -5.0244e+01 -6.7698e+01 -3.4583e+02
-5.0695e+01 -5.0123e+01 -4.9297e+01 -1.6798e+02
-5.0747e+01 -5.0580e+01 -4.9112e+01 -5.3346e+01
# New trial
-5.0703e+01 -5.0359e+01 -6.7196e+01 -3.7652e+02
-5.0723e+01 -5.0448e+01 -5.6130e+01 -1.9663e+02
-5.0745e+01 -5.0578e+01 -5.0471e+01 -1.0404e+02
-5.0752e+01 -5.0623e+01 -4.9440e+01 -5.0613e+01
# New trial
-5.0761e+01 -5.1229e+01 -8.8198e+01 -5.9710e+02
-5.0731e+01 -5.0721e+01 -6.4562e+01 -3.3489e+02
-5.0723e+01 -5.0408e+01 -5.2293e+01 -1.9896e+02
-5.0755e+01 -5.0661e+01 -5.0428e+01 -1.5611e+02
# New trial
-5.0706e+01 -5.0484e+01 -6.7480e+01 -3.4574e+02
-5.0701e+01 -5.0341e+01 -6.0453e+01 -2.8151e+02
-5.0692e+01 -5.0094e+01 -5.0843e+01 -2.2043e+02
-5.0753e+01 -5.0651e+01 -5.0848e+01 -1.8032e+02
# New trial
-5.0646e+01 -4.9817e+01 -5.7225e+01 -2.5718e+02
-5.0678e+01 -5.0066e+01 -5.5494e+01 -2.1762e+02
-5.0713e+01 -5.0286e+01 -4.9279e+01 -1.3988e+02
-5.0749e+01 -5.0604e+01 -4.9938e+01 -1.4449e+02
# New trial
-5.0687e+01 -5.0270e+01 -6.9395e+01 -3.8980e+02
-5.0733e+01 -5.0585e+01 -6.0688e+01 -2.7929e+02
-5.0733e+01 -5.0469e+01 -5.1016e+01 -1.7703e+02
-5.0746e+01 -5.0562e+01 -4.8966e+01 -7.9870e+01
# New trial
-5.0753e+01 -5.0865e+01 -7.0964e+01 -3.9034e+02
-5.0766e+01 -5.0879e+01 -6.1636e+01 -2.7335e+02
-5.0751e+01 -5.0635e+01 -5.1269e+01 -1.5695e+02
-5.0751e+01 -5.0614e+01 -4.9394e+01 -7.5143e+01
# New trial
-5.0701e+01 -5.0734e+01 -8.2176e+01 -5.1231e+02
-5.0655e+01 -4.9950e+01 -5.5944e+01 -2.1234e+02
-5.0714e+01 -5.0297e+01 -4.8991e+01 -1.1144e+02
-5.0762e+01 -5.0722e+01 -5.0353e+01 -5.9472e+01
# New trial
-5.0704e+01 -5.0257e+01 -6.1929e+01 -3.3007e+02
-5.0724e+01 -5.0391e+01 -5.2131e+01 -1.7533e+02
-5.0721e+01 -5.0328e+01 -4.7686e+01 -1.2538e+02
-5.0752e+01 -5.0629e+01 -4.9606e+01 -7.4101e+01
# New trial
-5.0726e+01 -5.1016e+01 -8.7068e+01 -5.6119e+02
-5.0702e+01 -5.0466e+01 -6.2093e+01 -2.8228e+02
-5.0713e+01 -5.0345e+01 -5.0716e+01 -1.5861e+02
-5.0747e+01 -5.0603e+01 -4.9731e+01 -5.0373e+01
# New trial
-5.0750e+01 -5.1054e+01 -7.5892e+01 -4.4810e+02
-5.0736e+01 -5.0704e+01 -6.1607e+01 -2.6876e+02
-5.0721e+01 -5.0380e+01 -5.1008e+01 -1.9201e+02
-5.0739e+01 -5.0498e+01 -4.8383e+01 -6.3715e+01
# New trial
-5.0735e+01 -5.0677e+01 -6.6318e+01 -3.4274e+02
-5.0744e+01 -5.0665e+01 -5.7739e+01 -2.5356e+02
-5.0718e+01 -5.0322e+01 -5.0806e+01 -1.9210e+02
-5.0754e+01 -5.0642e+01 -4.9765e+01 -8.3702e+01
# New trial
-5.0703e+01 -5.0237e+01 -5.5461e+01 -2.1887e+02
-5.0687e+01 -5.0035e+01 -4.8560e+01 -1.3318e+02
-5.0716e+01 -5.0275e+01 -4.7578e+01 -1.1609e+02
-5.0760e+01 -5.0703e+01 -5.0279e+01 -1.0618e+02
# New trial
-5.0643e+01 -4.9691e+01 -5.4913e+01 -2.4180e+02
-5.0698e+01 -5.0168e+01 -5.1225e+01 -1.5269e+02
-5.0725e+01 -5.0376e+01 -4.8811e+01 -1.1209e+02
-5.0751e+01 -5.0612e+01 -4.9613e+01 -8.1382e+01
# New trial
-5.0741e+01 -5.1462e+01 -1.0149e+02 -7.3152e+02
-5.0739e+01 -5.0777e+01 -6.5907e+01 -3.3108e+02
-5.0721e+01 -5.0363e+01 -4.9559e+01 -1.3045e+02
-5.0743e+01 -5.0544e+01 -4.9048e+01 -7.5192e+01
# New trial
-5.0682e+01 -5.0262e+01 -6.9077e+01 -3.7568e+02
-5.0669e+01 -4.9950e+01 -5.1788e+01 -1.6875e+02
-5.0702e+01 -5.0175e+01 -4.8518e+01 -1.3939e+02
-5.0754e+01 -5.0648e+01 -4.9977e+01 -1.0973e+02
# New trial
-5.0708e+01 -5.0464e+01 -7.5838e+01 -4.9869e+02
-5.0720e+01 -5.0438e+01 -5.8186e+01 -2.5314e+02
-5.0729e+01 -5.0431e+01 -5.0783e+01 -1.9251e+02
-5.0745e+01 -5.0563e+01 -4.9254e+01 -1.2375e+02
# New trial
