# 1.0sig - Array shape (trial/sig/alpha): (30L, 4L, 4L)
-5.0769e+01 -5.0890e+01 -6.1708e+01 -2.3704e+02
-5.0761e+01 -5.0775e+01 -5.7065e+01 -1.7735e+02
-5.0734e+01 -5.0467e+01 -5.0291e+01 -1.1909e+02
-5.0738e+01 -5.0491e+01 -4.8996e+01 -1.1743e+02
# New trial
-5.0692e+01 -5.0138e+01 -5.3180e+01 -1.3683e+02
-5.0704e+01 -5.0207e+01 -4.8649e+01 -6.6853e+01
-5.0732e+01 -5.0455e+01 -4.9057e+01 -7.4452e+01
-5.0752e+01 -5.0625e+01 -4.9587e+01 -5.8491e+01
# New trial
-5.0740e+01 -5.0548e+01 -5.3737e+01 -1.5556e+02
-5.0727e+01 -5.0410e+01 -5.0280e+01 -9.3276e+01
-5.0729e+01 -5.0410e+01 -4.8863e+01 -8.9564e+01
-5.0749e+01 -5.0595e+01 -4.9216e+01 -5.7695e+01
# New trial
-5.0721e+01 -5.0364e+01 -5.2143e+01 -1.4014e+02
-5.0715e+01 -5.0309e+01 -5.0213e+01 -9.7942e+01
-5.0729e+01 -5.0414e+01 -4.8810e+01 -8.0399e+01
-5.0752e+01 -5.0627e+01 -4.9533e+01 -5.4324e+01
# New trial
-5.0754e+01 -5.0810e+01 -6.6746e+01 -2.9083e+02
-5.0730e+01 -5.0484e+01 -5.6400e+01 -1.9319e+02
-5.0719e+01 -5.0322e+01 -4.8801e+01 -1.0612e+02
-5.0750e+01 -5.0606e+01 -4.9297e+01 -5.5574e+01
# New trial
-5.0689e+01 -5.0064e+01 -5.0389e+01 -1.3183e+02
-5.0702e+01 -5.0174e+01 -4.9043e+01 -8.8836e+01
-5.0729e+01 -5.0405e+01 -4.8329e+01 -7.2930e+01
-5.0750e+01 -5.0606e+01 -4.9330e+01 -8.1176e+01
# New trial
-5.0752e+01 -5.0667e+01 -5.4800e+01 -1.6950e+02
-5.0739e+01 -5.0510e+01 -4.9741e+01 -8.8728e+01
-5.0745e+01 -5.0560e+01 -4.9113e+01 -6.4067e+01
-5.0760e+01 -5.0703e+01 -5.0181e+01 -4.7060e+01
# New trial
-5.0749e+01 -5.0652e+01 -5.5528e+01 -1.7770e+02
-5.0734e+01 -5.0477e+01 -5.0858e+01 -1.1163e+02
-5.0720e+01 -5.0323e+01 -4.7763e+01 -7.4664e+01
-5.0752e+01 -5.0621e+01 -4.9514e+01 -6.2927e+01
# New trial
-5.0704e+01 -5.0428e+01 -6.0222e+01 -2.2839e+02
-5.0664e+01 -4.9919e+01 -5.3054e+01 -1.7453e+02
-5.0687e+01 -5.0014e+01 -4.8275e+01 -1.1951e+02
-5.0753e+01 -5.0639e+01 -4.9745e+01 -7.0004e+01
# New trial
-5.0724e+01 -5.0421e+01 -5.3334e+01 -1.4094e+02
-5.0718e+01 -5.0341e+01 -5.1248e+01 -1.2215e+02
-5.0722e+01 -5.0339e+01 -4.8185e+01 -9.0103e+01
-5.0748e+01 -5.0585e+01 -4.9087e+01 -5.7478e+01
# New trial
-5.0658e+01 -4.9907e+01 -5.3639e+01 -1.4481e+02
-5.0676e+01 -5.0019e+01 -5.3140e+01 -1.4685e+02
-5.0714e+01 -5.0264e+01 -4.8504e+01 -1.0851e+02
-5.0746e+01 -5.0569e+01 -4.8961e+01 -6.7482e+01
# New trial
-5.0771e+01 -5.0979e+01 -6.5560e+01 -2.7365e+02
-5.0749e+01 -5.0659e+01 -5.5682e+01 -1.6340e+02
-5.0731e+01 -5.0427e+01 -4.9162e+01 -1.1792e+02
-5.0740e+01 -5.0506e+01 -4.8365e+01 -6.4530e+01
# New trial
-5.0706e+01 -5.0298e+01 -5.8277e+01 -2.0941e+02
-5.0708e+01 -5.0251e+01 -5.0700e+01 -1.0838e+02
-5.0731e+01 -5.0434e+01 -4.8819e+01 -9.1841e+01
-5.0756e+01 -5.0659e+01 -4.9748e+01 -5.6673e+01
# New trial
-5.0799e+01 -5.1403e+01 -7.7488e+01 -4.0067e+02
-5.0758e+01 -5.0844e+01 -6.1400e+01 -2.2163e+02
-5.0720e+01 -5.0336e+01 -4.9652e+01 -1.1731e+02
-5.0751e+01 -5.0610e+01 -4.9402e+01 -7.9879e+01
# New trial
-5.0700e+01 -5.0221e+01 -5.6442e+01 -2.0310e+02
-5.0701e+01 -5.0169e+01 -4.9539e+01 -8.5766e+01
-5.0734e+01 -5.0455e+01 -4.8815e+01 -8.4291e+01
-5.0752e+01 -5.0621e+01 -4.9452e+01 -5.4031e+01
# New trial
-5.0689e+01 -5.0299e+01 -6.6733e+01 -3.0441e+02
-5.0697e+01 -5.0285e+01 -5.6121e+01 -1.7916e+02
-5.0716e+01 -5.0302e+01 -4.8870e+01 -1.0565e+02
-5.0753e+01 -5.0631e+01 -4.9441e+01 -4.8193e+01
# New trial
-5.0672e+01 -4.9984e+01 -5.2681e+01 -1.3626e+02
-5.0666e+01 -4.9868e+01 -4.9012e+01 -1.1089e+02
-5.0689e+01 -5.0032e+01 -4.7297e+01 -9.7315e+01
-5.0756e+01 -5.0670e+01 -5.0048e+01 -7.2222e+01
# New trial
-5.0751e+01 -5.0720e+01 -5.8365e+01 -2.0080e+02
-5.0741e+01 -5.0607e+01 -5.5717e+01 -1.6002e+02
-5.0725e+01 -5.0383e+01 -4.9278e+01 -9.4392e+01
-5.0753e+01 -5.0630e+01 -4.9806e+01 -1.0456e+02
# New trial
-5.0649e+01 -4.9744e+01 -5.3799e+01 -1.6298e+02
-5.0701e+01 -5.0212e+01 -5.3189e+01 -1.4515e+02
-5.0720e+01 -5.0322e+01 -4.8211e+01 -8.5697e+01
-5.0744e+01 -5.0544e+01 -4.8707e+01 -5.5895e+01
# New trial
-5.0775e+01 -5.0929e+01 -6.0241e+01 -2.1710e+02
-5.0763e+01 -5.0773e+01 -5.5705e+01 -1.6874e+02
-5.0741e+01 -5.0523e+01 -4.9334e+01 -9.3926e+01
-5.0750e+01 -5.0605e+01 -4.9247e+01 -5.9658e+01
# New trial
-5.0689e+01 -5.0189e+01 -5.9492e+01 -2.2464e+02
-5.0694e+01 -5.0158e+01 -5.1136e+01 -1.1743e+02
-5.0734e+01 -5.0470e+01 -4.9226e+01 -7.6635e+01
-5.0761e+01 -5.0714e+01 -5.0419e+01 -6.4775e+01
# New trial
-5.0762e+01 -5.0784e+01 -6.0779e+01 -2.5391e+02
-5.0744e+01 -5.0566e+01 -5.1599e+01 -1.1294e+02
-5.0728e+01 -5.0394e+01 -4.7872e+01 -7.9863e+01
-5.0755e+01 -5.0653e+01 -4.9794e+01 -8.7491e+01
# New trial
-5.0792e+01 -5.1246e+01 -7.0560e+01 -3.2266e+02
-5.0756e+01 -5.0792e+01 -5.7774e+01 -1.7961e+02
-5.0723e+01 -5.0381e+01 -4.9296e+01 -8.8451e+01
-5.0757e+01 -5.0671e+01 -5.0045e+01 -8.1508e+01
# New trial
-5.0777e+01 -5.1117e+01 -6.5273e+01 -2.5900e+02
-5.0746e+01 -5.0722e+01 -5.7389e+01 -1.7202e+02
-5.0720e+01 -5.0358e+01 -4.9946e+01 -1.1763e+02
-5.0737e+01 -5.0478e+01 -4.8291e+01 -5.3141e+01
# New trial
-5.0719e+01 -5.0508e+01 -6.0980e+01 -2.3186e+02
-5.0727e+01 -5.0483e+01 -5.4233e+01 -1.5097e+02
-5.0716e+01 -5.0293e+01 -4.9457e+01 -1.1702e+02
-5.0754e+01 -5.0647e+01 -4.9744e+01 -5.6902e+01
# New trial
-5.0729e+01 -5.0422e+01 -5.0942e+01 -1.1887e+02
-5.0734e+01 -5.0471e+01 -5.0223e+01 -9.9072e+01
-5.0727e+01 -5.0385e+01 -4.8248e+01 -8.6595e+01
-5.0758e+01 -5.0687e+01 -5.0062e+01 -5.6075e+01
# New trial
-5.0701e+01 -5.0198e+01 -5.4011e+01 -1.6578e+02
-5.0722e+01 -5.0380e+01 -5.1378e+01 -1.0973e+02
-5.0733e+01 -5.0450e+01 -4.8877e+01 -7.8084e+01
-5.0750e+01 -5.0610e+01 -4.9343e+01 -4.9739e+01
# New trial
-5.0766e+01 -5.1178e+01 -7.5231e+01 -3.7816e+02
-5.0739e+01 -5.0714e+01 -6.0408e+01 -2.0918e+02
-5.0717e+01 -5.0321e+01 -4.9161e+01 -9.0877e+01
-5.0743e+01 -5.0540e+01 -4.8884e+01 -5.3417e+01
# New trial
-5.0668e+01 -4.9937e+01 -5.3512e+01 -1.4432e+02
-5.0661e+01 -4.9787e+01 -4.5735e+01 -5.1151e+01
-5.0705e+01 -5.0183e+01 -4.7315e+01 -7.9053e+01
-5.0752e+01 -5.0626e+01 -4.9646e+01 -5.9754e+01
# New trial
-5.0682e+01 -5.0049e+01 -5.6370e+01 -2.0814e+02
-5.0722e+01 -5.0389e+01 -5.2838e+01 -1.3437e+02
-5.0741e+01 -5.0537e+01 -5.0323e+01 -1.0422e+02
-5.0749e+01 -5.0594e+01 -4.9202e+01 -6.8351e+01
# New trial
