# 1.0sig - Array shape (trial/sig/alpha): (30L, 4L, 4L)
-5.0687e+01 -5.0290e+01 -7.2441e+01 -4.5942e+02
-5.0724e+01 -5.0474e+01 -6.0306e+01 -3.1006e+02
-5.0728e+01 -5.0410e+01 -4.9870e+01 -1.6360e+02
-5.0738e+01 -5.0487e+01 -4.8146e+01 -5.4566e+01
# New trial
-5.0630e+01 -4.9687e+01 -6.0622e+01 -3.0283e+02
-5.0652e+01 -4.9761e+01 -4.8399e+01 -1.3195e+02
-5.0720e+01 -5.0360e+01 -5.0626e+01 -1.6472e+02
-5.0754e+01 -5.0651e+01 -5.0496e+01 -1.5551e+02
# New trial
-5.0705e+01 -5.0348e+01 -6.4848e+01 -4.0837e+02
-5.0727e+01 -5.0526e+01 -5.8272e+01 -2.7618e+02
-5.0756e+01 -5.0724e+01 -5.4448e+01 -2.3340e+02
-5.0750e+01 -5.0614e+01 -4.9924e+01 -1.2261e+02
# New trial
-5.0650e+01 -4.9755e+01 -5.5859e+01 -2.9685e+02
-5.0692e+01 -5.0151e+01 -5.2885e+01 -1.8410e+02
-5.0720e+01 -5.0347e+01 -4.9306e+01 -1.2775e+02
-5.0749e+01 -5.0605e+01 -4.9585e+01 -6.0101e+01
# New trial
-5.0677e+01 -5.0248e+01 -8.1876e+01 -5.7684e+02
-5.0662e+01 -4.9899e+01 -5.5860e+01 -2.8301e+02
-5.0704e+01 -5.0188e+01 -5.0170e+01 -2.1652e+02
-5.0752e+01 -5.0624e+01 -4.9462e+01 -6.9627e+01
# New trial
-5.0631e+01 -4.9673e+01 -5.7145e+01 -2.9439e+02
-5.0688e+01 -5.0109e+01 -5.3477e+01 -2.1289e+02
-5.0719e+01 -5.0340e+01 -5.0151e+01 -1.6044e+02
-5.0748e+01 -5.0590e+01 -4.9540e+01 -1.1547e+02
# New trial
-5.0722e+01 -5.0483e+01 -6.3560e+01 -3.6739e+02
-5.0740e+01 -5.0551e+01 -5.2946e+01 -1.9804e+02
-5.0750e+01 -5.0613e+01 -4.9886e+01 -9.1810e+01
-5.0762e+01 -5.0719e+01 -5.0379e+01 -9.1711e+01
# New trial
-5.0762e+01 -5.1014e+01 -7.3874e+01 -4.6869e+02
-5.0728e+01 -5.0534e+01 -5.8529e+01 -2.6629e+02
-5.0709e+01 -5.0232e+01 -4.8803e+01 -1.5692e+02
-5.0750e+01 -5.0609e+01 -4.9584e+01 -1.1907e+02
# New trial
-5.0715e+01 -5.1224e+01 -9.3898e+01 -6.8468e+02
-5.0736e+01 -5.0882e+01 -7.8798e+01 -5.4479e+02
-5.0725e+01 -5.0450e+01 -6.3018e+01 -4.3322e+02
-5.0761e+01 -5.0735e+01 -5.7253e+01 -3.4903e+02
# New trial
-5.0693e+01 -5.0357e+01 -6.4619e+01 -3.3849e+02
-5.0730e+01 -5.0555e+01 -5.9502e+01 -2.7964e+02
-5.0722e+01 -5.0364e+01 -5.1025e+01 -2.2057e+02
-5.0748e+01 -5.0585e+01 -4.9560e+01 -1.2860e+02
# New trial
-5.0679e+01 -5.0441e+01 -8.1143e+01 -5.6163e+02
-5.0706e+01 -5.0498e+01 -7.1913e+01 -4.6973e+02
-5.0712e+01 -5.0283e+01 -5.2626e+01 -2.7362e+02
-5.0747e+01 -5.0575e+01 -4.9584e+01 -1.7312e+02
# New trial
-5.0809e+01 -5.1911e+01 -9.4773e+01 -6.6979e+02
-5.0764e+01 -5.0910e+01 -6.4626e+01 -3.4530e+02
-5.0723e+01 -5.0367e+01 -5.1895e+01 -2.6943e+02
-5.0738e+01 -5.0490e+01 -4.8789e+01 -1.3675e+02
# New trial
-5.0693e+01 -5.0259e+01 -6.4681e+01 -3.6434e+02
-5.0683e+01 -5.0045e+01 -5.1643e+01 -1.7403e+02
-5.0724e+01 -5.0363e+01 -4.8767e+01 -1.4144e+02
-5.0756e+01 -5.0666e+01 -4.9842e+01 -6.4606e+01
# New trial
-5.0718e+01 -5.1428e+01 -1.1538e+02 -9.4022e+02
-5.0693e+01 -5.0624e+01 -7.6713e+01 -4.6583e+02
-5.0697e+01 -5.0155e+01 -5.0326e+01 -2.1422e+02
-5.0748e+01 -5.0589e+01 -4.9195e+01 -5.6159e+01
# New trial
-5.0634e+01 -4.9803e+01 -6.5846e+01 -4.0484e+02
-5.0697e+01 -5.0226e+01 -5.5584e+01 -2.0732e+02
-5.0736e+01 -5.0499e+01 -5.0314e+01 -1.5264e+02
-5.0749e+01 -5.0600e+01 -4.9321e+01 -5.7160e+01
# New trial
-5.0598e+01 -5.0017e+01 -8.5396e+01 -6.1423e+02
-5.0653e+01 -5.0134e+01 -6.3799e+01 -3.4268e+02
-5.0698e+01 -5.0215e+01 -5.1810e+01 -2.1784e+02
-5.0754e+01 -5.0657e+01 -5.2933e+01 -2.8418e+02
# New trial
-5.0661e+01 -5.0393e+01 -8.1665e+01 -5.6939e+02
-5.0658e+01 -5.0039e+01 -6.2861e+01 -3.4465e+02
-5.0672e+01 -4.9897e+01 -4.8262e+01 -1.8528e+02
-5.0755e+01 -5.0671e+01 -5.1960e+01 -2.4780e+02
# New trial
-5.0633e+01 -4.9763e+01 -5.9803e+01 -2.9972e+02
-5.0662e+01 -4.9952e+01 -5.5281e+01 -2.1519e+02
-5.0712e+01 -5.0281e+01 -5.0336e+01 -1.6763e+02
-5.0751e+01 -5.0618e+01 -4.9502e+01 -6.3133e+01
# New trial
-5.0627e+01 -4.9679e+01 -7.1539e+01 -4.7708e+02
-5.0682e+01 -5.0079e+01 -5.8229e+01 -3.0231e+02
-5.0709e+01 -5.0243e+01 -5.0153e+01 -2.2335e+02
-5.0742e+01 -5.0531e+01 -4.9245e+01 -1.4683e+02
# New trial
-5.0721e+01 -5.0670e+01 -7.6975e+01 -5.1219e+02
-5.0732e+01 -5.0587e+01 -6.1512e+01 -3.1598e+02
-5.0734e+01 -5.0482e+01 -5.0969e+01 -1.6292e+02
-5.0751e+01 -5.0622e+01 -5.0148e+01 -1.5592e+02
# New trial
-5.0682e+01 -5.0532e+01 -8.4222e+01 -5.4016e+02
-5.0653e+01 -4.9877e+01 -5.3840e+01 -2.1247e+02
-5.0714e+01 -5.0334e+01 -4.9770e+01 -1.3428e+02
-5.0752e+01 -5.0654e+01 -5.0411e+01 -9.0564e+01
# New trial
-5.0673e+01 -5.0001e+01 -6.4245e+01 -3.9458e+02
-5.0714e+01 -5.0301e+01 -5.2696e+01 -1.9811e+02
-5.0721e+01 -5.0326e+01 -4.8028e+01 -1.5008e+02
-5.0753e+01 -5.0637e+01 -4.9621e+01 -6.5357e+01
# New trial
-5.0653e+01 -5.0603e+01 -9.9258e+01 -7.2665e+02
-5.0643e+01 -4.9998e+01 -6.2664e+01 -3.3861e+02
-5.0696e+01 -5.0213e+01 -5.0007e+01 -1.5815e+02
-5.0749e+01 -5.0618e+01 -5.0116e+01 -1.2418e+02
# New trial
-5.0686e+01 -5.0765e+01 -8.4423e+01 -5.8277e+02
-5.0710e+01 -5.0519e+01 -6.2015e+01 -2.8536e+02
-5.0718e+01 -5.0343e+01 -4.9950e+01 -1.5221e+02
-5.0738e+01 -5.0490e+01 -4.8325e+01 -6.7769e+01
# New trial
-5.0708e+01 -5.0455e+01 -6.6580e+01 -3.8072e+02
-5.0739e+01 -5.0621e+01 -5.7839e+01 -2.6548e+02
-5.0720e+01 -5.0347e+01 -5.1943e+01 -2.2929e+02
-5.0753e+01 -5.0641e+01 -5.0198e+01 -1.3906e+02
# New trial
-5.0680e+01 -5.0115e+01 -6.1157e+01 -3.2158e+02
-5.0661e+01 -4.9832e+01 -4.9373e+01 -1.6671e+02
-5.0698e+01 -5.0125e+01 -4.7021e+01 -1.2466e+02
-5.0754e+01 -5.0651e+01 -4.9975e+01 -6.3978e+01
# New trial
-5.0548e+01 -4.8893e+01 -5.5179e+01 -3.0240e+02
-5.0657e+01 -4.9792e+01 -5.0004e+01 -1.7824e+02
-5.0726e+01 -5.0398e+01 -4.9964e+01 -1.7383e+02
-5.0752e+01 -5.0627e+01 -4.9659e+01 -1.0358e+02
# New trial
-5.0684e+01 -5.1009e+01 -1.0514e+02 -8.3938e+02
-5.0725e+01 -5.0741e+01 -7.0466e+01 -4.1741e+02
-5.0709e+01 -5.0256e+01 -4.9353e+01 -1.4404e+02
-5.0745e+01 -5.0552e+01 -4.8799e+01 -5.3306e+01
# New trial
-5.0693e+01 -5.0451e+01 -7.2648e+01 -4.1791e+02
-5.0669e+01 -4.9976e+01 -5.3390e+01 -1.8751e+02
-5.0698e+01 -5.0142e+01 -4.8267e+01 -1.3866e+02
-5.0749e+01 -5.0602e+01 -4.9537e+01 -5.2729e+01
# New trial
-5.0695e+01 -5.0369e+01 -8.0576e+01 -6.0186e+02
-5.0700e+01 -5.0261e+01 -5.8697e+01 -2.7308e+02
-5.0723e+01 -5.0370e+01 -4.9853e+01 -1.7454e+02
-5.0744e+01 -5.0545e+01 -4.8877e+01 -5.5702e+01
# New trial
