# 10.0sig - Array shape (trial/sig/alpha): (30L, 4L, 4L)
-5.0702e+01 -5.0178e+01 -5.1242e+01 -1.9713e+02
-5.0732e+01 -5.0456e+01 -5.0507e+01 -1.2758e+02
-5.0747e+01 -5.0584e+01 -4.9739e+01 -9.4283e+01
-5.0748e+01 -5.0584e+01 -4.9091e+01 -6.7693e+01
# New trial
-5.0699e+01 -5.0945e+01 -8.7707e+01 -6.3665e+02
-5.0671e+01 -5.0335e+01 -6.6100e+01 -3.4667e+02
-5.0713e+01 -5.0314e+01 -5.0839e+01 -1.7496e+02
-5.0741e+01 -5.0512e+01 -4.8720e+01 -1.4536e+02
# New trial
-5.0748e+01 -5.0723e+01 -6.3879e+01 -3.4615e+02
-5.0774e+01 -5.0914e+01 -6.0019e+01 -2.9867e+02
-5.0757e+01 -5.0687e+01 -5.2093e+01 -1.9950e+02
-5.0741e+01 -5.0515e+01 -4.8464e+01 -6.5649e+01
# New trial
-5.0705e+01 -5.0221e+01 -5.2701e+01 -2.1937e+02
-5.0738e+01 -5.0527e+01 -5.2843e+01 -1.9126e+02
-5.0741e+01 -5.0533e+01 -5.0229e+01 -1.6145e+02
-5.0731e+01 -5.0420e+01 -4.7846e+01 -1.1815e+02
# New trial
-5.0734e+01 -5.1060e+01 -8.9802e+01 -6.4964e+02
-5.0713e+01 -5.0430e+01 -5.8163e+01 -2.4176e+02
-5.0740e+01 -5.0534e+01 -5.0731e+01 -1.5216e+02
-5.0746e+01 -5.0562e+01 -4.8895e+01 -4.9262e+01
# New trial
-5.0747e+01 -5.0835e+01 -7.1982e+01 -4.3487e+02
-5.0745e+01 -5.0642e+01 -5.6694e+01 -2.3501e+02
-5.0734e+01 -5.0469e+01 -5.0377e+01 -1.9505e+02
-5.0728e+01 -5.0385e+01 -4.7367e+01 -6.3650e+01
# New trial
-5.0651e+01 -4.9758e+01 -5.1343e+01 -2.2855e+02
-5.0719e+01 -5.0340e+01 -5.1241e+01 -1.8231e+02
-5.0746e+01 -5.0575e+01 -4.9840e+01 -1.4617e+02
-5.0754e+01 -5.0640e+01 -4.9602e+01 -7.1019e+01
# New trial
-5.0499e+01 -4.8767e+01 -6.0266e+01 -3.2138e+02
-5.0617e+01 -4.9522e+01 -5.2876e+01 -2.2176e+02
-5.0715e+01 -5.0316e+01 -4.9902e+01 -1.8267e+02
-5.0740e+01 -5.0512e+01 -4.8686e+01 -5.5957e+01
# New trial
-5.0768e+01 -5.1472e+01 -1.0393e+02 -8.2116e+02
-5.0791e+01 -5.1383e+01 -7.9499e+01 -4.8598e+02
-5.0753e+01 -5.0706e+01 -5.5181e+01 -2.4444e+02
-5.0725e+01 -5.0367e+01 -4.8025e+01 -1.4552e+02
# New trial
-5.0715e+01 -5.0270e+01 -4.7194e+01 -9.5074e+01
-5.0722e+01 -5.0329e+01 -4.7372e+01 -7.8938e+01
-5.0735e+01 -5.0452e+01 -4.7978e+01 -7.1233e+01
-5.0751e+01 -5.0610e+01 -4.9236e+01 -4.6015e+01
# New trial
-5.0864e+01 -5.2111e+01 -8.7950e+01 -6.2403e+02
-5.0796e+01 -5.1241e+01 -7.4128e+01 -5.0542e+02
-5.0726e+01 -5.0403e+01 -5.3572e+01 -2.8246e+02
-5.0718e+01 -5.0289e+01 -4.6780e+01 -5.4335e+01
# New trial
-5.0772e+01 -5.1180e+01 -8.2232e+01 -5.3974e+02
-5.0730e+01 -5.0515e+01 -5.5816e+01 -1.8671e+02
-5.0741e+01 -5.0534e+01 -4.9949e+01 -8.9898e+01
-5.0750e+01 -5.0602e+01 -4.9366e+01 -8.4208e+01
# New trial
-5.0693e+01 -5.0303e+01 -6.7598e+01 -4.2961e+02
-5.0736e+01 -5.0624e+01 -5.8881e+01 -2.6053e+02
-5.0748e+01 -5.0632e+01 -5.2466e+01 -1.9105e+02
-5.0731e+01 -5.0420e+01 -4.7981e+01 -8.5794e+01
# New trial
-5.0712e+01 -5.0481e+01 -6.7731e+01 -4.1112e+02
-5.0749e+01 -5.0740e+01 -6.2295e+01 -3.1585e+02
-5.0733e+01 -5.0473e+01 -5.1258e+01 -2.1045e+02
-5.0741e+01 -5.0514e+01 -4.8667e+01 -7.0026e+01
# New trial
-5.0740e+01 -5.0751e+01 -7.2079e+01 -4.5290e+02
-5.0743e+01 -5.0678e+01 -6.1720e+01 -3.2439e+02
-5.0738e+01 -5.0515e+01 -5.0638e+01 -1.6806e+02
-5.0734e+01 -5.0451e+01 -4.7918e+01 -5.5427e+01
# New trial
-5.0815e+01 -5.1896e+01 -9.8713e+01 -7.2805e+02
-5.0788e+01 -5.1324e+01 -7.3135e+01 -4.0639e+02
-5.0745e+01 -5.0651e+01 -5.5554e+01 -2.3079e+02
-5.0728e+01 -5.0403e+01 -4.8842e+01 -1.8319e+02
# New trial
-5.0602e+01 -4.9903e+01 -8.6607e+01 -6.5146e+02
-5.0659e+01 -4.9934e+01 -5.6890e+01 -2.4283e+02
-5.0711e+01 -5.0261e+01 -4.9786e+01 -1.8226e+02
-5.0733e+01 -5.0437e+01 -4.7927e+01 -9.4234e+01
# New trial
-5.0746e+01 -5.0847e+01 -7.2091e+01 -4.4117e+02
-5.0750e+01 -5.0736e+01 -5.9654e+01 -2.8013e+02
-5.0725e+01 -5.0395e+01 -5.0258e+01 -1.7936e+02
-5.0732e+01 -5.0426e+01 -4.7765e+01 -7.9191e+01
# New trial
-5.0766e+01 -5.0793e+01 -5.5054e+01 -2.2632e+02
-5.0765e+01 -5.0769e+01 -5.2727e+01 -1.6023e+02
-5.0755e+01 -5.0656e+01 -5.0261e+01 -1.0798e+02
-5.0749e+01 -5.0597e+01 -4.9155e+01 -5.4518e+01
# New trial
-5.0852e+01 -5.2137e+01 -9.7753e+01 -6.8876e+02
-5.0856e+01 -5.1878e+01 -7.6008e+01 -4.6757e+02
-5.0755e+01 -5.0715e+01 -5.4873e+01 -2.3404e+02
-5.0727e+01 -5.0380e+01 -4.7641e+01 -1.1061e+02
# New trial
-5.0812e+01 -5.1764e+01 -9.6170e+01 -7.1372e+02
-5.0796e+01 -5.1251e+01 -6.7440e+01 -3.7467e+02
-5.0754e+01 -5.0677e+01 -5.3893e+01 -2.4435e+02
-5.0741e+01 -5.0519e+01 -4.8553e+01 -8.0331e+01
# New trial
-5.0674e+01 -4.9904e+01 -4.8864e+01 -1.5813e+02
-5.0702e+01 -5.0187e+01 -5.1637e+01 -1.9780e+02
-5.0728e+01 -5.0415e+01 -4.9993e+01 -1.8340e+02
-5.0727e+01 -5.0378e+01 -4.7265e+01 -6.1902e+01
# New trial
-5.0747e+01 -5.0758e+01 -6.3870e+01 -3.2027e+02
-5.0740e+01 -5.0647e+01 -5.8217e+01 -2.1511e+02
-5.0748e+01 -5.0624e+01 -5.2129e+01 -1.6500e+02
-5.0765e+01 -5.0752e+01 -5.0889e+01 -1.1801e+02
# New trial
-5.0718e+01 -5.0454e+01 -6.1067e+01 -3.1131e+02
-5.0731e+01 -5.0539e+01 -5.7540e+01 -2.4433e+02
-5.0745e+01 -5.0588e+01 -5.1703e+01 -1.6730e+02
-5.0735e+01 -5.0455e+01 -4.8054e+01 -9.2233e+01
# New trial
-5.0769e+01 -5.1108e+01 -7.4025e+01 -4.4677e+02
-5.0755e+01 -5.0868e+01 -6.3242e+01 -2.8794e+02
-5.0732e+01 -5.0456e+01 -5.1016e+01 -1.7381e+02
-5.0731e+01 -5.0418e+01 -4.8321e+01 -1.2596e+02
# New trial
-5.0910e+01 -5.3451e+01 -1.2427e+02 -9.6124e+02
-5.0873e+01 -5.2283e+01 -8.8198e+01 -5.9410e+02
-5.0749e+01 -5.0672e+01 -5.5587e+01 -2.6494e+02
-5.0709e+01 -5.0210e+01 -4.6730e+01 -1.0007e+02
# New trial
-5.0928e+01 -5.3657e+01 -1.2710e+02 -9.9335e+02
-5.0892e+01 -5.2461e+01 -9.1569e+01 -6.3947e+02
-5.0755e+01 -5.0707e+01 -5.5672e+01 -2.9756e+02
-5.0736e+01 -5.0470e+01 -4.9550e+01 -2.3208e+02
# New trial
-5.0695e+01 -5.0283e+01 -6.3705e+01 -3.4280e+02
-5.0733e+01 -5.0556e+01 -5.7190e+01 -2.2569e+02
-5.0739e+01 -5.0525e+01 -5.0856e+01 -1.4937e+02
-5.0754e+01 -5.0643e+01 -4.9952e+01 -1.2048e+02
# New trial
-5.0679e+01 -5.0191e+01 -7.7653e+01 -5.4653e+02
-5.0708e+01 -5.0305e+01 -5.6040e+01 -2.5118e+02
-5.0734e+01 -5.0476e+01 -5.0062e+01 -1.3313e+02
-5.0735e+01 -5.0456e+01 -4.7993e+01 -6.9838e+01
# New trial
-5.0632e+01 -4.9833e+01 -6.4721e+01 -3.7805e+02
-5.0670e+01 -5.0014e+01 -5.5810e+01 -2.5408e+02
-5.0706e+01 -5.0237e+01 -5.0586e+01 -2.0761e+02
-5.0726e+01 -5.0375e+01 -4.7823e+01 -1.4958e+02
# New trial
