# 10.0sig - Array shape (trial/sig/alpha): (30L, 4L, 4L)
-5.0760e+01 -5.0713e+01 -5.1444e+01 -7.8084e+01
-5.0758e+01 -5.0686e+01 -5.0801e+01 -7.1663e+01
-5.0752e+01 -5.0625e+01 -4.9601e+01 -5.5331e+01
-5.0748e+01 -5.0583e+01 -4.8986e+01 -4.6151e+01
# New trial
-5.0764e+01 -5.0827e+01 -5.5363e+01 -1.2072e+02
-5.0761e+01 -5.0778e+01 -5.3769e+01 -1.0213e+02
-5.0750e+01 -5.0624e+01 -5.0301e+01 -6.6446e+01
-5.0740e+01 -5.0509e+01 -4.8389e+01 -4.6152e+01
# New trial
-5.0770e+01 -5.0824e+01 -5.4131e+01 -1.1478e+02
-5.0766e+01 -5.0782e+01 -5.2720e+01 -9.2364e+01
-5.0751e+01 -5.0619e+01 -4.9946e+01 -6.3103e+01
-5.0741e+01 -5.0514e+01 -4.8375e+01 -4.6151e+01
# New trial
-5.0753e+01 -5.0649e+01 -5.0908e+01 -7.1063e+01
-5.0752e+01 -5.0638e+01 -5.0952e+01 -7.2560e+01
-5.0740e+01 -5.0511e+01 -4.8663e+01 -4.6169e+01
-5.0731e+01 -5.0410e+01 -4.7499e+01 -4.6151e+01
# New trial
-5.0764e+01 -5.0779e+01 -5.4121e+01 -1.0990e+02
-5.0761e+01 -5.0729e+01 -5.1862e+01 -8.0019e+01
-5.0755e+01 -5.0656e+01 -5.0085e+01 -5.9018e+01
-5.0748e+01 -5.0585e+01 -4.9020e+01 -4.6151e+01
# New trial
-5.0761e+01 -5.0737e+01 -5.2161e+01 -8.1974e+01
-5.0755e+01 -5.0668e+01 -5.1070e+01 -7.1041e+01
-5.0739e+01 -5.0499e+01 -4.8880e+01 -5.5992e+01
-5.0729e+01 -5.0396e+01 -4.7439e+01 -4.6151e+01
# New trial
-5.0769e+01 -5.0799e+01 -5.1719e+01 -9.1381e+01
-5.0768e+01 -5.0783e+01 -5.1309e+01 -7.6527e+01
-5.0761e+01 -5.0710e+01 -5.0335e+01 -6.0836e+01
-5.0755e+01 -5.0655e+01 -4.9669e+01 -4.6154e+01
# New trial
-5.0760e+01 -5.0724e+01 -5.2770e+01 -9.4866e+01
-5.0758e+01 -5.0705e+01 -5.1904e+01 -8.6654e+01
-5.0754e+01 -5.0649e+01 -5.0150e+01 -6.1615e+01
-5.0747e+01 -5.0573e+01 -4.8938e+01 -4.6768e+01
# New trial
-5.0762e+01 -5.0799e+01 -5.7063e+01 -1.4564e+02
-5.0755e+01 -5.0696e+01 -5.3262e+01 -9.7744e+01
-5.0739e+01 -5.0498e+01 -4.9067e+01 -5.7502e+01
-5.0727e+01 -5.0371e+01 -4.7279e+01 -4.6151e+01
# New trial
-5.0757e+01 -5.0673e+01 -5.0108e+01 -6.3037e+01
-5.0755e+01 -5.0650e+01 -4.9777e+01 -5.4173e+01
-5.0751e+01 -5.0610e+01 -4.9333e+01 -5.3305e+01
-5.0752e+01 -5.0622e+01 -4.9353e+01 -4.6153e+01
# New trial
-5.0776e+01 -5.0937e+01 -5.6235e+01 -1.2997e+02
-5.0754e+01 -5.0672e+01 -5.3474e+01 -1.1243e+02
-5.0727e+01 -5.0387e+01 -4.8404e+01 -5.8212e+01
-5.0721e+01 -5.0318e+01 -4.6892e+01 -4.6151e+01
# New trial
-5.0775e+01 -5.0919e+01 -5.6972e+01 -1.3716e+02
-5.0762e+01 -5.0744e+01 -5.1780e+01 -7.3904e+01
-5.0754e+01 -5.0646e+01 -4.9945e+01 -5.4516e+01
-5.0749e+01 -5.0598e+01 -4.9158e+01 -4.6160e+01
# New trial
-5.0756e+01 -5.0711e+01 -5.3429e+01 -1.0003e+02
-5.0755e+01 -5.0691e+01 -5.2096e+01 -8.2632e+01
-5.0745e+01 -5.0566e+01 -4.9533e+01 -5.8292e+01
-5.0734e+01 -5.0445e+01 -4.7826e+01 -4.6152e+01
# New trial
-5.0769e+01 -5.0820e+01 -5.3575e+01 -1.0348e+02
-5.0764e+01 -5.0758e+01 -5.2016e+01 -7.8148e+01
-5.0751e+01 -5.0621e+01 -4.9698e+01 -5.4161e+01
-5.0743e+01 -5.0538e+01 -4.8631e+01 -4.6411e+01
# New trial
-5.0764e+01 -5.0781e+01 -5.4072e+01 -1.0469e+02
-5.0758e+01 -5.0715e+01 -5.2683e+01 -9.0030e+01
-5.0745e+01 -5.0565e+01 -4.9421e+01 -5.6169e+01
-5.0737e+01 -5.0474e+01 -4.8141e+01 -4.6556e+01
# New trial
-5.0777e+01 -5.0976e+01 -5.8449e+01 -1.5245e+02
-5.0769e+01 -5.0844e+01 -5.4054e+01 -1.0246e+02
-5.0747e+01 -5.0588e+01 -5.0039e+01 -6.5268e+01
-5.0731e+01 -5.0414e+01 -4.7551e+01 -4.6151e+01
# New trial
-5.0754e+01 -5.0690e+01 -5.5658e+01 -1.3221e+02
-5.0747e+01 -5.0599e+01 -5.1415e+01 -7.7871e+01
-5.0736e+01 -5.0474e+01 -4.8776e+01 -5.4301e+01
-5.0734e+01 -5.0446e+01 -4.7838e+01 -4.6153e+01
# New trial
-5.0761e+01 -5.0737e+01 -5.2938e+01 -9.9383e+01
-5.0752e+01 -5.0637e+01 -5.0806e+01 -7.4908e+01
-5.0739e+01 -5.0503e+01 -4.8628e+01 -4.6220e+01
-5.0733e+01 -5.0437e+01 -4.7697e+01 -4.6151e+01
# New trial
-5.0766e+01 -5.0773e+01 -5.2573e+01 -9.1297e+01
-5.0760e+01 -5.0708e+01 -5.0677e+01 -6.4259e+01
-5.0753e+01 -5.0638e+01 -4.9579e+01 -4.6464e+01
-5.0750e+01 -5.0599e+01 -4.9121e+01 -4.6151e+01
# New trial
-5.0759e+01 -5.0745e+01 -5.6044e+01 -1.3117e+02
-5.0752e+01 -5.0647e+01 -5.1539e+01 -8.1274e+01
-5.0735e+01 -5.0462e+01 -4.8371e+01 -4.6441e+01
-5.0726e+01 -5.0369e+01 -4.7211e+01 -4.6151e+01
# New trial
-5.0773e+01 -5.0860e+01 -5.4546e+01 -1.1690e+02
-5.0765e+01 -5.0764e+01 -5.1802e+01 -8.3547e+01
-5.0750e+01 -5.0611e+01 -4.9625e+01 -5.7520e+01
-5.0742e+01 -5.0525e+01 -4.8435e+01 -4.6151e+01
# New trial
-5.0751e+01 -5.0615e+01 -5.0225e+01 -7.1794e+01
-5.0747e+01 -5.0579e+01 -5.0001e+01 -6.6798e+01
-5.0739e+01 -5.0494e+01 -4.8756e+01 -5.5852e+01
-5.0729e+01 -5.0397e+01 -4.7449e+01 -4.6151e+01
# New trial
-5.0756e+01 -5.0681e+01 -5.1629e+01 -7.9497e+01
-5.0753e+01 -5.0645e+01 -5.0821e+01 -6.6149e+01
-5.0762e+01 -5.0725e+01 -5.0888e+01 -7.3258e+01
-5.0766e+01 -5.0764e+01 -5.0802e+01 -6.2151e+01
# New trial
-5.0759e+01 -5.0746e+01 -5.3481e+01 -9.9940e+01
-5.0757e+01 -5.0717e+01 -5.2737e+01 -9.2878e+01
-5.0749e+01 -5.0606e+01 -5.0008e+01 -6.2798e+01
-5.0736e+01 -5.0460e+01 -4.8033e+01 -4.6820e+01
# New trial
-5.0757e+01 -5.0744e+01 -5.5099e+01 -1.1946e+02
-5.0751e+01 -5.0663e+01 -5.2875e+01 -9.7151e+01
-5.0738e+01 -5.0501e+01 -4.9137e+01 -5.8277e+01
-5.0729e+01 -5.0399e+01 -4.7486e+01 -4.6151e+01
# New trial
-5.0770e+01 -5.0951e+01 -5.9189e+01 -1.5762e+02
-5.0755e+01 -5.0732e+01 -5.4809e+01 -1.2241e+02
-5.0728e+01 -5.0399e+01 -4.8370e+01 -5.1921e+01
-5.0713e+01 -5.0236e+01 -4.6558e+01 -4.6151e+01
# New trial
-5.0798e+01 -5.1215e+01 -6.1650e+01 -1.8466e+02
-5.0775e+01 -5.0900e+01 -5.4941e+01 -1.1083e+02
-5.0746e+01 -5.0571e+01 -4.9777e+01 -6.3775e+01
-5.0736e+01 -5.0460e+01 -4.7922e+01 -4.6151e+01
# New trial
-5.0775e+01 -5.0863e+01 -5.2516e+01 -8.5642e+01
-5.0773e+01 -5.0843e+01 -5.2380e+01 -8.7075e+01
-5.0760e+01 -5.0704e+01 -5.0525e+01 -6.6245e+01
-5.0755e+01 -5.0654e+01 -4.9671e+01 -4.6492e+01
# New trial
-5.0757e+01 -5.0721e+01 -5.4746e+01 -1.2439e+02
-5.0757e+01 -5.0707e+01 -5.2455e+01 -8.9598e+01
-5.0747e+01 -5.0586e+01 -4.9818e+01 -6.0935e+01
-5.0736e+01 -5.0462e+01 -4.7958e+01 -4.6151e+01
# New trial
-5.0752e+01 -5.0643e+01 -5.2417e+01 -9.7121e+01
-5.0747e+01 -5.0587e+01 -5.0534e+01 -7.2042e+01
-5.0737e+01 -5.0474e+01 -4.8524e+01 -5.2556e+01
-5.0729e+01 -5.0394e+01 -4.7370e+01 -4.6151e+01
# New trial
