# 0.01sig - Array shape (trial/sig/alpha): (30L, 4L, 4L)
-7.8057e+01 -7.4616e+01 -5.5024e+01 -4.6738e+01
-7.8093e+01 -7.4962e+01 -5.7449e+01 -6.3768e+01
-7.8223e+01 -7.6186e+01 -6.3934e+01 -1.1278e+02
-7.8420e+01 -7.8098e+01 -7.5595e+01 -1.1454e+02
# New trial
-7.8063e+01 -7.4697e+01 -5.8021e+01 -4.7867e+01
-7.8107e+01 -7.5174e+01 -6.3315e+01 -8.9541e+01
-7.8288e+01 -7.6879e+01 -7.1117e+01 -1.4349e+02
-7.8443e+01 -7.8320e+01 -7.7546e+01 -1.1579e+02
# New trial
-7.8130e+01 -7.5350e+01 -6.0726e+01 -4.8733e+01
-7.8127e+01 -7.5328e+01 -6.1834e+01 -7.6335e+01
-7.8163e+01 -7.5626e+01 -6.8246e+01 -2.0964e+02
-7.8392e+01 -7.7820e+01 -7.4156e+01 -1.7316e+02
# New trial
-7.8044e+01 -7.4609e+01 -5.8867e+01 -4.7414e+01
-7.8063e+01 -7.4826e+01 -6.1330e+01 -8.9789e+01
-7.8265e+01 -7.6708e+01 -7.3902e+01 -2.0176e+02
-7.8435e+01 -7.8261e+01 -7.7932e+01 -1.8610e+02
# New trial
-7.8156e+01 -7.5567e+01 -5.9380e+01 -4.8028e+01
-7.8115e+01 -7.5148e+01 -5.7287e+01 -5.4023e+01
-7.8179e+01 -7.5751e+01 -6.2098e+01 -1.1954e+02
-7.8392e+01 -7.7826e+01 -7.3750e+01 -1.8024e+02
# New trial
-7.8038e+01 -7.4415e+01 -5.4832e+01 -4.6866e+01
-7.8114e+01 -7.5187e+01 -6.1484e+01 -9.8048e+01
-7.8286e+01 -7.6833e+01 -7.1068e+01 -1.9731e+02
-7.8438e+01 -7.8276e+01 -7.7390e+01 -1.3539e+02
# New trial
-7.8094e+01 -7.5004e+01 -5.9413e+01 -4.7836e+01
-7.8135e+01 -7.5448e+01 -6.4780e+01 -9.2835e+01
-7.8334e+01 -7.7317e+01 -7.4850e+01 -1.9129e+02
-7.8448e+01 -7.8384e+01 -7.8549e+01 -1.4335e+02
# New trial
-7.8052e+01 -7.4605e+01 -5.7119e+01 -4.6699e+01
-7.8065e+01 -7.4688e+01 -5.6631e+01 -4.7465e+01
-7.8223e+01 -7.6158e+01 -6.2364e+01 -9.9305e+01
-7.8426e+01 -7.8150e+01 -7.5776e+01 -1.1606e+02
# New trial
-7.8033e+01 -7.4372e+01 -5.4603e+01 -4.8858e+01
-7.8044e+01 -7.4485e+01 -5.5470e+01 -5.6266e+01
-7.8197e+01 -7.5960e+01 -6.7378e+01 -1.9639e+02
-7.8434e+01 -7.8246e+01 -7.8768e+01 -2.7088e+02
# New trial
-7.8032e+01 -7.4437e+01 -5.7550e+01 -5.4718e+01
-7.8148e+01 -7.5540e+01 -6.3959e+01 -1.0880e+02
-7.8334e+01 -7.7290e+01 -7.3651e+01 -2.0355e+02
-7.8444e+01 -7.8342e+01 -7.7892e+01 -1.0966e+02
# New trial
-7.8015e+01 -7.4417e+01 -5.9176e+01 -4.7455e+01
-7.8070e+01 -7.4969e+01 -6.5555e+01 -1.3328e+02
-7.8276e+01 -7.6847e+01 -8.1567e+01 -3.3954e+02
-7.8449e+01 -7.8395e+01 -7.9490e+01 -2.2381e+02
# New trial
-7.8200e+01 -7.5933e+01 -5.9484e+01 -4.7297e+01
-7.8281e+01 -7.6728e+01 -6.4916e+01 -7.5861e+01
-7.8392e+01 -7.7821e+01 -7.3843e+01 -1.6074e+02
-7.8451e+01 -7.8403e+01 -7.8133e+01 -1.1124e+02
# New trial
-7.8059e+01 -7.4581e+01 -5.5802e+01 -4.6942e+01
-7.8068e+01 -7.4702e+01 -5.9532e+01 -9.8395e+01
-7.8172e+01 -7.5697e+01 -6.9179e+01 -2.1705e+02
-7.8428e+01 -7.8176e+01 -7.6532e+01 -1.5394e+02
# New trial
-7.8222e+01 -7.6153e+01 -6.1213e+01 -4.7074e+01
-7.8199e+01 -7.5920e+01 -5.9498e+01 -5.0359e+01
-7.8233e+01 -7.6246e+01 -6.1553e+01 -8.8725e+01
-7.8386e+01 -7.7747e+01 -7.1841e+01 -7.9624e+01
# New trial
-7.8189e+01 -7.5816e+01 -5.8149e+01 -4.8676e+01
-7.8253e+01 -7.6449e+01 -6.2903e+01 -6.3445e+01
-7.8366e+01 -7.7567e+01 -7.1426e+01 -1.2152e+02
-7.8451e+01 -7.8400e+01 -7.8010e+01 -1.0719e+02
# New trial
-7.7987e+01 -7.4050e+01 -5.6055e+01 -5.0879e+01
-7.8059e+01 -7.4788e+01 -6.2775e+01 -1.0265e+02
-7.8306e+01 -7.7073e+01 -7.4024e+01 -2.0181e+02
-7.8454e+01 -7.8435e+01 -7.9947e+01 -2.6838e+02
# New trial
-7.8142e+01 -7.5436e+01 -5.9965e+01 -4.8647e+01
-7.8188e+01 -7.5917e+01 -6.5803e+01 -1.1253e+02
-7.8329e+01 -7.7242e+01 -7.3379e+01 -2.0043e+02
-7.8448e+01 -7.8367e+01 -7.7833e+01 -1.2741e+02
# New trial
-7.8039e+01 -7.4669e+01 -5.9745e+01 -4.7780e+01
-7.8146e+01 -7.5689e+01 -6.8178e+01 -1.3870e+02
-7.8360e+01 -7.7612e+01 -8.0306e+01 -2.8064e+02
-7.8456e+01 -7.8452e+01 -7.8904e+01 -1.4381e+02
# New trial
-7.8219e+01 -7.6109e+01 -5.9788e+01 -4.6320e+01
-7.8246e+01 -7.6373e+01 -6.1732e+01 -5.6153e+01
-7.8294e+01 -7.6844e+01 -6.4663e+01 -7.8940e+01
-7.8414e+01 -7.8026e+01 -7.4334e+01 -6.0965e+01
# New trial
-7.8139e+01 -7.5369e+01 -5.8049e+01 -4.6961e+01
-7.8210e+01 -7.6069e+01 -6.3252e+01 -6.8707e+01
-7.8321e+01 -7.7128e+01 -6.9194e+01 -1.3460e+02
-7.8441e+01 -7.8297e+01 -7.7042e+01 -8.8982e+01
# New trial
-7.7904e+01 -7.3282e+01 -5.4539e+01 -4.7564e+01
-7.7982e+01 -7.4117e+01 -6.0339e+01 -7.2976e+01
-7.8286e+01 -7.6893e+01 -7.2354e+01 -1.6178e+02
-7.8449e+01 -7.8406e+01 -7.8816e+01 -1.6872e+02
# New trial
-7.8042e+01 -7.4451e+01 -5.6377e+01 -4.7006e+01
-7.8141e+01 -7.5431e+01 -6.2758e+01 -7.8347e+01
-7.8332e+01 -7.7314e+01 -7.7601e+01 -2.3888e+02
-7.8451e+01 -7.8407e+01 -7.8683e+01 -1.4815e+02
# New trial
-7.8209e+01 -7.6023e+01 -6.0972e+01 -4.8347e+01
-7.8229e+01 -7.6233e+01 -6.2702e+01 -7.6021e+01
-7.8297e+01 -7.6885e+01 -6.6705e+01 -1.2298e+02
-7.8415e+01 -7.8037e+01 -7.4395e+01 -7.4923e+01
# New trial
-7.7932e+01 -7.3766e+01 -5.8230e+01 -4.7974e+01
-7.7985e+01 -7.4314e+01 -6.2410e+01 -8.7997e+01
-7.8273e+01 -7.6827e+01 -7.3624e+01 -2.0194e+02
-7.8453e+01 -7.8437e+01 -8.0580e+01 -2.7471e+02
# New trial
-7.8139e+01 -7.5385e+01 -5.9026e+01 -4.7234e+01
-7.8143e+01 -7.5497e+01 -6.3127e+01 -7.7635e+01
-7.8270e+01 -7.6715e+01 -7.3480e+01 -2.1545e+02
-7.8440e+01 -7.8302e+01 -7.8426e+01 -1.9340e+02
# New trial
-7.8074e+01 -7.4739e+01 -5.5342e+01 -4.6704e+01
-7.8161e+01 -7.5598e+01 -6.1054e+01 -7.2975e+01
-7.8333e+01 -7.7276e+01 -7.2298e+01 -1.6657e+02
-7.8449e+01 -7.8385e+01 -7.8165e+01 -1.3874e+02
# New trial
-7.8173e+01 -7.5688e+01 -5.8889e+01 -4.6660e+01
-7.8167e+01 -7.5650e+01 -5.9713e+01 -6.7586e+01
-7.8265e+01 -7.6592e+01 -6.7132e+01 -1.6920e+02
-7.8409e+01 -7.7987e+01 -7.4565e+01 -1.3273e+02
# New trial
-7.8193e+01 -7.5891e+01 -6.1570e+01 -5.0050e+01
-7.8138e+01 -7.5385e+01 -6.0266e+01 -4.9675e+01
-7.8188e+01 -7.5868e+01 -6.6033e+01 -1.6295e+02
-7.8402e+01 -7.7916e+01 -7.5365e+01 -1.9639e+02
# New trial
-7.8110e+01 -7.5067e+01 -5.6428e+01 -4.6368e+01
-7.8199e+01 -7.5928e+01 -6.0092e+01 -5.6333e+01
-7.8325e+01 -7.7159e+01 -6.8940e+01 -1.1271e+02
-7.8442e+01 -7.8309e+01 -7.7255e+01 -1.4531e+02
# New trial
-7.7999e+01 -7.4087e+01 -5.5361e+01 -4.7484e+01
-7.8090e+01 -7.4944e+01 -5.9148e+01 -7.5371e+01
-7.8278e+01 -7.6721e+01 -6.7272e+01 -1.1626e+02
-7.8440e+01 -7.8292e+01 -7.7178e+01 -1.1135e+02
# New trial
