# 10.0sig - Array shape (trial/sig/alpha): (30L, 4L, 4L)
-1.4303e+02 -1.4273e+02 -1.5114e+02 -5.8226e+02
-1.4300e+02 -1.4244e+02 -1.4462e+02 -4.7743e+02
-1.4290e+02 -1.4144e+02 -1.2957e+02 -2.5719e+02
-1.4275e+02 -1.3991e+02 -1.1229e+02 -6.3744e+01
# New trial
-1.4313e+02 -1.4444e+02 -2.1628e+02 -1.4426e+03
-1.4301e+02 -1.4307e+02 -1.8105e+02 -9.2911e+02
-1.4276e+02 -1.4008e+02 -1.2508e+02 -3.4339e+02
-1.4241e+02 -1.3655e+02 -8.3808e+01 -4.6197e+01
# New trial
-1.4303e+02 -1.4277e+02 -1.5944e+02 -8.2743e+02
-1.4296e+02 -1.4206e+02 -1.4635e+02 -4.3013e+02
-1.4269e+02 -1.3936e+02 -1.1043e+02 -1.1936e+02
-1.4236e+02 -1.3599e+02 -7.7863e+01 -4.6153e+01
# New trial
-1.4295e+02 -1.4202e+02 -1.4444e+02 -4.8852e+02
-1.4291e+02 -1.4156e+02 -1.4139e+02 -4.7424e+02
-1.4268e+02 -1.3922e+02 -1.0990e+02 -1.7016e+02
-1.4238e+02 -1.3616e+02 -7.9722e+01 -4.6346e+01
# New trial
-1.4312e+02 -1.4397e+02 -1.8813e+02 -1.0684e+03
-1.4301e+02 -1.4265e+02 -1.5486e+02 -6.5118e+02
-1.4285e+02 -1.4088e+02 -1.2567e+02 -2.1958e+02
-1.4264e+02 -1.3884e+02 -1.0233e+02 -5.3269e+01
# New trial
-1.4297e+02 -1.4224e+02 -1.4814e+02 -4.9483e+02
-1.4288e+02 -1.4125e+02 -1.3437e+02 -3.2038e+02
-1.4263e+02 -1.3872e+02 -1.0475e+02 -1.0073e+02
-1.4231e+02 -1.3555e+02 -7.5105e+01 -4.7935e+01
# New trial
-1.4301e+02 -1.4247e+02 -1.4549e+02 -7.3349e+02
-1.4299e+02 -1.4228e+02 -1.3950e+02 -3.9246e+02
-1.4290e+02 -1.4141e+02 -1.2843e+02 -3.0231e+02
-1.4275e+02 -1.3991e+02 -1.1232e+02 -7.9630e+01
# New trial
-1.4301e+02 -1.4263e+02 -1.6005e+02 -7.4278e+02
-1.4296e+02 -1.4218e+02 -1.5281e+02 -6.3378e+02
-1.4280e+02 -1.4049e+02 -1.2411e+02 -2.1081e+02
-1.4257e+02 -1.3809e+02 -9.5750e+01 -5.4515e+01
# New trial
-1.4319e+02 -1.4521e+02 -2.5261e+02 -1.7716e+03
-1.4305e+02 -1.4324e+02 -1.8001e+02 -8.7483e+02
-1.4269e+02 -1.3939e+02 -1.1492e+02 -2.9126e+02
-1.4231e+02 -1.3550e+02 -7.6317e+01 -5.9399e+01
# New trial
-1.4300e+02 -1.4238e+02 -1.3917e+02 -3.4923e+02
-1.4296e+02 -1.4198e+02 -1.3363e+02 -1.9221e+02
-1.4287e+02 -1.4113e+02 -1.2472e+02 -1.4760e+02
-1.4281e+02 -1.4047e+02 -1.1802e+02 -1.3519e+02
# New trial
-1.4326e+02 -1.4566e+02 -2.3409e+02 -1.6234e+03
-1.4298e+02 -1.4255e+02 -1.9965e+02 -1.3501e+03
-1.4258e+02 -1.3836e+02 -1.2202e+02 -4.3758e+02
-1.4221e+02 -1.3449e+02 -7.0585e+01 -6.1613e+01
# New trial
-1.4323e+02 -1.4537e+02 -2.2545e+02 -1.4341e+03
-1.4303e+02 -1.4284e+02 -1.5265e+02 -5.2086e+02
-1.4288e+02 -1.4119e+02 -1.2704e+02 -1.7875e+02
-1.4272e+02 -1.3962e+02 -1.0940e+02 -4.8802e+01
# New trial
-1.4307e+02 -1.4350e+02 -1.8858e+02 -1.1337e+03
-1.4300e+02 -1.4260e+02 -1.5982e+02 -6.5028e+02
-1.4275e+02 -1.3995e+02 -1.1965e+02 -2.4933e+02
-1.4244e+02 -1.3680e+02 -8.5832e+01 -5.4521e+01
# New trial
-1.4310e+02 -1.4356e+02 -1.6975e+02 -8.0989e+02
-1.4302e+02 -1.4266e+02 -1.5084e+02 -4.9709e+02
-1.4277e+02 -1.4009e+02 -1.2050e+02 -4.1116e+02
-1.4250e+02 -1.3739e+02 -8.9592e+01 -5.1854e+01
# New trial
-1.4310e+02 -1.4380e+02 -1.8937e+02 -9.9205e+02
-1.4300e+02 -1.4263e+02 -1.6447e+02 -7.0859e+02
-1.4271e+02 -1.3957e+02 -1.1329e+02 -1.0398e+02
-1.4239e+02 -1.3628e+02 -7.9847e+01 -4.6151e+01
# New trial
-1.4323e+02 -1.4566e+02 -2.4499e+02 -1.6496e+03
-1.4304e+02 -1.4324e+02 -1.7745e+02 -8.0445e+02
-1.4262e+02 -1.3874e+02 -1.1568e+02 -3.1162e+02
-1.4217e+02 -1.3408e+02 -6.5142e+01 -4.6151e+01
# New trial
-1.4298e+02 -1.4259e+02 -2.0126e+02 -1.3886e+03
-1.4286e+02 -1.4125e+02 -1.5126e+02 -7.7254e+02
-1.4260e+02 -1.3852e+02 -1.0722e+02 -2.1655e+02
-1.4232e+02 -1.3562e+02 -7.7276e+01 -5.9364e+01
# New trial
-1.4308e+02 -1.4332e+02 -1.6772e+02 -8.5719e+02
-1.4296e+02 -1.4204e+02 -1.4271e+02 -4.8513e+02
-1.4270e+02 -1.3946e+02 -1.1297e+02 -2.2686e+02
-1.4247e+02 -1.3707e+02 -8.7705e+01 -5.3315e+01
# New trial
-1.4306e+02 -1.4314e+02 -1.5777e+02 -6.7490e+02
-1.4299e+02 -1.4231e+02 -1.3902e+02 -2.5797e+02
-1.4287e+02 -1.4110e+02 -1.2439e+02 -6.3277e+01
-1.4272e+02 -1.3962e+02 -1.0928e+02 -4.6771e+01
# New trial
-1.4316e+02 -1.4443e+02 -2.1818e+02 -1.4154e+03
-1.4304e+02 -1.4295e+02 -1.6435e+02 -7.6012e+02
-1.4274e+02 -1.3981e+02 -1.1589e+02 -2.0459e+02
-1.4241e+02 -1.3651e+02 -8.4093e+01 -5.7990e+01
# New trial
-1.4310e+02 -1.4359e+02 -1.7076e+02 -8.6802e+02
-1.4299e+02 -1.4235e+02 -1.4194e+02 -4.4858e+02
-1.4277e+02 -1.4013e+02 -1.1658e+02 -2.5363e+02
-1.4250e+02 -1.3742e+02 -8.9494e+01 -4.7791e+01
# New trial
-1.4298e+02 -1.4224e+02 -1.4270e+02 -5.1300e+02
-1.4294e+02 -1.4186e+02 -1.3980e+02 -5.3169e+02
-1.4275e+02 -1.3997e+02 -1.1630e+02 -2.5210e+02
-1.4247e+02 -1.3714e+02 -8.9934e+01 -5.5646e+01
# New trial
-1.4308e+02 -1.4337e+02 -1.6229e+02 -5.8836e+02
-1.4299e+02 -1.4240e+02 -1.4911e+02 -4.7678e+02
-1.4276e+02 -1.4002e+02 -1.1918e+02 -3.2382e+02
-1.4248e+02 -1.3723e+02 -8.8554e+01 -6.5731e+01
# New trial
-1.4301e+02 -1.4289e+02 -1.7452e+02 -8.1550e+02
-1.4293e+02 -1.4206e+02 -1.6484e+02 -7.3645e+02
-1.4266e+02 -1.3916e+02 -1.1493e+02 -2.2527e+02
-1.4226e+02 -1.3500e+02 -7.1038e+01 -4.6151e+01
# New trial
-1.4313e+02 -1.4423e+02 -2.0252e+02 -1.2147e+03
-1.4300e+02 -1.4275e+02 -1.7079e+02 -8.8705e+02
-1.4266e+02 -1.3905e+02 -1.1121e+02 -1.9904e+02
-1.4227e+02 -1.3512e+02 -7.1993e+01 -4.6152e+01
# New trial
-1.4327e+02 -1.4650e+02 -2.5645e+02 -1.7148e+03
-1.4301e+02 -1.4306e+02 -1.9197e+02 -1.1980e+03
-1.4246e+02 -1.3710e+02 -9.4125e+01 -1.3485e+02
-1.4187e+02 -1.3117e+02 -5.2747e+01 -4.6151e+01
# New trial
-1.4341e+02 -1.4764e+02 -2.6315e+02 -1.8057e+03
-1.4311e+02 -1.4378e+02 -1.7450e+02 -8.1102e+02
-1.4270e+02 -1.3941e+02 -1.1333e+02 -2.2734e+02
-1.4233e+02 -1.3569e+02 -8.0222e+01 -4.6357e+01
# New trial
-1.4298e+02 -1.4227e+02 -1.3991e+02 -4.2746e+02
-1.4294e+02 -1.4182e+02 -1.3631e+02 -4.3494e+02
-1.4277e+02 -1.4012e+02 -1.1607e+02 -9.8708e+01
-1.4256e+02 -1.3795e+02 -9.5720e+01 -1.1888e+02
# New trial
-1.4304e+02 -1.4313e+02 -2.0285e+02 -1.3511e+03
-1.4297e+02 -1.4233e+02 -1.5834e+02 -7.8221e+02
-1.4269e+02 -1.3944e+02 -1.1449e+02 -1.2359e+02
-1.4234e+02 -1.3583e+02 -7.7323e+01 -5.1671e+01
# New trial
-1.4298e+02 -1.4234e+02 -1.5976e+02 -8.0499e+02
-1.4291e+02 -1.4158e+02 -1.3999e+02 -4.9292e+02
-1.4271e+02 -1.3955e+02 -1.1194e+02 -1.7483e+02
-1.4243e+02 -1.3667e+02 -8.5272e+01 -4.6682e+01
# New trial
