# 0.01sig - Array shape (trial/sig/alpha): (30L, 4L, 4L)
-4.5794e+02 -4.2748e+02 -2.5330e+02 -6.0729e+01
-4.5767e+02 -4.2488e+02 -2.4187e+02 -6.3333e+01
-4.5669e+02 -4.1536e+02 -2.1353e+02 -2.4391e+02
-4.5584e+02 -4.0688e+02 -2.2039e+02 -7.8220e+02
# New trial
-4.5712e+02 -4.2036e+02 -2.3587e+02 -7.0273e+01
-4.5670e+02 -4.1654e+02 -2.2620e+02 -6.7050e+01
-4.5532e+02 -4.0421e+02 -2.0642e+02 -1.4492e+02
-4.5473e+02 -3.9818e+02 -2.3564e+02 -8.7439e+02
# New trial
-4.5805e+02 -4.2839e+02 -2.4777e+02 -9.1105e+01
-4.5779e+02 -4.2590e+02 -2.3789e+02 -9.0303e+01
-4.5669e+02 -4.1585e+02 -2.1555e+02 -1.8510e+02
-4.5551e+02 -4.0443e+02 -2.0699e+02 -7.1329e+02
# New trial
-4.5757e+02 -4.2438e+02 -2.4673e+02 -6.9834e+01
-4.5722e+02 -4.2105e+02 -2.3435e+02 -7.4173e+01
-4.5605e+02 -4.1026e+02 -2.1340e+02 -2.4460e+02
-4.5540e+02 -4.0418e+02 -2.4659e+02 -9.6539e+02
# New trial
-4.5724e+02 -4.2189e+02 -2.4989e+02 -7.6082e+01
-4.5701e+02 -4.1969e+02 -2.4318e+02 -8.1346e+01
-4.5619e+02 -4.1219e+02 -2.3758e+02 -2.8277e+02
-4.5587e+02 -4.0906e+02 -2.7597e+02 -8.8177e+02
# New trial
-4.5842e+02 -4.3188e+02 -2.7717e+02 -8.4598e+01
-4.5829e+02 -4.3064e+02 -2.7153e+02 -8.4005e+01
-4.5765e+02 -4.2473e+02 -2.5358e+02 -2.4484e+02
-4.5666e+02 -4.1522e+02 -2.6445e+02 -1.0642e+03
# New trial
-4.5710e+02 -4.2068e+02 -2.3839e+02 -8.0712e+01
-4.5687e+02 -4.1847e+02 -2.2991e+02 -8.9641e+01
-4.5598e+02 -4.0990e+02 -2.1121e+02 -2.4752e+02
-4.5551e+02 -4.0500e+02 -2.3737e+02 -9.6316e+02
# New trial
-4.5722e+02 -4.2144e+02 -2.4504e+02 -6.8616e+01
-4.5707e+02 -4.1997e+02 -2.3945e+02 -7.8899e+01
-4.5653e+02 -4.1478e+02 -2.3275e+02 -2.8540e+02
-4.5636e+02 -4.1318e+02 -2.7410e+02 -1.0104e+03
# New trial
-4.5749e+02 -4.2440e+02 -2.4597e+02 -6.9593e+01
-4.5710e+02 -4.2041e+02 -2.2814e+02 -8.7426e+01
-4.5565e+02 -4.0682e+02 -2.0311e+02 -2.7619e+02
-4.5449e+02 -3.9576e+02 -2.4440e+02 -1.2071e+03
# New trial
-4.5826e+02 -4.3027e+02 -2.6551e+02 -6.7090e+01
-4.5803e+02 -4.2810e+02 -2.5653e+02 -6.5902e+01
-4.5709e+02 -4.1928e+02 -2.2888e+02 -1.5375e+02
-4.5584e+02 -4.0737e+02 -2.3035e+02 -7.6627e+02
# New trial
-4.5821e+02 -4.2971e+02 -2.5732e+02 -7.0891e+01
-4.5801e+02 -4.2774e+02 -2.4662e+02 -6.9843e+01
-4.5714e+02 -4.1940e+02 -2.1124e+02 -1.5036e+02
-4.5605e+02 -4.0858e+02 -2.0122e+02 -7.2779e+02
# New trial
-4.5705e+02 -4.2001e+02 -2.3061e+02 -5.9971e+01
-4.5679e+02 -4.1763e+02 -2.2357e+02 -6.1905e+01
-4.5572e+02 -4.0781e+02 -2.0973e+02 -2.3049e+02
-4.5460e+02 -3.9636e+02 -2.3942e+02 -1.0427e+03
# New trial
-4.5834e+02 -4.3119e+02 -2.7060e+02 -7.3756e+01
-4.5814e+02 -4.2935e+02 -2.6212e+02 -7.1401e+01
-4.5731e+02 -4.2151e+02 -2.3669e+02 -1.7772e+02
-4.5644e+02 -4.1330e+02 -2.5473e+02 -7.7741e+02
# New trial
-4.5713e+02 -4.2033e+02 -2.3053e+02 -6.3327e+01
-4.5676e+02 -4.1693e+02 -2.1933e+02 -6.8097e+01
-4.5529e+02 -4.0370e+02 -1.9872e+02 -2.0416e+02
-4.5386e+02 -3.8997e+02 -2.1306e+02 -8.6933e+02
# New trial
-4.5775e+02 -4.2617e+02 -2.5079e+02 -7.7929e+01
-4.5747e+02 -4.2350e+02 -2.4169e+02 -8.5680e+01
-4.5654e+02 -4.1504e+02 -2.2783e+02 -2.3996e+02
-4.5597e+02 -4.0974e+02 -2.5255e+02 -9.1759e+02
# New trial
-4.5867e+02 -4.3386e+02 -2.6667e+02 -6.5937e+01
-4.5848e+02 -4.3201e+02 -2.5797e+02 -6.6762e+01
-4.5773e+02 -4.2493e+02 -2.2239e+02 -6.4946e+01
-4.5678e+02 -4.1533e+02 -1.8614e+02 -5.7836e+02
# New trial
-4.5796e+02 -4.2738e+02 -2.4805e+02 -6.4010e+01
-4.5767e+02 -4.2471e+02 -2.3775e+02 -6.2241e+01
-4.5669e+02 -4.1552e+02 -2.0895e+02 -1.2685e+02
-4.5621e+02 -4.1061e+02 -2.1905e+02 -7.1169e+02
# New trial
-4.5801e+02 -4.2842e+02 -2.6599e+02 -6.9736e+01
-4.5767e+02 -4.2527e+02 -2.5607e+02 -7.1124e+01
-4.5644e+02 -4.1418e+02 -2.3175e+02 -2.4860e+02
-4.5528e+02 -4.0318e+02 -2.5062e+02 -1.0107e+03
# New trial
-4.5780e+02 -4.2585e+02 -2.3608e+02 -5.9859e+01
-4.5745e+02 -4.2256e+02 -2.2449e+02 -5.5928e+01
-4.5608e+02 -4.0999e+02 -1.8890e+02 -8.0103e+01
-4.5504e+02 -3.9998e+02 -1.8934e+02 -4.8300e+02
# New trial
-4.5783e+02 -4.2635e+02 -2.4766e+02 -7.5455e+01
-4.5755e+02 -4.2368e+02 -2.3860e+02 -7.8171e+01
-4.5651e+02 -4.1396e+02 -2.1336e+02 -1.9413e+02
-4.5575e+02 -4.0645e+02 -2.1527e+02 -7.8548e+02
# New trial
-4.5853e+02 -4.3266e+02 -2.6551e+02 -6.8255e+01
-4.5827e+02 -4.3016e+02 -2.5151e+02 -6.6173e+01
-4.5728e+02 -4.2067e+02 -2.0863e+02 -1.0133e+02
-4.5593e+02 -4.0735e+02 -1.8266e+02 -6.5573e+02
# New trial
-4.5809e+02 -4.2835e+02 -2.4321e+02 -5.8060e+01
-4.5775e+02 -4.2520e+02 -2.2934e+02 -5.5974e+01
-4.5637e+02 -4.1206e+02 -1.8038e+02 -8.6607e+01
-4.5461e+02 -3.9501e+02 -1.7355e+02 -6.1455e+02
# New trial
-4.5731e+02 -4.2175e+02 -2.3188e+02 -5.9176e+01
-4.5714e+02 -4.2000e+02 -2.2551e+02 -8.9633e+01
-4.5621e+02 -4.1133e+02 -2.0951e+02 -2.8516e+02
-4.5515e+02 -4.0097e+02 -2.2957e+02 -1.0642e+03
# New trial
-4.5758e+02 -4.2473e+02 -2.5225e+02 -6.4885e+01
-4.5740e+02 -4.2308e+02 -2.4647e+02 -6.3792e+01
-4.5668e+02 -4.1647e+02 -2.2943e+02 -2.0348e+02
-4.5611e+02 -4.1079e+02 -2.5864e+02 -9.5879e+02
# New trial
-4.5747e+02 -4.2353e+02 -2.5077e+02 -8.2098e+01
-4.5727e+02 -4.2163e+02 -2.4383e+02 -8.0766e+01
-4.5647e+02 -4.1421e+02 -2.2344e+02 -2.3251e+02
-4.5597e+02 -4.0892e+02 -2.3675e+02 -9.7443e+02
# New trial
-4.5729e+02 -4.2220e+02 -2.4719e+02 -7.6140e+01
-4.5700e+02 -4.1958e+02 -2.3952e+02 -7.3443e+01
-4.5591e+02 -4.0974e+02 -2.2104e+02 -2.1820e+02
-4.5512e+02 -4.0199e+02 -2.6189e+02 -1.0635e+03
# New trial
-4.5851e+02 -4.3239e+02 -2.5577e+02 -5.4839e+01
-4.5829e+02 -4.3023e+02 -2.4226e+02 -5.4066e+01
-4.5726e+02 -4.2023e+02 -1.9496e+02 -1.4452e+02
-4.5549e+02 -4.0293e+02 -1.7186e+02 -6.2132e+02
# New trial
-4.5766e+02 -4.2583e+02 -2.5159e+02 -7.8184e+01
-4.5724e+02 -4.2166e+02 -2.3405e+02 -9.3489e+01
-4.5588e+02 -4.0902e+02 -2.1735e+02 -3.5911e+02
-4.5535e+02 -4.0366e+02 -2.2559e+02 -8.7101e+02
# New trial
-4.5680e+02 -4.1905e+02 -2.4739e+02 -7.1044e+01
-4.5633e+02 -4.1466e+02 -2.3213e+02 -9.0467e+01
-4.5483e+02 -4.0147e+02 -2.1730e+02 -3.0332e+02
-4.5472e+02 -3.9988e+02 -2.7178e+02 -1.1168e+03
# New trial
-4.5651e+02 -4.1588e+02 -2.3857e+02 -6.5443e+01
-4.5627e+02 -4.1373e+02 -2.3251e+02 -6.2058e+01
-4.5535e+02 -4.0539e+02 -2.2155e+02 -2.9718e+02
-4.5535e+02 -4.0412e+02 -2.6635e+02 -1.1567e+03
# New trial
