# 0.1 sig - Array shape (trial/sig/alpha): (30L, 4L, 4L)
-4.6095e+02 -4.5587e+02 -4.0898e+02 -1.8199e+02
-4.6080e+02 -4.5439e+02 -3.9293e+02 -1.0529e+02
-4.6031e+02 -4.4948e+02 -3.4606e+02 -1.1757e+02
-4.5967e+02 -4.4315e+02 -2.9160e+02 -4.5722e+02
# New trial
-4.6034e+02 -4.5004e+02 -3.7151e+02 -2.1571e+02
-4.5984e+02 -4.4496e+02 -3.1835e+02 -3.4463e+01
-4.5867e+02 -4.3330e+02 -2.4448e+02 -3.7180e+02
-4.5801e+02 -4.2671e+02 -2.1288e+02 -8.9887e+02
# New trial
-4.6030e+02 -4.4975e+02 -3.8727e+02 -6.5616e+02
-4.5987e+02 -4.4521e+02 -3.1702e+02 -3.4509e+01
-4.5879e+02 -4.3438e+02 -2.2782e+02 -1.3828e+02
-4.5837e+02 -4.3026e+02 -1.8985e+02 -1.7833e+02
# New trial
-4.6089e+02 -4.5573e+02 -4.4449e+02 -1.0493e+03
-4.6043e+02 -4.5086e+02 -3.6812e+02 -5.2596e+01
-4.5980e+02 -4.4448e+02 -3.0933e+02 -1.9424e+02
-4.5994e+02 -4.4579e+02 -3.1079e+02 -1.5611e+02
# New trial
-4.6050e+02 -4.5178e+02 -3.9708e+02 -4.7720e+02
-4.6026e+02 -4.4919e+02 -3.5448e+02 -8.8556e+01
-4.5995e+02 -4.4598e+02 -3.2293e+02 -2.2045e+02
-4.6035e+02 -4.4998e+02 -3.5241e+02 -4.0481e+02
# New trial
-4.6069e+02 -4.5348e+02 -3.9559e+02 -2.9502e+02
-4.6020e+02 -4.4852e+02 -3.4564e+02 -9.6742e+01
-4.5941e+02 -4.4065e+02 -2.7926e+02 -1.9339e+02
-4.5967e+02 -4.4317e+02 -2.9366e+02 -4.5403e+02
# New trial
-4.6014e+02 -4.4843e+02 -3.8283e+02 -6.3693e+02
-4.5938e+02 -4.4065e+02 -2.9399e+02 -3.8174e+01
-4.5807e+02 -4.2751e+02 -2.0598e+02 -2.3278e+02
-4.5833e+02 -4.2991e+02 -1.9929e+02 -4.2037e+02
# New trial
-4.6047e+02 -4.5152e+02 -3.9144e+02 -3.2614e+02
-4.6013e+02 -4.4800e+02 -3.4621e+02 -7.9584e+01
-4.5959e+02 -4.4250e+02 -2.9614e+02 -2.2719e+02
-4.5970e+02 -4.4351e+02 -2.9621e+02 -4.2040e+02
# New trial
-4.6006e+02 -4.4741e+02 -3.6397e+02 -6.1039e+02
-4.5942e+02 -4.4096e+02 -2.9636e+02 -8.7602e+01
-4.5801e+02 -4.2709e+02 -2.3350e+02 -3.4516e+02
-4.5816e+02 -4.2841e+02 -2.3093e+02 -6.9224e+02
# New trial
-4.6053e+02 -4.5187e+02 -3.8246e+02 -1.8947e+02
-4.6004e+02 -4.4699e+02 -3.3518e+02 -5.8676e+01
-4.5907e+02 -4.3731e+02 -2.6514e+02 -1.8925e+02
-4.5860e+02 -4.3256e+02 -2.1987e+02 -4.1425e+02
# New trial
-4.6054e+02 -4.5190e+02 -3.8011e+02 -1.7313e+02
-4.6020e+02 -4.4846e+02 -3.4012e+02 -3.5616e+01
-4.5927e+02 -4.3917e+02 -2.6546e+02 -1.3437e+02
-4.5799e+02 -4.2644e+02 -1.6722e+02 -1.5394e+02
# New trial
-4.6075e+02 -4.5404e+02 -3.9923e+02 -2.1542e+02
-4.6054e+02 -4.5187e+02 -3.7357e+02 -1.0721e+02
-4.5998e+02 -4.4626e+02 -3.2495e+02 -2.2702e+02
-4.6007e+02 -4.4715e+02 -3.2748e+02 -4.0739e+02
# New trial
-1.3373e+02 -1.3280e+02 -1.2360e+02 -6.2492e+01
-1.3371e+02 -1.3260e+02 -1.2172e+02 -4.8996e+01
-1.3366e+02 -1.3209e+02 -1.1658e+02 -4.4356e+01
-1.3364e+02 -1.3185e+02 -1.1415e+02 -5.3676e+01
# New trial
-4.6048e+02 -4.5140e+02 -3.7952e+02 -2.4727e+02
-4.5993e+02 -4.4598e+02 -3.2716e+02 -4.3691e+01
-4.5888e+02 -4.3545e+02 -2.5135e+02 -1.9504e+02
-4.5928e+02 -4.3938e+02 -2.6560e+02 -4.0225e+02
# New trial
-4.6049e+02 -4.5194e+02 -4.1166e+02 -7.7337e+02
-4.6009e+02 -4.4765e+02 -3.4616e+02 -1.2205e+02
-4.5973e+02 -4.4398e+02 -3.1336e+02 -3.4563e+02
-4.6029e+02 -4.4936e+02 -3.4645e+02 -2.8356e+02
# New trial
-4.6098e+02 -4.5621e+02 -4.1427e+02 -2.4106e+02
-4.6074e+02 -4.5379e+02 -3.8778e+02 -7.9235e+01
-4.6012e+02 -4.4758e+02 -3.2710e+02 -2.6357e+01
-4.5942e+02 -4.4061e+02 -2.6138e+02 -2.8878e+01
# New trial
-4.6034e+02 -4.5050e+02 -4.1449e+02 -1.1795e+03
-4.5971e+02 -4.4392e+02 -3.1420e+02 -1.8173e+02
-4.5877e+02 -4.3445e+02 -2.4468e+02 -4.0997e+02
-4.5978e+02 -4.4427e+02 -3.0693e+02 -6.6928e+02
# New trial
-4.6056e+02 -4.5223e+02 -3.8913e+02 -3.7342e+02
-4.6022e+02 -4.4875e+02 -3.4695e+02 -6.9400e+01
-4.5941e+02 -4.4063e+02 -2.7500e+02 -9.4596e+01
-4.5928e+02 -4.3924e+02 -2.5790e+02 -2.7668e+02
# New trial
-4.6051e+02 -4.5193e+02 -3.9438e+02 -4.0388e+02
-4.5994e+02 -4.4610e+02 -3.3014e+02 -5.4227e+01
-4.5892e+02 -4.3584e+02 -2.5558e+02 -2.3963e+02
-4.5952e+02 -4.4170e+02 -2.8107e+02 -3.8648e+02
# New trial
-4.6112e+02 -4.5763e+02 -4.2481e+02 -2.2759e+02
-4.6097e+02 -4.5605e+02 -4.0844e+02 -1.4641e+02
-4.6053e+02 -4.5174e+02 -3.6696e+02 -9.5034e+01
-4.5984e+02 -4.4483e+02 -3.0248e+02 -1.1874e+02
# New trial
-4.6067e+02 -4.5326e+02 -3.9289e+02 -3.0025e+02
-4.6030e+02 -4.4948e+02 -3.5095e+02 -4.2983e+01
-4.5937e+02 -4.4017e+02 -2.6478e+02 -2.4629e+01
-4.5848e+02 -4.3128e+02 -1.9039e+02 -3.5553e+01
# New trial
-4.6040e+02 -4.5050e+02 -3.6247e+02 -7.6951e+01
-4.5990e+02 -4.4551e+02 -3.1829e+02 -2.8084e+01
-4.5875e+02 -4.3410e+02 -2.3721e+02 -8.9381e+01
-4.5844e+02 -4.3099e+02 -2.0994e+02 -3.2187e+02
# New trial
-3.0425e+02 -3.0116e+02 -2.7269e+02 -1.7114e+02
-3.0419e+02 -3.0049e+02 -2.6450e+02 -7.3617e+01
-3.0394e+02 -2.9804e+02 -2.4011e+02 -4.2137e+01
-3.0361e+02 -2.9478e+02 -2.0927e+02 -7.2782e+01
# New trial
-4.6108e+02 -4.5724e+02 -4.2139e+02 -2.1102e+02
-4.6091e+02 -4.5554e+02 -4.0363e+02 -1.0865e+02
-4.6049e+02 -4.5126e+02 -3.6167e+02 -6.8876e+01
-4.6026e+02 -4.4903e+02 -3.3891e+02 -8.1617e+01
# New trial
-4.6052e+02 -4.5164e+02 -3.7558e+02 -4.2255e+02
-4.6021e+02 -4.4860e+02 -3.4245e+02 -1.1130e+02
-4.5929e+02 -4.3935e+02 -2.6487e+02 -1.6674e+02
-4.5888e+02 -4.3523e+02 -2.2996e+02 -3.1187e+02
# New trial
-4.6069e+02 -4.5356e+02 -4.1062e+02 -5.7149e+02
-4.6024e+02 -4.4895e+02 -3.5100e+02 -7.7595e+01
-4.5944e+02 -4.4095e+02 -2.8221e+02 -1.7074e+02
-4.5923e+02 -4.3884e+02 -2.6438e+02 -4.8324e+02
# New trial
-4.6107e+02 -4.5718e+02 -4.3234e+02 -5.9062e+02
-4.6089e+02 -4.5534e+02 -4.0342e+02 -1.4166e+02
-4.6060e+02 -4.5244e+02 -3.7432e+02 -1.5496e+02
-4.6044e+02 -4.5084e+02 -3.5821e+02 -2.0099e+02
# New trial
-4.5984e+02 -4.4527e+02 -3.3600e+02 -2.2316e+02
-4.5910e+02 -4.3779e+02 -2.6673e+02 -6.7884e+01
-4.5722e+02 -4.1892e+02 -1.5072e+02 -1.1646e+02
-4.5703e+02 -4.1696e+02 -1.3273e+02 -2.6772e+02
# New trial
-4.6056e+02 -4.5217e+02 -3.8409e+02 -2.2936e+02
-4.6007e+02 -4.4723e+02 -3.3361e+02 -4.8676e+01
-4.5896e+02 -4.3624e+02 -2.5343e+02 -1.5905e+02
-4.5877e+02 -4.3428e+02 -2.3205e+02 -3.9541e+02
# New trial
-4.6060e+02 -4.5242e+02 -3.8063e+02 -1.5765e+02
-4.6034e+02 -4.4981e+02 -3.5198e+02 -6.2106e+01
-4.5957e+02 -4.4212e+02 -2.8036e+02 -6.8834e+01
-4.5871e+02 -4.3355e+02 -2.1244e+02 -1.8261e+02
# New trial
