# 10.0sig - Array shape (trial/sig/alpha): (30L, 4L, 4L)
-2.6452e+03 -2.5929e+04 -2.5886e+05 -2.5882e+06
-8.8772e+02 -8.3027e+03 -8.2603e+04 -8.2561e+05
-2.9133e+02 -1.0032e+03 -9.4600e+03 -9.4161e+04
-1.6412e+02 -1.0852e+02 -1.6868e+02 -1.1364e+03
# New trial
-8.5073e+02 -7.7653e+03 -7.7222e+04 -7.7181e+05
-5.2475e+02 -4.4528e+03 -4.4105e+04 -4.4063e+05
-2.3921e+02 -3.0803e+02 -2.4640e+03 -2.4225e+04
-1.7871e+02 -1.4062e+02 -1.3400e+02 -1.4318e+02
# New trial
-1.0619e+03 -9.4803e+03 -9.4346e+04 -9.4304e+05
-5.5965e+02 -4.1579e+03 -4.1072e+04 -4.1031e+05
-2.9116e+02 -4.6554e+02 -3.8545e+03 -3.8129e+04
-1.7564e+02 -1.3207e+02 -1.2400e+02 -1.2722e+02
# New trial
-7.6922e+02 -6.0196e+03 -5.9766e+04 -5.9725e+05
-3.9185e+02 -1.8558e+03 -1.7996e+04 -1.7954e+05
-2.2463e+02 -3.0347e+02 -1.8641e+03 -1.8071e+04
-1.7366e+02 -1.4697e+02 -1.4070e+02 -1.4163e+02
# New trial
-6.3918e+02 -5.1350e+03 -5.0924e+04 -5.0882e+05
-5.0433e+02 -3.7763e+03 -3.7347e+04 -3.7306e+05
-3.4202e+02 -4.7167e+02 -3.3970e+03 -3.3437e+04
-1.3823e+02 -1.0615e+02 -1.0626e+02 -1.5167e+02
# New trial
-2.1893e+03 -2.1424e+04 -2.1383e+05 -2.1378e+06
-7.0340e+02 -6.1605e+03 -6.1115e+04 -6.1073e+05
-2.2554e+02 -5.1376e+02 -4.6889e+03 -4.6474e+04
-1.5750e+02 -1.1807e+02 -1.0586e+02 -2.4006e+02
# New trial
-8.4646e+02 -7.6068e+03 -7.5647e+04 -7.5605e+05
-4.2914e+02 -2.6838e+03 -2.6324e+04 -2.6282e+05
-2.4705e+02 -3.1541e+02 -2.3312e+03 -2.2897e+04
-1.8552e+02 -1.3050e+02 -1.2457e+02 -1.2654e+02
# New trial
-2.2132e+03 -2.1566e+04 -2.1524e+05 -2.1520e+06
-8.1240e+02 -7.4406e+03 -7.3976e+04 -7.3935e+05
-2.2904e+02 -3.7197e+02 -3.1260e+03 -3.0845e+04
-1.3624e+02 -1.0017e+02 -9.6198e+01 -9.3284e+01
# New trial
-8.5828e+02 -7.4475e+03 -7.4051e+04 -7.4010e+05
-4.6079e+02 -2.6201e+03 -2.5738e+04 -2.5697e+05
-3.7419e+02 -4.4475e+02 -2.7555e+03 -2.7092e+04
-2.6354e+02 -1.4353e+02 -1.2745e+02 -1.4810e+02
# New trial
-1.2641e+03 -1.1869e+04 -1.1824e+05 -1.1819e+06
-5.4225e+02 -4.2308e+03 -4.1825e+04 -4.1783e+05
-3.2299e+02 -7.6911e+02 -6.7924e+03 -6.7493e+04
-1.5159e+02 -1.1150e+02 -1.0481e+02 -1.4572e+02
# New trial
-1.6544e+03 -1.6033e+04 -1.5992e+05 -1.5988e+06
-4.5473e+02 -3.1882e+03 -3.1429e+04 -3.1387e+05
-2.6012e+02 -3.2897e+02 -2.0510e+03 -2.0005e+04
-1.7268e+02 -1.2479e+02 -1.2426e+02 -1.2193e+02
# New trial
-2.3160e+03 -2.2669e+04 -2.2627e+05 -2.2623e+06
-8.8558e+02 -7.8594e+03 -7.8164e+04 -7.8123e+05
-2.8827e+02 -4.1978e+02 -3.7086e+03 -3.6671e+04
-1.3978e+02 -1.0844e+02 -1.0625e+02 -1.2868e+02
# New trial
-9.6442e+02 -9.0456e+03 -9.0039e+04 -8.9997e+05
-4.6759e+02 -3.2765e+03 -3.2322e+04 -3.2280e+05
-2.7683e+02 -2.7620e+02 -2.0879e+03 -2.0463e+04
-1.7593e+02 -1.5213e+02 -1.4960e+02 -1.9024e+02
# New trial
-2.0931e+03 -2.0438e+04 -2.0396e+05 -2.0392e+06
-6.1113e+02 -4.7830e+03 -4.7404e+04 -4.7362e+05
-2.7456e+02 -4.0178e+02 -2.8533e+03 -2.8006e+04
-1.8570e+02 -1.3759e+02 -1.2466e+02 -1.2665e+02
# New trial
-3.9939e+03 -3.9484e+04 -3.9442e+05 -3.9438e+06
-1.1864e+03 -1.1397e+04 -1.1355e+05 -1.1351e+06
-2.5928e+02 -4.9827e+02 -4.4626e+03 -4.4211e+04
-1.3441e+02 -1.0450e+02 -9.6922e+01 -9.6990e+01
# New trial
-1.0445e+03 -9.5472e+03 -9.5011e+04 -9.4969e+05
-5.9536e+02 -5.0744e+03 -5.0326e+04 -5.0284e+05
-2.4242e+02 -5.2683e+02 -4.7519e+03 -4.7103e+04
-1.3827e+02 -9.4241e+01 -9.2557e+01 -1.7682e+02
# New trial
-2.3478e+03 -2.3049e+04 -2.3007e+05 -2.3003e+06
-8.2723e+02 -7.6051e+03 -7.5629e+04 -7.5587e+05
-2.4799e+02 -4.0317e+02 -3.1455e+03 -3.1038e+04
-1.4579e+02 -8.3458e+01 -8.3112e+01 -8.5822e+01
# New trial
-1.2638e+03 -1.2058e+04 -1.2016e+05 -1.2011e+06
-4.9592e+02 -4.1335e+03 -4.0916e+04 -4.0874e+05
-2.1319e+02 -3.9055e+02 -3.1899e+03 -3.1483e+04
-1.5433e+02 -1.1350e+02 -1.1082e+02 -1.1748e+02
# New trial
-1.0351e+03 -9.4481e+03 -9.4061e+04 -9.4019e+05
-3.6796e+02 -1.7887e+03 -1.7434e+04 -1.7392e+05
-2.2430e+02 -3.9807e+02 -3.3031e+03 -3.2601e+04
-1.3027e+02 -8.3581e+01 -1.0864e+02 -6.4553e+02
# New trial
-3.5773e+03 -3.5311e+04 -3.5269e+05 -3.5265e+06
-1.6148e+03 -1.5729e+04 -1.5688e+05 -1.5683e+06
-2.1010e+02 -5.1357e+02 -4.7066e+03 -4.6651e+04
-1.1924e+02 -9.6037e+01 -9.2717e+01 -1.8774e+02
# New trial
-2.6512e+03 -2.6048e+04 -2.6007e+05 -2.6003e+06
-9.0358e+02 -8.2137e+03 -8.1659e+04 -8.1618e+05
-1.9101e+02 -6.4309e+02 -5.9451e+03 -5.9034e+04
-1.1780e+02 -8.7450e+01 -7.9904e+01 -2.8929e+02
# New trial
-1.3449e+03 -1.2861e+04 -1.2819e+05 -1.2815e+06
-6.6415e+02 -6.0090e+03 -5.9671e+04 -5.9629e+05
-1.8365e+02 -2.6539e+02 -2.0789e+03 -2.0374e+04
-1.3452e+02 -1.1563e+02 -1.1530e+02 -1.1547e+02
# New trial
-1.3343e+03 -1.2686e+04 -1.2643e+05 -1.2639e+06
-5.8610e+02 -4.7786e+03 -4.7319e+04 -4.7275e+05
-3.0051e+02 -6.6211e+02 -5.9664e+03 -5.9244e+04
-1.9468e+02 -1.3574e+02 -2.7041e+02 -2.2861e+03
# New trial
-2.5961e+03 -2.5369e+04 -2.5326e+05 -2.5322e+06
-1.2234e+03 -1.1484e+04 -1.1442e+05 -1.1438e+06
-1.9778e+02 -4.0509e+02 -3.5166e+03 -3.4749e+04
-1.1318e+02 -9.8877e+01 -9.8269e+01 -2.4642e+02
# New trial
-9.1380e+02 -8.4130e+03 -8.3701e+04 -8.3659e+05
-4.4674e+02 -3.2609e+03 -3.2166e+04 -3.2125e+05
-2.9551e+02 -5.4107e+02 -4.5665e+03 -4.5250e+04
-1.8028e+02 -1.1031e+02 -1.0416e+02 -2.6379e+02
# New trial
-8.7926e+02 -8.2377e+03 -8.1962e+04 -8.1920e+05
-4.5004e+02 -3.1099e+03 -3.0678e+04 -3.0636e+05
-2.4251e+02 -3.6167e+02 -2.7718e+03 -2.7291e+04
-1.7116e+02 -1.2688e+02 -1.1534e+02 -1.1735e+02
# New trial
-1.6980e+03 -1.6452e+04 -1.6411e+05 -1.6407e+06
-6.9446e+02 -6.3762e+03 -6.3342e+04 -6.3301e+05
-2.8133e+02 -5.6478e+02 -4.6362e+03 -4.5890e+04
-1.7017e+02 -1.1389e+02 -1.0820e+02 -1.0708e+02
# New trial
-9.9549e+02 -9.1833e+03 -9.1406e+04 -9.1365e+05
-4.7904e+02 -3.9506e+03 -3.9090e+04 -3.9048e+05
-2.7791e+02 -4.8341e+02 -4.2814e+03 -4.2395e+04
-1.7924e+02 -1.2517e+02 -1.1213e+02 -4.1579e+02
# New trial
-9.2927e+02 -8.7216e+03 -8.6796e+04 -8.6754e+05
-5.6904e+02 -4.6982e+03 -4.6552e+04 -4.6510e+05
-2.5410e+02 -9.7770e+02 -9.3574e+03 -9.3159e+04
-1.4657e+02 -1.1053e+02 -1.7612e+02 -1.2781e+03
# New trial
-1.4944e+03 -1.4362e+04 -1.4320e+05 -1.4316e+06
-4.8748e+02 -3.9439e+03 -3.8982e+04 -3.8941e+05
-2.0715e+02 -4.6100e+02 -4.1313e+03 -4.0897e+04
-1.7415e+02 -1.3681e+02 -1.2676e+02 -2.4361e+02
# New trial
