# 0.1sig - Array shape (trial/sig/alpha): (30L, 4L, 4L)
-1.1472e+02 -1.0997e+02 -1.3267e+02 -8.4645e+02
-1.1469e+02 -1.0923e+02 -9.5751e+01 -3.4422e+02
-1.1467e+02 -1.0874e+02 -9.0225e+01 -4.5354e+02
-1.1514e+02 -1.1306e+02 -1.0360e+02 -4.5147e+02
# New trial
-1.1490e+02 -1.1090e+02 -9.6082e+01 -2.8463e+02
-1.1484e+02 -1.1031e+02 -8.5904e+01 -1.7840e+02
-1.1473e+02 -1.0905e+02 -7.3782e+01 -1.7919e+02
-1.1495e+02 -1.1112e+02 -8.8086e+01 -2.2303e+02
# New trial
-1.1486e+02 -1.1067e+02 -1.1377e+02 -5.7306e+02
-1.1475e+02 -1.0932e+02 -8.3426e+01 -3.2216e+02
-1.1450e+02 -1.0676e+02 -6.9591e+01 -3.3761e+02
-1.1472e+02 -1.0890e+02 -9.3623e+01 -4.9878e+02
# New trial
-1.1492e+02 -1.1122e+02 -1.3479e+02 -9.4026e+02
-1.1479e+02 -1.0973e+02 -8.2153e+01 -3.5895e+02
-1.1455e+02 -1.0722e+02 -5.7624e+01 -1.8080e+02
-1.1472e+02 -1.0883e+02 -6.9536e+01 -5.0388e+01
# New trial
-1.1504e+02 -1.1253e+02 -1.2819e+02 -6.9078e+02
-1.1494e+02 -1.1122e+02 -9.1431e+01 -2.0856e+02
-1.1483e+02 -1.1002e+02 -7.4602e+01 -1.6852e+02
-1.1506e+02 -1.1220e+02 -8.8590e+01 -1.8519e+02
# New trial
-1.1504e+02 -1.1225e+02 -1.0578e+02 -3.6563e+02
-1.1498e+02 -1.1155e+02 -9.2029e+01 -1.8552e+02
-1.1492e+02 -1.1088e+02 -8.1297e+01 -1.9557e+02
-1.1518e+02 -1.1339e+02 -9.7591e+01 -1.6473e+02
# New trial
-1.1479e+02 -1.0995e+02 -9.1026e+01 -3.0851e+02
-1.1477e+02 -1.0957e+02 -7.8413e+01 -2.0903e+02
-1.1470e+02 -1.0874e+02 -6.5005e+01 -1.7314e+02
-1.1499e+02 -1.1151e+02 -8.1785e+01 -8.4278e+01
# New trial
-1.1486e+02 -1.1091e+02 -1.3772e+02 -8.8581e+02
-1.1484e+02 -1.1030e+02 -9.3891e+01 -3.3091e+02
-1.1485e+02 -1.1018e+02 -8.5856e+01 -4.2001e+02
-1.1520e+02 -1.1363e+02 -1.0601e+02 -5.7901e+02
# New trial
-1.1465e+02 -1.0911e+02 -1.1035e+02 -5.2536e+02
-1.1457e+02 -1.0810e+02 -8.9814e+01 -3.4694e+02
-1.1458e+02 -1.0780e+02 -8.0522e+01 -3.7809e+02
-1.1510e+02 -1.1269e+02 -1.0525e+02 -4.4682e+02
# New trial
-1.1476e+02 -1.0972e+02 -9.8207e+01 -4.2791e+02
-1.1470e+02 -1.0893e+02 -8.2262e+01 -2.9145e+02
-1.1462e+02 -1.0801e+02 -6.9315e+01 -2.4886e+02
-1.1493e+02 -1.1096e+02 -8.3886e+01 -3.2460e+02
# New trial
-1.1505e+02 -1.1242e+02 -1.0625e+02 -3.4762e+02
-1.1491e+02 -1.1095e+02 -9.2487e+01 -3.2317e+02
-1.1457e+02 -1.0755e+02 -6.8436e+01 -1.9025e+02
-1.1478e+02 -1.0955e+02 -8.2462e+01 -2.8091e+02
# New trial
-1.1489e+02 -1.1118e+02 -1.3280e+02 -8.8892e+02
-1.1478e+02 -1.0995e+02 -1.0135e+02 -4.2588e+02
-1.1473e+02 -1.0914e+02 -7.7350e+01 -2.8177e+02
-1.1514e+02 -1.1302e+02 -9.6687e+01 -2.1843e+02
# New trial
-1.1488e+02 -1.1116e+02 -1.4061e+02 -9.1163e+02
-1.1486e+02 -1.1058e+02 -9.5160e+01 -3.6990e+02
-1.1485e+02 -1.1027e+02 -8.2114e+01 -3.3607e+02
-1.1521e+02 -1.1368e+02 -1.0196e+02 -3.7158e+02
# New trial
-1.1512e+02 -1.1314e+02 -1.2213e+02 -5.6399e+02
-1.1497e+02 -1.1144e+02 -8.8304e+01 -2.4583e+02
-1.1479e+02 -1.0953e+02 -7.4179e+01 -2.9470e+02
-1.1487e+02 -1.1034e+02 -8.0852e+01 -2.8728e+02
# New trial
-1.1475e+02 -1.1048e+02 -1.3014e+02 -6.7642e+02
-1.1450e+02 -1.0739e+02 -8.6291e+01 -4.5213e+02
-1.1439e+02 -1.0580e+02 -6.3686e+01 -2.6941e+02
-1.1503e+02 -1.1198e+02 -8.8739e+01 -2.4616e+02
# New trial
-1.1473e+02 -1.1007e+02 -1.4253e+02 -9.7565e+02
-1.1458e+02 -1.0805e+02 -1.0067e+02 -5.4943e+02
-1.1441e+02 -1.0622e+02 -1.0370e+02 -7.4619e+02
-1.1493e+02 -1.1107e+02 -1.0127e+02 -5.1689e+02
# New trial
-1.1475e+02 -1.0998e+02 -1.1591e+02 -6.2005e+02
-1.1472e+02 -1.0922e+02 -8.7037e+01 -3.7866e+02
-1.1467e+02 -1.0848e+02 -7.1837e+01 -3.1147e+02
-1.1499e+02 -1.1150e+02 -8.6889e+01 -3.7111e+02
# New trial
-1.1497e+02 -1.1150e+02 -1.0633e+02 -5.2900e+02
-1.1489e+02 -1.1060e+02 -8.4442e+01 -2.7144e+02
-1.1473e+02 -1.0895e+02 -7.2628e+01 -3.2031e+02
-1.1488e+02 -1.1045e+02 -8.5439e+01 -3.6917e+02
# New trial
-1.1497e+02 -1.1151e+02 -9.7472e+01 -3.2249e+02
-1.1488e+02 -1.1059e+02 -8.6078e+01 -2.2776e+02
-1.1482e+02 -1.0995e+02 -7.6630e+01 -2.1166e+02
-1.1508e+02 -1.1240e+02 -9.4167e+01 -2.6325e+02
# New trial
-1.1481e+02 -1.1050e+02 -1.3101e+02 -8.7042e+02
-1.1472e+02 -1.0932e+02 -8.8799e+01 -3.0891e+02
-1.1459e+02 -1.0773e+02 -7.1460e+01 -3.3502e+02
-1.1494e+02 -1.1098e+02 -8.0652e+01 -2.0102e+02
# New trial
-1.1485e+02 -1.1058e+02 -1.1747e+02 -6.6002e+02
-1.1480e+02 -1.0990e+02 -8.7148e+01 -3.3582e+02
-1.1479e+02 -1.0962e+02 -8.1323e+01 -3.6523e+02
-1.1514e+02 -1.1307e+02 -9.7416e+01 -3.3109e+02
# New trial
-1.1502e+02 -1.1213e+02 -1.2062e+02 -6.3966e+02
-1.1491e+02 -1.1097e+02 -9.5509e+01 -3.1052e+02
-1.1482e+02 -1.0993e+02 -8.1350e+01 -3.1201e+02
-1.1512e+02 -1.1286e+02 -9.5224e+01 -2.0694e+02
# New trial
-1.1483e+02 -1.1008e+02 -8.6893e+01 -2.8616e+02
-1.1479e+02 -1.0962e+02 -7.7086e+01 -2.3597e+02
-1.1470e+02 -1.0872e+02 -6.5406e+01 -1.3941e+02
-1.1499e+02 -1.1149e+02 -8.2601e+01 -1.4970e+02
# New trial
-1.1473e+02 -1.0948e+02 -9.1300e+01 -3.2566e+02
-1.1476e+02 -1.0941e+02 -7.3422e+01 -1.7810e+02
-1.1481e+02 -1.0973e+02 -7.1152e+01 -1.9335e+02
-1.1511e+02 -1.1276e+02 -9.4653e+01 -3.4369e+02
# New trial
-1.1502e+02 -1.1202e+02 -1.1121e+02 -7.0298e+02
-1.1503e+02 -1.1202e+02 -9.3574e+01 -2.1328e+02
-1.1499e+02 -1.1154e+02 -8.4431e+01 -1.9002e+02
-1.1513e+02 -1.1290e+02 -9.4555e+01 -2.9823e+02
# New trial
-1.1491e+02 -1.1159e+02 -1.3656e+02 -8.2771e+02
-1.1478e+02 -1.0965e+02 -8.5267e+01 -3.6118e+02
-1.1468e+02 -1.0855e+02 -7.8434e+01 -3.4043e+02
-1.1497e+02 -1.1138e+02 -9.2500e+01 -3.9869e+02
# New trial
-1.1488e+02 -1.1059e+02 -9.3174e+01 -3.8277e+02
-1.1494e+02 -1.1113e+02 -8.7162e+01 -2.3267e+02
-1.1504e+02 -1.1204e+02 -8.8827e+01 -1.8542e+02
-1.1527e+02 -1.1432e+02 -1.0589e+02 -1.4823e+02
# New trial
-1.1492e+02 -1.1162e+02 -1.3703e+02 -8.1838e+02
-1.1476e+02 -1.0956e+02 -9.0745e+01 -4.5673e+02
-1.1459e+02 -1.0776e+02 -7.9556e+01 -4.5890e+02
-1.1499e+02 -1.1156e+02 -9.4673e+01 -5.0058e+02
# New trial
-1.1487e+02 -1.1052e+02 -9.9354e+01 -3.9046e+02
-1.1480e+02 -1.0978e+02 -8.6399e+01 -3.1372e+02
-1.1463e+02 -1.0797e+02 -6.6707e+01 -2.6216e+02
-1.1485e+02 -1.1011e+02 -7.5533e+01 -1.1865e+02
# New trial
-1.1487e+02 -1.1071e+02 -9.9698e+01 -4.2095e+02
-1.1492e+02 -1.1099e+02 -8.8027e+01 -2.2416e+02
-1.1505e+02 -1.1215e+02 -9.0402e+01 -2.2428e+02
-1.1525e+02 -1.1416e+02 -1.0618e+02 -3.0879e+02
# New trial
