# 0.01 sig - Array shape (trial/sig/alpha): (30L, 4L, 4L)
-4.5661e+02 -4.1591e+02 -2.0715e+02 -3.5713e+01
-4.5636e+02 -4.1333e+02 -2.0301e+02 -1.1581e+02
-4.5503e+02 -4.0111e+02 -1.7789e+02 -2.8129e+02
-4.5326e+02 -3.8368e+02 -1.8801e+02 -9.5895e+02
# New trial
-4.5909e+02 -4.3854e+02 -3.0138e+02 -6.9877e+01
-4.5871e+02 -4.3478e+02 -2.8375e+02 -6.9321e+01
-4.5762e+02 -4.2451e+02 -2.5020e+02 -1.8981e+02
-4.5706e+02 -4.1886e+02 -2.4902e+02 -7.0402e+02
# New trial
-4.5992e+02 -4.4608e+02 -3.4341e+02 -6.5034e+01
-4.5987e+02 -4.4554e+02 -3.3791e+02 -8.2585e+01
-4.5956e+02 -4.4248e+02 -3.1645e+02 -1.7885e+02
-4.5913e+02 -4.3805e+02 -2.7945e+02 -4.0661e+02
# New trial
-4.5937e+02 -4.4063e+02 -3.0139e+02 -7.8404e+01
-4.5906e+02 -4.3751e+02 -2.8128e+02 -7.2498e+01
-4.5802e+02 -4.2730e+02 -2.2913e+02 -1.1509e+02
-4.5641e+02 -4.1150e+02 -1.7112e+02 -3.3658e+02
# New trial
-4.5973e+02 -4.4391e+02 -3.1374e+02 -6.0219e+01
-4.5967e+02 -4.4331e+02 -3.0784e+02 -7.3849e+01
-4.5927e+02 -4.3921e+02 -2.7354e+02 -1.0906e+02
-4.5803e+02 -4.2694e+02 -1.9435e+02 -3.4373e+02
# New trial
-4.5806e+02 -4.2836e+02 -2.4380e+02 -5.0404e+01
-4.5769e+02 -4.2493e+02 -2.3238e+02 -6.7733e+01
-4.5619e+02 -4.1098e+02 -1.9740e+02 -1.9214e+02
-4.5452e+02 -3.9463e+02 -1.8677e+02 -6.6017e+02
# New trial
-4.5840e+02 -4.3157e+02 -2.5045e+02 -4.6310e+01
-4.5834e+02 -4.3085e+02 -2.4133e+02 -6.8967e+01
-4.5771e+02 -4.2429e+02 -1.9850e+02 -2.1129e+02
-4.5587e+02 -4.0596e+02 -1.4821e+02 -5.6612e+02
# New trial
-4.5658e+02 -4.1631e+02 -2.2437e+02 -4.0705e+01
-4.5643e+02 -4.1460e+02 -2.2017e+02 -1.3716e+02
-4.5535e+02 -4.0403e+02 -2.1749e+02 -5.9786e+02
-4.5338e+02 -3.8528e+02 -2.6003e+02 -1.5909e+03
# New trial
-4.5894e+02 -4.3646e+02 -2.7350e+02 -4.1274e+01
-4.5851e+02 -4.3235e+02 -2.5605e+02 -5.6452e+01
-4.5698e+02 -4.1769e+02 -2.0889e+02 -2.4328e+02
-4.5482e+02 -3.9635e+02 -1.7959e+02 -8.1843e+02
# New trial
-4.5882e+02 -4.3519e+02 -2.5626e+02 -2.7623e+01
-4.5853e+02 -4.3226e+02 -2.3824e+02 -2.7266e+01
-4.5720e+02 -4.1912e+02 -1.7556e+02 -4.2004e+01
-4.5467e+02 -3.9431e+02 -1.0294e+02 -2.1326e+02
# New trial
-4.5996e+02 -4.4621e+02 -3.3397e+02 -4.1491e+01
-4.5972e+02 -4.4387e+02 -3.1877e+02 -7.6295e+01
-4.5870e+02 -4.3389e+02 -2.6080e+02 -1.6037e+02
-4.5657e+02 -4.1292e+02 -1.7050e+02 -3.9042e+02
# New trial
-4.5886e+02 -4.3625e+02 -2.8512e+02 -6.6031e+01
-4.5848e+02 -4.3253e+02 -2.6651e+02 -6.9111e+01
-4.5745e+02 -4.2284e+02 -2.3835e+02 -2.4360e+02
-4.5710e+02 -4.1903e+02 -2.4406e+02 -7.3385e+02
# New trial
-4.5795e+02 -4.2784e+02 -2.4786e+02 -4.6253e+01
-4.5791e+02 -4.2721e+02 -2.4383e+02 -6.4170e+01
-4.5727e+02 -4.2092e+02 -2.2471e+02 -2.7642e+02
-4.5620e+02 -4.1020e+02 -2.1069e+02 -8.0070e+02
# New trial
-4.5794e+02 -4.2810e+02 -2.5403e+02 -4.9338e+01
-4.5762e+02 -4.2503e+02 -2.3892e+02 -4.3874e+01
-4.5651e+02 -4.1422e+02 -1.9980e+02 -1.6755e+02
-4.5599e+02 -4.0857e+02 -2.0580e+02 -7.4329e+02
# New trial
-4.5848e+02 -4.3251e+02 -2.6281e+02 -4.1995e+01
-4.5834e+02 -4.3099e+02 -2.5271e+02 -4.6351e+01
-4.5771e+02 -4.2477e+02 -2.2082e+02 -1.5286e+02
-4.5684e+02 -4.1599e+02 -1.8238e+02 -4.3862e+02
# New trial
-4.5840e+02 -4.3168e+02 -2.5402e+02 -6.2617e+01
-4.5813e+02 -4.2891e+02 -2.3748e+02 -6.7723e+01
-4.5713e+02 -4.1905e+02 -1.8783e+02 -1.2837e+02
-4.5605e+02 -4.0808e+02 -1.5450e+02 -4.9762e+02
# New trial
-4.5909e+02 -4.3824e+02 -2.9369e+02 -4.9336e+01
-4.5890e+02 -4.3632e+02 -2.8252e+02 -5.0373e+01
-4.5824e+02 -4.2989e+02 -2.5620e+02 -1.8628e+02
-4.5776e+02 -4.2512e+02 -2.4399e+02 -5.9106e+02
# New trial
-4.5875e+02 -4.3515e+02 -2.7441e+02 -4.3940e+01
-4.5848e+02 -4.3248e+02 -2.6136e+02 -4.4295e+01
-4.5770e+02 -4.2510e+02 -2.3887e+02 -1.6953e+02
-4.5749e+02 -4.2273e+02 -2.3613e+02 -6.0120e+02
# New trial
-4.5817e+02 -4.2903e+02 -2.2519e+02 -3.3955e+01
-4.5777e+02 -4.2508e+02 -2.0561e+02 -4.2894e+01
-4.5603e+02 -4.0813e+02 -1.5393e+02 -1.8084e+02
-4.5353e+02 -3.8351e+02 -1.4347e+02 -6.1442e+02
# New trial
-4.5793e+02 -4.2807e+02 -2.5744e+02 -4.5794e+01
-4.5733e+02 -4.2232e+02 -2.3661e+02 -9.9377e+01
-4.5569e+02 -4.0767e+02 -2.2810e+02 -5.0225e+02
-4.5514e+02 -4.0140e+02 -2.2935e+02 -8.8096e+02
# New trial
-4.5811e+02 -4.2884e+02 -2.4917e+02 -5.7837e+01
-4.5801e+02 -4.2774e+02 -2.4195e+02 -1.0254e+02
-4.5735e+02 -4.2126e+02 -2.2119e+02 -4.2671e+02
-4.5595e+02 -4.0761e+02 -2.2787e+02 -1.1879e+03
# New trial
-4.5965e+02 -4.4349e+02 -3.2264e+02 -5.2229e+01
-4.5946e+02 -4.4147e+02 -3.0651e+02 -5.1833e+01
-4.5884e+02 -4.3541e+02 -2.6880e+02 -1.2574e+02
-4.5793e+02 -4.2638e+02 -2.1772e+02 -3.7688e+02
# New trial
-4.5894e+02 -4.3643e+02 -2.7847e+02 -4.3425e+01
-4.5880e+02 -4.3499e+02 -2.7087e+02 -9.3342e+01
-4.5801e+02 -4.2723e+02 -2.3300e+02 -2.2157e+02
-4.5594e+02 -4.0694e+02 -1.7154e+02 -6.5196e+02
# New trial
-4.5913e+02 -4.3821e+02 -2.8483e+02 -5.0392e+01
-4.5913e+02 -4.3807e+02 -2.8188e+02 -6.5880e+01
-4.5878e+02 -4.3464e+02 -2.6217e+02 -2.0484e+02
-4.5763e+02 -4.2336e+02 -2.1661e+02 -6.4992e+02
# New trial
-4.5973e+02 -4.4412e+02 -3.2808e+02 -6.6162e+01
-4.5947e+02 -4.4160e+02 -3.1358e+02 -9.0179e+01
-4.5847e+02 -4.3186e+02 -2.6370e+02 -1.7097e+02
-4.5693e+02 -4.1674e+02 -2.1358e+02 -6.5005e+02
# New trial
-4.5870e+02 -4.3413e+02 -2.6652e+02 -9.0886e+01
-4.5867e+02 -4.3370e+02 -2.6106e+02 -1.0164e+02
-4.5812e+02 -4.2824e+02 -2.2976e+02 -2.0377e+02
-4.5658e+02 -4.1308e+02 -1.7848e+02 -6.2342e+02
# New trial
-4.5822e+02 -4.2969e+02 -2.3942e+02 -3.4359e+01
-4.5791e+02 -4.2671e+02 -2.2979e+02 -7.8313e+01
-4.5653e+02 -4.1378e+02 -1.8436e+02 -1.7284e+02
-4.5463e+02 -3.9475e+02 -1.4748e+02 -5.8044e+02
# New trial
-4.5592e+02 -4.1093e+02 -2.0666e+02 -1.0573e+02
-4.5548e+02 -4.0713e+02 -2.0409e+02 -1.6913e+02
-4.5420e+02 -3.9653e+02 -2.0640e+02 -5.0668e+02
-4.5479e+02 -3.9977e+02 -2.6565e+02 -1.5670e+03
# New trial
-4.5945e+02 -4.4140e+02 -3.0057e+02 -5.0158e+01
-4.5912e+02 -4.3818e+02 -2.8057e+02 -5.0462e+01
-4.5790e+02 -4.2628e+02 -2.2288e+02 -1.3379e+02
-4.5603e+02 -4.0776e+02 -1.6427e+02 -5.8065e+02
# New trial
-4.5963e+02 -4.4321e+02 -3.1664e+02 -5.2383e+01
-4.5953e+02 -4.4214e+02 -3.0757e+02 -7.6858e+01
-4.5894e+02 -4.3625e+02 -2.6776e+02 -1.5779e+02
-4.5770e+02 -4.2386e+02 -1.9127e+02 -3.2252e+02
# New trial
