# 1.0sig - Array shape (trial/sig/alpha): (30L, 4L, 4L)
-4.6081e+02 -4.5477e+02 -4.2869e+02 -1.0615e+03
-4.6044e+02 -4.5094e+02 -3.7529e+02 -3.6720e+02
-4.5939e+02 -4.4042e+02 -2.7265e+02 -1.5943e+02
-4.5794e+02 -4.2593e+02 -1.8084e+02 -3.8471e+02
# New trial
-4.6085e+02 -4.5505e+02 -4.1511e+02 -4.9344e+02
-4.6044e+02 -4.5100e+02 -3.7176e+02 -2.3416e+02
-4.5941e+02 -4.4061e+02 -2.7095e+02 -4.9643e+01
-4.5856e+02 -4.3211e+02 -1.9395e+02 -4.6246e+01
# New trial
-4.6084e+02 -4.5490e+02 -4.1134e+02 -7.1796e+02
-4.6056e+02 -4.5207e+02 -3.7684e+02 -1.4254e+02
-4.5972e+02 -4.4366e+02 -2.9600e+02 -8.4329e+01
-4.5863e+02 -4.3276e+02 -2.1251e+02 -2.5375e+02
# New trial
-4.6099e+02 -4.5658e+02 -4.5344e+02 -2.2068e+03
-4.6067e+02 -4.5327e+02 -3.9958e+02 -5.1673e+02
-4.5978e+02 -4.4433e+02 -3.0078e+02 -6.2085e+01
-4.5895e+02 -4.3601e+02 -2.2470e+02 -7.3958e+01
# New trial
-4.6042e+02 -4.5111e+02 -4.2082e+02 -1.6068e+03
-4.6002e+02 -4.4693e+02 -3.5030e+02 -5.8516e+02
-4.5909e+02 -4.3749e+02 -2.4780e+02 -5.6292e+01
-4.5834e+02 -4.2986e+02 -1.8849e+02 -1.9782e+02
# New trial
-4.6093e+02 -4.5583e+02 -4.2669e+02 -1.2662e+03
-4.6067e+02 -4.5313e+02 -3.8677e+02 -3.4588e+02
-4.5995e+02 -4.4591e+02 -3.1439e+02 -8.4971e+01
-4.5914e+02 -4.3790e+02 -2.4518e+02 -1.7859e+02
# New trial
-4.6124e+02 -4.5892e+02 -4.5193e+02 -1.2334e+03
-4.6104e+02 -4.5682e+02 -4.1844e+02 -4.2664e+02
-4.6069e+02 -4.5329e+02 -3.8095e+02 -9.6320e+01
-4.6035e+02 -4.4993e+02 -3.4774e+02 -8.1297e+01
# New trial
-4.6076e+02 -4.5441e+02 -4.4375e+02 -1.5923e+03
-4.6034e+02 -4.4999e+02 -3.7439e+02 -8.6766e+02
-4.5935e+02 -4.4005e+02 -2.7011e+02 -5.6697e+01
-4.5860e+02 -4.3253e+02 -2.0714e+02 -1.0320e+02
# New trial
-4.6012e+02 -4.4824e+02 -3.8405e+02 -1.1049e+03
-4.5938e+02 -4.4068e+02 -2.9689e+02 -1.6076e+02
-4.5761e+02 -4.2282e+02 -1.5723e+02 -4.6348e+01
-4.5628e+02 -4.0959e+02 -1.1271e+02 -1.8119e+02
# New trial
-4.6071e+02 -4.5363e+02 -3.9974e+02 -4.0519e+02
-4.6034e+02 -4.4990e+02 -3.6102e+02 -1.7491e+02
-4.5938e+02 -4.4029e+02 -2.7027e+02 -5.8893e+01
-4.5828e+02 -4.2932e+02 -2.0153e+02 -3.0643e+02
# New trial
-4.6049e+02 -4.5170e+02 -4.0572e+02 -1.0717e+03
-4.6006e+02 -4.4739e+02 -3.6363e+02 -8.2249e+02
-4.5880e+02 -4.3455e+02 -2.2712e+02 -7.4721e+01
-4.5752e+02 -4.2179e+02 -1.3600e+02 -6.2535e+01
# New trial
-4.6089e+02 -4.5572e+02 -4.6154e+02 -1.7387e+03
-4.6044e+02 -4.5101e+02 -3.7820e+02 -5.3179e+02
-4.5947e+02 -4.4112e+02 -2.7505e+02 -1.1498e+02
-4.5821e+02 -4.2857e+02 -1.8487e+02 -8.4718e+01
# New trial
-4.6097e+02 -4.5652e+02 -4.6420e+02 -2.0078e+03
-4.6048e+02 -4.5142e+02 -3.8350e+02 -5.5492e+02
-4.5960e+02 -4.4252e+02 -2.8849e+02 -5.8722e+01
-4.5906e+02 -4.3707e+02 -2.4476e+02 -3.1112e+02
# New trial
-4.6080e+02 -4.5558e+02 -5.4981e+02 -3.3902e+03
-4.6013e+02 -4.4818e+02 -3.8067e+02 -8.4333e+02
-4.5877e+02 -4.3431e+02 -2.3527e+02 -8.0690e+01
-4.5762e+02 -4.2296e+02 -1.8851e+02 -4.6789e+02
# New trial
-4.6096e+02 -4.5627e+02 -4.4587e+02 -1.8934e+03
-4.6064e+02 -4.5296e+02 -3.9289e+02 -5.1497e+02
-4.5980e+02 -4.4448e+02 -3.0240e+02 -6.2320e+01
-4.5899e+02 -4.3634e+02 -2.3125e+02 -1.4703e+02
# New trial
-4.6030e+02 -4.5092e+02 -5.1794e+02 -2.9935e+03
-4.5959e+02 -4.4344e+02 -3.6534e+02 -9.8350e+02
-4.5797e+02 -4.2673e+02 -1.9587e+02 -5.6432e+01
-4.5735e+02 -4.2028e+02 -1.7932e+02 -5.4000e+02
# New trial
-4.6061e+02 -4.5274e+02 -4.0452e+02 -8.2796e+02
-4.6009e+02 -4.4754e+02 -3.5331e+02 -3.9041e+02
-4.5862e+02 -4.3291e+02 -2.3583e+02 -5.6979e+01
-4.5740e+02 -4.2073e+02 -1.5890e+02 -1.7741e+02
# New trial
-4.6069e+02 -4.5347e+02 -4.0368e+02 -5.5331e+02
-4.6033e+02 -4.4995e+02 -3.6932e+02 -3.7104e+02
-4.5929e+02 -4.3944e+02 -2.5971e+02 -5.1276e+01
-4.5856e+02 -4.3209e+02 -1.9496e+02 -4.7265e+01
# New trial
-4.6080e+02 -4.5488e+02 -4.6201e+02 -1.9449e+03
-4.6038e+02 -4.5051e+02 -3.9411e+02 -7.7079e+02
-4.5923e+02 -4.3881e+02 -2.5367e+02 -4.8394e+01
-4.5806e+02 -4.2719e+02 -1.8781e+02 -3.9380e+02
# New trial
-4.6100e+02 -4.5667e+02 -4.4305e+02 -1.5412e+03
-4.6083e+02 -4.5477e+02 -4.0893e+02 -5.0642e+02
-4.6028e+02 -4.4923e+02 -3.4291e+02 -1.0289e+02
-4.5958e+02 -4.4223e+02 -2.7870e+02 -9.7440e+01
# New trial
-4.6067e+02 -4.5361e+02 -4.4067e+02 -1.3700e+03
-4.6010e+02 -4.4779e+02 -3.5450e+02 -2.4020e+02
-4.5929e+02 -4.3950e+02 -2.6711e+02 -5.0112e+01
-4.5923e+02 -4.3879e+02 -2.4728e+02 -1.2912e+02
# New trial
-4.6093e+02 -4.5579e+02 -4.2247e+02 -9.7990e+02
-4.6071e+02 -4.5352e+02 -3.8839e+02 -1.9276e+02
-4.6012e+02 -4.4766e+02 -3.2973e+02 -1.6956e+02
-4.5932e+02 -4.3968e+02 -2.6191e+02 -2.9936e+02
# New trial
-4.6076e+02 -4.5452e+02 -4.4553e+02 -1.4487e+03
-4.6011e+02 -4.4788e+02 -3.6414e+02 -6.8256e+02
-4.5887e+02 -4.3545e+02 -2.4962e+02 -6.2046e+01
-4.5833e+02 -4.2989e+02 -2.0568e+02 -2.8326e+02
# New trial
-4.6069e+02 -4.5392e+02 -4.2687e+02 -7.4206e+02
-4.6003e+02 -4.4711e+02 -3.4946e+02 -4.0658e+02
-4.5839e+02 -4.3055e+02 -2.0479e+02 -4.8283e+01
-4.5675e+02 -4.1436e+02 -1.5452e+02 -4.2342e+02
# New trial
-4.6105e+02 -4.5831e+02 -5.5652e+02 -3.0369e+03
-4.6026e+02 -4.4949e+02 -3.8076e+02 -6.3621e+02
-4.5859e+02 -4.3247e+02 -2.0943e+02 -8.3147e+01
-4.5720e+02 -4.1862e+02 -1.2506e+02 -5.7952e+01
# New trial
-4.6101e+02 -4.5656e+02 -4.1795e+02 -3.9829e+02
-4.6062e+02 -4.5267e+02 -3.7998e+02 -1.3737e+02
-4.5973e+02 -4.4382e+02 -2.9838e+02 -5.4779e+01
-4.5902e+02 -4.3668e+02 -2.3534e+02 -1.7851e+02
# New trial
-4.6071e+02 -4.5374e+02 -4.2438e+02 -1.5136e+03
-4.6041e+02 -4.5074e+02 -3.7515e+02 -4.6302e+02
-4.5957e+02 -4.4219e+02 -2.8774e+02 -8.6370e+01
-4.5877e+02 -4.3420e+02 -2.1611e+02 -1.2416e+02
# New trial
-4.6061e+02 -4.5335e+02 -4.4799e+02 -1.5260e+03
-4.6002e+02 -4.4717e+02 -3.5817e+02 -6.4684e+02
-4.5859e+02 -4.3247e+02 -2.0795e+02 -7.3786e+01
-4.5730e+02 -4.1960e+02 -1.5124e+02 -3.2876e+02
# New trial
-4.6081e+02 -4.5469e+02 -4.1479e+02 -8.0548e+02
-4.6039e+02 -4.5048e+02 -3.6717e+02 -3.7274e+02
-4.5937e+02 -4.4030e+02 -2.7619e+02 -5.3547e+01
-4.5868e+02 -4.3338e+02 -2.1680e+02 -2.1204e+02
# New trial
-4.6071e+02 -4.5364e+02 -4.0384e+02 -7.2565e+02
-4.6045e+02 -4.5105e+02 -3.7310e+02 -3.5734e+02
-4.5964e+02 -4.4287e+02 -2.8704e+02 -7.5703e+01
-4.5868e+02 -4.3329e+02 -2.0858e+02 -1.3443e+02
# New trial
