# 0.1sig - Array shape (trial/sig/alpha): (30L, 4L, 4L)
-4.5777e+02 -4.2570e+02 -2.4302e+02 -8.6734e+01
-4.5749e+02 -4.2294e+02 -2.3008e+02 -6.0668e+01
-4.5624e+02 -4.1107e+02 -1.9160e+02 -1.0338e+02
-4.5489e+02 -3.9799e+02 -1.7795e+02 -6.0667e+02
# New trial
-4.5788e+02 -4.2700e+02 -2.5107e+02 -6.6747e+01
-4.5762e+02 -4.2458e+02 -2.4251e+02 -6.1649e+01
-4.5670e+02 -4.1619e+02 -2.1986e+02 -1.1342e+02
-4.5625e+02 -4.1176e+02 -2.2919e+02 -6.9586e+02
# New trial
-4.5840e+02 -4.3189e+02 -2.8242e+02 -9.4327e+01
-4.5818e+02 -4.2976e+02 -2.6748e+02 -6.2613e+01
-4.5731e+02 -4.2143e+02 -2.3110e+02 -1.2727e+02
-4.5608e+02 -4.0944e+02 -2.0254e+02 -5.4998e+02
# New trial
-4.5838e+02 -4.3118e+02 -2.5230e+02 -6.6993e+01
-4.5801e+02 -4.2751e+02 -2.3211e+02 -6.5780e+01
-4.5676e+02 -4.1555e+02 -1.9104e+02 -1.3310e+02
-4.5536e+02 -4.0182e+02 -1.7330e+02 -5.6330e+02
# New trial
-4.5724e+02 -4.2206e+02 -2.4996e+02 -9.6109e+01
-4.5695e+02 -4.1937e+02 -2.3825e+02 -6.9890e+01
-4.5582e+02 -4.0883e+02 -2.0994e+02 -1.3942e+02
-4.5495e+02 -4.0049e+02 -2.4165e+02 -9.2773e+02
# New trial
-4.5773e+02 -4.2656e+02 -2.7842e+02 -2.4325e+02
-4.5735e+02 -4.2276e+02 -2.4639e+02 -5.7204e+01
-4.5611e+02 -4.1134e+02 -2.1928e+02 -1.9121e+02
-4.5528e+02 -4.0339e+02 -2.4724e+02 -8.3656e+02
# New trial
-4.5737e+02 -4.2202e+02 -2.3543e+02 -8.2614e+01
-4.5711e+02 -4.1962e+02 -2.2666e+02 -7.8418e+01
-4.5612e+02 -4.1031e+02 -2.0659e+02 -1.9501e+02
-4.5529e+02 -4.0238e+02 -2.3818e+02 -8.9414e+02
# New trial
-4.5772e+02 -4.2554e+02 -2.5058e+02 -5.9365e+01
-4.5742e+02 -4.2267e+02 -2.3555e+02 -5.3387e+01
-4.5616e+02 -4.1046e+02 -1.8012e+02 -1.2637e+02
-4.5471e+02 -3.9581e+02 -1.6110e+02 -6.2473e+02
# New trial
-4.5884e+02 -4.3572e+02 -2.8519e+02 -7.1969e+01
-4.5871e+02 -4.3442e+02 -2.7706e+02 -6.5581e+01
-4.5811e+02 -4.2853e+02 -2.4673e+02 -1.7734e+02
-4.5692e+02 -4.1690e+02 -2.1830e+02 -7.2618e+02
# New trial
-4.5732e+02 -4.2311e+02 -2.6711e+02 -4.4030e+02
-4.5703e+02 -4.1999e+02 -2.3215e+02 -5.9773e+01
-4.5617e+02 -4.1159e+02 -2.1251e+02 -2.9221e+02
-4.5594e+02 -4.0909e+02 -2.3838e+02 -1.0194e+03
# New trial
-4.5777e+02 -4.2655e+02 -2.6495e+02 -1.0499e+02
-4.5756e+02 -4.2460e+02 -2.5610e+02 -7.3422e+01
-4.5681e+02 -4.1755e+02 -2.4007e+02 -2.7013e+02
-4.5636e+02 -4.1305e+02 -2.6744e+02 -9.1151e+02
# New trial
-4.5791e+02 -4.2705e+02 -2.5221e+02 -8.4215e+01
-4.5774e+02 -4.2538e+02 -2.4188e+02 -7.5685e+01
-4.5700e+02 -4.1802e+02 -2.1112e+02 -1.5322e+02
-4.5579e+02 -4.0615e+02 -2.0938e+02 -8.2767e+02
# New trial
-4.5851e+02 -4.3272e+02 -2.7737e+02 -9.0380e+01
-4.5828e+02 -4.3055e+02 -2.6708e+02 -7.3688e+01
-4.5734e+02 -4.2173e+02 -2.3344e+02 -8.8482e+01
-4.5629e+02 -4.1186e+02 -2.3321e+02 -6.2755e+02
# New trial
-4.5730e+02 -4.2205e+02 -2.4328e+02 -6.6555e+01
-4.5688e+02 -4.1823e+02 -2.2976e+02 -6.4856e+01
-4.5552e+02 -4.0608e+02 -2.1158e+02 -2.0395e+02
-4.5508e+02 -4.0181e+02 -2.3977e+02 -9.0635e+02
# New trial
-4.5761e+02 -4.2525e+02 -2.5251e+02 -6.9302e+01
-4.5733e+02 -4.2260e+02 -2.4043e+02 -6.7660e+01
-4.5622e+02 -4.1216e+02 -2.1086e+02 -2.3004e+02
-4.5546e+02 -4.0444e+02 -2.4021e+02 -1.0436e+03
# New trial
-4.5722e+02 -4.2108e+02 -2.3365e+02 -6.0068e+01
-4.5693e+02 -4.1826e+02 -2.1946e+02 -6.0865e+01
-4.5576e+02 -4.0703e+02 -1.8456e+02 -1.4267e+02
-4.5482e+02 -3.9747e+02 -2.0225e+02 -8.1992e+02
# New trial
-4.5830e+02 -4.3129e+02 -2.8188e+02 -1.3433e+02
-4.5805e+02 -4.2879e+02 -2.6381e+02 -7.2373e+01
-4.5707e+02 -4.1927e+02 -2.2129e+02 -2.1077e+02
-4.5607e+02 -4.0934e+02 -2.2173e+02 -8.5617e+02
# New trial
-4.5738e+02 -4.2319e+02 -2.4576e+02 -6.7435e+01
-4.5689e+02 -4.1824e+02 -2.1533e+02 -6.6474e+01
-4.5530e+02 -4.0333e+02 -1.8459e+02 -1.4328e+02
-4.5417e+02 -3.9225e+02 -2.1259e+02 -8.0694e+02
# New trial
-4.5699e+02 -4.1986e+02 -2.4689e+02 -9.5823e+01
-4.5678e+02 -4.1771e+02 -2.3202e+02 -6.7764e+01
-4.5598e+02 -4.1007e+02 -2.2195e+02 -3.4230e+02
-4.5528e+02 -4.0329e+02 -2.7024e+02 -1.2695e+03
# New trial
-4.5866e+02 -4.3387e+02 -2.6601e+02 -6.1077e+01
-4.5840e+02 -4.3133e+02 -2.4919e+02 -5.5232e+01
-4.5731e+02 -4.2073e+02 -1.9769e+02 -8.7707e+01
-4.5564e+02 -4.0422e+02 -1.5642e+02 -4.9313e+02
# New trial
-4.5906e+02 -4.3823e+02 -3.0985e+02 -1.1267e+02
-4.5875e+02 -4.3499e+02 -2.8022e+02 -7.8483e+01
-4.5758e+02 -4.2364e+02 -2.3247e+02 -1.4633e+02
-4.5600e+02 -4.0878e+02 -2.4540e+02 -8.6247e+02
# New trial
-4.5768e+02 -4.2541e+02 -2.5806e+02 -1.3059e+02
-4.5743e+02 -4.2301e+02 -2.3940e+02 -6.3717e+01
-4.5639e+02 -4.1280e+02 -1.9021e+02 -1.4559e+02
-4.5531e+02 -4.0194e+02 -2.1097e+02 -8.8796e+02
# New trial
-4.5702e+02 -4.1889e+02 -2.2024e+02 -5.8515e+01
-4.5652e+02 -4.1445e+02 -2.0618e+02 -5.3140e+01
-4.5461e+02 -3.9699e+02 -1.5827e+02 -1.1124e+02
-4.5335e+02 -3.8414e+02 -1.6947e+02 -7.1301e+02
# New trial
-4.5754e+02 -4.2455e+02 -2.4675e+02 -8.6403e+01
-4.5723e+02 -4.2157e+02 -2.3371e+02 -6.6226e+01
-4.5639e+02 -4.1382e+02 -2.1452e+02 -2.0712e+02
-4.5637e+02 -4.1284e+02 -2.4163e+02 -9.8520e+02
# New trial
-4.5693e+02 -4.1999e+02 -2.4963e+02 -7.4617e+01
-4.5667e+02 -4.1759e+02 -2.3784e+02 -6.2100e+01
-4.5569e+02 -4.0850e+02 -2.1645e+02 -2.4322e+02
-4.5548e+02 -4.0576e+02 -2.5114e+02 -1.1049e+03
# New trial
-4.5792e+02 -4.2783e+02 -2.6626e+02 -8.7847e+01
-4.5761e+02 -4.2488e+02 -2.5354e+02 -7.3034e+01
-4.5663e+02 -4.1604e+02 -2.3979e+02 -2.1509e+02
-4.5644e+02 -4.1403e+02 -2.7166e+02 -9.1963e+02
# New trial
-4.5725e+02 -4.2192e+02 -2.4567e+02 -7.0217e+01
-4.5692e+02 -4.1893e+02 -2.3671e+02 -6.2071e+01
-4.5590e+02 -4.0967e+02 -2.2126e+02 -1.7973e+02
-4.5608e+02 -4.1098e+02 -2.6626e+02 -9.1371e+02
# New trial
-4.5873e+02 -4.3493e+02 -2.8355e+02 -1.6591e+02
-4.5855e+02 -4.3303e+02 -2.6444e+02 -7.8592e+01
-4.5779e+02 -4.2552e+02 -2.3621e+02 -2.4415e+02
-4.5672e+02 -4.1506e+02 -2.2713e+02 -7.2769e+02
# New trial
-4.5871e+02 -4.3416e+02 -2.6498e+02 -1.0986e+02
-4.5854e+02 -4.3246e+02 -2.5140e+02 -5.8051e+01
-4.5781e+02 -4.2542e+02 -2.2258e+02 -1.7292e+02
-4.5681e+02 -4.1607e+02 -2.3114e+02 -8.4268e+02
# New trial
-4.5878e+02 -4.3480e+02 -2.6966e+02 -7.3117e+01
-4.5861e+02 -4.3321e+02 -2.6114e+02 -7.0976e+01
-4.5780e+02 -4.2537e+02 -2.2451e+02 -1.1534e+02
-4.5611e+02 -4.0891e+02 -2.0143e+02 -7.2171e+02
# New trial
