# 0.1 sig - Array shape (trial/sig/alpha): (30L, 4L, 4L)
-1.0044e+02 -2.3076e+01 -2.3076e+01 -2.3076e+01
-5.6473e+01 -2.3076e+01 -2.3076e+01 -2.3076e+01
-2.4585e+01 -2.3076e+01 -2.3076e+01 -2.3076e+01
-2.5378e+01 -2.3076e+01 -2.3076e+01 -2.3076e+01
# New trial
-6.1716e+01 -2.7689e+01 -2.7695e+01 -3.5017e+01
-3.8386e+01 -2.7691e+01 -2.7690e+01 -2.7690e+01
-3.0895e+01 -2.7691e+01 -2.7691e+01 -2.7689e+01
-3.4233e+01 -2.7691e+01 -2.7691e+01 -2.7691e+01
# New trial
-1.2410e+02 -8.8846e+02 -8.6769e+03 -8.6561e+04
-2.5368e+01 -2.3076e+01 -2.3076e+01 -2.3076e+01
-2.3094e+01 -2.3076e+01 -2.3076e+01 -2.3076e+01
-3.8250e+01 -2.6350e+01 -2.3076e+01 -2.3076e+01
# New trial
-7.6377e+01 -2.3094e+01 -2.3076e+01 -2.3076e+01
-3.2902e+01 -2.3076e+01 -2.3076e+01 -2.3076e+01
-2.3125e+01 -2.3076e+01 -2.3076e+01 -2.3076e+01
-2.9880e+01 -2.3152e+01 -2.3076e+01 -2.3076e+01
# New trial
-3.4607e+01 -2.7673e+01 -2.7548e+01 -3.8150e+01
-2.8390e+01 -2.7691e+01 -2.7691e+01 -2.7692e+01
-2.7694e+01 -2.7691e+01 -2.7691e+01 -2.7690e+01
-2.7892e+01 -2.7691e+01 -2.7691e+01 -2.7692e+01
# New trial
-8.2545e+01 -2.7705e+01 -2.7746e+01 -3.6731e+01
-5.1941e+01 -2.7691e+01 -2.7692e+01 -2.7710e+01
-3.4260e+01 -2.8019e+01 -2.7690e+01 -2.7684e+01
-3.5506e+01 -2.8173e+01 -2.7691e+01 -2.7691e+01
# New trial
-4.0605e+01 -2.7679e+01 -2.7587e+01 -3.1754e+01
-3.1210e+01 -2.7691e+01 -2.7690e+01 -2.7682e+01
-2.7899e+01 -2.7691e+01 -2.7691e+01 -2.7690e+01
-3.3025e+01 -2.7691e+01 -2.7691e+01 -2.7690e+01
# New trial
-8.4263e+01 -1.4637e+02 -1.0881e+03 -1.0666e+04
-7.0514e+01 -6.9376e+01 -7.6760e+01 -3.6646e+02
-6.9241e+01 -6.9233e+01 -6.9298e+01 -7.0729e+01
-7.1369e+01 -6.9220e+01 -6.9176e+01 -6.9173e+01
# New trial
-5.0356e+01 -4.6149e+01 -4.7123e+01 -1.2204e+02
-4.6367e+01 -4.6156e+01 -4.6211e+01 -5.0100e+01
-4.6152e+01 -4.6152e+01 -4.6162e+01 -4.6337e+01
-4.7277e+01 -4.6151e+01 -4.6152e+01 -4.6170e+01
# New trial
-3.9538e+01 -3.2233e+01 -3.2696e+01 -8.2650e+01
-3.3241e+01 -3.2306e+01 -3.2306e+01 -3.2316e+01
-3.2309e+01 -3.2306e+01 -3.2306e+01 -3.2305e+01
-3.2696e+01 -3.2305e+01 -3.2298e+01 -3.2285e+01
# New trial
-9.2869e+01 -5.6371e+01 -3.5007e+02 -3.2913e+03
-4.5843e+01 -2.3076e+01 -2.3076e+01 -2.3076e+01
-2.3684e+01 -2.3076e+01 -2.3076e+01 -2.3076e+01
-2.7348e+01 -2.3076e+01 -2.3076e+01 -2.3076e+01
# New trial
-6.8488e+01 -5.5448e+01 -2.7336e+02 -2.5204e+03
-5.3310e+01 -5.0786e+01 -5.1129e+01 -1.1117e+02
-5.0775e+01 -5.0769e+01 -5.0801e+01 -5.1624e+01
-5.7030e+01 -5.1893e+01 -5.0765e+01 -5.0767e+01
# New trial
-4.3293e+01 -2.7682e+01 -2.7604e+01 -2.8209e+01
-3.0666e+01 -2.7691e+01 -2.7689e+01 -2.7678e+01
-2.7716e+01 -2.7691e+01 -2.7691e+01 -2.7690e+01
-2.8465e+01 -2.7691e+01 -2.7691e+01 -2.7690e+01
# New trial
-5.6642e+01 -2.3169e+02 -2.0763e+03 -2.0555e+04
-2.8004e+01 -2.7696e+01 -2.7874e+01 -5.2117e+01
-2.7691e+01 -2.7691e+01 -2.7697e+01 -2.8434e+01
-2.8414e+01 -2.7690e+01 -2.7724e+01 -3.9174e+01
# New trial
-6.3331e+01 -2.7700e+01 -3.6733e+01 -1.5965e+02
-4.2969e+01 -2.7692e+01 -2.7714e+01 -3.5485e+01
-2.9575e+01 -2.7691e+01 -2.7691e+01 -2.7692e+01
-3.6184e+01 -2.7691e+01 -2.7691e+01 -2.7699e+01
# New trial
-8.1439e+01 -4.6376e+01 -2.1431e+02 -1.8939e+03
-4.8403e+01 -2.7691e+01 -2.7690e+01 -2.7680e+01
-2.8758e+01 -2.7691e+01 -2.7690e+01 -2.7686e+01
-2.9496e+01 -2.7691e+01 -2.7690e+01 -2.7679e+01
# New trial
-6.4755e+01 -5.9530e+01 -3.0457e+02 -2.7642e+03
-4.1129e+01 -3.2306e+01 -3.2307e+01 -3.2323e+01
-3.2575e+01 -3.2306e+01 -3.2304e+01 -3.2289e+01
-3.4705e+01 -3.2306e+01 -3.2306e+01 -3.2303e+01
# New trial
-5.1804e+01 -2.7693e+01 -2.7762e+01 -4.3183e+01
-4.1574e+01 -2.7691e+01 -2.7690e+01 -2.7689e+01
-2.9680e+01 -2.7691e+01 -2.7691e+01 -2.7689e+01
-3.5869e+01 -2.7691e+01 -2.7690e+01 -2.7687e+01
# New trial
-1.1229e+02 -1.0175e+02 -8.0982e+02 -7.8905e+03
-5.0880e+01 -2.3076e+01 -2.3076e+01 -2.3076e+01
-2.3963e+01 -2.3076e+01 -2.3076e+01 -2.3076e+01
-2.8935e+01 -2.3672e+01 -2.3076e+01 -2.3076e+01
# New trial
-2.9775e+01 -8.4882e+01 -6.4114e+02 -6.2037e+03
-2.3076e+01 -2.3076e+01 -2.3076e+01 -2.3076e+01
-2.3076e+01 -2.3076e+01 -2.3076e+01 -2.3076e+01
-2.3272e+01 -2.3076e+01 -2.3076e+01 -2.3076e+01
# New trial
-1.0136e+02 -2.3077e+01 -2.3076e+01 -2.3076e+01
-6.7914e+01 -2.3076e+01 -2.3076e+01 -2.3076e+01
-2.8501e+01 -2.3076e+01 -2.3076e+01 -2.3076e+01
-2.6788e+01 -2.3076e+01 -2.3076e+01 -2.3076e+01
# New trial
-1.0418e+02 -2.3076e+01 -2.3076e+01 -2.3076e+01
-5.9392e+01 -2.3076e+01 -2.3076e+01 -2.3076e+01
-2.5338e+01 -2.3076e+01 -2.3076e+01 -2.3076e+01
-2.4556e+01 -2.3076e+01 -2.3076e+01 -2.3076e+01
# New trial
-6.3045e+01 -1.5051e+02 -1.1728e+03 -1.1418e+04
-3.7972e+01 -3.6928e+01 -3.7089e+01 -7.7455e+01
-3.6923e+01 -3.6921e+01 -3.6931e+01 -4.5684e+01
-3.9473e+01 -3.6924e+01 -3.6958e+01 -4.6301e+01
# New trial
-4.3728e+01 -2.3076e+01 -2.3076e+01 -2.3076e+01
-2.7095e+01 -2.3076e+01 -2.3076e+01 -2.3076e+01
-2.7328e+01 -2.4331e+01 -2.3076e+01 -2.3076e+01
-2.8197e+01 -2.5766e+01 -2.3076e+01 -2.3076e+01
# New trial
-2.9581e+01 -2.7711e+01 -3.5579e+01 -1.4811e+02
-2.7764e+01 -2.7691e+01 -2.7695e+01 -2.7866e+01
-2.7691e+01 -2.7691e+01 -2.7691e+01 -2.7690e+01
-2.8059e+01 -2.7691e+01 -2.7691e+01 -2.7691e+01
# New trial
-6.5584e+01 -8.9778e+01 -6.1710e+02 -5.9632e+03
-3.9300e+01 -3.2307e+01 -3.2330e+01 -3.9334e+01
-3.2430e+01 -3.2306e+01 -3.2305e+01 -3.2300e+01
-3.4680e+01 -3.2306e+01 -3.2306e+01 -3.2313e+01
# New trial
-2.7463e+01 -2.3076e+01 -2.3076e+01 -2.3076e+01
-2.3221e+01 -2.3076e+01 -2.3076e+01 -2.3076e+01
-2.3076e+01 -2.3076e+01 -2.3076e+01 -2.3076e+01
-2.4335e+01 -2.3076e+01 -2.3076e+01 -2.3076e+01
# New trial
-5.2540e+01 -1.6130e+02 -1.3652e+03 -1.3436e+04
-2.8570e+01 -2.7691e+01 -2.7690e+01 -2.7680e+01
-2.7696e+01 -2.7691e+01 -2.7691e+01 -2.7690e+01
-2.8228e+01 -2.7691e+01 -2.7691e+01 -2.7691e+01
# New trial
-5.6307e+01 -1.6521e+02 -1.4343e+03 -1.4136e+04
-4.1589e+01 -4.1683e+01 -8.0598e+01 -5.9829e+02
-4.1537e+01 -4.1540e+01 -4.1589e+01 -5.1256e+01
-4.2498e+01 -4.1542e+01 -4.1629e+01 -6.6522e+01
# New trial
-6.2352e+01 -8.8122e+01 -5.8076e+02 -5.5726e+03
-5.6158e+01 -5.1236e+01 -9.2789e+01 -6.2334e+02
-5.6616e+01 -5.5301e+01 -5.4581e+01 -5.1509e+01
-7.0207e+01 -5.6735e+01 -5.5246e+01 -5.4079e+01
# New trial
