# 0.01sig - Array shape (trial/sig/alpha): (30L, 4L, 4L)
-5.0355e+00 -1.2382e+01 -1.1326e+02 -1.1326e+03
-4.7165e+00 -5.9454e+00 -2.7420e+01 -2.6334e+02
-4.6155e+00 -4.6187e+00 -4.6542e+00 -5.1552e+00
-4.6151e+00 -4.6151e+00 -4.6151e+00 -4.6151e+00
# New trial
-4.2284e+00 -5.1266e+00 -4.5178e+01 -4.5178e+02
-4.5126e+00 -3.9130e+00 -6.2161e+00 -5.4590e+01
-4.6144e+00 -4.6081e+00 -4.5512e+00 -4.2414e+00
-4.6151e+00 -4.6151e+00 -4.6151e+00 -4.6151e+00
# New trial
-4.8268e+00 -2.4996e+01 -2.4965e+02 -2.4965e+03
-4.5385e+00 -6.2608e+00 -4.7517e+01 -4.7479e+02
-4.6145e+00 -4.6093e+00 -4.6111e+00 -1.0532e+01
-4.6151e+00 -4.6151e+00 -4.6151e+00 -4.6151e+00
# New trial
-5.9095e+00 -3.3123e+01 -3.3113e+02 -3.3113e+03
-4.8221e+00 -8.8904e+00 -7.1281e+01 -7.1267e+02
-4.6160e+00 -4.6238e+00 -4.7271e+00 -8.3500e+00
-4.6151e+00 -4.6151e+00 -4.6151e+00 -4.6151e+00
# New trial
-5.2342e+00 -1.8907e+01 -1.8263e+02 -1.8263e+03
-4.7333e+00 -7.0389e+00 -4.5125e+01 -4.4264e+02
-4.6157e+00 -4.6211e+00 -4.6923e+00 -6.4484e+00
-4.6151e+00 -4.6151e+00 -4.6151e+00 -4.6151e+00
# New trial
-4.6176e+00 -4.6717e+00 -7.6863e+00 -6.3051e+01
-4.6149e+00 -4.6163e+00 -4.9043e+00 -1.7714e+01
-4.6151e+00 -4.6148e+00 -4.6124e+00 -4.5949e+00
-4.6151e+00 -4.6151e+00 -4.6151e+00 -4.6151e+00
# New trial
-4.6121e+00 -4.5903e+00 -4.8780e+00 -2.0840e+01
-4.6138e+00 -4.6022e+00 -4.5416e+00 -6.9224e+00
-4.6151e+00 -4.6149e+00 -4.6129e+00 -4.5941e+00
-4.6151e+00 -4.6151e+00 -4.6151e+00 -4.6151e+00
# New trial
-4.1767e+00 -1.5268e+01 -1.5267e+02 -1.5267e+03
-4.4639e+00 -4.9205e+00 -3.4770e+01 -3.4766e+02
-4.6148e+00 -4.6126e+00 -4.6173e+00 -8.0987e+00
-4.6151e+00 -4.6151e+00 -4.6151e+00 -4.6151e+00
# New trial
-4.7194e+00 -1.3634e+01 -1.3187e+02 -1.3187e+03
-4.5884e+00 -5.4435e+00 -3.0835e+01 -3.0475e+02
-4.6142e+00 -4.6067e+00 -4.5661e+00 -5.7506e+00
-4.6151e+00 -4.6151e+00 -4.6151e+00 -4.6151e+00
# New trial
-4.7428e+00 -6.1236e+00 -3.0605e+01 -3.0532e+02
-4.6583e+00 -5.0714e+00 -1.0797e+01 -8.9106e+01
-4.6155e+00 -4.6188e+00 -4.6526e+00 -5.0125e+00
-4.6151e+00 -4.6151e+00 -4.6151e+00 -4.6151e+00
# New trial
-4.6994e+00 -6.2355e+00 -3.5015e+01 -3.4368e+02
-4.6379e+00 -4.9380e+00 -1.1965e+01 -1.0707e+02
-4.6152e+00 -4.6164e+00 -4.6302e+00 -4.9052e+00
-4.6151e+00 -4.6151e+00 -4.6151e+00 -4.6151e+00
# New trial
-4.9070e+00 -1.5497e+01 -1.4811e+02 -1.4811e+03
-4.6281e+00 -5.7696e+00 -3.3279e+01 -3.3120e+02
-4.6147e+00 -4.6117e+00 -4.6134e+00 -8.4709e+00
-4.6151e+00 -4.6151e+00 -4.6151e+00 -4.6151e+00
# New trial
-3.4151e+00 -2.0955e+00 -1.5354e+01 -1.5354e+02
-4.3367e+00 -3.0255e+00 -6.4620e+00 -6.0930e+01
-4.6143e+00 -4.6072e+00 -4.5592e+00 -8.0640e+00
-4.6151e+00 -4.6151e+00 -4.6151e+00 -4.6151e+00
# New trial
-4.5476e+00 -5.9162e+00 -4.2019e+01 -4.1857e+02
-4.5790e+00 -4.5831e+00 -1.1974e+01 -1.1074e+02
-4.6144e+00 -4.6084e+00 -4.5618e+00 -4.6020e+00
-4.6151e+00 -4.6151e+00 -4.6151e+00 -4.6151e+00
# New trial
-4.5920e+00 -4.3950e+00 -3.2772e+00 -5.5873e+00
-4.6094e+00 -4.5587e+00 -4.1427e+00 -3.9065e+00
-4.6151e+00 -4.6149e+00 -4.6125e+00 -4.5898e+00
-4.6151e+00 -4.6151e+00 -4.6151e+00 -4.6151e+00
# New trial
-4.5230e+00 -7.0893e+00 -6.6010e+01 -6.6010e+02
-4.5805e+00 -4.5100e+00 -1.3535e+01 -1.3215e+02
-4.6149e+00 -4.6127e+00 -4.5938e+00 -4.5842e+00
-4.6151e+00 -4.6151e+00 -4.6151e+00 -4.6151e+00
# New trial
-4.5481e+00 -9.8106e+00 -9.6615e+01 -9.6615e+02
-4.5694e+00 -4.6290e+00 -1.7429e+01 -1.7032e+02
-4.6147e+00 -4.6107e+00 -4.5760e+00 -4.8877e+00
-4.6151e+00 -4.6151e+00 -4.6151e+00 -4.6151e+00
# New trial
-4.7862e+00 -9.4537e+00 -7.8100e+01 -7.7991e+02
-4.6445e+00 -5.1743e+00 -1.8845e+01 -1.8478e+02
-4.6153e+00 -4.6166e+00 -4.6311e+00 -4.9173e+00
-4.6151e+00 -4.6151e+00 -4.6151e+00 -4.6151e+00
# New trial
-4.8487e+00 -1.9670e+01 -1.9528e+02 -1.9528e+03
-4.6125e+00 -6.5470e+00 -4.8546e+01 -4.8527e+02
-4.6150e+00 -4.6140e+00 -4.6504e+00 -1.0803e+01
-4.6151e+00 -4.6151e+00 -4.6151e+00 -4.6151e+00
# New trial
-5.5421e+00 -2.8712e+01 -2.8690e+02 -2.8690e+03
-4.8025e+00 -8.1493e+00 -6.4439e+01 -6.4435e+02
-4.6161e+00 -4.6255e+00 -4.7482e+00 -8.2813e+00
-4.6151e+00 -4.6151e+00 -4.6151e+00 -4.6151e+00
# New trial
-4.8079e+00 -1.4694e+01 -1.4279e+02 -1.4279e+03
-4.5936e+00 -5.3435e+00 -2.9889e+01 -2.9780e+02
-4.6138e+00 -4.6020e+00 -4.5149e+00 -1.0418e+01
-4.6151e+00 -4.6151e+00 -4.6151e+00 -4.6151e+00
# New trial
-5.3979e+00 -2.2774e+01 -2.2455e+02 -2.2455e+03
-4.7739e+00 -7.5207e+00 -5.4287e+01 -5.3449e+02
-4.6159e+00 -4.6237e+00 -4.7229e+00 -7.0678e+00
-4.6151e+00 -4.6151e+00 -4.6151e+00 -4.6151e+00
# New trial
-3.9917e+00 -3.4493e+00 -3.1123e+01 -3.1123e+02
-4.4586e+00 -3.4944e+00 -5.9680e+00 -5.8724e+01
-4.6143e+00 -4.6068e+00 -4.5434e+00 -4.3041e+00
-4.6151e+00 -4.6151e+00 -4.6151e+00 -4.6151e+00
# New trial
-4.6127e+00 -4.5928e+00 -4.5198e+00 -9.9264e+00
-4.6144e+00 -4.6078e+00 -4.5544e+00 -4.7988e+00
-4.6151e+00 -4.6151e+00 -4.6145e+00 -4.6090e+00
-4.6151e+00 -4.6151e+00 -4.6151e+00 -4.6151e+00
# New trial
-3.7677e+00 -3.6382e+00 -3.2794e+01 -3.2794e+02
-4.3920e+00 -3.3441e+00 -7.6645e+00 -6.8737e+01
-4.6142e+00 -4.6061e+00 -4.5348e+00 -4.4729e+00
-4.6151e+00 -4.6151e+00 -4.6151e+00 -4.6151e+00
# New trial
-4.2156e+00 -7.7759e+00 -7.6010e+01 -7.6010e+02
-4.5122e+00 -4.1700e+00 -1.4715e+01 -1.4343e+02
-4.6149e+00 -4.6133e+00 -4.6079e+00 -1.0378e+01
-4.6151e+00 -4.6151e+00 -4.6151e+00 -4.6151e+00
# New trial
-5.6227e+00 -2.4835e+01 -2.4251e+02 -2.4251e+03
-4.7908e+00 -8.0007e+00 -6.0646e+01 -6.0522e+02
-4.6156e+00 -4.6197e+00 -4.6725e+00 -6.1937e+00
-4.6151e+00 -4.6151e+00 -4.6151e+00 -4.6151e+00
# New trial
-4.2224e+00 -3.5384e+00 -2.3552e+01 -2.3547e+02
-4.5076e+00 -3.8062e+00 -5.2880e+00 -4.6190e+01
-4.6147e+00 -4.6106e+00 -4.5715e+00 -4.3219e+00
-4.6151e+00 -4.6151e+00 -4.6151e+00 -4.6151e+00
# New trial
-4.6190e+00 -4.6612e+00 -5.6538e+00 -3.2284e+01
-4.6160e+00 -4.6252e+00 -4.7869e+00 -9.4436e+00
-4.6151e+00 -4.6151e+00 -4.6150e+00 -4.6155e+00
-4.6151e+00 -4.6151e+00 -4.6151e+00 -4.6151e+00
# New trial
-4.5893e+00 -4.4662e+00 -1.0641e+01 -1.0553e+02
-4.6060e+00 -4.5359e+00 -4.6627e+00 -2.2614e+01
-4.6150e+00 -4.6142e+00 -4.6062e+00 -4.5409e+00
-4.6151e+00 -4.6151e+00 -4.6151e+00 -4.6151e+00
# New trial
