# 0.01sig - Array shape (trial/sig/alpha): (30L, 4L, 4L)
-1.1029e+00 0.0000e+00 0.0000e+00 0.0000e+00
-3.4939e-01 0.0000e+00 0.0000e+00 0.0000e+00
-6.5322e-03 0.0000e+00 0.0000e+00 0.0000e+00
-3.3826e-05 0.0000e+00 0.0000e+00 0.0000e+00
# New trial
-3.5169e-01 0.0000e+00 0.0000e+00 0.0000e+00
-6.7080e-02 0.0000e+00 0.0000e+00 0.0000e+00
-4.6754e-04 0.0000e+00 0.0000e+00 0.0000e+00
-8.9346e-06 0.0000e+00 0.0000e+00 0.0000e+00
# New trial
-1.4107e+00 -8.5265e-14 0.0000e+00 0.0000e+00
-4.5457e-01 0.0000e+00 0.0000e+00 0.0000e+00
-1.2747e-02 0.0000e+00 0.0000e+00 0.0000e+00
-5.0958e-04 0.0000e+00 0.0000e+00 0.0000e+00
# New trial
-9.7868e-01 0.0000e+00 0.0000e+00 0.0000e+00
-3.3054e-01 0.0000e+00 0.0000e+00 0.0000e+00
-5.6479e-03 0.0000e+00 0.0000e+00 0.0000e+00
-4.0070e-05 0.0000e+00 0.0000e+00 0.0000e+00
# New trial
-1.6082e-01 0.0000e+00 0.0000e+00 0.0000e+00
-5.4350e-03 0.0000e+00 0.0000e+00 0.0000e+00
-7.9572e-06 0.0000e+00 0.0000e+00 0.0000e+00
-8.7307e-06 0.0000e+00 0.0000e+00 0.0000e+00
# New trial
-3.1890e+00 -4.6470e-05 0.0000e+00 0.0000e+00
-3.1993e+00 -5.1704e-05 0.0000e+00 0.0000e+00
-3.2190e+00 -6.3471e-05 0.0000e+00 0.0000e+00
-3.0125e+00 -7.3108e-06 0.0000e+00 0.0000e+00
# New trial
-2.0849e+00 -3.0757e-10 0.0000e+00 0.0000e+00
-1.8747e+00 -2.6290e-11 0.0000e+00 0.0000e+00
-1.6998e+00 -3.2045e-12 0.0000e+00 0.0000e+00
-2.0492e+00 -1.9982e-10 0.0000e+00 0.0000e+00
# New trial
-2.5090e-01 0.0000e+00 0.0000e+00 0.0000e+00
-1.7318e-02 0.0000e+00 0.0000e+00 0.0000e+00
-1.4333e-05 0.0000e+00 0.0000e+00 0.0000e+00
-1.0091e-06 0.0000e+00 0.0000e+00 0.0000e+00
# New trial
-2.4447e+00 -1.6726e-08 0.0000e+00 0.0000e+00
-2.0440e+00 -1.8815e-10 0.0000e+00 0.0000e+00
-8.1376e-01 0.0000e+00 0.0000e+00 0.0000e+00
-4.7079e-02 0.0000e+00 0.0000e+00 0.0000e+00
# New trial
-5.3185e-02 0.0000e+00 0.0000e+00 0.0000e+00
-4.1276e-04 0.0000e+00 0.0000e+00 0.0000e+00
-4.4900e-09 0.0000e+00 0.0000e+00 0.0000e+00
-2.1814e-07 0.0000e+00 0.0000e+00 0.0000e+00
# New trial
-3.7209e-01 0.0000e+00 0.0000e+00 0.0000e+00
-2.9457e-02 0.0000e+00 0.0000e+00 0.0000e+00
-5.9412e-05 0.0000e+00 0.0000e+00 0.0000e+00
-1.4207e-06 0.0000e+00 0.0000e+00 0.0000e+00
# New trial
-2.0317e+00 -1.6344e-10 0.0000e+00 0.0000e+00
-1.3781e+00 -4.9738e-14 0.0000e+00 0.0000e+00
-1.7968e-01 0.0000e+00 0.0000e+00 0.0000e+00
-5.6909e-04 0.0000e+00 0.0000e+00 0.0000e+00
# New trial
-1.9062e+00 -3.8007e-11 0.0000e+00 0.0000e+00
-1.2379e+00 -7.1054e-15 0.0000e+00 0.0000e+00
-9.9229e-02 0.0000e+00 0.0000e+00 0.0000e+00
-9.6414e-05 0.0000e+00 0.0000e+00 0.0000e+00
# New trial
-1.8117e-01 0.0000e+00 0.0000e+00 0.0000e+00
-1.0739e-02 0.0000e+00 0.0000e+00 0.0000e+00
-7.3716e-06 0.0000e+00 0.0000e+00 0.0000e+00
-1.1999e-08 0.0000e+00 0.0000e+00 0.0000e+00
# New trial
-1.9933e+00 -1.0498e-10 0.0000e+00 0.0000e+00
-1.4838e+00 -2.1316e-13 0.0000e+00 0.0000e+00
-2.7281e-01 0.0000e+00 0.0000e+00 0.0000e+00
-3.0963e-03 0.0000e+00 0.0000e+00 0.0000e+00
# New trial
-1.1724e-02 0.0000e+00 0.0000e+00 0.0000e+00
-1.1148e-04 0.0000e+00 0.0000e+00 0.0000e+00
-4.2905e-09 0.0000e+00 0.0000e+00 0.0000e+00
-6.3874e-07 0.0000e+00 0.0000e+00 0.0000e+00
# New trial
-4.6294e-01 0.0000e+00 0.0000e+00 0.0000e+00
-6.4965e-02 0.0000e+00 0.0000e+00 0.0000e+00
-1.7138e-04 0.0000e+00 0.0000e+00 0.0000e+00
-2.8608e-07 0.0000e+00 0.0000e+00 0.0000e+00
# New trial
-8.8446e-01 0.0000e+00 0.0000e+00 0.0000e+00
-2.3137e-01 0.0000e+00 0.0000e+00 0.0000e+00
-8.5161e-04 0.0000e+00 0.0000e+00 0.0000e+00
-2.2780e-07 0.0000e+00 0.0000e+00 0.0000e+00
# New trial
-2.8511e+00 -1.3297e-06 0.0000e+00 0.0000e+00
-2.4677e+00 -2.1486e-08 0.0000e+00 0.0000e+00
-1.2168e+00 -7.1054e-15 0.0000e+00 0.0000e+00
-6.2160e-02 0.0000e+00 0.0000e+00 0.0000e+00
# New trial
-1.3976e+00 -7.1054e-14 0.0000e+00 0.0000e+00
-5.5477e-01 0.0000e+00 0.0000e+00 0.0000e+00
-3.0065e-02 0.0000e+00 0.0000e+00 0.0000e+00
-3.5475e-03 0.0000e+00 0.0000e+00 0.0000e+00
# New trial
-2.4722e+00 -2.2589e-08 0.0000e+00 0.0000e+00
-2.0709e+00 -2.5624e-10 0.0000e+00 0.0000e+00
-7.0996e-01 0.0000e+00 0.0000e+00 0.0000e+00
-4.8396e-03 0.0000e+00 0.0000e+00 0.0000e+00
# New trial
-1.6194e-01 0.0000e+00 0.0000e+00 0.0000e+00
-4.9777e-03 0.0000e+00 0.0000e+00 0.0000e+00
-2.3984e-06 0.0000e+00 0.0000e+00 0.0000e+00
-1.2181e-06 0.0000e+00 0.0000e+00 0.0000e+00
# New trial
-9.8359e-01 0.0000e+00 0.0000e+00 0.0000e+00
-2.4551e-01 0.0000e+00 0.0000e+00 0.0000e+00
-1.0471e-03 0.0000e+00 0.0000e+00 0.0000e+00
-1.5582e-07 0.0000e+00 0.0000e+00 0.0000e+00
# New trial
-3.0332e+00 -9.0917e-06 0.0000e+00 0.0000e+00
-2.5782e+00 -7.1446e-08 0.0000e+00 0.0000e+00
-1.2740e+00 -1.4211e-14 0.0000e+00 0.0000e+00
-1.0045e-01 0.0000e+00 0.0000e+00 0.0000e+00
# New trial
-2.3559e-01 0.0000e+00 0.0000e+00 0.0000e+00
-2.3606e-02 0.0000e+00 0.0000e+00 0.0000e+00
-6.3878e-05 0.0000e+00 0.0000e+00 0.0000e+00
-8.3804e-06 0.0000e+00 0.0000e+00 0.0000e+00
# New trial
-4.8726e-01 0.0000e+00 0.0000e+00 0.0000e+00
-6.7934e-02 0.0000e+00 0.0000e+00 0.0000e+00
-1.8599e-04 0.0000e+00 0.0000e+00 0.0000e+00
-5.3895e-06 0.0000e+00 0.0000e+00 0.0000e+00
# New trial
-2.3671e+00 -7.1255e-09 0.0000e+00 0.0000e+00
-1.8516e+00 -1.9931e-11 0.0000e+00 0.0000e+00
-6.3554e-01 0.0000e+00 0.0000e+00 0.0000e+00
-1.7907e-02 0.0000e+00 0.0000e+00 0.0000e+00
# New trial
-1.7438e-01 0.0000e+00 0.0000e+00 0.0000e+00
-1.0354e-02 0.0000e+00 0.0000e+00 0.0000e+00
-3.0301e-06 0.0000e+00 0.0000e+00 0.0000e+00
-1.8850e-08 0.0000e+00 0.0000e+00 0.0000e+00
# New trial
-2.8489e+00 -1.2989e-06 0.0000e+00 0.0000e+00
-2.6073e+00 -9.7923e-08 0.0000e+00 0.0000e+00
-1.5510e+00 -5.0449e-13 0.0000e+00 0.0000e+00
-1.1829e-01 0.0000e+00 0.0000e+00 0.0000e+00
# New trial
-2.3092e+00 -3.7585e-09 0.0000e+00 0.0000e+00
-1.6110e+00 -1.0658e-12 0.0000e+00 0.0000e+00
-2.0828e-01 0.0000e+00 0.0000e+00 0.0000e+00
-3.3984e-03 0.0000e+00 0.0000e+00 0.0000e+00
# New trial
