# 0.1sig - Array shape (trial/sig/alpha): (30L, 4L, 4L)
-5.2190e-01 0.0000e+00 0.0000e+00 0.0000e+00
-8.1478e-02 0.0000e+00 0.0000e+00 0.0000e+00
-4.5059e-04 0.0000e+00 0.0000e+00 0.0000e+00
-1.3826e-05 0.0000e+00 0.0000e+00 0.0000e+00
# New trial
-1.5437e-01 0.0000e+00 0.0000e+00 0.0000e+00
-1.3894e-02 0.0000e+00 0.0000e+00 0.0000e+00
-2.0892e-05 0.0000e+00 0.0000e+00 0.0000e+00
-3.8639e-06 0.0000e+00 0.0000e+00 0.0000e+00
# New trial
-6.5676e-01 0.0000e+00 0.0000e+00 0.0000e+00
-9.8203e-02 0.0000e+00 0.0000e+00 0.0000e+00
-6.0946e-04 0.0000e+00 0.0000e+00 0.0000e+00
-4.5512e-05 0.0000e+00 0.0000e+00 0.0000e+00
# New trial
-6.9901e-01 0.0000e+00 0.0000e+00 0.0000e+00
-2.0082e-01 0.0000e+00 0.0000e+00 0.0000e+00
-1.7419e-03 0.0000e+00 0.0000e+00 0.0000e+00
-3.1813e-05 0.0000e+00 0.0000e+00 0.0000e+00
# New trial
-6.6756e-02 0.0000e+00 0.0000e+00 0.0000e+00
-1.0879e-03 0.0000e+00 0.0000e+00 0.0000e+00
-2.8339e-07 0.0000e+00 0.0000e+00 0.0000e+00
-7.2508e-06 0.0000e+00 0.0000e+00 0.0000e+00
# New trial
-1.8794e+00 -2.7892e-11 0.0000e+00 0.0000e+00
-1.2521e+00 -7.1054e-15 0.0000e+00 0.0000e+00
-1.3817e-01 0.0000e+00 0.0000e+00 0.0000e+00
-1.2598e-03 0.0000e+00 0.0000e+00 0.0000e+00
# New trial
-3.9831e-01 0.0000e+00 0.0000e+00 0.0000e+00
-5.6668e-02 0.0000e+00 0.0000e+00 0.0000e+00
-1.2141e-04 0.0000e+00 0.0000e+00 0.0000e+00
-1.7315e-05 0.0000e+00 0.0000e+00 0.0000e+00
# New trial
-7.9272e-02 0.0000e+00 0.0000e+00 0.0000e+00
-4.1272e-03 0.0000e+00 0.0000e+00 0.0000e+00
-5.0794e-06 0.0000e+00 0.0000e+00 0.0000e+00
-2.8710e-06 0.0000e+00 0.0000e+00 0.0000e+00
# New trial
-2.1089e+00 -3.9733e-10 0.0000e+00 0.0000e+00
-1.4473e+00 -1.3500e-13 0.0000e+00 0.0000e+00
-2.0195e-01 0.0000e+00 0.0000e+00 0.0000e+00
-5.4443e-03 0.0000e+00 0.0000e+00 0.0000e+00
# New trial
-1.7810e-02 0.0000e+00 0.0000e+00 0.0000e+00
-1.2893e-04 0.0000e+00 0.0000e+00 0.0000e+00
-2.2064e-08 0.0000e+00 0.0000e+00 0.0000e+00
-4.3151e-04 0.0000e+00 0.0000e+00 0.0000e+00
# New trial
-1.2337e-01 0.0000e+00 0.0000e+00 0.0000e+00
-4.2818e-03 0.0000e+00 0.0000e+00 0.0000e+00
-1.9236e-06 0.0000e+00 0.0000e+00 0.0000e+00
-1.6141e-06 0.0000e+00 0.0000e+00 0.0000e+00
# New trial
-1.8761e+00 -2.6716e-11 0.0000e+00 0.0000e+00
-1.1054e+00 0.0000e+00 0.0000e+00 0.0000e+00
-6.1143e-02 0.0000e+00 0.0000e+00 0.0000e+00
-1.8973e-04 0.0000e+00 0.0000e+00 0.0000e+00
# New trial
-1.6201e+00 -1.2008e-12 0.0000e+00 0.0000e+00
-9.5214e-01 0.0000e+00 0.0000e+00 0.0000e+00
-6.6386e-02 0.0000e+00 0.0000e+00 0.0000e+00
-3.1728e-04 0.0000e+00 0.0000e+00 0.0000e+00
# New trial
-9.8442e-02 0.0000e+00 0.0000e+00 0.0000e+00
-6.1215e-03 0.0000e+00 0.0000e+00 0.0000e+00
-8.0218e-06 0.0000e+00 0.0000e+00 0.0000e+00
-1.4728e-06 0.0000e+00 0.0000e+00 0.0000e+00
# New trial
-1.6403e+00 -1.5454e-12 0.0000e+00 0.0000e+00
-9.4195e-01 0.0000e+00 0.0000e+00 0.0000e+00
-4.6355e-02 0.0000e+00 0.0000e+00 0.0000e+00
-2.0402e-04 0.0000e+00 0.0000e+00 0.0000e+00
# New trial
-2.8532e-03 0.0000e+00 0.0000e+00 0.0000e+00
-1.1603e-05 0.0000e+00 0.0000e+00 0.0000e+00
-8.5594e-10 0.0000e+00 0.0000e+00 0.0000e+00
-3.1875e-05 0.0000e+00 0.0000e+00 0.0000e+00
# New trial
-2.4765e-01 0.0000e+00 0.0000e+00 0.0000e+00
-2.3338e-02 0.0000e+00 0.0000e+00 0.0000e+00
-7.4134e-05 0.0000e+00 0.0000e+00 0.0000e+00
-7.1985e-06 0.0000e+00 0.0000e+00 0.0000e+00
# New trial
-7.5455e-01 0.0000e+00 0.0000e+00 0.0000e+00
-1.7457e-01 0.0000e+00 0.0000e+00 0.0000e+00
-9.9816e-04 0.0000e+00 0.0000e+00 0.0000e+00
-7.2818e-06 0.0000e+00 0.0000e+00 0.0000e+00
# New trial
-2.4242e+00 -1.3365e-08 0.0000e+00 0.0000e+00
-1.8302e+00 -1.5458e-11 0.0000e+00 0.0000e+00
-3.5490e-01 0.0000e+00 0.0000e+00 0.0000e+00
-4.6378e-03 0.0000e+00 0.0000e+00 0.0000e+00
# New trial
-5.6859e-01 0.0000e+00 0.0000e+00 0.0000e+00
-1.1988e-01 0.0000e+00 0.0000e+00 0.0000e+00
-1.6697e-03 0.0000e+00 0.0000e+00 0.0000e+00
-2.0760e-04 0.0000e+00 0.0000e+00 0.0000e+00
# New trial
-2.3338e+00 -4.9327e-09 0.0000e+00 0.0000e+00
-1.8046e+00 -1.1394e-11 0.0000e+00 0.0000e+00
-4.6606e-01 0.0000e+00 0.0000e+00 0.0000e+00
-9.8083e-03 0.0000e+00 0.0000e+00 0.0000e+00
# New trial
-8.1193e-02 0.0000e+00 0.0000e+00 0.0000e+00
-1.7399e-03 0.0000e+00 0.0000e+00 0.0000e+00
-4.0661e-07 0.0000e+00 0.0000e+00 0.0000e+00
-1.5743e-05 0.0000e+00 0.0000e+00 0.0000e+00
# New trial
-6.7002e-01 0.0000e+00 0.0000e+00 0.0000e+00
-1.4661e-01 0.0000e+00 0.0000e+00 0.0000e+00
-1.1486e-03 0.0000e+00 0.0000e+00 0.0000e+00
-1.4128e-05 0.0000e+00 0.0000e+00 0.0000e+00
# New trial
-2.5942e+00 -8.5018e-08 0.0000e+00 0.0000e+00
-1.8998e+00 -3.5236e-11 0.0000e+00 0.0000e+00
-2.8288e-01 0.0000e+00 0.0000e+00 0.0000e+00
-1.2747e-03 0.0000e+00 0.0000e+00 0.0000e+00
# New trial
-8.6669e-02 0.0000e+00 0.0000e+00 0.0000e+00
-4.5176e-03 0.0000e+00 0.0000e+00 0.0000e+00
-2.5281e-06 0.0000e+00 0.0000e+00 0.0000e+00
-4.1775e-06 0.0000e+00 0.0000e+00 0.0000e+00
# New trial
-2.5245e-01 0.0000e+00 0.0000e+00 0.0000e+00
-1.7961e-02 0.0000e+00 0.0000e+00 0.0000e+00
-2.3049e-05 0.0000e+00 0.0000e+00 0.0000e+00
-1.9591e-06 0.0000e+00 0.0000e+00 0.0000e+00
# New trial
-1.6323e+00 -1.3998e-12 0.0000e+00 0.0000e+00
-9.9291e-01 0.0000e+00 0.0000e+00 0.0000e+00
-8.4347e-02 0.0000e+00 0.0000e+00 0.0000e+00
-5.7159e-04 0.0000e+00 0.0000e+00 0.0000e+00
# New trial
-1.2763e-01 0.0000e+00 0.0000e+00 0.0000e+00
-6.5122e-03 0.0000e+00 0.0000e+00 0.0000e+00
-3.8074e-06 0.0000e+00 0.0000e+00 0.0000e+00
-3.3834e-07 0.0000e+00 0.0000e+00 0.0000e+00
# New trial
-2.4057e+00 -1.0910e-08 0.0000e+00 0.0000e+00
-1.9549e+00 -6.7132e-11 0.0000e+00 0.0000e+00
-5.8679e-01 0.0000e+00 0.0000e+00 0.0000e+00
-7.9608e-03 0.0000e+00 0.0000e+00 0.0000e+00
# New trial
-1.5563e+00 -5.4001e-13 0.0000e+00 0.0000e+00
-7.8277e-01 0.0000e+00 0.0000e+00 0.0000e+00
-2.6978e-02 0.0000e+00 0.0000e+00 0.0000e+00
-1.5624e-04 0.0000e+00 0.0000e+00 0.0000e+00
# New trial
