# 0.1sig - Array shape (trial/sig/alpha): (30L, 4L, 4L)
-2.1164e-01 0.0000e+00 0.0000e+00 0.0000e+00
-2.1564e-02 0.0000e+00 0.0000e+00 0.0000e+00
-3.8980e-04 0.0000e+00 0.0000e+00 0.0000e+00
-2.2159e-02 0.0000e+00 0.0000e+00 0.0000e+00
# New trial
-2.6639e-02 0.0000e+00 0.0000e+00 0.0000e+00
-1.3654e-03 0.0000e+00 0.0000e+00 0.0000e+00
-6.5596e-06 0.0000e+00 0.0000e+00 0.0000e+00
-8.7833e-03 0.0000e+00 0.0000e+00 0.0000e+00
# New trial
-2.2102e-01 0.0000e+00 0.0000e+00 0.0000e+00
-1.8189e-02 0.0000e+00 0.0000e+00 0.0000e+00
-1.9710e-04 0.0000e+00 0.0000e+00 0.0000e+00
-1.6549e-02 0.0000e+00 0.0000e+00 0.0000e+00
# New trial
-2.1968e-01 0.0000e+00 0.0000e+00 0.0000e+00
-2.7644e-02 0.0000e+00 0.0000e+00 0.0000e+00
-1.4479e-04 0.0000e+00 0.0000e+00 0.0000e+00
-5.9569e-03 0.0000e+00 0.0000e+00 0.0000e+00
# New trial
-1.2802e-02 0.0000e+00 0.0000e+00 0.0000e+00
-7.4015e-05 0.0000e+00 0.0000e+00 0.0000e+00
-7.9667e-08 0.0000e+00 0.0000e+00 0.0000e+00
-8.6983e-02 0.0000e+00 0.0000e+00 0.0000e+00
# New trial
-1.1575e+00 0.0000e+00 0.0000e+00 0.0000e+00
-5.2515e-01 0.0000e+00 0.0000e+00 0.0000e+00
-2.0902e-02 0.0000e+00 0.0000e+00 0.0000e+00
-4.0409e-03 0.0000e+00 0.0000e+00 0.0000e+00
# New trial
-1.1954e-01 0.0000e+00 0.0000e+00 0.0000e+00
-1.0534e-02 0.0000e+00 0.0000e+00 0.0000e+00
-7.0108e-05 0.0000e+00 0.0000e+00 0.0000e+00
-3.8257e-02 0.0000e+00 0.0000e+00 0.0000e+00
# New trial
-1.0573e-02 0.0000e+00 0.0000e+00 0.0000e+00
-1.5231e-04 0.0000e+00 0.0000e+00 0.0000e+00
-3.6821e-08 0.0000e+00 0.0000e+00 0.0000e+00
-1.4899e-04 0.0000e+00 0.0000e+00 0.0000e+00
# New trial
-9.7918e-01 0.0000e+00 0.0000e+00 0.0000e+00
-3.6136e-01 0.0000e+00 0.0000e+00 0.0000e+00
-2.1074e-02 0.0000e+00 0.0000e+00 0.0000e+00
-2.6235e-01 0.0000e+00 0.0000e+00 0.0000e+00
# New trial
-4.5266e-03 0.0000e+00 0.0000e+00 0.0000e+00
-1.5211e-05 0.0000e+00 0.0000e+00 0.0000e+00
-2.2137e-08 0.0000e+00 0.0000e+00 0.0000e+00
-3.8181e-01 0.0000e+00 0.0000e+00 0.0000e+00
# New trial
-3.3369e-02 0.0000e+00 0.0000e+00 0.0000e+00
-8.2113e-04 0.0000e+00 0.0000e+00 0.0000e+00
-2.1065e-06 0.0000e+00 0.0000e+00 0.0000e+00
-8.3180e-03 0.0000e+00 0.0000e+00 0.0000e+00
# New trial
-9.9096e-01 0.0000e+00 0.0000e+00 0.0000e+00
-2.8504e-01 0.0000e+00 0.0000e+00 0.0000e+00
-2.2991e-03 0.0000e+00 0.0000e+00 0.0000e+00
-6.6841e-05 0.0000e+00 0.0000e+00 0.0000e+00
# New trial
-1.1093e+00 0.0000e+00 0.0000e+00 0.0000e+00
-5.5010e-01 0.0000e+00 0.0000e+00 0.0000e+00
-5.0545e-02 0.0000e+00 0.0000e+00 0.0000e+00
-1.4039e-02 0.0000e+00 0.0000e+00 0.0000e+00
# New trial
-1.6373e-02 0.0000e+00 0.0000e+00 0.0000e+00
-4.9762e-04 0.0000e+00 0.0000e+00 0.0000e+00
-1.1132e-06 0.0000e+00 0.0000e+00 0.0000e+00
-7.9622e-04 0.0000e+00 0.0000e+00 0.0000e+00
# New trial
-8.2342e-01 0.0000e+00 0.0000e+00 0.0000e+00
-3.1216e-01 0.0000e+00 0.0000e+00 0.0000e+00
-8.3030e-03 0.0000e+00 0.0000e+00 0.0000e+00
-1.6061e-03 0.0000e+00 0.0000e+00 0.0000e+00
# New trial
-6.0012e-04 0.0000e+00 0.0000e+00 0.0000e+00
-8.5347e-07 0.0000e+00 0.0000e+00 0.0000e+00
-2.9451e-10 0.0000e+00 0.0000e+00 0.0000e+00
-6.1568e-02 0.0000e+00 0.0000e+00 0.0000e+00
# New trial
-5.8009e-02 0.0000e+00 0.0000e+00 0.0000e+00
-1.7873e-03 0.0000e+00 0.0000e+00 0.0000e+00
-1.5940e-06 0.0000e+00 0.0000e+00 0.0000e+00
-1.4366e-04 0.0000e+00 0.0000e+00 0.0000e+00
# New trial
-2.0325e-01 0.0000e+00 0.0000e+00 0.0000e+00
-2.3921e-02 0.0000e+00 0.0000e+00 0.0000e+00
-1.3580e-04 0.0000e+00 0.0000e+00 0.0000e+00
-8.4885e-04 0.0000e+00 0.0000e+00 0.0000e+00
# New trial
-1.4408e+00 -1.3500e-13 0.0000e+00 0.0000e+00
-9.1010e-01 0.0000e+00 0.0000e+00 0.0000e+00
-1.3088e-01 0.0000e+00 0.0000e+00 0.0000e+00
-3.2322e-02 0.0000e+00 0.0000e+00 0.0000e+00
# New trial
-1.7896e-01 0.0000e+00 0.0000e+00 0.0000e+00
-1.8004e-02 0.0000e+00 0.0000e+00 0.0000e+00
-2.8467e-04 0.0000e+00 0.0000e+00 0.0000e+00
-2.6991e-02 0.0000e+00 0.0000e+00 0.0000e+00
# New trial
-1.6719e+00 -2.3341e-12 0.0000e+00 0.0000e+00
-1.1782e+00 0.0000e+00 0.0000e+00 0.0000e+00
-2.8511e-01 0.0000e+00 0.0000e+00 0.0000e+00
-3.1511e-02 0.0000e+00 0.0000e+00 0.0000e+00
# New trial
-1.1675e-02 0.0000e+00 0.0000e+00 0.0000e+00
-1.0029e-04 0.0000e+00 0.0000e+00 0.0000e+00
-2.0954e-07 0.0000e+00 0.0000e+00 0.0000e+00
-1.1383e-01 0.0000e+00 0.0000e+00 0.0000e+00
# New trial
-1.2192e-01 0.0000e+00 0.0000e+00 0.0000e+00
-7.7796e-03 0.0000e+00 0.0000e+00 0.0000e+00
-1.2793e-05 0.0000e+00 0.0000e+00 0.0000e+00
-3.7479e-04 0.0000e+00 0.0000e+00 0.0000e+00
# New trial
-1.7910e+00 -9.9227e-12 0.0000e+00 0.0000e+00
-1.1376e+00 0.0000e+00 0.0000e+00 0.0000e+00
-1.3158e-01 0.0000e+00 0.0000e+00 0.0000e+00
-1.2072e-02 0.0000e+00 0.0000e+00 0.0000e+00
# New trial
-9.9085e-03 0.0000e+00 0.0000e+00 0.0000e+00
-1.4803e-04 0.0000e+00 0.0000e+00 0.0000e+00
-1.0363e-07 0.0000e+00 0.0000e+00 0.0000e+00
-9.4571e-03 0.0000e+00 0.0000e+00 0.0000e+00
# New trial
-7.1993e-02 0.0000e+00 0.0000e+00 0.0000e+00
-2.0505e-03 0.0000e+00 0.0000e+00 0.0000e+00
-4.4802e-06 0.0000e+00 0.0000e+00 0.0000e+00
-1.3403e-02 0.0000e+00 0.0000e+00 0.0000e+00
# New trial
-1.0157e+00 0.0000e+00 0.0000e+00 0.0000e+00
-5.0210e-01 0.0000e+00 0.0000e+00 0.0000e+00
-6.4427e-02 0.0000e+00 0.0000e+00 0.0000e+00
-5.5878e-02 0.0000e+00 0.0000e+00 0.0000e+00
# New trial
-1.8753e-02 0.0000e+00 0.0000e+00 0.0000e+00
-2.8252e-04 0.0000e+00 0.0000e+00 0.0000e+00
-7.2231e-08 0.0000e+00 0.0000e+00 0.0000e+00
-1.4415e-04 0.0000e+00 0.0000e+00 0.0000e+00
# New trial
-1.5648e+00 -6.3238e-13 0.0000e+00 0.0000e+00
-1.2009e+00 -7.1054e-15 0.0000e+00 0.0000e+00
-3.1453e-01 0.0000e+00 0.0000e+00 0.0000e+00
-1.9130e-02 0.0000e+00 0.0000e+00 0.0000e+00
# New trial
-6.8230e-01 0.0000e+00 0.0000e+00 0.0000e+00
-2.0659e-01 0.0000e+00 0.0000e+00 0.0000e+00
-4.7606e-03 0.0000e+00 0.0000e+00 0.0000e+00
-1.8252e-03 0.0000e+00 0.0000e+00 0.0000e+00
# New trial
