# 0.01sig - Array shape (trial/sig/alpha): (30L, 4L, 4L)
-4.6392e+00 -6.7093e+00 -5.4362e+01 -5.4256e+02
-4.6094e+00 -4.7208e+00 -1.4587e+01 -1.4374e+02
-4.6149e+00 -4.6129e+00 -4.5953e+00 -4.6710e+00
-4.6151e+00 -4.6151e+00 -4.6151e+00 -4.6151e+00
# New trial
-4.5814e+00 -1.1170e+01 -1.0981e+02 -1.0981e+03
-4.5734e+00 -4.8280e+00 -2.2532e+01 -2.2133e+02
-4.6149e+00 -4.6129e+00 -4.6026e+00 -5.3118e+00
-4.6151e+00 -4.6151e+00 -4.6151e+00 -4.6151e+00
# New trial
-4.6218e+00 -9.0808e+00 -7.8122e+01 -7.8114e+02
-4.5978e+00 -4.8585e+00 -2.3617e+01 -2.3601e+02
-4.6150e+00 -4.6143e+00 -4.6141e+00 -6.3864e+00
-4.6151e+00 -4.6151e+00 -4.6151e+00 -4.6151e+00
# New trial
-4.7241e+00 -2.6770e+01 -2.6769e+02 -2.6769e+03
-4.6510e+00 -9.3411e+00 -8.5805e+01 -8.5805e+02
-4.6177e+00 -4.6419e+00 -5.0765e+00 -2.5620e+01
-4.6151e+00 -4.6151e+00 -4.6151e+00 -4.6151e+00
# New trial
-4.4646e+00 -3.5307e+00 -7.9558e+00 -7.0368e+01
-4.5932e+00 -4.4205e+00 -4.9316e+00 -3.9820e+01
-4.6151e+00 -4.6150e+00 -4.6142e+00 -4.6455e+00
-4.6151e+00 -4.6151e+00 -4.6151e+00 -4.6151e+00
# New trial
-4.2381e+00 -1.6735e+01 -1.6138e+02 -1.6137e+03
-4.3457e+00 -6.1440e+00 -5.7910e+01 -5.7910e+02
-4.6126e+00 -4.5905e+00 -4.4605e+00 -1.5249e+01
-4.6151e+00 -4.6151e+00 -4.6151e+00 -4.6151e+00
# New trial
-2.9764e+00 -8.4242e+00 -7.9724e+01 -7.9722e+02
-3.9931e+00 -5.5440e+00 -4.9149e+01 -4.9149e+02
-4.6134e+00 -4.5996e+00 -4.6989e+00 -2.7575e+01
-4.6151e+00 -4.6151e+00 -4.6151e+00 -4.6151e+00
# New trial
-4.5022e+00 -1.1359e+01 -1.0339e+02 -1.0323e+03
-4.5755e+00 -5.1408e+00 -3.3909e+01 -3.3908e+02
-4.6154e+00 -4.6178e+00 -4.6552e+00 -7.0219e+00
-4.6151e+00 -4.6151e+00 -4.6151e+00 -4.6151e+00
# New trial
-5.0499e+00 -1.7984e+01 -1.7211e+02 -1.7195e+03
-4.7233e+00 -7.3863e+00 -5.8849e+01 -5.8356e+02
-4.6157e+00 -4.6211e+00 -4.7018e+00 -8.8259e+00
-4.6151e+00 -4.6151e+00 -4.6151e+00 -4.6151e+00
# New trial
-4.4181e+00 -1.8889e+01 -1.8886e+02 -1.8886e+03
-4.5159e+00 -5.4015e+00 -4.5693e+01 -4.5693e+02
-4.6154e+00 -4.6178e+00 -4.6706e+00 -1.0296e+01
-4.6151e+00 -4.6151e+00 -4.6151e+00 -4.6151e+00
# New trial
-4.7094e+00 -6.4003e+00 -4.3413e+01 -4.3366e+02
-4.6418e+00 -4.9724e+00 -1.3631e+01 -1.3310e+02
-4.6152e+00 -4.6158e+00 -4.6232e+00 -4.8106e+00
-4.6151e+00 -4.6151e+00 -4.6151e+00 -4.6151e+00
# New trial
-6.0961e+00 -4.1899e+01 -4.1898e+02 -4.1898e+03
-5.1011e+00 -1.5724e+01 -1.5697e+02 -1.5697e+03
-4.6207e+00 -4.6725e+00 -5.4390e+00 -3.7445e+01
-4.6151e+00 -4.6151e+00 -4.6151e+00 -4.6151e+00
# New trial
-4.9264e+00 -1.8884e+01 -1.8857e+02 -1.8857e+03
-4.6644e+00 -6.2288e+00 -4.4515e+01 -4.4514e+02
-4.6157e+00 -4.6214e+00 -4.7036e+00 -9.2038e+00
-4.6151e+00 -4.6151e+00 -4.6151e+00 -4.6151e+00
# New trial
-4.8186e+00 -1.1914e+01 -1.1088e+02 -1.1088e+03
-4.6508e+00 -5.4376e+00 -2.7961e+01 -2.7801e+02
-4.6153e+00 -4.6176e+00 -4.6591e+00 -6.0388e+00
-4.6151e+00 -4.6151e+00 -4.6151e+00 -4.6151e+00
# New trial
-4.7878e+00 -1.8404e+01 -1.8311e+02 -1.8311e+03
-4.6367e+00 -6.1696e+00 -4.9326e+01 -4.9324e+02
-4.6153e+00 -4.6169e+00 -4.6518e+00 -8.8787e+00
-4.6151e+00 -4.6151e+00 -4.6151e+00 -4.6151e+00
# New trial
-4.2555e+00 -4.1360e+00 -3.6021e+01 -3.6021e+02
-4.5462e+00 -4.1360e+00 -1.4661e+01 -1.4660e+02
-4.6150e+00 -4.6136e+00 -4.6027e+00 -4.8619e+00
-4.6151e+00 -4.6151e+00 -4.6151e+00 -4.6151e+00
# New trial
-5.0091e+00 -2.0964e+01 -2.0954e+02 -2.0954e+03
-4.6951e+00 -6.6084e+00 -5.2507e+01 -5.2507e+02
-4.6162e+00 -4.6259e+00 -4.7413e+00 -1.0093e+01
-4.6151e+00 -4.6151e+00 -4.6151e+00 -4.6151e+00
# New trial
-4.4555e+00 -1.5791e+01 -1.5633e+02 -1.5633e+03
-4.5654e+00 -6.7365e+00 -5.4830e+01 -5.4776e+02
-4.6158e+00 -4.6220e+00 -4.7494e+00 -1.8250e+01
-4.6151e+00 -4.6151e+00 -4.6151e+00 -4.6151e+00
# New trial
-4.3096e+00 -1.0767e+01 -1.0246e+02 -1.0246e+03
-4.5742e+00 -5.4352e+00 -3.6299e+01 -3.6288e+02
-4.6161e+00 -4.6252e+00 -4.7509e+00 -1.3523e+01
-4.6151e+00 -4.6151e+00 -4.6151e+00 -4.6151e+00
# New trial
-4.9788e+00 -1.8395e+01 -1.8381e+02 -1.8381e+03
-4.6887e+00 -6.1548e+00 -4.1992e+01 -4.1926e+02
-4.6159e+00 -4.6233e+00 -4.7130e+00 -8.1933e+00
-4.6151e+00 -4.6151e+00 -4.6151e+00 -4.6151e+00
# New trial
-4.8429e+00 -2.1681e+01 -2.1660e+02 -2.1660e+03
-4.6266e+00 -7.5951e+00 -6.9870e+01 -6.9870e+02
-4.6156e+00 -4.6205e+00 -4.7651e+00 -2.1215e+01
-4.6151e+00 -4.6151e+00 -4.6151e+00 -4.6151e+00
# New trial
-4.3149e+00 -3.3325e+00 -1.7965e+01 -1.7927e+02
-4.5159e+00 -3.7347e+00 -1.7924e+00 -9.2484e+00
-4.6134e+00 -4.5980e+00 -4.4458e+00 -3.1067e+00
-4.6151e+00 -4.6151e+00 -4.6151e+00 -4.6151e+00
# New trial
-4.7063e+00 -7.9386e+00 -7.4639e+01 -7.4639e+02
-4.6351e+00 -4.9178e+00 -1.9116e+01 -1.9111e+02
-4.6152e+00 -4.6162e+00 -4.6275e+00 -4.8919e+00
-4.6151e+00 -4.6151e+00 -4.6151e+00 -4.6151e+00
# New trial
-4.2620e+00 -7.2145e+00 -6.0764e+01 -6.0290e+02
-4.4614e+00 -3.8370e+00 -1.2477e+01 -1.2095e+02
-4.6131e+00 -4.5946e+00 -4.4242e+00 -4.6314e+00
-4.6151e+00 -4.6151e+00 -4.6151e+00 -4.6151e+00
# New trial
-4.5189e+00 -7.8484e+00 -7.0877e+01 -7.0877e+02
-4.5736e+00 -4.6149e+00 -1.9599e+01 -1.9575e+02
-4.6148e+00 -4.6119e+00 -4.5870e+00 -4.8701e+00
-4.6151e+00 -4.6151e+00 -4.6151e+00 -4.6151e+00
# New trial
-3.0651e+00 -1.2717e-01 -5.1159e-13 0.0000e+00
-4.2061e+00 -2.0546e+00 -2.2994e+00 -2.1873e+01
-4.6115e+00 -4.5791e+00 -4.2832e+00 -5.5676e+00
-4.6151e+00 -4.6151e+00 -4.6151e+00 -4.6151e+00
# New trial
-5.2412e+00 -3.0614e+01 -3.0593e+02 -3.0593e+03
-4.6971e+00 -7.5577e+00 -6.3660e+01 -6.3650e+02
-4.6165e+00 -4.6288e+00 -4.7798e+00 -1.1242e+01
-4.6151e+00 -4.6151e+00 -4.6151e+00 -4.6151e+00
# New trial
-4.4869e+00 -1.2995e+01 -1.2985e+02 -1.2985e+03
-4.5615e+00 -4.7585e+00 -3.0983e+01 -3.0983e+02
-4.6148e+00 -4.6124e+00 -4.5995e+00 -6.8531e+00
-4.6151e+00 -4.6151e+00 -4.6151e+00 -4.6151e+00
# New trial
-4.5095e+00 -1.3747e+01 -1.3742e+02 -1.3742e+03
-4.5733e+00 -5.1016e+00 -2.8171e+01 -2.7992e+02
-4.6149e+00 -4.6128e+00 -4.6083e+00 -5.8510e+00
-4.6151e+00 -4.6151e+00 -4.6151e+00 -4.6151e+00
# New trial
-4.3242e+00 -6.6867e+00 -5.9541e+01 -5.9541e+02
-4.4820e+00 -4.0503e+00 -2.0707e+01 -2.0707e+02
-4.6132e+00 -4.5964e+00 -4.4452e+00 -5.6516e+00
-4.6151e+00 -4.6151e+00 -4.6151e+00 -4.6151e+00
# New trial
