# 0.1sig - Array shape (trial/sig/alpha): (30L, 4L, 4L)
-2.9080e+00 -3.1330e+00 -3.0884e+01 -3.0884e+02
-2.3049e+00 -2.3821e-08 0.0000e+00 0.0000e+00
-2.7633e+00 -5.2219e-07 0.0000e+00 0.0000e+00
-4.3303e+00 -1.8882e+00 -3.0724e-11 0.0000e+00
# New trial
-1.8272e+00 -1.0572e-04 0.0000e+00 0.0000e+00
-1.4399e+00 -6.8923e-13 0.0000e+00 0.0000e+00
-1.5940e+00 -8.6686e-13 0.0000e+00 0.0000e+00
-4.0302e+00 -2.3594e-01 0.0000e+00 0.0000e+00
# New trial
-1.3474e+00 -7.3186e-13 0.0000e+00 0.0000e+00
-1.6349e+00 -1.8474e-12 0.0000e+00 0.0000e+00
-2.6139e+00 -1.0513e-07 0.0000e+00 0.0000e+00
-4.1156e+00 -4.9130e-01 0.0000e+00 0.0000e+00
# New trial
-1.2852e+00 -3.9528e-09 0.0000e+00 0.0000e+00
-1.1938e+00 -4.9738e-14 0.0000e+00 0.0000e+00
-1.9375e+00 -5.4825e-11 0.0000e+00 0.0000e+00
-4.2259e+00 -1.0803e+00 0.0000e+00 0.0000e+00
# New trial
-3.1505e+00 -1.8603e-04 0.0000e+00 0.0000e+00
-2.7760e+00 -6.6538e-07 0.0000e+00 0.0000e+00
-3.0789e+00 -1.4694e-05 0.0000e+00 0.0000e+00
-4.1037e+00 -4.4589e-01 0.0000e+00 0.0000e+00
# New trial
-3.2493e+00 -6.2939e-04 0.0000e+00 0.0000e+00
-2.7492e+00 -5.3145e-07 0.0000e+00 0.0000e+00
-2.9872e+00 -5.6053e-06 0.0000e+00 0.0000e+00
-4.0537e+00 -2.9110e-01 0.0000e+00 0.0000e+00
# New trial
-3.4460e+00 -2.4711e-01 -4.5389e-08 0.0000e+00
-3.0557e+00 -1.9877e-05 0.0000e+00 0.0000e+00
-3.3213e+00 -1.8392e-04 0.0000e+00 0.0000e+00
-4.2955e+00 -1.5977e+00 -9.0949e-13 0.0000e+00
# New trial
-2.2981e+00 -2.2029e-07 0.0000e+00 0.0000e+00
-1.8422e+00 -2.7377e-11 0.0000e+00 0.0000e+00
-2.1436e+00 -5.8652e-10 0.0000e+00 0.0000e+00
-3.8125e+00 -2.8451e-02 0.0000e+00 0.0000e+00
# New trial
-1.1652e+00 -1.7261e-08 0.0000e+00 0.0000e+00
-7.1421e-01 0.0000e+00 0.0000e+00 0.0000e+00
-7.9171e-01 0.0000e+00 0.0000e+00 0.0000e+00
-3.5942e+00 -3.0741e-03 0.0000e+00 0.0000e+00
# New trial
-2.0009e+00 -2.9016e-08 0.0000e+00 0.0000e+00
-2.0197e+00 -3.1535e-10 0.0000e+00 0.0000e+00
-2.4765e+00 -2.3679e-08 0.0000e+00 0.0000e+00
-4.2581e+00 -1.3076e+00 -2.8422e-14 0.0000e+00
# New trial
-1.7946e+00 -1.2923e-09 0.0000e+00 0.0000e+00
-2.1088e+00 -6.3962e-10 0.0000e+00 0.0000e+00
-3.0107e+00 -7.1801e-06 0.0000e+00 0.0000e+00
-4.2996e+00 -1.6308e+00 -1.3642e-12 0.0000e+00
# New trial
-1.1046e+00 -3.4387e-09 0.0000e+00 0.0000e+00
-3.3802e-01 0.0000e+00 0.0000e+00 0.0000e+00
-5.8651e-01 0.0000e+00 0.0000e+00 0.0000e+00
-4.0019e+00 -1.8187e-01 0.0000e+00 0.0000e+00
# New trial
-3.0117e+00 -2.6885e-02 0.0000e+00 0.0000e+00
-2.8196e+00 -1.6585e-06 0.0000e+00 0.0000e+00
-3.2869e+00 -1.2860e-04 0.0000e+00 0.0000e+00
-4.3756e+00 -2.2898e+00 -3.0238e-09 0.0000e+00
# New trial
-2.7346e+00 -1.8505e-05 0.0000e+00 0.0000e+00
-2.1713e+00 -1.0910e-09 0.0000e+00 0.0000e+00
-2.4315e+00 -1.4467e-08 0.0000e+00 0.0000e+00
-3.9817e+00 -1.5049e-01 0.0000e+00 0.0000e+00
# New trial
-3.0733e+00 -2.1067e-05 0.0000e+00 0.0000e+00
-2.6358e+00 -1.3778e-07 0.0000e+00 0.0000e+00
-2.8359e+00 -1.1313e-06 0.0000e+00 0.0000e+00
-3.8097e+00 -2.7677e-02 0.0000e+00 0.0000e+00
# New trial
-2.3302e+00 -2.2067e-07 0.0000e+00 0.0000e+00
-1.9225e+00 -8.1471e-11 0.0000e+00 0.0000e+00
-1.9595e+00 -7.0841e-11 0.0000e+00 0.0000e+00
-3.9531e+00 -1.1448e-01 0.0000e+00 0.0000e+00
# New trial
-6.4413e-01 -1.7053e-13 0.0000e+00 0.0000e+00
-3.1606e-01 0.0000e+00 0.0000e+00 0.0000e+00
-4.4291e-01 0.0000e+00 0.0000e+00 0.0000e+00
-3.6134e+00 -3.7450e-03 0.0000e+00 0.0000e+00
# New trial
-1.5023e+00 -9.0736e-07 0.0000e+00 0.0000e+00
-7.3661e-01 0.0000e+00 0.0000e+00 0.0000e+00
-8.9040e-01 0.0000e+00 0.0000e+00 0.0000e+00
-3.8604e+00 -4.6029e-02 0.0000e+00 0.0000e+00
# New trial
-2.6975e+00 -1.7856e-03 0.0000e+00 0.0000e+00
-2.2003e+00 -3.5011e-09 0.0000e+00 0.0000e+00
-2.6648e+00 -1.8198e-07 0.0000e+00 0.0000e+00
-4.3215e+00 -1.8126e+00 -1.2534e-11 0.0000e+00
# New trial
-1.5335e+00 -7.4891e-12 0.0000e+00 0.0000e+00
-9.4254e-01 0.0000e+00 0.0000e+00 0.0000e+00
-6.6893e-01 0.0000e+00 0.0000e+00 0.0000e+00
-2.5566e+00 -5.6581e-08 0.0000e+00 0.0000e+00
# New trial
-1.0988e+00 -6.8753e-09 0.0000e+00 0.0000e+00
-7.8986e-01 0.0000e+00 0.0000e+00 0.0000e+00
-1.3023e+00 -1.4211e-14 0.0000e+00 0.0000e+00
-4.1325e+00 -5.6160e-01 0.0000e+00 0.0000e+00
# New trial
-1.0053e+00 -1.0658e-13 0.0000e+00 0.0000e+00
-1.4670e+00 -4.2633e-13 0.0000e+00 0.0000e+00
-2.7885e+00 -6.8318e-07 0.0000e+00 0.0000e+00
-4.3291e+00 -1.8776e+00 -2.7143e-11 0.0000e+00
# New trial
-2.8163e+00 -9.0527e-05 0.0000e+00 0.0000e+00
-3.6231e+00 -6.8665e-03 0.0000e+00 0.0000e+00
-4.3299e+00 -1.8847e+00 -2.9843e-11 0.0000e+00
-4.6092e+00 -4.5557e+00 -4.0228e+00 -2.2065e-01
# New trial
-2.3946e+00 -1.4202e-08 0.0000e+00 0.0000e+00
-1.8515e+00 -2.0478e-11 0.0000e+00 0.0000e+00
-1.4616e+00 -1.5632e-13 0.0000e+00 0.0000e+00
-2.7216e+00 -3.3453e-07 0.0000e+00 0.0000e+00
# New trial
-1.0764e+00 -4.8317e-13 0.0000e+00 0.0000e+00
-6.1608e-01 0.0000e+00 0.0000e+00 0.0000e+00
-4.8315e-01 0.0000e+00 0.0000e+00 0.0000e+00
-2.9472e+00 -3.6765e-06 0.0000e+00 0.0000e+00
# New trial
-6.7770e-01 -5.6843e-14 0.0000e+00 0.0000e+00
-6.5808e-01 0.0000e+00 0.0000e+00 0.0000e+00
-2.1389e+00 -5.5657e-10 0.0000e+00 0.0000e+00
-4.2936e+00 -1.5821e+00 -7.3896e-13 0.0000e+00
# New trial
-3.4991e+00 -1.7146e-02 0.0000e+00 0.0000e+00
-4.1720e+00 -8.6282e-01 -5.6843e-14 0.0000e+00
-4.5831e+00 -4.2959e+00 -1.6035e+00 -1.2506e-12
-4.6151e+00 -4.6149e+00 -4.6129e+00 -4.5928e+00
# New trial
-2.2946e+00 -7.1800e-06 0.0000e+00 0.0000e+00
-1.6011e+00 -1.6485e-12 0.0000e+00 0.0000e+00
-1.4966e+00 -2.4869e-13 0.0000e+00 0.0000e+00
-3.6595e+00 -6.0032e-03 0.0000e+00 0.0000e+00
# New trial
-2.9414e+00 -5.1259e-05 0.0000e+00 0.0000e+00
-3.2063e+00 -6.4473e-05 0.0000e+00 0.0000e+00
-3.8155e+00 -2.9348e-02 0.0000e+00 0.0000e+00
-4.4950e+00 -3.4246e+00 -5.3549e-04 0.0000e+00
# New trial
-2.5659e+00 -1.3441e-05 0.0000e+00 0.0000e+00
-2.1716e+00 -2.2487e-09 0.0000e+00 0.0000e+00
-2.4927e+00 -2.8254e-08 0.0000e+00 0.0000e+00
-4.1315e+00 -5.5727e-01 0.0000e+00 0.0000e+00
# New trial
