# 0.1sig - Array shape (trial/sig/alpha): (30L, 4L, 4L)
-2.2720e+00 -1.8056e+00 -1.6261e+01 -1.6261e+02
-1.5632e+00 -7.8799e-12 0.0000e+00 0.0000e+00
-2.6303e+00 -1.2550e-07 0.0000e+00 0.0000e+00
-4.3815e+00 -2.3439e+00 -5.5107e-09 0.0000e+00
# New trial
-8.7722e-01 -1.1365e-09 0.0000e+00 0.0000e+00
-6.9155e-01 0.0000e+00 0.0000e+00 0.0000e+00
-2.3499e+00 -5.8917e-09 0.0000e+00 0.0000e+00
-4.3857e+00 -2.3817e+00 -8.3694e-09 0.0000e+00
# New trial
-2.1252e+00 -3.6211e-09 0.0000e+00 0.0000e+00
-1.4701e+00 -2.1316e-13 0.0000e+00 0.0000e+00
-1.0571e+00 0.0000e+00 0.0000e+00 0.0000e+00
-2.8249e+00 -1.0070e-06 0.0000e+00 0.0000e+00
# New trial
-1.5483e+00 -2.2232e-08 0.0000e+00 0.0000e+00
-1.2467e+00 -6.3949e-14 0.0000e+00 0.0000e+00
-1.9151e+00 -4.2206e-11 0.0000e+00 0.0000e+00
-4.1391e+00 -5.9078e-01 0.0000e+00 0.0000e+00
# New trial
-3.1569e+00 -1.2940e-04 0.0000e+00 0.0000e+00
-2.4639e+00 -2.2548e-08 0.0000e+00 0.0000e+00
-1.8657e+00 -2.3562e-11 0.0000e+00 0.0000e+00
-2.8892e+00 -1.9908e-06 0.0000e+00 0.0000e+00
# New trial
-3.1013e+00 -5.2377e-05 0.0000e+00 0.0000e+00
-2.7305e+00 -3.9946e-07 0.0000e+00 0.0000e+00
-2.6990e+00 -2.6245e-07 0.0000e+00 0.0000e+00
-3.7647e+00 -1.7556e-02 0.0000e+00 0.0000e+00
# New trial
-4.0459e+00 -6.3734e+00 -5.9946e+01 -5.9946e+02
-3.3712e+00 -5.2787e-04 0.0000e+00 0.0000e+00
-3.1595e+00 -3.4127e-05 0.0000e+00 0.0000e+00
-4.1466e+00 -6.2565e-01 0.0000e+00 0.0000e+00
# New trial
-2.8858e+00 -6.2154e-05 0.0000e+00 0.0000e+00
-2.0366e+00 -2.3402e-10 0.0000e+00 0.0000e+00
-1.9237e+00 -4.6640e-11 0.0000e+00 0.0000e+00
-3.4436e+00 -6.5219e-04 0.0000e+00 0.0000e+00
# New trial
-8.7102e-01 -9.5447e-11 0.0000e+00 0.0000e+00
-4.8637e-01 0.0000e+00 0.0000e+00 0.0000e+00
-9.8942e-01 0.0000e+00 0.0000e+00 0.0000e+00
-3.6942e+00 -8.5591e-03 0.0000e+00 0.0000e+00
# New trial
-1.8839e+00 -4.6565e-09 0.0000e+00 0.0000e+00
-1.6358e+00 -2.6290e-12 0.0000e+00 0.0000e+00
-2.5725e+00 -6.7203e-08 0.0000e+00 0.0000e+00
-4.2906e+00 -1.5579e+00 -5.4001e-13 0.0000e+00
# New trial
-2.5676e+00 -3.2235e-06 0.0000e+00 0.0000e+00
-1.9629e+00 -1.1385e-10 0.0000e+00 0.0000e+00
-1.7203e+00 -4.1140e-12 0.0000e+00 0.0000e+00
-3.5849e+00 -2.7938e-03 0.0000e+00 0.0000e+00
# New trial
-6.1462e-01 -4.1211e-13 0.0000e+00 0.0000e+00
-2.0213e-01 0.0000e+00 0.0000e+00 0.0000e+00
-8.5820e-01 0.0000e+00 0.0000e+00 0.0000e+00
-4.1029e+00 -4.4319e-01 0.0000e+00 0.0000e+00
# New trial
-3.3779e+00 -5.4320e+00 -5.4274e+01 -5.4274e+02
-2.6664e+00 -3.8904e-07 0.0000e+00 0.0000e+00
-3.1611e+00 -3.4697e-05 0.0000e+00 0.0000e+00
-4.3948e+00 -2.4659e+00 -2.1071e-08 0.0000e+00
# New trial
-2.9386e+00 -1.8458e-04 0.0000e+00 0.0000e+00
-2.2342e+00 -2.0632e-09 0.0000e+00 0.0000e+00
-2.2306e+00 -1.5622e-09 0.0000e+00 0.0000e+00
-3.7516e+00 -1.5362e-02 0.0000e+00 0.0000e+00
# New trial
-3.0732e+00 -1.6812e-05 0.0000e+00 0.0000e+00
-2.7118e+00 -3.0515e-07 0.0000e+00 0.0000e+00
-2.7890e+00 -6.8698e-07 0.0000e+00 0.0000e+00
-3.5594e+00 -2.1491e-03 0.0000e+00 0.0000e+00
# New trial
-2.2079e+00 -7.7882e-08 0.0000e+00 0.0000e+00
-1.6676e+00 -3.5527e-12 0.0000e+00 0.0000e+00
-2.1451e+00 -5.9634e-10 0.0000e+00 0.0000e+00
-4.0372e+00 -2.5145e-01 0.0000e+00 0.0000e+00
# New trial
-9.0827e-01 -7.1765e-12 0.0000e+00 0.0000e+00
-3.0200e-01 0.0000e+00 0.0000e+00 0.0000e+00
-5.1706e-01 0.0000e+00 0.0000e+00 0.0000e+00
-3.5598e+00 -2.1591e-03 0.0000e+00 0.0000e+00
# New trial
-7.6724e-01 -2.5395e-11 0.0000e+00 0.0000e+00
-4.1605e-01 0.0000e+00 0.0000e+00 0.0000e+00
-1.2252e+00 -7.1054e-15 0.0000e+00 0.0000e+00
-4.0713e+00 -3.3960e-01 0.0000e+00 0.0000e+00
# New trial
-2.0611e+00 -7.5638e-05 0.0000e+00 0.0000e+00
-1.3464e+00 -1.7053e-13 0.0000e+00 0.0000e+00
-2.5014e+00 -3.1067e-08 0.0000e+00 0.0000e+00
-4.3680e+00 -2.2206e+00 -1.3959e-09 0.0000e+00
# New trial
-1.6323e+00 -1.2996e-11 0.0000e+00 0.0000e+00
-9.9660e-01 0.0000e+00 0.0000e+00 0.0000e+00
-7.6398e-01 0.0000e+00 0.0000e+00 0.0000e+00
-2.2487e+00 -1.9117e-09 0.0000e+00 0.0000e+00
# New trial
-1.4821e+00 -2.1636e-07 0.0000e+00 0.0000e+00
-7.6523e-01 0.0000e+00 0.0000e+00 0.0000e+00
-1.3322e+00 -2.8422e-14 0.0000e+00 0.0000e+00
-4.0670e+00 -3.2714e-01 0.0000e+00 0.0000e+00
# New trial
-1.4423e+00 -1.0218e-11 0.0000e+00 0.0000e+00
-1.2180e+00 -1.4211e-14 0.0000e+00 0.0000e+00
-1.3260e+00 -2.8422e-14 0.0000e+00 0.0000e+00
-3.7110e+00 -1.0163e-02 0.0000e+00 0.0000e+00
# New trial
-3.9885e+00 -2.5720e+00 -1.6056e+01 -1.6056e+02
-3.0860e+00 -2.5679e-05 0.0000e+00 0.0000e+00
-3.2702e+00 -1.0815e-04 0.0000e+00 0.0000e+00
-4.3150e+00 -1.7577e+00 -6.4801e-12 0.0000e+00
# New trial
-2.7198e+00 -4.0615e-07 0.0000e+00 0.0000e+00
-2.0185e+00 -1.4245e-10 0.0000e+00 0.0000e+00
-1.4264e+00 -9.9476e-14 0.0000e+00 0.0000e+00
-2.1719e+00 -8.0676e-10 0.0000e+00 0.0000e+00
# New trial
-1.2728e+00 -3.5172e-12 0.0000e+00 0.0000e+00
-6.1634e-01 0.0000e+00 0.0000e+00 0.0000e+00
-5.3916e-01 0.0000e+00 0.0000e+00 0.0000e+00
-2.7273e+00 -3.5534e-07 0.0000e+00 0.0000e+00
# New trial
-4.8142e-01 0.0000e+00 0.0000e+00 0.0000e+00
-6.8502e-01 0.0000e+00 0.0000e+00 0.0000e+00
-1.7547e+00 -6.2528e-12 0.0000e+00 0.0000e+00
-3.9021e+00 -6.9605e-02 0.0000e+00 0.0000e+00
# New trial
-3.2428e+00 -3.7468e-03 0.0000e+00 0.0000e+00
-3.1930e+00 -7.0844e-05 0.0000e+00 0.0000e+00
-3.9702e+00 -1.3496e-01 0.0000e+00 0.0000e+00
-4.5699e+00 -4.1641e+00 -7.1203e-01 0.0000e+00
# New trial
-2.1980e+00 -1.5455e-06 0.0000e+00 0.0000e+00
-1.4252e+00 -1.5632e-13 0.0000e+00 0.0000e+00
-1.5171e+00 -3.2685e-13 0.0000e+00 0.0000e+00
-3.5443e+00 -1.8409e-03 0.0000e+00 0.0000e+00
# New trial
-3.4818e+00 -7.9430e-03 0.0000e+00 0.0000e+00
-3.0806e+00 -1.7187e-05 0.0000e+00 0.0000e+00
-3.6784e+00 -7.2807e-03 0.0000e+00 0.0000e+00
-4.4427e+00 -2.9177e+00 -2.6910e-06 0.0000e+00
# New trial
-2.5835e+00 -2.0249e-04 0.0000e+00 0.0000e+00
-1.7973e+00 -3.5214e-11 0.0000e+00 0.0000e+00
-2.2830e+00 -2.8049e-09 0.0000e+00 0.0000e+00
-4.0856e+00 -3.8368e-01 0.0000e+00 0.0000e+00
# New trial
