# 0.01sig - Array shape (trial/sig/alpha): (30L, 4L, 4L)
-3.8830e-02 0.0000e+00 0.0000e+00 0.0000e+00
-5.7996e-01 0.0000e+00 0.0000e+00 0.0000e+00
-3.4258e+00 -5.4410e-04 0.0000e+00 0.0000e+00
-4.6027e+00 -4.4907e+00 -3.3825e+00 -3.4662e-04
# New trial
-4.6653e-02 0.0000e+00 0.0000e+00 0.0000e+00
-1.0345e+00 -1.5632e-13 0.0000e+00 0.0000e+00
-3.9580e+00 -1.2027e-01 0.0000e+00 0.0000e+00
-4.6134e+00 -4.5974e+00 -4.4385e+00 -2.8779e+00
# New trial
-7.0846e-02 0.0000e+00 0.0000e+00 0.0000e+00
-5.0117e-01 0.0000e+00 0.0000e+00 0.0000e+00
-3.0379e+00 -9.5740e-06 0.0000e+00 0.0000e+00
-4.5855e+00 -4.3198e+00 -1.7984e+00 -1.0459e-11
# New trial
-1.4385e-01 0.0000e+00 0.0000e+00 0.0000e+00
-7.4207e-01 0.0000e+00 0.0000e+00 0.0000e+00
-3.9483e+00 -1.0963e-01 0.0000e+00 0.0000e+00
-4.6141e+00 -4.6050e+00 -4.5136e+00 -3.6068e+00
# New trial
-5.8554e-03 0.0000e+00 0.0000e+00 0.0000e+00
-7.6517e-01 -1.8161e-11 0.0000e+00 0.0000e+00
-4.1421e+00 -6.0894e-01 0.0000e+00 0.0000e+00
-4.6149e+00 -4.6132e+00 -4.5960e+00 -4.4238e+00
# New trial
-1.2904e+00 -2.8280e-12 0.0000e+00 0.0000e+00
-1.3533e+00 -8.5265e-14 0.0000e+00 0.0000e+00
-3.2173e+00 -6.2409e-05 0.0000e+00 0.0000e+00
-4.5263e+00 -3.7318e+00 -1.2562e-02 0.0000e+00
# New trial
-5.4137e-02 0.0000e+00 0.0000e+00 0.0000e+00
-6.4614e-01 0.0000e+00 0.0000e+00 0.0000e+00
-3.6188e+00 -3.9638e-03 0.0000e+00 0.0000e+00
-4.6060e+00 -4.5240e+00 -3.7091e+00 -9.9657e-03
# New trial
-2.2167e-02 0.0000e+00 0.0000e+00 0.0000e+00
-8.3033e-01 -1.5632e-13 0.0000e+00 0.0000e+00
-3.8761e+00 -5.4007e-02 0.0000e+00 0.0000e+00
-4.6138e+00 -4.6018e+00 -4.4817e+00 -3.2945e+00
# New trial
-1.6076e+00 -3.9030e-10 0.0000e+00 0.0000e+00
-3.4507e+00 -2.0873e-03 0.0000e+00 0.0000e+00
-4.5494e+00 -3.9611e+00 -1.2677e-01 0.0000e+00
-4.6151e+00 -4.6150e+00 -4.6144e+00 -4.6078e+00
# New trial
-3.3768e-03 0.0000e+00 0.0000e+00 0.0000e+00
-6.8498e-01 -6.5370e-13 0.0000e+00 0.0000e+00
-3.7856e+00 -2.1899e-02 0.0000e+00 0.0000e+00
-4.6140e+00 -4.6041e+00 -4.5052e+00 -3.5246e+00
# New trial
-1.4257e-02 0.0000e+00 0.0000e+00 0.0000e+00
-3.6991e-01 0.0000e+00 0.0000e+00 0.0000e+00
-3.3049e+00 -1.5569e-04 0.0000e+00 0.0000e+00
-4.6065e+00 -4.5293e+00 -3.7620e+00 -1.7077e-02
# New trial
-4.3295e-01 0.0000e+00 0.0000e+00 0.0000e+00
-5.3352e-01 0.0000e+00 0.0000e+00 0.0000e+00
-2.1844e+00 -9.3087e-10 0.0000e+00 0.0000e+00
-4.4670e+00 -3.1519e+00 -3.1511e-05 0.0000e+00
# New trial
-5.4476e-01 0.0000e+00 0.0000e+00 0.0000e+00
-1.3540e+00 -1.3500e-13 0.0000e+00 0.0000e+00
-3.5091e+00 -1.2821e-03 0.0000e+00 0.0000e+00
-4.5879e+00 -4.3436e+00 -2.0035e+00 -1.1801e-10
# New trial
-1.2892e-02 0.0000e+00 0.0000e+00 0.0000e+00
-6.1916e-01 0.0000e+00 0.0000e+00 0.0000e+00
-3.6923e+00 -8.4499e-03 0.0000e+00 0.0000e+00
-4.6122e+00 -4.5859e+00 -4.3231e+00 -1.8264e+00
# New trial
-1.6274e+00 -2.9598e-08 0.0000e+00 0.0000e+00
-3.4265e+00 -2.2222e-03 0.0000e+00 0.0000e+00
-4.5633e+00 -4.0983e+00 -4.4451e-01 0.0000e+00
-4.6151e+00 -4.6151e+00 -4.6148e+00 -4.6119e+00
# New trial
-2.8400e-03 0.0000e+00 0.0000e+00 0.0000e+00
-1.7025e-01 0.0000e+00 0.0000e+00 0.0000e+00
-3.2521e+00 -9.2025e-05 0.0000e+00 0.0000e+00
-4.6112e+00 -4.5761e+00 -4.2259e+00 -1.0800e+00
# New trial
-3.1512e-02 0.0000e+00 0.0000e+00 0.0000e+00
-7.4567e-01 -2.5437e-12 0.0000e+00 0.0000e+00
-3.8085e+00 -2.7579e-02 0.0000e+00 0.0000e+00
-4.6132e+00 -4.5958e+00 -4.4225e+00 -2.7256e+00
# New trial
-3.3030e-02 0.0000e+00 0.0000e+00 0.0000e+00
-3.3062e-03 0.0000e+00 0.0000e+00 0.0000e+00
-5.6946e-02 0.0000e+00 0.0000e+00 0.0000e+00
-4.0369e+00 -2.5061e-01 0.0000e+00 0.0000e+00
# New trial
-2.1224e+00 -5.9948e-08 0.0000e+00 0.0000e+00
-1.9857e+00 -2.4338e-10 0.0000e+00 0.0000e+00
-3.6857e+00 -7.8477e-03 0.0000e+00 0.0000e+00
-4.5853e+00 -4.3177e+00 -1.7805e+00 -8.6402e-12
# New trial
-1.2774e-01 0.0000e+00 0.0000e+00 0.0000e+00
-6.7752e-01 0.0000e+00 0.0000e+00 0.0000e+00
-3.3204e+00 -1.8277e-04 0.0000e+00 0.0000e+00
-4.5984e+00 -4.4480e+00 -2.9690e+00 -4.6243e-06
# New trial
-1.0229e+00 -1.4211e-14 0.0000e+00 0.0000e+00
-4.4107e-01 0.0000e+00 0.0000e+00 0.0000e+00
-7.6653e-01 0.0000e+00 0.0000e+00 0.0000e+00
-3.8306e+00 -3.4146e-02 0.0000e+00 0.0000e+00
# New trial
-3.6254e+00 -3.0939e-02 0.0000e+00 0.0000e+00
-4.5084e+00 -3.7195e+00 -9.0047e+00 -8.9882e+01
-4.6152e+00 -4.6158e+00 -4.6294e+00 -6.5574e+00
-4.6151e+00 -4.6151e+00 -4.6151e+00 -4.6151e+00
# New trial
-1.3139e-01 0.0000e+00 0.0000e+00 0.0000e+00
-1.6802e+00 -1.4964e-09 0.0000e+00 0.0000e+00
-4.2545e+00 -1.2819e+00 0.0000e+00 0.0000e+00
-4.6149e+00 -4.6125e+00 -4.5887e+00 -4.3513e+00
# New trial
-1.4190e+00 -6.0609e-12 0.0000e+00 0.0000e+00
-8.2379e-01 0.0000e+00 0.0000e+00 0.0000e+00
-1.5189e+00 -3.3396e-13 0.0000e+00 0.0000e+00
-4.2278e+00 -1.0931e+00 0.0000e+00 0.0000e+00
# New trial
-4.3450e-02 0.0000e+00 0.0000e+00 0.0000e+00
-1.1525e+00 -5.5707e-12 0.0000e+00 0.0000e+00
-4.2599e+00 -1.3219e+00 0.0000e+00 0.0000e+00
-4.6150e+00 -4.6139e+00 -4.6034e+00 -4.4978e+00
# New trial
-2.7986e+00 -4.0612e-05 0.0000e+00 0.0000e+00
-4.4296e+00 -3.1625e+00 -3.3669e+00 -3.2058e+01
-4.6156e+00 -4.6196e+00 -4.6662e+00 -6.1678e+00
-4.6151e+00 -4.6151e+00 -4.6151e+00 -4.6151e+00
# New trial
-9.5182e-01 -1.4211e-14 0.0000e+00 0.0000e+00
-2.1212e+00 -1.0596e-09 0.0000e+00 0.0000e+00
-4.2637e+00 -1.3491e+00 -5.6843e-14 0.0000e+00
-4.6144e+00 -4.6081e+00 -4.5454e+00 -3.9203e+00
# New trial
-2.4119e+00 -4.7378e-06 0.0000e+00 0.0000e+00
-4.3371e+00 -2.6635e+00 -3.7151e+00 -3.2987e+01
-4.6155e+00 -4.6194e+00 -4.6838e+00 -1.0641e+01
-4.6151e+00 -4.6151e+00 -4.6151e+00 -4.6151e+00
# New trial
-1.7143e+00 -4.4864e-10 0.0000e+00 0.0000e+00
-7.5583e-01 0.0000e+00 0.0000e+00 0.0000e+00
-1.3210e+00 -2.1316e-14 0.0000e+00 0.0000e+00
-4.1402e+00 -5.9606e-01 0.0000e+00 0.0000e+00
# New trial
-3.5186e-01 0.0000e+00 0.0000e+00 0.0000e+00
-7.1897e-02 0.0000e+00 0.0000e+00 0.0000e+00
-7.2497e-01 0.0000e+00 0.0000e+00 0.0000e+00
-4.3541e+00 -2.0964e+00 -3.4299e-10 0.0000e+00
# New trial
