# 0.1sig - Array shape (trial/sig/alpha): (30L, 4L, 4L)
-2.7518e-01 0.0000e+00 0.0000e+00 0.0000e+00
-2.6807e-02 0.0000e+00 0.0000e+00 0.0000e+00
-5.4550e-05 0.0000e+00 0.0000e+00 0.0000e+00
-1.6531e-05 0.0000e+00 0.0000e+00 0.0000e+00
# New trial
-8.6283e-02 0.0000e+00 0.0000e+00 0.0000e+00
-7.7597e-03 0.0000e+00 0.0000e+00 0.0000e+00
-2.6196e-05 0.0000e+00 0.0000e+00 0.0000e+00
-2.8856e-04 0.0000e+00 0.0000e+00 0.0000e+00
# New trial
-3.4068e-01 0.0000e+00 0.0000e+00 0.0000e+00
-2.8192e-02 0.0000e+00 0.0000e+00 0.0000e+00
-5.4365e-05 0.0000e+00 0.0000e+00 0.0000e+00
-2.9062e-05 0.0000e+00 0.0000e+00 0.0000e+00
# New trial
-3.7011e-01 0.0000e+00 0.0000e+00 0.0000e+00
-7.9756e-02 0.0000e+00 0.0000e+00 0.0000e+00
-7.2169e-04 0.0000e+00 0.0000e+00 0.0000e+00
-5.5956e-04 0.0000e+00 0.0000e+00 0.0000e+00
# New trial
-3.2631e-02 0.0000e+00 0.0000e+00 0.0000e+00
-4.4195e-04 0.0000e+00 0.0000e+00 0.0000e+00
-1.3561e-06 0.0000e+00 0.0000e+00 0.0000e+00
-1.7909e-02 0.0000e+00 0.0000e+00 0.0000e+00
# New trial
-1.5814e+00 -7.7449e-13 0.0000e+00 0.0000e+00
-1.0086e+00 0.0000e+00 0.0000e+00 0.0000e+00
-1.0348e-01 0.0000e+00 0.0000e+00 0.0000e+00
-3.3402e-03 0.0000e+00 0.0000e+00 0.0000e+00
# New trial
-2.1492e-01 0.0000e+00 0.0000e+00 0.0000e+00
-2.8811e-02 0.0000e+00 0.0000e+00 0.0000e+00
-1.7558e-04 0.0000e+00 0.0000e+00 0.0000e+00
-1.9859e-03 0.0000e+00 0.0000e+00 0.0000e+00
# New trial
-3.1792e-02 0.0000e+00 0.0000e+00 0.0000e+00
-1.0784e-03 0.0000e+00 0.0000e+00 0.0000e+00
-7.8565e-07 0.0000e+00 0.0000e+00 0.0000e+00
-1.6429e-05 0.0000e+00 0.0000e+00 0.0000e+00
# New trial
-2.1383e+00 -5.7795e-10 0.0000e+00 0.0000e+00
-1.8222e+00 -1.4108e-11 0.0000e+00 0.0000e+00
-1.2747e+00 -1.4211e-14 0.0000e+00 0.0000e+00
-1.7381e+00 -5.1088e-12 0.0000e+00 0.0000e+00
# New trial
-8.5195e-03 0.0000e+00 0.0000e+00 0.0000e+00
-4.5478e-05 0.0000e+00 0.0000e+00 0.0000e+00
-1.6706e-08 0.0000e+00 0.0000e+00 0.0000e+00
-1.9960e-02 0.0000e+00 0.0000e+00 0.0000e+00
# New trial
-5.3955e-02 0.0000e+00 0.0000e+00 0.0000e+00
-1.2632e-03 0.0000e+00 0.0000e+00 0.0000e+00
-3.0467e-07 0.0000e+00 0.0000e+00 0.0000e+00
-1.0815e-05 0.0000e+00 0.0000e+00 0.0000e+00
# New trial
-1.7491e+00 -5.9615e-12 0.0000e+00 0.0000e+00
-1.0556e+00 0.0000e+00 0.0000e+00 0.0000e+00
-1.5857e-01 0.0000e+00 0.0000e+00 0.0000e+00
-3.9292e-02 0.0000e+00 0.0000e+00 0.0000e+00
# New trial
-1.2609e+00 -1.4211e-14 0.0000e+00 0.0000e+00
-5.7608e-01 0.0000e+00 0.0000e+00 0.0000e+00
-1.5365e-02 0.0000e+00 0.0000e+00 0.0000e+00
-4.5728e-05 0.0000e+00 0.0000e+00 0.0000e+00
# New trial
-3.9987e-02 0.0000e+00 0.0000e+00 0.0000e+00
-1.4672e-03 0.0000e+00 0.0000e+00 0.0000e+00
-8.1171e-07 0.0000e+00 0.0000e+00 0.0000e+00
-2.3203e-06 0.0000e+00 0.0000e+00 0.0000e+00
# New trial
-1.2799e+00 -1.4211e-14 0.0000e+00 0.0000e+00
-7.3390e-01 0.0000e+00 0.0000e+00 0.0000e+00
-5.9324e-02 0.0000e+00 0.0000e+00 0.0000e+00
-3.2612e-03 0.0000e+00 0.0000e+00 0.0000e+00
# New trial
-1.2099e-03 0.0000e+00 0.0000e+00 0.0000e+00
-3.1017e-06 0.0000e+00 0.0000e+00 0.0000e+00
-3.2987e-10 0.0000e+00 0.0000e+00 0.0000e+00
-1.6769e-03 0.0000e+00 0.0000e+00 0.0000e+00
# New trial
-1.0771e-01 0.0000e+00 0.0000e+00 0.0000e+00
-6.6178e-03 0.0000e+00 0.0000e+00 0.0000e+00
-1.2151e-05 0.0000e+00 0.0000e+00 0.0000e+00
-1.5701e-05 0.0000e+00 0.0000e+00 0.0000e+00
# New trial
-4.8367e-01 0.0000e+00 0.0000e+00 0.0000e+00
-7.7265e-02 0.0000e+00 0.0000e+00 0.0000e+00
-3.4542e-04 0.0000e+00 0.0000e+00 0.0000e+00
-5.0785e-05 0.0000e+00 0.0000e+00 0.0000e+00
# New trial
-2.2459e+00 -1.8762e-09 0.0000e+00 0.0000e+00
-1.6701e+00 -2.2276e-12 0.0000e+00 0.0000e+00
-4.7458e-01 0.0000e+00 0.0000e+00 0.0000e+00
-1.1056e-01 0.0000e+00 0.0000e+00 0.0000e+00
# New trial
-3.6444e-01 0.0000e+00 0.0000e+00 0.0000e+00
-4.5134e-02 0.0000e+00 0.0000e+00 0.0000e+00
-2.4204e-04 0.0000e+00 0.0000e+00 0.0000e+00
-3.0396e-04 0.0000e+00 0.0000e+00 0.0000e+00
# New trial
-2.0033e+00 -1.1824e-10 0.0000e+00 0.0000e+00
-1.4075e+00 -7.8160e-14 0.0000e+00 0.0000e+00
-2.1371e-01 0.0000e+00 0.0000e+00 0.0000e+00
-2.3699e-03 0.0000e+00 0.0000e+00 0.0000e+00
# New trial
-2.8772e-02 0.0000e+00 0.0000e+00 0.0000e+00
-4.4717e-04 0.0000e+00 0.0000e+00 0.0000e+00
-4.8524e-07 0.0000e+00 0.0000e+00 0.0000e+00
-5.6390e-03 0.0000e+00 0.0000e+00 0.0000e+00
# New trial
-2.1230e-01 0.0000e+00 0.0000e+00 0.0000e+00
-3.5809e-02 0.0000e+00 0.0000e+00 0.0000e+00
-6.9776e-04 0.0000e+00 0.0000e+00 0.0000e+00
-1.4708e-03 0.0000e+00 0.0000e+00 0.0000e+00
# New trial
-2.3659e+00 -7.0493e-09 0.0000e+00 0.0000e+00
-1.6923e+00 -2.9239e-12 0.0000e+00 0.0000e+00
-3.1395e-01 0.0000e+00 0.0000e+00 0.0000e+00
-1.7143e-02 0.0000e+00 0.0000e+00 0.0000e+00
# New trial
-3.9582e-02 0.0000e+00 0.0000e+00 0.0000e+00
-1.8387e-03 0.0000e+00 0.0000e+00 0.0000e+00
-1.0468e-05 0.0000e+00 0.0000e+00 0.0000e+00
-7.6328e-03 0.0000e+00 0.0000e+00 0.0000e+00
# New trial
-1.2273e-01 0.0000e+00 0.0000e+00 0.0000e+00
-6.1327e-03 0.0000e+00 0.0000e+00 0.0000e+00
-8.4164e-06 0.0000e+00 0.0000e+00 0.0000e+00
-1.7814e-04 0.0000e+00 0.0000e+00 0.0000e+00
# New trial
-1.2627e+00 -1.4211e-14 0.0000e+00 0.0000e+00
-6.3171e-01 0.0000e+00 0.0000e+00 0.0000e+00
-3.3602e-02 0.0000e+00 0.0000e+00 0.0000e+00
-8.0592e-04 0.0000e+00 0.0000e+00 0.0000e+00
# New trial
-4.1086e-02 0.0000e+00 0.0000e+00 0.0000e+00
-1.7459e-03 0.0000e+00 0.0000e+00 0.0000e+00
-1.7107e-06 0.0000e+00 0.0000e+00 0.0000e+00
-2.5950e-05 0.0000e+00 0.0000e+00 0.0000e+00
# New trial
-2.0518e+00 -2.0781e-10 0.0000e+00 0.0000e+00
-1.6140e+00 -1.1084e-12 0.0000e+00 0.0000e+00
-4.1268e-01 0.0000e+00 0.0000e+00 0.0000e+00
-7.5396e-03 0.0000e+00 0.0000e+00 0.0000e+00
# New trial
-9.7355e-01 0.0000e+00 0.0000e+00 0.0000e+00
-3.3702e-01 0.0000e+00 0.0000e+00 0.0000e+00
-4.2361e-03 0.0000e+00 0.0000e+00 0.0000e+00
-2.9979e-05 0.0000e+00 0.0000e+00 0.0000e+00
# New trial
