# 0.1sig - Array shape (trial/sig/alpha): (30L, 4L, 4L)
-6.5497e-01 0.0000e+00 0.0000e+00 0.0000e+00
-1.1918e-01 0.0000e+00 0.0000e+00 0.0000e+00
-6.2556e-04 0.0000e+00 0.0000e+00 0.0000e+00
-5.6504e-06 0.0000e+00 0.0000e+00 0.0000e+00
# New trial
-2.1759e-01 0.0000e+00 0.0000e+00 0.0000e+00
-3.2272e-02 0.0000e+00 0.0000e+00 0.0000e+00
-1.8798e-04 0.0000e+00 0.0000e+00 0.0000e+00
-1.6759e-05 0.0000e+00 0.0000e+00 0.0000e+00
# New trial
-8.7904e-01 0.0000e+00 0.0000e+00 0.0000e+00
-1.6521e-01 0.0000e+00 0.0000e+00 0.0000e+00
-1.1715e-03 0.0000e+00 0.0000e+00 0.0000e+00
-3.5925e-05 0.0000e+00 0.0000e+00 0.0000e+00
# New trial
-7.4904e-01 0.0000e+00 0.0000e+00 0.0000e+00
-2.1963e-01 0.0000e+00 0.0000e+00 0.0000e+00
-1.6889e-03 0.0000e+00 0.0000e+00 0.0000e+00
-2.1227e-05 0.0000e+00 0.0000e+00 0.0000e+00
# New trial
-1.1539e-01 0.0000e+00 0.0000e+00 0.0000e+00
-2.2379e-03 0.0000e+00 0.0000e+00 0.0000e+00
-3.7465e-07 0.0000e+00 0.0000e+00 0.0000e+00
-1.0251e-06 0.0000e+00 0.0000e+00 0.0000e+00
# New trial
-2.0329e+00 -1.6612e-10 0.0000e+00 0.0000e+00
-1.4899e+00 -2.2737e-13 0.0000e+00 0.0000e+00
-2.5714e-01 0.0000e+00 0.0000e+00 0.0000e+00
-2.1327e-03 0.0000e+00 0.0000e+00 0.0000e+00
# New trial
-5.1750e-01 0.0000e+00 0.0000e+00 0.0000e+00
-7.6248e-02 0.0000e+00 0.0000e+00 0.0000e+00
-1.9691e-04 0.0000e+00 0.0000e+00 0.0000e+00
-1.7457e-05 0.0000e+00 0.0000e+00 0.0000e+00
# New trial
-9.3871e-02 0.0000e+00 0.0000e+00 0.0000e+00
-4.8761e-03 0.0000e+00 0.0000e+00 0.0000e+00
-2.5437e-06 0.0000e+00 0.0000e+00 0.0000e+00
-1.6601e-07 0.0000e+00 0.0000e+00 0.0000e+00
# New trial
-2.1964e+00 -1.0662e-09 0.0000e+00 0.0000e+00
-1.5074e+00 -2.9132e-13 0.0000e+00 0.0000e+00
-1.8237e-01 0.0000e+00 0.0000e+00 0.0000e+00
-1.9211e-03 0.0000e+00 0.0000e+00 0.0000e+00
# New trial
-2.6435e-02 0.0000e+00 0.0000e+00 0.0000e+00
-2.9651e-04 0.0000e+00 0.0000e+00 0.0000e+00
-7.2520e-08 0.0000e+00 0.0000e+00 0.0000e+00
-2.7004e-04 0.0000e+00 0.0000e+00 0.0000e+00
# New trial
-1.6562e-01 0.0000e+00 0.0000e+00 0.0000e+00
-8.7150e-03 0.0000e+00 0.0000e+00 0.0000e+00
-1.0789e-05 0.0000e+00 0.0000e+00 0.0000e+00
-3.9946e-06 0.0000e+00 0.0000e+00 0.0000e+00
# New trial
-2.0090e+00 -1.2588e-10 0.0000e+00 0.0000e+00
-1.1654e+00 0.0000e+00 0.0000e+00 0.0000e+00
-6.3211e-02 0.0000e+00 0.0000e+00 0.0000e+00
-3.5197e-04 0.0000e+00 0.0000e+00 0.0000e+00
# New trial
-1.7185e+00 -4.0323e-12 0.0000e+00 0.0000e+00
-1.0366e+00 0.0000e+00 0.0000e+00 0.0000e+00
-7.0137e-02 0.0000e+00 0.0000e+00 0.0000e+00
-1.5764e-04 0.0000e+00 0.0000e+00 0.0000e+00
# New trial
-1.2647e-01 0.0000e+00 0.0000e+00 0.0000e+00
-7.4431e-03 0.0000e+00 0.0000e+00 0.0000e+00
-7.5167e-06 0.0000e+00 0.0000e+00 0.0000e+00
-2.4187e-07 0.0000e+00 0.0000e+00 0.0000e+00
# New trial
-1.6957e+00 -3.0518e-12 0.0000e+00 0.0000e+00
-1.1353e+00 0.0000e+00 0.0000e+00 0.0000e+00
-1.2528e-01 0.0000e+00 0.0000e+00 0.0000e+00
-9.2514e-04 0.0000e+00 0.0000e+00 0.0000e+00
# New trial
-4.2011e-03 0.0000e+00 0.0000e+00 0.0000e+00
-2.1581e-05 0.0000e+00 0.0000e+00 0.0000e+00
-8.3311e-10 0.0000e+00 0.0000e+00 0.0000e+00
-5.3924e-06 0.0000e+00 0.0000e+00 0.0000e+00
# New trial
-3.3418e-01 0.0000e+00 0.0000e+00 0.0000e+00
-3.5232e-02 0.0000e+00 0.0000e+00 0.0000e+00
-6.9211e-05 0.0000e+00 0.0000e+00 0.0000e+00
-7.2778e-07 0.0000e+00 0.0000e+00 0.0000e+00
# New trial
-8.7271e-01 0.0000e+00 0.0000e+00 0.0000e+00
-2.3125e-01 0.0000e+00 0.0000e+00 0.0000e+00
-1.4328e-03 0.0000e+00 0.0000e+00 0.0000e+00
-1.7206e-06 0.0000e+00 0.0000e+00 0.0000e+00
# New trial
-2.7009e+00 -2.6812e-07 0.0000e+00 0.0000e+00
-2.1877e+00 -9.6481e-10 0.0000e+00 0.0000e+00
-7.6132e-01 0.0000e+00 0.0000e+00 0.0000e+00
-3.6377e-02 0.0000e+00 0.0000e+00 0.0000e+00
# New trial
-9.6091e-01 0.0000e+00 0.0000e+00 0.0000e+00
-2.6281e-01 0.0000e+00 0.0000e+00 0.0000e+00
-5.7739e-03 0.0000e+00 0.0000e+00 0.0000e+00
-6.8040e-04 0.0000e+00 0.0000e+00 0.0000e+00
# New trial
-2.3784e+00 -8.0705e-09 0.0000e+00 0.0000e+00
-1.8332e+00 -1.6023e-11 0.0000e+00 0.0000e+00
-4.4067e-01 0.0000e+00 0.0000e+00 0.0000e+00
-4.3301e-03 0.0000e+00 0.0000e+00 0.0000e+00
# New trial
-1.0427e-01 0.0000e+00 0.0000e+00 0.0000e+00
-1.9024e-03 0.0000e+00 0.0000e+00 0.0000e+00
-1.6616e-07 0.0000e+00 0.0000e+00 0.0000e+00
-6.8183e-07 0.0000e+00 0.0000e+00 0.0000e+00
# New trial
-8.3423e-01 0.0000e+00 0.0000e+00 0.0000e+00
-2.1164e-01 0.0000e+00 0.0000e+00 0.0000e+00
-1.6206e-03 0.0000e+00 0.0000e+00 0.0000e+00
-4.8029e-06 0.0000e+00 0.0000e+00 0.0000e+00
# New trial
-2.6769e+00 -2.0705e-07 0.0000e+00 0.0000e+00
-1.9371e+00 -5.4566e-11 0.0000e+00 0.0000e+00
-2.9323e-01 0.0000e+00 0.0000e+00 0.0000e+00
-1.1456e-03 0.0000e+00 0.0000e+00 0.0000e+00
# New trial
-1.3895e-01 0.0000e+00 0.0000e+00 0.0000e+00
-8.2948e-03 0.0000e+00 0.0000e+00 0.0000e+00
-4.1477e-06 0.0000e+00 0.0000e+00 0.0000e+00
-1.5795e-06 0.0000e+00 0.0000e+00 0.0000e+00
# New trial
-2.7729e-01 0.0000e+00 0.0000e+00 0.0000e+00
-2.4323e-02 0.0000e+00 0.0000e+00 0.0000e+00
-3.1961e-05 0.0000e+00 0.0000e+00 0.0000e+00
-1.0151e-06 0.0000e+00 0.0000e+00 0.0000e+00
# New trial
-2.1339e+00 -5.2600e-10 0.0000e+00 0.0000e+00
-1.5014e+00 -2.6290e-13 0.0000e+00 0.0000e+00
-2.9805e-01 0.0000e+00 0.0000e+00 0.0000e+00
-9.3506e-03 0.0000e+00 0.0000e+00 0.0000e+00
# New trial
-1.5835e-01 0.0000e+00 0.0000e+00 0.0000e+00
-8.5436e-03 0.0000e+00 0.0000e+00 0.0000e+00
-3.8983e-06 0.0000e+00 0.0000e+00 0.0000e+00
-6.8958e-08 0.0000e+00 0.0000e+00 0.0000e+00
# New trial
-2.4793e+00 -2.4399e-08 0.0000e+00 0.0000e+00
-2.0983e+00 -3.5032e-10 0.0000e+00 0.0000e+00
-7.5716e-01 0.0000e+00 0.0000e+00 0.0000e+00
-7.9604e-03 0.0000e+00 0.0000e+00 0.0000e+00
# New trial
-1.6425e+00 -1.5881e-12 0.0000e+00 0.0000e+00
-8.6325e-01 0.0000e+00 0.0000e+00 0.0000e+00
-2.8726e-02 0.0000e+00 0.0000e+00 0.0000e+00
-5.3173e-05 0.0000e+00 0.0000e+00 0.0000e+00
# New trial
