# 0.1sig - Array shape (trial/sig/alpha): (30L, 4L, 4L)
-5.1385e+00 -2.6408e+01 -2.6407e+02 -2.6407e+03
-4.6874e+00 -7.4644e+00 -6.3457e+01 -6.3457e+02
-4.6151e+00 -4.6155e+00 -4.6452e+00 -9.9215e+00
-4.6151e+00 -4.6151e+00 -4.6151e+00 -4.6151e+00
# New trial
-4.3572e+00 -8.7482e+00 -8.5311e+01 -8.5311e+02
-4.5675e+00 -4.7082e+00 -2.0627e+01 -2.0327e+02
-4.6156e+00 -4.6197e+00 -4.6706e+00 -7.6547e+00
-4.6151e+00 -4.6151e+00 -4.6151e+00 -4.6151e+00
# New trial
-4.5286e+00 -1.9056e+01 -1.9053e+02 -1.9053e+03
-4.4535e+00 -5.0475e+00 -3.3182e+01 -3.3178e+02
-4.6126e+00 -4.5911e+00 -4.4413e+00 -8.6429e+00
-4.6151e+00 -4.6151e+00 -4.6151e+00 -4.6151e+00
# New trial
-3.6155e+00 -9.9235e+00 -9.9212e+01 -9.9212e+02
-4.3339e+00 -3.6101e+00 -2.2549e+01 -2.2549e+02
-4.6136e+00 -4.6007e+00 -4.5024e+00 -5.2014e+00
-4.6151e+00 -4.6151e+00 -4.6151e+00 -4.6151e+00
# New trial
-4.6539e+00 -5.9758e+00 -4.2396e+01 -4.2356e+02
-4.6225e+00 -4.7823e+00 -1.2863e+01 -1.2559e+02
-4.6151e+00 -4.6152e+00 -4.6175e+00 -4.7403e+00
-4.6151e+00 -4.6151e+00 -4.6151e+00 -4.6151e+00
# New trial
-4.3866e+00 -4.7740e+00 -3.6986e+01 -3.6986e+02
-4.5480e+00 -4.1623e+00 -1.0946e+01 -1.0817e+02
-4.6146e+00 -4.6103e+00 -4.5697e+00 -4.4156e+00
-4.6151e+00 -4.6151e+00 -4.6151e+00 -4.6151e+00
# New trial
-4.5013e+00 -1.1093e+01 -1.0862e+02 -1.0862e+03
-4.5493e+00 -4.8042e+00 -2.7688e+01 -2.7548e+02
-4.6145e+00 -4.6086e+00 -4.5600e+00 -4.9555e+00
-4.6151e+00 -4.6151e+00 -4.6151e+00 -4.6151e+00
# New trial
-4.2505e+00 -7.2585e+00 -6.7608e+01 -6.7608e+02
-4.4902e+00 -4.0319e+00 -2.1640e+01 -2.1629e+02
-4.6141e+00 -4.6046e+00 -4.5226e+00 -9.4069e+00
-4.6151e+00 -4.6151e+00 -4.6151e+00 -4.6151e+00
# New trial
-4.4844e+00 -1.5016e+01 -1.5013e+02 -1.5013e+03
-4.5337e+00 -5.0130e+00 -3.9109e+01 -3.9109e+02
-4.6145e+00 -4.6093e+00 -4.5721e+00 -5.8451e+00
-4.6151e+00 -4.6151e+00 -4.6151e+00 -4.6151e+00
# New trial
-4.6792e+00 -7.0879e+00 -5.1787e+01 -5.1656e+02
-4.6297e+00 -4.9796e+00 -1.7150e+01 -1.6790e+02
-4.6151e+00 -4.6153e+00 -4.6201e+00 -5.0224e+00
-4.6151e+00 -4.6151e+00 -4.6151e+00 -4.6151e+00
# New trial
-3.5329e+00 -1.6576e+01 -1.6576e+02 -1.6576e+03
-4.2346e+00 -4.7619e+00 -4.4189e+01 -4.4189e+02
-4.6135e+00 -4.5994e+00 -4.4953e+00 -5.8105e+00
-4.6151e+00 -4.6151e+00 -4.6151e+00 -4.6151e+00
# New trial
-4.9298e+00 -1.2046e+01 -1.0876e+02 -1.0831e+03
-4.6978e+00 -5.7525e+00 -3.1488e+01 -3.1438e+02
-4.6158e+00 -4.6218e+00 -4.6846e+00 -5.6218e+00
-4.6151e+00 -4.6151e+00 -4.6151e+00 -4.6151e+00
# New trial
-4.0321e+00 -9.9165e+00 -9.7970e+01 -9.7970e+02
-4.4671e+00 -4.2981e+00 -2.4916e+01 -2.4617e+02
-4.6147e+00 -4.6108e+00 -4.5925e+00 -6.3930e+00
-4.6151e+00 -4.6151e+00 -4.6151e+00 -4.6151e+00
# New trial
-4.7246e+00 -1.0707e+01 -1.0342e+02 -1.0342e+03
-4.6380e+00 -5.2347e+00 -2.9951e+01 -2.9660e+02
-4.6155e+00 -4.6189e+00 -4.6572e+00 -6.2720e+00
-4.6151e+00 -4.6151e+00 -4.6151e+00 -4.6151e+00
# New trial
-4.7792e+00 -1.0137e+01 -9.9173e+01 -9.9173e+02
-4.6554e+00 -5.3044e+00 -2.5222e+01 -2.5218e+02
-4.6153e+00 -4.6166e+00 -4.6323e+00 -5.0131e+00
-4.6151e+00 -4.6151e+00 -4.6151e+00 -4.6151e+00
# New trial
-4.3242e+00 -4.3626e+00 -2.7674e+01 -2.7663e+02
-4.5317e+00 -4.0966e+00 -9.6606e+00 -9.2483e+01
-4.6147e+00 -4.6114e+00 -4.5816e+00 -4.7131e+00
-4.6151e+00 -4.6151e+00 -4.6151e+00 -4.6151e+00
# New trial
-4.3283e+00 -1.0358e+01 -9.5046e+01 -9.4962e+02
-4.5319e+00 -4.7560e+00 -2.9563e+01 -2.9321e+02
-4.6150e+00 -4.6139e+00 -4.6165e+00 -6.9828e+00
-4.6151e+00 -4.6151e+00 -4.6151e+00 -4.6151e+00
# New trial
-5.1111e+00 -2.0470e+01 -2.0269e+02 -2.0269e+03
-4.7255e+00 -7.0661e+00 -5.7397e+01 -5.7396e+02
-4.6156e+00 -4.6199e+00 -4.6746e+00 -6.6620e+00
-4.6151e+00 -4.6151e+00 -4.6151e+00 -4.6151e+00
# New trial
-4.6295e+00 -6.1857e+00 -4.5433e+01 -4.5376e+02
-4.6101e+00 -4.6991e+00 -1.1320e+01 -1.0434e+02
-4.6150e+00 -4.6143e+00 -4.6088e+00 -4.7699e+00
-4.6151e+00 -4.6151e+00 -4.6151e+00 -4.6151e+00
# New trial
-4.8943e+00 -1.8572e+01 -1.8559e+02 -1.8559e+03
-4.6688e+00 -6.4674e+00 -5.7163e+01 -5.7163e+02
-4.6154e+00 -4.6176e+00 -4.6518e+00 -7.8097e+00
-4.6151e+00 -4.6151e+00 -4.6151e+00 -4.6151e+00
# New trial
-5.9733e+00 -3.0996e+01 -3.0965e+02 -3.0965e+03
-4.9790e+00 -1.0593e+01 -8.7235e+01 -8.6755e+02
-4.6186e+00 -4.6503e+00 -5.0213e+00 -1.6347e+01
-4.6151e+00 -4.6151e+00 -4.6151e+00 -4.6151e+00
# New trial
-4.4011e+00 -1.1854e+01 -1.1222e+02 -1.1222e+03
-4.5080e+00 -5.4507e+00 -3.5390e+01 -3.5348e+02
-4.6148e+00 -4.6122e+00 -4.6167e+00 -7.8474e+00
-4.6151e+00 -4.6151e+00 -4.6151e+00 -4.6151e+00
# New trial
-4.1520e+00 -8.5927e+00 -8.5555e+01 -8.5555e+02
-4.4965e+00 -4.2717e+00 -1.7727e+01 -1.7466e+02
-4.6148e+00 -4.6120e+00 -4.5970e+00 -6.1456e+00
-4.6151e+00 -4.6151e+00 -4.6151e+00 -4.6151e+00
# New trial
-4.7068e+00 -9.1871e+00 -8.9327e+01 -8.9327e+02
-4.6387e+00 -5.1059e+00 -2.2712e+01 -2.2659e+02
-4.6154e+00 -4.6176e+00 -4.6454e+00 -7.2187e+00
-4.6151e+00 -4.6151e+00 -4.6151e+00 -4.6151e+00
# New trial
-4.9763e+00 -1.5498e+01 -1.5087e+02 -1.5087e+03
-4.7204e+00 -8.1337e+00 -7.7012e+01 -7.7012e+02
-4.6164e+00 -4.6284e+00 -5.0499e+00 -3.7545e+01
-4.6151e+00 -4.6151e+00 -4.6151e+00 -4.6151e+00
# New trial
-3.8190e+00 -2.0258e+01 -2.0258e+02 -2.0258e+03
-4.2689e+00 -4.9003e+00 -3.8589e+01 -3.8050e+02
-4.6134e+00 -4.5989e+00 -4.5620e+00 -1.4077e+01
-4.6151e+00 -4.6151e+00 -4.6151e+00 -4.6151e+00
# New trial
-4.5272e+00 -3.8337e+00 -2.8149e+00 -2.4975e+01
-4.5914e+00 -4.3899e+00 -3.2581e+00 -9.0407e+00
-4.6150e+00 -4.6139e+00 -4.6030e+00 -4.5140e+00
-4.6151e+00 -4.6151e+00 -4.6151e+00 -4.6151e+00
# New trial
-5.1806e+00 -2.4260e+01 -2.4258e+02 -2.4258e+03
-4.7142e+00 -6.7003e+00 -4.4446e+01 -4.4029e+02
-4.6165e+00 -4.6290e+00 -4.7771e+00 -9.7597e+00
-4.6151e+00 -4.6151e+00 -4.6151e+00 -4.6151e+00
# New trial
-4.4723e+00 -7.3517e+00 -6.4225e+01 -6.4177e+02
-4.5600e+00 -4.4912e+00 -1.5307e+01 -1.4233e+02
-4.6147e+00 -4.6112e+00 -4.5806e+00 -4.6702e+00
-4.6151e+00 -4.6151e+00 -4.6151e+00 -4.6151e+00
# New trial
-4.1362e+00 -4.1700e+00 -3.9054e+01 -3.9054e+02
-4.5021e+00 -3.7942e+00 -1.0012e+01 -9.8636e+01
-4.6148e+00 -4.6115e+00 -4.5815e+00 -4.6663e+00
-4.6151e+00 -4.6151e+00 -4.6151e+00 -4.6151e+00
# New trial
