# 0.01sig - Array shape (trial/sig/alpha): (30L, 4L, 4L)
-5.7387e-02 0.0000e+00 0.0000e+00 0.0000e+00
-3.3577e-03 0.0000e+00 0.0000e+00 0.0000e+00
-5.0278e-04 0.0000e+00 0.0000e+00 0.0000e+00
-1.5182e+00 -3.2685e-13 0.0000e+00 0.0000e+00
# New trial
-3.4060e-02 0.0000e+00 0.0000e+00 0.0000e+00
-3.1068e-03 0.0000e+00 0.0000e+00 0.0000e+00
-4.4419e-03 0.0000e+00 0.0000e+00 0.0000e+00
-3.0289e+00 -8.6877e-06 0.0000e+00 0.0000e+00
# New trial
-1.0537e-01 0.0000e+00 0.0000e+00 0.0000e+00
-7.4733e-03 0.0000e+00 0.0000e+00 0.0000e+00
-3.2352e-03 0.0000e+00 0.0000e+00 0.0000e+00
-2.5717e+00 -6.6590e-08 0.0000e+00 0.0000e+00
# New trial
-3.0326e-01 0.0000e+00 0.0000e+00 0.0000e+00
-1.1845e-01 0.0000e+00 0.0000e+00 0.0000e+00
-2.4577e-01 0.0000e+00 0.0000e+00 0.0000e+00
-3.6437e+00 -5.1078e-03 0.0000e+00 0.0000e+00
# New trial
-5.0531e-02 0.0000e+00 0.0000e+00 0.0000e+00
-8.4046e-04 0.0000e+00 0.0000e+00 0.0000e+00
-1.3658e-02 0.0000e+00 0.0000e+00 0.0000e+00
-4.0453e+00 -2.7022e-01 0.0000e+00 0.0000e+00
# New trial
-9.5341e-01 0.0000e+00 0.0000e+00 0.0000e+00
-5.5201e-01 0.0000e+00 0.0000e+00 0.0000e+00
-3.2673e-01 0.0000e+00 0.0000e+00 0.0000e+00
-2.2201e+00 -1.3879e-09 0.0000e+00 0.0000e+00
# New trial
-1.2285e-01 0.0000e+00 0.0000e+00 0.0000e+00
-1.9406e-02 0.0000e+00 0.0000e+00 0.0000e+00
-3.4057e-02 0.0000e+00 0.0000e+00 0.0000e+00
-3.4990e+00 -1.1547e-03 0.0000e+00 0.0000e+00
# New trial
-8.2674e-03 0.0000e+00 0.0000e+00 0.0000e+00
-2.6231e-04 0.0000e+00 0.0000e+00 0.0000e+00
-2.0494e-04 0.0000e+00 0.0000e+00 0.0000e+00
-2.4930e+00 -2.8316e-08 0.0000e+00 0.0000e+00
# New trial
-7.5987e-01 0.0000e+00 0.0000e+00 0.0000e+00
-4.7563e-01 0.0000e+00 0.0000e+00 0.0000e+00
-1.0231e+00 0.0000e+00 0.0000e+00 0.0000e+00
-3.9966e+00 -1.7318e-01 0.0000e+00 0.0000e+00
# New trial
-5.4348e-03 0.0000e+00 0.0000e+00 0.0000e+00
-3.5732e-05 0.0000e+00 0.0000e+00 0.0000e+00
-1.7302e-04 0.0000e+00 0.0000e+00 0.0000e+00
-3.5832e+00 -2.7450e-03 0.0000e+00 0.0000e+00
# New trial
-1.7883e-02 0.0000e+00 0.0000e+00 0.0000e+00
-4.1996e-04 0.0000e+00 0.0000e+00 0.0000e+00
-1.2691e-04 0.0000e+00 0.0000e+00 0.0000e+00
-2.1767e+00 -8.5217e-10 0.0000e+00 0.0000e+00
# New trial
-9.2075e-01 0.0000e+00 0.0000e+00 0.0000e+00
-3.6351e-01 0.0000e+00 0.0000e+00 0.0000e+00
-1.0634e-01 0.0000e+00 0.0000e+00 0.0000e+00
-1.7872e+00 -9.2442e-12 0.0000e+00 0.0000e+00
# New trial
-6.3559e-01 0.0000e+00 0.0000e+00 0.0000e+00
-2.5677e-01 0.0000e+00 0.0000e+00 0.0000e+00
-6.5768e-02 0.0000e+00 0.0000e+00 0.0000e+00
-1.0283e+00 0.0000e+00 0.0000e+00 0.0000e+00
# New trial
-9.3825e-03 0.0000e+00 0.0000e+00 0.0000e+00
-3.2238e-04 0.0000e+00 0.0000e+00 0.0000e+00
-8.8234e-05 0.0000e+00 0.0000e+00 0.0000e+00
-1.6552e+00 -1.8474e-12 0.0000e+00 0.0000e+00
# New trial
-6.6672e-01 0.0000e+00 0.0000e+00 0.0000e+00
-3.7131e-01 0.0000e+00 0.0000e+00 0.0000e+00
-4.1328e-01 0.0000e+00 0.0000e+00 0.0000e+00
-3.1994e+00 -5.1755e-05 0.0000e+00 0.0000e+00
# New trial
-9.4357e-04 0.0000e+00 0.0000e+00 0.0000e+00
-1.6941e-06 0.0000e+00 0.0000e+00 0.0000e+00
-4.6859e-06 0.0000e+00 0.0000e+00 0.0000e+00
-3.2658e+00 -1.0328e-04 0.0000e+00 0.0000e+00
# New trial
-2.5167e-01 0.0000e+00 0.0000e+00 0.0000e+00
-3.9177e-02 0.0000e+00 0.0000e+00 0.0000e+00
-1.5640e-01 0.0000e+00 0.0000e+00 0.0000e+00
-3.7459e+00 -1.4498e-02 0.0000e+00 0.0000e+00
# New trial
-1.6753e-01 0.0000e+00 0.0000e+00 0.0000e+00
-2.0906e-02 0.0000e+00 0.0000e+00 0.0000e+00
-4.7962e-03 0.0000e+00 0.0000e+00 0.0000e+00
-1.9682e+00 -7.8373e-11 0.0000e+00 0.0000e+00
# New trial
-1.0788e+00 0.0000e+00 0.0000e+00 0.0000e+00
-5.4962e-01 0.0000e+00 0.0000e+00 0.0000e+00
-1.7854e-01 0.0000e+00 0.0000e+00 0.0000e+00
-1.5847e+00 -7.6739e-13 0.0000e+00 0.0000e+00
# New trial
-1.9344e-01 0.0000e+00 0.0000e+00 0.0000e+00
-1.8020e-02 0.0000e+00 0.0000e+00 0.0000e+00
-1.2400e-02 0.0000e+00 0.0000e+00 0.0000e+00
-3.0043e+00 -6.7103e-06 0.0000e+00 0.0000e+00
# New trial
-9.8635e-01 0.0000e+00 0.0000e+00 0.0000e+00
-4.8651e-01 0.0000e+00 0.0000e+00 0.0000e+00
-7.1631e-02 0.0000e+00 0.0000e+00 0.0000e+00
-1.6338e-01 0.0000e+00 0.0000e+00 0.0000e+00
# New trial
-6.8362e-03 0.0000e+00 0.0000e+00 0.0000e+00
-1.6524e-04 0.0000e+00 0.0000e+00 0.0000e+00
-1.9947e-03 0.0000e+00 0.0000e+00 0.0000e+00
-3.6931e+00 -8.4659e-03 0.0000e+00 0.0000e+00
# New trial
-1.1894e-01 0.0000e+00 0.0000e+00 0.0000e+00
-1.5655e-02 0.0000e+00 0.0000e+00 0.0000e+00
-2.7187e-02 0.0000e+00 0.0000e+00 0.0000e+00
-3.2332e+00 -7.3637e-05 0.0000e+00 0.0000e+00
# New trial
-1.2809e+00 -2.1316e-14 0.0000e+00 0.0000e+00
-6.0852e-01 0.0000e+00 0.0000e+00 0.0000e+00
-7.9542e-02 0.0000e+00 0.0000e+00 0.0000e+00
-5.1096e-01 0.0000e+00 0.0000e+00 0.0000e+00
# New trial
-1.6102e-02 0.0000e+00 0.0000e+00 0.0000e+00
-9.3341e-04 0.0000e+00 0.0000e+00 0.0000e+00
-5.5400e-03 0.0000e+00 0.0000e+00 0.0000e+00
-3.6208e+00 -4.0402e-03 0.0000e+00 0.0000e+00
# New trial
-1.0056e-01 0.0000e+00 0.0000e+00 0.0000e+00
-9.7410e-03 0.0000e+00 0.0000e+00 0.0000e+00
-4.9150e-02 0.0000e+00 0.0000e+00 0.0000e+00
-3.6826e+00 -7.6072e-03 0.0000e+00 0.0000e+00
# New trial
-4.6859e-01 0.0000e+00 0.0000e+00 0.0000e+00
-1.4689e-01 0.0000e+00 0.0000e+00 0.0000e+00
-3.2715e-02 0.0000e+00 0.0000e+00 0.0000e+00
-1.1996e+00 -7.1054e-15 0.0000e+00 0.0000e+00
# New trial
-3.1259e-02 0.0000e+00 0.0000e+00 0.0000e+00
-1.8340e-03 0.0000e+00 0.0000e+00 0.0000e+00
-6.8823e-03 0.0000e+00 0.0000e+00 0.0000e+00
-3.4137e+00 -4.7882e-04 0.0000e+00 0.0000e+00
# New trial
-1.7371e+00 -7.1267e-12 0.0000e+00 0.0000e+00
-1.5565e+00 -5.4712e-13 0.0000e+00 0.0000e+00
-1.5762e+00 -6.8923e-13 0.0000e+00 0.0000e+00
-2.6922e+00 -2.4412e-07 0.0000e+00 0.0000e+00
# New trial
-4.3420e-01 0.0000e+00 0.0000e+00 0.0000e+00
-1.0548e-01 0.0000e+00 0.0000e+00 0.0000e+00
-1.2739e-02 0.0000e+00 0.0000e+00 0.0000e+00
-1.1107e+00 0.0000e+00 0.0000e+00 0.0000e+00
# New trial
