# 0.01sig - Array shape (trial/sig/alpha): (30L, 4L, 4L)
-2.4044e-01 0.0000e+00 0.0000e+00 0.0000e+00
-2.8096e-02 0.0000e+00 0.0000e+00 0.0000e+00
-1.1664e-03 0.0000e+00 0.0000e+00 0.0000e+00
-1.1011e-01 0.0000e+00 0.0000e+00 0.0000e+00
# New trial
-2.5920e-02 0.0000e+00 0.0000e+00 0.0000e+00
-8.8881e-04 0.0000e+00 0.0000e+00 0.0000e+00
-1.4437e-06 0.0000e+00 0.0000e+00 0.0000e+00
-3.9264e-03 0.0000e+00 0.0000e+00 0.0000e+00
# New trial
-1.8957e-01 0.0000e+00 0.0000e+00 0.0000e+00
-1.0592e-02 0.0000e+00 0.0000e+00 0.0000e+00
-6.9554e-05 0.0000e+00 0.0000e+00 0.0000e+00
-1.4971e-02 0.0000e+00 0.0000e+00 0.0000e+00
# New trial
-2.0477e-01 0.0000e+00 0.0000e+00 0.0000e+00
-2.6106e-02 0.0000e+00 0.0000e+00 0.0000e+00
-2.0024e-04 0.0000e+00 0.0000e+00 0.0000e+00
-1.4695e-02 0.0000e+00 0.0000e+00 0.0000e+00
# New trial
-1.2743e-02 0.0000e+00 0.0000e+00 0.0000e+00
-7.5186e-05 0.0000e+00 0.0000e+00 0.0000e+00
-1.8881e-07 0.0000e+00 0.0000e+00 0.0000e+00
-2.6820e-01 0.0000e+00 0.0000e+00 0.0000e+00
# New trial
-1.1071e+00 0.0000e+00 0.0000e+00 0.0000e+00
-4.4723e-01 0.0000e+00 0.0000e+00 0.0000e+00
-1.1740e-02 0.0000e+00 0.0000e+00 0.0000e+00
-2.6424e-03 0.0000e+00 0.0000e+00 0.0000e+00
# New trial
-1.0219e-01 0.0000e+00 0.0000e+00 0.0000e+00
-5.7524e-03 0.0000e+00 0.0000e+00 0.0000e+00
-2.2458e-05 0.0000e+00 0.0000e+00 0.0000e+00
-4.0003e-02 0.0000e+00 0.0000e+00 0.0000e+00
# New trial
-9.7469e-03 0.0000e+00 0.0000e+00 0.0000e+00
-1.4037e-04 0.0000e+00 0.0000e+00 0.0000e+00
-5.1602e-08 0.0000e+00 0.0000e+00 0.0000e+00
-5.5055e-04 0.0000e+00 0.0000e+00 0.0000e+00
# New trial
-9.8791e-01 0.0000e+00 0.0000e+00 0.0000e+00
-3.6208e-01 0.0000e+00 0.0000e+00 0.0000e+00
-2.3541e-02 0.0000e+00 0.0000e+00 0.0000e+00
-3.8765e-01 0.0000e+00 0.0000e+00 0.0000e+00
# New trial
-4.3787e-03 0.0000e+00 0.0000e+00 0.0000e+00
-1.5388e-05 0.0000e+00 0.0000e+00 0.0000e+00
-4.4089e-08 0.0000e+00 0.0000e+00 0.0000e+00
-6.3781e-01 0.0000e+00 0.0000e+00 0.0000e+00
# New trial
-2.7875e-02 0.0000e+00 0.0000e+00 0.0000e+00
-5.8947e-04 0.0000e+00 0.0000e+00 0.0000e+00
-1.5317e-06 0.0000e+00 0.0000e+00 0.0000e+00
-1.5062e-02 0.0000e+00 0.0000e+00 0.0000e+00
# New trial
-9.5540e-01 0.0000e+00 0.0000e+00 0.0000e+00
-2.7567e-01 0.0000e+00 0.0000e+00 0.0000e+00
-2.9036e-03 0.0000e+00 0.0000e+00 0.0000e+00
-2.5970e-04 0.0000e+00 0.0000e+00 0.0000e+00
# New trial
-7.8312e-01 0.0000e+00 0.0000e+00 0.0000e+00
-3.3555e-01 0.0000e+00 0.0000e+00 0.0000e+00
-1.7952e-02 0.0000e+00 0.0000e+00 0.0000e+00
-2.2774e-03 0.0000e+00 0.0000e+00 0.0000e+00
# New trial
-1.3382e-02 0.0000e+00 0.0000e+00 0.0000e+00
-2.1281e-04 0.0000e+00 0.0000e+00 0.0000e+00
-5.9821e-08 0.0000e+00 0.0000e+00 0.0000e+00
-6.6091e-05 0.0000e+00 0.0000e+00 0.0000e+00
# New trial
-7.8488e-01 0.0000e+00 0.0000e+00 0.0000e+00
-3.0356e-01 0.0000e+00 0.0000e+00 0.0000e+00
-1.0874e-02 0.0000e+00 0.0000e+00 0.0000e+00
-5.0712e-03 0.0000e+00 0.0000e+00 0.0000e+00
# New trial
-5.1081e-04 0.0000e+00 0.0000e+00 0.0000e+00
-4.3622e-07 0.0000e+00 0.0000e+00 0.0000e+00
-9.3443e-11 0.0000e+00 0.0000e+00 0.0000e+00
-7.0689e-02 0.0000e+00 0.0000e+00 0.0000e+00
# New trial
-5.4524e-02 0.0000e+00 0.0000e+00 0.0000e+00
-1.7190e-03 0.0000e+00 0.0000e+00 0.0000e+00
-2.6953e-06 0.0000e+00 0.0000e+00 0.0000e+00
-8.5427e-04 0.0000e+00 0.0000e+00 0.0000e+00
# New trial
-1.8769e-01 0.0000e+00 0.0000e+00 0.0000e+00
-1.9714e-02 0.0000e+00 0.0000e+00 0.0000e+00
-1.2504e-04 0.0000e+00 0.0000e+00 0.0000e+00
-2.3719e-03 0.0000e+00 0.0000e+00 0.0000e+00
# New trial
-1.3175e+00 -2.8422e-14 0.0000e+00 0.0000e+00
-6.0506e-01 0.0000e+00 0.0000e+00 0.0000e+00
-2.4461e-02 0.0000e+00 0.0000e+00 0.0000e+00
-3.9617e-03 0.0000e+00 0.0000e+00 0.0000e+00
# New trial
-1.4547e-01 0.0000e+00 0.0000e+00 0.0000e+00
-8.4694e-03 0.0000e+00 0.0000e+00 0.0000e+00
-4.0460e-05 0.0000e+00 0.0000e+00 0.0000e+00
-1.1240e-02 0.0000e+00 0.0000e+00 0.0000e+00
# New trial
-1.3765e+00 -5.6843e-14 0.0000e+00 0.0000e+00
-9.3369e-01 0.0000e+00 0.0000e+00 0.0000e+00
-1.7593e-01 0.0000e+00 0.0000e+00 0.0000e+00
-1.2942e-02 0.0000e+00 0.0000e+00 0.0000e+00
# New trial
-8.3930e-03 0.0000e+00 0.0000e+00 0.0000e+00
-6.1666e-05 0.0000e+00 0.0000e+00 0.0000e+00
-1.4936e-07 0.0000e+00 0.0000e+00 0.0000e+00
-1.7676e-01 0.0000e+00 0.0000e+00 0.0000e+00
# New trial
-1.1324e-01 0.0000e+00 0.0000e+00 0.0000e+00
-7.4301e-03 0.0000e+00 0.0000e+00 0.0000e+00
-2.0607e-05 0.0000e+00 0.0000e+00 0.0000e+00
-1.8780e-03 0.0000e+00 0.0000e+00 0.0000e+00
# New trial
-1.6898e+00 -2.9345e-12 0.0000e+00 0.0000e+00
-8.8420e-01 0.0000e+00 0.0000e+00 0.0000e+00
-4.1967e-02 0.0000e+00 0.0000e+00 0.0000e+00
-3.6189e-03 0.0000e+00 0.0000e+00 0.0000e+00
# New trial
-9.3040e-03 0.0000e+00 0.0000e+00 0.0000e+00
-1.4732e-04 0.0000e+00 0.0000e+00 0.0000e+00
-2.0385e-07 0.0000e+00 0.0000e+00 0.0000e+00
-3.1127e-02 0.0000e+00 0.0000e+00 0.0000e+00
# New trial
-6.6984e-02 0.0000e+00 0.0000e+00 0.0000e+00
-1.9785e-03 0.0000e+00 0.0000e+00 0.0000e+00
-7.9249e-06 0.0000e+00 0.0000e+00 0.0000e+00
-4.7048e-02 0.0000e+00 0.0000e+00 0.0000e+00
# New trial
-6.6959e-01 0.0000e+00 0.0000e+00 0.0000e+00
-2.6750e-01 0.0000e+00 0.0000e+00 0.0000e+00
-1.7413e-02 0.0000e+00 0.0000e+00 0.0000e+00
-8.6559e-03 0.0000e+00 0.0000e+00 0.0000e+00
# New trial
-1.7360e-02 0.0000e+00 0.0000e+00 0.0000e+00
-2.6659e-04 0.0000e+00 0.0000e+00 0.0000e+00
-1.2247e-07 0.0000e+00 0.0000e+00 0.0000e+00
-7.2876e-04 0.0000e+00 0.0000e+00 0.0000e+00
# New trial
-1.4905e+00 -2.4869e-13 0.0000e+00 0.0000e+00
-1.0162e+00 0.0000e+00 0.0000e+00 0.0000e+00
-1.7664e-01 0.0000e+00 0.0000e+00 0.0000e+00
-1.3857e-02 0.0000e+00 0.0000e+00 0.0000e+00
# New trial
-5.9297e-01 0.0000e+00 0.0000e+00 0.0000e+00
-1.6847e-01 0.0000e+00 0.0000e+00 0.0000e+00
-3.6980e-03 0.0000e+00 0.0000e+00 0.0000e+00
-2.2357e-03 0.0000e+00 0.0000e+00 0.0000e+00
# New trial
