# 0.01sig - Array shape (trial/sig/alpha): (30L, 4L, 4L)
-1.9205e-01 0.0000e+00 0.0000e+00 0.0000e+00
-7.5600e-02 0.0000e+00 0.0000e+00 0.0000e+00
-7.7084e-01 0.0000e+00 0.0000e+00 0.0000e+00
-4.1572e+00 -6.7699e-01 0.0000e+00 0.0000e+00
# New trial
-7.8513e-02 0.0000e+00 0.0000e+00 0.0000e+00
-1.1184e-01 0.0000e+00 0.0000e+00 0.0000e+00
-1.6979e+00 -3.1406e-12 0.0000e+00 0.0000e+00
-4.4070e+00 -2.5801e+00 -7.2923e-08 0.0000e+00
# New trial
-8.2734e-02 0.0000e+00 0.0000e+00 0.0000e+00
-1.6454e-02 0.0000e+00 0.0000e+00 0.0000e+00
-4.3671e-01 0.0000e+00 0.0000e+00 0.0000e+00
-4.2899e+00 -1.5523e+00 -4.5475e-13 0.0000e+00
# New trial
-1.8537e-01 0.0000e+00 0.0000e+00 0.0000e+00
-6.0343e-01 0.0000e+00 0.0000e+00 0.0000e+00
-2.7994e+00 -7.6852e-07 0.0000e+00 0.0000e+00
-4.5050e+00 -3.5221e+00 -1.4647e-03 0.0000e+00
# New trial
-2.0085e-02 0.0000e+00 0.0000e+00 0.0000e+00
-5.0475e-04 0.0000e+00 0.0000e+00 0.0000e+00
-1.1308e+00 0.0000e+00 0.0000e+00 0.0000e+00
-4.5817e+00 -4.2812e+00 -1.4837e+00 0.0000e+00
# New trial
-7.7823e-01 0.0000e+00 0.0000e+00 0.0000e+00
-5.2313e-01 0.0000e+00 0.0000e+00 0.0000e+00
-9.7882e-01 0.0000e+00 0.0000e+00 0.0000e+00
-3.7720e+00 -1.8889e-02 0.0000e+00 0.0000e+00
# New trial
-1.4883e-01 0.0000e+00 0.0000e+00 0.0000e+00
-6.0018e-02 0.0000e+00 0.0000e+00 0.0000e+00
-9.1576e-01 0.0000e+00 0.0000e+00 0.0000e+00
-4.3249e+00 -1.8422e+00 -1.7849e-11 0.0000e+00
# New trial
-2.5015e-02 0.0000e+00 0.0000e+00 0.0000e+00
-2.6083e-02 0.0000e+00 0.0000e+00 0.0000e+00
-1.1689e+00 0.0000e+00 0.0000e+00 0.0000e+00
-4.3761e+00 -2.2941e+00 -3.1743e-09 0.0000e+00
# New trial
-6.2868e-01 0.0000e+00 0.0000e+00 0.0000e+00
-8.4150e-01 0.0000e+00 0.0000e+00 0.0000e+00
-3.0546e+00 -1.1386e-05 0.0000e+00 0.0000e+00
-4.5249e+00 -3.7180e+00 -1.0917e-02 0.0000e+00
# New trial
-2.2492e-02 0.0000e+00 0.0000e+00 0.0000e+00
-2.3019e-03 0.0000e+00 0.0000e+00 0.0000e+00
-3.6934e-01 0.0000e+00 0.0000e+00 0.0000e+00
-4.3812e+00 -2.3407e+00 -5.3211e-09 0.0000e+00
# New trial
-7.0722e-02 0.0000e+00 0.0000e+00 0.0000e+00
-1.4487e-02 0.0000e+00 0.0000e+00 0.0000e+00
-3.8856e-01 0.0000e+00 0.0000e+00 0.0000e+00
-4.1453e+00 -6.1945e-01 0.0000e+00 0.0000e+00
# New trial
-7.8470e-01 0.0000e+00 0.0000e+00 0.0000e+00
-7.7310e-01 0.0000e+00 0.0000e+00 0.0000e+00
-1.8402e+00 -1.7444e-11 0.0000e+00 0.0000e+00
-4.0748e+00 -3.4981e-01 0.0000e+00 0.0000e+00
# New trial
-1.0788e+00 -7.1054e-15 0.0000e+00 0.0000e+00
-9.4286e-01 0.0000e+00 0.0000e+00 0.0000e+00
-1.8816e+00 -2.8443e-11 0.0000e+00 0.0000e+00
-4.0238e+00 -2.2270e-01 0.0000e+00 0.0000e+00
# New trial
-4.7036e-02 0.0000e+00 0.0000e+00 0.0000e+00
-1.6522e-02 0.0000e+00 0.0000e+00 0.0000e+00
-5.8519e-01 0.0000e+00 0.0000e+00 0.0000e+00
-4.1668e+00 -7.2640e-01 0.0000e+00 0.0000e+00
# New trial
-6.7386e-02 0.0000e+00 0.0000e+00 0.0000e+00
-4.4409e-01 0.0000e+00 0.0000e+00 0.0000e+00
-3.6828e+00 -7.6232e-03 0.0000e+00 0.0000e+00
-4.6028e+00 -4.4915e+00 -3.3904e+00 -3.7622e-04
# New trial
-5.4920e-03 0.0000e+00 0.0000e+00 0.0000e+00
-1.7385e-04 0.0000e+00 0.0000e+00 0.0000e+00
-1.0523e-01 0.0000e+00 0.0000e+00 0.0000e+00
-4.3845e+00 -2.3712e+00 -7.4535e-09 0.0000e+00
# New trial
-7.6969e-02 0.0000e+00 0.0000e+00 0.0000e+00
-1.2054e-02 0.0000e+00 0.0000e+00 0.0000e+00
-6.7856e-01 0.0000e+00 0.0000e+00 0.0000e+00
-4.4198e+00 -2.7001e+00 -2.6558e-07 0.0000e+00
# New trial
-2.5532e-01 0.0000e+00 0.0000e+00 0.0000e+00
-1.1177e-01 0.0000e+00 0.0000e+00 0.0000e+00
-4.4906e-01 0.0000e+00 0.0000e+00 0.0000e+00
-3.9719e+00 -1.3711e-01 0.0000e+00 0.0000e+00
# New trial
-1.1084e+00 -2.1316e-14 0.0000e+00 0.0000e+00
-7.0389e-01 0.0000e+00 0.0000e+00 0.0000e+00
-1.1149e+00 0.0000e+00 0.0000e+00 0.0000e+00
-3.7960e+00 -2.4085e-02 0.0000e+00 0.0000e+00
# New trial
-3.3761e-01 0.0000e+00 0.0000e+00 0.0000e+00
-6.8866e-02 0.0000e+00 0.0000e+00 0.0000e+00
-8.7978e-01 0.0000e+00 0.0000e+00 0.0000e+00
-4.3386e+00 -1.9597e+00 -7.0997e-11 0.0000e+00
# New trial
-1.5851e+00 -1.5064e-12 0.0000e+00 0.0000e+00
-1.6004e+00 -9.8765e-13 0.0000e+00 0.0000e+00
-2.3153e+00 -4.0167e-09 0.0000e+00 0.0000e+00
-3.7392e+00 -1.3546e-02 0.0000e+00 0.0000e+00
# New trial
-8.1747e-03 0.0000e+00 0.0000e+00 0.0000e+00
-1.6032e-01 0.0000e+00 0.0000e+00 0.0000e+00
-2.5990e+00 -9.0365e-08 0.0000e+00 0.0000e+00
-4.5791e+00 -4.2560e+00 -1.2919e+00 0.0000e+00
# New trial
-7.2532e-02 0.0000e+00 0.0000e+00 0.0000e+00
-2.8060e-01 0.0000e+00 0.0000e+00 0.0000e+00
-2.5698e+00 -6.5393e-08 0.0000e+00 0.0000e+00
-4.5258e+00 -3.7268e+00 -1.1937e-02 0.0000e+00
# New trial
-1.6328e+00 -3.3324e-12 0.0000e+00 0.0000e+00
-1.3054e+00 -2.1316e-14 0.0000e+00 0.0000e+00
-1.4856e+00 -2.2027e-13 0.0000e+00 0.0000e+00
-3.5613e+00 -2.1924e-03 0.0000e+00 0.0000e+00
# New trial
-1.9497e-02 0.0000e+00 0.0000e+00 0.0000e+00
-9.1401e-02 0.0000e+00 0.0000e+00 0.0000e+00
-2.2469e+00 -1.8866e-09 0.0000e+00 0.0000e+00
-4.5366e+00 -3.8337e+00 -3.5223e-02 0.0000e+00
# New trial
-3.1723e-02 0.0000e+00 0.0000e+00 0.0000e+00
-3.2073e-01 0.0000e+00 0.0000e+00 0.0000e+00
-2.9207e+00 -2.7883e-06 0.0000e+00 0.0000e+00
-4.5846e+00 -4.3105e+00 -1.7205e+00 -4.5475e-12
# New trial
-5.9842e-01 0.0000e+00 0.0000e+00 0.0000e+00
-3.2501e-01 0.0000e+00 0.0000e+00 0.0000e+00
-9.3665e-01 0.0000e+00 0.0000e+00 0.0000e+00
-4.0119e+00 -1.9947e-01 0.0000e+00 0.0000e+00
# New trial
-2.6400e-02 0.0000e+00 0.0000e+00 0.0000e+00
-1.3435e-01 0.0000e+00 0.0000e+00 0.0000e+00
-2.3181e+00 -4.1869e-09 0.0000e+00 0.0000e+00
-4.5412e+00 -3.8792e+00 -5.5514e-02 0.0000e+00
# New trial
-1.8741e+00 -6.0432e-11 0.0000e+00 0.0000e+00
-1.8992e+00 -3.6430e-11 0.0000e+00 0.0000e+00
-2.8578e+00 -1.4270e-06 0.0000e+00 0.0000e+00
-4.0228e+00 -2.2065e-01 0.0000e+00 0.0000e+00
# New trial
-6.9442e-01 0.0000e+00 0.0000e+00 0.0000e+00
-8.9188e-01 0.0000e+00 0.0000e+00 0.0000e+00
-2.1608e+00 -7.1251e-10 0.0000e+00 0.0000e+00
-4.2364e+00 -1.1519e+00 0.0000e+00 0.0000e+00
# New trial
