# 0.1sig - Array shape (trial/sig/alpha): (30L, 4L, 4L)
-4.6522e+00 -5.8146e+00 -3.5233e+01 -3.4999e+02
-4.6204e+00 -4.7847e+00 -1.3095e+01 -1.3005e+02
-4.6150e+00 -4.6137e+00 -4.6040e+00 -4.6801e+00
-4.6151e+00 -4.6151e+00 -4.6151e+00 -4.6151e+00
# New trial
-4.6793e+00 -7.0633e+00 -5.8180e+01 -5.8179e+02
-4.6201e+00 -4.8362e+00 -1.3809e+01 -1.2924e+02
-4.6150e+00 -4.6142e+00 -4.6090e+00 -4.8374e+00
-4.6151e+00 -4.6151e+00 -4.6151e+00 -4.6151e+00
# New trial
-5.6300e+00 -2.5732e+01 -2.5696e+02 -2.5696e+03
-4.8303e+00 -8.1826e+00 -6.2953e+01 -6.2952e+02
-4.6158e+00 -4.6228e+00 -4.7323e+00 -7.5247e+00
-4.6151e+00 -4.6151e+00 -4.6151e+00 -4.6151e+00
# New trial
-4.5486e+00 -8.6189e+00 -8.0279e+01 -8.0278e+02
-4.5738e+00 -4.6605e+00 -1.8099e+01 -1.7498e+02
-4.6145e+00 -4.6093e+00 -4.5670e+00 -4.8703e+00
-4.6151e+00 -4.6151e+00 -4.6151e+00 -4.6151e+00
# New trial
-4.5532e+00 -8.1188e+00 -7.6602e+01 -7.6602e+02
-4.5851e+00 -4.7544e+00 -1.9074e+01 -1.8697e+02
-4.6149e+00 -4.6129e+00 -4.5968e+00 -4.7583e+00
-4.6151e+00 -4.6151e+00 -4.6151e+00 -4.6151e+00
# New trial
-4.8170e+00 -8.1300e+00 -6.7853e+01 -6.7849e+02
-4.6744e+00 -5.3605e+00 -2.0588e+01 -2.0311e+02
-4.6155e+00 -4.6192e+00 -4.6581e+00 -5.1963e+00
-4.6151e+00 -4.6151e+00 -4.6151e+00 -4.6151e+00
# New trial
-4.7840e+00 -9.1461e+00 -7.3574e+01 -7.3363e+02
-4.6480e+00 -5.2751e+00 -2.0524e+01 -1.9981e+02
-4.6151e+00 -4.6151e+00 -4.6192e+00 -4.9046e+00
-4.6151e+00 -4.6151e+00 -4.6151e+00 -4.6151e+00
# New trial
-4.4304e+00 -1.3080e+01 -1.2897e+02 -1.2897e+03
-4.4924e+00 -4.8777e+00 -2.9921e+01 -2.9920e+02
-4.6143e+00 -4.6069e+00 -4.5640e+00 -1.1679e+01
-4.6151e+00 -4.6151e+00 -4.6151e+00 -4.6151e+00
# New trial
-4.8709e+00 -7.8396e+00 -5.5176e+01 -5.5159e+02
-4.7080e+00 -5.6207e+00 -1.8428e+01 -1.7652e+02
-4.6163e+00 -4.6273e+00 -4.7387e+00 -5.9557e+00
-4.6151e+00 -4.6151e+00 -4.6151e+00 -4.6151e+00
# New trial
-4.6368e+00 -6.3479e+00 -4.9753e+01 -4.9753e+02
-4.6120e+00 -4.7615e+00 -1.3004e+01 -1.2729e+02
-4.6149e+00 -4.6133e+00 -4.6003e+00 -4.6742e+00
-4.6151e+00 -4.6151e+00 -4.6151e+00 -4.6151e+00
# New trial
-4.4776e+00 -3.5419e+00 -2.1390e+00 -8.7447e+00
-4.5789e+00 -4.2834e+00 -2.9230e+00 -3.3423e+00
-4.6148e+00 -4.6123e+00 -4.5879e+00 -4.3939e+00
-4.6151e+00 -4.6151e+00 -4.6151e+00 -4.6151e+00
# New trial
-4.7493e+00 -9.4002e+00 -8.0201e+01 -8.0014e+02
-4.6402e+00 -5.2553e+00 -2.2502e+01 -2.1826e+02
-4.6152e+00 -4.6164e+00 -4.6326e+00 -5.5209e+00
-4.6151e+00 -4.6151e+00 -4.6151e+00 -4.6151e+00
# New trial
-4.6076e+00 -4.5929e+00 -7.3423e+00 -5.3910e+01
-4.6123e+00 -4.5922e+00 -4.7743e+00 -1.4729e+01
-4.6151e+00 -4.6148e+00 -4.6124e+00 -4.5937e+00
-4.6151e+00 -4.6151e+00 -4.6151e+00 -4.6151e+00
# New trial
-4.2622e+00 -2.1972e+00 -3.1772e+00 -2.6343e+01
-4.5402e+00 -3.9613e+00 -4.6190e+00 -4.5132e+01
-4.6149e+00 -4.6128e+00 -4.5928e+00 -4.4774e+00
-4.6151e+00 -4.6151e+00 -4.6151e+00 -4.6151e+00
# New trial
-4.6753e+00 -8.9845e+00 -8.0424e+01 -8.0424e+02
-4.6093e+00 -4.9984e+00 -2.0623e+01 -2.0517e+02
-4.6148e+00 -4.6118e+00 -4.5888e+00 -4.7094e+00
-4.6151e+00 -4.6151e+00 -4.6151e+00 -4.6151e+00
# New trial
-4.4237e+00 -3.7453e+00 -1.5714e+01 -1.5669e+02
-4.5671e+00 -4.2160e+00 -5.0619e+00 -4.3132e+01
-4.6149e+00 -4.6131e+00 -4.5954e+00 -4.4588e+00
-4.6151e+00 -4.6151e+00 -4.6151e+00 -4.6151e+00
# New trial
-5.1962e+00 -2.9241e+01 -2.9241e+02 -2.9241e+03
-4.6697e+00 -7.4127e+00 -6.0578e+01 -6.0557e+02
-4.6153e+00 -4.6177e+00 -4.6731e+00 -9.3986e+00
-4.6151e+00 -4.6151e+00 -4.6151e+00 -4.6151e+00
# New trial
-5.7082e+00 -3.5914e+01 -3.5913e+02 -3.5913e+03
-4.7309e+00 -8.8945e+00 -8.2074e+01 -8.2074e+02
-4.6146e+00 -4.6104e+00 -4.6077e+00 -6.2168e+00
-4.6151e+00 -4.6151e+00 -4.6151e+00 -4.6151e+00
# New trial
-4.5598e+00 -4.6561e+00 -2.1599e+01 -2.1593e+02
-4.5968e+00 -4.4898e+00 -6.4496e+00 -5.5246e+01
-4.6150e+00 -4.6138e+00 -4.6023e+00 -4.5625e+00
-4.6151e+00 -4.6151e+00 -4.6151e+00 -4.6151e+00
# New trial
-4.9671e+00 -1.0327e+01 -8.3668e+01 -8.3602e+02
-4.7122e+00 -5.8762e+00 -2.4085e+01 -2.2897e+02
-4.6159e+00 -4.6225e+00 -4.6945e+00 -5.7044e+00
-4.6151e+00 -4.6151e+00 -4.6151e+00 -4.6151e+00
# New trial
-4.9331e+00 -1.4930e+01 -1.4858e+02 -1.4858e+03
-4.6708e+00 -5.7242e+00 -3.0717e+01 -3.0711e+02
-4.6152e+00 -4.6164e+00 -4.6324e+00 -5.1307e+00
-4.6151e+00 -4.6151e+00 -4.6151e+00 -4.6151e+00
# New trial
-3.3292e+00 -2.0471e+00 -1.8818e+01 -1.8818e+02
-4.3070e+00 -2.6545e+00 -1.0799e+01 -1.0799e+02
-4.6140e+00 -4.6037e+00 -4.5145e+00 -4.3678e+00
-4.6151e+00 -4.6151e+00 -4.6151e+00 -4.6151e+00
# New trial
-4.5786e+00 -5.8704e+00 -4.1150e+01 -4.1098e+02
-4.5961e+00 -4.5673e+00 -9.0959e+00 -7.6109e+01
-4.6149e+00 -4.6133e+00 -4.5986e+00 -4.5898e+00
-4.6151e+00 -4.6151e+00 -4.6151e+00 -4.6151e+00
# New trial
-4.8253e+00 -1.6135e+01 -1.6092e+02 -1.6092e+03
-4.6136e+00 -5.5011e+00 -3.1001e+01 -3.0998e+02
-4.6147e+00 -4.6112e+00 -4.5903e+00 -5.0999e+00
-4.6151e+00 -4.6151e+00 -4.6151e+00 -4.6151e+00
# New trial
-4.4443e+00 -4.3456e+00 -2.7869e+01 -2.7863e+02
-4.5688e+00 -4.2641e+00 -5.9345e+00 -4.8753e+01
-4.6149e+00 -4.6125e+00 -4.5920e+00 -5.2015e+00
-4.6151e+00 -4.6151e+00 -4.6151e+00 -4.6151e+00
# New trial
-4.6597e+00 -5.2576e+00 -1.9176e+01 -1.8150e+02
-4.6261e+00 -4.7462e+00 -7.4801e+00 -5.8624e+01
-4.6152e+00 -4.6155e+00 -4.6191e+00 -4.6900e+00
-4.6151e+00 -4.6151e+00 -4.6151e+00 -4.6151e+00
# New trial
-4.6133e+00 -4.5976e+00 -4.5425e+00 -9.3453e+00
-4.6144e+00 -4.6083e+00 -4.5585e+00 -4.8668e+00
-4.6151e+00 -4.6150e+00 -4.6143e+00 -4.6070e+00
-4.6151e+00 -4.6151e+00 -4.6151e+00 -4.6151e+00
# New trial
-3.9699e+00 -7.3298e+00 -7.2890e+01 -7.2890e+02
-4.4608e+00 -3.8812e+00 -1.8528e+01 -1.8528e+02
-4.6147e+00 -4.6110e+00 -4.5841e+00 -4.9711e+00
-4.6151e+00 -4.6151e+00 -4.6151e+00 -4.6151e+00
# New trial
-4.7369e+00 -1.0329e+01 -9.8171e+01 -9.8170e+02
-4.6343e+00 -5.2301e+00 -2.4156e+01 -2.3841e+02
-4.6150e+00 -4.6142e+00 -4.6102e+00 -4.8687e+00
-4.6151e+00 -4.6151e+00 -4.6151e+00 -4.6151e+00
# New trial
-4.6509e+00 -5.5460e+00 -3.2189e+01 -3.2084e+02
-4.6199e+00 -4.7039e+00 -7.7912e+00 -6.5534e+01
-4.6151e+00 -4.6149e+00 -4.6135e+00 -4.6163e+00
-4.6151e+00 -4.6151e+00 -4.6151e+00 -4.6151e+00
# New trial
