# 0.01sig - Array shape (trial/sig/alpha): (30L, 4L, 4L)
-2.9470e+00 -3.6034e-05 0.0000e+00 0.0000e+00
-4.3295e+00 -2.0653e+00 -3.1678e-07 0.0000e+00
-4.6122e+00 -4.5856e+00 -4.3237e+00 -2.0761e+00
-4.6151e+00 -4.6151e+00 -4.6151e+00 -4.6151e+00
# New trial
-1.6794e+00 -5.7680e-10 0.0000e+00 0.0000e+00
-3.7451e+00 -2.5195e-02 0.0000e+00 0.0000e+00
-4.5934e+00 -4.3980e+00 -2.5062e+00 -4.1639e-07
-4.6151e+00 -4.6151e+00 -4.6151e+00 -4.6148e+00
# New trial
-3.2833e+00 -6.4170e-04 0.0000e+00 0.0000e+00
-4.5023e+00 -3.5648e+00 -3.1881e-01 -2.2908e-08
-4.6149e+00 -4.6134e+00 -4.5987e+00 -4.5841e+00
-4.6151e+00 -4.6151e+00 -4.6151e+00 -4.6151e+00
# New trial
-2.2531e+00 -5.0906e-06 0.0000e+00 0.0000e+00
-3.7524e+00 -9.5857e-02 0.0000e+00 0.0000e+00
-4.5640e+00 -4.1063e+00 -4.9030e-01 0.0000e+00
-4.6151e+00 -4.6151e+00 -4.6145e+00 -4.6091e+00
# New trial
-4.0508e+00 -3.4892e-01 0.0000e+00 0.0000e+00
-4.5822e+00 -4.2929e+00 -2.0570e+00 -1.5864e-02
-4.6151e+00 -4.6151e+00 -4.6149e+00 -4.6190e+00
-4.6151e+00 -4.6151e+00 -4.6151e+00 -4.6151e+00
# New trial
-1.1518e+00 -1.3358e-12 0.0000e+00 0.0000e+00
-1.9538e+00 -2.6730e-10 0.0000e+00 0.0000e+00
-3.9119e+00 -7.6726e-02 0.0000e+00 0.0000e+00
-4.6062e+00 -4.5255e+00 -3.7245e+00 -1.1656e-02
# New trial
-9.1614e-01 -5.9046e-11 0.0000e+00 0.0000e+00
-2.9766e+00 -8.1791e-04 0.0000e+00 0.0000e+00
-4.5401e+00 -3.8700e+00 -5.8976e-02 0.0000e+00
-4.6151e+00 -4.6151e+00 -4.6146e+00 -4.6102e+00
# New trial
-2.7696e+00 -1.4937e-05 0.0000e+00 0.0000e+00
-4.4119e+00 -2.9739e+00 -1.3350e+00 -9.8899e+00
-4.6155e+00 -4.6188e+00 -4.6594e+00 -6.0371e+00
-4.6151e+00 -4.6151e+00 -4.6151e+00 -4.6151e+00
# New trial
-1.7440e+00 -3.7151e-10 0.0000e+00 0.0000e+00
-2.7461e+00 -7.9718e-07 0.0000e+00 0.0000e+00
-4.3007e+00 -1.6401e+00 -1.5632e-12 0.0000e+00
-4.6140e+00 -4.6044e+00 -4.5081e+00 -3.5527e+00
# New trial
-2.9113e+00 -3.2761e-05 0.0000e+00 0.0000e+00
-4.5113e+00 -3.8986e+00 -6.6215e+00 -5.9532e+01
-4.6164e+00 -4.6278e+00 -4.7550e+00 -7.7873e+00
-4.6151e+00 -4.6151e+00 -4.6151e+00 -4.6151e+00
# New trial
-1.8350e+00 -2.1166e-09 0.0000e+00 0.0000e+00
-4.3061e+00 -2.4026e+00 -6.0674e+00 -6.0647e+01
-4.6163e+00 -4.6270e+00 -4.7730e+00 -1.6639e+01
-4.6151e+00 -4.6151e+00 -4.6151e+00 -4.6151e+00
# New trial
-2.2279e+00 -1.2101e-05 0.0000e+00 0.0000e+00
-4.0896e+00 -1.7469e+00 -1.1905e+01 -1.1905e+02
-4.6096e+00 -4.5603e+00 -4.1771e+00 -1.8118e+01
-4.6151e+00 -4.6151e+00 -4.6151e+00 -4.6151e+00
# New trial
-2.0831e+00 -1.5007e-08 0.0000e+00 0.0000e+00
-4.0489e+00 -3.6044e-01 0.0000e+00 0.0000e+00
-4.6046e+00 -4.5101e+00 -3.5825e+00 -1.1126e-02
-4.6151e+00 -4.6151e+00 -4.6151e+00 -4.6150e+00
# New trial
-2.6681e+00 -6.0816e-06 0.0000e+00 0.0000e+00
-4.4124e+00 -2.9242e+00 -1.3096e-01 -3.2173e-11
-4.6150e+00 -4.6140e+00 -4.6181e+00 -6.8546e+00
-4.6151e+00 -4.6151e+00 -4.6151e+00 -4.6151e+00
# New trial
-2.3807e+00 -1.7188e-07 0.0000e+00 0.0000e+00
-4.1308e+00 -6.8591e-01 -1.1369e-13 0.0000e+00
-4.6068e+00 -4.5321e+00 -3.7939e+00 -5.2797e-02
-4.6151e+00 -4.6151e+00 -4.6151e+00 -4.6150e+00
# New trial
-2.3818e+00 -7.5098e-08 0.0000e+00 0.0000e+00
-4.4033e+00 -2.6863e+00 -6.2260e-02 -1.1369e-12
-4.6150e+00 -4.6143e+00 -4.6088e+00 -4.8366e+00
-4.6151e+00 -4.6151e+00 -4.6151e+00 -4.6151e+00
# New trial
-2.7134e+00 -9.7487e-05 0.0000e+00 0.0000e+00
-4.3480e+00 -2.5661e+00 -5.6181e-02 0.0000e+00
-4.6154e+00 -4.6178e+00 -4.6568e+00 -7.0283e+00
-4.6151e+00 -4.6151e+00 -4.6151e+00 -4.6151e+00
# New trial
-3.0183e+00 -6.1695e-05 0.0000e+00 0.0000e+00
-4.3689e+00 -2.5217e+00 -2.7843e+00 -2.7197e+01
-4.6135e+00 -4.5995e+00 -4.4912e+00 -1.4990e+01
-4.6151e+00 -4.6151e+00 -4.6151e+00 -4.6151e+00
# New trial
-1.2519e+00 -1.9199e-11 0.0000e+00 0.0000e+00
-1.8311e+00 -5.9437e-11 0.0000e+00 0.0000e+00
-3.6889e+00 -8.1103e-03 0.0000e+00 0.0000e+00
-4.5931e+00 -4.3954e+00 -2.4719e+00 -2.2501e-08
# New trial
-2.1519e+00 -1.2143e-08 0.0000e+00 0.0000e+00
-4.2548e+00 -1.4565e+00 -6.2559e-09 0.0000e+00
-4.6140e+00 -4.6040e+00 -4.5100e+00 -4.1889e+00
-4.6151e+00 -4.6151e+00 -4.6151e+00 -4.6151e+00
# New trial
-2.0565e+00 -1.2682e-08 0.0000e+00 0.0000e+00
-4.0221e+00 -3.3651e-01 -2.8422e-14 0.0000e+00
-4.5967e+00 -4.4309e+00 -2.8252e+00 -5.9506e-04
-4.6151e+00 -4.6151e+00 -4.6150e+00 -4.6143e+00
# New trial
-1.8794e+00 -5.6900e-10 0.0000e+00 0.0000e+00
-2.2732e+00 -3.5507e-09 0.0000e+00 0.0000e+00
-3.6087e+00 -3.5692e-03 0.0000e+00 0.0000e+00
-4.5571e+00 -4.0365e+00 -2.4978e-01 0.0000e+00
# New trial
-2.8075e+00 -5.4956e-06 0.0000e+00 0.0000e+00
-4.2988e+00 -1.7002e+00 -2.7127e-09 0.0000e+00
-4.6116e+00 -4.5802e+00 -4.2685e+00 -1.5680e+00
-4.6151e+00 -4.6151e+00 -4.6151e+00 -4.6151e+00
# New trial
-2.8348e+00 -1.2217e-05 0.0000e+00 0.0000e+00
-4.2598e+00 -1.5311e+00 -1.1808e-06 0.0000e+00
-4.6101e+00 -4.5655e+00 -4.1300e+00 -1.4764e+00
-4.6151e+00 -4.6151e+00 -4.6151e+00 -4.6151e+00
# New trial
-1.7706e+00 -2.6440e-09 0.0000e+00 0.0000e+00
-4.1409e+00 -7.6353e-01 -8.5265e-14 0.0000e+00
-4.6125e+00 -4.5890e+00 -4.3578e+00 -2.4788e+00
-4.6151e+00 -4.6151e+00 -4.6151e+00 -4.6151e+00
# New trial
-1.6711e+00 -4.3686e-10 0.0000e+00 0.0000e+00
-2.5154e+00 -5.2278e-08 0.0000e+00 0.0000e+00
-4.0613e+00 -3.1144e-01 0.0000e+00 0.0000e+00
-4.6064e+00 -4.5284e+00 -3.7527e+00 -1.5529e-02
# New trial
-1.6018e+00 -4.0254e-10 0.0000e+00 0.0000e+00
-3.1649e+00 -8.5743e-05 0.0000e+00 0.0000e+00
-4.4897e+00 -3.3730e+00 -3.2180e-04 0.0000e+00
-4.6151e+00 -4.6147e+00 -4.6107e+00 -4.5705e+00
# New trial
-1.9869e+00 -2.5658e-08 0.0000e+00 0.0000e+00
-3.4402e+00 -1.3170e-03 0.0000e+00 0.0000e+00
-4.5151e+00 -3.6219e+00 -4.1794e-03 0.0000e+00
-4.6151e+00 -4.6146e+00 -4.6103e+00 -4.5670e+00
# New trial
-6.8280e-01 0.0000e+00 0.0000e+00 0.0000e+00
-2.6614e+00 -2.4793e-07 0.0000e+00 0.0000e+00
-4.3911e+00 -2.4319e+00 -1.4593e-08 0.0000e+00
-4.6142e+00 -4.6057e+00 -4.5206e+00 -3.6761e+00
# New trial
-2.3427e+00 -5.6435e-08 0.0000e+00 0.0000e+00
-4.1718e+00 -9.4338e-01 -3.1680e-10 0.0000e+00
-4.6086e+00 -4.5505e+00 -3.9822e+00 -6.9180e-01
-4.6151e+00 -4.6151e+00 -4.6151e+00 -4.6151e+00
# New trial
