# 0.1sig - Array shape (trial/sig/alpha): (30L, 4L, 4L)
-3.4812e-01 0.0000e+00 0.0000e+00 0.0000e+00
-3.6432e-02 0.0000e+00 0.0000e+00 0.0000e+00
-4.8145e-05 0.0000e+00 0.0000e+00 0.0000e+00
-1.2852e-06 0.0000e+00 0.0000e+00 0.0000e+00
# New trial
-1.0230e-01 0.0000e+00 0.0000e+00 0.0000e+00
-8.9992e-03 0.0000e+00 0.0000e+00 0.0000e+00
-1.2252e-05 0.0000e+00 0.0000e+00 0.0000e+00
-9.8613e-06 0.0000e+00 0.0000e+00 0.0000e+00
# New trial
-4.0012e-01 0.0000e+00 0.0000e+00 0.0000e+00
-3.3212e-02 0.0000e+00 0.0000e+00 0.0000e+00
-3.0927e-05 0.0000e+00 0.0000e+00 0.0000e+00
-1.3292e-06 0.0000e+00 0.0000e+00 0.0000e+00
# New trial
-4.4969e-01 0.0000e+00 0.0000e+00 0.0000e+00
-1.0143e-01 0.0000e+00 0.0000e+00 0.0000e+00
-7.3175e-04 0.0000e+00 0.0000e+00 0.0000e+00
-8.6268e-05 0.0000e+00 0.0000e+00 0.0000e+00
# New trial
-3.6864e-02 0.0000e+00 0.0000e+00 0.0000e+00
-5.2604e-04 0.0000e+00 0.0000e+00 0.0000e+00
-4.9427e-07 0.0000e+00 0.0000e+00 0.0000e+00
-1.0179e-03 0.0000e+00 0.0000e+00 0.0000e+00
# New trial
-1.6218e+00 -1.2506e-12 0.0000e+00 0.0000e+00
-1.0061e+00 0.0000e+00 0.0000e+00 0.0000e+00
-7.0175e-02 0.0000e+00 0.0000e+00 0.0000e+00
-3.5233e-04 0.0000e+00 0.0000e+00 0.0000e+00
# New trial
-3.0652e-01 0.0000e+00 0.0000e+00 0.0000e+00
-4.6398e-02 0.0000e+00 0.0000e+00 0.0000e+00
-2.4347e-04 0.0000e+00 0.0000e+00 0.0000e+00
-5.5695e-04 0.0000e+00 0.0000e+00 0.0000e+00
# New trial
-4.0432e-02 0.0000e+00 0.0000e+00 0.0000e+00
-1.3557e-03 0.0000e+00 0.0000e+00 0.0000e+00
-3.8116e-07 0.0000e+00 0.0000e+00 0.0000e+00
-6.7733e-07 0.0000e+00 0.0000e+00 0.0000e+00
# New trial
-1.8075e+00 -1.2051e-11 0.0000e+00 0.0000e+00
-1.2282e+00 -7.1054e-15 0.0000e+00 0.0000e+00
-2.4926e-01 0.0000e+00 0.0000e+00 0.0000e+00
-8.8255e-02 0.0000e+00 0.0000e+00 0.0000e+00
# New trial
-1.0393e-02 0.0000e+00 0.0000e+00 0.0000e+00
-5.0441e-05 0.0000e+00 0.0000e+00 0.0000e+00
-4.7283e-09 0.0000e+00 0.0000e+00 0.0000e+00
-1.8024e-03 0.0000e+00 0.0000e+00 0.0000e+00
# New trial
-6.7619e-02 0.0000e+00 0.0000e+00 0.0000e+00
-1.6647e-03 0.0000e+00 0.0000e+00 0.0000e+00
-5.0555e-07 0.0000e+00 0.0000e+00 0.0000e+00
-5.6191e-06 0.0000e+00 0.0000e+00 0.0000e+00
# New trial
-1.6117e+00 -1.0871e-12 0.0000e+00 0.0000e+00
-8.6819e-01 0.0000e+00 0.0000e+00 0.0000e+00
-5.0584e-02 0.0000e+00 0.0000e+00 0.0000e+00
-1.0761e-03 0.0000e+00 0.0000e+00 0.0000e+00
# New trial
-1.3661e+00 -4.2633e-14 0.0000e+00 0.0000e+00
-6.2648e-01 0.0000e+00 0.0000e+00 0.0000e+00
-1.1680e-02 0.0000e+00 0.0000e+00 0.0000e+00
-6.3305e-06 0.0000e+00 0.0000e+00 0.0000e+00
# New trial
-4.9801e-02 0.0000e+00 0.0000e+00 0.0000e+00
-1.7499e-03 0.0000e+00 0.0000e+00 0.0000e+00
-3.6330e-07 0.0000e+00 0.0000e+00 0.0000e+00
-8.7546e-08 0.0000e+00 0.0000e+00 0.0000e+00
# New trial
-1.3879e+00 -6.3949e-14 0.0000e+00 0.0000e+00
-7.9638e-01 0.0000e+00 0.0000e+00 0.0000e+00
-4.7388e-02 0.0000e+00 0.0000e+00 0.0000e+00
-5.4344e-04 0.0000e+00 0.0000e+00 0.0000e+00
# New trial
-1.4990e-03 0.0000e+00 0.0000e+00 0.0000e+00
-3.6075e-06 0.0000e+00 0.0000e+00 0.0000e+00
-8.3944e-11 0.0000e+00 0.0000e+00 0.0000e+00
-9.4467e-05 0.0000e+00 0.0000e+00 0.0000e+00
# New trial
-1.3067e-01 0.0000e+00 0.0000e+00 0.0000e+00
-8.3769e-03 0.0000e+00 0.0000e+00 0.0000e+00
-7.9341e-06 0.0000e+00 0.0000e+00 0.0000e+00
-8.4083e-07 0.0000e+00 0.0000e+00 0.0000e+00
# New trial
-5.5149e-01 0.0000e+00 0.0000e+00 0.0000e+00
-8.9168e-02 0.0000e+00 0.0000e+00 0.0000e+00
-2.2740e-04 0.0000e+00 0.0000e+00 0.0000e+00
-4.3387e-06 0.0000e+00 0.0000e+00 0.0000e+00
# New trial
-2.2539e+00 -2.0378e-09 0.0000e+00 0.0000e+00
-1.6129e+00 -1.0942e-12 0.0000e+00 0.0000e+00
-2.9127e-01 0.0000e+00 0.0000e+00 0.0000e+00
-1.1821e-02 0.0000e+00 0.0000e+00 0.0000e+00
# New trial
-4.1258e-01 0.0000e+00 0.0000e+00 0.0000e+00
-5.3007e-02 0.0000e+00 0.0000e+00 0.0000e+00
-1.5087e-04 0.0000e+00 0.0000e+00 0.0000e+00
-1.4662e-05 0.0000e+00 0.0000e+00 0.0000e+00
# New trial
-2.0802e+00 -2.8533e-10 0.0000e+00 0.0000e+00
-1.4547e+00 -1.4211e-13 0.0000e+00 0.0000e+00
-1.7815e-01 0.0000e+00 0.0000e+00 0.0000e+00
-5.0812e-04 0.0000e+00 0.0000e+00 0.0000e+00
# New trial
-4.2252e-02 0.0000e+00 0.0000e+00 0.0000e+00
-8.3733e-04 0.0000e+00 0.0000e+00 0.0000e+00
-7.3752e-07 0.0000e+00 0.0000e+00 0.0000e+00
-1.1838e-03 0.0000e+00 0.0000e+00 0.0000e+00
# New trial
-5.4755e-01 0.0000e+00 0.0000e+00 0.0000e+00
-1.1764e-01 0.0000e+00 0.0000e+00 0.0000e+00
-2.9760e-03 0.0000e+00 0.0000e+00 0.0000e+00
-3.7498e-03 0.0000e+00 0.0000e+00 0.0000e+00
# New trial
-2.3763e+00 -7.8934e-09 0.0000e+00 0.0000e+00
-1.6869e+00 -2.7391e-12 0.0000e+00 0.0000e+00
-2.4973e-01 0.0000e+00 0.0000e+00 0.0000e+00
-3.4171e-03 0.0000e+00 0.0000e+00 0.0000e+00
# New trial
-4.9665e-02 0.0000e+00 0.0000e+00 0.0000e+00
-2.3502e-03 0.0000e+00 0.0000e+00 0.0000e+00
-4.2702e-06 0.0000e+00 0.0000e+00 0.0000e+00
-4.0347e-04 0.0000e+00 0.0000e+00 0.0000e+00
# New trial
-1.5164e-01 0.0000e+00 0.0000e+00 0.0000e+00
-7.7505e-03 0.0000e+00 0.0000e+00 0.0000e+00
-7.3954e-06 0.0000e+00 0.0000e+00 0.0000e+00
-2.4612e-05 0.0000e+00 0.0000e+00 0.0000e+00
# New trial
-1.3831e+00 -5.6843e-14 0.0000e+00 0.0000e+00
-6.9632e-01 0.0000e+00 0.0000e+00 0.0000e+00
-2.5646e-02 0.0000e+00 0.0000e+00 0.0000e+00
-1.0524e-04 0.0000e+00 0.0000e+00 0.0000e+00
# New trial
-5.4158e-02 0.0000e+00 0.0000e+00 0.0000e+00
-2.2670e-03 0.0000e+00 0.0000e+00 0.0000e+00
-1.3350e-06 0.0000e+00 0.0000e+00 0.0000e+00
-2.0852e-06 0.0000e+00 0.0000e+00 0.0000e+00
# New trial
-2.1363e+00 -5.4193e-10 0.0000e+00 0.0000e+00
-1.6627e+00 -2.0322e-12 0.0000e+00 0.0000e+00
-3.5281e-01 0.0000e+00 0.0000e+00 0.0000e+00
-1.9126e-03 0.0000e+00 0.0000e+00 0.0000e+00
# New trial
-1.1561e+00 0.0000e+00 0.0000e+00 0.0000e+00
-4.4075e-01 0.0000e+00 0.0000e+00 0.0000e+00
-5.5721e-03 0.0000e+00 0.0000e+00 0.0000e+00
-2.0921e-05 0.0000e+00 0.0000e+00 0.0000e+00
# New trial
