# 0.01sig - Array shape (trial/sig/alpha): (30L, 4L, 4L)
-7.1577e-02 0.0000e+00 0.0000e+00 0.0000e+00
-5.5847e-03 0.0000e+00 0.0000e+00 0.0000e+00
-3.7318e-03 0.0000e+00 0.0000e+00 0.0000e+00
-2.5902e+00 -8.1335e-08 0.0000e+00 0.0000e+00
# New trial
-3.3745e-02 0.0000e+00 0.0000e+00 0.0000e+00
-4.1365e-03 0.0000e+00 0.0000e+00 0.0000e+00
-2.3418e-02 0.0000e+00 0.0000e+00 0.0000e+00
-3.6005e+00 -3.2797e-03 0.0000e+00 0.0000e+00
# New trial
-2.0471e-01 0.0000e+00 0.0000e+00 0.0000e+00
-2.6664e-02 0.0000e+00 0.0000e+00 0.0000e+00
-6.0553e-02 0.0000e+00 0.0000e+00 0.0000e+00
-3.6021e+00 -3.3350e-03 0.0000e+00 0.0000e+00
# New trial
-1.6343e-01 0.0000e+00 0.0000e+00 0.0000e+00
-5.9860e-02 0.0000e+00 0.0000e+00 0.0000e+00
-2.6140e-01 0.0000e+00 0.0000e+00 0.0000e+00
-3.8973e+00 -6.6424e-02 0.0000e+00 0.0000e+00
# New trial
-8.7321e-02 0.0000e+00 0.0000e+00 0.0000e+00
-3.1249e-03 0.0000e+00 0.0000e+00 0.0000e+00
-1.4102e-01 0.0000e+00 0.0000e+00 0.0000e+00
-4.2764e+00 -1.4459e+00 -2.2737e-13 0.0000e+00
# New trial
-1.1927e+00 -2.1316e-14 0.0000e+00 0.0000e+00
-9.5122e-01 0.0000e+00 0.0000e+00 0.0000e+00
-1.1984e+00 -7.1054e-15 0.0000e+00 0.0000e+00
-3.3290e+00 -1.9916e-04 0.0000e+00 0.0000e+00
# New trial
-1.7289e-01 0.0000e+00 0.0000e+00 0.0000e+00
-3.6600e-02 0.0000e+00 0.0000e+00 0.0000e+00
-1.9625e-01 0.0000e+00 0.0000e+00 0.0000e+00
-3.9914e+00 -1.6482e-01 0.0000e+00 0.0000e+00
# New trial
-1.3401e-02 0.0000e+00 0.0000e+00 0.0000e+00
-7.1596e-04 0.0000e+00 0.0000e+00 0.0000e+00
-3.9924e-03 0.0000e+00 0.0000e+00 0.0000e+00
-3.4017e+00 -4.2295e-04 0.0000e+00 0.0000e+00
# New trial
-7.6754e-01 0.0000e+00 0.0000e+00 0.0000e+00
-4.5926e-01 0.0000e+00 0.0000e+00 0.0000e+00
-1.2861e+00 -1.4211e-14 0.0000e+00 0.0000e+00
-4.1862e+00 -8.3287e-01 0.0000e+00 0.0000e+00
# New trial
-7.4734e-03 0.0000e+00 0.0000e+00 0.0000e+00
-9.2453e-05 0.0000e+00 0.0000e+00 0.0000e+00
-2.0446e-03 0.0000e+00 0.0000e+00 0.0000e+00
-3.9329e+00 -9.4127e-02 0.0000e+00 0.0000e+00
# New trial
-2.1911e-02 0.0000e+00 0.0000e+00 0.0000e+00
-6.7967e-04 0.0000e+00 0.0000e+00 0.0000e+00
-1.2101e-03 0.0000e+00 0.0000e+00 0.0000e+00
-2.9948e+00 -6.0722e-06 0.0000e+00 0.0000e+00
# New trial
-9.4426e-01 0.0000e+00 0.0000e+00 0.0000e+00
-4.5468e-01 0.0000e+00 0.0000e+00 0.0000e+00
-2.9253e-01 0.0000e+00 0.0000e+00 0.0000e+00
-2.6267e+00 -1.2072e-07 0.0000e+00 0.0000e+00
# New trial
-7.0635e-01 0.0000e+00 0.0000e+00 0.0000e+00
-3.6051e-01 0.0000e+00 0.0000e+00 0.0000e+00
-2.4296e-01 0.0000e+00 0.0000e+00 0.0000e+00
-2.2801e+00 -2.7160e-09 0.0000e+00 0.0000e+00
# New trial
-9.7232e-03 0.0000e+00 0.0000e+00 0.0000e+00
-4.7606e-04 0.0000e+00 0.0000e+00 0.0000e+00
-6.5879e-04 0.0000e+00 0.0000e+00 0.0000e+00
-2.5744e+00 -6.8626e-08 0.0000e+00 0.0000e+00
# New trial
-4.2940e-01 0.0000e+00 0.0000e+00 0.0000e+00
-2.0432e-01 0.0000e+00 0.0000e+00 0.0000e+00
-4.3266e-01 0.0000e+00 0.0000e+00 0.0000e+00
-3.5339e+00 -1.6533e-03 0.0000e+00 0.0000e+00
# New trial
-1.2953e-03 0.0000e+00 0.0000e+00 0.0000e+00
-2.6423e-06 0.0000e+00 0.0000e+00 0.0000e+00
-5.1497e-05 0.0000e+00 0.0000e+00 0.0000e+00
-3.6723e+00 -6.8452e-03 0.0000e+00 0.0000e+00
# New trial
-3.5650e-02 0.0000e+00 0.0000e+00 0.0000e+00
-8.6705e-04 0.0000e+00 0.0000e+00 0.0000e+00
-8.7216e-03 0.0000e+00 0.0000e+00 0.0000e+00
-3.8996e+00 -6.7935e-02 0.0000e+00 0.0000e+00
# New trial
-1.6951e-01 0.0000e+00 0.0000e+00 0.0000e+00
-2.3967e-02 0.0000e+00 0.0000e+00 0.0000e+00
-1.5930e-02 0.0000e+00 0.0000e+00 0.0000e+00
-2.7737e+00 -5.8381e-07 0.0000e+00 0.0000e+00
# New trial
-1.1425e+00 -7.1054e-15 0.0000e+00 0.0000e+00
-6.8696e-01 0.0000e+00 0.0000e+00 0.0000e+00
-4.8354e-01 0.0000e+00 0.0000e+00 0.0000e+00
-2.6471e+00 -1.5029e-07 0.0000e+00 0.0000e+00
# New trial
-3.5755e-01 0.0000e+00 0.0000e+00 0.0000e+00
-6.4626e-02 0.0000e+00 0.0000e+00 0.0000e+00
-1.7407e-01 0.0000e+00 0.0000e+00 0.0000e+00
-3.7901e+00 -2.2689e-02 0.0000e+00 0.0000e+00
# New trial
-1.1424e+00 0.0000e+00 0.0000e+00 0.0000e+00
-7.0953e-01 0.0000e+00 0.0000e+00 0.0000e+00
-3.1612e-01 0.0000e+00 0.0000e+00 0.0000e+00
-1.2645e+00 -1.4211e-14 0.0000e+00 0.0000e+00
# New trial
-1.0430e-02 0.0000e+00 0.0000e+00 0.0000e+00
-5.0759e-04 0.0000e+00 0.0000e+00 0.0000e+00
-3.0897e-02 0.0000e+00 0.0000e+00 0.0000e+00
-4.0880e+00 -3.9132e-01 0.0000e+00 0.0000e+00
# New trial
-1.6652e-01 0.0000e+00 0.0000e+00 0.0000e+00
-3.5522e-02 0.0000e+00 0.0000e+00 0.0000e+00
-2.0950e-01 0.0000e+00 0.0000e+00 0.0000e+00
-3.8313e+00 -3.4384e-02 0.0000e+00 0.0000e+00
# New trial
-1.2874e+00 -2.8422e-14 0.0000e+00 0.0000e+00
-6.8644e-01 0.0000e+00 0.0000e+00 0.0000e+00
-1.8192e-01 0.0000e+00 0.0000e+00 0.0000e+00
-1.3775e+00 -4.9738e-14 0.0000e+00 0.0000e+00
# New trial
-1.0935e-02 0.0000e+00 0.0000e+00 0.0000e+00
-8.2472e-04 0.0000e+00 0.0000e+00 0.0000e+00
-2.2122e-02 0.0000e+00 0.0000e+00 0.0000e+00
-3.9350e+00 -9.6113e-02 0.0000e+00 0.0000e+00
# New trial
-1.3916e-01 0.0000e+00 0.0000e+00 0.0000e+00
-2.3129e-02 0.0000e+00 0.0000e+00 0.0000e+00
-3.1064e-01 0.0000e+00 0.0000e+00 0.0000e+00
-4.0418e+00 -2.6186e-01 0.0000e+00 0.0000e+00
# New trial
-6.0232e-01 0.0000e+00 0.0000e+00 0.0000e+00
-2.5918e-01 0.0000e+00 0.0000e+00 0.0000e+00
-2.0744e-01 0.0000e+00 0.0000e+00 0.0000e+00
-2.6481e+00 -1.5193e-07 0.0000e+00 0.0000e+00
# New trial
-5.8719e-02 0.0000e+00 0.0000e+00 0.0000e+00
-8.5821e-03 0.0000e+00 0.0000e+00 0.0000e+00
-1.2649e-01 0.0000e+00 0.0000e+00 0.0000e+00
-3.9840e+00 -1.5377e-01 0.0000e+00 0.0000e+00
# New trial
-1.7593e+00 -1.0722e-11 0.0000e+00 0.0000e+00
-1.5337e+00 -4.1211e-13 0.0000e+00 0.0000e+00
-1.6323e+00 -1.3927e-12 0.0000e+00 0.0000e+00
-3.0131e+00 -7.3607e-06 0.0000e+00 0.0000e+00
# New trial
-5.8080e-01 0.0000e+00 0.0000e+00 0.0000e+00
-1.9498e-01 0.0000e+00 0.0000e+00 0.0000e+00
-8.4706e-02 0.0000e+00 0.0000e+00 0.0000e+00
-2.4880e+00 -2.6829e-08 0.0000e+00 0.0000e+00
# New trial
