# 10.0sig - Array shape (trial/sig/alpha): (30L, 4L, 4L)
-3.8912e+00 -6.3601e-02 0.0000e+00 0.0000e+00
-3.3694e+00 -3.0331e-04 0.0000e+00 0.0000e+00
-2.1751e+00 -8.3687e-10 0.0000e+00 0.0000e+00
-5.5531e-01 0.0000e+00 0.0000e+00 0.0000e+00
# New trial
-4.1298e+00 -5.5067e-01 0.0000e+00 0.0000e+00
-3.8981e+00 -6.6943e-02 0.0000e+00 0.0000e+00
-3.2177e+00 -6.2659e-05 0.0000e+00 0.0000e+00
-1.8289e+00 -1.5220e-11 0.0000e+00 0.0000e+00
# New trial
-3.9686e+00 -1.3341e-01 0.0000e+00 0.0000e+00
-3.7030e+00 -9.3669e-03 0.0000e+00 0.0000e+00
-3.0362e+00 -9.3850e-06 0.0000e+00 0.0000e+00
-1.8882e+00 -3.0735e-11 0.0000e+00 0.0000e+00
# New trial
-3.9672e+00 -1.4473e-01 0.0000e+00 0.0000e+00
-3.6844e+00 -7.7557e-03 0.0000e+00 0.0000e+00
-3.1909e+00 -4.7388e-05 0.0000e+00 0.0000e+00
-2.7344e+00 -3.8344e-07 0.0000e+00 0.0000e+00
# New trial
-3.9139e+00 -7.9060e-02 0.0000e+00 0.0000e+00
-3.5520e+00 -1.9922e-03 0.0000e+00 0.0000e+00
-2.6782e+00 -2.0994e-07 0.0000e+00 0.0000e+00
-1.2945e+00 -1.4211e-14 0.0000e+00 0.0000e+00
# New trial
-3.8780e+00 -5.5363e-02 0.0000e+00 0.0000e+00
-3.5200e+00 -1.4341e-03 0.0000e+00 0.0000e+00
-2.5977e+00 -8.8240e-08 0.0000e+00 0.0000e+00
-1.0086e+00 0.0000e+00 0.0000e+00 0.0000e+00
# New trial
-3.8713e+00 -5.1613e-02 0.0000e+00 0.0000e+00
-3.4822e+00 -9.7158e-04 0.0000e+00 0.0000e+00
-2.4652e+00 -2.0915e-08 0.0000e+00 0.0000e+00
-7.5992e-01 0.0000e+00 0.0000e+00 0.0000e+00
# New trial
-3.4647e+00 -1.1009e-03 0.0000e+00 0.0000e+00
-2.7750e+00 -6.0088e-07 0.0000e+00 0.0000e+00
-1.3422e+00 -3.5527e-14 0.0000e+00 0.0000e+00
-1.5916e-01 0.0000e+00 0.0000e+00 0.0000e+00
# New trial
-4.1569e+00 -6.7567e-01 0.0000e+00 0.0000e+00
-3.9234e+00 -8.5808e-02 0.0000e+00 0.0000e+00
-3.3864e+00 -3.6082e-04 0.0000e+00 0.0000e+00
-2.6162e+00 -1.0775e-07 0.0000e+00 0.0000e+00
# New trial
-3.9267e+00 -8.9111e-02 0.0000e+00 0.0000e+00
-3.5930e+00 -3.0378e-03 0.0000e+00 0.0000e+00
-2.6757e+00 -2.0438e-07 0.0000e+00 0.0000e+00
-1.1056e+00 0.0000e+00 0.0000e+00 0.0000e+00
# New trial
-3.5596e+00 -3.0814e-03 0.0000e+00 0.0000e+00
-3.0809e+00 -1.5043e-05 0.0000e+00 0.0000e+00
-1.9942e+00 -1.0599e-10 0.0000e+00 0.0000e+00
-6.1014e-01 0.0000e+00 0.0000e+00 0.0000e+00
# New trial
-4.0006e+00 -1.8154e-01 0.0000e+00 0.0000e+00
-3.6587e+00 -5.9594e-03 0.0000e+00 0.0000e+00
-2.8874e+00 -1.9529e-06 0.0000e+00 0.0000e+00
-1.7879e+00 -9.3259e-12 0.0000e+00 0.0000e+00
# New trial
-3.9581e+00 -1.2018e-01 0.0000e+00 0.0000e+00
-3.5694e+00 -2.3822e-03 0.0000e+00 0.0000e+00
-2.6256e+00 -1.1924e-07 0.0000e+00 0.0000e+00
-1.0955e+00 0.0000e+00 0.0000e+00 0.0000e+00
# New trial
-3.6960e+00 -8.8167e-03 0.0000e+00 0.0000e+00
-3.1778e+00 -4.1350e-05 0.0000e+00 0.0000e+00
-1.9843e+00 -9.4534e-11 0.0000e+00 0.0000e+00
-5.1798e-01 0.0000e+00 0.0000e+00 0.0000e+00
# New trial
-3.7878e+00 -2.2677e-02 0.0000e+00 0.0000e+00
-3.5217e+00 -1.4593e-03 0.0000e+00 0.0000e+00
-2.8052e+00 -8.1615e-07 0.0000e+00 0.0000e+00
-1.5840e+00 -7.6028e-13 0.0000e+00 0.0000e+00
# New trial
-3.7535e+00 -1.6335e-02 0.0000e+00 0.0000e+00
-3.4059e+00 -4.4193e-04 0.0000e+00 0.0000e+00
-2.5162e+00 -3.6467e-08 0.0000e+00 0.0000e+00
-1.0129e+00 0.0000e+00 0.0000e+00 0.0000e+00
# New trial
-3.7138e+00 -1.2622e-02 0.0000e+00 0.0000e+00
-3.2213e+00 -6.5714e-05 0.0000e+00 0.0000e+00
-2.0017e+00 -1.1561e-10 0.0000e+00 0.0000e+00
-4.5299e-01 0.0000e+00 0.0000e+00 0.0000e+00
# New trial
-3.6689e+00 -7.2382e-03 0.0000e+00 0.0000e+00
-3.1756e+00 -4.0491e-05 0.0000e+00 0.0000e+00
-1.9370e+00 -5.4520e-11 0.0000e+00 0.0000e+00
-3.6703e-01 0.0000e+00 0.0000e+00 0.0000e+00
# New trial
-3.9310e+00 -9.5430e-02 0.0000e+00 0.0000e+00
-3.5915e+00 -2.9930e-03 0.0000e+00 0.0000e+00
-2.6921e+00 -2.4373e-07 0.0000e+00 0.0000e+00
-1.1473e+00 0.0000e+00 0.0000e+00 0.0000e+00
# New trial
-3.8137e+00 -2.9030e-02 0.0000e+00 0.0000e+00
-3.3235e+00 -1.8814e-04 0.0000e+00 0.0000e+00
-2.1921e+00 -1.0130e-09 0.0000e+00 0.0000e+00
-6.1708e-01 0.0000e+00 0.0000e+00 0.0000e+00
# New trial
-3.9456e+00 -1.1707e-01 0.0000e+00 0.0000e+00
-3.5532e+00 -2.0245e-03 0.0000e+00 0.0000e+00
-2.5699e+00 -6.5298e-08 0.0000e+00 0.0000e+00
-9.9695e-01 0.0000e+00 0.0000e+00 0.0000e+00
# New trial
-3.6361e+00 -4.8092e-03 0.0000e+00 0.0000e+00
-3.1831e+00 -4.3717e-05 0.0000e+00 0.0000e+00
-2.1294e+00 -4.9916e-10 0.0000e+00 0.0000e+00
-7.0685e-01 0.0000e+00 0.0000e+00 0.0000e+00
# New trial
-3.8929e+00 -6.4177e-02 0.0000e+00 0.0000e+00
-3.5275e+00 -1.5497e-03 0.0000e+00 0.0000e+00
-2.5832e+00 -7.5463e-08 0.0000e+00 0.0000e+00
-9.9767e-01 0.0000e+00 0.0000e+00 0.0000e+00
# New trial
-4.0917e+00 -4.0607e-01 0.0000e+00 0.0000e+00
-3.8363e+00 -3.6166e-02 0.0000e+00 0.0000e+00
-3.2933e+00 -1.3755e-04 0.0000e+00 0.0000e+00
-2.5684e+00 -6.4241e-08 0.0000e+00 0.0000e+00
# New trial
-4.0516e+00 -2.8632e-01 0.0000e+00 0.0000e+00
-3.7305e+00 -1.2395e-02 0.0000e+00 0.0000e+00
-2.8516e+00 -1.3362e-06 0.0000e+00 0.0000e+00
-1.2385e+00 -7.1054e-15 0.0000e+00 0.0000e+00
# New trial
-3.7357e+00 -1.3102e-02 0.0000e+00 0.0000e+00
-3.3215e+00 -1.8432e-04 0.0000e+00 0.0000e+00
-2.3173e+00 -4.1048e-09 0.0000e+00 0.0000e+00
-9.1623e-01 0.0000e+00 0.0000e+00 0.0000e+00
# New trial
-3.7232e+00 -1.1675e-02 0.0000e+00 0.0000e+00
-3.3437e+00 -2.3215e-04 0.0000e+00 0.0000e+00
-2.3671e+00 -7.1196e-09 0.0000e+00 0.0000e+00
-9.3319e-01 0.0000e+00 0.0000e+00 0.0000e+00
# New trial
-3.9244e+00 -8.9623e-02 0.0000e+00 0.0000e+00
-3.5980e+00 -3.1999e-03 0.0000e+00 0.0000e+00
-2.7502e+00 -4.5392e-07 0.0000e+00 0.0000e+00
-1.2598e+00 -7.1054e-15 0.0000e+00 0.0000e+00
# New trial
-3.6082e+00 -4.7007e-03 0.0000e+00 0.0000e+00
-2.9876e+00 -5.6628e-06 0.0000e+00 0.0000e+00
-1.6292e+00 -1.3429e-12 0.0000e+00 0.0000e+00
-2.7942e-01 0.0000e+00 0.0000e+00 0.0000e+00
# New trial
-3.9407e+00 -1.0161e-01 0.0000e+00 0.0000e+00
-3.5270e+00 -1.5408e-03 0.0000e+00 0.0000e+00
-2.5472e+00 -5.1089e-08 0.0000e+00 0.0000e+00
-1.1419e+00 0.0000e+00 0.0000e+00 0.0000e+00
# New trial
