# 1.0sig - Array shape (trial/sig/alpha): (30L, 4L, 4L)
-2.6067e+00 -1.2172e-07 0.0000e+00 0.0000e+00
-2.0402e+00 -1.8107e-10 0.0000e+00 0.0000e+00
-8.5639e-01 0.0000e+00 0.0000e+00 0.0000e+00
-2.4288e-01 0.0000e+00 0.0000e+00 0.0000e+00
# New trial
-2.4215e+00 -1.3688e-08 0.0000e+00 0.0000e+00
-1.8218e+00 -1.4005e-11 0.0000e+00 0.0000e+00
-5.4367e-01 0.0000e+00 0.0000e+00 0.0000e+00
-5.0609e-02 0.0000e+00 0.0000e+00 0.0000e+00
# New trial
-3.0912e+00 -1.6949e-05 0.0000e+00 0.0000e+00
-2.8140e+00 -8.9748e-07 0.0000e+00 0.0000e+00
-2.5909e+00 -8.1953e-08 0.0000e+00 0.0000e+00
-2.7136e+00 -3.0694e-07 0.0000e+00 0.0000e+00
# New trial
-2.5136e+00 -4.1477e-08 0.0000e+00 0.0000e+00
-1.8448e+00 -1.8598e-11 0.0000e+00 0.0000e+00
-6.9909e-01 0.0000e+00 0.0000e+00 0.0000e+00
-2.8704e-01 0.0000e+00 0.0000e+00 0.0000e+00
# New trial
-3.1780e+00 -4.1554e-05 0.0000e+00 0.0000e+00
-3.0196e+00 -7.8807e-06 0.0000e+00 0.0000e+00
-2.7189e+00 -3.2490e-07 0.0000e+00 0.0000e+00
-2.3208e+00 -4.2697e-09 0.0000e+00 0.0000e+00
# New trial
-3.2099e+00 -5.8175e-05 0.0000e+00 0.0000e+00
-3.0755e+00 -1.4177e-05 0.0000e+00 0.0000e+00
-2.8867e+00 -1.9387e-06 0.0000e+00 0.0000e+00
-2.6749e+00 -2.0262e-07 0.0000e+00 0.0000e+00
# New trial
-3.2465e+00 -8.7250e-05 0.0000e+00 0.0000e+00
-3.0595e+00 -1.1989e-05 0.0000e+00 0.0000e+00
-2.6327e+00 -1.2877e-07 0.0000e+00 0.0000e+00
-2.2099e+00 -1.2383e-09 0.0000e+00 0.0000e+00
# New trial
-2.7148e+00 -3.2742e-07 0.0000e+00 0.0000e+00
-2.0251e+00 -1.5191e-10 0.0000e+00 0.0000e+00
-5.8318e-01 0.0000e+00 0.0000e+00 0.0000e+00
-3.9175e-02 0.0000e+00 0.0000e+00 0.0000e+00
# New trial
-2.4979e+00 -3.9546e-08 0.0000e+00 0.0000e+00
-1.6696e+00 -2.2595e-12 0.0000e+00 0.0000e+00
-5.0713e-01 0.0000e+00 0.0000e+00 0.0000e+00
-2.2781e-01 0.0000e+00 0.0000e+00 0.0000e+00
# New trial
-3.1540e+00 -3.2573e-05 0.0000e+00 0.0000e+00
-2.8102e+00 -8.6163e-07 0.0000e+00 0.0000e+00
-2.1092e+00 -3.9648e-10 0.0000e+00 0.0000e+00
-1.6204e+00 -1.2008e-12 0.0000e+00 0.0000e+00
# New trial
-3.3330e+00 -2.1091e-04 0.0000e+00 0.0000e+00
-3.0941e+00 -1.7266e-05 0.0000e+00 0.0000e+00
-2.8152e+00 -9.0790e-07 0.0000e+00 0.0000e+00
-3.0410e+00 -9.8694e-06 0.0000e+00 0.0000e+00
# New trial
-1.6011e+00 -1.1127e-11 0.0000e+00 0.0000e+00
-5.0958e-01 0.0000e+00 0.0000e+00 0.0000e+00
-2.1175e-02 0.0000e+00 0.0000e+00 0.0000e+00
-9.5918e-03 0.0000e+00 0.0000e+00 0.0000e+00
# New trial
-2.9957e+00 -6.2959e-06 0.0000e+00 0.0000e+00
-2.7755e+00 -5.9515e-07 0.0000e+00 0.0000e+00
-2.2930e+00 -3.1337e-09 0.0000e+00 0.0000e+00
-1.6976e+00 -3.1193e-12 0.0000e+00 0.0000e+00
# New trial
-2.7362e+00 -4.0239e-07 0.0000e+00 0.0000e+00
-2.1788e+00 -8.7357e-10 0.0000e+00 0.0000e+00
-8.7092e-01 0.0000e+00 0.0000e+00 0.0000e+00
-1.0432e-01 0.0000e+00 0.0000e+00 0.0000e+00
# New trial
-3.3908e+00 -3.7919e-04 0.0000e+00 0.0000e+00
-2.9145e+00 -2.6016e-06 0.0000e+00 0.0000e+00
-1.7173e+00 -3.9684e-12 0.0000e+00 0.0000e+00
-4.1244e-01 0.0000e+00 0.0000e+00 0.0000e+00
# New trial
-3.0139e+00 -7.9399e-06 0.0000e+00 0.0000e+00
-2.4260e+00 -1.3670e-08 0.0000e+00 0.0000e+00
-1.1019e+00 0.0000e+00 0.0000e+00 0.0000e+00
-3.7737e-01 0.0000e+00 0.0000e+00 0.0000e+00
# New trial
-1.6848e+00 -1.7437e-11 0.0000e+00 0.0000e+00
-6.4078e-01 0.0000e+00 0.0000e+00 0.0000e+00
-2.2380e-02 0.0000e+00 0.0000e+00 0.0000e+00
-1.6846e-02 0.0000e+00 0.0000e+00 0.0000e+00
# New trial
-2.1142e+00 -7.0960e-10 0.0000e+00 0.0000e+00
-1.3685e+00 -4.9738e-14 0.0000e+00 0.0000e+00
-3.1845e-01 0.0000e+00 0.0000e+00 0.0000e+00
-1.2690e-01 0.0000e+00 0.0000e+00 0.0000e+00
# New trial
-2.3673e+00 -8.4119e-09 0.0000e+00 0.0000e+00
-1.7536e+00 -6.1959e-12 0.0000e+00 0.0000e+00
-5.4539e-01 0.0000e+00 0.0000e+00 0.0000e+00
-7.1700e-02 0.0000e+00 0.0000e+00 0.0000e+00
# New trial
-2.4748e+00 -2.4477e-08 0.0000e+00 0.0000e+00
-1.5331e+00 -4.0501e-13 0.0000e+00 0.0000e+00
-1.7618e-01 0.0000e+00 0.0000e+00 0.0000e+00
-3.1846e-03 0.0000e+00 0.0000e+00 0.0000e+00
# New trial
-2.0186e+00 -2.7748e-10 0.0000e+00 0.0000e+00
-1.1438e+00 0.0000e+00 0.0000e+00 0.0000e+00
-2.1443e-01 0.0000e+00 0.0000e+00 0.0000e+00
-1.2050e-01 0.0000e+00 0.0000e+00 0.0000e+00
# New trial
-2.8793e+00 -1.8430e-06 0.0000e+00 0.0000e+00
-2.3851e+00 -8.7053e-09 0.0000e+00 0.0000e+00
-1.7042e+00 -3.3822e-12 0.0000e+00 0.0000e+00
-1.5095e+00 -2.9843e-13 0.0000e+00 0.0000e+00
# New trial
-3.0564e+00 -1.2235e-05 0.0000e+00 0.0000e+00
-3.0851e+00 -1.5687e-05 0.0000e+00 0.0000e+00
-3.2924e+00 -1.3626e-04 0.0000e+00 0.0000e+00
-3.4687e+00 -8.4446e-04 0.0000e+00 0.0000e+00
# New trial
-2.8657e+00 -1.5577e-06 0.0000e+00 0.0000e+00
-2.2220e+00 -1.4182e-09 0.0000e+00 0.0000e+00
-7.6651e-01 0.0000e+00 0.0000e+00 0.0000e+00
-3.4175e-02 0.0000e+00 0.0000e+00 0.0000e+00
# New trial
-2.5177e+00 -5.7365e-08 0.0000e+00 0.0000e+00
-1.4370e+00 -1.2079e-13 0.0000e+00 0.0000e+00
-1.5950e-01 0.0000e+00 0.0000e+00 0.0000e+00
-2.8689e-02 0.0000e+00 0.0000e+00 0.0000e+00
# New trial
-1.8884e+00 -4.4682e-11 0.0000e+00 0.0000e+00
-8.5621e-01 0.0000e+00 0.0000e+00 0.0000e+00
-4.6391e-02 0.0000e+00 0.0000e+00 0.0000e+00
-9.3373e-03 0.0000e+00 0.0000e+00 0.0000e+00
# New trial
-2.8791e+00 -1.8498e-06 0.0000e+00 0.0000e+00
-3.1171e+00 -2.1913e-05 0.0000e+00 0.0000e+00
-3.6052e+00 -3.4414e-03 0.0000e+00 0.0000e+00
-3.9848e+00 -1.5493e-01 0.0000e+00 0.0000e+00
# New trial
-2.5531e+00 -6.5426e-08 0.0000e+00 0.0000e+00
-1.7314e+00 -4.7535e-12 0.0000e+00 0.0000e+00
-3.0144e-01 0.0000e+00 0.0000e+00 0.0000e+00
-1.6489e-02 0.0000e+00 0.0000e+00 0.0000e+00
# New trial
-3.0018e+00 -6.7398e-06 0.0000e+00 0.0000e+00
-3.1280e+00 -2.4553e-05 0.0000e+00 0.0000e+00
-3.4909e+00 -1.0616e-03 0.0000e+00 0.0000e+00
-3.7288e+00 -1.2187e-02 0.0000e+00 0.0000e+00
# New trial
-2.6323e+00 -1.3410e-07 0.0000e+00 0.0000e+00
-2.1473e+00 -6.1175e-10 0.0000e+00 0.0000e+00
-1.0128e+00 0.0000e+00 0.0000e+00 0.0000e+00
-2.2262e-01 0.0000e+00 0.0000e+00 0.0000e+00
# New trial
