# 1.0sig - Array shape (trial/sig/alpha): (30L, 4L, 4L)
-3.2328e+00 -7.3542e-05 0.0000e+00 0.0000e+00
-3.0045e+00 -6.7242e-06 0.0000e+00 0.0000e+00
-2.3500e+00 -5.8944e-09 0.0000e+00 0.0000e+00
-1.0798e+00 0.0000e+00 0.0000e+00 0.0000e+00
# New trial
-3.0703e+00 -1.3429e-05 0.0000e+00 0.0000e+00
-2.6306e+00 -1.2589e-07 0.0000e+00 0.0000e+00
-1.2211e+00 -7.1054e-15 0.0000e+00 0.0000e+00
-4.2666e-02 0.0000e+00 0.0000e+00 0.0000e+00
# New trial
-3.2975e+00 -1.4367e-04 0.0000e+00 0.0000e+00
-2.8980e+00 -2.1862e-06 0.0000e+00 0.0000e+00
-1.8277e+00 -1.5010e-11 0.0000e+00 0.0000e+00
-3.6870e-01 0.0000e+00 0.0000e+00 0.0000e+00
# New trial
-3.1962e+00 -5.0152e-05 0.0000e+00 0.0000e+00
-2.6567e+00 -1.6666e-07 0.0000e+00 0.0000e+00
-1.2959e+00 -1.4211e-14 0.0000e+00 0.0000e+00
-1.4358e-01 0.0000e+00 0.0000e+00 0.0000e+00
# New trial
-3.4335e+00 -5.8736e-04 0.0000e+00 0.0000e+00
-3.1711e+00 -3.8528e-05 0.0000e+00 0.0000e+00
-2.2054e+00 -1.1775e-09 0.0000e+00 0.0000e+00
-4.3655e-01 0.0000e+00 0.0000e+00 0.0000e+00
# New trial
-3.4291e+00 -5.6144e-04 0.0000e+00 0.0000e+00
-3.2153e+00 -6.1083e-05 0.0000e+00 0.0000e+00
-2.3983e+00 -1.0044e-08 0.0000e+00 0.0000e+00
-6.4786e-01 0.0000e+00 0.0000e+00 0.0000e+00
# New trial
-3.6513e+00 -5.5206e-03 0.0000e+00 0.0000e+00
-3.4079e+00 -4.5076e-04 0.0000e+00 0.0000e+00
-2.5906e+00 -8.1742e-08 0.0000e+00 0.0000e+00
-9.2868e-01 0.0000e+00 0.0000e+00 0.0000e+00
# New trial
-3.2968e+00 -1.4262e-04 0.0000e+00 0.0000e+00
-2.7926e+00 -7.1343e-07 0.0000e+00 0.0000e+00
-1.3038e+00 -2.1316e-14 0.0000e+00 0.0000e+00
-5.2393e-02 0.0000e+00 0.0000e+00 0.0000e+00
# New trial
-2.9508e+00 -3.8281e-06 0.0000e+00 0.0000e+00
-2.2759e+00 -2.5910e-09 0.0000e+00 0.0000e+00
-7.8550e-01 0.0000e+00 0.0000e+00 0.0000e+00
-3.1133e-02 0.0000e+00 0.0000e+00 0.0000e+00
# New trial
-3.6844e+00 -7.7481e-03 0.0000e+00 0.0000e+00
-3.3949e+00 -3.9400e-04 0.0000e+00 0.0000e+00
-2.5582e+00 -5.7532e-08 0.0000e+00 0.0000e+00
-1.2102e+00 -7.1054e-15 0.0000e+00 0.0000e+00
# New trial
-3.6871e+00 -7.9593e-03 0.0000e+00 0.0000e+00
-3.3298e+00 -2.0087e-04 0.0000e+00 0.0000e+00
-2.3439e+00 -5.5101e-09 0.0000e+00 0.0000e+00
-7.8694e-01 0.0000e+00 0.0000e+00 0.0000e+00
# New trial
-2.3552e+00 -6.5776e-09 0.0000e+00 0.0000e+00
-1.5411e+00 -4.4764e-13 0.0000e+00 0.0000e+00
-3.0444e-01 0.0000e+00 0.0000e+00 0.0000e+00
-1.3332e-02 0.0000e+00 0.0000e+00 0.0000e+00
# New trial
-3.4825e+00 -9.7418e-04 0.0000e+00 0.0000e+00
-3.2643e+00 -1.0168e-04 0.0000e+00 0.0000e+00
-2.5572e+00 -5.6940e-08 0.0000e+00 0.0000e+00
-1.1176e+00 0.0000e+00 0.0000e+00 0.0000e+00
# New trial
-3.2437e+00 -8.2116e-05 0.0000e+00 0.0000e+00
-2.8365e+00 -1.1381e-06 0.0000e+00 0.0000e+00
-1.4954e+00 -2.4869e-13 0.0000e+00 0.0000e+00
-7.7255e-02 0.0000e+00 0.0000e+00 0.0000e+00
# New trial
-3.9078e+00 -7.3670e-02 0.0000e+00 0.0000e+00
-3.6447e+00 -5.1601e-03 0.0000e+00 0.0000e+00
-2.9964e+00 -6.1712e-06 0.0000e+00 0.0000e+00
-1.9209e+00 -4.5119e-11 0.0000e+00 0.0000e+00
# New trial
-3.5583e+00 -2.1268e-03 0.0000e+00 0.0000e+00
-3.1642e+00 -3.5848e-05 0.0000e+00 0.0000e+00
-1.9777e+00 -8.7564e-11 0.0000e+00 0.0000e+00
-4.0075e-01 0.0000e+00 0.0000e+00 0.0000e+00
# New trial
-2.3220e+00 -4.4405e-09 0.0000e+00 0.0000e+00
-1.6627e+00 -2.0393e-12 0.0000e+00 0.0000e+00
-4.7559e-01 0.0000e+00 0.0000e+00 0.0000e+00
-3.2290e-02 0.0000e+00 0.0000e+00 0.0000e+00
# New trial
-2.8285e+00 -1.0553e-06 0.0000e+00 0.0000e+00
-2.1900e+00 -9.9010e-10 0.0000e+00 0.0000e+00
-7.3206e-01 0.0000e+00 0.0000e+00 0.0000e+00
-3.1406e-02 0.0000e+00 0.0000e+00 0.0000e+00
# New trial
-3.0209e+00 -8.0012e-06 0.0000e+00 0.0000e+00
-2.5672e+00 -6.3434e-08 0.0000e+00 0.0000e+00
-1.1953e+00 -7.1054e-15 0.0000e+00 0.0000e+00
-4.9377e-02 0.0000e+00 0.0000e+00 0.0000e+00
# New trial
-3.0689e+00 -1.3227e-05 0.0000e+00 0.0000e+00
-2.4829e+00 -2.5365e-08 0.0000e+00 0.0000e+00
-1.1826e+00 0.0000e+00 0.0000e+00 0.0000e+00
-8.3652e-02 0.0000e+00 0.0000e+00 0.0000e+00
# New trial
-3.1421e+00 -2.8556e-05 0.0000e+00 0.0000e+00
-2.5947e+00 -8.5410e-08 0.0000e+00 0.0000e+00
-1.4179e+00 -9.2371e-14 0.0000e+00 0.0000e+00
-3.5820e-01 0.0000e+00 0.0000e+00 0.0000e+00
# New trial
-3.3485e+00 -2.4369e-04 0.0000e+00 0.0000e+00
-2.9759e+00 -4.9776e-06 0.0000e+00 0.0000e+00
-1.8964e+00 -3.3850e-11 0.0000e+00 0.0000e+00
-4.1404e-01 0.0000e+00 0.0000e+00 0.0000e+00
# New trial
-3.4909e+00 -1.0621e-03 0.0000e+00 0.0000e+00
-3.3580e+00 -2.6891e-04 0.0000e+00 0.0000e+00
-2.8389e+00 -1.1678e-06 0.0000e+00 0.0000e+00
-1.6154e+00 -1.1298e-12 0.0000e+00 0.0000e+00
# New trial
-3.5517e+00 -1.9873e-03 0.0000e+00 0.0000e+00
-3.1301e+00 -2.5106e-05 0.0000e+00 0.0000e+00
-2.0690e+00 -2.5058e-10 0.0000e+00 0.0000e+00
-5.0848e-01 0.0000e+00 0.0000e+00 0.0000e+00
# New trial
-3.3854e+00 -3.5737e-04 0.0000e+00 0.0000e+00
-3.1142e+00 -2.1251e-05 0.0000e+00 0.0000e+00
-2.7830e+00 -6.4459e-07 0.0000e+00 0.0000e+00
-2.4374e+00 -1.5435e-08 0.0000e+00 0.0000e+00
# New trial
-2.9201e+00 -2.7662e-06 0.0000e+00 0.0000e+00
-2.2043e+00 -1.1630e-09 0.0000e+00 0.0000e+00
-7.4543e-01 0.0000e+00 0.0000e+00 0.0000e+00
-7.5613e-02 0.0000e+00 0.0000e+00 0.0000e+00
# New trial
-3.4830e+00 -9.7943e-04 0.0000e+00 0.0000e+00
-3.2453e+00 -8.3476e-05 0.0000e+00 0.0000e+00
-2.3026e+00 -3.4880e-09 0.0000e+00 0.0000e+00
-5.0585e-01 0.0000e+00 0.0000e+00 0.0000e+00
# New trial
-3.2652e+00 -1.0284e-04 0.0000e+00 0.0000e+00
-2.7020e+00 -2.7111e-07 0.0000e+00 0.0000e+00
-1.1477e+00 0.0000e+00 0.0000e+00 0.0000e+00
-4.4760e-02 0.0000e+00 0.0000e+00 0.0000e+00
# New trial
-3.4007e+00 -4.1848e-04 0.0000e+00 0.0000e+00
-3.2238e+00 -6.6767e-05 0.0000e+00 0.0000e+00
-2.4797e+00 -2.4507e-08 0.0000e+00 0.0000e+00
-8.1364e-01 0.0000e+00 0.0000e+00 0.0000e+00
# New trial
-3.0934e+00 -1.7098e-05 0.0000e+00 0.0000e+00
-2.7297e+00 -3.6485e-07 0.0000e+00 0.0000e+00
-1.4699e+00 -1.7764e-13 0.0000e+00 0.0000e+00
-7.7686e-02 0.0000e+00 0.0000e+00 0.0000e+00
# New trial
