# 1.0sig - Array shape (trial/sig/alpha): (30L, 4L, 4L)
-4.6146e+00 -4.6104e+00 -4.5689e+00 -4.4801e+00
-4.6151e+00 -4.6150e+00 -4.6138e+00 -4.6017e+00
-4.6151e+00 -4.6151e+00 -4.6151e+00 -4.6149e+00
-4.6151e+00 -4.6151e+00 -4.6151e+00 -4.6151e+00
# New trial
-4.6150e+00 -4.6141e+00 -4.6053e+00 -4.5375e+00
-4.6151e+00 -4.6150e+00 -4.6140e+00 -4.6043e+00
-4.6151e+00 -4.6151e+00 -4.6150e+00 -4.6141e+00
-4.6151e+00 -4.6151e+00 -4.6151e+00 -4.6151e+00
# New trial
-4.6151e+00 -4.6150e+00 -4.6138e+00 -4.6196e+00
-4.6151e+00 -4.6150e+00 -4.6136e+00 -4.5997e+00
-4.6151e+00 -4.6151e+00 -4.6147e+00 -4.6108e+00
-4.6151e+00 -4.6151e+00 -4.6151e+00 -4.6151e+00
# New trial
-3.7939e+00 -2.3589e-02 0.0000e+00 0.0000e+00
-3.4488e+00 -6.8764e-04 0.0000e+00 0.0000e+00
-2.5794e+00 -7.2390e-08 0.0000e+00 0.0000e+00
-1.2603e+00 -7.1054e-15 0.0000e+00 0.0000e+00
# New trial
-4.6151e+00 -4.6147e+00 -4.6107e+00 -4.5793e+00
-4.6151e+00 -4.6150e+00 -4.6142e+00 -4.6059e+00
-4.6151e+00 -4.6151e+00 -4.6151e+00 -4.6145e+00
-4.6151e+00 -4.6151e+00 -4.6151e+00 -4.6151e+00
# New trial
-3.5317e+00 -1.6161e-03 0.0000e+00 0.0000e+00
-3.2373e+00 -7.6783e-05 0.0000e+00 0.0000e+00
-2.2130e+00 -1.2816e-09 0.0000e+00 0.0000e+00
-4.4612e-01 0.0000e+00 0.0000e+00 0.0000e+00
# New trial
-3.9237e+00 -8.6086e-02 0.0000e+00 0.0000e+00
-3.8070e+00 -2.6939e-02 0.0000e+00 0.0000e+00
-3.5656e+00 -2.2909e-03 0.0000e+00 0.0000e+00
-3.2058e+00 -5.5298e-05 0.0000e+00 0.0000e+00
# New trial
-3.8801e+00 -5.6018e-02 0.0000e+00 0.0000e+00
-3.5364e+00 -1.6977e-03 0.0000e+00 0.0000e+00
-2.4569e+00 -1.9111e-08 0.0000e+00 0.0000e+00
-6.5479e-01 0.0000e+00 0.0000e+00 0.0000e+00
# New trial
-3.6135e+00 -3.7483e-03 0.0000e+00 0.0000e+00
-3.1403e+00 -2.7920e-05 0.0000e+00 0.0000e+00
-1.9512e+00 -6.4336e-11 0.0000e+00 0.0000e+00
-3.9974e-01 0.0000e+00 0.0000e+00 0.0000e+00
# New trial
-3.8832e+00 -5.7739e-02 0.0000e+00 0.0000e+00
-3.6634e+00 -6.2456e-03 0.0000e+00 0.0000e+00
-3.1413e+00 -2.8226e-05 0.0000e+00 0.0000e+00
-2.4253e+00 -1.3512e-08 0.0000e+00 0.0000e+00
# New trial
-3.6032e+00 -3.3702e-03 0.0000e+00 0.0000e+00
-3.1935e+00 -4.8693e-05 0.0000e+00 0.0000e+00
-2.1487e+00 -6.2110e-10 0.0000e+00 0.0000e+00
-6.7553e-01 0.0000e+00 0.0000e+00 0.0000e+00
# New trial
-3.1599e+00 -3.4321e-05 0.0000e+00 0.0000e+00
-2.4941e+00 -2.8682e-08 0.0000e+00 0.0000e+00
-1.0958e+00 0.0000e+00 0.0000e+00 0.0000e+00
-9.3420e-02 0.0000e+00 0.0000e+00 0.0000e+00
# New trial
nan nan nan nan
nan nan nan nan
nan nan nan nan
nan nan nan nan
# New trial
-4.6150e+00 -4.6143e+00 -4.6073e+00 -4.5414e+00
-4.6151e+00 -4.6150e+00 -4.6144e+00 -4.6077e+00
-4.6151e+00 -4.6151e+00 -4.6150e+00 -4.6144e+00
-4.6151e+00 -4.6151e+00 -4.6151e+00 -4.6151e+00
# New trial
-3.7786e+00 -2.0203e-02 0.0000e+00 0.0000e+00
-3.4898e+00 -1.0503e-03 0.0000e+00 0.0000e+00
-2.7682e+00 -5.5024e-07 0.0000e+00 0.0000e+00
-1.7444e+00 -5.5174e-12 0.0000e+00 0.0000e+00
# New trial
-4.0935e+00 -4.0995e-01 0.0000e+00 0.0000e+00
-3.9243e+00 -8.6541e-02 0.0000e+00 0.0000e+00
-3.6062e+00 -3.4767e-03 0.0000e+00 0.0000e+00
-3.0858e+00 -1.5788e-05 0.0000e+00 0.0000e+00
# New trial
-3.5829e+00 -2.7382e-03 0.0000e+00 0.0000e+00
-3.1358e+00 -2.6649e-05 0.0000e+00 0.0000e+00
-2.3769e+00 -7.9373e-09 0.0000e+00 0.0000e+00
-1.3775e+00 -4.9738e-14 0.0000e+00 0.0000e+00
# New trial
-3.5649e+00 -2.2762e-03 0.0000e+00 0.0000e+00
-3.4518e+00 -7.0971e-04 0.0000e+00 0.0000e+00
-3.1713e+00 -3.8592e-05 0.0000e+00 0.0000e+00
-2.7007e+00 -2.6746e-07 0.0000e+00 0.0000e+00
# New trial
-3.7220e+00 -1.1366e-02 0.0000e+00 0.0000e+00
-3.5283e+00 -1.5613e-03 0.0000e+00 0.0000e+00
-3.0483e+00 -1.0649e-05 0.0000e+00 0.0000e+00
-2.2173e+00 -1.3460e-09 0.0000e+00 0.0000e+00
# New trial
-4.6151e+00 -4.6148e+00 -4.6119e+00 -4.5899e+00
-4.6151e+00 -4.6150e+00 -4.6137e+00 -4.6006e+00
-4.6151e+00 -4.6151e+00 -4.6150e+00 -4.6138e+00
-4.6151e+00 -4.6151e+00 -4.6151e+00 -4.6151e+00
# New trial
-3.3492e+00 -2.4566e-04 0.0000e+00 0.0000e+00
-2.9415e+00 -3.4602e-06 0.0000e+00 0.0000e+00
-1.9044e+00 -3.7186e-11 0.0000e+00 0.0000e+00
-4.1801e-01 0.0000e+00 0.0000e+00 0.0000e+00
# New trial
-4.6151e+00 -4.6148e+00 -4.6117e+00 -4.5842e+00
-4.6151e+00 -4.6150e+00 -4.6141e+00 -4.6045e+00
-4.6151e+00 -4.6151e+00 -4.6150e+00 -4.6139e+00
-4.6151e+00 -4.6151e+00 -4.6151e+00 -4.6151e+00
# New trial
-3.6725e+00 -6.8553e-03 0.0000e+00 0.0000e+00
-3.5441e+00 -1.8367e-03 0.0000e+00 0.0000e+00
-3.1836e+00 -4.3910e-05 0.0000e+00 0.0000e+00
-2.6233e+00 -1.1627e-07 0.0000e+00 0.0000e+00
# New trial
-3.3969e+00 -4.0243e-04 0.0000e+00 0.0000e+00
-2.9237e+00 -2.8683e-06 0.0000e+00 0.0000e+00
-1.6776e+00 -2.4407e-12 0.0000e+00 0.0000e+00
-3.4832e-01 0.0000e+00 0.0000e+00 0.0000e+00
# New trial
-3.6350e+00 -4.6702e-03 0.0000e+00 0.0000e+00
-3.2457e+00 -8.3821e-05 0.0000e+00 0.0000e+00
-2.2451e+00 -1.8370e-09 0.0000e+00 0.0000e+00
-6.2293e-01 0.0000e+00 0.0000e+00 0.0000e+00
# New trial
-3.5793e+00 -2.6374e-03 0.0000e+00 0.0000e+00
-3.1060e+00 -1.9514e-05 0.0000e+00 0.0000e+00
-2.1647e+00 -7.4407e-10 0.0000e+00 0.0000e+00
-8.7106e-01 0.0000e+00 0.0000e+00 0.0000e+00
# New trial
-4.6151e+00 -4.6154e+00 -4.6188e+00 -4.8041e+00
-4.6151e+00 -4.6150e+00 -4.6140e+00 -4.6038e+00
-4.6151e+00 -4.6151e+00 -4.6150e+00 -4.6144e+00
-4.6151e+00 -4.6151e+00 -4.6151e+00 -4.6151e+00
# New trial
-3.9430e+00 -1.0384e-01 0.0000e+00 0.0000e+00
-3.8195e+00 -3.0536e-02 0.0000e+00 0.0000e+00
-3.7002e+00 -9.1041e-03 0.0000e+00 0.0000e+00
-3.5167e+00 -1.3854e-03 0.0000e+00 0.0000e+00
# New trial
-3.5785e+00 -2.6152e-03 0.0000e+00 0.0000e+00
-3.3961e+00 -3.9905e-04 0.0000e+00 0.0000e+00
-2.8042e+00 -8.0796e-07 0.0000e+00 0.0000e+00
-1.5570e+00 -5.4001e-13 0.0000e+00 0.0000e+00
# New trial
-3.4731e+00 -8.8434e-04 0.0000e+00 0.0000e+00
-3.1657e+00 -3.6400e-05 0.0000e+00 0.0000e+00
-2.2614e+00 -2.2046e-09 0.0000e+00 0.0000e+00
-6.6340e-01 0.0000e+00 0.0000e+00 0.0000e+00
# New trial
