# 10.0sig - Array shape (trial/sig/alpha): (30L, 4L, 4L)
-3.8138e+00 -3.0562e-02 0.0000e+00 0.0000e+00
-3.2679e+00 -1.0619e-04 0.0000e+00 0.0000e+00
-2.1095e+00 -3.9782e-10 0.0000e+00 0.0000e+00
-7.7224e-01 0.0000e+00 0.0000e+00 0.0000e+00
# New trial
-4.0268e+00 -2.3071e-01 0.0000e+00 0.0000e+00
-3.7384e+00 -1.3432e-02 0.0000e+00 0.0000e+00
-3.0034e+00 -6.6457e-06 0.0000e+00 0.0000e+00
-1.6584e+00 -1.9256e-12 0.0000e+00 0.0000e+00
# New trial
-3.9759e+00 -1.4283e-01 0.0000e+00 0.0000e+00
-3.7357e+00 -1.3067e-02 0.0000e+00 0.0000e+00
-3.1517e+00 -3.1459e-05 0.0000e+00 0.0000e+00
-2.2134e+00 -1.2871e-09 0.0000e+00 0.0000e+00
# New trial
-4.1196e+00 -5.1389e-01 0.0000e+00 0.0000e+00
-3.8668e+00 -4.9069e-02 0.0000e+00 0.0000e+00
-3.3259e+00 -1.9279e-04 0.0000e+00 0.0000e+00
-2.5780e+00 -7.1353e-08 0.0000e+00 0.0000e+00
# New trial
-3.8551e+00 -4.5418e-02 0.0000e+00 0.0000e+00
-3.4497e+00 -6.9521e-04 0.0000e+00 0.0000e+00
-2.3856e+00 -8.7338e-09 0.0000e+00 0.0000e+00
-6.9550e-01 0.0000e+00 0.0000e+00 0.0000e+00
# New trial
-3.7935e+00 -2.4277e-02 0.0000e+00 0.0000e+00
-3.3992e+00 -4.1267e-04 0.0000e+00 0.0000e+00
-2.4374e+00 -1.5429e-08 0.0000e+00 0.0000e+00
-9.9502e-01 0.0000e+00 0.0000e+00 0.0000e+00
# New trial
-3.8710e+00 -5.2251e-02 0.0000e+00 0.0000e+00
-3.4122e+00 -4.7208e-04 0.0000e+00 0.0000e+00
-2.3546e+00 -6.2068e-09 0.0000e+00 0.0000e+00
-8.3403e-01 0.0000e+00 0.0000e+00 0.0000e+00
# New trial
-3.3883e+00 -8.5561e-04 0.0000e+00 0.0000e+00
-2.6557e+00 -1.7214e-07 0.0000e+00 0.0000e+00
-1.0924e+00 0.0000e+00 0.0000e+00 0.0000e+00
-7.2162e-02 0.0000e+00 0.0000e+00 0.0000e+00
# New trial
-4.6066e+00 -4.5309e+00 -3.8787e+00 -8.9132e+00
-4.6137e+00 -4.6007e+00 -4.4737e+00 -3.6148e+00
-4.6151e+00 -4.6150e+00 -4.6137e+00 -4.6012e+00
-4.6151e+00 -4.6151e+00 -4.6151e+00 -4.6151e+00
# New trial
-3.7810e+00 -2.1169e-02 0.0000e+00 0.0000e+00
-3.3937e+00 -3.8922e-04 0.0000e+00 0.0000e+00
-2.4178e+00 -1.2439e-08 0.0000e+00 0.0000e+00
-9.4541e-01 0.0000e+00 0.0000e+00 0.0000e+00
# New trial
-3.5425e+00 -5.2774e-03 0.0000e+00 0.0000e+00
-3.0136e+00 -7.4793e-06 0.0000e+00 0.0000e+00
-1.7370e+00 -5.0449e-12 0.0000e+00 0.0000e+00
-2.9541e-01 0.0000e+00 0.0000e+00 0.0000e+00
# New trial
-3.8803e+00 -5.6587e-02 0.0000e+00 0.0000e+00
-3.5049e+00 -1.2274e-03 0.0000e+00 0.0000e+00
-2.5703e+00 -6.5641e-08 0.0000e+00 0.0000e+00
-1.0387e+00 0.0000e+00 0.0000e+00 0.0000e+00
# New trial
-3.9416e+00 -1.0278e-01 0.0000e+00 0.0000e+00
-3.4948e+00 -1.1056e-03 0.0000e+00 0.0000e+00
-2.4421e+00 -1.6237e-08 0.0000e+00 0.0000e+00
-8.3370e-01 0.0000e+00 0.0000e+00 0.0000e+00
# New trial
-3.6551e+00 -5.9802e-03 0.0000e+00 0.0000e+00
-3.0838e+00 -1.5509e-05 0.0000e+00 0.0000e+00
-1.6600e+00 -1.9647e-12 0.0000e+00 0.0000e+00
-1.6845e-01 0.0000e+00 0.0000e+00 0.0000e+00
# New trial
-3.5806e+00 -2.9001e-03 0.0000e+00 0.0000e+00
-3.3613e+00 -2.7885e-04 0.0000e+00 0.0000e+00
-2.9593e+00 -4.1767e-06 0.0000e+00 0.0000e+00
-2.6099e+00 -1.0071e-07 0.0000e+00 0.0000e+00
# New trial
-3.7755e+00 -2.2167e-02 0.0000e+00 0.0000e+00
-3.3536e+00 -2.5777e-04 0.0000e+00 0.0000e+00
-2.4705e+00 -2.2171e-08 0.0000e+00 0.0000e+00
-1.2511e+00 -7.1054e-15 0.0000e+00 0.0000e+00
# New trial
-3.7370e+00 -2.1552e-02 0.0000e+00 0.0000e+00
-3.1802e+00 -4.3648e-05 0.0000e+00 0.0000e+00
-1.8705e+00 -2.4944e-11 0.0000e+00 0.0000e+00
-3.6822e-01 0.0000e+00 0.0000e+00 0.0000e+00
# New trial
-3.6016e+00 -4.2812e-03 0.0000e+00 0.0000e+00
-3.0346e+00 -9.3169e-06 0.0000e+00 0.0000e+00
-1.7816e+00 -8.6402e-12 0.0000e+00 0.0000e+00
-4.2409e-01 0.0000e+00 0.0000e+00 0.0000e+00
# New trial
-3.8455e+00 -4.4483e-02 0.0000e+00 0.0000e+00
-3.4358e+00 -6.0338e-04 0.0000e+00 0.0000e+00
-2.4974e+00 -2.9719e-08 0.0000e+00 0.0000e+00
-1.1197e+00 0.0000e+00 0.0000e+00 0.0000e+00
# New trial
-3.7240e+00 -1.1922e-02 0.0000e+00 0.0000e+00
-3.2150e+00 -6.0981e-05 0.0000e+00 0.0000e+00
-1.9620e+00 -7.2969e-11 0.0000e+00 0.0000e+00
-3.7393e-01 0.0000e+00 0.0000e+00 0.0000e+00
# New trial
-3.9026e+00 -9.3992e-02 0.0000e+00 0.0000e+00
-3.4455e+00 -6.7138e-04 0.0000e+00 0.0000e+00
-2.4213e+00 -1.2926e-08 0.0000e+00 0.0000e+00
-1.0365e+00 0.0000e+00 0.0000e+00 0.0000e+00
# New trial
-3.6117e+00 -3.9076e-03 0.0000e+00 0.0000e+00
-3.1122e+00 -2.0886e-05 0.0000e+00 0.0000e+00
-1.8570e+00 -2.1263e-11 0.0000e+00 0.0000e+00
-3.0876e-01 0.0000e+00 0.0000e+00 0.0000e+00
# New trial
-3.7708e+00 -1.9329e-02 0.0000e+00 0.0000e+00
-3.3646e+00 -2.8866e-04 0.0000e+00 0.0000e+00
-2.3768e+00 -7.9257e-09 0.0000e+00 0.0000e+00
-9.1909e-01 0.0000e+00 0.0000e+00 0.0000e+00
# New trial
-4.0338e+00 -2.4665e-01 0.0000e+00 0.0000e+00
-3.7489e+00 -1.4956e-02 0.0000e+00 0.0000e+00
-3.1265e+00 -2.4174e-05 0.0000e+00 0.0000e+00
-2.2103e+00 -1.2439e-09 0.0000e+00 0.0000e+00
# New trial
-3.9383e+00 -1.0002e-01 0.0000e+00 0.0000e+00
-3.6100e+00 -3.6168e-03 0.0000e+00 0.0000e+00
-2.7205e+00 -3.3048e-07 0.0000e+00 0.0000e+00
-1.2964e+00 -1.4211e-14 0.0000e+00 0.0000e+00
# New trial
-3.7531e+00 -1.5633e-02 0.0000e+00 0.0000e+00
-3.3255e+00 -1.9203e-04 0.0000e+00 0.0000e+00
-2.1778e+00 -8.6290e-10 0.0000e+00 0.0000e+00
-4.7053e-01 0.0000e+00 0.0000e+00 0.0000e+00
# New trial
-3.7781e+00 -2.1092e-02 0.0000e+00 0.0000e+00
-3.3132e+00 -1.6953e-04 0.0000e+00 0.0000e+00
-2.1601e+00 -7.0606e-10 0.0000e+00 0.0000e+00
-5.3812e-01 0.0000e+00 0.0000e+00 0.0000e+00
# New trial
-3.9351e+00 -1.0608e-01 0.0000e+00 0.0000e+00
-3.5770e+00 -2.5848e-03 0.0000e+00 0.0000e+00
-2.7671e+00 -5.4360e-07 0.0000e+00 0.0000e+00
-1.6663e+00 -2.1245e-12 0.0000e+00 0.0000e+00
# New trial
-3.5533e+00 -4.8981e-03 0.0000e+00 0.0000e+00
-2.8308e+00 -1.0922e-06 0.0000e+00 0.0000e+00
-1.2839e+00 -1.4211e-14 0.0000e+00 0.0000e+00
-8.8720e-02 0.0000e+00 0.0000e+00 0.0000e+00
# New trial
-3.8090e+00 -2.7489e-02 0.0000e+00 0.0000e+00
-3.3656e+00 -2.9091e-04 0.0000e+00 0.0000e+00
-2.2210e+00 -1.4027e-09 0.0000e+00 0.0000e+00
-5.1286e-01 0.0000e+00 0.0000e+00 0.0000e+00
# New trial
