# 1.0sig - Array shape (trial/sig/alpha): (30L, 4L, 4L)
-2.7250e+00 -3.8718e-07 0.0000e+00 0.0000e+00
-2.2707e+00 -2.4505e-09 0.0000e+00 0.0000e+00
-1.1491e+00 0.0000e+00 0.0000e+00 0.0000e+00
-2.9068e-01 0.0000e+00 0.0000e+00 0.0000e+00
# New trial
-2.5624e+00 -6.1838e-08 0.0000e+00 0.0000e+00
-1.9287e+00 -4.9475e-11 0.0000e+00 0.0000e+00
-4.6803e-01 0.0000e+00 0.0000e+00 0.0000e+00
-1.4307e-02 0.0000e+00 0.0000e+00 0.0000e+00
# New trial
-3.2359e+00 -7.6024e-05 0.0000e+00 0.0000e+00
-2.7470e+00 -4.3876e-07 0.0000e+00 0.0000e+00
-1.8676e+00 -2.4112e-11 0.0000e+00 0.0000e+00
-1.3690e+00 -4.9738e-14 0.0000e+00 0.0000e+00
# New trial
-2.6620e+00 -1.8864e-07 0.0000e+00 0.0000e+00
-2.0048e+00 -1.2037e-10 0.0000e+00 0.0000e+00
-7.2767e-01 0.0000e+00 0.0000e+00 0.0000e+00
-1.4545e-01 0.0000e+00 0.0000e+00 0.0000e+00
# New trial
-3.0939e+00 -1.7212e-05 0.0000e+00 0.0000e+00
-2.7987e+00 -7.6209e-07 0.0000e+00 0.0000e+00
-1.9174e+00 -4.3304e-11 0.0000e+00 0.0000e+00
-7.0213e-01 0.0000e+00 0.0000e+00 0.0000e+00
# New trial
-3.1885e+00 -4.6365e-05 0.0000e+00 0.0000e+00
-2.9903e+00 -5.7909e-06 0.0000e+00 0.0000e+00
-2.4234e+00 -1.3229e-08 0.0000e+00 0.0000e+00
-1.5484e+00 -4.8317e-13 0.0000e+00 0.0000e+00
# New trial
-3.3582e+00 -2.7288e-04 0.0000e+00 0.0000e+00
-3.1795e+00 -4.2082e-05 0.0000e+00 0.0000e+00
-2.6980e+00 -2.5985e-07 0.0000e+00 0.0000e+00
-1.9896e+00 -1.0048e-10 0.0000e+00 0.0000e+00
# New trial
-2.8155e+00 -9.3334e-07 0.0000e+00 0.0000e+00
-2.1215e+00 -4.5680e-10 0.0000e+00 0.0000e+00
-5.3264e-01 0.0000e+00 0.0000e+00 0.0000e+00
-1.2284e-02 0.0000e+00 0.0000e+00 0.0000e+00
# New trial
-2.4763e+00 -2.6708e-08 0.0000e+00 0.0000e+00
-1.6485e+00 -1.7195e-12 0.0000e+00 0.0000e+00
-3.7144e-01 0.0000e+00 0.0000e+00 0.0000e+00
-4.7258e-02 0.0000e+00 0.0000e+00 0.0000e+00
# New trial
-3.2408e+00 -7.9986e-05 0.0000e+00 0.0000e+00
-2.8771e+00 -1.7513e-06 0.0000e+00 0.0000e+00
-1.9789e+00 -8.8800e-11 0.0000e+00 0.0000e+00
-1.0201e+00 0.0000e+00 0.0000e+00 0.0000e+00
# New trial
-3.3846e+00 -3.5656e-04 0.0000e+00 0.0000e+00
-3.0526e+00 -1.1158e-05 0.0000e+00 0.0000e+00
-2.4120e+00 -1.1675e-08 0.0000e+00 0.0000e+00
-2.1284e+00 -4.9311e-10 0.0000e+00 0.0000e+00
# New trial
-1.9300e+00 -1.3458e-10 0.0000e+00 0.0000e+00
-1.0657e+00 0.0000e+00 0.0000e+00 0.0000e+00
-2.5362e-01 0.0000e+00 0.0000e+00 0.0000e+00
-2.7942e-01 0.0000e+00 0.0000e+00 0.0000e+00
# New trial
-3.2136e+00 -6.0570e-05 0.0000e+00 0.0000e+00
-3.0043e+00 -6.7083e-06 0.0000e+00 0.0000e+00
-2.5582e+00 -5.7552e-08 0.0000e+00 0.0000e+00
-1.9828e+00 -9.2918e-11 0.0000e+00 0.0000e+00
# New trial
-2.8514e+00 -1.3514e-06 0.0000e+00 0.0000e+00
-2.2716e+00 -2.4700e-09 0.0000e+00 0.0000e+00
-7.9730e-01 0.0000e+00 0.0000e+00 0.0000e+00
-3.6593e-02 0.0000e+00 0.0000e+00 0.0000e+00
# New trial
-3.4347e+00 -5.9533e-04 0.0000e+00 0.0000e+00
-2.9533e+00 -3.9225e-06 0.0000e+00 0.0000e+00
-1.6058e+00 -1.0019e-12 0.0000e+00 0.0000e+00
-1.7762e-01 0.0000e+00 0.0000e+00 0.0000e+00
# New trial
-3.0668e+00 -1.3393e-05 0.0000e+00 0.0000e+00
-2.4678e+00 -2.1576e-08 0.0000e+00 0.0000e+00
-9.8185e-01 0.0000e+00 0.0000e+00 0.0000e+00
-1.2684e-01 0.0000e+00 0.0000e+00 0.0000e+00
# New trial
-2.5454e+00 -9.3657e-08 0.0000e+00 0.0000e+00
-1.5405e+00 -4.7606e-13 0.0000e+00 0.0000e+00
-6.9841e-01 0.0000e+00 0.0000e+00 0.0000e+00
-1.0763e+00 0.0000e+00 0.0000e+00 0.0000e+00
# New trial
-2.1805e+00 -1.1895e-09 0.0000e+00 0.0000e+00
-1.3768e+00 -4.9738e-14 0.0000e+00 0.0000e+00
-2.0143e-01 0.0000e+00 0.0000e+00 0.0000e+00
-1.4576e-02 0.0000e+00 0.0000e+00 0.0000e+00
# New trial
-2.5337e+00 -4.7942e-08 0.0000e+00 0.0000e+00
-1.8697e+00 -2.4748e-11 0.0000e+00 0.0000e+00
-4.5554e-01 0.0000e+00 0.0000e+00 0.0000e+00
-1.7681e-02 0.0000e+00 0.0000e+00 0.0000e+00
# New trial
-2.5364e+00 -4.6486e-08 0.0000e+00 0.0000e+00
-1.7446e+00 -5.5422e-12 0.0000e+00 0.0000e+00
-4.8100e-01 0.0000e+00 0.0000e+00 0.0000e+00
-2.6502e-02 0.0000e+00 0.0000e+00 0.0000e+00
# New trial
-2.8702e+00 -1.9126e-06 0.0000e+00 0.0000e+00
-2.1685e+00 -7.8706e-10 0.0000e+00 0.0000e+00
-1.2969e+00 -1.4211e-14 0.0000e+00 0.0000e+00
-1.3663e+00 -4.2633e-14 0.0000e+00 0.0000e+00
# New trial
-3.1253e+00 -2.4051e-05 0.0000e+00 0.0000e+00
-2.6965e+00 -2.5576e-07 0.0000e+00 0.0000e+00
-1.9732e+00 -8.3059e-11 0.0000e+00 0.0000e+00
-1.5325e+00 -3.9790e-13 0.0000e+00 0.0000e+00
# New trial
-3.0422e+00 -1.0225e-05 0.0000e+00 0.0000e+00
-2.9547e+00 -3.9798e-06 0.0000e+00 0.0000e+00
-2.7333e+00 -3.7902e-07 0.0000e+00 0.0000e+00
-2.3708e+00 -7.4222e-09 0.0000e+00 0.0000e+00
# New trial
-3.2401e+00 -7.9200e-05 0.0000e+00 0.0000e+00
-2.7053e+00 -2.8091e-07 0.0000e+00 0.0000e+00
-1.5588e+00 -5.5422e-13 0.0000e+00 0.0000e+00
-3.9568e-01 0.0000e+00 0.0000e+00 0.0000e+00
# New trial
-2.6740e+00 -2.4725e-07 0.0000e+00 0.0000e+00
-1.7317e+00 -4.8423e-12 0.0000e+00 0.0000e+00
-3.2349e-01 0.0000e+00 0.0000e+00 0.0000e+00
-4.7314e-02 0.0000e+00 0.0000e+00 0.0000e+00
# New trial
-2.0330e+00 -2.0188e-10 0.0000e+00 0.0000e+00
-9.4457e-01 0.0000e+00 0.0000e+00 0.0000e+00
-3.4913e-02 0.0000e+00 0.0000e+00 0.0000e+00
-1.1830e-03 0.0000e+00 0.0000e+00 0.0000e+00
# New trial
-3.1741e+00 -4.0072e-05 0.0000e+00 0.0000e+00
-3.2720e+00 -1.1017e-04 0.0000e+00 0.0000e+00
-3.5460e+00 -1.8729e-03 0.0000e+00 0.0000e+00
-3.7505e+00 -1.5187e-02 0.0000e+00 0.0000e+00
# New trial
-2.4473e+00 -1.8932e-08 0.0000e+00 0.0000e+00
-1.8875e+00 -3.0603e-11 0.0000e+00 0.0000e+00
-7.6392e-01 0.0000e+00 0.0000e+00 0.0000e+00
-1.3348e-01 0.0000e+00 0.0000e+00 0.0000e+00
# New trial
-2.9548e+00 -4.0545e-06 0.0000e+00 0.0000e+00
-2.8219e+00 -9.7552e-07 0.0000e+00 0.0000e+00
-2.4228e+00 -1.3147e-08 0.0000e+00 0.0000e+00
-1.7036e+00 -3.3573e-12 0.0000e+00 0.0000e+00
# New trial
-2.6667e+00 -1.8972e-07 0.0000e+00 0.0000e+00
-2.1376e+00 -5.4786e-10 0.0000e+00 0.0000e+00
-7.6697e-01 0.0000e+00 0.0000e+00 0.0000e+00
-3.8520e-02 0.0000e+00 0.0000e+00 0.0000e+00
# New trial
