# 1.0sig - Array shape (trial/sig/alpha): (30L, 4L, 4L)
-3.5134e+00 -1.3394e-03 0.0000e+00 0.0000e+00
-3.2759e+00 -1.1476e-04 0.0000e+00 0.0000e+00
-2.5410e+00 -4.7764e-08 0.0000e+00 0.0000e+00
-1.1660e+00 0.0000e+00 0.0000e+00 0.0000e+00
# New trial
-3.2412e+00 -7.9973e-05 0.0000e+00 0.0000e+00
-2.8943e+00 -2.1023e-06 0.0000e+00 0.0000e+00
-1.7196e+00 -4.0821e-12 0.0000e+00 0.0000e+00
-1.6806e-01 0.0000e+00 0.0000e+00 0.0000e+00
# New trial
-3.6967e+00 -8.7835e-03 0.0000e+00 0.0000e+00
-3.2966e+00 -1.4227e-04 0.0000e+00 0.0000e+00
-2.1634e+00 -7.3311e-10 0.0000e+00 0.0000e+00
-4.7999e-01 0.0000e+00 0.0000e+00 0.0000e+00
# New trial
-3.3052e+00 -1.5564e-04 0.0000e+00 0.0000e+00
-2.7959e+00 -7.3961e-07 0.0000e+00 0.0000e+00
-1.2929e+00 -1.4211e-14 0.0000e+00 0.0000e+00
-5.5787e-02 0.0000e+00 0.0000e+00 0.0000e+00
# New trial
-4.6150e+00 -4.6141e+00 -4.6055e+00 -4.5294e+00
-4.6151e+00 -4.6150e+00 -4.6141e+00 -4.6050e+00
-4.6151e+00 -4.6151e+00 -4.6151e+00 -4.6146e+00
-4.6151e+00 -4.6151e+00 -4.6151e+00 -4.6151e+00
# New trial
-3.4023e+00 -4.2550e-04 0.0000e+00 0.0000e+00
-3.1148e+00 -2.1382e-05 0.0000e+00 0.0000e+00
-2.2359e+00 -1.6575e-09 0.0000e+00 0.0000e+00
-7.5309e-01 0.0000e+00 0.0000e+00 0.0000e+00
# New trial
-3.7516e+00 -1.5366e-02 0.0000e+00 0.0000e+00
-3.5762e+00 -2.5542e-03 0.0000e+00 0.0000e+00
-2.9476e+00 -3.6913e-06 0.0000e+00 0.0000e+00
-1.7520e+00 -6.0467e-12 0.0000e+00 0.0000e+00
# New trial
-3.5023e+00 -1.1939e-03 0.0000e+00 0.0000e+00
-3.0964e+00 -1.7644e-05 0.0000e+00 0.0000e+00
-1.9129e+00 -4.1076e-11 0.0000e+00 0.0000e+00
-2.8350e-01 0.0000e+00 0.0000e+00 0.0000e+00
# New trial
-3.1622e+00 -3.5115e-05 0.0000e+00 0.0000e+00
-2.5552e+00 -5.5725e-08 0.0000e+00 0.0000e+00
-9.5737e-01 0.0000e+00 0.0000e+00 0.0000e+00
-2.3152e-02 0.0000e+00 0.0000e+00 0.0000e+00
# New trial
-3.7388e+00 -1.3494e-02 0.0000e+00 0.0000e+00
-3.4470e+00 -6.7528e-04 0.0000e+00 0.0000e+00
-2.4218e+00 -1.3009e-08 0.0000e+00 0.0000e+00
-5.6141e-01 0.0000e+00 0.0000e+00 0.0000e+00
# New trial
-4.6151e+00 -4.6147e+00 -4.6112e+00 -4.5821e+00
-4.6151e+00 -4.6151e+00 -4.6144e+00 -4.6084e+00
-4.6151e+00 -4.6151e+00 -4.6151e+00 -4.6148e+00
-4.6151e+00 -4.6151e+00 -4.6151e+00 -4.6151e+00
# New trial
-2.5599e+00 -5.9075e-08 0.0000e+00 0.0000e+00
-1.7500e+00 -5.9082e-12 0.0000e+00 0.0000e+00
-2.6100e-01 0.0000e+00 0.0000e+00 0.0000e+00
-1.1767e-03 0.0000e+00 0.0000e+00 0.0000e+00
# New trial
-3.5668e+00 -2.3191e-03 0.0000e+00 0.0000e+00
-3.3160e+00 -1.7403e-04 0.0000e+00 0.0000e+00
-2.3847e+00 -8.6444e-09 0.0000e+00 0.0000e+00
-5.0291e-01 0.0000e+00 0.0000e+00 0.0000e+00
# New trial
-3.5172e+00 -1.3923e-03 0.0000e+00 0.0000e+00
-3.1933e+00 -4.8573e-05 0.0000e+00 0.0000e+00
-2.2027e+00 -1.1416e-09 0.0000e+00 0.0000e+00
-5.5135e-01 0.0000e+00 0.0000e+00 0.0000e+00
# New trial
-3.9235e+00 -8.5890e-02 0.0000e+00 0.0000e+00
-3.7030e+00 -9.3606e-03 0.0000e+00 0.0000e+00
-3.1455e+00 -2.9487e-05 0.0000e+00 0.0000e+00
-2.3718e+00 -7.5023e-09 0.0000e+00 0.0000e+00
# New trial
-3.8174e+00 -2.9890e-02 0.0000e+00 0.0000e+00
-3.5515e+00 -1.9815e-03 0.0000e+00 0.0000e+00
-2.7889e+00 -6.8619e-07 0.0000e+00 0.0000e+00
-1.4578e+00 -1.4921e-13 0.0000e+00 0.0000e+00
# New trial
-2.8473e+00 -1.2802e-06 0.0000e+00 0.0000e+00
-2.1228e+00 -4.6326e-10 0.0000e+00 0.0000e+00
-5.8343e-01 0.0000e+00 0.0000e+00 0.0000e+00
-1.3945e-02 0.0000e+00 0.0000e+00 0.0000e+00
# New trial
-3.0099e+00 -7.1222e-06 0.0000e+00 0.0000e+00
-2.4547e+00 -1.8655e-08 0.0000e+00 0.0000e+00
-1.0268e+00 0.0000e+00 0.0000e+00 0.0000e+00
-5.0999e-02 0.0000e+00 0.0000e+00 0.0000e+00
# New trial
-3.2975e+00 -1.4366e-04 0.0000e+00 0.0000e+00
-2.9511e+00 -3.8290e-06 0.0000e+00 0.0000e+00
-1.8932e+00 -3.2617e-11 0.0000e+00 0.0000e+00
-3.5625e-01 0.0000e+00 0.0000e+00 0.0000e+00
# New trial
-3.4097e+00 -4.5948e-04 0.0000e+00 0.0000e+00
-2.8457e+00 -1.2555e-06 0.0000e+00 0.0000e+00
-1.4295e+00 -1.0658e-13 0.0000e+00 0.0000e+00
-8.0174e-02 0.0000e+00 0.0000e+00 0.0000e+00
# New trial
-3.3475e+00 -2.4135e-04 0.0000e+00 0.0000e+00
-2.8213e+00 -9.6855e-07 0.0000e+00 0.0000e+00
-1.4282e+00 -9.9476e-14 0.0000e+00 0.0000e+00
-1.4241e-01 0.0000e+00 0.0000e+00 0.0000e+00
# New trial
-3.5161e+00 -1.3770e-03 0.0000e+00 0.0000e+00
-3.1262e+00 -2.4088e-05 0.0000e+00 0.0000e+00
-1.8732e+00 -2.5764e-11 0.0000e+00 0.0000e+00
-2.0809e-01 0.0000e+00 0.0000e+00 0.0000e+00
# New trial
-3.5676e+00 -2.3391e-03 0.0000e+00 0.0000e+00
-3.3352e+00 -2.1238e-04 0.0000e+00 0.0000e+00
-2.3632e+00 -6.8243e-09 0.0000e+00 0.0000e+00
-4.0167e-01 0.0000e+00 0.0000e+00 0.0000e+00
# New trial
-4.6151e+00 -4.6152e+00 -4.6161e+00 -4.6464e+00
-4.6151e+00 -4.6150e+00 -4.6144e+00 -4.6076e+00
-4.6151e+00 -4.6151e+00 -4.6150e+00 -4.6144e+00
-4.6151e+00 -4.6151e+00 -4.6151e+00 -4.6151e+00
# New trial
-3.3805e+00 -3.3948e-04 0.0000e+00 0.0000e+00
-2.8750e+00 -1.7137e-06 0.0000e+00 0.0000e+00
-1.5387e+00 -4.2633e-13 0.0000e+00 0.0000e+00
-1.4287e-01 0.0000e+00 0.0000e+00 0.0000e+00
# New trial
-2.9722e+00 -4.7878e-06 0.0000e+00 0.0000e+00
-2.3168e+00 -4.0826e-09 0.0000e+00 0.0000e+00
-7.4011e-01 0.0000e+00 0.0000e+00 0.0000e+00
-1.7487e-02 0.0000e+00 0.0000e+00 0.0000e+00
# New trial
-3.3712e+00 -3.0850e-04 0.0000e+00 0.0000e+00
-3.2091e+00 -5.7277e-05 0.0000e+00 0.0000e+00
-2.3972e+00 -9.9236e-09 0.0000e+00 0.0000e+00
-7.4839e-01 0.0000e+00 0.0000e+00 0.0000e+00
# New trial
-3.4530e+00 -7.1868e-04 0.0000e+00 0.0000e+00
-3.0091e+00 -7.0543e-06 0.0000e+00 0.0000e+00
-1.7652e+00 -7.0912e-12 0.0000e+00 0.0000e+00
-2.4960e-01 0.0000e+00 0.0000e+00 0.0000e+00
# New trial
-4.6148e+00 -4.6120e+00 -4.5852e+00 -4.4313e+00
-4.6151e+00 -4.6150e+00 -4.6143e+00 -4.6068e+00
-4.6151e+00 -4.6151e+00 -4.6151e+00 -4.6150e+00
-4.6151e+00 -4.6151e+00 -4.6151e+00 -4.6151e+00
# New trial
-3.4420e+00 -6.4147e-04 0.0000e+00 0.0000e+00
-3.1443e+00 -2.9122e-05 0.0000e+00 0.0000e+00
-2.2279e+00 -1.5149e-09 0.0000e+00 0.0000e+00
-6.9136e-01 0.0000e+00 0.0000e+00 0.0000e+00
# New trial
