# 10.0sig - Array shape (trial/sig/alpha): (30L, 4L, 4L)
-4.5443e+00 -5.0664e+00 -2.9391e+01 -2.9262e+02
-4.5961e+00 -4.5648e+00 -1.4129e+01 -1.4115e+02
-4.6151e+00 -4.6148e+00 -4.6169e+00 -6.5071e+00
-4.6151e+00 -4.6151e+00 -4.6151e+00 -4.6151e+00
# New trial
-4.9325e+00 -1.1597e+01 -1.0909e+02 -1.0909e+03
-4.6974e+00 -6.0052e+00 -3.7812e+01 -3.7811e+02
-4.6154e+00 -4.6177e+00 -4.6565e+00 -6.0185e+00
-4.6151e+00 -4.6151e+00 -4.6151e+00 -4.6151e+00
# New trial
-4.5271e+00 -1.0632e+01 -1.0610e+02 -1.0610e+03
-4.5779e+00 -4.6748e+00 -3.0184e+01 -3.0184e+02
-4.6149e+00 -4.6125e+00 -4.5932e+00 -5.3428e+00
-4.6151e+00 -4.6151e+00 -4.6151e+00 -4.6151e+00
# New trial
-4.6067e+00 -1.1535e+01 -1.1518e+02 -1.1518e+03
-4.6009e+00 -4.7766e+00 -2.4871e+01 -2.4861e+02
-4.6150e+00 -4.6141e+00 -4.6074e+00 -4.8307e+00
-4.6151e+00 -4.6151e+00 -4.6151e+00 -4.6151e+00
# New trial
-4.9453e+00 -1.6331e+01 -1.6101e+02 -1.6101e+03
-4.6731e+00 -6.1026e+00 -4.1385e+01 -4.1379e+02
-4.6154e+00 -4.6182e+00 -4.6564e+00 -6.1394e+00
-4.6151e+00 -4.6151e+00 -4.6151e+00 -4.6151e+00
# New trial
-4.7027e+00 -1.7959e+01 -1.7830e+02 -1.7830e+03
-4.5831e+00 -6.0993e+00 -4.8177e+01 -4.8176e+02
-4.6148e+00 -4.6122e+00 -4.6209e+00 -1.1262e+01
-4.6151e+00 -4.6151e+00 -4.6151e+00 -4.6151e+00
# New trial
-5.1787e+00 -2.4769e+01 -2.4768e+02 -2.4768e+03
-4.7618e+00 -9.3163e+00 -9.1571e+01 -9.1571e+02
-4.6165e+00 -4.6294e+00 -4.7961e+00 -1.5903e+01
-4.6151e+00 -4.6151e+00 -4.6151e+00 -4.6151e+00
# New trial
-4.3693e+00 -1.3464e+01 -1.3351e+02 -1.3351e+03
-4.5124e+00 -6.3406e+00 -5.4200e+01 -5.4200e+02
-4.6151e+00 -4.6158e+00 -4.7160e+00 -2.2800e+01
-4.6151e+00 -4.6151e+00 -4.6151e+00 -4.6151e+00
# New trial
-4.9243e+00 -9.5909e+00 -8.6568e+01 -8.6568e+02
-4.7295e+00 -5.9339e+00 -2.5978e+01 -2.5745e+02
-4.6163e+00 -4.6274e+00 -4.7426e+00 -6.1503e+00
-4.6151e+00 -4.6151e+00 -4.6151e+00 -4.6151e+00
# New trial
-4.7069e+00 -1.0379e+01 -9.7588e+01 -9.7572e+02
-4.6264e+00 -5.2390e+00 -2.8805e+01 -2.8715e+02
-4.6151e+00 -4.6151e+00 -4.6229e+00 -5.4929e+00
-4.6151e+00 -4.6151e+00 -4.6151e+00 -4.6151e+00
# New trial
-4.4810e+00 -4.1309e+00 -2.6975e+01 -2.6975e+02
-4.5889e+00 -4.4179e+00 -8.8294e+00 -8.6474e+01
-4.6152e+00 -4.6156e+00 -4.6217e+00 -4.8746e+00
-4.6151e+00 -4.6151e+00 -4.6151e+00 -4.6151e+00
# New trial
-4.6785e+00 -1.3706e+01 -1.3695e+02 -1.3695e+03
-4.6350e+00 -5.4798e+00 -4.2666e+01 -4.2666e+02
-4.6155e+00 -4.6186e+00 -4.6603e+00 -9.1181e+00
-4.6151e+00 -4.6151e+00 -4.6151e+00 -4.6151e+00
# New trial
-4.5546e+00 -1.0103e+01 -1.0087e+02 -1.0087e+03
-4.5781e+00 -4.6714e+00 -2.6337e+01 -2.6337e+02
-4.6147e+00 -4.6115e+00 -4.5832e+00 -4.7615e+00
-4.6151e+00 -4.6151e+00 -4.6151e+00 -4.6151e+00
# New trial
-5.2423e+00 -2.1200e+01 -2.0927e+02 -2.0927e+03
-4.7522e+00 -7.4080e+00 -6.0369e+01 -6.0369e+02
-4.6164e+00 -4.6282e+00 -4.7677e+00 -1.0219e+01
-4.6151e+00 -4.6151e+00 -4.6151e+00 -4.6151e+00
# New trial
-5.1225e+00 -2.2674e+01 -2.2653e+02 -2.2653e+03
-4.6726e+00 -6.9840e+00 -6.0397e+01 -6.0397e+02
-4.6145e+00 -4.6088e+00 -4.5737e+00 -7.0761e+00
-4.6151e+00 -4.6151e+00 -4.6151e+00 -4.6151e+00
# New trial
-3.6632e+00 -5.0793e+00 -5.0609e+01 -5.0609e+02
-4.3474e+00 -3.1093e+00 -1.4203e+01 -1.4155e+02
-4.6131e+00 -4.5948e+00 -4.4320e+00 -5.5803e+00
-4.6151e+00 -4.6151e+00 -4.6151e+00 -4.6151e+00
# New trial
-2.8105e+00 -3.7274e-01 -7.4651e-07 0.0000e+00
-4.1748e+00 -1.9455e+00 -6.4213e-01 -1.6438e-01
-4.6125e+00 -4.5888e+00 -4.3693e+00 -5.6564e+00
-4.6151e+00 -4.6151e+00 -4.6151e+00 -4.6151e+00
# New trial
-5.8665e+00 -3.6610e+01 -3.6316e+02 -3.6316e+03
-4.8493e+00 -1.2762e+01 -1.2642e+02 -1.2642e+03
-4.6172e+00 -4.6376e+00 -5.1694e+00 -3.7559e+01
-4.6151e+00 -4.6151e+00 -4.6151e+00 -4.6151e+00
# New trial
-4.9934e+00 -1.5756e+01 -1.5522e+02 -1.5522e+03
-4.6864e+00 -6.1126e+00 -3.6828e+01 -3.6644e+02
-4.6156e+00 -4.6197e+00 -4.6790e+00 -8.1806e+00
-4.6151e+00 -4.6151e+00 -4.6151e+00 -4.6151e+00
# New trial
-4.2639e+00 -8.9280e+00 -8.7105e+01 -8.7105e+02
-4.5068e+00 -4.4721e+00 -1.9989e+01 -1.9413e+02
-4.6145e+00 -4.6094e+00 -4.5724e+00 -6.1963e+00
-4.6151e+00 -4.6151e+00 -4.6151e+00 -4.6151e+00
# New trial
-4.9356e+00 -2.1633e+01 -2.1633e+02 -2.1633e+03
-4.6827e+00 -5.9285e+00 -4.2255e+01 -4.2255e+02
-4.6156e+00 -4.6198e+00 -4.6696e+00 -6.4576e+00
-4.6151e+00 -4.6151e+00 -4.6151e+00 -4.6151e+00
# New trial
-4.6846e+00 -1.1438e+01 -1.0285e+02 -1.0262e+03
-4.6473e+00 -6.3553e+00 -5.1803e+01 -5.1803e+02
-4.6163e+00 -4.6268e+00 -4.7817e+00 -1.7829e+01
-4.6151e+00 -4.6151e+00 -4.6151e+00 -4.6151e+00
# New trial
-4.4659e+00 -1.1944e+01 -1.1597e+02 -1.1597e+03
-4.5645e+00 -4.9653e+00 -2.9257e+01 -2.9227e+02
-4.6152e+00 -4.6162e+00 -4.6358e+00 -7.1492e+00
-4.6151e+00 -4.6151e+00 -4.6151e+00 -4.6151e+00
# New trial
-4.4375e+00 -7.9656e+00 -6.9535e+01 -6.9072e+02
-4.5438e+00 -4.5555e+00 -2.3833e+01 -2.3817e+02
-4.6147e+00 -4.6105e+00 -4.5779e+00 -5.1419e+00
-4.6151e+00 -4.6151e+00 -4.6151e+00 -4.6151e+00
# New trial
-5.0275e+00 -1.6480e+01 -1.6013e+02 -1.6013e+03
-4.7190e+00 -6.4509e+00 -4.3474e+01 -4.3287e+02
-4.6155e+00 -4.6195e+00 -4.6705e+00 -7.6449e+00
-4.6151e+00 -4.6151e+00 -4.6151e+00 -4.6151e+00
# New trial
-4.8736e+00 -1.9606e+01 -1.9597e+02 -1.9597e+03
-4.6449e+00 -6.6079e+00 -5.4966e+01 -5.4966e+02
-4.6155e+00 -4.6190e+00 -4.6836e+00 -1.1622e+01
-4.6151e+00 -4.6151e+00 -4.6151e+00 -4.6151e+00
# New trial
-5.2458e+00 -2.1555e+01 -2.1311e+02 -2.1311e+03
-4.7790e+00 -7.5760e+00 -6.2802e+01 -6.2794e+02
-4.6161e+00 -4.6256e+00 -4.7389e+00 -8.2650e+00
-4.6151e+00 -4.6151e+00 -4.6151e+00 -4.6151e+00
# New trial
-5.4389e+00 -2.7836e+01 -2.7506e+02 -2.7506e+03
-4.6869e+00 -7.3853e+00 -6.3959e+01 -6.3958e+02
-4.6146e+00 -4.6108e+00 -4.6118e+00 -6.3132e+00
-4.6151e+00 -4.6151e+00 -4.6151e+00 -4.6151e+00
# New trial
-5.5234e+00 -2.3242e+01 -2.2616e+02 -2.2615e+03
-4.8952e+00 -9.4908e+00 -8.1042e+01 -8.1019e+02
-4.6171e+00 -4.6349e+00 -4.8579e+00 -1.4988e+01
-4.6151e+00 -4.6151e+00 -4.6151e+00 -4.6151e+00
# New trial
-4.0232e+00 -2.4910e+00 -1.5153e+01 -1.5152e+02
-4.4915e+00 -3.7585e+00 -7.9581e+00 -7.9094e+01
-4.6144e+00 -4.6084e+00 -4.5536e+00 -4.4478e+00
-4.6151e+00 -4.6151e+00 -4.6151e+00 -4.6151e+00
# New trial
