# 10.0sig - Array shape (trial/sig/alpha): (30L, 4L, 4L)
-4.5912e+00 -4.8671e+00 -2.5348e+01 -2.5116e+02
-4.5824e+00 -4.3567e+00 -8.2459e+00 -7.9079e+01
-4.6143e+00 -4.6070e+00 -4.5364e+00 -4.2734e+00
-4.6151e+00 -4.6151e+00 -4.6151e+00 -4.6151e+00
# New trial
-4.7248e+00 -8.1360e+00 -7.7193e+01 -7.7193e+02
-4.6395e+00 -5.1542e+00 -3.0302e+01 -3.0302e+02
-4.6147e+00 -4.6106e+00 -4.5784e+00 -5.2370e+00
-4.6151e+00 -4.6151e+00 -4.6151e+00 -4.6151e+00
# New trial
-4.4869e+00 -1.2303e+01 -1.1900e+02 -1.1900e+03
-4.5616e+00 -5.3342e+00 -3.3606e+01 -3.3594e+02
-4.6144e+00 -4.6083e+00 -4.5742e+00 -7.7349e+00
-4.6151e+00 -4.6151e+00 -4.6151e+00 -4.6151e+00
# New trial
-4.3500e+00 -9.0737e+00 -9.0149e+01 -9.0149e+02
-4.4866e+00 -3.8564e+00 -1.5381e+01 -1.5189e+02
-4.6131e+00 -4.5954e+00 -4.4251e+00 -3.6035e+00
-4.6151e+00 -4.6151e+00 -4.6151e+00 -4.6151e+00
# New trial
-4.3594e+00 -1.0311e+01 -1.0254e+02 -1.0254e+03
-4.4660e+00 -4.3240e+00 -3.4021e+01 -3.4021e+02
-4.6118e+00 -4.5817e+00 -4.3056e+00 -6.1681e+00
-4.6151e+00 -4.6151e+00 -4.6151e+00 -4.6151e+00
# New trial
-4.5272e+00 -1.3706e+01 -1.3145e+02 -1.3143e+03
-4.4701e+00 -4.6132e+00 -2.9950e+01 -2.9949e+02
-4.6121e+00 -4.5853e+00 -4.3508e+00 -5.9842e+00
-4.6151e+00 -4.6151e+00 -4.6151e+00 -4.6151e+00
# New trial
-4.0502e+00 -1.5592e+01 -1.5573e+02 -1.5573e+03
-4.2810e+00 -6.1239e+00 -5.7737e+01 -5.7737e+02
-4.6090e+00 -4.5552e+00 -4.1844e+00 -1.2182e+01
-4.6151e+00 -4.6151e+00 -4.6151e+00 -4.6151e+00
# New trial
-5.0537e+00 -1.4830e+01 -1.4686e+02 -1.4686e+03
-4.7611e+00 -6.5554e+00 -4.4474e+01 -4.4473e+02
-4.6164e+00 -4.6277e+00 -4.7524e+00 -8.0422e+00
-4.6151e+00 -4.6151e+00 -4.6151e+00 -4.6151e+00
# New trial
-4.5414e+00 -4.5133e+00 -3.0603e+01 -3.0603e+02
-4.5830e+00 -4.3421e+00 -7.7632e+00 -6.9359e+01
-4.6146e+00 -4.6097e+00 -4.5625e+00 -4.2822e+00
-4.6151e+00 -4.6151e+00 -4.6151e+00 -4.6151e+00
# New trial
-4.7945e+00 -1.2684e+01 -1.1999e+02 -1.1997e+03
-4.6152e+00 -5.3763e+00 -3.4736e+01 -3.4690e+02
-4.6141e+00 -4.6047e+00 -4.5217e+00 -5.2693e+00
-4.6151e+00 -4.6151e+00 -4.6151e+00 -4.6151e+00
# New trial
-4.1103e+00 -5.3140e+00 -4.9274e+01 -4.9274e+02
-4.4099e+00 -3.0085e+00 -4.7883e+00 -4.5578e+01
-4.6105e+00 -4.5694e+00 -4.1710e+00 -2.0248e+00
-4.6151e+00 -4.6151e+00 -4.6151e+00 -4.6151e+00
# New trial
-4.6229e+00 -5.7121e+00 -3.5373e+01 -3.5362e+02
-4.5961e+00 -4.5068e+00 -8.9466e+00 -8.1883e+01
-4.6147e+00 -4.6106e+00 -4.5718e+00 -4.4652e+00
-4.6151e+00 -4.6151e+00 -4.6151e+00 -4.6151e+00
# New trial
-4.6886e+00 -9.5850e+00 -9.1270e+01 -9.1270e+02
-4.5882e+00 -4.7911e+00 -2.4622e+01 -2.4316e+02
-4.6140e+00 -4.6041e+00 -4.5124e+00 -4.6756e+00
-4.6151e+00 -4.6151e+00 -4.6151e+00 -4.6151e+00
# New trial
-4.6325e+00 -1.4957e+01 -1.4911e+02 -1.4911e+03
-4.5182e+00 -5.1361e+00 -4.0098e+01 -4.0098e+02
-4.6106e+00 -4.5707e+00 -4.2153e+00 -9.1521e+00
-4.6151e+00 -4.6151e+00 -4.6151e+00 -4.6151e+00
# New trial
-4.2822e+00 -8.7660e+00 -8.7494e+01 -8.7494e+02
-4.4501e+00 -3.8623e+00 -2.9101e+01 -2.9101e+02
-4.6122e+00 -4.5860e+00 -4.3387e+00 -5.5531e+00
-4.6151e+00 -4.6151e+00 -4.6151e+00 -4.6151e+00
# New trial
-4.0169e+00 -7.3705e+00 -6.7236e+01 -6.6954e+02
-4.3108e+00 -2.9408e+00 -2.1088e+01 -2.1088e+02
-4.6090e+00 -4.5545e+00 -4.0489e+00 -8.7173e+00
-4.6151e+00 -4.6151e+00 -4.6151e+00 -4.6151e+00
# New trial
-5.1717e+00 -1.8994e+01 -1.8345e+02 -1.8300e+03
-4.8038e+00 -7.3431e+00 -5.1568e+01 -5.1327e+02
-4.6150e+00 -4.6137e+00 -4.6192e+00 -9.4187e+00
-4.6151e+00 -4.6151e+00 -4.6151e+00 -4.6151e+00
# New trial
-5.7019e+00 -3.4053e+01 -3.3784e+02 -3.3784e+03
-4.6559e+00 -8.9836e+00 -7.8225e+01 -7.8177e+02
-4.6070e+00 -4.5354e+00 -4.0741e+00 -2.1580e+01
-4.6151e+00 -4.6151e+00 -4.6151e+00 -4.6151e+00
# New trial
-4.1837e+00 -8.1910e+00 -8.0926e+01 -8.0926e+02
-4.4465e+00 -3.5832e+00 -1.4139e+01 -1.3674e+02
-4.6102e+00 -4.5660e+00 -4.1394e+00 -2.8571e+00
-4.6151e+00 -4.6151e+00 -4.6151e+00 -4.6151e+00
# New trial
-4.9544e+00 -1.8154e+01 -1.7548e+02 -1.7534e+03
-4.6639e+00 -6.1621e+00 -4.7309e+01 -4.7309e+02
-4.6145e+00 -4.6090e+00 -4.5694e+00 -6.4527e+00
-4.6151e+00 -4.6151e+00 -4.6151e+00 -4.6151e+00
# New trial
-4.3679e+00 -1.3102e+01 -1.2783e+02 -1.2783e+03
-4.4720e+00 -4.0879e+00 -2.4633e+01 -2.4607e+02
-4.6120e+00 -4.5845e+00 -4.3206e+00 -3.1365e+00
-4.6151e+00 -4.6151e+00 -4.6151e+00 -4.6151e+00
# New trial
-4.3489e+00 -1.1488e+01 -1.0974e+02 -1.0974e+03
-4.3865e+00 -5.7655e+00 -5.5156e+01 -5.5156e+02
-4.6107e+00 -4.5715e+00 -4.3234e+00 -2.1469e+01
-4.6151e+00 -4.6151e+00 -4.6151e+00 -4.6151e+00
# New trial
-4.3661e+00 -6.5370e+00 -6.2489e+01 -6.2489e+02
-4.5058e+00 -3.8857e+00 -1.5521e+01 -1.5513e+02
-4.6133e+00 -4.5965e+00 -4.4341e+00 -3.7430e+00
-4.6151e+00 -4.6151e+00 -4.6151e+00 -4.6151e+00
# New trial
-4.5955e+00 -1.3263e+01 -1.3017e+02 -1.3017e+03
-4.5377e+00 -5.5094e+00 -4.0545e+01 -4.0545e+02
-4.6136e+00 -4.6007e+00 -4.5007e+00 -6.5892e+00
-4.6151e+00 -4.6151e+00 -4.6151e+00 -4.6151e+00
# New trial
-3.9242e+00 -1.5291e+01 -1.5286e+02 -1.5286e+03
-4.1928e+00 -4.0234e+00 -3.2329e+01 -3.2289e+02
-4.6049e+00 -4.5138e+00 -3.6626e+00 -3.3932e+00
-4.6151e+00 -4.6151e+00 -4.6151e+00 -4.6151e+00
# New trial
-5.1674e+00 -1.9079e+01 -1.8626e+02 -1.8626e+03
-4.7629e+00 -7.7160e+00 -6.2693e+01 -6.2476e+02
-4.6147e+00 -4.6111e+00 -4.6184e+00 -1.0550e+01
-4.6151e+00 -4.6151e+00 -4.6151e+00 -4.6151e+00
# New trial
-4.2907e+00 -1.0324e+01 -1.0221e+02 -1.0221e+03
-4.3970e+00 -3.5861e+00 -2.0768e+01 -2.0765e+02
-4.6115e+00 -4.5793e+00 -4.2820e+00 -7.1286e+00
-4.6151e+00 -4.6151e+00 -4.6151e+00 -4.6151e+00
# New trial
-2.6830e+00 -5.3267e-01 -3.5894e-03 0.0000e+00
-4.0246e+00 -1.4557e+00 -5.3177e-01 -2.6570e-02
-4.6095e+00 -4.5594e+00 -4.1147e+00 -5.1344e+00
-4.6151e+00 -4.6151e+00 -4.6151e+00 -4.6151e+00
# New trial
-5.5648e+00 -2.7801e+01 -2.7452e+02 -2.7452e+03
-4.7054e+00 -8.5975e+00 -7.0333e+01 -6.9823e+02
-4.6125e+00 -4.5895e+00 -4.4358e+00 -1.3196e+01
-4.6151e+00 -4.6151e+00 -4.6151e+00 -4.6151e+00
# New trial
-2.6187e+00 -1.5381e-03 0.0000e+00 0.0000e+00
-3.9735e+00 -6.0560e-01 -1.8895e-06 0.0000e+00
-4.6052e+00 -4.5160e+00 -3.6866e+00 -1.8752e+00
-4.6151e+00 -4.6151e+00 -4.6151e+00 -4.6151e+00
# New trial
