# 1.0sig - Array shape (trial/sig/alpha): (30L, 4L, 4L)
-3.5698e+00 -2.3920e-03 0.0000e+00 0.0000e+00
-3.2681e+00 -1.0580e-04 0.0000e+00 0.0000e+00
-2.2989e+00 -3.3475e-09 0.0000e+00 0.0000e+00
-5.4557e-01 0.0000e+00 0.0000e+00 0.0000e+00
# New trial
-3.3941e+00 -3.9085e-04 0.0000e+00 0.0000e+00
-3.0575e+00 -1.1736e-05 0.0000e+00 0.0000e+00
-1.9106e+00 -4.0004e-11 0.0000e+00 0.0000e+00
-2.2655e-01 0.0000e+00 0.0000e+00 0.0000e+00
# New trial
-3.7569e+00 -1.6216e-02 0.0000e+00 0.0000e+00
-3.3269e+00 -1.9489e-04 0.0000e+00 0.0000e+00
-2.1569e+00 -6.8166e-10 0.0000e+00 0.0000e+00
-3.4331e-01 0.0000e+00 0.0000e+00 0.0000e+00
# New trial
-3.3963e+00 -4.0006e-04 0.0000e+00 0.0000e+00
-2.9400e+00 -3.4083e-06 0.0000e+00 0.0000e+00
-1.7154e+00 -3.8796e-12 0.0000e+00 0.0000e+00
-2.1372e-01 0.0000e+00 0.0000e+00 0.0000e+00
# New trial
-3.4302e+00 -5.6755e-04 0.0000e+00 0.0000e+00
-3.1819e+00 -4.3107e-05 0.0000e+00 0.0000e+00
-2.3055e+00 -3.6016e-09 0.0000e+00 0.0000e+00
-8.7325e-01 0.0000e+00 0.0000e+00 0.0000e+00
# New trial
-3.4605e+00 -7.7585e-04 0.0000e+00 0.0000e+00
-3.1558e+00 -3.2821e-05 0.0000e+00 0.0000e+00
-2.1550e+00 -6.6659e-10 0.0000e+00 0.0000e+00
-4.6234e-01 0.0000e+00 0.0000e+00 0.0000e+00
# New trial
-4.6149e+00 -4.6129e+00 -4.5950e+00 -4.8521e+00
-4.6151e+00 -4.6149e+00 -4.6130e+00 -4.5945e+00
-4.6151e+00 -4.6151e+00 -4.6150e+00 -4.6139e+00
-4.6151e+00 -4.6151e+00 -4.6151e+00 -4.6151e+00
# New trial
-3.6728e+00 -6.8764e-03 0.0000e+00 0.0000e+00
-3.2616e+00 -9.8937e-05 0.0000e+00 0.0000e+00
-2.1535e+00 -6.5533e-10 0.0000e+00 0.0000e+00
-3.7315e-01 0.0000e+00 0.0000e+00 0.0000e+00
# New trial
-3.2753e+00 -1.1404e-04 0.0000e+00 0.0000e+00
-2.7360e+00 -3.9004e-07 0.0000e+00 0.0000e+00
-1.3743e+00 -4.9738e-14 0.0000e+00 0.0000e+00
-1.0110e-01 0.0000e+00 0.0000e+00 0.0000e+00
# New trial
-3.6046e+00 -3.4209e-03 0.0000e+00 0.0000e+00
-3.3305e+00 -2.0225e-04 0.0000e+00 0.0000e+00
-2.5233e+00 -3.9415e-08 0.0000e+00 0.0000e+00
-1.1806e+00 0.0000e+00 0.0000e+00 0.0000e+00
# New trial
-3.3891e+00 -3.7110e-04 0.0000e+00 0.0000e+00
-3.1564e+00 -3.3059e-05 0.0000e+00 0.0000e+00
-2.5090e+00 -3.3723e-08 0.0000e+00 0.0000e+00
-1.6774e+00 -2.4372e-12 0.0000e+00 0.0000e+00
# New trial
-2.4988e+00 -3.0276e-08 0.0000e+00 0.0000e+00
-1.9584e+00 -6.9925e-11 0.0000e+00 0.0000e+00
-6.0108e-01 0.0000e+00 0.0000e+00 0.0000e+00
-1.7299e-02 0.0000e+00 0.0000e+00 0.0000e+00
# New trial
-4.6149e+00 -4.6129e+00 -4.5930e+00 -4.4118e+00
-4.6151e+00 -4.6150e+00 -4.6143e+00 -4.6069e+00
-4.6151e+00 -4.6151e+00 -4.6151e+00 -4.6148e+00
-4.6151e+00 -4.6151e+00 -4.6151e+00 -4.6151e+00
# New trial
-3.6285e+00 -4.3728e-03 0.0000e+00 0.0000e+00
-3.3210e+00 -1.8322e-04 0.0000e+00 0.0000e+00
-2.3517e+00 -6.0085e-09 0.0000e+00 0.0000e+00
-6.4501e-01 0.0000e+00 0.0000e+00 0.0000e+00
# New trial
-4.6151e+00 -4.6152e+00 -4.6158e+00 -4.6434e+00
-4.6151e+00 -4.6151e+00 -4.6149e+00 -4.6125e+00
-4.6151e+00 -4.6151e+00 -4.6151e+00 -4.6150e+00
-4.6151e+00 -4.6151e+00 -4.6151e+00 -4.6151e+00
# New trial
-3.9154e+00 -7.9366e-02 0.0000e+00 0.0000e+00
-3.5976e+00 -3.1824e-03 0.0000e+00 0.0000e+00
-2.5934e+00 -8.4206e-08 0.0000e+00 0.0000e+00
-9.2709e-01 0.0000e+00 0.0000e+00 0.0000e+00
# New trial
-3.2879e+00 -1.3012e-04 0.0000e+00 0.0000e+00
-2.6000e+00 -9.0485e-08 0.0000e+00 0.0000e+00
-1.2611e+00 -7.1054e-15 0.0000e+00 0.0000e+00
-9.7267e-02 0.0000e+00 0.0000e+00 0.0000e+00
# New trial
-3.1864e+00 -4.5225e-05 0.0000e+00 0.0000e+00
-2.6017e+00 -9.2120e-08 0.0000e+00 0.0000e+00
-1.1404e+00 0.0000e+00 0.0000e+00 0.0000e+00
-4.8332e-02 0.0000e+00 0.0000e+00 0.0000e+00
# New trial
-3.3577e+00 -2.6809e-04 0.0000e+00 0.0000e+00
-3.0155e+00 -7.5462e-06 0.0000e+00 0.0000e+00
-1.8949e+00 -3.3275e-11 0.0000e+00 0.0000e+00
-2.5934e-01 0.0000e+00 0.0000e+00 0.0000e+00
# New trial
-3.6806e+00 -7.4532e-03 0.0000e+00 0.0000e+00
-3.1585e+00 -3.3768e-05 0.0000e+00 0.0000e+00
-1.5291e+00 -3.7659e-13 0.0000e+00 0.0000e+00
-5.2034e-02 0.0000e+00 0.0000e+00 0.0000e+00
# New trial
-3.3783e+00 -3.3180e-04 0.0000e+00 0.0000e+00
-2.8886e+00 -1.9781e-06 0.0000e+00 0.0000e+00
-1.4483e+00 -1.3500e-13 0.0000e+00 0.0000e+00
-8.0517e-02 0.0000e+00 0.0000e+00 0.0000e+00
# New trial
-3.6191e+00 -3.9691e-03 0.0000e+00 0.0000e+00
-3.2281e+00 -6.9824e-05 0.0000e+00 0.0000e+00
-2.1265e+00 -4.8265e-10 0.0000e+00 0.0000e+00
-4.5356e-01 0.0000e+00 0.0000e+00 0.0000e+00
# New trial
-4.6142e+00 -4.6057e+00 -4.5227e+00 -3.8663e+00
-4.6151e+00 -4.6149e+00 -4.6128e+00 -4.5918e+00
-4.6151e+00 -4.6151e+00 -4.6151e+00 -4.6148e+00
-4.6151e+00 -4.6151e+00 -4.6151e+00 -4.6151e+00
# New trial
-3.5379e+00 -1.7232e-03 0.0000e+00 0.0000e+00
-3.1477e+00 -3.0182e-05 0.0000e+00 0.0000e+00
-2.1329e+00 -5.1934e-10 0.0000e+00 0.0000e+00
-5.9265e-01 0.0000e+00 0.0000e+00 0.0000e+00
# New trial
-3.3676e+00 -2.9715e-04 0.0000e+00 0.0000e+00
-2.9774e+00 -5.0521e-06 0.0000e+00 0.0000e+00
-1.9178e+00 -4.3549e-11 0.0000e+00 0.0000e+00
-3.3846e-01 0.0000e+00 0.0000e+00 0.0000e+00
# New trial
-3.3331e+00 -2.0778e-04 0.0000e+00 0.0000e+00
-2.6091e+00 -9.9758e-08 0.0000e+00 0.0000e+00
-1.1628e+00 0.0000e+00 0.0000e+00 0.0000e+00
-7.1707e-02 0.0000e+00 0.0000e+00 0.0000e+00
# New trial
-3.2623e+00 -9.9653e-05 0.0000e+00 0.0000e+00
-3.0902e+00 -1.6534e-05 0.0000e+00 0.0000e+00
-2.3061e+00 -3.6253e-09 0.0000e+00 0.0000e+00
-8.3908e-01 0.0000e+00 0.0000e+00 0.0000e+00
# New trial
-3.7773e+00 -1.9939e-02 0.0000e+00 0.0000e+00
-3.3162e+00 -1.7433e-04 0.0000e+00 0.0000e+00
-2.1987e+00 -1.0920e-09 0.0000e+00 0.0000e+00
-5.6735e-01 0.0000e+00 0.0000e+00 0.0000e+00
# New trial
-3.3620e+00 -2.8028e-04 0.0000e+00 0.0000e+00
-3.2564e+00 -9.3728e-05 0.0000e+00 0.0000e+00
-2.8615e+00 -1.4854e-06 0.0000e+00 0.0000e+00
-1.9174e+00 -4.3336e-11 0.0000e+00 0.0000e+00
# New trial
-3.4529e+00 -7.1760e-04 0.0000e+00 0.0000e+00
-3.1469e+00 -2.9909e-05 0.0000e+00 0.0000e+00
-2.1280e+00 -4.9111e-10 0.0000e+00 0.0000e+00
-4.4244e-01 0.0000e+00 0.0000e+00 0.0000e+00
# New trial
