# 10.0sig - Array shape (trial/sig/alpha): (30L, 4L, 4L)
-3.8468e+00 -4.1082e-02 0.0000e+00 0.0000e+00
-3.3330e+00 -2.0805e-04 0.0000e+00 0.0000e+00
-2.1424e+00 -5.7810e-10 0.0000e+00 0.0000e+00
-5.6387e-01 0.0000e+00 0.0000e+00 0.0000e+00
# New trial
-4.2259e+00 -1.0820e+00 0.0000e+00 0.0000e+00
-3.9660e+00 -1.2956e-01 0.0000e+00 0.0000e+00
-3.1971e+00 -5.0539e-05 0.0000e+00 0.0000e+00
-1.6800e+00 -2.5153e-12 0.0000e+00 0.0000e+00
# New trial
-4.6177e+00 -4.6432e+00 -5.4708e+00 -3.8037e+01
-4.5952e+00 -4.4161e+00 -2.6743e+00 -1.7461e-06
-4.4902e+00 -3.3776e+00 -3.2937e-04 0.0000e+00
-4.4920e+00 -3.3953e+00 -3.9591e-04 0.0000e+00
# New trial
-3.8693e+00 -5.8771e-02 0.0000e+00 0.0000e+00
-3.6245e+00 -4.2015e-03 0.0000e+00 0.0000e+00
-3.2482e+00 -8.5993e-05 0.0000e+00 0.0000e+00
-3.0438e+00 -1.0160e-05 0.0000e+00 0.0000e+00
# New trial
-3.9107e+00 -7.6805e-02 0.0000e+00 0.0000e+00
-3.5463e+00 -1.8806e-03 0.0000e+00 0.0000e+00
-2.6717e+00 -1.9594e-07 0.0000e+00 0.0000e+00
-1.3279e+00 -2.8422e-14 0.0000e+00 0.0000e+00
# New trial
-3.8890e+00 -6.1886e-02 0.0000e+00 0.0000e+00
-3.5099e+00 -1.2923e-03 0.0000e+00 0.0000e+00
-2.5765e+00 -7.0130e-08 0.0000e+00 0.0000e+00
-1.0179e+00 0.0000e+00 0.0000e+00 0.0000e+00
# New trial
-3.8506e+00 -4.2053e-02 0.0000e+00 0.0000e+00
-3.4617e+00 -7.8671e-04 0.0000e+00 0.0000e+00
-2.4460e+00 -1.6951e-08 0.0000e+00 0.0000e+00
-7.8357e-01 0.0000e+00 0.0000e+00 0.0000e+00
# New trial
-3.4817e+00 -1.4078e-03 0.0000e+00 0.0000e+00
-2.7868e+00 -6.8377e-07 0.0000e+00 0.0000e+00
-1.2224e+00 -7.1054e-15 0.0000e+00 0.0000e+00
-7.1531e-02 0.0000e+00 0.0000e+00 0.0000e+00
# New trial
-4.0725e+00 -3.4325e-01 0.0000e+00 0.0000e+00
-3.8459e+00 -3.9832e-02 0.0000e+00 0.0000e+00
-3.2883e+00 -1.3060e-04 0.0000e+00 0.0000e+00
-2.4260e+00 -1.3613e-08 0.0000e+00 0.0000e+00
# New trial
-3.9021e+00 -7.0107e-02 0.0000e+00 0.0000e+00
-3.5660e+00 -2.3017e-03 0.0000e+00 0.0000e+00
-2.6481e+00 -1.5188e-07 0.0000e+00 0.0000e+00
-1.1152e+00 0.0000e+00 0.0000e+00 0.0000e+00
# New trial
-3.6005e+00 -5.1296e-03 0.0000e+00 0.0000e+00
-3.1139e+00 -2.1287e-05 0.0000e+00 0.0000e+00
-1.8585e+00 -2.1636e-11 0.0000e+00 0.0000e+00
-2.9180e-01 0.0000e+00 0.0000e+00 0.0000e+00
# New trial
-3.7915e+00 -2.3428e-02 0.0000e+00 0.0000e+00
-3.4097e+00 -4.5955e-04 0.0000e+00 0.0000e+00
-2.5569e+00 -5.6751e-08 0.0000e+00 0.0000e+00
-1.2413e+00 -7.1054e-15 0.0000e+00 0.0000e+00
# New trial
-3.9287e+00 -9.0429e-02 0.0000e+00 0.0000e+00
-3.5435e+00 -1.8257e-03 0.0000e+00 0.0000e+00
-2.5508e+00 -5.3119e-08 0.0000e+00 0.0000e+00
-9.0277e-01 0.0000e+00 0.0000e+00 0.0000e+00
# New trial
-3.6524e+00 -5.6679e-03 0.0000e+00 0.0000e+00
-3.1001e+00 -1.8357e-05 0.0000e+00 0.0000e+00
-1.8799e+00 -2.7860e-11 0.0000e+00 0.0000e+00
-4.4967e-01 0.0000e+00 0.0000e+00 0.0000e+00
# New trial
-3.7956e+00 -2.4663e-02 0.0000e+00 0.0000e+00
-3.5220e+00 -1.4631e-03 0.0000e+00 0.0000e+00
-2.8413e+00 -1.1983e-06 0.0000e+00 0.0000e+00
-1.7593e+00 -6.6080e-12 0.0000e+00 0.0000e+00
# New trial
-3.7426e+00 -1.4773e-02 0.0000e+00 0.0000e+00
-3.3786e+00 -3.3330e-04 0.0000e+00 0.0000e+00
-2.4786e+00 -2.4204e-08 0.0000e+00 0.0000e+00
-9.9848e-01 0.0000e+00 0.0000e+00 0.0000e+00
# New trial
-3.8393e+00 -4.6563e-02 0.0000e+00 0.0000e+00
-3.3151e+00 -1.7469e-04 0.0000e+00 0.0000e+00
-1.9936e+00 -1.0519e-10 0.0000e+00 0.0000e+00
-3.0848e-01 0.0000e+00 0.0000e+00 0.0000e+00
# New trial
-3.6459e+00 -5.8354e-03 0.0000e+00 0.0000e+00
-3.1437e+00 -2.9046e-05 0.0000e+00 0.0000e+00
-1.9005e+00 -3.5534e-11 0.0000e+00 0.0000e+00
-3.6829e-01 0.0000e+00 0.0000e+00 0.0000e+00
# New trial
-3.9246e+00 -9.0431e-02 0.0000e+00 0.0000e+00
-3.5683e+00 -2.3580e-03 0.0000e+00 0.0000e+00
-2.6635e+00 -1.7942e-07 0.0000e+00 0.0000e+00
-1.1577e+00 0.0000e+00 0.0000e+00 0.0000e+00
# New trial
-3.7500e+00 -1.5259e-02 0.0000e+00 0.0000e+00
-3.2861e+00 -1.2761e-04 0.0000e+00 0.0000e+00
-2.1584e+00 -6.9297e-10 0.0000e+00 0.0000e+00
-6.1139e-01 0.0000e+00 0.0000e+00 0.0000e+00
# New trial
-3.9530e+00 -1.2857e-01 0.0000e+00 0.0000e+00
-3.5430e+00 -1.8232e-03 0.0000e+00 0.0000e+00
-2.5509e+00 -5.3175e-08 0.0000e+00 0.0000e+00
-1.0152e+00 0.0000e+00 0.0000e+00 0.0000e+00
# New trial
-3.7257e+00 -1.2077e-02 0.0000e+00 0.0000e+00
-3.2588e+00 -9.6227e-05 0.0000e+00 0.0000e+00
-2.0646e+00 -2.3825e-10 0.0000e+00 0.0000e+00
-5.6193e-01 0.0000e+00 0.0000e+00 0.0000e+00
# New trial
-3.8642e+00 -4.8369e-02 0.0000e+00 0.0000e+00
-3.5033e+00 -1.2074e-03 0.0000e+00 0.0000e+00
-2.5565e+00 -5.6494e-08 0.0000e+00 0.0000e+00
-1.0011e+00 0.0000e+00 0.0000e+00 0.0000e+00
# New trial
-4.0834e+00 -3.7946e-01 0.0000e+00 0.0000e+00
-3.8322e+00 -3.4695e-02 0.0000e+00 0.0000e+00
-3.3079e+00 -1.6002e-04 0.0000e+00 0.0000e+00
-2.6672e+00 -1.8657e-07 0.0000e+00 0.0000e+00
# New trial
-4.0140e+00 -2.0392e-01 0.0000e+00 0.0000e+00
-3.7025e+00 -9.3208e-03 0.0000e+00 0.0000e+00
-2.8245e+00 -1.0021e-06 0.0000e+00 0.0000e+00
-1.2459e+00 -7.1054e-15 0.0000e+00 0.0000e+00
# New trial
-4.6182e+00 -4.6469e+00 -5.0133e+00 -1.5029e+01
-4.6117e+00 -4.5807e+00 -4.2767e+00 -1.9258e+00
-4.5973e+00 -4.4376e+00 -2.8686e+00 -1.6011e-06
-4.6071e+00 -4.5345e+00 -3.8130e+00 -2.8604e-02
# New trial
-4.0105e+00 -2.0032e-01 0.0000e+00 0.0000e+00
-3.5344e+00 -1.6634e-03 0.0000e+00 0.0000e+00
-2.3284e+00 -4.6441e-09 0.0000e+00 0.0000e+00
-6.5967e-01 0.0000e+00 0.0000e+00 0.0000e+00
# New trial
-3.8823e+00 -5.9769e-02 0.0000e+00 0.0000e+00
-3.5648e+00 -2.2765e-03 0.0000e+00 0.0000e+00
-2.7241e+00 -3.4338e-07 0.0000e+00 0.0000e+00
-1.2778e+00 -1.4211e-14 0.0000e+00 0.0000e+00
# New trial
-3.5818e+00 -3.9261e-03 0.0000e+00 0.0000e+00
-2.9099e+00 -2.4989e-06 0.0000e+00 0.0000e+00
-1.5142e+00 -3.1264e-13 0.0000e+00 0.0000e+00
-2.2776e-01 0.0000e+00 0.0000e+00 0.0000e+00
# New trial
-3.8135e+00 -2.8772e-02 0.0000e+00 0.0000e+00
-3.3675e+00 -2.9668e-04 0.0000e+00 0.0000e+00
-2.3284e+00 -4.6417e-09 0.0000e+00 0.0000e+00
-8.5584e-01 0.0000e+00 0.0000e+00 0.0000e+00
# New trial
