# 10.0sig - Array shape (trial/sig/alpha): (30L, 4L, 4L)
-4.4659e+00 -3.8435e+00 -1.4373e+01 -1.4296e+02
-4.5680e+00 -4.2268e+00 -8.7217e+00 -8.6958e+01
-4.6148e+00 -4.6118e+00 -4.5846e+00 -5.1341e+00
-4.6151e+00 -4.6151e+00 -4.6151e+00 -4.6151e+00
# New trial
-5.0309e+00 -1.2621e+01 -1.1713e+02 -1.1709e+03
-4.7214e+00 -6.2079e+00 -3.8673e+01 -3.8671e+02
-4.6154e+00 -4.6181e+00 -4.6593e+00 -5.9202e+00
-4.6151e+00 -4.6151e+00 -4.6151e+00 -4.6151e+00
# New trial
-5.0659e+00 -1.7861e+01 -1.7853e+02 -1.7853e+03
-4.7663e+00 -6.7497e+00 -5.4077e+01 -5.4077e+02
-4.6165e+00 -4.6292e+00 -4.7619e+00 -7.3519e+00
-4.6151e+00 -4.6151e+00 -4.6151e+00 -4.6151e+00
# New trial
-4.2911e+00 -1.1281e+01 -1.1276e+02 -1.1276e+03
-4.4953e+00 -4.0512e+00 -2.2259e+01 -2.2256e+02
-4.6142e+00 -4.6058e+00 -4.5271e+00 -4.3044e+00
-4.6151e+00 -4.6151e+00 -4.6151e+00 -4.6151e+00
# New trial
-4.4991e+00 -1.1213e+01 -1.0740e+02 -1.0739e+03
-4.5786e+00 -5.0476e+00 -2.9181e+01 -2.9152e+02
-4.6152e+00 -4.6163e+00 -4.6361e+00 -5.7812e+00
-4.6151e+00 -4.6151e+00 -4.6151e+00 -4.6151e+00
# New trial
-4.4753e+00 -1.9404e+01 -1.9028e+02 -1.9028e+03
-4.4848e+00 -5.8701e+00 -4.9241e+01 -4.9241e+02
-4.6145e+00 -4.6097e+00 -4.6055e+00 -1.2491e+01
-4.6151e+00 -4.6151e+00 -4.6151e+00 -4.6151e+00
# New trial
-4.9987e+00 -2.1719e+01 -2.1717e+02 -2.1717e+03
-4.6803e+00 -7.9015e+00 -7.6552e+01 -7.6552e+02
-4.6151e+00 -4.6157e+00 -4.6508e+00 -1.3044e+01
-4.6151e+00 -4.6151e+00 -4.6151e+00 -4.6151e+00
# New trial
-4.4478e+00 -1.2654e+01 -1.2022e+02 -1.2022e+03
-4.5227e+00 -6.1721e+00 -4.8652e+01 -4.8644e+02
-4.6148e+00 -4.6121e+00 -4.6700e+00 -2.1252e+01
-4.6151e+00 -4.6151e+00 -4.6151e+00 -4.6151e+00
# New trial
-4.6213e+00 -6.3310e+00 -5.4425e+01 -5.4425e+02
-4.6136e+00 -4.6950e+00 -1.3068e+01 -1.3013e+02
-4.6151e+00 -4.6150e+00 -4.6163e+00 -4.8235e+00
-4.6151e+00 -4.6151e+00 -4.6151e+00 -4.6151e+00
# New trial
-4.5215e+00 -6.8855e+00 -6.3735e+01 -6.3735e+02
-4.5721e+00 -4.4665e+00 -1.6377e+01 -1.6129e+02
-4.6149e+00 -4.6128e+00 -4.5959e+00 -4.8594e+00
-4.6151e+00 -4.6151e+00 -4.6151e+00 -4.6151e+00
# New trial
-4.3737e+00 -2.8191e+00 -1.0625e+01 -1.0625e+02
-4.5676e+00 -4.1894e+00 -5.2332e+00 -4.9873e+01
-4.6150e+00 -4.6142e+00 -4.6073e+00 -4.6761e+00
-4.6151e+00 -4.6151e+00 -4.6151e+00 -4.6151e+00
# New trial
-4.5395e+00 -9.2642e+00 -9.2033e+01 -9.2033e+02
-4.5946e+00 -4.7795e+00 -2.9150e+01 -2.9150e+02
-4.6153e+00 -4.6167e+00 -4.6375e+00 -7.3293e+00
-4.6151e+00 -4.6151e+00 -4.6151e+00 -4.6151e+00
# New trial
-4.8041e+00 -1.2587e+01 -1.2571e+02 -1.2571e+03
-4.6593e+00 -5.3952e+00 -3.2154e+01 -3.2151e+02
-4.6150e+00 -4.6143e+00 -4.6107e+00 -4.9693e+00
-4.6151e+00 -4.6151e+00 -4.6151e+00 -4.6151e+00
# New trial
-4.9070e+00 -1.9827e+01 -1.9571e+02 -1.9571e+03
-4.6494e+00 -6.4573e+00 -4.7340e+01 -4.7002e+02
-4.6158e+00 -4.6218e+00 -4.7116e+00 -9.4893e+00
-4.6151e+00 -4.6151e+00 -4.6151e+00 -4.6151e+00
# New trial
-3.9771e+00 -1.4118e+01 -1.4012e+02 -1.4012e+03
-4.4395e+00 -5.5408e+00 -4.7680e+01 -4.7679e+02
-4.6148e+00 -4.6128e+00 -4.6464e+00 -1.2393e+01
-4.6151e+00 -4.6151e+00 -4.6151e+00 -4.6151e+00
# New trial
-4.9771e+00 -1.8209e+01 -1.8193e+02 -1.8193e+03
-4.6886e+00 -6.7191e+00 -5.0612e+01 -5.0579e+02
-4.6154e+00 -4.6183e+00 -4.6728e+00 -8.3022e+00
-4.6151e+00 -4.6151e+00 -4.6151e+00 -4.6151e+00
# New trial
-3.5179e+00 -1.2707e+01 -1.2706e+02 -1.2706e+03
-4.2470e+00 -4.0455e+00 -3.3709e+01 -3.3709e+02
-4.6135e+00 -4.5997e+00 -4.5013e+00 -7.9956e+00
-4.6151e+00 -4.6151e+00 -4.6151e+00 -4.6151e+00
# New trial
-5.4299e+00 -3.5388e+01 -3.5324e+02 -3.5324e+03
-4.7236e+00 -1.1352e+01 -1.1018e+02 -1.1018e+03
-4.6177e+00 -4.6425e+00 -5.2905e+00 -4.0144e+01
-4.6151e+00 -4.6151e+00 -4.6151e+00 -4.6151e+00
# New trial
-4.9328e+00 -1.4822e+01 -1.4578e+02 -1.4578e+03
-4.6544e+00 -5.8282e+00 -3.3961e+01 -3.3278e+02
-4.6148e+00 -4.6124e+00 -4.6076e+00 -7.4413e+00
-4.6151e+00 -4.6151e+00 -4.6151e+00 -4.6151e+00
# New trial
-3.8353e+00 -3.8307e+00 -3.5978e+01 -3.5978e+02
-4.4526e+00 -3.7804e+00 -1.1999e+01 -1.1315e+02
-4.6147e+00 -4.6109e+00 -4.5851e+00 -5.9367e+00
-4.6151e+00 -4.6151e+00 -4.6151e+00 -4.6151e+00
# New trial
-4.4149e+00 -1.9169e+01 -1.9169e+02 -1.9169e+03
-4.5234e+00 -4.6003e+00 -3.0166e+01 -3.0166e+02
-4.6147e+00 -4.6113e+00 -4.5896e+00 -6.1937e+00
-4.6151e+00 -4.6151e+00 -4.6151e+00 -4.6151e+00
# New trial
-4.5323e+00 -8.6384e+00 -7.4462e+01 -7.3906e+02
-4.5840e+00 -5.2470e+00 -3.7589e+01 -3.7589e+02
-4.6153e+00 -4.6172e+00 -4.6658e+00 -1.3714e+01
-4.6151e+00 -4.6151e+00 -4.6151e+00 -4.6151e+00
# New trial
-5.0809e+00 -1.5683e+01 -1.5428e+02 -1.5428e+03
-4.7425e+00 -6.4561e+00 -4.1037e+01 -4.0597e+02
-4.6160e+00 -4.6241e+00 -4.7128e+00 -7.1208e+00
-4.6151e+00 -4.6151e+00 -4.6151e+00 -4.6151e+00
# New trial
-4.9669e+00 -1.8790e+01 -1.8245e+02 -1.8245e+03
-4.6853e+00 -7.2419e+00 -6.2738e+01 -6.2738e+02
-4.6155e+00 -4.6191e+00 -4.6803e+00 -8.9524e+00
-4.6151e+00 -4.6151e+00 -4.6151e+00 -4.6151e+00
# New trial
-5.3362e+00 -3.3422e+01 -3.3420e+02 -3.3420e+03
-4.7142e+00 -9.9126e+00 -9.0694e+01 -9.0681e+02
-4.6155e+00 -4.6192e+00 -4.7137e+00 -1.4885e+01
-4.6151e+00 -4.6151e+00 -4.6151e+00 -4.6151e+00
# New trial
-3.8629e+00 -7.8815e+00 -7.4055e+01 -7.4055e+02
-4.2692e+00 -2.8501e+00 -1.1591e+01 -1.1573e+02
-4.6100e+00 -4.5639e+00 -4.1358e+00 -5.9111e+00
-4.6151e+00 -4.6151e+00 -4.6151e+00 -4.6151e+00
# New trial
-3.3242e+00 -1.0287e+00 -3.4600e+00 -3.4280e+01
-4.3293e+00 -2.7322e+00 -1.0679e+01 -1.0643e+02
-4.6138e+00 -4.6020e+00 -4.4968e+00 -5.1894e+00
-4.6151e+00 -4.6151e+00 -4.6151e+00 -4.6151e+00
# New trial
-4.1582e+00 -1.3583e+01 -1.3274e+02 -1.3274e+03
-4.4477e+00 -4.5498e+00 -3.3689e+01 -3.3688e+02
-4.6141e+00 -4.6054e+00 -4.5482e+00 -5.3292e+00
-4.6151e+00 -4.6151e+00 -4.6151e+00 -4.6151e+00
# New trial
-5.2981e+00 -1.9919e+01 -1.9449e+02 -1.9449e+03
-4.8580e+00 -8.8481e+00 -7.1904e+01 -7.1601e+02
-4.6171e+00 -4.6358e+00 -4.8595e+00 -1.4496e+01
-4.6151e+00 -4.6151e+00 -4.6151e+00 -4.6151e+00
# New trial
-4.3356e+00 -4.0871e+00 -2.8543e+01 -2.8541e+02
-4.5456e+00 -4.1220e+00 -8.5377e+00 -8.4222e+01
-4.6147e+00 -4.6106e+00 -4.5733e+00 -4.4732e+00
-4.6151e+00 -4.6151e+00 -4.6151e+00 -4.6151e+00
# New trial
