# 10.0sig - Array shape (trial/sig/alpha): (30L, 4L, 4L)
-4.4152e+00 -3.1954e+00 -8.9260e+00 -8.9220e+01
-4.5553e+00 -4.0841e+00 -5.6398e+00 -5.4987e+01
-4.6146e+00 -4.6097e+00 -4.5633e+00 -4.5730e+00
-4.6151e+00 -4.6151e+00 -4.6151e+00 -4.6151e+00
# New trial
-3.8158e+00 -2.5926e-01 -1.4276e-08 0.0000e+00
-4.3860e+00 -2.6938e+00 -3.1899e+00 -3.1477e+01
-4.6134e+00 -4.5984e+00 -4.4564e+00 -4.1852e+00
-4.6151e+00 -4.6151e+00 -4.6151e+00 -4.6151e+00
# New trial
-4.3440e+00 -9.7199e+00 -8.9099e+01 -8.9087e+02
-4.4188e+00 -3.3894e+00 -1.0751e+01 -1.0727e+02
-4.6098e+00 -4.5619e+00 -4.0940e+00 -1.0729e+00
-4.6151e+00 -4.6151e+00 -4.6151e+00 -4.6151e+00
# New trial
-4.0819e+00 -6.9755e+00 -6.8648e+01 -6.8648e+02
-4.4325e+00 -3.3235e+00 -9.3320e+00 -8.7728e+01
-4.6120e+00 -4.5836e+00 -4.3063e+00 -2.1750e+00
-4.6151e+00 -4.6151e+00 -4.6151e+00 -4.6151e+00
# New trial
-4.7097e+00 -1.1727e+01 -1.1045e+02 -1.1033e+03
-4.6165e+00 -5.2124e+00 -3.1405e+01 -3.1397e+02
-4.6144e+00 -4.6078e+00 -4.5547e+00 -6.4162e+00
-4.6151e+00 -4.6151e+00 -4.6151e+00 -4.6151e+00
# New trial
-3.9344e+00 -9.0816e+00 -9.0766e+01 -9.0766e+02
-4.4005e+00 -3.2318e+00 -1.3562e+01 -1.3482e+02
-4.6129e+00 -4.5931e+00 -4.4104e+00 -5.2053e+00
-4.6151e+00 -4.6151e+00 -4.6151e+00 -4.6151e+00
# New trial
-4.0379e+00 -1.3723e+01 -1.3703e+02 -1.3703e+03
-4.1751e+00 -4.2491e+00 -3.8810e+01 -3.8810e+02
-4.6025e+00 -4.4901e+00 -3.4598e+00 -3.2177e+00
-4.6151e+00 -4.6151e+00 -4.6151e+00 -4.6151e+00
# New trial
-4.3069e+00 -9.5397e+00 -9.5253e+01 -9.5253e+02
-4.4912e+00 -4.1876e+00 -2.4917e+01 -2.4917e+02
-4.6126e+00 -4.5897e+00 -4.3806e+00 -5.6788e+00
-4.6151e+00 -4.6151e+00 -4.6151e+00 -4.6151e+00
# New trial
-4.4590e+00 -5.8207e+00 -4.6884e+01 -4.6881e+02
-4.5554e+00 -4.2624e+00 -1.6956e+01 -1.6939e+02
-4.6142e+00 -4.6063e+00 -4.5326e+00 -4.9870e+00
-4.6151e+00 -4.6151e+00 -4.6151e+00 -4.6151e+00
# New trial
-4.5043e+00 -1.0829e+01 -1.0640e+02 -1.0640e+03
-4.5161e+00 -4.5452e+00 -3.0035e+01 -3.0034e+02
-4.6132e+00 -4.5963e+00 -4.4386e+00 -4.7028e+00
-4.6151e+00 -4.6151e+00 -4.6151e+00 -4.6151e+00
# New trial
-3.7983e+00 -9.9640e-01 -7.2009e-04 0.0000e+00
-4.3309e+00 -2.2890e+00 -3.9885e-03 0.0000e+00
-4.6090e+00 -4.5536e+00 -4.0145e+00 -7.3413e-01
-4.6151e+00 -4.6151e+00 -4.6151e+00 -4.6151e+00
# New trial
-4.5747e+00 -4.8495e+00 -2.4216e+01 -2.3999e+02
-4.5912e+00 -4.4122e+00 -5.7807e+00 -4.7689e+01
-4.6141e+00 -4.6054e+00 -4.5186e+00 -3.7604e+00
-4.6151e+00 -4.6151e+00 -4.6151e+00 -4.6151e+00
# New trial
-4.4393e+00 -7.3129e+00 -7.2018e+01 -7.2018e+02
-4.5350e+00 -4.0992e+00 -1.5334e+01 -1.5257e+02
-4.6141e+00 -4.6052e+00 -4.5200e+00 -4.1014e+00
-4.6151e+00 -4.6151e+00 -4.6151e+00 -4.6151e+00
# New trial
-4.0897e+00 -1.1014e+01 -1.0890e+02 -1.0890e+03
-4.3636e+00 -3.5666e+00 -1.6311e+01 -1.6244e+02
-4.6109e+00 -4.5728e+00 -4.2263e+00 -6.1196e+00
-4.6151e+00 -4.6151e+00 -4.6151e+00 -4.6151e+00
# New trial
-4.5108e+00 -1.2178e+01 -1.2172e+02 -1.2172e+03
-4.5329e+00 -4.9384e+00 -4.1886e+01 -4.1886e+02
-4.6135e+00 -4.5994e+00 -4.4756e+00 -7.6497e+00
-4.6151e+00 -4.6151e+00 -4.6151e+00 -4.6151e+00
# New trial
-4.7343e+00 -1.7247e+01 -1.6765e+02 -1.6765e+03
-4.5830e+00 -6.2529e+00 -5.5230e+01 -5.5230e+02
-4.6131e+00 -4.5954e+00 -4.4743e+00 -1.5114e+01
-4.6151e+00 -4.6151e+00 -4.6151e+00 -4.6151e+00
# New trial
-4.9467e+00 -1.9983e+01 -1.9816e+02 -1.9816e+03
-4.5842e+00 -5.5218e+00 -3.6635e+01 -3.6243e+02
-4.6115e+00 -4.5794e+00 -4.2771e+00 -4.2871e+00
-4.6151e+00 -4.6151e+00 -4.6151e+00 -4.6151e+00
# New trial
-5.6485e+00 -3.9534e+01 -3.9530e+02 -3.9530e+03
-4.5810e+00 -9.2370e+00 -8.3494e+01 -8.3493e+02
-4.6080e+00 -4.5462e+00 -4.2616e+00 -2.6283e+01
-4.6151e+00 -4.6151e+00 -4.6151e+00 -4.6150e+00
# New trial
-4.7027e+00 -8.6198e+00 -8.1438e+01 -8.1438e+02
-4.6156e+00 -4.7968e+00 -1.7703e+01 -1.7617e+02
-4.6150e+00 -4.6139e+00 -4.6068e+00 -5.0182e+00
-4.6151e+00 -4.6151e+00 -4.6151e+00 -4.6151e+00
# New trial
-3.6082e+00 -2.6797e+00 -1.8323e+01 -1.7932e+02
-4.2351e+00 -1.6938e+00 -1.8762e-03 0.0000e+00
-4.6062e+00 -4.5262e+00 -3.7401e+00 -4.9853e-02
-4.6151e+00 -4.6151e+00 -4.6151e+00 -4.6151e+00
# New trial
-4.0399e+00 -1.4619e+01 -1.4543e+02 -1.4543e+03
-4.3424e+00 -3.6025e+00 -2.8872e+01 -2.8872e+02
-4.6105e+00 -4.5692e+00 -4.1743e+00 -2.8725e+00
-4.6151e+00 -4.6151e+00 -4.6151e+00 -4.6151e+00
# New trial
-3.9916e+00 -4.3905e+00 -3.6588e+01 -3.6575e+02
-4.3587e+00 -2.9944e+00 -9.8036e+00 -9.1464e+01
-4.6106e+00 -4.5704e+00 -4.1974e+00 -7.7948e+00
-4.6151e+00 -4.6151e+00 -4.6151e+00 -4.6151e+00
# New trial
-4.1287e+00 -2.7786e+00 -1.6692e+01 -1.6181e+02
-4.4705e+00 -3.4506e+00 -6.2873e+00 -6.0609e+01
-4.6135e+00 -4.5992e+00 -4.4605e+00 -3.6958e+00
-4.6151e+00 -4.6151e+00 -4.6151e+00 -4.6151e+00
# New trial
-4.3966e+00 -1.9581e+01 -1.9562e+02 -1.9562e+03
-4.3035e+00 -5.2412e+00 -5.0456e+01 -5.0456e+02
-4.6046e+00 -4.5099e+00 -3.6165e+00 -1.5769e+00
-4.6151e+00 -4.6151e+00 -4.6151e+00 -4.6151e+00
# New trial
-3.8864e+00 -1.5112e+01 -1.5003e+02 -1.5003e+03
-4.1402e+00 -3.9580e+00 -3.2000e+01 -3.1981e+02
-4.6086e+00 -4.5508e+00 -4.0329e+00 -8.2580e+00
-4.6151e+00 -4.6151e+00 -4.6151e+00 -4.6151e+00
# New trial
-3.1532e+00 -6.7549e+00 -6.7518e+01 -6.7518e+02
-3.9916e+00 -2.0314e+00 -1.5984e+01 -1.5984e+02
-4.6061e+00 -4.5255e+00 -3.8052e+00 -6.6032e+00
-4.6151e+00 -4.6151e+00 -4.6151e+00 -4.6151e+00
# New trial
-3.7150e+00 -3.1430e+00 -2.7597e+01 -2.7597e+02
-4.3325e+00 -2.8154e+00 -1.1683e+01 -1.1665e+02
-4.6124e+00 -4.5884e+00 -4.3698e+00 -8.2332e+00
-4.6151e+00 -4.6151e+00 -4.6151e+00 -4.6151e+00
# New trial
-4.7422e+00 -2.5174e+01 -2.5164e+02 -2.5164e+03
-4.4277e+00 -6.0750e+00 -5.4638e+01 -5.4638e+02
-4.6096e+00 -4.5612e+00 -4.1446e+00 -7.6426e+00
-4.6151e+00 -4.6151e+00 -4.6151e+00 -4.6151e+00
# New trial
-5.0492e+00 -2.0096e+01 -1.8948e+02 -1.8941e+03
-4.6074e+00 -6.7384e+00 -5.0295e+01 -5.0252e+02
-4.6101e+00 -4.5655e+00 -4.1605e+00 -7.1232e+00
-4.6151e+00 -4.6151e+00 -4.6151e+00 -4.6151e+00
# New trial
-3.5307e+00 -1.2267e+00 -5.9212e+00 -5.9185e+01
-4.1581e+00 -1.3218e+00 -3.4111e-04 0.0000e+00
-4.6056e+00 -4.5205e+00 -3.7025e+00 -1.4174e+00
-4.6151e+00 -4.6151e+00 -4.6151e+00 -4.6151e+00
# New trial
