# 1.0sig - Array shape (trial/sig/alpha): (30L, 4L, 4L)
-3.0393e+00 -4.3418e-03 0.0000e+00 0.0000e+00
-2.1482e+00 -1.5183e-09 0.0000e+00 0.0000e+00
-6.9977e-01 0.0000e+00 0.0000e+00 0.0000e+00
-2.6003e-01 0.0000e+00 0.0000e+00 0.0000e+00
# New trial
-3.7934e+00 -4.7312e-01 -3.9036e-04 0.0000e+00
-3.1955e+00 -5.9811e-05 0.0000e+00 0.0000e+00
-2.4292e+00 -1.4110e-08 0.0000e+00 0.0000e+00
-2.4962e+00 -2.9321e-08 0.0000e+00 0.0000e+00
# New trial
-3.6532e+00 -8.3358e-03 0.0000e+00 0.0000e+00
-3.2905e+00 -1.3628e-04 0.0000e+00 0.0000e+00
-2.7430e+00 -4.2031e-07 0.0000e+00 0.0000e+00
-2.5969e+00 -8.7523e-08 0.0000e+00 0.0000e+00
# New trial
-3.8551e+00 -3.5842e+00 -3.5442e+01 -3.5442e+02
-3.2017e+00 -6.8059e-05 0.0000e+00 0.0000e+00
-2.3015e+00 -3.4438e-09 0.0000e+00 0.0000e+00
-2.0511e+00 -2.0423e-10 0.0000e+00 0.0000e+00
# New trial
-3.5669e+00 -1.7514e-01 -1.1727e-08 0.0000e+00
-2.7446e+00 -5.5973e-07 0.0000e+00 0.0000e+00
-1.3807e+00 -5.6843e-14 0.0000e+00 0.0000e+00
-6.2679e-01 0.0000e+00 0.0000e+00 0.0000e+00
# New trial
-3.5536e+00 -7.2162e-02 -2.8422e-14 0.0000e+00
-2.6987e+00 -3.6360e-07 0.0000e+00 0.0000e+00
-1.4192e+00 -9.2371e-14 0.0000e+00 0.0000e+00
-9.7551e-01 0.0000e+00 0.0000e+00 0.0000e+00
# New trial
-3.4947e+00 -2.5473e-02 0.0000e+00 0.0000e+00
-2.6138e+00 -1.4558e-07 0.0000e+00 0.0000e+00
-1.1794e+00 0.0000e+00 0.0000e+00 0.0000e+00
-5.3802e-01 0.0000e+00 0.0000e+00 0.0000e+00
# New trial
-3.1030e+00 -8.3986e-01 -1.1901e-03 0.0000e+00
-1.8668e+00 -1.4426e-10 0.0000e+00 0.0000e+00
-3.7812e-01 0.0000e+00 0.0000e+00 0.0000e+00
-1.2598e-01 0.0000e+00 0.0000e+00 0.0000e+00
# New trial
-3.7141e+00 -1.8467e-02 0.0000e+00 0.0000e+00
-3.2244e+00 -7.1013e-05 0.0000e+00 0.0000e+00
-2.4575e+00 -1.9227e-08 0.0000e+00 0.0000e+00
-2.1312e+00 -5.0914e-10 0.0000e+00 0.0000e+00
# New trial
-3.2975e+00 -3.3516e-04 0.0000e+00 0.0000e+00
-2.6663e+00 -1.9018e-07 0.0000e+00 0.0000e+00
-1.4101e+00 -7.8160e-14 0.0000e+00 0.0000e+00
-4.2349e-01 0.0000e+00 0.0000e+00 0.0000e+00
# New trial
-3.3374e+00 -7.1133e+00 -7.0637e+01 -7.0637e+02
-2.1922e+00 -4.8061e-09 0.0000e+00 0.0000e+00
-7.2761e-01 0.0000e+00 0.0000e+00 0.0000e+00
-2.4692e-01 0.0000e+00 0.0000e+00 0.0000e+00
# New trial
-3.4868e+00 -8.1503e-03 0.0000e+00 0.0000e+00
-2.7759e+00 -6.7545e-07 0.0000e+00 0.0000e+00
-1.5095e+00 -2.9843e-13 0.0000e+00 0.0000e+00
-7.1005e-01 0.0000e+00 0.0000e+00 0.0000e+00
# New trial
-3.3258e+00 -5.8799e-04 0.0000e+00 0.0000e+00
-2.5632e+00 -6.9240e-08 0.0000e+00 0.0000e+00
-1.1638e+00 0.0000e+00 0.0000e+00 0.0000e+00
-3.3132e-01 0.0000e+00 0.0000e+00 0.0000e+00
# New trial
-3.1459e+00 -4.9283e-03 0.0000e+00 0.0000e+00
-2.2338e+00 -2.7902e-09 0.0000e+00 0.0000e+00
-7.0361e-01 0.0000e+00 0.0000e+00 0.0000e+00
-1.8351e-01 0.0000e+00 0.0000e+00 0.0000e+00
# New trial
-3.6091e+00 -9.7672e-02 -3.7232e-12 0.0000e+00
-3.0973e+00 -2.1867e-05 0.0000e+00 0.0000e+00
-2.7505e+00 -4.5541e-07 0.0000e+00 0.0000e+00
-3.1238e+00 -2.3502e-05 0.0000e+00 0.0000e+00
# New trial
-3.7766e+00 -6.1436e+00 -6.0799e+01 -6.0799e+02
-2.6308e+00 -3.8229e-07 0.0000e+00 0.0000e+00
-1.1891e+00 -7.1054e-15 0.0000e+00 0.0000e+00
-7.4423e-01 0.0000e+00 0.0000e+00 0.0000e+00
# New trial
-3.7106e+00 -4.3949e+00 -3.7674e+01 -3.7665e+02
-2.6030e+00 -3.4250e-07 0.0000e+00 0.0000e+00
-9.2848e-01 0.0000e+00 0.0000e+00 0.0000e+00
-4.5190e-01 0.0000e+00 0.0000e+00 0.0000e+00
# New trial
-3.5922e+00 -1.8204e+00 -1.3277e+01 -1.3277e+02
-2.3645e+00 -1.5879e-08 0.0000e+00 0.0000e+00
-7.5271e-01 0.0000e+00 0.0000e+00 0.0000e+00
-3.5007e-01 0.0000e+00 0.0000e+00 0.0000e+00
# New trial
-3.5389e+00 -1.7707e+00 -1.5371e+01 -1.5371e+02
-2.7064e+00 -5.4013e-07 0.0000e+00 0.0000e+00
-1.3092e+00 -2.1316e-14 0.0000e+00 0.0000e+00
-6.1462e-01 0.0000e+00 0.0000e+00 0.0000e+00
# New trial
-2.9303e+00 -4.7285e-04 0.0000e+00 0.0000e+00
-2.0350e+00 -2.4887e-10 0.0000e+00 0.0000e+00
-6.4766e-01 0.0000e+00 0.0000e+00 0.0000e+00
-1.1085e-01 0.0000e+00 0.0000e+00 0.0000e+00
# New trial
-3.8279e+00 -7.5359e+00 -7.4955e+01 -7.4955e+02
-2.8545e+00 -4.4579e-06 0.0000e+00 0.0000e+00
-1.3312e+00 -2.8422e-14 0.0000e+00 0.0000e+00
-7.0720e-01 0.0000e+00 0.0000e+00 0.0000e+00
# New trial
-3.2794e+00 -1.9100e-02 0.0000e+00 0.0000e+00
-2.3645e+00 -1.0995e-08 0.0000e+00 0.0000e+00
-9.3958e-01 0.0000e+00 0.0000e+00 0.0000e+00
-4.4687e-01 0.0000e+00 0.0000e+00 0.0000e+00
# New trial
-3.4073e+00 -2.6706e-02 0.0000e+00 0.0000e+00
-2.6288e+00 -1.9709e-07 0.0000e+00 0.0000e+00
-1.3079e+00 -2.1316e-14 0.0000e+00 0.0000e+00
-6.4327e-01 0.0000e+00 0.0000e+00 0.0000e+00
# New trial
-3.6785e+00 -2.0574e-01 -1.9327e-11 0.0000e+00
-2.9923e+00 -7.3519e-06 0.0000e+00 0.0000e+00
-1.8348e+00 -1.6321e-11 0.0000e+00 0.0000e+00
-1.1224e+00 0.0000e+00 0.0000e+00 0.0000e+00
# New trial
-3.2548e+00 -5.6402e-04 0.0000e+00 0.0000e+00
-2.5834e+00 -8.7162e-08 0.0000e+00 0.0000e+00
-1.3357e+00 -2.8422e-14 0.0000e+00 0.0000e+00
-5.6061e-01 0.0000e+00 0.0000e+00 0.0000e+00
# New trial
-3.2109e+00 -1.2228e-04 0.0000e+00 0.0000e+00
-2.4760e+00 -2.4937e-08 0.0000e+00 0.0000e+00
-1.1096e+00 0.0000e+00 0.0000e+00 0.0000e+00
-3.0437e-01 0.0000e+00 0.0000e+00 0.0000e+00
# New trial
-3.2648e+00 -4.5238e-02 -2.8422e-14 0.0000e+00
-2.4684e+00 -3.2247e-08 0.0000e+00 0.0000e+00
-1.0964e+00 0.0000e+00 0.0000e+00 0.0000e+00
-5.0531e-01 0.0000e+00 0.0000e+00 0.0000e+00
# New trial
-3.8032e+00 -2.6655e+00 -2.2703e+01 -2.2703e+02
-2.9731e+00 -8.7139e-06 0.0000e+00 0.0000e+00
-1.7462e+00 -5.6417e-12 0.0000e+00 0.0000e+00
-1.4419e+00 -1.2079e-13 0.0000e+00 0.0000e+00
# New trial
-3.2782e+00 -4.4848e+00 -4.3032e+01 -4.3032e+02
-2.0273e+00 -5.6765e-10 0.0000e+00 0.0000e+00
-4.3482e-01 0.0000e+00 0.0000e+00 0.0000e+00
-1.0464e-01 0.0000e+00 0.0000e+00 0.0000e+00
# New trial
-3.1340e+00 -5.7583e-05 0.0000e+00 0.0000e+00
-2.4036e+00 -1.1384e-08 0.0000e+00 0.0000e+00
-1.0540e+00 0.0000e+00 0.0000e+00 0.0000e+00
-2.2204e-01 0.0000e+00 0.0000e+00 0.0000e+00
# New trial
