# 1.0sig - Array shape (trial/sig/alpha): (30L, 4L, 4L)
-4.0988e+00 -1.2515e+01 -1.2444e+02 -1.2444e+03
-4.3015e+00 -4.0727e+00 -2.9404e+01 -2.9394e+02
-4.6106e+00 -4.5703e+00 -4.2077e+00 -4.9398e+00
-4.6151e+00 -4.6151e+00 -4.6151e+00 -4.6151e+00
# New trial
-4.5458e+00 -1.8440e+01 -1.8438e+02 -1.8438e+03
-4.5777e+00 -5.9505e+00 -5.0154e+01 -5.0154e+02
-4.6158e+00 -4.6216e+00 -4.6977e+00 -7.2307e+00
-4.6151e+00 -4.6151e+00 -4.6151e+00 -4.6151e+00
# New trial
-4.5400e+00 -4.8316e+00 -3.1088e+01 -3.0953e+02
-4.5852e+00 -4.3691e+00 -8.7314e+00 -8.6134e+01
-4.6148e+00 -4.6122e+00 -4.5871e+00 -4.4458e+00
-4.6151e+00 -4.6151e+00 -4.6151e+00 -4.6151e+00
# New trial
-4.5529e+00 -1.2244e+01 -1.2226e+02 -1.2226e+03
-4.5851e+00 -4.8781e+00 -2.9300e+01 -2.9300e+02
-4.6152e+00 -4.6161e+00 -4.6335e+00 -6.4204e+00
-4.6151e+00 -4.6151e+00 -4.6151e+00 -4.6151e+00
# New trial
-4.7911e+00 -1.3765e+01 -1.3541e+02 -1.3541e+03
-4.6568e+00 -5.6711e+00 -4.2062e+01 -4.2062e+02
-4.6156e+00 -4.6205e+00 -4.6811e+00 -8.6539e+00
-4.6151e+00 -4.6151e+00 -4.6151e+00 -4.6151e+00
# New trial
-4.5899e+00 -1.5439e+01 -1.5426e+02 -1.5426e+03
-4.5797e+00 -5.5500e+00 -3.9912e+01 -3.9910e+02
-4.6149e+00 -4.6128e+00 -4.6094e+00 -6.4115e+00
-4.6151e+00 -4.6151e+00 -4.6151e+00 -4.6151e+00
# New trial
-4.5446e+00 -1.2407e+01 -1.1835e+02 -1.1833e+03
-4.5877e+00 -5.6146e+00 -3.6413e+01 -3.6352e+02
-4.6155e+00 -4.6194e+00 -4.6812e+00 -1.1046e+01
-4.6151e+00 -4.6151e+00 -4.6151e+00 -4.6151e+00
# New trial
-4.6324e+00 -2.2824e+01 -2.2823e+02 -2.2823e+03
-4.5324e+00 -6.0696e+00 -4.7889e+01 -4.7871e+02
-4.6160e+00 -4.6242e+00 -4.7545e+00 -1.6973e+01
-4.6151e+00 -4.6151e+00 -4.6151e+00 -4.6151e+00
# New trial
-5.0579e+00 -1.4107e+01 -1.3522e+02 -1.3522e+03
-4.7822e+00 -7.0017e+00 -5.0748e+01 -5.0744e+02
-4.6167e+00 -4.6313e+00 -4.7882e+00 -7.6934e+00
-4.6151e+00 -4.6151e+00 -4.6151e+00 -4.6151e+00
# New trial
-4.0936e+00 -2.7697e+00 -1.8344e+01 -1.8330e+02
-4.5133e+00 -3.7999e+00 -8.6019e+00 -8.1599e+01
-4.6145e+00 -4.6086e+00 -4.5552e+00 -5.4080e+00
-4.6151e+00 -4.6151e+00 -4.6151e+00 -4.6151e+00
# New trial
-5.3711e+00 -3.1349e+01 -3.0950e+02 -3.0950e+03
-4.7544e+00 -9.5240e+00 -9.1360e+01 -9.1360e+02
-4.6167e+00 -4.6312e+00 -4.8175e+00 -1.5345e+01
-4.6151e+00 -4.6151e+00 -4.6151e+00 -4.6151e+00
# New trial
-4.8251e+00 -1.0863e+01 -1.0551e+02 -1.0551e+03
-4.6714e+00 -5.4685e+00 -2.6257e+01 -2.6096e+02
-4.6154e+00 -4.6179e+00 -4.6477e+00 -5.4147e+00
-4.6151e+00 -4.6151e+00 -4.6151e+00 -4.6151e+00
# New trial
-4.6469e+00 -8.9582e+00 -8.6263e+01 -8.6263e+02
-4.6169e+00 -5.0364e+00 -2.7510e+01 -2.7510e+02
-4.6154e+00 -4.6179e+00 -4.6499e+00 -5.8232e+00
-4.6151e+00 -4.6151e+00 -4.6151e+00 -4.6151e+00
# New trial
-4.2748e+00 -1.3787e+01 -1.3786e+02 -1.3786e+03
-4.4541e+00 -4.3433e+00 -3.3516e+01 -3.3516e+02
-4.6135e+00 -4.5987e+00 -4.4730e+00 -5.8472e+00
-4.6151e+00 -4.6151e+00 -4.6151e+00 -4.6151e+00
# New trial
-4.3882e+00 -4.0560e+00 -2.3984e+01 -2.3962e+02
-4.5322e+00 -4.0810e+00 -1.5594e+01 -1.5590e+02
-4.6145e+00 -4.6091e+00 -4.5630e+00 -6.6764e+00
-4.6151e+00 -4.6151e+00 -4.6151e+00 -4.6151e+00
# New trial
-4.4423e+00 -1.3332e+01 -1.3172e+02 -1.3172e+03
-4.5349e+00 -4.7103e+00 -2.8429e+01 -2.8429e+02
-4.6143e+00 -4.6074e+00 -4.5525e+00 -5.9522e+00
-4.6151e+00 -4.6151e+00 -4.6151e+00 -4.6151e+00
# New trial
-4.3862e+00 -1.6418e+01 -1.6152e+02 -1.6152e+03
-4.5682e+00 -5.9681e+00 -4.9275e+01 -4.9275e+02
-4.6158e+00 -4.6227e+00 -4.7267e+00 -1.1827e+01
-4.6151e+00 -4.6151e+00 -4.6151e+00 -4.6151e+00
# New trial
-5.6631e+00 -2.6635e+01 -2.6113e+02 -2.6113e+03
-4.8699e+00 -9.3137e+00 -8.3447e+01 -8.3447e+02
-4.6172e+00 -4.6365e+00 -4.8679e+00 -1.4756e+01
-4.6151e+00 -4.6151e+00 -4.6151e+00 -4.6151e+00
# New trial
-4.2661e+00 -6.1375e+00 -5.1750e+01 -5.1740e+02
-4.5084e+00 -4.0458e+00 -1.1306e+01 -1.0533e+02
-4.6145e+00 -4.6094e+00 -4.5661e+00 -4.9642e+00
-4.6151e+00 -4.6151e+00 -4.6151e+00 -4.6151e+00
# New trial
-4.1830e+00 -1.3502e+01 -1.3500e+02 -1.3500e+03
-4.4792e+00 -4.4636e+00 -2.7611e+01 -2.7609e+02
-4.6145e+00 -4.6087e+00 -4.5702e+00 -7.2497e+00
-4.6151e+00 -4.6151e+00 -4.6151e+00 -4.6151e+00
# New trial
-4.1665e+00 -1.6627e+01 -1.6618e+02 -1.6618e+03
-4.4094e+00 -4.9022e+00 -3.5743e+01 -3.5666e+02
-4.6134e+00 -4.5984e+00 -4.4738e+00 -5.6822e+00
-4.6151e+00 -4.6151e+00 -4.6151e+00 -4.6151e+00
# New trial
-4.9675e+00 -1.7030e+01 -1.6620e+02 -1.6620e+03
-4.6698e+00 -6.5738e+00 -4.7330e+01 -4.7329e+02
-4.6152e+00 -4.6158e+00 -4.6516e+00 -9.1029e+00
-4.6151e+00 -4.6151e+00 -4.6151e+00 -4.6151e+00
# New trial
-4.9440e+00 -1.6526e+01 -1.5731e+02 -1.5730e+03
-4.6875e+00 -7.0580e+00 -5.7534e+01 -5.7534e+02
-4.6163e+00 -4.6272e+00 -4.7767e+00 -1.4238e+01
-4.6151e+00 -4.6151e+00 -4.6151e+00 -4.6151e+00
# New trial
-4.5759e+00 -1.0743e+01 -9.8266e+01 -9.8261e+02
-4.5883e+00 -4.9772e+00 -2.5952e+01 -2.5245e+02
-4.6152e+00 -4.6165e+00 -4.6384e+00 -6.3492e+00
-4.6151e+00 -4.6151e+00 -4.6151e+00 -4.6151e+00
# New trial
-4.6660e+00 -7.8958e+00 -7.0425e+01 -7.0425e+02
-4.6189e+00 -4.8667e+00 -2.0824e+01 -2.0797e+02
-4.6154e+00 -4.6175e+00 -4.6425e+00 -5.5664e+00
-4.6151e+00 -4.6151e+00 -4.6151e+00 -4.6151e+00
# New trial
-4.7009e+00 -7.1089e+00 -4.8933e+01 -4.8697e+02
-4.6370e+00 -4.9904e+00 -1.5679e+01 -1.4889e+02
-4.6157e+00 -4.6209e+00 -4.6752e+00 -5.4647e+00
-4.6151e+00 -4.6151e+00 -4.6151e+00 -4.6151e+00
# New trial
-5.1455e+00 -2.3226e+01 -2.3220e+02 -2.3220e+03
-4.7604e+00 -8.0009e+00 -7.0439e+01 -7.0421e+02
-4.6167e+00 -4.6310e+00 -4.8009e+00 -9.7458e+00
-4.6151e+00 -4.6151e+00 -4.6151e+00 -4.6151e+00
# New trial
-3.5493e+00 -4.5757e+00 -4.4992e+01 -4.4992e+02
-4.2922e+00 -2.5576e+00 -4.3409e+00 -3.6119e+01
-4.6112e+00 -4.5762e+00 -4.2505e+00 -2.6794e+00
-4.6151e+00 -4.6151e+00 -4.6151e+00 -4.6151e+00
# New trial
-4.9412e+00 -2.4322e+01 -2.4265e+02 -2.4265e+03
-4.6181e+00 -7.3034e+00 -5.9078e+01 -5.9076e+02
-4.6157e+00 -4.6216e+00 -4.7110e+00 -8.2883e+00
-4.6151e+00 -4.6151e+00 -4.6151e+00 -4.6151e+00
# New trial
-4.6157e+00 -6.3206e+00 -4.9452e+01 -4.8905e+02
-4.6169e+00 -4.8048e+00 -1.7669e+01 -1.7497e+02
-4.6153e+00 -4.6171e+00 -4.6390e+00 -5.5748e+00
-4.6151e+00 -4.6151e+00 -4.6151e+00 -4.6151e+00
# New trial
