# 10.0sig - Array shape (trial/sig/alpha): (30L, 4L, 4L)
-3.6646e+00 -7.4653e-03 0.0000e+00 0.0000e+00
-3.0276e+00 -8.7155e-06 0.0000e+00 0.0000e+00
-1.7708e+00 -7.5921e-12 0.0000e+00 0.0000e+00
-5.1174e-01 0.0000e+00 0.0000e+00 0.0000e+00
# New trial
-3.9768e+00 -1.4650e-01 0.0000e+00 0.0000e+00
-3.6784e+00 -7.2929e-03 0.0000e+00 0.0000e+00
-2.9557e+00 -4.0213e-06 0.0000e+00 0.0000e+00
-1.7802e+00 -8.4945e-12 0.0000e+00 0.0000e+00
# New trial
-4.6092e+00 -4.5572e+00 -4.2557e+00 -2.0064e+01
-4.6137e+00 -4.6007e+00 -4.4732e+00 -3.6854e+00
-4.6151e+00 -4.6149e+00 -4.6128e+00 -4.5925e+00
-4.6151e+00 -4.6151e+00 -4.6151e+00 -4.6151e+00
# New trial
-3.9121e+00 -8.1259e-02 0.0000e+00 0.0000e+00
-3.6116e+00 -3.6799e-03 0.0000e+00 0.0000e+00
-2.7775e+00 -6.0778e-07 0.0000e+00 0.0000e+00
-1.2125e+00 -7.1054e-15 0.0000e+00 0.0000e+00
# New trial
-3.8139e+00 -3.1559e-02 0.0000e+00 0.0000e+00
-3.3600e+00 -2.7567e-04 0.0000e+00 0.0000e+00
-2.2592e+00 -2.1503e-09 0.0000e+00 0.0000e+00
-6.7474e-01 0.0000e+00 0.0000e+00 0.0000e+00
# New trial
-3.6608e+00 -6.5685e-03 0.0000e+00 0.0000e+00
-3.2385e+00 -7.8073e-05 0.0000e+00 0.0000e+00
-2.2616e+00 -2.2096e-09 0.0000e+00 0.0000e+00
-9.2698e-01 0.0000e+00 0.0000e+00 0.0000e+00
# New trial
-3.7781e+00 -2.1152e-02 0.0000e+00 0.0000e+00
-3.2774e+00 -1.1701e-04 0.0000e+00 0.0000e+00
-2.1782e+00 -8.6695e-10 0.0000e+00 0.0000e+00
-7.4854e-01 0.0000e+00 0.0000e+00 0.0000e+00
# New trial
-3.4252e+00 -2.3690e-03 0.0000e+00 0.0000e+00
-2.5890e+00 -8.7080e-08 0.0000e+00 0.0000e+00
-1.0188e+00 0.0000e+00 0.0000e+00 0.0000e+00
-9.2646e-02 0.0000e+00 0.0000e+00 0.0000e+00
# New trial
-3.9930e+00 -1.6773e-01 0.0000e+00 0.0000e+00
-3.7325e+00 -1.2653e-02 0.0000e+00 0.0000e+00
-3.0972e+00 -1.7783e-05 0.0000e+00 0.0000e+00
-2.0549e+00 -2.1323e-10 0.0000e+00 0.0000e+00
# New trial
-4.6126e+00 -4.5937e+00 -5.2723e+00 -4.4608e+01
-4.6146e+00 -4.6101e+00 -4.5708e+00 -5.2192e+00
-4.6151e+00 -4.6150e+00 -4.6142e+00 -4.6062e+00
-4.6151e+00 -4.6151e+00 -4.6151e+00 -4.6151e+00
# New trial
-3.5829e+00 -1.8986e-02 0.0000e+00 0.0000e+00
-2.9618e+00 -4.3903e-06 0.0000e+00 0.0000e+00
-1.6544e+00 -1.8332e-12 0.0000e+00 0.0000e+00
-3.3776e-01 0.0000e+00 0.0000e+00 0.0000e+00
# New trial
-3.8662e+00 -4.9668e-02 0.0000e+00 0.0000e+00
-3.4593e+00 -7.6712e-04 0.0000e+00 0.0000e+00
-2.5106e+00 -3.4322e-08 0.0000e+00 0.0000e+00
-1.1151e+00 0.0000e+00 0.0000e+00 0.0000e+00
# New trial
-3.8807e+00 -5.6764e-02 0.0000e+00 0.0000e+00
-3.4063e+00 -4.4351e-04 0.0000e+00 0.0000e+00
-2.3358e+00 -5.0391e-09 0.0000e+00 0.0000e+00
-8.5367e-01 0.0000e+00 0.0000e+00 0.0000e+00
# New trial
-3.6244e+00 -4.6020e-03 0.0000e+00 0.0000e+00
-2.9861e+00 -5.5838e-06 0.0000e+00 0.0000e+00
-1.5391e+00 -4.3343e-13 0.0000e+00 0.0000e+00
-1.7854e-01 0.0000e+00 0.0000e+00 0.0000e+00
# New trial
-4.5891e+00 -4.3652e+00 -4.1718e+00 -3.7960e+01
-4.6119e+00 -4.5834e+00 -4.3132e+00 -4.1911e+00
-4.6151e+00 -4.6149e+00 -4.6128e+00 -4.5920e+00
-4.6151e+00 -4.6151e+00 -4.6151e+00 -4.6151e+00
# New trial
-3.5898e+00 -4.0920e-03 0.0000e+00 0.0000e+00
-3.1447e+00 -2.9545e-05 0.0000e+00 0.0000e+00
-1.9951e+00 -1.0715e-10 0.0000e+00 0.0000e+00
-4.3252e-01 0.0000e+00 0.0000e+00 0.0000e+00
# New trial
-3.8008e+00 -5.8582e-02 0.0000e+00 0.0000e+00
-3.1731e+00 -4.1540e-05 0.0000e+00 0.0000e+00
-1.8471e+00 -1.8911e-11 0.0000e+00 0.0000e+00
-4.8958e-01 0.0000e+00 0.0000e+00 0.0000e+00
# New trial
-3.4480e+00 -1.1730e-03 0.0000e+00 0.0000e+00
-2.8227e+00 -1.0067e-06 0.0000e+00 0.0000e+00
-1.5435e+00 -4.5475e-13 0.0000e+00 0.0000e+00
-3.5894e-01 0.0000e+00 0.0000e+00 0.0000e+00
# New trial
-3.8677e+00 -6.2517e-02 0.0000e+00 0.0000e+00
-3.4447e+00 -6.6355e-04 0.0000e+00 0.0000e+00
-2.5596e+00 -5.8459e-08 0.0000e+00 0.0000e+00
-1.5109e+00 -2.9843e-13 0.0000e+00 0.0000e+00
# New trial
-3.6441e+00 -5.4621e-03 0.0000e+00 0.0000e+00
-3.1109e+00 -2.0627e-05 0.0000e+00 0.0000e+00
-1.8455e+00 -1.8556e-11 0.0000e+00 0.0000e+00
-3.8336e-01 0.0000e+00 0.0000e+00 0.0000e+00
# New trial
-3.9532e+00 -2.1225e-01 -1.5490e-12 0.0000e+00
-3.4192e+00 -5.1858e-04 0.0000e+00 0.0000e+00
-2.3574e+00 -6.3975e-09 0.0000e+00 0.0000e+00
-1.1392e+00 0.0000e+00 0.0000e+00 0.0000e+00
# New trial
-3.5869e+00 -3.2442e-03 0.0000e+00 0.0000e+00
-3.0282e+00 -8.6977e-06 0.0000e+00 0.0000e+00
-1.7565e+00 -6.3842e-12 0.0000e+00 0.0000e+00
-3.4937e-01 0.0000e+00 0.0000e+00 0.0000e+00
# New trial
-3.7587e+00 -1.7871e-02 0.0000e+00 0.0000e+00
-3.3159e+00 -1.7455e-04 0.0000e+00 0.0000e+00
-2.3172e+00 -4.1023e-09 0.0000e+00 0.0000e+00
-1.0232e+00 0.0000e+00 0.0000e+00 0.0000e+00
# New trial
-3.9798e+00 -1.5301e-01 0.0000e+00 0.0000e+00
-3.6485e+00 -5.3681e-03 0.0000e+00 0.0000e+00
-2.7039e+00 -2.7681e-07 0.0000e+00 0.0000e+00
-9.6394e-01 0.0000e+00 0.0000e+00 0.0000e+00
# New trial
-3.9289e+00 -9.2266e-02 0.0000e+00 0.0000e+00
-3.5241e+00 -1.4957e-03 0.0000e+00 0.0000e+00
-2.5414e+00 -4.7961e-08 0.0000e+00 0.0000e+00
-1.1018e+00 0.0000e+00 0.0000e+00 0.0000e+00
# New trial
-3.6768e+00 -7.2054e-03 0.0000e+00 0.0000e+00
-3.2193e+00 -6.3712e-05 0.0000e+00 0.0000e+00
-2.0617e+00 -2.3051e-10 0.0000e+00 0.0000e+00
-4.8157e-01 0.0000e+00 0.0000e+00 0.0000e+00
# New trial
-3.6942e+00 -9.5282e-03 0.0000e+00 0.0000e+00
-3.2266e+00 -6.9082e-05 0.0000e+00 0.0000e+00
-2.0739e+00 -2.6511e-10 0.0000e+00 0.0000e+00
-6.0462e-01 0.0000e+00 0.0000e+00 0.0000e+00
# New trial
-3.8822e+00 -7.2895e-02 0.0000e+00 0.0000e+00
-3.4737e+00 -8.9870e-04 0.0000e+00 0.0000e+00
-2.6276e+00 -1.2182e-07 0.0000e+00 0.0000e+00
-1.6545e+00 -1.8332e-12 0.0000e+00 0.0000e+00
# New trial
-3.4633e+00 -4.1706e-03 0.0000e+00 0.0000e+00
-2.7183e+00 -3.3500e-07 0.0000e+00 0.0000e+00
-1.1773e+00 0.0000e+00 0.0000e+00 0.0000e+00
-1.0205e-01 0.0000e+00 0.0000e+00 0.0000e+00
# New trial
-3.7264e+00 -1.1912e-02 0.0000e+00 0.0000e+00
-3.2434e+00 -8.1895e-05 0.0000e+00 0.0000e+00
-2.0779e+00 -2.7770e-10 0.0000e+00 0.0000e+00
-4.7238e-01 0.0000e+00 0.0000e+00 0.0000e+00
# New trial
