# 10.0sig - Array shape (trial/sig/alpha): (30L, 4L, 4L)
-4.6637e+00 -6.0965e+00 -4.6313e+01 -4.6313e+02
-4.6120e+00 -4.7038e+00 -1.5892e+01 -1.5868e+02
-4.6144e+00 -4.6075e+00 -4.5432e+00 -4.9562e+00
-4.6151e+00 -4.6151e+00 -4.6151e+00 -4.6151e+00
# New trial
-4.1581e+00 -3.5469e+00 -3.0104e+01 -3.0104e+02
-4.4573e+00 -3.4424e+00 -1.1448e+01 -1.1448e+02
-4.6135e+00 -4.5987e+00 -4.4595e+00 -3.7022e+00
-4.6151e+00 -4.6151e+00 -4.6151e+00 -4.6151e+00
# New trial
-4.4005e+00 -8.6204e+00 -8.5775e+01 -8.5775e+02
-4.5462e+00 -4.2618e+00 -2.3546e+01 -2.3546e+02
-4.6146e+00 -4.6097e+00 -4.5641e+00 -4.6991e+00
-4.6151e+00 -4.6151e+00 -4.6151e+00 -4.6151e+00
# New trial
-4.7466e+00 -1.4768e+01 -1.4669e+02 -1.4669e+03
-4.5690e+00 -4.8115e+00 -2.6282e+01 -2.5652e+02
-4.6111e+00 -4.5751e+00 -4.2225e+00 -1.5668e+00
-4.6151e+00 -4.6151e+00 -4.6151e+00 -4.6151e+00
# New trial
-4.9141e+00 -1.3227e+01 -1.2917e+02 -1.2917e+03
-4.6677e+00 -5.5908e+00 -2.9763e+01 -2.9453e+02
-4.6140e+00 -4.6039e+00 -4.5086e+00 -4.2186e+00
-4.6151e+00 -4.6151e+00 -4.6151e+00 -4.6151e+00
# New trial
-4.1942e+00 -1.5530e+01 -1.5530e+02 -1.5530e+03
-4.4327e+00 -3.7999e+00 -2.2656e+01 -2.2653e+02
-4.6128e+00 -4.5918e+00 -4.4027e+00 -5.8633e+00
-4.6151e+00 -4.6151e+00 -4.6151e+00 -4.6151e+00
# New trial
-3.2652e+00 -3.4710e+00 -3.4382e+01 -3.4382e+02
-4.1617e+00 -2.2332e+00 -1.7569e+01 -1.7569e+02
-4.6086e+00 -4.5503e+00 -3.9925e+00 -4.8311e+00
-4.6151e+00 -4.6151e+00 -4.6151e+00 -4.6151e+00
# New trial
-5.3231e+00 -2.0482e+01 -1.9767e+02 -1.9767e+03
-4.7599e+00 -8.2183e+00 -6.6213e+01 -6.5603e+02
-4.6124e+00 -4.5881e+00 -4.4084e+00 -1.6022e+01
-4.6151e+00 -4.6151e+00 -4.6151e+00 -4.6151e+00
# New trial
-4.4455e+00 -4.8912e+00 -3.6562e+01 -3.6540e+02
-4.5538e+00 -4.1283e+00 -1.0218e+01 -1.0144e+02
-4.6138e+00 -4.6023e+00 -4.4894e+00 -3.7972e+00
-4.6151e+00 -4.6151e+00 -4.6151e+00 -4.6151e+00
# New trial
-4.6258e+00 -8.8601e+00 -8.3759e+01 -8.3759e+02
-4.6017e+00 -4.9019e+00 -2.5242e+01 -2.5217e+02
-4.6147e+00 -4.6115e+00 -4.5841e+00 -5.0341e+00
-4.6151e+00 -4.6151e+00 -4.6151e+00 -4.6151e+00
# New trial
-3.7501e+00 -6.4166e-01 -1.3363e-06 0.0000e+00
-4.3120e+00 -2.0162e+00 -1.7795e-05 0.0000e+00
-4.6075e+00 -4.5388e+00 -3.8633e+00 -1.3098e-01
-4.6151e+00 -4.6151e+00 -4.6151e+00 -4.6151e+00
# New trial
-4.8887e+00 -1.0965e+01 -1.0786e+02 -1.0786e+03
-4.6904e+00 -5.5730e+00 -3.1622e+01 -3.1619e+02
-4.6155e+00 -4.6192e+00 -4.6596e+00 -6.1721e+00
-4.6151e+00 -4.6151e+00 -4.6151e+00 -4.6151e+00
# New trial
-4.6494e+00 -8.0733e+00 -7.9893e+01 -7.9893e+02
-4.6126e+00 -4.7021e+00 -1.7755e+01 -1.7746e+02
-4.6148e+00 -4.6119e+00 -4.5846e+00 -4.4458e+00
-4.6151e+00 -4.6151e+00 -4.6151e+00 -4.6151e+00
# New trial
-4.1111e+00 -1.1301e+01 -1.1113e+02 -1.1113e+03
-4.3899e+00 -3.6055e+00 -1.7338e+01 -1.6985e+02
-4.6116e+00 -4.5802e+00 -4.2896e+00 -4.3754e+00
-4.6151e+00 -4.6151e+00 -4.6151e+00 -4.6151e+00
# New trial
-2.9738e+00 -2.5020e-01 -1.5825e-06 0.0000e+00
-4.0579e+00 -1.0042e+00 -7.3103e-04 0.0000e+00
-4.6044e+00 -4.5079e+00 -3.5892e+00 -1.0210e+00
-4.6151e+00 -4.6151e+00 -4.6151e+00 -4.6151e+00
# New trial
-4.7294e+00 -1.8799e+01 -1.8509e+02 -1.8509e+03
-4.4912e+00 -5.6229e+00 -5.0946e+01 -5.0946e+02
-4.6123e+00 -4.5876e+00 -4.4004e+00 -1.5169e+01
-4.6151e+00 -4.6151e+00 -4.6151e+00 -4.6151e+00
# New trial
-4.6140e+00 -2.3529e+01 -2.3526e+02 -2.3526e+03
-4.4333e+00 -5.3844e+00 -4.8240e+01 -4.8240e+02
-4.6097e+00 -4.5612e+00 -4.1015e+00 -1.8223e+00
-4.6151e+00 -4.6151e+00 -4.6151e+00 -4.6151e+00
# New trial
-4.7347e+00 -2.7423e+01 -2.7393e+02 -2.7393e+03
-4.2693e+00 -7.3419e+00 -6.7849e+01 -6.7849e+02
-4.6072e+00 -4.5387e+00 -4.3340e+00 -3.0548e+01
-4.6151e+00 -4.6151e+00 -4.6151e+00 -4.6151e+00
# New trial
-4.4362e+00 -7.0314e+00 -6.7075e+01 -6.7075e+02
-4.5422e+00 -4.1522e+00 -1.3512e+01 -1.3434e+02
-4.6140e+00 -4.6037e+00 -4.5064e+00 -4.2962e+00
-4.6151e+00 -4.6151e+00 -4.6151e+00 -4.6151e+00
# New trial
-4.2297e+00 -7.8733e+00 -7.7518e+01 -7.7518e+02
-4.5058e+00 -4.1663e+00 -1.5357e+01 -1.4693e+02
-4.6143e+00 -4.6072e+00 -4.5457e+00 -5.1463e+00
-4.6151e+00 -4.6151e+00 -4.6151e+00 -4.6151e+00
# New trial
-5.0497e+00 -2.3028e+01 -2.2870e+02 -2.2870e+03
-4.6764e+00 -6.3819e+00 -4.9300e+01 -4.9270e+02
-4.6144e+00 -4.6076e+00 -4.5532e+00 -5.8843e+00
-4.6151e+00 -4.6151e+00 -4.6151e+00 -4.6151e+00
# New trial
-4.7590e+00 -9.8842e+00 -8.6303e+01 -8.6283e+02
-4.6170e+00 -5.2805e+00 -3.4620e+01 -3.4620e+02
-4.6145e+00 -4.6086e+00 -4.5702e+00 -1.0447e+01
-4.6151e+00 -4.6151e+00 -4.6151e+00 -4.6151e+00
# New trial
-4.7157e+00 -9.7795e+00 -8.8658e+01 -8.8250e+02
-4.6065e+00 -4.9414e+00 -2.4687e+01 -2.4547e+02
-4.6147e+00 -4.6112e+00 -4.5822e+00 -5.3105e+00
-4.6151e+00 -4.6151e+00 -4.6151e+00 -4.6151e+00
# New trial
-4.0496e+00 -1.5279e+01 -1.5170e+02 -1.5170e+03
-4.3250e+00 -5.0710e+00 -4.8040e+01 -4.8040e+02
-4.6124e+00 -4.5880e+00 -4.3849e+00 -8.6967e+00
-4.6151e+00 -4.6151e+00 -4.6151e+00 -4.6151e+00
# New trial
-3.9334e+00 -1.4462e+01 -1.4231e+02 -1.4231e+03
-4.2202e+00 -4.2877e+00 -3.5247e+01 -3.5242e+02
-4.6103e+00 -4.5679e+00 -4.1959e+00 -9.3296e+00
-4.6151e+00 -4.6151e+00 -4.6151e+00 -4.6151e+00
# New trial
-3.6047e+00 -1.2066e+01 -1.2066e+02 -1.2066e+03
-4.1606e+00 -3.4721e+00 -3.1991e+01 -3.1991e+02
-4.6069e+00 -4.5331e+00 -3.8684e+00 -6.7786e+00
-4.6151e+00 -4.6151e+00 -4.6151e+00 -4.6151e+00
# New trial
-4.1137e+00 -6.9847e+00 -6.7964e+01 -6.7964e+02
-4.4329e+00 -3.6398e+00 -1.8750e+01 -1.8743e+02
-4.6126e+00 -4.5897e+00 -4.3803e+00 -7.8980e+00
-4.6151e+00 -4.6151e+00 -4.6151e+00 -4.6151e+00
# New trial
-3.4161e+00 -6.5592e+00 -5.9155e+01 -5.9154e+02
-4.0786e+00 -2.5138e+00 -1.0562e+01 -1.0561e+02
-4.6090e+00 -4.5548e+00 -4.1040e+00 -9.1017e+00
-4.6151e+00 -4.6151e+00 -4.6151e+00 -4.6151e+00
# New trial
-4.6341e+00 -1.9042e+01 -1.8817e+02 -1.8817e+03
-4.5589e+00 -6.8006e+00 -5.7946e+01 -5.7946e+02
-4.6128e+00 -4.5925e+00 -4.4381e+00 -9.9432e+00
-4.6151e+00 -4.6151e+00 -4.6151e+00 -4.6151e+00
# New trial
-4.7001e+00 -9.8793e+00 -9.1729e+01 -9.1727e+02
-4.6135e+00 -5.0499e+00 -2.7874e+01 -2.7872e+02
-4.6149e+00 -4.6126e+00 -4.6005e+00 -7.6176e+00
-4.6151e+00 -4.6151e+00 -4.6151e+00 -4.6151e+00
# New trial
