# 10.0sig - Array shape (trial/sig/alpha): (30L, 4L, 4L)
-3.8591e+00 -4.5504e-02 0.0000e+00 0.0000e+00
-3.4924e+00 -1.0783e-03 0.0000e+00 0.0000e+00
-2.7413e+00 -4.1298e-07 0.0000e+00 0.0000e+00
-1.6281e+00 -1.3216e-12 0.0000e+00 0.0000e+00
# New trial
-4.0150e+00 -2.0751e-01 0.0000e+00 0.0000e+00
-3.7767e+00 -1.9821e-02 0.0000e+00 0.0000e+00
-3.1560e+00 -3.2892e-05 0.0000e+00 0.0000e+00
-1.9992e+00 -1.1235e-10 0.0000e+00 0.0000e+00
# New trial
-4.6090e+00 -4.5541e+00 -4.1038e+00 -1.3483e+01
-4.6143e+00 -4.6071e+00 -4.5365e+00 -4.0306e+00
-4.6151e+00 -4.6150e+00 -4.6143e+00 -4.6066e+00
-4.6151e+00 -4.6151e+00 -4.6151e+00 -4.6151e+00
# New trial
-4.1603e+00 -7.0747e-01 -1.1369e-13 0.0000e+00
-3.8944e+00 -6.4522e-02 0.0000e+00 0.0000e+00
-3.2631e+00 -1.0042e-04 0.0000e+00 0.0000e+00
-2.2126e+00 -1.2768e-09 0.0000e+00 0.0000e+00
# New trial
-4.6130e+00 -4.5952e+00 -4.6448e+00 -2.9402e+01
-4.6145e+00 -4.6088e+00 -4.5537e+00 -4.3350e+00
-4.6151e+00 -4.6150e+00 -4.6140e+00 -4.6038e+00
-4.6151e+00 -4.6151e+00 -4.6151e+00 -4.6151e+00
# New trial
-3.7464e+00 -1.4612e-02 0.0000e+00 0.0000e+00
-3.4717e+00 -8.7167e-04 0.0000e+00 0.0000e+00
-2.8982e+00 -2.1901e-06 0.0000e+00 0.0000e+00
-1.9794e+00 -8.9315e-11 0.0000e+00 0.0000e+00
# New trial
-3.9702e+00 -1.3493e-01 0.0000e+00 0.0000e+00
-3.6759e+00 -7.0989e-03 0.0000e+00 0.0000e+00
-3.0759e+00 -1.4230e-05 0.0000e+00 0.0000e+00
-2.0810e+00 -2.8745e-10 0.0000e+00 0.0000e+00
# New trial
-3.5968e+00 -3.3338e-03 0.0000e+00 0.0000e+00
-3.0496e+00 -1.0826e-05 0.0000e+00 0.0000e+00
-1.7440e+00 -5.4889e-12 0.0000e+00 0.0000e+00
-2.1181e-01 0.0000e+00 0.0000e+00 0.0000e+00
# New trial
-4.0332e+00 -2.4318e-01 0.0000e+00 0.0000e+00
-3.7876e+00 -2.2132e-02 0.0000e+00 0.0000e+00
-3.1829e+00 -4.3589e-05 0.0000e+00 0.0000e+00
-2.3246e+00 -4.4529e-09 0.0000e+00 0.0000e+00
# New trial
-4.6111e+00 -4.5777e+00 -4.9155e+00 -3.9262e+01
-4.6141e+00 -4.6053e+00 -4.5222e+00 -4.6838e+00
-4.6151e+00 -4.6150e+00 -4.6142e+00 -4.6061e+00
-4.6151e+00 -4.6151e+00 -4.6151e+00 -4.6151e+00
# New trial
-3.7635e+00 -1.8128e-02 0.0000e+00 0.0000e+00
-3.4039e+00 -4.3280e-04 0.0000e+00 0.0000e+00
-2.5806e+00 -7.3341e-08 0.0000e+00 0.0000e+00
-1.1869e+00 -7.1054e-15 0.0000e+00 0.0000e+00
# New trial
-4.2062e+00 -9.5307e-01 0.0000e+00 0.0000e+00
-3.9640e+00 -1.2715e-01 0.0000e+00 0.0000e+00
-3.3567e+00 -2.6527e-04 0.0000e+00 0.0000e+00
-2.4871e+00 -2.6553e-08 0.0000e+00 0.0000e+00
# New trial
-4.6106e+00 -4.5705e+00 -4.2672e+00 -1.3543e+01
-4.6138e+00 -4.6016e+00 -4.4843e+00 -3.9654e+00
-4.6151e+00 -4.6150e+00 -4.6134e+00 -4.5983e+00
-4.6151e+00 -4.6151e+00 -4.6151e+00 -4.6151e+00
# New trial
-3.6551e+00 -5.7590e-03 0.0000e+00 0.0000e+00
-3.3092e+00 -1.6222e-04 0.0000e+00 0.0000e+00
-2.4520e+00 -1.8095e-08 0.0000e+00 0.0000e+00
-1.0477e+00 0.0000e+00 0.0000e+00 0.0000e+00
# New trial
-4.5887e+00 -4.3550e+00 -3.7717e+00 -2.9827e+01
-4.6132e+00 -4.5955e+00 -4.4228e+00 -3.7496e+00
-4.6151e+00 -4.6149e+00 -4.6130e+00 -4.5940e+00
-4.6151e+00 -4.6151e+00 -4.6151e+00 -4.6151e+00
# New trial
-3.8661e+00 -4.9024e-02 0.0000e+00 0.0000e+00
-3.6053e+00 -3.4471e-03 0.0000e+00 0.0000e+00
-2.8509e+00 -1.3264e-06 0.0000e+00 0.0000e+00
-1.4006e+00 -7.1054e-14 0.0000e+00 0.0000e+00
# New trial
-3.9587e+00 -1.2324e-01 0.0000e+00 0.0000e+00
-3.5952e+00 -3.1103e-03 0.0000e+00 0.0000e+00
-2.9006e+00 -2.2457e-06 0.0000e+00 0.0000e+00
-2.0492e+00 -1.9988e-10 0.0000e+00 0.0000e+00
# New trial
-3.5356e+00 -1.7095e-03 0.0000e+00 0.0000e+00
-3.1635e+00 -3.5605e-05 0.0000e+00 0.0000e+00
-2.2822e+00 -2.7787e-09 0.0000e+00 0.0000e+00
-8.0662e-01 0.0000e+00 0.0000e+00 0.0000e+00
# New trial
-3.9010e+00 -6.9378e-02 0.0000e+00 0.0000e+00
-3.6203e+00 -4.0181e-03 0.0000e+00 0.0000e+00
-2.9373e+00 -3.3103e-06 0.0000e+00 0.0000e+00
-1.6788e+00 -2.4762e-12 0.0000e+00 0.0000e+00
# New trial
-3.8067e+00 -2.6888e-02 0.0000e+00 0.0000e+00
-3.4295e+00 -5.6387e-04 0.0000e+00 0.0000e+00
-2.5247e+00 -3.9995e-08 0.0000e+00 0.0000e+00
-9.5405e-01 0.0000e+00 0.0000e+00 0.0000e+00
# New trial
-4.0489e+00 -2.8143e-01 0.0000e+00 0.0000e+00
-3.7832e+00 -2.1176e-02 0.0000e+00 0.0000e+00
-3.2114e+00 -5.8637e-05 0.0000e+00 0.0000e+00
-2.3833e+00 -8.5146e-09 0.0000e+00 0.0000e+00
# New trial
-3.9557e+00 -1.1762e-01 0.0000e+00 0.0000e+00
-3.6061e+00 -3.4732e-03 0.0000e+00 0.0000e+00
-2.7801e+00 -6.2450e-07 0.0000e+00 0.0000e+00
-1.3832e+00 -5.6843e-14 0.0000e+00 0.0000e+00
# New trial
-3.9571e+00 -1.1946e-01 0.0000e+00 0.0000e+00
-3.6730e+00 -6.8964e-03 0.0000e+00 0.0000e+00
-3.1619e+00 -3.4986e-05 0.0000e+00 0.0000e+00
-2.5689e+00 -6.4601e-08 0.0000e+00 0.0000e+00
# New trial
-3.8126e+00 -3.0160e-02 0.0000e+00 0.0000e+00
-3.5508e+00 -1.9696e-03 0.0000e+00 0.0000e+00
-3.0285e+00 -8.6499e-06 0.0000e+00 0.0000e+00
-2.4707e+00 -2.2223e-08 0.0000e+00 0.0000e+00
# New trial
-3.8645e+00 -4.8358e-02 0.0000e+00 0.0000e+00
-3.5383e+00 -1.7314e-03 0.0000e+00 0.0000e+00
-2.7837e+00 -6.4915e-07 0.0000e+00 0.0000e+00
-1.6755e+00 -2.3803e-12 0.0000e+00 0.0000e+00
# New trial
-3.8413e+00 -3.8013e-02 0.0000e+00 0.0000e+00
-3.4768e+00 -9.1790e-04 0.0000e+00 0.0000e+00
-2.4960e+00 -2.9272e-08 0.0000e+00 0.0000e+00
-8.4854e-01 0.0000e+00 0.0000e+00 0.0000e+00
# New trial
-3.9702e+00 -1.3504e-01 0.0000e+00 0.0000e+00
-3.6694e+00 -6.6451e-03 0.0000e+00 0.0000e+00
-2.9011e+00 -2.2587e-06 0.0000e+00 0.0000e+00
-1.4708e+00 -1.7764e-13 0.0000e+00 0.0000e+00
# New trial
-4.0274e+00 -2.3071e-01 0.0000e+00 0.0000e+00
-3.8110e+00 -2.8049e-02 0.0000e+00 0.0000e+00
-3.2911e+00 -1.3441e-04 0.0000e+00 0.0000e+00
-2.4357e+00 -1.5138e-08 0.0000e+00 0.0000e+00
# New trial
-3.7650e+00 -1.8309e-02 0.0000e+00 0.0000e+00
-3.2897e+00 -1.3253e-04 0.0000e+00 0.0000e+00
-2.2034e+00 -1.1510e-09 0.0000e+00 0.0000e+00
-6.4603e-01 0.0000e+00 0.0000e+00 0.0000e+00
# New trial
-4.6030e+00 -4.4940e+00 -3.4597e+00 -2.6032e+00
-4.6135e+00 -4.5990e+00 -4.4562e+00 -3.3336e+00
-4.6151e+00 -4.6149e+00 -4.6133e+00 -4.5969e+00
-4.6151e+00 -4.6151e+00 -4.6151e+00 -4.6151e+00
# New trial
