# 0.01sig - Array shape (trial/sig/alpha): (30L, 4L, 4L)
-1.0552e+02 -1.0023e+02 -8.1911e+01 -3.0938e+02
-1.0555e+02 -1.0048e+02 -8.1536e+01 -3.1034e+02
-1.0567e+02 -1.0153e+02 -8.4656e+01 -4.2680e+02
-1.0602e+02 -1.0494e+02 -9.7846e+01 -2.8025e+02
# New trial
-1.0546e+02 -9.9834e+01 -9.2665e+01 -4.1285e+02
-1.0551e+02 -1.0020e+02 -8.3444e+01 -2.5279e+02
-1.0571e+02 -1.0205e+02 -8.8147e+01 -3.1316e+02
-1.0606e+02 -1.0529e+02 -1.0154e+02 -4.0156e+02
# New trial
-1.0554e+02 -1.0074e+02 -9.6010e+01 -4.2132e+02
-1.0552e+02 -1.0035e+02 -8.4823e+01 -3.2725e+02
-1.0556e+02 -1.0044e+02 -8.1675e+01 -3.8202e+02
-1.0599e+02 -1.0464e+02 -9.8096e+01 -4.1444e+02
# New trial
-1.0543e+02 -9.9799e+01 -9.5147e+01 -4.6643e+02
-1.0545e+02 -9.9893e+01 -9.2570e+01 -4.9357e+02
-1.0573e+02 -1.0229e+02 -9.8014e+01 -5.7159e+02
-1.0610e+02 -1.0572e+02 -1.0635e+02 -5.2060e+02
# New trial
-1.0570e+02 -1.0207e+02 -9.4843e+01 -3.8358e+02
-1.0559e+02 -1.0084e+02 -8.3334e+01 -3.2837e+02
-1.0556e+02 -1.0044e+02 -7.7613e+01 -3.2263e+02
-1.0592e+02 -1.0387e+02 -9.6213e+01 -4.4771e+02
# New trial
-1.0546e+02 -1.0006e+02 -9.1938e+01 -3.9703e+02
-1.0550e+02 -1.0010e+02 -8.0057e+01 -2.7049e+02
-1.0560e+02 -1.0089e+02 -8.3426e+01 -3.3667e+02
-1.0599e+02 -1.0462e+02 -9.5385e+01 -3.5341e+02
# New trial
-1.0543e+02 -9.9514e+01 -8.6637e+01 -3.5682e+02
-1.0547e+02 -9.9802e+01 -8.0139e+01 -2.7658e+02
-1.0577e+02 -1.0262e+02 -9.1377e+01 -3.9613e+02
-1.0609e+02 -1.0564e+02 -1.0390e+02 -2.7875e+02
# New trial
-1.0544e+02 -9.9742e+01 -8.5480e+01 -3.3918e+02
-1.0549e+02 -9.9988e+01 -7.9039e+01 -2.6078e+02
-1.0562e+02 -1.0103e+02 -7.8556e+01 -2.9658e+02
-1.0601e+02 -1.0475e+02 -9.5761e+01 -2.3386e+02
# New trial
-1.0548e+02 -1.0006e+02 -8.9288e+01 -4.1577e+02
-1.0547e+02 -9.9851e+01 -8.7005e+01 -4.2198e+02
-1.0549e+02 -9.9816e+01 -8.0031e+01 -3.8165e+02
-1.0600e+02 -1.0465e+02 -9.5061e+01 -3.1505e+02
# New trial
-1.0549e+02 -1.0001e+02 -8.8649e+01 -3.9868e+02
-1.0556e+02 -1.0063e+02 -8.4877e+01 -3.8332e+02
-1.0575e+02 -1.0233e+02 -8.6850e+01 -4.1309e+02
-1.0608e+02 -1.0546e+02 -9.9992e+01 -1.7955e+02
# New trial
-1.0530e+02 -9.8491e+01 -8.2274e+01 -2.8916e+02
-1.0540e+02 -9.9321e+01 -8.1543e+01 -2.8140e+02
-1.0574e+02 -1.0243e+02 -1.0147e+02 -5.5383e+02
-1.0612e+02 -1.0586e+02 -1.0569e+02 -3.5990e+02
# New trial
-1.0575e+02 -1.0225e+02 -7.6407e+01 -1.2354e+02
-1.0581e+02 -1.0286e+02 -7.9780e+01 -1.2084e+02
-1.0592e+02 -1.0389e+02 -8.8253e+01 -2.3017e+02
-1.0608e+02 -1.0548e+02 -1.0065e+02 -2.5093e+02
# New trial
-1.0559e+02 -1.0094e+02 -9.6029e+01 -4.6669e+02
-1.0556e+02 -1.0062e+02 -8.7626e+01 -3.9009e+02
-1.0552e+02 -1.0014e+02 -9.0180e+01 -4.9081e+02
-1.0592e+02 -1.0395e+02 -9.4360e+01 -3.5785e+02
# New trial
-1.0574e+02 -1.0217e+02 -7.8206e+01 -1.4995e+02
-1.0570e+02 -1.0174e+02 -7.2591e+01 -1.3239e+02
-1.0569e+02 -1.0163e+02 -6.9343e+01 -1.0558e+02
-1.0593e+02 -1.0400e+02 -8.6665e+01 -6.4184e+01
# New trial
-1.0567e+02 -1.0150e+02 -7.9911e+01 -2.7158e+02
-1.0571e+02 -1.0183e+02 -7.6240e+01 -2.1303e+02
-1.0578e+02 -1.0250e+02 -8.0484e+01 -2.8676e+02
-1.0602e+02 -1.0487e+02 -9.7509e+01 -3.5640e+02
# New trial
-1.0543e+02 -9.9565e+01 -8.6190e+01 -3.6608e+02
-1.0545e+02 -9.9725e+01 -8.2276e+01 -2.9996e+02
-1.0565e+02 -1.0150e+02 -8.5996e+01 -2.8684e+02
-1.0607e+02 -1.0542e+02 -1.0097e+02 -2.3538e+02
# New trial
-1.0545e+02 -9.9727e+01 -7.9632e+01 -2.3879e+02
-1.0554e+02 -1.0058e+02 -8.3135e+01 -2.6529e+02
-1.0575e+02 -1.0239e+02 -9.5031e+01 -4.7284e+02
-1.0605e+02 -1.0525e+02 -1.0142e+02 -3.6789e+02
# New trial
-1.0552e+02 -1.0112e+02 -1.2115e+02 -7.0347e+02
-1.0555e+02 -1.0100e+02 -1.0440e+02 -5.4935e+02
-1.0575e+02 -1.0256e+02 -1.0495e+02 -6.0383e+02
-1.0609e+02 -1.0562e+02 -1.0455e+02 -4.2020e+02
# New trial
-1.0576e+02 -1.0240e+02 -8.2940e+01 -2.2548e+02
-1.0577e+02 -1.0244e+02 -7.7999e+01 -1.4250e+02
-1.0579e+02 -1.0263e+02 -7.6369e+01 -1.4560e+02
-1.0599e+02 -1.0460e+02 -9.1769e+01 -8.9538e+01
# New trial
-1.0566e+02 -1.0147e+02 -8.2466e+01 -3.1361e+02
-1.0570e+02 -1.0182e+02 -8.0952e+01 -2.3802e+02
-1.0578e+02 -1.0260e+02 -8.4034e+01 -2.3647e+02
-1.0605e+02 -1.0514e+02 -9.8482e+01 -2.2581e+02
# New trial
-1.0523e+02 -9.7617e+01 -6.9700e+01 -2.3279e+02
-1.0524e+02 -9.7913e+01 -7.1746e+01 -1.6659e+02
-1.0562e+02 -1.0140e+02 -8.8649e+01 -2.7031e+02
-1.0610e+02 -1.0570e+02 -1.0375e+02 -2.7759e+02
# New trial
-1.0552e+02 -1.0043e+02 -9.7351e+01 -4.8589e+02
-1.0560e+02 -1.0096e+02 -8.3780e+01 -2.8855e+02
-1.0575e+02 -1.0241e+02 -9.0294e+01 -4.0674e+02
-1.0609e+02 -1.0558e+02 -1.0456e+02 -4.3877e+02
# New trial
-1.0578e+02 -1.0259e+02 -9.2066e+01 -3.7483e+02
-1.0577e+02 -1.0251e+02 -8.2514e+01 -2.3614e+02
-1.0576e+02 -1.0236e+02 -7.6985e+01 -2.1422e+02
-1.0594e+02 -1.0412e+02 -8.8773e+01 -2.0371e+02
# New trial
-1.0524e+02 -9.8550e+01 -9.8721e+01 -4.7042e+02
-1.0538e+02 -9.9848e+01 -9.9977e+01 -4.3596e+02
-1.0579e+02 -1.0325e+02 -1.1409e+02 -5.7049e+02
-1.0613e+02 -1.0600e+02 -1.0965e+02 -4.6342e+02
# New trial
-1.0565e+02 -1.0136e+02 -8.0565e+01 -2.3372e+02
-1.0561e+02 -1.0107e+02 -7.9376e+01 -2.0561e+02
-1.0567e+02 -1.0161e+02 -8.5542e+01 -3.5654e+02
-1.0605e+02 -1.0524e+02 -1.0193e+02 -3.6951e+02
# New trial
-1.0555e+02 -1.0056e+02 -8.5321e+01 -3.5806e+02
-1.0563e+02 -1.0122e+02 -8.0899e+01 -2.3464e+02
-1.0578e+02 -1.0255e+02 -8.0956e+01 -2.0253e+02
-1.0606e+02 -1.0533e+02 -9.9486e+01 -2.5934e+02
# New trial
-1.0573e+02 -1.0230e+02 -9.4642e+01 -3.6584e+02
-1.0567e+02 -1.0166e+02 -8.4920e+01 -2.9246e+02
-1.0566e+02 -1.0144e+02 -7.6643e+01 -2.9389e+02
-1.0594e+02 -1.0409e+02 -8.9161e+01 -2.4293e+02
# New trial
-1.0567e+02 -1.0165e+02 -8.6831e+01 -2.9968e+02
-1.0562e+02 -1.0116e+02 -7.7969e+01 -2.0670e+02
-1.0559e+02 -1.0073e+02 -7.4039e+01 -2.5394e+02
-1.0595e+02 -1.0415e+02 -8.9023e+01 -2.0537e+02
# New trial
-1.0569e+02 -1.0197e+02 -9.8309e+01 -4.3933e+02
-1.0574e+02 -1.0221e+02 -8.3683e+01 -2.4265e+02
-1.0581e+02 -1.0280e+02 -8.1904e+01 -2.1188e+02
-1.0603e+02 -1.0496e+02 -9.6663e+01 -2.4395e+02
# New trial
-1.0560e+02 -1.0127e+02 -1.1309e+02 -6.6061e+02
-1.0562e+02 -1.0119e+02 -8.8781e+01 -4.0660e+02
-1.0573e+02 -1.0214e+02 -8.8735e+01 -4.0440e+02
-1.0606e+02 -1.0530e+02 -1.0083e+02 -3.0825e+02
# New trial
