# 0.01sig - Array shape (trial/sig/alpha): (30, 4, 4)
-1.1977e+02 -1.1777e+02 -1.0310e+02 -9.0255e+01
-1.1972e+02 -1.1731e+02 -1.0091e+02 -1.0171e+02
-1.1968e+02 -1.1697e+02 -9.9416e+01 -1.2000e+02
-1.1987e+02 -1.1876e+02 -1.1032e+02 -2.0386e+02
# New trial
-1.1973e+02 -1.1746e+02 -1.0197e+02 -9.9260e+01
-1.1967e+02 -1.1689e+02 -1.0097e+02 -1.1346e+02
-1.1963e+02 -1.1649e+02 -9.8382e+01 -1.3587e+02
-1.1986e+02 -1.1875e+02 -1.0948e+02 -1.1882e+02
# New trial
-1.1973e+02 -1.1744e+02 -1.0052e+02 -8.4572e+01
-1.1964e+02 -1.1656e+02 -9.6039e+01 -8.8461e+01
-1.1952e+02 -1.1539e+02 -9.3067e+01 -1.2915e+02
-1.1979e+02 -1.1798e+02 -1.0344e+02 -1.4047e+02
# New trial
-1.1960e+02 -1.1615e+02 -9.3456e+01 -8.3315e+01
-1.1955e+02 -1.1575e+02 -9.5695e+01 -1.3006e+02
-1.1957e+02 -1.1597e+02 -9.8958e+01 -1.7436e+02
-1.1989e+02 -1.1901e+02 -1.1250e+02 -1.6214e+02
# New trial
-1.1978e+02 -1.1784e+02 -1.0158e+02 -8.4637e+01
-1.1971e+02 -1.1717e+02 -9.7425e+01 -8.8613e+01
-1.1959e+02 -1.1607e+02 -9.7000e+01 -1.6952e+02
-1.1972e+02 -1.1732e+02 -1.0608e+02 -2.8403e+02
# New trial
-1.1977e+02 -1.1776e+02 -1.0063e+02 -8.3486e+01
-1.1965e+02 -1.1661e+02 -9.4893e+01 -8.3146e+01
-1.1948e+02 -1.1499e+02 -8.9371e+01 -1.0203e+02
-1.1980e+02 -1.1813e+02 -1.0887e+02 -2.8791e+02
# New trial
-1.1978e+02 -1.1787e+02 -1.0340e+02 -8.6222e+01
-1.1971e+02 -1.1728e+02 -1.0176e+02 -9.1233e+01
-1.1971e+02 -1.1725e+02 -1.0282e+02 -1.3985e+02
-1.1992e+02 -1.1929e+02 -1.1427e+02 -1.6141e+02
# New trial
-1.1975e+02 -1.1758e+02 -1.0005e+02 -8.3118e+01
-1.1969e+02 -1.1700e+02 -9.5786e+01 -8.3137e+01
-1.1958e+02 -1.1592e+02 -9.1433e+01 -1.0544e+02
-1.1977e+02 -1.1782e+02 -1.0136e+02 -1.2252e+02
# New trial
-1.1973e+02 -1.1738e+02 -9.9986e+01 -8.4896e+01
-1.1964e+02 -1.1656e+02 -9.5953e+01 -9.7383e+01
-1.1946e+02 -1.1481e+02 -9.5756e+01 -1.6920e+02
-1.1975e+02 -1.1757e+02 -1.0322e+02 -1.9094e+02
# New trial
-1.1972e+02 -1.1732e+02 -1.0161e+02 -8.8282e+01
-1.1965e+02 -1.1665e+02 -9.8951e+01 -1.0599e+02
-1.1963e+02 -1.1646e+02 -9.8861e+01 -1.6930e+02
-1.1991e+02 -1.1918e+02 -1.1298e+02 -1.2076e+02
# New trial
-1.1966e+02 -1.1677e+02 -9.9926e+01 -8.9468e+01
-1.1963e+02 -1.1657e+02 -1.0331e+02 -1.4914e+02
-1.1969e+02 -1.1720e+02 -1.1475e+02 -3.2196e+02
-1.1995e+02 -1.1961e+02 -1.1931e+02 -2.9442e+02
# New trial
-1.1983e+02 -1.1836e+02 -1.0522e+02 -8.3973e+01
-1.1981e+02 -1.1813e+02 -1.0356e+02 -8.3870e+01
-1.1978e+02 -1.1786e+02 -1.0175e+02 -1.1300e+02
-1.1990e+02 -1.1903e+02 -1.1162e+02 -2.0584e+02
# New trial
-1.1977e+02 -1.1784e+02 -1.0205e+02 -8.5851e+01
-1.1969e+02 -1.1703e+02 -9.8379e+01 -9.1420e+01
-1.1949e+02 -1.1508e+02 -9.1627e+01 -1.0872e+02
-1.1969e+02 -1.1700e+02 -9.8378e+01 -1.6504e+02
# New trial
-1.1983e+02 -1.1839e+02 -1.0531e+02 -8.4114e+01
-1.1978e+02 -1.1791e+02 -1.0134e+02 -8.4563e+01
-1.1970e+02 -1.1707e+02 -9.5327e+01 -9.3151e+01
-1.1980e+02 -1.1804e+02 -1.0197e+02 -9.2623e+01
# New trial
-1.1980e+02 -1.1809e+02 -1.0266e+02 -8.9748e+01
-1.1976e+02 -1.1764e+02 -9.9282e+01 -8.8414e+01
-1.1968e+02 -1.1691e+02 -9.4549e+01 -9.5382e+01
-1.1984e+02 -1.1849e+02 -1.0614e+02 -1.1679e+02
# New trial
-1.1968e+02 -1.1700e+02 -9.9456e+01 -8.5143e+01
-1.1961e+02 -1.1632e+02 -9.7456e+01 -9.4328e+01
-1.1957e+02 -1.1593e+02 -9.7266e+01 -1.4127e+02
-1.1989e+02 -1.1899e+02 -1.1188e+02 -1.9226e+02
# New trial
-1.1971e+02 -1.1720e+02 -9.8266e+01 -8.3372e+01
-1.1964e+02 -1.1659e+02 -9.6864e+01 -8.7042e+01
-1.1959e+02 -1.1606e+02 -9.5526e+01 -1.2663e+02
-1.1985e+02 -1.1854e+02 -1.0788e+02 -1.8085e+02
# New trial
-1.1970e+02 -1.1714e+02 -1.0156e+02 -9.8382e+01
-1.1962e+02 -1.1645e+02 -1.0001e+02 -1.1813e+02
-1.1955e+02 -1.1582e+02 -1.0174e+02 -1.7004e+02
-1.1988e+02 -1.1892e+02 -1.1737e+02 -3.4163e+02
# New trial
-1.1987e+02 -1.1875e+02 -1.0826e+02 -8.6166e+01
-1.1983e+02 -1.1836e+02 -1.0515e+02 -8.9129e+01
-1.1974e+02 -1.1745e+02 -9.8697e+01 -1.0279e+02
-1.1978e+02 -1.1790e+02 -1.0217e+02 -1.5565e+02
# New trial
-1.1977e+02 -1.1784e+02 -1.0321e+02 -9.5772e+01
-1.1972e+02 -1.1734e+02 -1.0126e+02 -1.0417e+02
-1.1966e+02 -1.1673e+02 -1.0135e+02 -1.8835e+02
-1.1983e+02 -1.1843e+02 -1.0871e+02 -2.3416e+02
# New trial
-1.1955e+02 -1.1580e+02 -9.7973e+01 -8.8160e+01
-1.1947e+02 -1.1510e+02 -9.7200e+01 -9.3682e+01
-1.1954e+02 -1.1580e+02 -1.0222e+02 -1.9259e+02
-1.1993e+02 -1.1942e+02 -1.1735e+02 -2.7082e+02
# New trial
-1.1977e+02 -1.1775e+02 -1.0119e+02 -8.7685e+01
-1.1969e+02 -1.1705e+02 -9.7947e+01 -9.0820e+01
-1.1961e+02 -1.1630e+02 -9.6806e+01 -1.1481e+02
-1.1987e+02 -1.1879e+02 -1.1100e+02 -2.0620e+02
# New trial
-1.1986e+02 -1.1868e+02 -1.0751e+02 -8.3996e+01
-1.1981e+02 -1.1814e+02 -1.0330e+02 -8.5631e+01
-1.1970e+02 -1.1707e+02 -9.5184e+01 -8.6519e+01
-1.1975e+02 -1.1755e+02 -9.8319e+01 -8.4688e+01
# New trial
-1.1953e+02 -1.1560e+02 -9.5920e+01 -8.4148e+01
-1.1949e+02 -1.1540e+02 -9.7643e+01 -1.0286e+02
-1.1966e+02 -1.1692e+02 -1.0811e+02 -2.2954e+02
-1.1996e+02 -1.1966e+02 -1.1991e+02 -3.2233e+02
# New trial
-1.1982e+02 -1.1827e+02 -1.0554e+02 -8.7450e+01
-1.1973e+02 -1.1746e+02 -1.0167e+02 -9.5554e+01
-1.1962e+02 -1.1640e+02 -1.0010e+02 -1.6669e+02
-1.1986e+02 -1.1873e+02 -1.1194e+02 -2.7905e+02
# New trial
-1.1983e+02 -1.1833e+02 -1.0507e+02 -9.3456e+01
-1.1977e+02 -1.1783e+02 -1.0175e+02 -9.1597e+01
-1.1969e+02 -1.1705e+02 -9.8319e+01 -1.3180e+02
-1.1987e+02 -1.1877e+02 -1.1011e+02 -2.0736e+02
# New trial
-1.1982e+02 -1.1828e+02 -1.0469e+02 -8.5043e+01
-1.1974e+02 -1.1754e+02 -1.0055e+02 -8.4282e+01
-1.1961e+02 -1.1626e+02 -9.1947e+01 -8.7529e+01
-1.1974e+02 -1.1746e+02 -9.8616e+01 -8.5795e+01
# New trial
-1.1981e+02 -1.1816e+02 -1.0384e+02 -9.2690e+01
-1.1973e+02 -1.1741e+02 -9.9701e+01 -9.4927e+01
-1.1958e+02 -1.1594e+02 -9.5247e+01 -1.2882e+02
-1.1974e+02 -1.1751e+02 -1.0448e+02 -2.4404e+02
# New trial
-1.1985e+02 -1.1859e+02 -1.0762e+02 -8.9162e+01
-1.1982e+02 -1.1826e+02 -1.0517e+02 -8.9193e+01
-1.1975e+02 -1.1759e+02 -1.0060e+02 -1.0691e+02
-1.1985e+02 -1.1859e+02 -1.0760e+02 -1.3201e+02
# New trial
-1.1977e+02 -1.1784e+02 -1.0315e+02 -9.4970e+01
-1.1972e+02 -1.1730e+02 -1.0139e+02 -1.1096e+02
-1.1966e+02 -1.1678e+02 -1.0357e+02 -1.8352e+02
-1.1985e+02 -1.1859e+02 -1.0951e+02 -2.0535e+02
# New trial
