# 0.01sig - Array shape (trial/sig/alpha): (30L, 4L, 4L)
-1.0578e+02 -1.0260e+02 -8.0987e+01 -6.4905e+01
-1.0572e+02 -1.0198e+02 -7.8503e+01 -7.6653e+01
-1.0571e+02 -1.0190e+02 -7.9123e+01 -1.3722e+02
-1.0603e+02 -1.0501e+02 -9.6654e+01 -1.5182e+02
# New trial
-1.0573e+02 -1.0211e+02 -7.9957e+01 -7.2279e+01
-1.0567e+02 -1.0153e+02 -8.0413e+01 -9.8898e+01
-1.0572e+02 -1.0201e+02 -8.4044e+01 -1.8906e+02
-1.0605e+02 -1.0517e+02 -9.8505e+01 -1.8368e+02
# New trial
-1.0577e+02 -1.0246e+02 -8.1577e+01 -6.3689e+01
-1.0566e+02 -1.0144e+02 -7.8724e+01 -7.1667e+01
-1.0559e+02 -1.0084e+02 -8.7747e+01 -2.4429e+02
-1.0599e+02 -1.0463e+02 -1.0329e+02 -3.8795e+02
# New trial
-1.0560e+02 -1.0089e+02 -7.5428e+01 -6.0316e+01
-1.0559e+02 -1.0088e+02 -7.8821e+01 -1.0332e+02
-1.0577e+02 -1.0258e+02 -8.7688e+01 -1.9603e+02
-1.0610e+02 -1.0571e+02 -1.0352e+02 -2.7356e+02
# New trial
-1.0584e+02 -1.0315e+02 -8.2221e+01 -6.1116e+01
-1.0574e+02 -1.0216e+02 -7.6676e+01 -6.5618e+01
-1.0563e+02 -1.0109e+02 -7.9279e+01 -1.9479e+02
-1.0591e+02 -1.0377e+02 -9.0973e+01 -2.7351e+02
# New trial
-1.0577e+02 -1.0241e+02 -7.7474e+01 -6.0221e+01
-1.0566e+02 -1.0141e+02 -7.6545e+01 -8.2203e+01
-1.0563e+02 -1.0117e+02 -7.9695e+01 -1.6471e+02
-1.0599e+02 -1.0460e+02 -9.2896e+01 -1.1856e+02
# New trial
-1.0578e+02 -1.0258e+02 -8.1692e+01 -6.4486e+01
-1.0572e+02 -1.0201e+02 -8.2306e+01 -9.0091e+01
-1.0583e+02 -1.0306e+02 -8.7929e+01 -1.8455e+02
-1.0610e+02 -1.0574e+02 -1.0336e+02 -2.2687e+02
# New trial
-1.0576e+02 -1.0237e+02 -7.9763e+01 -6.9456e+01
-1.0570e+02 -1.0176e+02 -7.6870e+01 -7.9380e+01
-1.0567e+02 -1.0147e+02 -7.6921e+01 -1.3790e+02
-1.0599e+02 -1.0465e+02 -9.4099e+01 -2.0572e+02
# New trial
-1.0570e+02 -1.0183e+02 -7.6513e+01 -6.0546e+01
-1.0561e+02 -1.0093e+02 -7.2487e+01 -6.5508e+01
-1.0553e+02 -1.0013e+02 -7.2713e+01 -1.4371e+02
-1.0597e+02 -1.0446e+02 -9.1923e+01 -9.6699e+01
# New trial
-1.0569e+02 -1.0166e+02 -7.6825e+01 -6.8518e+01
-1.0563e+02 -1.0112e+02 -7.6792e+01 -1.2715e+02
-1.0571e+02 -1.0188e+02 -8.0571e+01 -1.6642e+02
-1.0607e+02 -1.0534e+02 -9.9130e+01 -1.1295e+02
# New trial
-1.0568e+02 -1.0169e+02 -8.0392e+01 -6.1065e+01
-1.0566e+02 -1.0167e+02 -8.6141e+01 -1.4984e+02
-1.0584e+02 -1.0339e+02 -1.0825e+02 -3.9983e+02
-1.0613e+02 -1.0602e+02 -1.0785e+02 -3.2524e+02
# New trial
-1.0591e+02 -1.0382e+02 -8.6749e+01 -6.2272e+01
-1.0590e+02 -1.0375e+02 -8.6627e+01 -7.1731e+01
-1.0595e+02 -1.0415e+02 -9.0148e+01 -1.2620e+02
-1.0608e+02 -1.0551e+02 -1.0011e+02 -1.3398e+02
# New trial
-1.0580e+02 -1.0270e+02 -8.0603e+01 -6.2952e+01
-1.0570e+02 -1.0176e+02 -7.8040e+01 -8.5985e+01
-1.0556e+02 -1.0045e+02 -8.3024e+01 -2.0499e+02
-1.0592e+02 -1.0389e+02 -9.2726e+01 -2.7480e+02
# New trial
-1.0590e+02 -1.0369e+02 -8.5288e+01 -6.3114e+01
-1.0584e+02 -1.0306e+02 -8.1015e+01 -6.3399e+01
-1.0576e+02 -1.0227e+02 -7.5839e+01 -6.8252e+01
-1.0594e+02 -1.0413e+02 -8.8821e+01 -1.3136e+02
# New trial
-1.0584e+02 -1.0311e+02 -8.1203e+01 -6.7246e+01
-1.0581e+02 -1.0280e+02 -8.0053e+01 -8.8679e+01
-1.0581e+02 -1.0285e+02 -8.0921e+01 -1.3601e+02
-1.0602e+02 -1.0490e+02 -9.4701e+01 -1.1427e+02
# New trial
-1.0568e+02 -1.0167e+02 -7.8656e+01 -6.7458e+01
-1.0561e+02 -1.0107e+02 -7.8085e+01 -9.3701e+01
-1.0570e+02 -1.0190e+02 -8.8944e+01 -2.5294e+02
-1.0607e+02 -1.0541e+02 -1.0290e+02 -3.0234e+02
# New trial
-1.0575e+02 -1.0227e+02 -7.8302e+01 -6.1773e+01
-1.0574e+02 -1.0219e+02 -8.2016e+01 -1.1289e+02
-1.0580e+02 -1.0287e+02 -9.2802e+01 -3.1043e+02
-1.0606e+02 -1.0527e+02 -1.0026e+02 -2.4144e+02
# New trial
-1.0565e+02 -1.0139e+02 -7.8968e+01 -6.1480e+01
-1.0565e+02 -1.0148e+02 -8.3740e+01 -1.3573e+02
-1.0577e+02 -1.0260e+02 -9.6604e+01 -3.4790e+02
-1.0608e+02 -1.0549e+02 -1.0131e+02 -2.1708e+02
# New trial
-1.0595e+02 -1.0417e+02 -8.7840e+01 -6.2965e+01
-1.0589e+02 -1.0361e+02 -8.3830e+01 -6.5964e+01
-1.0583e+02 -1.0303e+02 -8.0099e+01 -1.0821e+02
-1.0600e+02 -1.0470e+02 -9.4678e+01 -2.4229e+02
# New trial
-1.0580e+02 -1.0270e+02 -8.1135e+01 -7.3727e+01
-1.0575e+02 -1.0230e+02 -7.9974e+01 -9.0288e+01
-1.0578e+02 -1.0256e+02 -8.6813e+01 -2.2846e+02
-1.0603e+02 -1.0504e+02 -9.7979e+01 -2.3413e+02
# New trial
-1.0542e+02 -9.9373e+01 -7.2089e+01 -6.0361e+01
-1.0535e+02 -9.8872e+01 -7.3130e+01 -7.7348e+01
-1.0567e+02 -1.0174e+02 -8.7419e+01 -2.3347e+02
-1.0610e+02 -1.0576e+02 -1.0499e+02 -2.7363e+02
# New trial
-1.0578e+02 -1.0255e+02 -7.9851e+01 -6.7154e+01
-1.0572e+02 -1.0198e+02 -7.9712e+01 -7.8912e+01
-1.0576e+02 -1.0247e+02 -8.7473e+01 -1.8025e+02
-1.0607e+02 -1.0538e+02 -1.0169e+02 -2.5340e+02
# New trial
-1.0592e+02 -1.0389e+02 -8.6138e+01 -6.5393e+01
-1.0584e+02 -1.0314e+02 -8.0880e+01 -6.4623e+01
-1.0577e+02 -1.0242e+02 -7.7424e+01 -1.1358e+02
-1.0595e+02 -1.0419e+02 -9.2677e+01 -2.5671e+02
# New trial
-1.0553e+02 -1.0053e+02 -7.8531e+01 -6.2260e+01
-1.0557e+02 -1.0106e+02 -8.9634e+01 -1.9759e+02
-1.0586e+02 -1.0371e+02 -1.1150e+02 -4.3192e+02
-1.0612e+02 -1.0592e+02 -1.0754e+02 -3.3581e+02
# New trial
-1.0583e+02 -1.0306e+02 -8.2682e+01 -6.2158e+01
-1.0574e+02 -1.0216e+02 -7.9105e+01 -6.5791e+01
-1.0571e+02 -1.0185e+02 -7.6695e+01 -9.6647e+01
-1.0605e+02 -1.0518e+02 -9.7397e+01 -1.6129e+02
# New trial
-1.0582e+02 -1.0295e+02 -8.1283e+01 -6.2612e+01
-1.0579e+02 -1.0269e+02 -8.1129e+01 -6.6985e+01
-1.0581e+02 -1.0289e+02 -8.2303e+01 -1.0573e+02
-1.0606e+02 -1.0530e+02 -9.8563e+01 -1.0659e+02
# New trial
-1.0588e+02 -1.0355e+02 -8.4816e+01 -6.6530e+01
-1.0579e+02 -1.0265e+02 -8.1114e+01 -6.8388e+01
-1.0571e+02 -1.0184e+02 -8.1492e+01 -1.6027e+02
-1.0593e+02 -1.0406e+02 -9.8759e+01 -3.2711e+02
# New trial
-1.0586e+02 -1.0333e+02 -8.2536e+01 -6.1814e+01
-1.0576e+02 -1.0232e+02 -7.7613e+01 -6.2093e+01
-1.0566e+02 -1.0137e+02 -8.0268e+01 -1.9110e+02
-1.0596e+02 -1.0427e+02 -9.2822e+01 -2.4128e+02
# New trial
-1.0590e+02 -1.0366e+02 -8.5871e+01 -6.8062e+01
-1.0586e+02 -1.0334e+02 -8.3689e+01 -6.4886e+01
-1.0584e+02 -1.0315e+02 -8.0798e+01 -6.7406e+01
-1.0604e+02 -1.0508e+02 -9.6313e+01 -1.4935e+02
# New trial
-1.0579e+02 -1.0261e+02 -8.1874e+01 -7.6589e+01
-1.0571e+02 -1.0191e+02 -7.9724e+01 -1.0190e+02
-1.0575e+02 -1.0233e+02 -9.0153e+01 -2.6665e+02
-1.0607e+02 -1.0538e+02 -1.0322e+02 -3.0701e+02
# New trial
