# 0.01sig - Array shape (trial/sig/alpha): (30, 4, 4)
-1.3768e+02 -1.3098e+02 -8.9712e+01 -6.9713e+01
-1.3765e+02 -1.3070e+02 -8.8009e+01 -9.9291e+01
-1.3772e+02 -1.3134e+02 -9.3467e+01 -2.9063e+02
-1.3823e+02 -1.3627e+02 -1.2576e+02 -5.6664e+02
# New trial
-1.3768e+02 -1.3097e+02 -9.3504e+01 -1.4266e+02
-1.3763e+02 -1.3060e+02 -9.5823e+01 -1.7747e+02
-1.3773e+02 -1.3150e+02 -9.7851e+01 -2.3729e+02
-1.3823e+02 -1.3633e+02 -1.2066e+02 -2.5373e+02
# New trial
-1.3765e+02 -1.3070e+02 -8.7716e+01 -5.5170e+01
-1.3751e+02 -1.2935e+02 -8.2074e+01 -1.0024e+02
-1.3740e+02 -1.2815e+02 -8.6980e+01 -3.1637e+02
-1.3806e+02 -1.3454e+02 -1.0959e+02 -3.3245e+02
# New trial
-1.3747e+02 -1.2926e+02 -8.9904e+01 -1.3952e+02
-1.3740e+02 -1.2864e+02 -9.1067e+01 -1.9955e+02
-1.3764e+02 -1.3071e+02 -1.0663e+02 -4.3064e+02
-1.3827e+02 -1.3670e+02 -1.2855e+02 -5.1119e+02
# New trial
-1.3785e+02 -1.3257e+02 -9.5570e+01 -1.0055e+02
-1.3769e+02 -1.3101e+02 -8.3853e+01 -1.0829e+02
-1.3756e+02 -1.2966e+02 -8.0830e+01 -2.0536e+02
-1.3796e+02 -1.3358e+02 -1.0180e+02 -3.3115e+02
# New trial
-1.3768e+02 -1.3097e+02 -8.8149e+01 -1.1410e+02
-1.3757e+02 -1.2988e+02 -8.2739e+01 -1.1261e+02
-1.3748e+02 -1.2895e+02 -8.3365e+01 -2.4098e+02
-1.3809e+02 -1.3484e+02 -1.1163e+02 -3.5972e+02
# New trial
-1.3775e+02 -1.3160e+02 -9.4254e+01 -1.2311e+02
-1.3767e+02 -1.3096e+02 -9.3838e+01 -1.3799e+02
-1.3784e+02 -1.3255e+02 -1.0070e+02 -2.7429e+02
-1.3829e+02 -1.3685e+02 -1.2487e+02 -2.4963e+02
# New trial
-1.3759e+02 -1.3018e+02 -8.4075e+01 -4.4908e+01
-1.3757e+02 -1.2985e+02 -7.9799e+01 -7.0866e+01
-1.3758e+02 -1.2983e+02 -8.1498e+01 -1.9024e+02
-1.3808e+02 -1.3479e+02 -1.1073e+02 -3.0979e+02
# New trial
-1.3767e+02 -1.3093e+02 -9.3924e+01 -1.5976e+02
-1.3753e+02 -1.2959e+02 -8.7995e+01 -2.0469e+02
-1.3735e+02 -1.2770e+02 -9.1880e+01 -3.8002e+02
-1.3799e+02 -1.3396e+02 -1.1501e+02 -4.7460e+02
# New trial
-1.3763e+02 -1.3060e+02 -9.1785e+01 -1.1128e+02
-1.3765e+02 -1.3073e+02 -9.3475e+01 -1.6765e+02
-1.3780e+02 -1.3218e+02 -1.0609e+02 -4.0317e+02
-1.3831e+02 -1.3711e+02 -1.3095e+02 -4.8422e+02
# New trial
-1.3748e+02 -1.2933e+02 -9.4986e+01 -1.6820e+02
-1.3744e+02 -1.2915e+02 -1.0345e+02 -3.4885e+02
-1.3765e+02 -1.3108e+02 -1.3207e+02 -7.0994e+02
-1.3827e+02 -1.3682e+02 -1.3211e+02 -4.5470e+02
# New trial
-1.3795e+02 -1.3349e+02 -9.7996e+01 -7.1054e+01
-1.3799e+02 -1.3389e+02 -1.0033e+02 -1.0019e+02
-1.3805e+02 -1.3441e+02 -1.0413e+02 -1.8416e+02
-1.3828e+02 -1.3671e+02 -1.2294e+02 -2.1663e+02
# New trial
-1.3773e+02 -1.3138e+02 -9.1634e+01 -1.2060e+02
-1.3760e+02 -1.3011e+02 -8.4101e+01 -1.3684e+02
-1.3738e+02 -1.2793e+02 -8.2567e+01 -2.8147e+02
-1.3791e+02 -1.3312e+02 -1.1192e+02 -4.9666e+02
# New trial
-1.3797e+02 -1.3370e+02 -1.0113e+02 -8.1227e+01
-1.3787e+02 -1.3273e+02 -9.2535e+01 -7.9191e+01
-1.3777e+02 -1.3171e+02 -8.6707e+01 -1.8637e+02
-1.3803e+02 -1.3421e+02 -1.0542e+02 -3.7305e+02
# New trial
-1.3790e+02 -1.3297e+02 -9.5188e+01 -1.0994e+02
-1.3789e+02 -1.3292e+02 -9.3885e+01 -1.2484e+02
-1.3787e+02 -1.3270e+02 -9.4888e+01 -2.3237e+02
-1.3817e+02 -1.3561e+02 -1.1491e+02 -3.3113e+02
# New trial
-1.3745e+02 -1.2900e+02 -8.4677e+01 -5.8217e+01
-1.3746e+02 -1.2914e+02 -9.2564e+01 -1.5545e+02
-1.3764e+02 -1.3080e+02 -1.0586e+02 -3.9449e+02
-1.3826e+02 -1.3655e+02 -1.2454e+02 -3.6848e+02
# New trial
-1.3770e+02 -1.3116e+02 -9.1425e+01 -9.0860e+01
-1.3764e+02 -1.3068e+02 -9.5142e+01 -1.6184e+02
-1.3770e+02 -1.3126e+02 -1.0046e+02 -3.2549e+02
-1.3817e+02 -1.3570e+02 -1.1600e+02 -2.6392e+02
# New trial
-1.3759e+02 -1.3046e+02 -9.6209e+01 -1.4583e+02
-1.3756e+02 -1.3016e+02 -9.6678e+01 -2.0636e+02
-1.3767e+02 -1.3112e+02 -1.1033e+02 -4.7200e+02
-1.3826e+02 -1.3660e+02 -1.2524e+02 -3.3160e+02
# New trial
-1.3804e+02 -1.3437e+02 -1.0451e+02 -9.9959e+01
-1.3800e+02 -1.3399e+02 -1.0014e+02 -9.6635e+01
-1.3791e+02 -1.3308e+02 -9.3828e+01 -1.8468e+02
-1.3811e+02 -1.3504e+02 -1.1291e+02 -3.6116e+02
# New trial
-1.3778e+02 -1.3187e+02 -9.1707e+01 -1.1455e+02
-1.3778e+02 -1.3185e+02 -9.2837e+01 -1.2248e+02
-1.3783e+02 -1.3239e+02 -9.7106e+01 -2.6557e+02
-1.3823e+02 -1.3622e+02 -1.2128e+02 -3.7293e+02
# New trial
-1.3727e+02 -1.2732e+02 -8.2073e+01 -9.8372e+01
-1.3727e+02 -1.2753e+02 -8.9581e+01 -1.6310e+02
-1.3768e+02 -1.3125e+02 -1.1378e+02 -4.4531e+02
-1.3835e+02 -1.3744e+02 -1.3181e+02 -2.9263e+02
# New trial
-1.3771e+02 -1.3121e+02 -9.3144e+01 -1.3104e+02
-1.3770e+02 -1.3111e+02 -9.2083e+01 -1.2816e+02
-1.3775e+02 -1.3167e+02 -9.8927e+01 -2.7057e+02
-1.3823e+02 -1.3625e+02 -1.2075e+02 -2.9045e+02
# New trial
-1.3804e+02 -1.3437e+02 -1.0842e+02 -1.2274e+02
-1.3798e+02 -1.3384e+02 -1.0238e+02 -1.2787e+02
-1.3789e+02 -1.3284e+02 -9.2455e+01 -1.6633e+02
-1.3805e+02 -1.3449e+02 -1.0545e+02 -2.5163e+02
# New trial
-1.3734e+02 -1.2825e+02 -8.8455e+01 -1.4500e+02
-1.3736e+02 -1.2864e+02 -9.6638e+01 -2.2551e+02
-1.3776e+02 -1.3216e+02 -1.1754e+02 -4.8145e+02
-1.3837e+02 -1.3763e+02 -1.3561e+02 -5.1377e+02
# New trial
-1.3784e+02 -1.3247e+02 -9.6130e+01 -1.2093e+02
-1.3769e+02 -1.3111e+02 -9.1185e+01 -1.3491e+02
-1.3758e+02 -1.2998e+02 -8.9620e+01 -2.6341e+02
-1.3813e+02 -1.3536e+02 -1.1744e+02 -4.0479e+02
# New trial
-1.3783e+02 -1.3235e+02 -9.8106e+01 -1.5249e+02
-1.3783e+02 -1.3240e+02 -9.5691e+01 -1.5377e+02
-1.3786e+02 -1.3263e+02 -9.4614e+01 -1.9155e+02
-1.3823e+02 -1.3619e+02 -1.1801e+02 -2.1843e+02
# New trial
-1.3792e+02 -1.3324e+02 -1.0083e+02 -1.1425e+02
-1.3779e+02 -1.3197e+02 -9.3451e+01 -1.0748e+02
-1.3769e+02 -1.3097e+02 -9.0575e+01 -2.3191e+02
-1.3804e+02 -1.3435e+02 -1.0905e+02 -3.5491e+02
# New trial
-1.3792e+02 -1.3323e+02 -9.7667e+01 -7.7085e+01
-1.3775e+02 -1.3157e+02 -8.8661e+01 -7.5027e+01
-1.3755e+02 -1.2963e+02 -7.6196e+01 -1.2178e+02
-1.3796e+02 -1.3359e+02 -9.8011e+01 -1.4578e+02
# New trial
-1.3786e+02 -1.3267e+02 -9.7824e+01 -1.1482e+02
-1.3790e+02 -1.3304e+02 -9.6477e+01 -9.2240e+01
-1.3794e+02 -1.3342e+02 -9.8214e+01 -1.7197e+02
-1.3824e+02 -1.3631e+02 -1.1983e+02 -2.5263e+02
# New trial
-1.3769e+02 -1.3118e+02 -9.9555e+01 -2.1075e+02
-1.3769e+02 -1.3113e+02 -9.5252e+01 -2.0289e+02
-1.3778e+02 -1.3192e+02 -1.0108e+02 -3.4885e+02
-1.3825e+02 -1.3640e+02 -1.2112e+02 -2.4277e+02
# New trial
