# 0.01sig - Array shape (trial/sig/alpha): (30, 4, 4)
-1.7018e+02 -1.6505e+02 -1.2588e+02 -8.0751e+01
-1.7006e+02 -1.6387e+02 -1.1946e+02 -9.4759e+01
-1.6995e+02 -1.6278e+02 -1.1749e+02 -2.4301e+02
-1.7046e+02 -1.6776e+02 -1.4632e+02 -3.9569e+02
# New trial
-1.7014e+02 -1.6463e+02 -1.2388e+02 -7.8849e+01
-1.6997e+02 -1.6312e+02 -1.1920e+02 -8.3805e+01
-1.6980e+02 -1.6140e+02 -1.0992e+02 -1.5816e+02
-1.7035e+02 -1.6674e+02 -1.3870e+02 -3.7063e+02
# New trial
-1.7017e+02 -1.6497e+02 -1.2461e+02 -7.9837e+01
-1.6995e+02 -1.6287e+02 -1.1258e+02 -8.4283e+01
-1.6955e+02 -1.5892e+02 -1.0244e+02 -2.1897e+02
-1.7002e+02 -1.6347e+02 -1.3301e+02 -5.7037e+02
# New trial
-1.6997e+02 -1.6312e+02 -1.1960e+02 -7.8226e+01
-1.6983e+02 -1.6195e+02 -1.2030e+02 -1.5442e+02
-1.6976e+02 -1.6127e+02 -1.2336e+02 -2.8992e+02
-1.7038e+02 -1.6716e+02 -1.5377e+02 -5.7597e+02
# New trial
-1.7028e+02 -1.6602e+02 -1.3003e+02 -8.3434e+01
-1.7011e+02 -1.6436e+02 -1.1886e+02 -8.9211e+01
-1.6977e+02 -1.6100e+02 -1.0475e+02 -1.5434e+02
-1.6997e+02 -1.6293e+02 -1.1724e+02 -2.6495e+02
# New trial
-1.7024e+02 -1.6560e+02 -1.2458e+02 -7.4579e+01
-1.6996e+02 -1.6290e+02 -1.1038e+02 -7.9958e+01
-1.6952e+02 -1.5852e+02 -8.9205e+01 -9.6437e+01
-1.7000e+02 -1.6327e+02 -1.1038e+02 -7.9912e+01
# New trial
-1.7025e+02 -1.6569e+02 -1.2990e+02 -8.4111e+01
-1.7010e+02 -1.6426e+02 -1.2412e+02 -9.7736e+01
-1.7000e+02 -1.6340e+02 -1.2277e+02 -1.9569e+02
-1.7047e+02 -1.6786e+02 -1.4762e+02 -3.0697e+02
# New trial
-1.7020e+02 -1.6527e+02 -1.2586e+02 -8.5520e+01
-1.7007e+02 -1.6394e+02 -1.1821e+02 -9.8562e+01
-1.6979e+02 -1.6124e+02 -1.1114e+02 -1.7273e+02
-1.7017e+02 -1.6491e+02 -1.2750e+02 -2.9872e+02
# New trial
-1.7014e+02 -1.6468e+02 -1.2148e+02 -7.6118e+01
-1.6994e+02 -1.6265e+02 -1.0797e+02 -7.9952e+01
-1.6944e+02 -1.5778e+02 -8.6446e+01 -8.6845e+01
-1.6995e+02 -1.6274e+02 -1.0640e+02 -8.9123e+01
# New trial
-1.7011e+02 -1.6438e+02 -1.2209e+02 -8.3615e+01
-1.6995e+02 -1.6289e+02 -1.1586e+02 -9.8524e+01
-1.6986e+02 -1.6197e+02 -1.1942e+02 -3.1036e+02
-1.7044e+02 -1.6759e+02 -1.5048e+02 -5.5609e+02
# New trial
-1.6995e+02 -1.6294e+02 -1.1963e+02 -8.7683e+01
-1.6982e+02 -1.6183e+02 -1.2113e+02 -1.7465e+02
-1.6978e+02 -1.6147e+02 -1.2888e+02 -3.8522e+02
-1.7048e+02 -1.6805e+02 -1.5110e+02 -4.0132e+02
# New trial
-1.7040e+02 -1.6715e+02 -1.3795e+02 -8.1542e+01
-1.7034e+02 -1.6659e+02 -1.3364e+02 -8.2077e+01
-1.7024e+02 -1.6562e+02 -1.2620e+02 -1.2368e+02
-1.7042e+02 -1.6740e+02 -1.3912e+02 -1.4990e+02
# New trial
-1.7024e+02 -1.6556e+02 -1.2397e+02 -7.7023e+01
-1.7004e+02 -1.6362e+02 -1.1152e+02 -9.7594e+01
-1.6958e+02 -1.5911e+02 -1.0065e+02 -2.1815e+02
-1.6990e+02 -1.6219e+02 -1.1026e+02 -2.8627e+02
# New trial
-1.7039e+02 -1.6713e+02 -1.3771e+02 -8.7477e+01
-1.7029e+02 -1.6609e+02 -1.2962e+02 -8.6787e+01
-1.7004e+02 -1.6363e+02 -1.1531e+02 -1.6024e+02
-1.7013e+02 -1.6457e+02 -1.2802e+02 -3.7863e+02
# New trial
-1.7035e+02 -1.6671e+02 -1.3514e+02 -8.7017e+01
-1.7025e+02 -1.6575e+02 -1.2886e+02 -8.6190e+01
-1.7004e+02 -1.6363e+02 -1.1634e+02 -1.2540e+02
-1.7022e+02 -1.6540e+02 -1.2760e+02 -2.2504e+02
# New trial
-1.7005e+02 -1.6390e+02 -1.2414e+02 -9.8307e+01
-1.6987e+02 -1.6225e+02 -1.2024e+02 -1.2003e+02
-1.6972e+02 -1.6082e+02 -1.2324e+02 -3.1900e+02
-1.7035e+02 -1.6684e+02 -1.5019e+02 -5.4140e+02
# New trial
-1.7012e+02 -1.6445e+02 -1.2093e+02 -7.7564e+01
-1.6996e+02 -1.6296e+02 -1.1631e+02 -9.1661e+01
-1.6980e+02 -1.6145e+02 -1.0852e+02 -1.6353e+02
-1.7030e+02 -1.6626e+02 -1.3345e+02 -2.8746e+02
# New trial
-1.7007e+02 -1.6409e+02 -1.2450e+02 -9.1292e+01
-1.6988e+02 -1.6240e+02 -1.2093e+02 -1.2828e+02
-1.6969e+02 -1.6057e+02 -1.1808e+02 -2.5660e+02
-1.7035e+02 -1.6670e+02 -1.3826e+02 -2.3243e+02
# New trial
-1.7031e+02 -1.6636e+02 -1.3426e+02 -9.3977e+01
-1.7019e+02 -1.6518e+02 -1.2802e+02 -1.2757e+02
-1.7008e+02 -1.6405e+02 -1.2107e+02 -2.1892e+02
-1.7039e+02 -1.6711e+02 -1.4191e+02 -4.1239e+02
# New trial
-1.7021e+02 -1.6530e+02 -1.2540e+02 -8.3585e+01
-1.7009e+02 -1.6414e+02 -1.1938e+02 -8.9886e+01
-1.6994e+02 -1.6266e+02 -1.1153e+02 -1.6744e+02
-1.7034e+02 -1.6666e+02 -1.3676e+02 -2.8489e+02
# New trial
-1.6974e+02 -1.6109e+02 -1.1547e+02 -7.9361e+01
-1.6956e+02 -1.5963e+02 -1.1643e+02 -1.3279e+02
-1.6970e+02 -1.6082e+02 -1.2598e+02 -3.3884e+02
-1.7049e+02 -1.6814e+02 -1.5334e+02 -4.3470e+02
# New trial
-1.7027e+02 -1.6598e+02 -1.3111e+02 -1.0563e+02
-1.7012e+02 -1.6452e+02 -1.2448e+02 -1.1981e+02
-1.6988e+02 -1.6224e+02 -1.1578e+02 -2.1277e+02
-1.7036e+02 -1.6675e+02 -1.3670e+02 -2.5939e+02
# New trial
-1.7047e+02 -1.6791e+02 -1.4395e+02 -9.4505e+01
-1.7036e+02 -1.6677e+02 -1.3455e+02 -1.0038e+02
-1.7013e+02 -1.6447e+02 -1.1738e+02 -1.5004e+02
-1.7018e+02 -1.6495e+02 -1.2653e+02 -3.6834e+02
# New trial
-1.6972e+02 -1.6086e+02 -1.1003e+02 -7.4660e+01
-1.6959e+02 -1.5997e+02 -1.1483e+02 -1.3611e+02
-1.6975e+02 -1.6145e+02 -1.2780e+02 -3.3152e+02
-1.7051e+02 -1.6843e+02 -1.5572e+02 -4.9616e+02
# New trial
-1.7032e+02 -1.6641e+02 -1.3295e+02 -7.8500e+01
-1.7012e+02 -1.6447e+02 -1.2182e+02 -9.0757e+01
-1.6982e+02 -1.6155e+02 -1.1033e+02 -1.6567e+02
-1.7030e+02 -1.6627e+02 -1.3601e+02 -3.7706e+02
# New trial
-1.7037e+02 -1.6693e+02 -1.3634e+02 -8.6838e+01
-1.7027e+02 -1.6588e+02 -1.2900e+02 -9.3373e+01
-1.7005e+02 -1.6375e+02 -1.1627e+02 -1.5179e+02
-1.7038e+02 -1.6701e+02 -1.3874e+02 -3.1213e+02
# New trial
-1.7036e+02 -1.6683e+02 -1.3554e+02 -8.5138e+01
-1.7018e+02 -1.6507e+02 -1.2502e+02 -8.8197e+01
-1.6987e+02 -1.6205e+02 -1.1129e+02 -1.5219e+02
-1.7008e+02 -1.6404e+02 -1.2676e+02 -3.6850e+02
# New trial
-1.7035e+02 -1.6667e+02 -1.3398e+02 -9.6230e+01
-1.7017e+02 -1.6493e+02 -1.2289e+02 -1.1005e+02
-1.6979e+02 -1.6121e+02 -1.0380e+02 -1.5717e+02
-1.7002e+02 -1.6344e+02 -1.1077e+02 -1.5956e+02
# New trial
-1.7043e+02 -1.6746e+02 -1.4093e+02 -7.9708e+01
-1.7036e+02 -1.6680e+02 -1.3580e+02 -8.3898e+01
-1.7021e+02 -1.6533e+02 -1.2460e+02 -1.4062e+02
-1.7041e+02 -1.6730e+02 -1.3911e+02 -1.8744e+02
# New trial
-1.7023e+02 -1.6548e+02 -1.2701e+02 -1.1581e+02
-1.7009e+02 -1.6415e+02 -1.2027e+02 -1.4682e+02
-1.6992e+02 -1.6248e+02 -1.2299e+02 -3.6268e+02
-1.7039e+02 -1.6709e+02 -1.4613e+02 -5.0319e+02
# New trial
