# 0.01sig - Array shape (trial/sig/alpha): (30, 4, 4)
-1.3770e+02 -1.3114e+02 -8.8279e+01 -4.9476e+01
-1.3765e+02 -1.3070e+02 -8.5699e+01 -6.7032e+01
-1.3772e+02 -1.3131e+02 -9.2819e+01 -2.4903e+02
-1.3822e+02 -1.3619e+02 -1.1994e+02 -3.6635e+02
# New trial
-1.3764e+02 -1.3055e+02 -8.6491e+01 -5.7757e+01
-1.3758e+02 -1.3007e+02 -8.8464e+01 -1.0103e+02
-1.3768e+02 -1.3093e+02 -8.9207e+01 -1.7640e+02
-1.3824e+02 -1.3634e+02 -1.1935e+02 -1.8393e+02
# New trial
-1.3770e+02 -1.3118e+02 -8.9047e+01 -5.2156e+01
-1.3756e+02 -1.2982e+02 -8.5379e+01 -9.2507e+01
-1.3741e+02 -1.2837e+02 -9.4122e+01 -3.5239e+02
-1.3805e+02 -1.3449e+02 -1.2273e+02 -5.3231e+02
# New trial
-1.3745e+02 -1.2887e+02 -8.0792e+01 -5.3161e+01
-1.3736e+02 -1.2819e+02 -8.5512e+01 -1.3023e+02
-1.3757e+02 -1.3014e+02 -1.0296e+02 -3.4778e+02
-1.3822e+02 -1.3628e+02 -1.2383e+02 -3.2712e+02
# New trial
-1.3780e+02 -1.3204e+02 -8.8653e+01 -4.8506e+01
-1.3765e+02 -1.3059e+02 -7.9851e+01 -5.6290e+01
-1.3755e+02 -1.2952e+02 -8.0246e+01 -1.7618e+02
-1.3796e+02 -1.3359e+02 -1.0718e+02 -3.7510e+02
# New trial
-1.3772e+02 -1.3135e+02 -8.9506e+01 -5.0760e+01
-1.3763e+02 -1.3050e+02 -9.0230e+01 -1.3641e+02
-1.3754e+02 -1.2959e+02 -8.9067e+01 -2.5742e+02
-1.3809e+02 -1.3488e+02 -1.0767e+02 -1.2583e+02
# New trial
-1.3773e+02 -1.3143e+02 -9.0035e+01 -4.8262e+01
-1.3766e+02 -1.3084e+02 -9.1098e+01 -1.0519e+02
-1.3783e+02 -1.3239e+02 -9.8000e+01 -1.9959e+02
-1.3830e+02 -1.3690e+02 -1.2416e+02 -2.0515e+02
# New trial
-1.3770e+02 -1.3123e+02 -8.9842e+01 -5.4969e+01
-1.3762e+02 -1.3033e+02 -8.3270e+01 -6.0722e+01
-1.3757e+02 -1.2978e+02 -8.0613e+01 -1.5968e+02
-1.3806e+02 -1.3458e+02 -1.0882e+02 -2.6047e+02
# New trial
-1.3759e+02 -1.3009e+02 -8.1829e+01 -4.7744e+01
-1.3745e+02 -1.2869e+02 -7.6063e+01 -9.5843e+01
-1.3728e+02 -1.2699e+02 -7.9587e+01 -2.8004e+02
-1.3798e+02 -1.3378e+02 -1.0134e+02 -1.9876e+02
# New trial
-1.3760e+02 -1.3026e+02 -8.7671e+01 -6.9342e+01
-1.3763e+02 -1.3050e+02 -9.0637e+01 -1.4035e+02
-1.3782e+02 -1.3234e+02 -1.0264e+02 -3.2022e+02
-1.3835e+02 -1.3738e+02 -1.3077e+02 -4.3942e+02
# New trial
-1.3746e+02 -1.2913e+02 -8.8955e+01 -5.9833e+01
-1.3744e+02 -1.2897e+02 -9.7839e+01 -2.5173e+02
-1.3767e+02 -1.3120e+02 -1.2871e+02 -6.6216e+02
-1.3831e+02 -1.3714e+02 -1.3240e+02 -4.2288e+02
# New trial
-1.3794e+02 -1.3343e+02 -9.7241e+01 -4.9055e+01
-1.3799e+02 -1.3385e+02 -1.0023e+02 -9.1460e+01
-1.3804e+02 -1.3440e+02 -1.0388e+02 -1.5060e+02
-1.3828e+02 -1.3674e+02 -1.2210e+02 -1.0935e+02
# New trial
-1.3772e+02 -1.3126e+02 -8.6462e+01 -5.0111e+01
-1.3760e+02 -1.3008e+02 -8.2712e+01 -1.0596e+02
-1.3738e+02 -1.2797e+02 -7.9994e+01 -2.2730e+02
-1.3792e+02 -1.3317e+02 -9.6456e+01 -2.3807e+02
# New trial
-1.3797e+02 -1.3371e+02 -9.8446e+01 -5.1675e+01
-1.3788e+02 -1.3277e+02 -9.0978e+01 -5.6300e+01
-1.3776e+02 -1.3159e+02 -8.4143e+01 -1.3243e+02
-1.3801e+02 -1.3403e+02 -1.0065e+02 -1.9948e+02
# New trial
-1.3790e+02 -1.3293e+02 -9.1170e+01 -5.2534e+01
-1.3789e+02 -1.3286e+02 -9.0734e+01 -7.8032e+01
-1.3786e+02 -1.3259e+02 -8.8890e+01 -1.1210e+02
-1.3816e+02 -1.3552e+02 -1.1154e+02 -1.0082e+02
# New trial
-1.3749e+02 -1.2923e+02 -8.2159e+01 -6.4405e+01
-1.3743e+02 -1.2876e+02 -8.4516e+01 -1.2923e+02
-1.3760e+02 -1.3031e+02 -1.0189e+02 -3.8747e+02
-1.3825e+02 -1.3645e+02 -1.2693e+02 -5.0572e+02
# New trial
-1.3768e+02 -1.3091e+02 -8.6709e+01 -5.4159e+01
-1.3762e+02 -1.3043e+02 -8.9814e+01 -1.2104e+02
-1.3770e+02 -1.3122e+02 -9.8797e+01 -3.2497e+02
-1.3818e+02 -1.3578e+02 -1.1651e+02 -2.7334e+02
# New trial
-1.3748e+02 -1.2932e+02 -8.4296e+01 -4.8113e+01
-1.3745e+02 -1.2912e+02 -8.8869e+01 -1.4906e+02
-1.3762e+02 -1.3057e+02 -1.0354e+02 -4.1399e+02
-1.3825e+02 -1.3649e+02 -1.2158e+02 -1.9557e+02
# New trial
-1.3803e+02 -1.3424e+02 -1.0142e+02 -5.7666e+01
-1.3799e+02 -1.3389e+02 -9.7389e+01 -6.6865e+01
-1.3790e+02 -1.3297e+02 -8.9733e+01 -1.0966e+02
-1.3809e+02 -1.3487e+02 -1.0527e+02 -9.2995e+01
# New trial
-1.3775e+02 -1.3158e+02 -8.8141e+01 -6.5469e+01
-1.3776e+02 -1.3164e+02 -9.2152e+01 -1.1622e+02
-1.3781e+02 -1.3217e+02 -9.9141e+01 -2.9841e+02
-1.3822e+02 -1.3618e+02 -1.2203e+02 -3.8391e+02
# New trial
-1.3727e+02 -1.2740e+02 -8.0945e+01 -5.1612e+01
-1.3724e+02 -1.2738e+02 -8.9920e+01 -1.4244e+02
-1.3764e+02 -1.3104e+02 -1.1667e+02 -4.4384e+02
-1.3832e+02 -1.3734e+02 -1.3652e+02 -4.7740e+02
# New trial
-1.3770e+02 -1.3118e+02 -9.0121e+01 -5.4251e+01
-1.3769e+02 -1.3104e+02 -9.1500e+01 -9.1772e+01
-1.3770e+02 -1.3117e+02 -9.8133e+01 -2.8281e+02
-1.3820e+02 -1.3598e+02 -1.1841e+02 -2.6517e+02
# New trial
-1.3801e+02 -1.3405e+02 -1.0194e+02 -5.4475e+01
-1.3796e+02 -1.3353e+02 -9.6835e+01 -8.1795e+01
-1.3788e+02 -1.3277e+02 -9.0090e+01 -1.1528e+02
-1.3805e+02 -1.3445e+02 -1.0537e+02 -2.4168e+02
# New trial
-1.3720e+02 -1.2687e+02 -8.0881e+01 -5.1875e+01
-1.3721e+02 -1.2720e+02 -8.9993e+01 -1.5642e+02
-1.3772e+02 -1.3160e+02 -1.1060e+02 -4.0242e+02
-1.3838e+02 -1.3777e+02 -1.3538e+02 -4.7664e+02
# New trial
-1.3784e+02 -1.3243e+02 -9.4133e+01 -5.1325e+01
-1.3770e+02 -1.3120e+02 -9.0805e+01 -8.6572e+01
-1.3762e+02 -1.3043e+02 -9.0601e+01 -2.3470e+02
-1.3817e+02 -1.3568e+02 -1.1461e+02 -2.3975e+02
# New trial
-1.3783e+02 -1.3235e+02 -9.4660e+01 -5.7209e+01
-1.3785e+02 -1.3255e+02 -9.7653e+01 -1.0350e+02
-1.3788e+02 -1.3289e+02 -9.8387e+01 -1.9910e+02
-1.3823e+02 -1.3626e+02 -1.1857e+02 -1.7949e+02
# New trial
-1.3790e+02 -1.3303e+02 -9.4997e+01 -5.3577e+01
-1.3777e+02 -1.3177e+02 -8.7329e+01 -5.9588e+01
-1.3769e+02 -1.3090e+02 -8.6360e+01 -2.3020e+02
-1.3804e+02 -1.3434e+02 -1.1035e+02 -3.9242e+02
# New trial
-1.3791e+02 -1.3311e+02 -9.4042e+01 -5.1303e+01
-1.3774e+02 -1.3144e+02 -8.5157e+01 -5.7276e+01
-1.3755e+02 -1.2957e+02 -8.1810e+01 -2.0473e+02
-1.3796e+02 -1.3359e+02 -1.0024e+02 -2.5860e+02
# New trial
-1.3790e+02 -1.3300e+02 -9.7720e+01 -5.7351e+01
-1.3794e+02 -1.3337e+02 -9.7664e+01 -7.4257e+01
-1.3796e+02 -1.3358e+02 -9.7767e+01 -1.5110e+02
-1.3824e+02 -1.3638e+02 -1.2105e+02 -2.9969e+02
# New trial
-1.3767e+02 -1.3087e+02 -9.0246e+01 -7.0558e+01
-1.3767e+02 -1.3087e+02 -9.0294e+01 -1.2776e+02
-1.3778e+02 -1.3192e+02 -1.0172e+02 -3.3726e+02
-1.3826e+02 -1.3651e+02 -1.2227e+02 -3.2791e+02
# New trial
