# 0.01sig - Array shape (trial/sig/alpha): (30, 4, 4)
-1.7446e+02 -1.6670e+02 -1.3540e+02 -4.6377e+02
-1.7440e+02 -1.6608e+02 -1.2542e+02 -4.2796e+02
-1.7438e+02 -1.6572e+02 -1.1343e+02 -4.6736e+02
-1.7503e+02 -1.7199e+02 -1.5162e+02 -6.5336e+02
# New trial
-1.7426e+02 -1.6510e+02 -1.3807e+02 -5.3446e+02
-1.7419e+02 -1.6421e+02 -1.2030e+02 -3.2210e+02
-1.7425e+02 -1.6453e+02 -1.1152e+02 -3.6797e+02
-1.7496e+02 -1.7132e+02 -1.4442e+02 -4.4103e+02
# New trial
-1.7438e+02 -1.6639e+02 -1.3974e+02 -5.1250e+02
-1.7423e+02 -1.6457e+02 -1.1519e+02 -3.6068e+02
-1.7391e+02 -1.6114e+02 -9.8429e+01 -4.7772e+02
-1.7454e+02 -1.6725e+02 -1.2429e+02 -5.9933e+02
# New trial
-1.7416e+02 -1.6443e+02 -1.3947e+02 -5.7560e+02
-1.7402e+02 -1.6294e+02 -1.2423e+02 -5.0838e+02
-1.7410e+02 -1.6333e+02 -1.1917e+02 -5.5815e+02
-1.7494e+02 -1.7122e+02 -1.5405e+02 -7.3111e+02
# New trial
-1.7468e+02 -1.6881e+02 -1.3958e+02 -4.3852e+02
-1.7445e+02 -1.6651e+02 -1.2069e+02 -3.6795e+02
-1.7416e+02 -1.6346e+02 -1.0888e+02 -4.7143e+02
-1.7452e+02 -1.6694e+02 -1.2765e+02 -6.4883e+02
# New trial
-1.7433e+02 -1.6570e+02 -1.3133e+02 -4.8821e+02
-1.7417e+02 -1.6383e+02 -1.0344e+02 -2.5774e+02
-1.7396e+02 -1.6149e+02 -9.3260e+01 -3.9160e+02
-1.7463e+02 -1.6794e+02 -1.2833e+02 -6.2014e+02
# New trial
-1.7439e+02 -1.6612e+02 -1.3317e+02 -3.9796e+02
-1.7433e+02 -1.6544e+02 -1.2399e+02 -3.3801e+02
-1.7446e+02 -1.6650e+02 -1.2032e+02 -3.8220e+02
-1.7502e+02 -1.7191e+02 -1.4501e+02 -2.7800e+02
# New trial
-1.7439e+02 -1.6627e+02 -1.2887e+02 -3.5302e+02
-1.7439e+02 -1.6603e+02 -1.1841e+02 -2.7678e+02
-1.7427e+02 -1.6450e+02 -1.0455e+02 -3.5364e+02
-1.7472e+02 -1.6891e+02 -1.2231e+02 -4.2884e+02
# New trial
-1.7436e+02 -1.6611e+02 -1.3937e+02 -5.7880e+02
-1.7418e+02 -1.6414e+02 -1.1785e+02 -5.1202e+02
-1.7376e+02 -1.5972e+02 -9.7076e+01 -5.1461e+02
-1.7450e+02 -1.6674e+02 -1.2210e+02 -6.2675e+02
# New trial
-1.7439e+02 -1.6617e+02 -1.3843e+02 -5.3128e+02
-1.7436e+02 -1.6568e+02 -1.2497e+02 -4.6185e+02
-1.7441e+02 -1.6609e+02 -1.2840e+02 -5.7100e+02
-1.7501e+02 -1.7185e+02 -1.5637e+02 -7.0690e+02
# New trial
-1.7406e+02 -1.6317e+02 -1.2147e+02 -3.5249e+02
-1.7403e+02 -1.6293e+02 -1.2150e+02 -4.0296e+02
-1.7420e+02 -1.6439e+02 -1.4498e+02 -8.0146e+02
-1.7509e+02 -1.7258e+02 -1.5990e+02 -6.6940e+02
# New trial
-1.7473e+02 -1.6906e+02 -1.2345e+02 -1.2540e+02
-1.7476e+02 -1.6934e+02 -1.2412e+02 -1.4007e+02
-1.7475e+02 -1.6923e+02 -1.2227e+02 -2.3212e+02
-1.7499e+02 -1.7156e+02 -1.4119e+02 -2.5676e+02
# New trial
-1.7446e+02 -1.6662e+02 -1.3044e+02 -4.5312e+02
-1.7433e+02 -1.6524e+02 -1.1072e+02 -3.5128e+02
-1.7392e+02 -1.6108e+02 -9.1421e+01 -4.5585e+02
-1.7440e+02 -1.6578e+02 -1.0727e+02 -5.1374e+02
# New trial
-1.7477e+02 -1.6949e+02 -1.3070e+02 -2.0799e+02
-1.7466e+02 -1.6830e+02 -1.1842e+02 -1.5606e+02
-1.7447e+02 -1.6638e+02 -1.0380e+02 -1.8501e+02
-1.7470e+02 -1.6864e+02 -1.2270e+02 -3.3661e+02
# New trial
-1.7464e+02 -1.6827e+02 -1.3026e+02 -3.4049e+02
-1.7463e+02 -1.6810e+02 -1.1848e+02 -2.5586e+02
-1.7451e+02 -1.6685e+02 -1.0886e+02 -3.1542e+02
-1.7477e+02 -1.6936e+02 -1.2614e+02 -3.1368e+02
# New trial
-1.7426e+02 -1.6494e+02 -1.2653e+02 -3.5896e+02
-1.7416e+02 -1.6400e+02 -1.1777e+02 -2.9962e+02
-1.7417e+02 -1.6392e+02 -1.1433e+02 -3.8962e+02
-1.7494e+02 -1.7118e+02 -1.4349e+02 -4.1392e+02
# New trial
-1.7427e+02 -1.6494e+02 -1.1623e+02 -2.4859e+02
-1.7425e+02 -1.6468e+02 -1.1328e+02 -2.4761e+02
-1.7430e+02 -1.6503e+02 -1.1493e+02 -4.0431e+02
-1.7489e+02 -1.7056e+02 -1.3735e+02 -4.2502e+02
# New trial
-1.7427e+02 -1.6592e+02 -1.6730e+02 -8.5238e+02
-1.7415e+02 -1.6423e+02 -1.3709e+02 -5.9686e+02
-1.7412e+02 -1.6355e+02 -1.3297e+02 -8.0092e+02
-1.7495e+02 -1.7127e+02 -1.6151e+02 -9.9054e+02
# New trial
-1.7467e+02 -1.6865e+02 -1.3608e+02 -3.4861e+02
-1.7458e+02 -1.6766e+02 -1.2358e+02 -2.5658e+02
-1.7453e+02 -1.6713e+02 -1.2289e+02 -3.9419e+02
-1.7495e+02 -1.7126e+02 -1.4992e+02 -5.2561e+02
# New trial
-1.7450e+02 -1.6684e+02 -1.1577e+02 -3.0005e+02
-1.7446e+02 -1.6648e+02 -1.1131e+02 -2.2804e+02
-1.7442e+02 -1.6602e+02 -1.1260e+02 -4.0264e+02
-1.7493e+02 -1.7099e+02 -1.3868e+02 -4.3501e+02
# New trial
-1.7396e+02 -1.6210e+02 -1.0631e+02 -2.7098e+02
-1.7387e+02 -1.6148e+02 -1.0765e+02 -2.1499e+02
-1.7419e+02 -1.6415e+02 -1.1871e+02 -4.0733e+02
-1.7508e+02 -1.7245e+02 -1.5279e+02 -5.3055e+02
# New trial
-1.7443e+02 -1.6658e+02 -1.4277e+02 -5.8430e+02
-1.7441e+02 -1.6608e+02 -1.1963e+02 -3.6766e+02
-1.7432e+02 -1.6514e+02 -1.0951e+02 -3.9794e+02
-1.7490e+02 -1.7074e+02 -1.3599e+02 -3.8901e+02
# New trial
-1.7484e+02 -1.7021e+02 -1.4611e+02 -4.0628e+02
-1.7477e+02 -1.6944e+02 -1.3161e+02 -2.6703e+02
-1.7461e+02 -1.6778e+02 -1.1183e+02 -2.2060e+02
-1.7473e+02 -1.6893e+02 -1.2034e+02 -2.3789e+02
# New trial
-1.7384e+02 -1.6179e+02 -1.3150e+02 -5.1857e+02
-1.7387e+02 -1.6200e+02 -1.2704e+02 -4.2714e+02
-1.7430e+02 -1.6569e+02 -1.4398e+02 -6.6293e+02
-1.7510e+02 -1.7285e+02 -1.6233e+02 -6.9888e+02
# New trial
-1.7459e+02 -1.6776e+02 -1.2621e+02 -2.6036e+02
-1.7442e+02 -1.6612e+02 -1.1541e+02 -2.3214e+02
-1.7421e+02 -1.6401e+02 -1.0577e+02 -4.0562e+02
-1.7486e+02 -1.7035e+02 -1.3581e+02 -3.7388e+02
# New trial
-1.7458e+02 -1.6779e+02 -1.3963e+02 -4.8882e+02
-1.7459e+02 -1.6779e+02 -1.2500e+02 -2.8337e+02
-1.7457e+02 -1.6750e+02 -1.1663e+02 -3.2079e+02
-1.7497e+02 -1.7139e+02 -1.4385e+02 -5.1541e+02
# New trial
-1.7471e+02 -1.6918e+02 -1.4531e+02 -4.0577e+02
-1.7454e+02 -1.6743e+02 -1.2887e+02 -3.5593e+02
-1.7429e+02 -1.6478e+02 -1.0752e+02 -3.7591e+02
-1.7462e+02 -1.6789e+02 -1.1958e+02 -3.3279e+02
# New trial
-1.7461e+02 -1.6801e+02 -1.3364e+02 -3.6071e+02
-1.7442e+02 -1.6617e+02 -1.1543e+02 -2.4793e+02
-1.7414e+02 -1.6335e+02 -1.0310e+02 -3.4740e+02
-1.7458e+02 -1.6758e+02 -1.2299e+02 -5.0675e+02
# New trial
-1.7473e+02 -1.6941e+02 -1.5289e+02 -5.1803e+02
-1.7473e+02 -1.6910e+02 -1.3083e+02 -2.6432e+02
-1.7469e+02 -1.6863e+02 -1.2082e+02 -2.7819e+02
-1.7499e+02 -1.7154e+02 -1.4059e+02 -2.1605e+02
# New trial
-1.7452e+02 -1.6749e+02 -1.5834e+02 -7.7079e+02
-1.7446e+02 -1.6661e+02 -1.2928e+02 -4.8960e+02
-1.7440e+02 -1.6585e+02 -1.1656e+02 -4.5190e+02
-1.7494e+02 -1.7111e+02 -1.4272e+02 -4.9407e+02
# New trial
