# 0.1sig - Array shape (trial/sig/alpha): (30, 4, 4)
-1.2876e+02 -1.2468e+02 -9.7570e+01 -1.1910e+02
-1.2870e+02 -1.2417e+02 -9.6991e+01 -7.4581e+01
-1.2858e+02 -1.2311e+02 -9.9658e+01 -2.0613e+02
-1.2898e+02 -1.2683e+02 -1.1527e+02 -3.2879e+02
# New trial
-1.2893e+02 -1.2638e+02 -1.0605e+02 -7.6240e+01
-1.2884e+02 -1.2547e+02 -9.9921e+01 -7.5049e+01
-1.2861e+02 -1.2321e+02 -8.6735e+01 -1.0119e+02
-1.2869e+02 -1.2391e+02 -9.8376e+01 -2.6630e+02
# New trial
-1.2895e+02 -1.2653e+02 -1.1247e+02 -1.4969e+02
-1.2879e+02 -1.2495e+02 -9.2856e+01 -7.3842e+01
-1.2853e+02 -1.2235e+02 -7.9443e+01 -7.3842e+01
-1.2862e+02 -1.2317e+02 -8.6088e+01 -7.3842e+01
# New trial
-1.2890e+02 -1.2601e+02 -1.1028e+02 -2.7265e+02
-1.2882e+02 -1.2522e+02 -9.6253e+01 -7.4260e+01
-1.2859e+02 -1.2301e+02 -9.0772e+01 -1.6403e+02
-1.2862e+02 -1.2325e+02 -9.8130e+01 -2.4056e+02
# New trial
-1.2901e+02 -1.2719e+02 -1.1699e+02 -2.4979e+02
-1.2892e+02 -1.2622e+02 -1.0397e+02 -7.5018e+01
-1.2873e+02 -1.2434e+02 -9.0605e+01 -8.7559e+01
-1.2884e+02 -1.2541e+02 -9.7319e+01 -1.2286e+02
# New trial
-1.2904e+02 -1.2742e+02 -1.1422e+02 -1.1329e+02
-1.2896e+02 -1.2657e+02 -1.0646e+02 -7.6956e+01
-1.2884e+02 -1.2546e+02 -9.8963e+01 -1.2976e+02
-1.2900e+02 -1.2700e+02 -1.0957e+02 -1.8152e+02
# New trial
-1.2896e+02 -1.2663e+02 -1.0665e+02 -7.5972e+01
-1.2889e+02 -1.2593e+02 -1.0129e+02 -7.5032e+01
-1.2873e+02 -1.2435e+02 -9.0994e+01 -8.4109e+01
-1.2883e+02 -1.2534e+02 -1.0309e+02 -2.7211e+02
# New trial
-1.2885e+02 -1.2557e+02 -1.0464e+02 -1.6315e+02
-1.2881e+02 -1.2520e+02 -9.9875e+01 -8.2061e+01
-1.2878e+02 -1.2486e+02 -1.0112e+02 -2.1939e+02
-1.2903e+02 -1.2732e+02 -1.1810e+02 -3.8035e+02
# New trial
-1.2877e+02 -1.2488e+02 -1.0142e+02 -9.1107e+01
-1.2864e+02 -1.2358e+02 -9.4134e+01 -7.5427e+01
-1.2851e+02 -1.2234e+02 -8.8050e+01 -9.0082e+01
-1.2893e+02 -1.2636e+02 -1.0824e+02 -2.3256e+02
# New trial
-1.2893e+02 -1.2637e+02 -1.0509e+02 -7.6895e+01
-1.2884e+02 -1.2541e+02 -9.9103e+01 -7.6000e+01
-1.2861e+02 -1.2320e+02 -8.8608e+01 -9.9821e+01
-1.2876e+02 -1.2464e+02 -9.6289e+01 -1.5933e+02
# New trial
-1.2899e+02 -1.2687e+02 -1.0837e+02 -8.2209e+01
-1.2887e+02 -1.2577e+02 -1.0002e+02 -7.4793e+01
-1.2859e+02 -1.2298e+02 -8.3157e+01 -7.5257e+01
-1.2862e+02 -1.2320e+02 -8.6533e+01 -7.5771e+01
# New trial
-1.2889e+02 -1.2598e+02 -1.0610e+02 -9.2831e+01
-1.2882e+02 -1.2527e+02 -1.0267e+02 -1.0771e+02
-1.2865e+02 -1.2369e+02 -1.0181e+02 -2.5873e+02
-1.2893e+02 -1.2632e+02 -1.0738e+02 -2.0318e+02
# New trial
-1.2891e+02 -1.2615e+02 -1.0661e+02 -1.2429e+02
-1.2887e+02 -1.2573e+02 -1.0166e+02 -8.8645e+01
-1.2878e+02 -1.2489e+02 -1.0319e+02 -2.3757e+02
-1.2903e+02 -1.2728e+02 -1.1450e+02 -2.7580e+02
# New trial
-1.2904e+02 -1.2739e+02 -1.1438e+02 -1.0829e+02
-1.2895e+02 -1.2646e+02 -1.0381e+02 -7.4951e+01
-1.2876e+02 -1.2460e+02 -9.1002e+01 -9.1058e+01
-1.2871e+02 -1.2408e+02 -9.7535e+01 -2.5062e+02
# New trial
-1.2888e+02 -1.2595e+02 -1.1307e+02 -1.8202e+02
-1.2871e+02 -1.2425e+02 -9.5908e+01 -7.6484e+01
-1.2844e+02 -1.2164e+02 -8.7157e+01 -1.2023e+02
-1.2880e+02 -1.2502e+02 -9.8634e+01 -1.8659e+02
# New trial
-1.2884e+02 -1.2566e+02 -1.1993e+02 -3.0327e+02
-1.2871e+02 -1.2433e+02 -9.9224e+01 -7.7652e+01
-1.2843e+02 -1.2157e+02 -9.5707e+01 -2.0354e+02
-1.2865e+02 -1.2358e+02 -1.1252e+02 -4.0876e+02
# New trial
-1.2894e+02 -1.2645e+02 -1.0504e+02 -7.4853e+01
-1.2883e+02 -1.2534e+02 -9.6578e+01 -7.4117e+01
-1.2860e+02 -1.2303e+02 -8.9578e+01 -1.3025e+02
-1.2875e+02 -1.2455e+02 -1.0940e+02 -3.9267e+02
# New trial
-1.2903e+02 -1.2729e+02 -1.1313e+02 -1.5043e+02
-1.2892e+02 -1.2624e+02 -1.0267e+02 -7.4121e+01
-1.2867e+02 -1.2374e+02 -8.4977e+01 -7.4204e+01
-1.2862e+02 -1.2326e+02 -8.4581e+01 -1.0042e+02
# New trial
-1.2900e+02 -1.2698e+02 -1.0947e+02 -9.4292e+01
-1.2893e+02 -1.2630e+02 -1.0439e+02 -7.7209e+01
-1.2880e+02 -1.2503e+02 -9.5541e+01 -9.8089e+01
-1.2892e+02 -1.2618e+02 -1.0268e+02 -1.3756e+02
# New trial
-1.2901e+02 -1.2718e+02 -1.2290e+02 -2.9613e+02
-1.2888e+02 -1.2590e+02 -1.0439e+02 -7.5668e+01
-1.2862e+02 -1.2325e+02 -8.6834e+01 -1.0316e+02
-1.2877e+02 -1.2476e+02 -9.3773e+01 -1.2253e+02
# New trial
-1.2890e+02 -1.2609e+02 -1.0658e+02 -1.6027e+02
-1.2882e+02 -1.2523e+02 -9.8382e+01 -7.4839e+01
-1.2867e+02 -1.2379e+02 -8.8429e+01 -8.1362e+01
-1.2890e+02 -1.2599e+02 -1.0117e+02 -1.4184e+02
# New trial
-1.2895e+02 -1.2655e+02 -1.1228e+02 -2.2384e+02
-1.2887e+02 -1.2571e+02 -1.0105e+02 -7.8727e+01
-1.2873e+02 -1.2434e+02 -9.6678e+01 -1.6328e+02
-1.2891e+02 -1.2613e+02 -1.0538e+02 -2.3185e+02
# New trial
-1.2895e+02 -1.2648e+02 -1.0563e+02 -7.7933e+01
-1.2886e+02 -1.2562e+02 -9.9238e+01 -7.6615e+01
-1.2867e+02 -1.2378e+02 -8.8671e+01 -1.0145e+02
-1.2880e+02 -1.2507e+02 -9.6256e+01 -1.6777e+02
# New trial
-1.2897e+02 -1.2672e+02 -1.0746e+02 -8.2338e+01
-1.2889e+02 -1.2596e+02 -1.0129e+02 -8.1860e+01
-1.2876e+02 -1.2463e+02 -9.0994e+01 -8.4940e+01
-1.2893e+02 -1.2626e+02 -1.0278e+02 -8.0780e+01
# New trial
-1.2903e+02 -1.2728e+02 -1.1196e+02 -9.4138e+01
-1.2899e+02 -1.2695e+02 -1.0939e+02 -7.9629e+01
-1.2889e+02 -1.2588e+02 -1.0001e+02 -8.4347e+01
-1.2896e+02 -1.2659e+02 -1.0525e+02 -1.0789e+02
# New trial
-1.2894e+02 -1.2653e+02 -1.1831e+02 -2.5113e+02
-1.2882e+02 -1.2528e+02 -9.7609e+01 -7.4107e+01
-1.2863e+02 -1.2337e+02 -9.3066e+01 -1.8217e+02
-1.2872e+02 -1.2427e+02 -9.8303e+01 -2.4524e+02
# New trial
-1.2898e+02 -1.2684e+02 -1.0892e+02 -1.3014e+02
-1.2896e+02 -1.2661e+02 -1.0661e+02 -7.9491e+01
-1.2892e+02 -1.2619e+02 -1.0241e+02 -9.5245e+01
-1.2909e+02 -1.2789e+02 -1.1643e+02 -1.0113e+02
# New trial
-1.2892e+02 -1.2626e+02 -1.1072e+02 -1.6626e+02
-1.2881e+02 -1.2520e+02 -9.8340e+01 -7.7462e+01
-1.2854e+02 -1.2251e+02 -8.7688e+01 -1.0687e+02
-1.2869e+02 -1.2391e+02 -9.0904e+01 -8.4110e+01
# New trial
-1.2896e+02 -1.2667e+02 -1.0938e+02 -1.1691e+02
-1.2887e+02 -1.2570e+02 -9.9339e+01 -7.4029e+01
-1.2862e+02 -1.2322e+02 -8.4406e+01 -7.8723e+01
-1.2865e+02 -1.2352e+02 -8.8344e+01 -1.3748e+02
# New trial
-1.2901e+02 -1.2714e+02 -1.1059e+02 -1.0462e+02
-1.2898e+02 -1.2682e+02 -1.0799e+02 -1.0448e+02
-1.2895e+02 -1.2656e+02 -1.0713e+02 -1.6556e+02
-1.2909e+02 -1.2791e+02 -1.1868e+02 -2.8648e+02
# New trial
