# 0.01sig - Array shape (trial/sig/alpha): (30, 4, 4)
-1.4681e+02 -1.3935e+02 -1.0391e+02 -3.0840e+02
-1.4676e+02 -1.3887e+02 -1.0048e+02 -3.1354e+02
-1.4682e+02 -1.3933e+02 -1.0218e+02 -4.7805e+02
-1.4740e+02 -1.4490e+02 -1.2837e+02 -4.9821e+02
# New trial
-1.4678e+02 -1.3917e+02 -1.1267e+02 -3.8647e+02
-1.4673e+02 -1.3867e+02 -1.0309e+02 -2.6948e+02
-1.4681e+02 -1.3928e+02 -9.8490e+01 -3.1730e+02
-1.4740e+02 -1.4490e+02 -1.2378e+02 -2.1574e+02
# New trial
-1.4677e+02 -1.3917e+02 -1.0531e+02 -3.0047e+02
-1.4667e+02 -1.3802e+02 -9.4940e+01 -2.6616e+02
-1.4650e+02 -1.3612e+02 -8.0107e+01 -2.9327e+02
-1.4713e+02 -1.4229e+02 -1.0549e+02 -2.9636e+02
# New trial
-1.4680e+02 -1.3970e+02 -1.1965e+02 -4.4138e+02
-1.4670e+02 -1.3873e+02 -1.1509e+02 -4.5383e+02
-1.4677e+02 -1.3925e+02 -1.1836e+02 -6.0834e+02
-1.4741e+02 -1.4509e+02 -1.3643e+02 -6.4324e+02
# New trial
-1.4706e+02 -1.4170e+02 -1.1360e+02 -3.4560e+02
-1.4687e+02 -1.3980e+02 -9.7246e+01 -3.1030e+02
-1.4672e+02 -1.3818e+02 -9.2166e+01 -3.9169e+02
-1.4714e+02 -1.4227e+02 -1.1528e+02 -5.8741e+02
# New trial
-1.4685e+02 -1.3985e+02 -1.1205e+02 -3.8545e+02
-1.4674e+02 -1.3872e+02 -9.7046e+01 -2.6731e+02
-1.4659e+02 -1.3713e+02 -9.1255e+01 -3.6001e+02
-1.4718e+02 -1.4278e+02 -1.1170e+02 -3.0015e+02
# New trial
-1.4685e+02 -1.3984e+02 -1.1394e+02 -3.3047e+02
-1.4682e+02 -1.3948e+02 -1.0482e+02 -2.6117e+02
-1.4699e+02 -1.4100e+02 -1.0691e+02 -3.4173e+02
-1.4748e+02 -1.4568e+02 -1.3290e+02 -4.6150e+02
# New trial
-1.4676e+02 -1.3918e+02 -1.0594e+02 -2.8705e+02
-1.4674e+02 -1.3864e+02 -9.4441e+01 -2.3787e+02
-1.4669e+02 -1.3792e+02 -8.7934e+01 -2.9219e+02
-1.4723e+02 -1.4318e+02 -1.1422e+02 -4.1096e+02
# New trial
-1.4680e+02 -1.3941e+02 -1.1182e+02 -3.8938e+02
-1.4669e+02 -1.3825e+02 -1.0456e+02 -4.2540e+02
-1.4641e+02 -1.3538e+02 -8.7999e+01 -4.1737e+02
-1.4707e+02 -1.4168e+02 -1.0332e+02 -2.8781e+02
# New trial
-1.4679e+02 -1.3925e+02 -1.1144e+02 -3.7299e+02
-1.4679e+02 -1.3914e+02 -1.0777e+02 -4.0952e+02
-1.4694e+02 -1.4046e+02 -1.1162e+02 -5.8876e+02
-1.4750e+02 -1.4590e+02 -1.3631e+02 -5.6665e+02
# New trial
-1.4650e+02 -1.3673e+02 -9.9243e+01 -2.3250e+02
-1.4653e+02 -1.3695e+02 -1.0166e+02 -3.2432e+02
-1.4679e+02 -1.3948e+02 -1.3103e+02 -7.2362e+02
-1.4748e+02 -1.4588e+02 -1.3915e+02 -4.6110e+02
# New trial
-1.4714e+02 -1.4233e+02 -1.0361e+02 -1.0217e+02
-1.4717e+02 -1.4263e+02 -1.0427e+02 -1.0008e+02
-1.4721e+02 -1.4299e+02 -1.0674e+02 -1.4079e+02
-1.4746e+02 -1.4551e+02 -1.2850e+02 -2.3930e+02
# New trial
-1.4686e+02 -1.3981e+02 -1.0899e+02 -3.6157e+02
-1.4676e+02 -1.3870e+02 -9.3208e+01 -2.8242e+02
-1.4651e+02 -1.3615e+02 -8.2611e+01 -4.1317e+02
-1.4703e+02 -1.4118e+02 -9.7537e+01 -2.7037e+02
# New trial
-1.4713e+02 -1.4228e+02 -1.0507e+02 -1.3385e+02
-1.4705e+02 -1.4141e+02 -9.7981e+01 -1.3167e+02
-1.4692e+02 -1.4016e+02 -8.9806e+01 -2.0822e+02
-1.4718e+02 -1.4266e+02 -1.0404e+02 -1.6615e+02
# New trial
-1.4708e+02 -1.4178e+02 -1.0913e+02 -2.5022e+02
-1.4706e+02 -1.4157e+02 -1.0236e+02 -2.1236e+02
-1.4703e+02 -1.4125e+02 -1.0190e+02 -3.6387e+02
-1.4731e+02 -1.4399e+02 -1.1983e+02 -3.9772e+02
# New trial
-1.4667e+02 -1.3820e+02 -1.0583e+02 -3.5000e+02
-1.4661e+02 -1.3767e+02 -9.9618e+01 -2.8615e+02
-1.4673e+02 -1.3861e+02 -1.0343e+02 -4.1303e+02
-1.4741e+02 -1.4504e+02 -1.2855e+02 -4.4761e+02
# New trial
-1.4664e+02 -1.3776e+02 -8.9233e+01 -1.6960e+02
-1.4664e+02 -1.3775e+02 -9.0627e+01 -2.1008e+02
-1.4679e+02 -1.3902e+02 -9.5921e+01 -3.1895e+02
-1.4737e+02 -1.4459e+02 -1.2238e+02 -3.2745e+02
# New trial
-1.4673e+02 -1.3925e+02 -1.2645e+02 -5.4209e+02
-1.4668e+02 -1.3846e+02 -1.0737e+02 -3.9703e+02
-1.4676e+02 -1.3894e+02 -1.0389e+02 -5.2455e+02
-1.4742e+02 -1.4519e+02 -1.2912e+02 -4.2928e+02
# New trial
-1.4715e+02 -1.4246e+02 -1.1106e+02 -2.0252e+02
-1.4710e+02 -1.4193e+02 -1.0281e+02 -1.4004e+02
-1.4704e+02 -1.4136e+02 -9.5713e+01 -1.9540e+02
-1.4731e+02 -1.4395e+02 -1.1682e+02 -3.2716e+02
# New trial
-1.4692e+02 -1.4019e+02 -9.7221e+01 -2.5606e+02
-1.4690e+02 -1.4004e+02 -9.5489e+01 -2.2069e+02
-1.4693e+02 -1.4026e+02 -1.0496e+02 -4.0778e+02
-1.4739e+02 -1.4477e+02 -1.2551e+02 -3.8974e+02
# New trial
-1.4653e+02 -1.3694e+02 -9.5782e+01 -2.4546e+02
-1.4652e+02 -1.3705e+02 -1.0006e+02 -2.2093e+02
-1.4688e+02 -1.4026e+02 -1.1853e+02 -4.8977e+02
-1.4756e+02 -1.4653e+02 -1.4300e+02 -5.5041e+02
# New trial
-1.4685e+02 -1.3981e+02 -1.1550e+02 -3.8660e+02
-1.4686e+02 -1.3979e+02 -1.0243e+02 -2.6502e+02
-1.4688e+02 -1.3994e+02 -1.0182e+02 -4.1127e+02
-1.4739e+02 -1.4485e+02 -1.2434e+02 -2.9565e+02
# New trial
-1.4725e+02 -1.4348e+02 -1.2451e+02 -3.1175e+02
-1.4719e+02 -1.4283e+02 -1.1306e+02 -2.5150e+02
-1.4707e+02 -1.4162e+02 -9.7266e+01 -2.1002e+02
-1.4724e+02 -1.4324e+02 -1.0841e+02 -1.5093e+02
# New trial
-1.4635e+02 -1.3587e+02 -1.1376e+02 -4.1524e+02
-1.4637e+02 -1.3608e+02 -1.1573e+02 -4.1297e+02
-1.4687e+02 -1.4035e+02 -1.3140e+02 -6.0959e+02
-1.4758e+02 -1.4667e+02 -1.4457e+02 -5.6086e+02
# New trial
-1.4700e+02 -1.4109e+02 -1.0514e+02 -1.9478e+02
-1.4687e+02 -1.3991e+02 -9.8882e+01 -1.8753e+02
-1.4675e+02 -1.3868e+02 -8.8940e+01 -2.6470e+02
-1.4735e+02 -1.4440e+02 -1.1860e+02 -1.4228e+02
# New trial
-1.4700e+02 -1.4122e+02 -1.1608e+02 -3.5824e+02
-1.4703e+02 -1.4135e+02 -1.0817e+02 -2.6336e+02
-1.4706e+02 -1.4156e+02 -1.0519e+02 -2.7677e+02
-1.4743e+02 -1.4516e+02 -1.2920e+02 -4.3911e+02
# New trial
-1.4709e+02 -1.4207e+02 -1.1842e+02 -3.3298e+02
-1.4697e+02 -1.4082e+02 -1.0529e+02 -2.8161e+02
-1.4682e+02 -1.3924e+02 -9.6363e+01 -3.8452e+02
-1.4714e+02 -1.4236e+02 -1.0963e+02 -4.2211e+02
# New trial
-1.4708e+02 -1.4190e+02 -1.1500e+02 -2.8149e+02
-1.4692e+02 -1.4037e+02 -1.0148e+02 -2.1114e+02
-1.4667e+02 -1.3790e+02 -8.5763e+01 -2.4718e+02
-1.4712e+02 -1.4217e+02 -1.0981e+02 -4.2053e+02
# New trial
-1.4705e+02 -1.4168e+02 -1.1885e+02 -3.5485e+02
-1.4710e+02 -1.4198e+02 -1.0636e+02 -2.1367e+02
-1.4713e+02 -1.4218e+02 -1.0411e+02 -2.5924e+02
-1.4742e+02 -1.4507e+02 -1.2436e+02 -2.6404e+02
# New trial
-1.4691e+02 -1.4055e+02 -1.3234e+02 -6.3761e+02
-1.4689e+02 -1.4010e+02 -1.0583e+02 -3.5606e+02
-1.4694e+02 -1.4047e+02 -1.0992e+02 -4.9119e+02
-1.4744e+02 -1.4530e+02 -1.3411e+02 -5.1247e+02
# New trial
