# 0.1sig - Array shape (trial/sig/alpha): (30, 4, 4)
-1.4290e+02 -1.4144e+02 -1.3155e+02 -1.8529e+02
-1.4286e+02 -1.4108e+02 -1.2867e+02 -1.1584e+02
-1.4278e+02 -1.4023e+02 -1.2380e+02 -1.3130e+02
-1.4290e+02 -1.4141e+02 -1.3129e+02 -2.1440e+02
# New trial
-1.4296e+02 -1.4203e+02 -1.3400e+02 -1.1811e+02
-1.4292e+02 -1.4164e+02 -1.3102e+02 -1.1650e+02
-1.4283e+02 -1.4071e+02 -1.2495e+02 -1.2490e+02
-1.4284e+02 -1.4082e+02 -1.2882e+02 -2.0389e+02
# New trial
-1.4295e+02 -1.4195e+02 -1.3416e+02 -1.3872e+02
-1.4289e+02 -1.4127e+02 -1.2711e+02 -1.1595e+02
-1.4274e+02 -1.3984e+02 -1.1906e+02 -1.1682e+02
-1.4271e+02 -1.3951e+02 -1.1982e+02 -1.2017e+02
# New trial
-1.4293e+02 -1.4174e+02 -1.3337e+02 -1.8037e+02
-1.4290e+02 -1.4138e+02 -1.2837e+02 -1.1616e+02
-1.4279e+02 -1.4033e+02 -1.2320e+02 -1.3058e+02
-1.4279e+02 -1.4029e+02 -1.2927e+02 -2.1802e+02
# New trial
-1.4299e+02 -1.4225e+02 -1.3658e+02 -1.5358e+02
-1.4295e+02 -1.4187e+02 -1.3264e+02 -1.1603e+02
-1.4287e+02 -1.4112e+02 -1.2785e+02 -1.2876e+02
-1.4289e+02 -1.4126e+02 -1.2820e+02 -1.6365e+02
# New trial
-1.4298e+02 -1.4216e+02 -1.3473e+02 -1.2071e+02
-1.4294e+02 -1.4180e+02 -1.3164e+02 -1.1787e+02
-1.4286e+02 -1.4100e+02 -1.2614e+02 -1.2472e+02
-1.4291e+02 -1.4149e+02 -1.3124e+02 -2.0562e+02
# New trial
-1.4297e+02 -1.4208e+02 -1.3398e+02 -1.2147e+02
-1.4294e+02 -1.4175e+02 -1.3100e+02 -1.1587e+02
-1.4284e+02 -1.4084e+02 -1.2519e+02 -1.2272e+02
-1.4286e+02 -1.4100e+02 -1.2936e+02 -2.0017e+02
# New trial
-1.4293e+02 -1.4169e+02 -1.3120e+02 -1.1760e+02
-1.4290e+02 -1.4139e+02 -1.2914e+02 -1.1591e+02
-1.4283e+02 -1.4075e+02 -1.2568e+02 -1.4580e+02
-1.4292e+02 -1.4164e+02 -1.3111e+02 -1.6796e+02
# New trial
-1.4291e+02 -1.4152e+02 -1.3120e+02 -1.2183e+02
-1.4284e+02 -1.4088e+02 -1.2694e+02 -1.1619e+02
-1.4273e+02 -1.3977e+02 -1.2321e+02 -1.4465e+02
-1.4290e+02 -1.4139e+02 -1.3060e+02 -1.9836e+02
# New trial
-1.4296e+02 -1.4197e+02 -1.3298e+02 -1.1742e+02
-1.4292e+02 -1.4156e+02 -1.2968e+02 -1.1569e+02
-1.4281e+02 -1.4046e+02 -1.2222e+02 -1.1538e+02
-1.4281e+02 -1.4053e+02 -1.2356e+02 -1.4835e+02
# New trial
-1.4297e+02 -1.4210e+02 -1.3402e+02 -1.1697e+02
-1.4293e+02 -1.4165e+02 -1.3012e+02 -1.1568e+02
-1.4280e+02 -1.4045e+02 -1.2444e+02 -1.5856e+02
-1.4279e+02 -1.4035e+02 -1.2396e+02 -1.6514e+02
# New trial
-1.4294e+02 -1.4180e+02 -1.3297e+02 -1.3200e+02
-1.4290e+02 -1.4137e+02 -1.2995e+02 -1.2130e+02
-1.4279e+02 -1.4033e+02 -1.2486e+02 -1.5228e+02
-1.4288e+02 -1.4118e+02 -1.2820e+02 -1.6828e+02
# New trial
-1.4296e+02 -1.4198e+02 -1.3317e+02 -1.2077e+02
-1.4293e+02 -1.4165e+02 -1.3048e+02 -1.2100e+02
-1.4283e+02 -1.4072e+02 -1.2507e+02 -1.4598e+02
-1.4287e+02 -1.4109e+02 -1.2716e+02 -1.6320e+02
# New trial
-1.4298e+02 -1.4222e+02 -1.3512e+02 -1.1647e+02
-1.4295e+02 -1.4184e+02 -1.3120e+02 -1.1538e+02
-1.4286e+02 -1.4094e+02 -1.2364e+02 -1.1538e+02
-1.4279e+02 -1.4032e+02 -1.2101e+02 -1.1538e+02
# New trial
-1.4292e+02 -1.4162e+02 -1.3419e+02 -1.7917e+02
-1.4285e+02 -1.4088e+02 -1.2690e+02 -1.1683e+02
-1.4269e+02 -1.3933e+02 -1.2108e+02 -1.1546e+02
-1.4277e+02 -1.4009e+02 -1.2401e+02 -1.4570e+02
# New trial
-1.4292e+02 -1.4168e+02 -1.3726e+02 -2.1357e+02
-1.4285e+02 -1.4096e+02 -1.2740e+02 -1.1547e+02
-1.4268e+02 -1.3926e+02 -1.2491e+02 -1.6151e+02
-1.4269e+02 -1.3938e+02 -1.2147e+02 -1.4111e+02
# New trial
-1.4296e+02 -1.4198e+02 -1.3319e+02 -1.1939e+02
-1.4291e+02 -1.4151e+02 -1.2909e+02 -1.1601e+02
-1.4280e+02 -1.4044e+02 -1.2212e+02 -1.1573e+02
-1.4283e+02 -1.4067e+02 -1.2378e+02 -1.1538e+02
# New trial
-1.4299e+02 -1.4232e+02 -1.3598e+02 -1.1947e+02
-1.4295e+02 -1.4191e+02 -1.3228e+02 -1.1565e+02
-1.4283e+02 -1.4071e+02 -1.2296e+02 -1.1540e+02
-1.4273e+02 -1.3965e+02 -1.1768e+02 -1.1538e+02
# New trial
-1.4297e+02 -1.4209e+02 -1.3389e+02 -1.3127e+02
-1.4294e+02 -1.4176e+02 -1.3110e+02 -1.1550e+02
-1.4286e+02 -1.4105e+02 -1.2608e+02 -1.1997e+02
-1.4289e+02 -1.4133e+02 -1.2752e+02 -1.2201e+02
# New trial
-1.4297e+02 -1.4213e+02 -1.3660e+02 -1.7574e+02
-1.4292e+02 -1.4161e+02 -1.3085e+02 -1.1559e+02
-1.4279e+02 -1.4033e+02 -1.2427e+02 -1.3253e+02
-1.4282e+02 -1.4060e+02 -1.2689e+02 -1.9020e+02
# New trial
-1.4295e+02 -1.4194e+02 -1.3414e+02 -1.2950e+02
-1.4291e+02 -1.4155e+02 -1.3055e+02 -1.1588e+02
-1.4282e+02 -1.4062e+02 -1.2344e+02 -1.1540e+02
-1.4287e+02 -1.4108e+02 -1.2561e+02 -1.2342e+02
# New trial
-1.4296e+02 -1.4196e+02 -1.3450e+02 -1.6834e+02
-1.4292e+02 -1.4161e+02 -1.3073e+02 -1.1634e+02
-1.4284e+02 -1.4082e+02 -1.2534e+02 -1.2268e+02
-1.4290e+02 -1.4135e+02 -1.2819e+02 -1.4404e+02
# New trial
-1.4296e+02 -1.4201e+02 -1.3350e+02 -1.2052e+02
-1.4293e+02 -1.4167e+02 -1.3083e+02 -1.1710e+02
-1.4286e+02 -1.4096e+02 -1.2681e+02 -1.4026e+02
-1.4289e+02 -1.4135e+02 -1.3124e+02 -2.3099e+02
# New trial
-1.4297e+02 -1.4213e+02 -1.3466e+02 -1.2625e+02
-1.4294e+02 -1.4178e+02 -1.3173e+02 -1.2044e+02
-1.4286e+02 -1.4095e+02 -1.2595e+02 -1.1917e+02
-1.4288e+02 -1.4117e+02 -1.2830e+02 -1.6516e+02
# New trial
-1.4297e+02 -1.4209e+02 -1.3473e+02 -1.7472e+02
-1.4296e+02 -1.4195e+02 -1.3294e+02 -1.1564e+02
-1.4291e+02 -1.4145e+02 -1.2853e+02 -1.2598e+02
-1.4295e+02 -1.4186e+02 -1.3161e+02 -1.1961e+02
# New trial
-1.4296e+02 -1.4197e+02 -1.3675e+02 -1.7995e+02
-1.4290e+02 -1.4142e+02 -1.2866e+02 -1.1615e+02
-1.4279e+02 -1.4034e+02 -1.2255e+02 -1.2932e+02
-1.4276e+02 -1.4005e+02 -1.2317e+02 -1.6502e+02
# New trial
-1.4298e+02 -1.4217e+02 -1.3461e+02 -1.1675e+02
-1.4296e+02 -1.4204e+02 -1.3346e+02 -1.1636e+02
-1.4293e+02 -1.4168e+02 -1.3062e+02 -1.3549e+02
-1.4299e+02 -1.4227e+02 -1.3564e+02 -1.5388e+02
# New trial
-1.4295e+02 -1.4191e+02 -1.3392e+02 -1.6096e+02
-1.4289e+02 -1.4130e+02 -1.2741e+02 -1.1560e+02
-1.4270e+02 -1.3945e+02 -1.1790e+02 -1.1538e+02
-1.4265e+02 -1.3888e+02 -1.1617e+02 -1.1538e+02
# New trial
-1.4297e+02 -1.4214e+02 -1.3504e+02 -1.4334e+02
-1.4293e+02 -1.4174e+02 -1.3082e+02 -1.1542e+02
-1.4283e+02 -1.4065e+02 -1.2198e+02 -1.1538e+02
-1.4279e+02 -1.4032e+02 -1.2188e+02 -1.1602e+02
# New trial
-1.4298e+02 -1.4216e+02 -1.3453e+02 -1.1879e+02
-1.4296e+02 -1.4196e+02 -1.3297e+02 -1.1864e+02
-1.4292e+02 -1.4163e+02 -1.3026e+02 -1.2184e+02
-1.4296e+02 -1.4196e+02 -1.3317e+02 -1.7491e+02
# New trial
