# 0.01sig - Array shape (trial/sig/alpha): (30, 4, 4)
-1.2912e+02 -1.2824e+02 -1.2141e+02 -1.1512e+02
-1.2910e+02 -1.2805e+02 -1.2051e+02 -1.1911e+02
-1.2908e+02 -1.2779e+02 -1.2053e+02 -1.5736e+02
-1.2916e+02 -1.2858e+02 -1.2519e+02 -2.0478e+02
# New trial
-1.2911e+02 -1.2813e+02 -1.2084e+02 -1.1281e+02
-1.2908e+02 -1.2787e+02 -1.2010e+02 -1.1664e+02
-1.2905e+02 -1.2759e+02 -1.1956e+02 -1.3164e+02
-1.2916e+02 -1.2862e+02 -1.2528e+02 -1.7770e+02
# New trial
-1.2911e+02 -1.2811e+02 -1.1997e+02 -1.1082e+02
-1.2906e+02 -1.2766e+02 -1.1737e+02 -1.1078e+02
-1.2897e+02 -1.2673e+02 -1.1460e+02 -1.1850e+02
-1.2906e+02 -1.2766e+02 -1.1836e+02 -1.4785e+02
# New trial
-1.2908e+02 -1.2778e+02 -1.1865e+02 -1.1141e+02
-1.2903e+02 -1.2736e+02 -1.1745e+02 -1.1312e+02
-1.2899e+02 -1.2694e+02 -1.1750e+02 -1.4838e+02
-1.2913e+02 -1.2828e+02 -1.2264e+02 -1.8243e+02
# New trial
-1.2912e+02 -1.2824e+02 -1.2032e+02 -1.1159e+02
-1.2909e+02 -1.2793e+02 -1.1834e+02 -1.1196e+02
-1.2902e+02 -1.2723e+02 -1.1599e+02 -1.2717e+02
-1.2904e+02 -1.2742e+02 -1.1595e+02 -1.2981e+02
# New trial
-1.2914e+02 -1.2836e+02 -1.2164e+02 -1.1214e+02
-1.2908e+02 -1.2786e+02 -1.1904e+02 -1.1594e+02
-1.2901e+02 -1.2711e+02 -1.1672e+02 -1.2921e+02
-1.2912e+02 -1.2823e+02 -1.2338e+02 -2.0769e+02
# New trial
-1.2913e+02 -1.2829e+02 -1.2129e+02 -1.1212e+02
-1.2910e+02 -1.2798e+02 -1.1970e+02 -1.1172e+02
-1.2908e+02 -1.2786e+02 -1.1908e+02 -1.2506e+02
-1.2918e+02 -1.2878e+02 -1.2551e+02 -1.5556e+02
# New trial
-1.2912e+02 -1.2821e+02 -1.2073e+02 -1.1398e+02
-1.2909e+02 -1.2792e+02 -1.1883e+02 -1.1293e+02
-1.2903e+02 -1.2728e+02 -1.1667e+02 -1.2162e+02
-1.2910e+02 -1.2803e+02 -1.2336e+02 -2.0507e+02
# New trial
-1.2911e+02 -1.2810e+02 -1.2016e+02 -1.1146e+02
-1.2907e+02 -1.2767e+02 -1.1787e+02 -1.1086e+02
-1.2896e+02 -1.2670e+02 -1.1593e+02 -1.2545e+02
-1.2908e+02 -1.2786e+02 -1.2288e+02 -2.0027e+02
# New trial
-1.2911e+02 -1.2814e+02 -1.2101e+02 -1.1359e+02
-1.2909e+02 -1.2793e+02 -1.2082e+02 -1.2257e+02
-1.2910e+02 -1.2807e+02 -1.2537e+02 -2.1303e+02
-1.2919e+02 -1.2894e+02 -1.2869e+02 -2.4747e+02
# New trial
-1.2908e+02 -1.2783e+02 -1.2032e+02 -1.1478e+02
-1.2905e+02 -1.2757e+02 -1.2062e+02 -1.3240e+02
-1.2903e+02 -1.2736e+02 -1.2226e+02 -1.8925e+02
-1.2917e+02 -1.2874e+02 -1.2644e+02 -2.1933e+02
# New trial
-1.2916e+02 -1.2857e+02 -1.2320e+02 -1.1314e+02
-1.2914e+02 -1.2844e+02 -1.2217e+02 -1.1239e+02
-1.2912e+02 -1.2823e+02 -1.2050e+02 -1.2189e+02
-1.2917e+02 -1.2871e+02 -1.2498e+02 -1.8926e+02
# New trial
-1.2913e+02 -1.2828e+02 -1.2097e+02 -1.1141e+02
-1.2908e+02 -1.2784e+02 -1.1847e+02 -1.1192e+02
-1.2899e+02 -1.2690e+02 -1.1576e+02 -1.1818e+02
-1.2909e+02 -1.2795e+02 -1.2200e+02 -1.9035e+02
# New trial
-1.2915e+02 -1.2851e+02 -1.2263e+02 -1.1098e+02
-1.2913e+02 -1.2829e+02 -1.2071e+02 -1.1107e+02
-1.2907e+02 -1.2771e+02 -1.1682e+02 -1.1333e+02
-1.2909e+02 -1.2794e+02 -1.1800e+02 -1.1397e+02
# New trial
-1.2916e+02 -1.2856e+02 -1.2296e+02 -1.1378e+02
-1.2914e+02 -1.2835e+02 -1.2125e+02 -1.1354e+02
-1.2910e+02 -1.2800e+02 -1.1926e+02 -1.3113e+02
-1.2915e+02 -1.2849e+02 -1.2423e+02 -2.0816e+02
# New trial
-1.2909e+02 -1.2795e+02 -1.1997e+02 -1.1286e+02
-1.2906e+02 -1.2766e+02 -1.1930e+02 -1.1673e+02
-1.2903e+02 -1.2735e+02 -1.1912e+02 -1.5288e+02
-1.2915e+02 -1.2852e+02 -1.2332e+02 -1.4171e+02
# New trial
-1.2911e+02 -1.2809e+02 -1.2021e+02 -1.1499e+02
-1.2908e+02 -1.2778e+02 -1.1925e+02 -1.1485e+02
-1.2904e+02 -1.2745e+02 -1.1793e+02 -1.1467e+02
-1.2914e+02 -1.2847e+02 -1.2650e+02 -2.2299e+02
# New trial
-1.2909e+02 -1.2793e+02 -1.2017e+02 -1.1791e+02
-1.2904e+02 -1.2747e+02 -1.1859e+02 -1.2092e+02
-1.2898e+02 -1.2691e+02 -1.1819e+02 -1.4750e+02
-1.2914e+02 -1.2845e+02 -1.2337e+02 -1.6346e+02
# New trial
-1.2917e+02 -1.2869e+02 -1.2401e+02 -1.1131e+02
-1.2915e+02 -1.2848e+02 -1.2208e+02 -1.1096e+02
-1.2908e+02 -1.2781e+02 -1.1674e+02 -1.1079e+02
-1.2909e+02 -1.2792e+02 -1.1794e+02 -1.2630e+02
# New trial
-1.2913e+02 -1.2826e+02 -1.2103e+02 -1.1242e+02
-1.2910e+02 -1.2803e+02 -1.1979e+02 -1.1364e+02
-1.2908e+02 -1.2785e+02 -1.1922e+02 -1.3437e+02
-1.2915e+02 -1.2851e+02 -1.2360e+02 -1.6693e+02
# New trial
-1.2905e+02 -1.2753e+02 -1.1882e+02 -1.1097e+02
-1.2903e+02 -1.2743e+02 -1.2035e+02 -1.3063e+02
-1.2906e+02 -1.2768e+02 -1.2250e+02 -1.8508e+02
-1.2919e+02 -1.2893e+02 -1.2820e+02 -2.2591e+02
# New trial
-1.2913e+02 -1.2832e+02 -1.2153e+02 -1.1421e+02
-1.2910e+02 -1.2801e+02 -1.2000e+02 -1.1299e+02
-1.2903e+02 -1.2735e+02 -1.1728e+02 -1.1540e+02
-1.2912e+02 -1.2824e+02 -1.2201e+02 -1.6200e+02
# New trial
-1.2918e+02 -1.2875e+02 -1.2467e+02 -1.1778e+02
-1.2916e+02 -1.2861e+02 -1.2343e+02 -1.2343e+02
-1.2913e+02 -1.2828e+02 -1.2098e+02 -1.4130e+02
-1.2912e+02 -1.2819e+02 -1.2232e+02 -1.9304e+02
# New trial
-1.2904e+02 -1.2745e+02 -1.1883e+02 -1.1212e+02
-1.2899e+02 -1.2704e+02 -1.1728e+02 -1.1209e+02
-1.2900e+02 -1.2706e+02 -1.1654e+02 -1.1321e+02
-1.2919e+02 -1.2887e+02 -1.2634e+02 -1.4943e+02
# New trial
-1.2915e+02 -1.2845e+02 -1.2248e+02 -1.2095e+02
-1.2911e+02 -1.2811e+02 -1.2061e+02 -1.1995e+02
-1.2904e+02 -1.2741e+02 -1.1761e+02 -1.3278e+02
-1.2911e+02 -1.2814e+02 -1.2070e+02 -1.4958e+02
# New trial
-1.2916e+02 -1.2856e+02 -1.2306e+02 -1.1989e+02
-1.2914e+02 -1.2835e+02 -1.2155e+02 -1.2312e+02
-1.2909e+02 -1.2788e+02 -1.1915e+02 -1.3170e+02
-1.2914e+02 -1.2842e+02 -1.2204e+02 -1.3648e+02
# New trial
-1.2915e+02 -1.2852e+02 -1.2287e+02 -1.1196e+02
-1.2912e+02 -1.2817e+02 -1.2084e+02 -1.1211e+02
-1.2906e+02 -1.2763e+02 -1.1859e+02 -1.3710e+02
-1.2913e+02 -1.2825e+02 -1.2173e+02 -1.6776e+02
# New trial
-1.2914e+02 -1.2842e+02 -1.2202e+02 -1.1636e+02
-1.2911e+02 -1.2806e+02 -1.1974e+02 -1.1782e+02
-1.2902e+02 -1.2725e+02 -1.1633e+02 -1.2362e+02
-1.2907e+02 -1.2768e+02 -1.1993e+02 -1.6231e+02
# New trial
-1.2917e+02 -1.2866e+02 -1.2404e+02 -1.1405e+02
-1.2916e+02 -1.2858e+02 -1.2342e+02 -1.1881e+02
-1.2915e+02 -1.2847e+02 -1.2289e+02 -1.5151e+02
-1.2919e+02 -1.2887e+02 -1.2634e+02 -1.7579e+02
# New trial
-1.2914e+02 -1.2844e+02 -1.2252e+02 -1.2684e+02
-1.2913e+02 -1.2826e+02 -1.2187e+02 -1.4083e+02
-1.2910e+02 -1.2803e+02 -1.2335e+02 -1.8846e+02
-1.2916e+02 -1.2862e+02 -1.2499e+02 -1.8794e+02
# New trial
