# 0.1sig - Array shape (trial/sig/alpha): (30L, 4L, 4L)
-1.1461e+02 -1.0859e+02 -1.0947e+02 -6.1740e+02
-1.1462e+02 -1.0850e+02 -8.8663e+01 -2.1725e+02
-1.1463e+02 -1.0840e+02 -9.1853e+01 -4.4656e+02
-1.1513e+02 -1.1299e+02 -9.9823e+01 -3.2482e+02
# New trial
-1.1487e+02 -1.1061e+02 -9.2085e+01 -2.9340e+02
-1.1484e+02 -1.1026e+02 -8.4777e+01 -1.6274e+02
-1.1472e+02 -1.0903e+02 -7.3355e+01 -1.9209e+02
-1.1494e+02 -1.1105e+02 -8.4542e+01 -1.8683e+02
# New trial
-1.1497e+02 -1.1161e+02 -1.1299e+02 -4.9355e+02
-1.1478e+02 -1.0953e+02 -7.9133e+01 -2.4646e+02
-1.1447e+02 -1.0634e+02 -5.6244e+01 -1.2570e+02
-1.1469e+02 -1.0851e+02 -6.8848e+01 -6.5681e+01
# New trial
-1.1492e+02 -1.1111e+02 -1.1236e+02 -6.0317e+02
-1.1481e+02 -1.0993e+02 -8.8600e+01 -2.9237e+02
-1.1459e+02 -1.0768e+02 -8.1041e+01 -4.3141e+02
-1.1475e+02 -1.0921e+02 -9.0423e+01 -4.2506e+02
# New trial
-1.1498e+02 -1.1180e+02 -1.1300e+02 -5.0017e+02
-1.1489e+02 -1.1075e+02 -8.4753e+01 -1.2359e+02
-1.1481e+02 -1.0979e+02 -7.4572e+01 -1.7085e+02
-1.1506e+02 -1.1220e+02 -8.8227e+01 -1.3264e+02
# New trial
-1.1510e+02 -1.1278e+02 -1.0638e+02 -3.2448e+02
-1.1502e+02 -1.1190e+02 -9.2935e+01 -1.5525e+02
-1.1494e+02 -1.1106e+02 -8.1499e+01 -1.5289e+02
-1.1519e+02 -1.1348e+02 -9.9785e+01 -3.1353e+02
# New trial
-1.1495e+02 -1.1124e+02 -9.1931e+01 -2.0564e+02
-1.1487e+02 -1.1048e+02 -8.3902e+01 -1.7533e+02
-1.1475e+02 -1.0918e+02 -7.1325e+01 -1.4873e+02
-1.1500e+02 -1.1164e+02 -8.6067e+01 -1.7129e+02
# New trial
-1.1481e+02 -1.1020e+02 -1.1847e+02 -6.5272e+02
-1.1481e+02 -1.0993e+02 -8.7592e+01 -2.0997e+02
-1.1483e+02 -1.1001e+02 -9.0409e+01 -4.2580e+02
-1.1520e+02 -1.1359e+02 -1.1211e+02 -5.4980e+02
# New trial
-1.1466e+02 -1.0897e+02 -9.0376e+01 -2.8909e+02
-1.1456e+02 -1.0780e+02 -7.7187e+01 -1.8245e+02
-1.1459e+02 -1.0780e+02 -7.7630e+01 -2.7646e+02
-1.1512e+02 -1.1282e+02 -1.0044e+02 -3.9879e+02
# New trial
-1.1479e+02 -1.0980e+02 -8.4740e+01 -2.2898e+02
-1.1475e+02 -1.0937e+02 -8.0363e+01 -2.2001e+02
-1.1465e+02 -1.0823e+02 -6.9478e+01 -2.1055e+02
-1.1494e+02 -1.1106e+02 -8.1678e+01 -2.1756e+02
# New trial
-1.1503e+02 -1.1215e+02 -1.0052e+02 -2.8752e+02
-1.1491e+02 -1.1090e+02 -8.9059e+01 -2.8669e+02
-1.1459e+02 -1.0767e+02 -7.4512e+01 -3.0905e+02
-1.1481e+02 -1.0975e+02 -8.5767e+01 -3.7864e+02
# New trial
-1.1484e+02 -1.1039e+02 -1.0280e+02 -4.3061e+02
-1.1477e+02 -1.0967e+02 -8.9688e+01 -2.6383e+02
-1.1475e+02 -1.0935e+02 -8.6976e+01 -3.7964e+02
-1.1516e+02 -1.1323e+02 -1.0471e+02 -4.6744e+02
# New trial
-1.1488e+02 -1.1094e+02 -1.1962e+02 -5.9117e+02
-1.1488e+02 -1.1061e+02 -8.7964e+01 -2.1162e+02
-1.1485e+02 -1.1019e+02 -7.8069e+01 -1.9103e+02
-1.1520e+02 -1.1359e+02 -1.0059e+02 -2.3561e+02
# New trial
-1.1512e+02 -1.1297e+02 -1.1125e+02 -3.8466e+02
-1.1498e+02 -1.1143e+02 -8.4028e+01 -1.4721e+02
-1.1478e+02 -1.0944e+02 -6.6770e+01 -1.3870e+02
-1.1486e+02 -1.1025e+02 -7.9538e+01 -1.8866e+02
# New trial
-1.1467e+02 -1.0922e+02 -1.0432e+02 -3.9762e+02
-1.1450e+02 -1.0729e+02 -7.8375e+01 -2.3427e+02
-1.1442e+02 -1.0610e+02 -6.4191e+01 -1.8581e+02
-1.1504e+02 -1.1205e+02 -9.1527e+01 -3.8862e+02
# New trial
-1.1482e+02 -1.1073e+02 -1.3726e+02 -7.9654e+02
-1.1461e+02 -1.0837e+02 -9.6925e+01 -4.0279e+02
-1.1442e+02 -1.0630e+02 -9.8600e+01 -6.1478e+02
-1.1493e+02 -1.1111e+02 -1.1323e+02 -7.1831e+02
# New trial
-1.1488e+02 -1.1087e+02 -1.0734e+02 -4.0330e+02
-1.1479e+02 -1.0981e+02 -8.7174e+01 -2.5596e+02
-1.1470e+02 -1.0880e+02 -7.9037e+01 -2.6184e+02
-1.1500e+02 -1.1164e+02 -9.5279e+01 -4.0322e+02
# New trial
-1.1502e+02 -1.1196e+02 -9.9581e+01 -3.3944e+02
-1.1491e+02 -1.1085e+02 -8.5560e+01 -1.9812e+02
-1.1473e+02 -1.0893e+02 -6.8958e+01 -2.0269e+02
-1.1487e+02 -1.1035e+02 -8.0525e+01 -2.5753e+02
# New trial
-1.1499e+02 -1.1158e+02 -9.0590e+01 -1.7265e+02
-1.1490e+02 -1.1076e+02 -8.3956e+01 -1.3851e+02
-1.1483e+02 -1.1003e+02 -7.6098e+01 -1.7151e+02
-1.1509e+02 -1.1249e+02 -9.3593e+01 -2.3271e+02
# New trial
-1.1505e+02 -1.1258e+02 -1.3373e+02 -7.1258e+02
-1.1488e+02 -1.1069e+02 -9.1127e+01 -2.4759e+02
-1.1461e+02 -1.0787e+02 -7.0091e+01 -2.4792e+02
-1.1492e+02 -1.1082e+02 -8.2311e+01 -2.9572e+02
# New trial
-1.1487e+02 -1.1082e+02 -1.1252e+02 -5.0218e+02
-1.1481e+02 -1.0998e+02 -8.8803e+01 -2.3617e+02
-1.1476e+02 -1.0936e+02 -7.6784e+01 -2.5481e+02
-1.1511e+02 -1.1279e+02 -9.5380e+01 -3.1702e+02
# New trial
-1.1502e+02 -1.1204e+02 -1.1018e+02 -4.8396e+02
-1.1492e+02 -1.1099e+02 -9.0489e+01 -2.0626e+02
-1.1482e+02 -1.0989e+02 -7.6786e+01 -2.1618e+02
-1.1513e+02 -1.1288e+02 -9.4900e+01 -2.5943e+02
# New trial
-1.1488e+02 -1.1058e+02 -8.8593e+01 -2.5398e+02
-1.1482e+02 -1.0991e+02 -7.9429e+01 -1.8728e+02
-1.1471e+02 -1.0882e+02 -6.6924e+01 -1.6694e+02
-1.1498e+02 -1.1146e+02 -8.1836e+01 -1.3323e+02
# New trial
-1.1488e+02 -1.1053e+02 -8.6127e+01 -1.7493e+02
-1.1485e+02 -1.1022e+02 -7.8653e+01 -1.5565e+02
-1.1483e+02 -1.1000e+02 -7.7935e+01 -2.3405e+02
-1.1511e+02 -1.1275e+02 -9.4005e+01 -2.3449e+02
# New trial
-1.1504e+02 -1.1222e+02 -1.0864e+02 -4.7168e+02
-1.1503e+02 -1.1204e+02 -9.3716e+01 -1.7080e+02
-1.1499e+02 -1.1154e+02 -8.3992e+01 -1.7838e+02
-1.1512e+02 -1.1285e+02 -9.2945e+01 -1.4097e+02
# New trial
-1.1490e+02 -1.1127e+02 -1.2174e+02 -5.4708e+02
-1.1473e+02 -1.0905e+02 -7.6686e+01 -2.1247e+02
-1.1463e+02 -1.0797e+02 -6.9396e+01 -2.0156e+02
-1.1496e+02 -1.1128e+02 -8.4097e+01 -1.4808e+02
# New trial
-1.1493e+02 -1.1108e+02 -9.5152e+01 -3.2792e+02
-1.1498e+02 -1.1154e+02 -9.0068e+01 -1.8328e+02
-1.1507e+02 -1.1234e+02 -9.2260e+01 -2.6092e+02
-1.1528e+02 -1.1444e+02 -1.0726e+02 -2.4446e+02
# New trial
-1.1496e+02 -1.1176e+02 -1.1974e+02 -5.4074e+02
-1.1481e+02 -1.1004e+02 -8.9974e+01 -3.5241e+02
-1.1462e+02 -1.0799e+02 -7.4536e+01 -2.5066e+02
-1.1499e+02 -1.1155e+02 -8.6546e+01 -2.2864e+02
# New trial
-1.1495e+02 -1.1131e+02 -1.0308e+02 -3.7971e+02
-1.1482e+02 -1.1001e+02 -8.7344e+01 -3.2142e+02
-1.1463e+02 -1.0799e+02 -7.6768e+01 -3.1071e+02
-1.1486e+02 -1.1028e+02 -9.4518e+01 -3.9768e+02
# New trial
-1.1493e+02 -1.1104e+02 -8.9393e+01 -2.2518e+02
-1.1496e+02 -1.1127e+02 -8.4746e+01 -1.5101e+02
-1.1507e+02 -1.1233e+02 -8.9848e+01 -1.7625e+02
-1.1527e+02 -1.1427e+02 -1.0495e+02 -1.3854e+02
# New trial
