# 0.1sig - Array shape (trial/sig/alpha): (30, 4, 4)
-1.4754e+02 -1.4626e+02 -1.3585e+02 -1.2489e+02
-1.4750e+02 -1.4584e+02 -1.3413e+02 -1.2494e+02
-1.4739e+02 -1.4481e+02 -1.3114e+02 -1.3849e+02
-1.4749e+02 -1.4574e+02 -1.3318e+02 -1.5468e+02
# New trial
-1.4760e+02 -1.4688e+02 -1.4046e+02 -1.2759e+02
-1.4757e+02 -1.4654e+02 -1.3770e+02 -1.2461e+02
-1.4749e+02 -1.4576e+02 -1.3160e+02 -1.2461e+02
-1.4752e+02 -1.4602e+02 -1.3309e+02 -1.2461e+02
# New trial
-1.4759e+02 -1.4678e+02 -1.4009e+02 -1.4101e+02
-1.4754e+02 -1.4623e+02 -1.3467e+02 -1.2469e+02
-1.4740e+02 -1.4485e+02 -1.2643e+02 -1.2461e+02
-1.4732e+02 -1.4403e+02 -1.2554e+02 -1.2461e+02
# New trial
-1.4757e+02 -1.4659e+02 -1.3799e+02 -1.3481e+02
-1.4755e+02 -1.4631e+02 -1.3507e+02 -1.2461e+02
-1.4746e+02 -1.4550e+02 -1.2945e+02 -1.2461e+02
-1.4747e+02 -1.4556e+02 -1.3105e+02 -1.2461e+02
# New trial
-1.4761e+02 -1.4699e+02 -1.4202e+02 -1.5866e+02
-1.4758e+02 -1.4667e+02 -1.3852e+02 -1.2644e+02
-1.4751e+02 -1.4597e+02 -1.3329e+02 -1.3413e+02
-1.4751e+02 -1.4597e+02 -1.3356e+02 -1.5767e+02
# New trial
-1.4761e+02 -1.4699e+02 -1.4130e+02 -1.2726e+02
-1.4759e+02 -1.4671e+02 -1.3889e+02 -1.2570e+02
-1.4752e+02 -1.4607e+02 -1.3420e+02 -1.3228e+02
-1.4755e+02 -1.4640e+02 -1.3702e+02 -1.8190e+02
# New trial
-1.4761e+02 -1.4694e+02 -1.4087e+02 -1.3138e+02
-1.4758e+02 -1.4666e+02 -1.3835e+02 -1.2565e+02
-1.4750e+02 -1.4585e+02 -1.3232e+02 -1.2502e+02
-1.4750e+02 -1.4588e+02 -1.3430e+02 -1.7772e+02
# New trial
-1.4758e+02 -1.4665e+02 -1.3963e+02 -1.8115e+02
-1.4755e+02 -1.4641e+02 -1.3753e+02 -1.2628e+02
-1.4749e+02 -1.4578e+02 -1.3519e+02 -1.5149e+02
-1.4755e+02 -1.4634e+02 -1.3906e+02 -2.0330e+02
# New trial
-1.4756e+02 -1.4652e+02 -1.3875e+02 -1.3135e+02
-1.4752e+02 -1.4606e+02 -1.3611e+02 -1.2596e+02
-1.4741e+02 -1.4500e+02 -1.3069e+02 -1.3192e+02
-1.4750e+02 -1.4585e+02 -1.3536e+02 -1.8181e+02
# New trial
-1.4759e+02 -1.4678e+02 -1.3925e+02 -1.2494e+02
-1.4756e+02 -1.4646e+02 -1.3665e+02 -1.2471e+02
-1.4747e+02 -1.4552e+02 -1.3013e+02 -1.2462e+02
-1.4743e+02 -1.4520e+02 -1.2877e+02 -1.3197e+02
# New trial
-1.4761e+02 -1.4693e+02 -1.4066e+02 -1.2829e+02
-1.4757e+02 -1.4656e+02 -1.3725e+02 -1.2463e+02
-1.4746e+02 -1.4552e+02 -1.3114e+02 -1.3185e+02
-1.4745e+02 -1.4533e+02 -1.3169e+02 -1.6286e+02
# New trial
-1.4758e+02 -1.4663e+02 -1.3921e+02 -1.3451e+02
-1.4754e+02 -1.4629e+02 -1.3699e+02 -1.2837e+02
-1.4746e+02 -1.4551e+02 -1.3251e+02 -1.3743e+02
-1.4753e+02 -1.4622e+02 -1.3652e+02 -1.8639e+02
# New trial
-1.4760e+02 -1.4683e+02 -1.3967e+02 -1.2505e+02
-1.4757e+02 -1.4652e+02 -1.3719e+02 -1.2491e+02
-1.4748e+02 -1.4569e+02 -1.3160e+02 -1.2996e+02
-1.4751e+02 -1.4599e+02 -1.3365e+02 -1.4943e+02
# New trial
-1.4762e+02 -1.4704e+02 -1.4172e+02 -1.2600e+02
-1.4759e+02 -1.4673e+02 -1.3848e+02 -1.2461e+02
-1.4751e+02 -1.4599e+02 -1.3222e+02 -1.2461e+02
-1.4745e+02 -1.4531e+02 -1.2954e+02 -1.4031e+02
# New trial
-1.4757e+02 -1.4659e+02 -1.4078e+02 -1.7454e+02
-1.4751e+02 -1.4603e+02 -1.3558e+02 -1.2502e+02
-1.4738e+02 -1.4473e+02 -1.3004e+02 -1.2461e+02
-1.4742e+02 -1.4510e+02 -1.2980e+02 -1.2504e+02
# New trial
-1.4757e+02 -1.4659e+02 -1.4265e+02 -2.0297e+02
-1.4752e+02 -1.4606e+02 -1.3503e+02 -1.2471e+02
-1.4739e+02 -1.4476e+02 -1.2904e+02 -1.2702e+02
-1.4741e+02 -1.4502e+02 -1.3071e+02 -1.5703e+02
# New trial
-1.4760e+02 -1.4681e+02 -1.3971e+02 -1.2969e+02
-1.4756e+02 -1.4641e+02 -1.3636e+02 -1.2580e+02
-1.4746e+02 -1.4546e+02 -1.3131e+02 -1.2977e+02
-1.4746e+02 -1.4552e+02 -1.3304e+02 -1.7477e+02
# New trial
-1.4762e+02 -1.4709e+02 -1.4202e+02 -1.3200e+02
-1.4759e+02 -1.4675e+02 -1.3892e+02 -1.2513e+02
-1.4749e+02 -1.4577e+02 -1.3050e+02 -1.2461e+02
-1.4741e+02 -1.4495e+02 -1.2647e+02 -1.2461e+02
# New trial
-1.4761e+02 -1.4691e+02 -1.4037e+02 -1.2588e+02
-1.4758e+02 -1.4666e+02 -1.3826e+02 -1.2466e+02
-1.4752e+02 -1.4606e+02 -1.3376e+02 -1.2684e+02
-1.4753e+02 -1.4611e+02 -1.3476e+02 -1.7123e+02
# New trial
-1.4760e+02 -1.4689e+02 -1.4228e+02 -1.8815e+02
-1.4756e+02 -1.4648e+02 -1.3727e+02 -1.2477e+02
-1.4746e+02 -1.4542e+02 -1.3085e+02 -1.3293e+02
-1.4746e+02 -1.4552e+02 -1.3372e+02 -1.8514e+02
# New trial
-1.4758e+02 -1.4667e+02 -1.3945e+02 -1.4180e+02
-1.4755e+02 -1.4634e+02 -1.3619e+02 -1.2500e+02
-1.4747e+02 -1.4557e+02 -1.3073e+02 -1.2461e+02
-1.4751e+02 -1.4595e+02 -1.3278e+02 -1.3222e+02
# New trial
-1.4760e+02 -1.4682e+02 -1.4156e+02 -1.8967e+02
-1.4756e+02 -1.4649e+02 -1.3726e+02 -1.2471e+02
-1.4749e+02 -1.4573e+02 -1.3142e+02 -1.2461e+02
-1.4753e+02 -1.4615e+02 -1.3398e+02 -1.3273e+02
# New trial
-1.4760e+02 -1.4683e+02 -1.3996e+02 -1.2602e+02
-1.4757e+02 -1.4657e+02 -1.3780e+02 -1.2483e+02
-1.4750e+02 -1.4587e+02 -1.3264e+02 -1.2641e+02
-1.4750e+02 -1.4587e+02 -1.3371e+02 -1.6899e+02
# New trial
-1.4760e+02 -1.4688e+02 -1.4028e+02 -1.3601e+02
-1.4758e+02 -1.4662e+02 -1.3810e+02 -1.2624e+02
-1.4751e+02 -1.4592e+02 -1.3307e+02 -1.3325e+02
-1.4751e+02 -1.4595e+02 -1.3385e+02 -1.6798e+02
# New trial
-1.4760e+02 -1.4686e+02 -1.4003e+02 -1.3696e+02
-1.4759e+02 -1.4677e+02 -1.3921e+02 -1.2554e+02
-1.4756e+02 -1.4643e+02 -1.3636e+02 -1.3543e+02
-1.4759e+02 -1.4678e+02 -1.3925e+02 -1.4503e+02
# New trial
-1.4759e+02 -1.4682e+02 -1.4251e+02 -1.8276e+02
-1.4755e+02 -1.4637e+02 -1.3614e+02 -1.2490e+02
-1.4745e+02 -1.4537e+02 -1.2969e+02 -1.2550e+02
-1.4741e+02 -1.4492e+02 -1.3028e+02 -1.6389e+02
# New trial
-1.4762e+02 -1.4709e+02 -1.4227e+02 -1.3963e+02
-1.4761e+02 -1.4692e+02 -1.4077e+02 -1.4020e+02
-1.4757e+02 -1.4657e+02 -1.3842e+02 -1.6114e+02
-1.4763e+02 -1.4714e+02 -1.4324e+02 -2.1567e+02
# New trial
-1.4759e+02 -1.4681e+02 -1.4103e+02 -1.6412e+02
-1.4755e+02 -1.4634e+02 -1.3640e+02 -1.2547e+02
-1.4740e+02 -1.4489e+02 -1.2950e+02 -1.2461e+02
-1.4735e+02 -1.4435e+02 -1.2751e+02 -1.3136e+02
# New trial
-1.4761e+02 -1.4699e+02 -1.4165e+02 -1.4250e+02
-1.4758e+02 -1.4665e+02 -1.3822e+02 -1.2592e+02
-1.4749e+02 -1.4574e+02 -1.3243e+02 -1.4547e+02
-1.4748e+02 -1.4562e+02 -1.3470e+02 -2.0180e+02
# New trial
-1.4761e+02 -1.4695e+02 -1.4070e+02 -1.2617e+02
-1.4759e+02 -1.4678e+02 -1.3932e+02 -1.2535e+02
-1.4755e+02 -1.4638e+02 -1.3590e+02 -1.2467e+02
-1.4757e+02 -1.4657e+02 -1.3746e+02 -1.4176e+02
# New trial
