# 0.1sig - Array shape (trial/sig/alpha): (30L, 4L, 4L)
-1.0611e+02 -1.0580e+02 -1.0407e+02 -1.1503e+02
-1.0611e+02 -1.0577e+02 -1.0373e+02 -1.0157e+02
-1.0609e+02 -1.0563e+02 -1.0282e+02 -1.0155e+02
-1.0612e+02 -1.0585e+02 -1.0350e+02 -1.0153e+02
# New trial
-1.0613e+02 -1.0596e+02 -1.0468e+02 -1.0370e+02
-1.0612e+02 -1.0589e+02 -1.0424e+02 -1.0352e+02
-1.0610e+02 -1.0573e+02 -1.0323e+02 -1.0254e+02
-1.0612e+02 -1.0583e+02 -1.0394e+02 -1.1670e+02
# New trial
-1.0613e+02 -1.0594e+02 -1.0463e+02 -1.0655e+02
-1.0611e+02 -1.0582e+02 -1.0339e+02 -1.0153e+02
-1.0609e+02 -1.0559e+02 -1.0250e+02 -1.0155e+02
-1.0610e+02 -1.0566e+02 -1.0340e+02 -1.1300e+02
# New trial
-1.0612e+02 -1.0585e+02 -1.0416e+02 -1.1140e+02
-1.0612e+02 -1.0583e+02 -1.0354e+02 -1.0154e+02
-1.0611e+02 -1.0578e+02 -1.0373e+02 -1.1367e+02
-1.0613e+02 -1.0593e+02 -1.0698e+02 -1.5508e+02
# New trial
-1.0613e+02 -1.0600e+02 -1.0511e+02 -1.1270e+02
-1.0612e+02 -1.0592e+02 -1.0422e+02 -1.0189e+02
-1.0612e+02 -1.0583e+02 -1.0367e+02 -1.0703e+02
-1.0613e+02 -1.0596e+02 -1.0449e+02 -1.1261e+02
# New trial
-1.0613e+02 -1.0602e+02 -1.0499e+02 -1.0415e+02
-1.0613e+02 -1.0594e+02 -1.0427e+02 -1.0154e+02
-1.0612e+02 -1.0591e+02 -1.0421e+02 -1.1254e+02
-1.0614e+02 -1.0608e+02 -1.0563e+02 -1.2320e+02
# New trial
-1.0613e+02 -1.0595e+02 -1.0443e+02 -1.0231e+02
-1.0612e+02 -1.0588e+02 -1.0391e+02 -1.0177e+02
-1.0610e+02 -1.0571e+02 -1.0297e+02 -1.0158e+02
-1.0611e+02 -1.0579e+02 -1.0321e+02 -1.0156e+02
# New trial
-1.0612e+02 -1.0587e+02 -1.0401e+02 -1.0877e+02
-1.0611e+02 -1.0579e+02 -1.0342e+02 -1.0155e+02
-1.0610e+02 -1.0570e+02 -1.0296e+02 -1.0174e+02
-1.0614e+02 -1.0603e+02 -1.0531e+02 -1.2085e+02
# New trial
-1.0611e+02 -1.0579e+02 -1.0354e+02 -1.0153e+02
-1.0610e+02 -1.0570e+02 -1.0315e+02 -1.0153e+02
-1.0608e+02 -1.0549e+02 -1.0207e+02 -1.0153e+02
-1.0610e+02 -1.0571e+02 -1.0271e+02 -1.0153e+02
# New trial
-1.0612e+02 -1.0591e+02 -1.0404e+02 -1.0157e+02
-1.0612e+02 -1.0583e+02 -1.0357e+02 -1.0154e+02
-1.0609e+02 -1.0561e+02 -1.0225e+02 -1.0153e+02
-1.0610e+02 -1.0564e+02 -1.0218e+02 -1.0153e+02
# New trial
-1.0613e+02 -1.0596e+02 -1.0451e+02 -1.0227e+02
-1.0612e+02 -1.0589e+02 -1.0389e+02 -1.0154e+02
-1.0611e+02 -1.0574e+02 -1.0270e+02 -1.0153e+02
-1.0612e+02 -1.0583e+02 -1.0322e+02 -1.0153e+02
# New trial
-1.0611e+02 -1.0581e+02 -1.0355e+02 -1.0153e+02
-1.0611e+02 -1.0580e+02 -1.0367e+02 -1.0154e+02
-1.0611e+02 -1.0576e+02 -1.0363e+02 -1.0646e+02
-1.0613e+02 -1.0600e+02 -1.0524e+02 -1.2654e+02
# New trial
-1.0612e+02 -1.0591e+02 -1.0418e+02 -1.0182e+02
-1.0611e+02 -1.0582e+02 -1.0349e+02 -1.0154e+02
-1.0609e+02 -1.0560e+02 -1.0240e+02 -1.0156e+02
-1.0612e+02 -1.0582e+02 -1.0353e+02 -1.1124e+02
# New trial
-1.0613e+02 -1.0599e+02 -1.0487e+02 -1.0406e+02
-1.0613e+02 -1.0594e+02 -1.0415e+02 -1.0163e+02
-1.0612e+02 -1.0585e+02 -1.0337e+02 -1.0153e+02
-1.0612e+02 -1.0587e+02 -1.0354e+02 -1.0153e+02
# New trial
-1.0612e+02 -1.0593e+02 -1.0531e+02 -1.1713e+02
-1.0611e+02 -1.0577e+02 -1.0371e+02 -1.0154e+02
-1.0608e+02 -1.0551e+02 -1.0266e+02 -1.0154e+02
-1.0612e+02 -1.0591e+02 -1.0561e+02 -1.3636e+02
# New trial
-1.0612e+02 -1.0589e+02 -1.0529e+02 -1.1771e+02
-1.0611e+02 -1.0575e+02 -1.0338e+02 -1.0154e+02
-1.0607e+02 -1.0536e+02 -1.0194e+02 -1.0153e+02
-1.0606e+02 -1.0525e+02 -1.0157e+02 -1.0153e+02
# New trial
-1.0612e+02 -1.0591e+02 -1.0398e+02 -1.0153e+02
-1.0612e+02 -1.0582e+02 -1.0331e+02 -1.0153e+02
-1.0610e+02 -1.0572e+02 -1.0264e+02 -1.0153e+02
-1.0613e+02 -1.0595e+02 -1.0445e+02 -1.1327e+02
# New trial
-1.0613e+02 -1.0597e+02 -1.0456e+02 -1.0539e+02
-1.0612e+02 -1.0590e+02 -1.0394e+02 -1.0156e+02
-1.0611e+02 -1.0576e+02 -1.0287e+02 -1.0153e+02
-1.0611e+02 -1.0579e+02 -1.0308e+02 -1.0160e+02
# New trial
-1.0613e+02 -1.0595e+02 -1.0438e+02 -1.0272e+02
-1.0612e+02 -1.0591e+02 -1.0412e+02 -1.0186e+02
-1.0612e+02 -1.0588e+02 -1.0413e+02 -1.0955e+02
-1.0614e+02 -1.0603e+02 -1.0521e+02 -1.2197e+02
# New trial
-1.0613e+02 -1.0595e+02 -1.0529e+02 -1.1734e+02
-1.0612e+02 -1.0589e+02 -1.0414e+02 -1.0191e+02
-1.0612e+02 -1.0585e+02 -1.0394e+02 -1.1022e+02
-1.0614e+02 -1.0605e+02 -1.0539e+02 -1.1445e+02
# New trial
-1.0612e+02 -1.0591e+02 -1.0451e+02 -1.0668e+02
-1.0612e+02 -1.0583e+02 -1.0374e+02 -1.0158e+02
-1.0610e+02 -1.0563e+02 -1.0227e+02 -1.0153e+02
-1.0610e+02 -1.0568e+02 -1.0220e+02 -1.0153e+02
# New trial
-1.0613e+02 -1.0593e+02 -1.0468e+02 -1.1393e+02
-1.0612e+02 -1.0585e+02 -1.0362e+02 -1.0153e+02
-1.0610e+02 -1.0563e+02 -1.0218e+02 -1.0153e+02
-1.0611e+02 -1.0582e+02 -1.0316e+02 -1.0153e+02
# New trial
-1.0612e+02 -1.0592e+02 -1.0408e+02 -1.0155e+02
-1.0612e+02 -1.0586e+02 -1.0360e+02 -1.0153e+02
-1.0612e+02 -1.0584e+02 -1.0356e+02 -1.0278e+02
-1.0613e+02 -1.0600e+02 -1.0481e+02 -1.0672e+02
# New trial
-1.0613e+02 -1.0594e+02 -1.0440e+02 -1.0230e+02
-1.0612e+02 -1.0588e+02 -1.0394e+02 -1.0174e+02
-1.0612e+02 -1.0584e+02 -1.0374e+02 -1.1220e+02
-1.0613e+02 -1.0598e+02 -1.0459e+02 -1.0638e+02
# New trial
-1.0613e+02 -1.0599e+02 -1.0492e+02 -1.1109e+02
-1.0613e+02 -1.0600e+02 -1.0489e+02 -1.0363e+02
-1.0614e+02 -1.0604e+02 -1.0522e+02 -1.1122e+02
-1.0615e+02 -1.0613e+02 -1.0618e+02 -1.2988e+02
# New trial
-1.0613e+02 -1.0598e+02 -1.0569e+02 -1.2297e+02
-1.0612e+02 -1.0583e+02 -1.0348e+02 -1.0165e+02
-1.0609e+02 -1.0559e+02 -1.0206e+02 -1.0153e+02
-1.0611e+02 -1.0578e+02 -1.0288e+02 -1.0153e+02
# New trial
-1.0613e+02 -1.0597e+02 -1.0455e+02 -1.0163e+02
-1.0613e+02 -1.0594e+02 -1.0431e+02 -1.0170e+02
-1.0612e+02 -1.0585e+02 -1.0365e+02 -1.0215e+02
-1.0613e+02 -1.0596e+02 -1.0440e+02 -1.0861e+02
# New trial
-1.0612e+02 -1.0591e+02 -1.0475e+02 -1.1021e+02
-1.0611e+02 -1.0578e+02 -1.0331e+02 -1.0155e+02
-1.0608e+02 -1.0545e+02 -1.0193e+02 -1.0153e+02
-1.0607e+02 -1.0535e+02 -1.0176e+02 -1.0153e+02
# New trial
-1.0613e+02 -1.0592e+02 -1.0420e+02 -1.0226e+02
-1.0612e+02 -1.0587e+02 -1.0360e+02 -1.0153e+02
-1.0610e+02 -1.0572e+02 -1.0254e+02 -1.0153e+02
-1.0611e+02 -1.0574e+02 -1.0262e+02 -1.0153e+02
# New trial
-1.0613e+02 -1.0594e+02 -1.0424e+02 -1.0155e+02
-1.0613e+02 -1.0594e+02 -1.0427e+02 -1.0189e+02
-1.0613e+02 -1.0595e+02 -1.0441e+02 -1.1077e+02
-1.0614e+02 -1.0607e+02 -1.0562e+02 -1.2714e+02
# New trial
