# 0.01sig - Array shape (trial/sig/alpha): (30L, 4L, 4L)
-1.0147e+02 -1.0096e+02 -9.7031e+01 -9.2607e+01
-1.0147e+02 -1.0089e+02 -9.6896e+01 -1.0033e+02
-1.0148e+02 -1.0100e+02 -9.9130e+01 -1.3504e+02
-1.0152e+02 -1.0143e+02 -1.0238e+02 -1.6957e+02
# New trial
-1.0146e+02 -1.0084e+02 -9.6230e+01 -9.2467e+01
-1.0145e+02 -1.0072e+02 -9.5953e+01 -9.2614e+01
-1.0143e+02 -1.0051e+02 -9.4169e+01 -9.2303e+01
-1.0149e+02 -1.0106e+02 -9.7233e+01 -9.2376e+01
# New trial
-1.0147e+02 -1.0089e+02 -9.6761e+01 -9.2772e+01
-1.0145e+02 -1.0071e+02 -9.6058e+01 -9.2742e+01
-1.0142e+02 -1.0044e+02 -9.5738e+01 -1.1662e+02
-1.0148e+02 -1.0103e+02 -9.9312e+01 -1.5451e+02
# New trial
-1.0144e+02 -1.0062e+02 -9.5281e+01 -9.2346e+01
-1.0144e+02 -1.0066e+02 -9.6454e+01 -1.0081e+02
-1.0147e+02 -1.0095e+02 -9.8969e+01 -1.2777e+02
-1.0153e+02 -1.0149e+02 -1.0169e+02 -1.4661e+02
# New trial
-1.0148e+02 -1.0098e+02 -9.6756e+01 -9.2318e+01
-1.0146e+02 -1.0078e+02 -9.5300e+01 -9.2302e+01
-1.0141e+02 -1.0034e+02 -9.3486e+01 -9.2304e+01
-1.0144e+02 -1.0057e+02 -9.5152e+01 -1.1047e+02
# New trial
-1.0147e+02 -1.0095e+02 -9.6535e+01 -9.2382e+01
-1.0144e+02 -1.0062e+02 -9.4915e+01 -9.2309e+01
-1.0139e+02 -1.0014e+02 -9.3571e+01 -9.2571e+01
-1.0148e+02 -1.0099e+02 -9.7368e+01 -1.0964e+02
# New trial
-1.0148e+02 -1.0099e+02 -9.7417e+01 -9.3397e+01
-1.0146e+02 -1.0083e+02 -9.6974e+01 -9.5954e+01
-1.0146e+02 -1.0079e+02 -9.6394e+01 -9.2437e+01
-1.0152e+02 -1.0137e+02 -1.0019e+02 -1.1642e+02
# New trial
-1.0147e+02 -1.0092e+02 -9.6803e+01 -9.2747e+01
-1.0146e+02 -1.0084e+02 -9.6303e+01 -9.2900e+01
-1.0146e+02 -1.0082e+02 -9.6083e+01 -1.0368e+02
-1.0151e+02 -1.0128e+02 -9.9310e+01 -9.8343e+01
# New trial
-1.0146e+02 -1.0086e+02 -9.5888e+01 -9.2302e+01
-1.0144e+02 -1.0062e+02 -9.4554e+01 -9.2302e+01
-1.0139e+02 -1.0009e+02 -9.3176e+01 -9.2302e+01
-1.0147e+02 -1.0090e+02 -9.6525e+01 -1.0823e+02
# New trial
-1.0147e+02 -1.0094e+02 -9.7541e+01 -9.8457e+01
-1.0147e+02 -1.0089e+02 -9.8192e+01 -1.1643e+02
-1.0146e+02 -1.0087e+02 -1.0074e+02 -1.6234e+02
-1.0151e+02 -1.0134e+02 -1.0017e+02 -1.2854e+02
# New trial
-1.0144e+02 -1.0066e+02 -9.6363e+01 -9.2314e+01
-1.0143e+02 -1.0056e+02 -9.6750e+01 -1.0617e+02
-1.0144e+02 -1.0070e+02 -9.9215e+01 -1.4541e+02
-1.0152e+02 -1.0145e+02 -1.0130e+02 -1.3249e+02
# New trial
-1.0149e+02 -1.0109e+02 -9.7519e+01 -9.2303e+01
-1.0148e+02 -1.0106e+02 -9.7241e+01 -9.2316e+01
-1.0148e+02 -1.0098e+02 -9.6641e+01 -9.5220e+01
-1.0151e+02 -1.0127e+02 -9.9078e+01 -1.0884e+02
# New trial
-1.0147e+02 -1.0094e+02 -9.6348e+01 -9.2304e+01
-1.0145e+02 -1.0071e+02 -9.4997e+01 -9.2303e+01
-1.0138e+02 -1.0006e+02 -9.2559e+01 -9.2302e+01
-1.0142e+02 -1.0045e+02 -9.3246e+01 -9.2302e+01
# New trial
-1.0149e+02 -1.0111e+02 -9.7688e+01 -9.2653e+01
-1.0148e+02 -1.0100e+02 -9.6714e+01 -9.2692e+01
-1.0146e+02 -1.0085e+02 -9.5689e+01 -9.2585e+01
-1.0150e+02 -1.0122e+02 -9.8577e+01 -9.2602e+01
# New trial
-1.0148e+02 -1.0106e+02 -9.7311e+01 -9.3159e+01
-1.0147e+02 -1.0095e+02 -9.6671e+01 -9.3669e+01
-1.0144e+02 -1.0061e+02 -9.4261e+01 -9.2303e+01
-1.0146e+02 -1.0083e+02 -9.5142e+01 -9.2302e+01
# New trial
-1.0144e+02 -1.0068e+02 -9.5805e+01 -9.5131e+01
-1.0143e+02 -1.0051e+02 -9.5312e+01 -9.4408e+01
-1.0141e+02 -1.0040e+02 -9.6831e+01 -1.2423e+02
-1.0150e+02 -1.0126e+02 -1.0031e+02 -1.4946e+02
# New trial
-1.0146e+02 -1.0085e+02 -9.6418e+01 -9.2494e+01
-1.0145e+02 -1.0077e+02 -9.6654e+01 -9.7219e+01
-1.0144e+02 -1.0068e+02 -9.6941e+01 -1.1254e+02
-1.0149e+02 -1.0116e+02 -9.8611e+01 -1.1387e+02
# New trial
-1.0145e+02 -1.0077e+02 -9.6332e+01 -9.2339e+01
-1.0143e+02 -1.0053e+02 -9.5341e+01 -9.2407e+01
-1.0139e+02 -1.0015e+02 -9.3875e+01 -9.2305e+01
-1.0150e+02 -1.0116e+02 -9.8415e+01 -1.0383e+02
# New trial
-1.0150e+02 -1.0124e+02 -9.8685e+01 -9.2778e+01
-1.0150e+02 -1.0116e+02 -9.7984e+01 -9.5782e+01
-1.0149e+02 -1.0113e+02 -9.7779e+01 -9.9182e+01
-1.0152e+02 -1.0139e+02 -1.0016e+02 -9.4770e+01
# New trial
-1.0146e+02 -1.0085e+02 -9.6138e+01 -9.2308e+01
-1.0145e+02 -1.0068e+02 -9.5363e+01 -9.2306e+01
-1.0141e+02 -1.0031e+02 -9.3447e+01 -9.2302e+01
-1.0148e+02 -1.0101e+02 -9.7045e+01 -1.0117e+02
# New trial
-1.0141e+02 -1.0038e+02 -9.5051e+01 -9.2303e+01
-1.0139e+02 -1.0016e+02 -9.4313e+01 -9.2303e+01
-1.0140e+02 -1.0028e+02 -9.4189e+01 -9.2302e+01
-1.0151e+02 -1.0134e+02 -1.0012e+02 -1.2562e+02
# New trial
-1.0148e+02 -1.0098e+02 -9.7034e+01 -9.4701e+01
-1.0146e+02 -1.0082e+02 -9.6426e+01 -9.8317e+01
-1.0146e+02 -1.0078e+02 -9.6761e+01 -1.1086e+02
-1.0152e+02 -1.0143e+02 -1.0132e+02 -1.6078e+02
# New trial
-1.0150e+02 -1.0121e+02 -9.8487e+01 -9.4491e+01
-1.0149e+02 -1.0107e+02 -9.7455e+01 -9.3866e+01
-1.0146e+02 -1.0083e+02 -9.5979e+01 -1.0424e+02
-1.0149e+02 -1.0111e+02 -9.8742e+01 -1.4319e+02
# New trial
-1.0141e+02 -1.0034e+02 -9.5019e+01 -9.2305e+01
-1.0140e+02 -1.0032e+02 -9.6447e+01 -1.0964e+02
-1.0147e+02 -1.0093e+02 -1.0050e+02 -1.4587e+02
-1.0153e+02 -1.0151e+02 -1.0150e+02 -1.1461e+02
# New trial
-1.0148e+02 -1.0104e+02 -9.7417e+01 -9.3057e+01
-1.0146e+02 -1.0081e+02 -9.6336e+01 -9.3095e+01
-1.0142e+02 -1.0043e+02 -9.5473e+01 -1.0891e+02
-1.0148e+02 -1.0105e+02 -9.7702e+01 -1.1230e+02
# New trial
-1.0149e+02 -1.0113e+02 -9.8036e+01 -9.8500e+01
-1.0148e+02 -1.0101e+02 -9.7269e+01 -9.6538e+01
-1.0148e+02 -1.0098e+02 -9.7937e+01 -1.2169e+02
-1.0152e+02 -1.0141e+02 -1.0093e+02 -1.4558e+02
# New trial
-1.0149e+02 -1.0113e+02 -9.8041e+01 -9.6940e+01
-1.0147e+02 -1.0094e+02 -9.7075e+01 -9.6906e+01
-1.0144e+02 -1.0066e+02 -9.6369e+01 -1.1880e+02
-1.0148e+02 -1.0101e+02 -9.8305e+01 -1.4098e+02
# New trial
-1.0149e+02 -1.0110e+02 -9.7782e+01 -9.4203e+01
-1.0147e+02 -1.0092e+02 -9.6919e+01 -9.4616e+01
-1.0144e+02 -1.0065e+02 -9.5953e+01 -1.0281e+02
-1.0148e+02 -1.0099e+02 -9.7718e+01 -1.2346e+02
# New trial
-1.0149e+02 -1.0114e+02 -9.7989e+01 -9.2656e+01
-1.0148e+02 -1.0105e+02 -9.7324e+01 -9.2593e+01
-1.0146e+02 -1.0079e+02 -9.5326e+01 -9.2354e+01
-1.0148e+02 -1.0100e+02 -9.6684e+01 -9.3490e+01
# New trial
-1.0147e+02 -1.0088e+02 -9.6378e+01 -9.4898e+01
-1.0145e+02 -1.0068e+02 -9.5469e+01 -9.4316e+01
-1.0141e+02 -1.0038e+02 -9.5607e+01 -1.1240e+02
-1.0149e+02 -1.0113e+02 -9.8838e+01 -1.2644e+02
# New trial
