# 0.1sig - Array shape (trial/sig/alpha): (30L, 4L, 4L)
-8.2554e+01 -7.8508e+01 -7.7561e+01 -3.1136e+02
-8.2603e+01 -7.8817e+01 -6.6019e+01 -1.4693e+02
-8.2691e+01 -7.9503e+01 -6.8162e+01 -2.3286e+02
-8.3002e+01 -8.2412e+01 -8.2664e+01 -3.5250e+02
# New trial
-8.2742e+01 -8.0007e+01 -7.1714e+01 -1.9680e+02
-8.2754e+01 -8.0136e+01 -7.0050e+01 -1.6129e+02
-8.2814e+01 -8.0606e+01 -7.1445e+01 -2.4218e+02
-8.2985e+01 -8.2220e+01 -7.7593e+01 -2.1718e+02
# New trial
-8.2843e+01 -8.1045e+01 -9.0333e+01 -3.9852e+02
-8.2732e+01 -7.9819e+01 -6.7644e+01 -2.0514e+02
-8.2579e+01 -7.8200e+01 -5.3297e+01 -1.1986e+02
-8.2763e+01 -8.0001e+01 -6.2190e+01 -6.4177e+01
# New trial
-8.2780e+01 -8.0410e+01 -9.4725e+01 -5.3523e+02
-8.2708e+01 -7.9536e+01 -6.3689e+01 -2.0306e+02
-8.2629e+01 -7.8703e+01 -5.6477e+01 -1.8240e+02
-8.2824e+01 -8.0613e+01 -6.5304e+01 -1.1599e+02
# New trial
-8.2774e+01 -8.0399e+01 -8.4299e+01 -3.6726e+02
-8.2763e+01 -8.0147e+01 -6.5328e+01 -9.8768e+01
-8.2804e+01 -8.0472e+01 -6.6507e+01 -1.9504e+02
-8.2997e+01 -8.2329e+01 -7.7603e+01 -2.7301e+02
# New trial
-8.2865e+01 -8.1130e+01 -7.7983e+01 -2.5420e+02
-8.2830e+01 -8.0774e+01 -7.0373e+01 -1.3587e+02
-8.2818e+01 -8.0593e+01 -6.4387e+01 -1.2025e+02
-8.2975e+01 -8.2106e+01 -7.4107e+01 -7.1310e+01
# New trial
-8.2828e+01 -8.0767e+01 -7.3228e+01 -1.9544e+02
-8.2770e+01 -8.0170e+01 -6.6944e+01 -1.6650e+02
-8.2717e+01 -7.9591e+01 -6.0244e+01 -1.6364e+02
-8.2934e+01 -8.1700e+01 -7.2135e+01 -1.2186e+02
# New trial
-8.2689e+01 -7.9588e+01 -9.1033e+01 -4.7350e+02
-8.2731e+01 -7.9817e+01 -6.7975e+01 -1.5828e+02
-8.2782e+01 -8.0215e+01 -6.2480e+01 -1.5366e+02
-8.2986e+01 -8.2218e+01 -7.5505e+01 -1.3394e+02
# New trial
-8.2601e+01 -7.8909e+01 -7.0253e+01 -2.0916e+02
-8.2546e+01 -7.8261e+01 -6.2302e+01 -1.6792e+02
-8.2644e+01 -7.8948e+01 -6.1772e+01 -1.8905e+02
-8.2978e+01 -8.2141e+01 -7.6892e+01 -2.2097e+02
# New trial
-8.2740e+01 -7.9955e+01 -7.1210e+01 -2.3168e+02
-8.2701e+01 -7.9544e+01 -6.7348e+01 -2.0638e+02
-8.2719e+01 -7.9631e+01 -6.1846e+01 -1.5264e+02
-8.2958e+01 -8.1943e+01 -7.2981e+01 -1.1998e+02
# New trial
-8.2842e+01 -8.0962e+01 -7.4746e+01 -1.8675e+02
-8.2773e+01 -8.0254e+01 -6.8953e+01 -1.8646e+02
-8.2640e+01 -7.8868e+01 -5.8569e+01 -1.4397e+02
-8.2832e+01 -8.0702e+01 -7.0470e+01 -2.8458e+02
# New trial
-8.2718e+01 -7.9858e+01 -8.0990e+01 -3.2189e+02
-8.2702e+01 -7.9676e+01 -7.3756e+01 -2.1246e+02
-8.2796e+01 -8.0478e+01 -7.4480e+01 -2.9229e+02
-8.3028e+01 -8.2648e+01 -8.1557e+01 -2.6521e+02
# New trial
-8.2738e+01 -8.0202e+01 -9.3701e+01 -4.8067e+02
-8.2770e+01 -8.0276e+01 -7.2271e+01 -1.7605e+02
-8.2822e+01 -8.0655e+01 -7.0663e+01 -2.3382e+02
-8.3021e+01 -8.2571e+01 -7.8920e+01 -1.5266e+02
# New trial
-8.2916e+01 -8.1673e+01 -8.5987e+01 -3.2965e+02
-8.2827e+01 -8.0686e+01 -6.5964e+01 -1.1829e+02
-8.2737e+01 -7.9753e+01 -5.6316e+01 -6.7223e+01
-8.2841e+01 -8.0770e+01 -6.5205e+01 -5.6559e+01
# New trial
-8.2572e+01 -7.8768e+01 -7.4469e+01 -2.1165e+02
-8.2492e+01 -7.7831e+01 -6.3134e+01 -1.7714e+02
-8.2574e+01 -7.8339e+01 -6.5244e+01 -2.3723e+02
-8.2958e+01 -8.1987e+01 -7.8550e+01 -3.3652e+02
# New trial
-8.2660e+01 -7.9674e+01 -1.0048e+02 -5.7099e+02
-8.2581e+01 -7.8590e+01 -7.3864e+01 -2.8983e+02
-8.2605e+01 -7.8672e+01 -7.8584e+01 -4.2632e+02
-8.2970e+01 -8.2105e+01 -8.6472e+01 -4.0606e+02
# New trial
-8.2703e+01 -7.9687e+01 -7.4768e+01 -2.4353e+02
-8.2692e+01 -7.9525e+01 -6.9205e+01 -2.0316e+02
-8.2771e+01 -8.0182e+01 -6.9596e+01 -2.1802e+02
-8.2988e+01 -8.2255e+01 -7.8294e+01 -2.6275e+02
# New trial
-8.2835e+01 -8.0782e+01 -7.5457e+01 -2.9172e+02
-8.2776e+01 -8.0173e+01 -6.4070e+01 -1.7465e+02
-8.2722e+01 -7.9614e+01 -6.1658e+01 -1.9335e+02
-8.2874e+01 -8.1107e+01 -7.1144e+01 -2.1508e+02
# New trial
-8.2803e+01 -8.0465e+01 -6.6433e+01 -1.0998e+02
-8.2765e+01 -8.0105e+01 -6.4006e+01 -9.9028e+01
-8.2769e+01 -8.0119e+01 -6.3068e+01 -1.4033e+02
-8.2933e+01 -8.1708e+01 -7.3548e+01 -1.8321e+02
# New trial
-8.2838e+01 -8.1081e+01 -9.6975e+01 -4.7530e+02
-8.2742e+01 -7.9975e+01 -6.8133e+01 -1.6731e+02
-8.2651e+01 -7.9015e+01 -6.6458e+01 -2.6799e+02
-8.2912e+01 -8.1516e+01 -7.7943e+01 -3.5212e+02
# New trial
-8.2734e+01 -8.0027e+01 -8.9875e+01 -4.4657e+02
-8.2700e+01 -7.9522e+01 -6.4933e+01 -1.9122e+02
-8.2728e+01 -7.9710e+01 -5.8876e+01 -1.0762e+02
-8.2982e+01 -8.2183e+01 -7.4994e+01 -9.8374e+01
# New trial
-8.2849e+01 -8.1021e+01 -8.1480e+01 -3.2043e+02
-8.2802e+01 -8.0554e+01 -7.2782e+01 -1.8906e+02
-8.2821e+01 -8.0655e+01 -6.8493e+01 -2.0399e+02
-8.3020e+01 -8.2566e+01 -7.9436e+01 -2.2271e+02
# New trial
-8.2731e+01 -7.9792e+01 -6.8344e+01 -1.9357e+02
-8.2709e+01 -7.9546e+01 -6.2607e+01 -1.5025e+02
-8.2723e+01 -7.9644e+01 -5.9763e+01 -9.1333e+01
-8.2924e+01 -8.1612e+01 -7.1213e+01 -1.1285e+02
# New trial
-8.2757e+01 -8.0031e+01 -6.7087e+01 -1.5297e+02
-8.2748e+01 -7.9912e+01 -6.2839e+01 -1.3025e+02
-8.2766e+01 -8.0053e+01 -6.1719e+01 -1.4855e+02
-8.2950e+01 -8.1862e+01 -7.2750e+01 -1.2916e+02
# New trial
-8.2843e+01 -8.0882e+01 -7.4920e+01 -2.1091e+02
-8.2857e+01 -8.0988e+01 -7.0624e+01 -1.4513e+02
-8.2876e+01 -8.1146e+01 -6.9470e+01 -1.9759e+02
-8.2989e+01 -8.2246e+01 -7.6296e+01 -1.7496e+02
# New trial
-8.2719e+01 -8.0027e+01 -8.9852e+01 -4.0630e+02
-8.2644e+01 -7.8944e+01 -6.0159e+01 -1.7353e+02
-8.2675e+01 -7.9159e+01 -5.6017e+01 -1.0058e+02
-8.2956e+01 -8.1911e+01 -7.2353e+01 -5.5674e+01
# New trial
-8.2752e+01 -7.9990e+01 -6.9346e+01 -2.6185e+02
-8.2815e+01 -8.0574e+01 -6.7228e+01 -1.4150e+02
-8.2927e+01 -8.1653e+01 -7.2609e+01 -1.5983e+02
-8.3049e+01 -8.2840e+01 -8.0947e+01 -8.9950e+01
# New trial
-8.2754e+01 -8.0326e+01 -8.7206e+01 -3.7522e+02
-8.2677e+01 -7.9422e+01 -7.1137e+01 -2.4955e+02
-8.2659e+01 -7.9118e+01 -6.4705e+01 -1.9793e+02
-8.2936e+01 -8.1719e+01 -7.2740e+01 -2.0181e+02
# New trial
-8.2785e+01 -8.0377e+01 -8.0589e+01 -3.2108e+02
-8.2718e+01 -7.9661e+01 -6.9573e+01 -2.4570e+02
-8.2688e+01 -7.9307e+01 -6.4261e+01 -2.5389e+02
-8.2925e+01 -8.1618e+01 -7.6951e+01 -3.4408e+02
# New trial
-8.2758e+01 -8.0068e+01 -6.9379e+01 -1.8429e+02
-8.2807e+01 -8.0508e+01 -6.6847e+01 -1.3198e+02
-8.2930e+01 -8.1688e+01 -7.3016e+01 -1.6198e+02
-8.3046e+01 -8.2810e+01 -8.0930e+01 -1.2585e+02
# New trial
