# 0.1sig - Array shape (trial/sig/alpha): (30, 4, 4)
-1.6559e+02 -1.6071e+02 -1.3272e+02 -2.1884e+02
-1.6547e+02 -1.5966e+02 -1.2378e+02 -9.2693e+01
-1.6522e+02 -1.5733e+02 -1.2371e+02 -3.2217e+02
-1.6564e+02 -1.6131e+02 -1.4780e+02 -5.6135e+02
# New trial
-1.6580e+02 -1.6274e+02 -1.3771e+02 -9.5411e+01
-1.6567e+02 -1.6146e+02 -1.2817e+02 -8.8314e+01
-1.6534e+02 -1.5820e+02 -1.0648e+02 -1.1001e+02
-1.6538e+02 -1.5860e+02 -1.0915e+02 -1.8199e+02
# New trial
-1.6578e+02 -1.6251e+02 -1.3829e+02 -1.5872e+02
-1.6558e+02 -1.6055e+02 -1.1852e+02 -8.4472e+01
-1.6516e+02 -1.5642e+02 -9.5496e+01 -9.1836e+01
-1.6505e+02 -1.5530e+02 -9.6849e+01 -1.0450e+02
# New trial
-1.6572e+02 -1.6189e+02 -1.3137e+02 -2.3861e+02
-1.6561e+02 -1.6081e+02 -1.2041e+02 -8.6073e+01
-1.6527e+02 -1.5749e+02 -1.0474e+02 -1.5947e+02
-1.6519e+02 -1.5671e+02 -1.0471e+02 -2.1667e+02
# New trial
-1.6589e+02 -1.6365e+02 -1.4855e+02 -2.6386e+02
-1.6577e+02 -1.6242e+02 -1.3394e+02 -8.7031e+01
-1.6551e+02 -1.5988e+02 -1.1691e+02 -1.0447e+02
-1.6557e+02 -1.6049e+02 -1.1971e+02 -1.7063e+02
# New trial
-1.6589e+02 -1.6361e+02 -1.4340e+02 -1.0545e+02
-1.6577e+02 -1.6246e+02 -1.3281e+02 -8.4179e+01
-1.6555e+02 -1.6029e+02 -1.1606e+02 -9.3463e+01
-1.6572e+02 -1.6197e+02 -1.2845e+02 -1.4770e+02
# New trial
-1.6582e+02 -1.6288e+02 -1.3630e+02 -8.5662e+01
-1.6572e+02 -1.6190e+02 -1.2799e+02 -8.4472e+01
-1.6546e+02 -1.5934e+02 -1.1240e+02 -1.1756e+02
-1.6549e+02 -1.5967e+02 -1.1726e+02 -2.5657e+02
# New trial
-1.6571e+02 -1.6187e+02 -1.3332e+02 -1.2850e+02
-1.6561e+02 -1.6094e+02 -1.2630e+02 -8.8609e+01
-1.6545e+02 -1.5934e+02 -1.1913e+02 -1.9403e+02
-1.6573e+02 -1.6206e+02 -1.3795e+02 -4.2594e+02
# New trial
-1.6558e+02 -1.6062e+02 -1.2316e+02 -8.6697e+01
-1.6540e+02 -1.5885e+02 -1.1494e+02 -8.4386e+01
-1.6513e+02 -1.5628e+02 -1.0379e+02 -1.3173e+02
-1.6559e+02 -1.6064e+02 -1.2006e+02 -1.2301e+02
# New trial
-1.6578e+02 -1.6257e+02 -1.3492e+02 -9.6343e+01
-1.6566e+02 -1.6132e+02 -1.2575e+02 -9.1815e+01
-1.6533e+02 -1.5805e+02 -1.0837e+02 -1.3470e+02
-1.6536e+02 -1.5840e+02 -1.2201e+02 -3.7103e+02
# New trial
-1.6585e+02 -1.6323e+02 -1.4070e+02 -1.0467e+02
-1.6571e+02 -1.6185e+02 -1.3039e+02 -8.7849e+01
-1.6534e+02 -1.5819e+02 -1.1827e+02 -2.4038e+02
-1.6526e+02 -1.5745e+02 -1.1763e+02 -3.1385e+02
# New trial
-1.6571e+02 -1.6183e+02 -1.3313e+02 -1.6351e+02
-1.6559e+02 -1.6073e+02 -1.2605e+02 -8.7343e+01
-1.6532e+02 -1.5811e+02 -1.1657e+02 -1.7183e+02
-1.6563e+02 -1.6103e+02 -1.3005e+02 -2.9587e+02
# New trial
-1.6579e+02 -1.6266e+02 -1.3644e+02 -1.2093e+02
-1.6570e+02 -1.6174e+02 -1.2853e+02 -9.2283e+01
-1.6544e+02 -1.5924e+02 -1.1522e+02 -1.7386e+02
-1.6564e+02 -1.6116e+02 -1.2430e+02 -1.9018e+02
# New trial
-1.6589e+02 -1.6363e+02 -1.4408e+02 -1.1137e+02
-1.6577e+02 -1.6245e+02 -1.3115e+02 -8.4233e+01
-1.6552e+02 -1.5991e+02 -1.1088e+02 -8.5014e+01
-1.6538e+02 -1.5853e+02 -1.0854e+02 -1.6393e+02
# New trial
-1.6572e+02 -1.6210e+02 -1.4664e+02 -3.0159e+02
-1.6548e+02 -1.5976e+02 -1.2277e+02 -8.5722e+01
-1.6507e+02 -1.5571e+02 -1.0946e+02 -1.3858e+02
-1.6540e+02 -1.5888e+02 -1.2509e+02 -3.3923e+02
# New trial
-1.6566e+02 -1.6145e+02 -1.4498e+02 -3.6730e+02
-1.6546e+02 -1.5950e+02 -1.1764e+02 -8.3154e+01
-1.6499e+02 -1.5487e+02 -1.0331e+02 -1.4094e+02
-1.6521e+02 -1.5689e+02 -1.1240e+02 -2.9502e+02
# New trial
-1.6580e+02 -1.6271e+02 -1.3522e+02 -8.4988e+01
-1.6565e+02 -1.6120e+02 -1.2334e+02 -8.3876e+01
-1.6527e+02 -1.5746e+02 -1.0074e+02 -8.4482e+01
-1.6529e+02 -1.5769e+02 -1.0208e+02 -8.7378e+01
# New trial
-1.6589e+02 -1.6364e+02 -1.4328e+02 -1.2326e+02
-1.6576e+02 -1.6234e+02 -1.3098e+02 -8.3652e+01
-1.6543e+02 -1.5902e+02 -1.0352e+02 -8.3076e+01
-1.6526e+02 -1.5736e+02 -9.7032e+01 -8.3072e+01
# New trial
-1.6584e+02 -1.6309e+02 -1.3741e+02 -9.4028e+01
-1.6574e+02 -1.6209e+02 -1.2910e+02 -8.6385e+01
-1.6551e+02 -1.5988e+02 -1.1282e+02 -1.0151e+02
-1.6561e+02 -1.6080e+02 -1.2248e+02 -2.2524e+02
# New trial
-1.6585e+02 -1.6334e+02 -1.5313e+02 -3.4142e+02
-1.6569e+02 -1.6167e+02 -1.3036e+02 -8.5956e+01
-1.6530e+02 -1.5788e+02 -1.1091e+02 -1.3772e+02
-1.6540e+02 -1.5882e+02 -1.2397e+02 -3.5008e+02
# New trial
-1.6575e+02 -1.6230e+02 -1.3803e+02 -1.7719e+02
-1.6563e+02 -1.6113e+02 -1.2693e+02 -8.5368e+01
-1.6541e+02 -1.5894e+02 -1.1700e+02 -1.2902e+02
-1.6561e+02 -1.6091e+02 -1.3030e+02 -3.0284e+02
# New trial
-1.6580e+02 -1.6272e+02 -1.4065e+02 -2.3487e+02
-1.6568e+02 -1.6158e+02 -1.2749e+02 -8.4114e+01
-1.6543e+02 -1.5906e+02 -1.0912e+02 -8.8693e+01
-1.6559e+02 -1.6060e+02 -1.1928e+02 -1.8745e+02
# New trial
-1.6581e+02 -1.6281e+02 -1.3645e+02 -9.0353e+01
-1.6570e+02 -1.6178e+02 -1.2856e+02 -8.5739e+01
-1.6544e+02 -1.5922e+02 -1.1495e+02 -1.3323e+02
-1.6549e+02 -1.5970e+02 -1.2421e+02 -2.8813e+02
# New trial
-1.6583e+02 -1.6299e+02 -1.3809e+02 -1.1269e+02
-1.6573e+02 -1.6206e+02 -1.3082e+02 -9.2988e+01
-1.6555e+02 -1.6024e+02 -1.2098e+02 -1.4848e+02
-1.6568e+02 -1.6161e+02 -1.3682e+02 -4.0420e+02
# New trial
-1.6585e+02 -1.6321e+02 -1.3986e+02 -2.2254e+02
-1.6581e+02 -1.6279e+02 -1.3523e+02 -8.8343e+01
-1.6567e+02 -1.6141e+02 -1.2417e+02 -1.2926e+02
-1.6577e+02 -1.6245e+02 -1.3284e+02 -1.7505e+02
# New trial
-1.6576e+02 -1.6243e+02 -1.4436e+02 -2.5618e+02
-1.6561e+02 -1.6084e+02 -1.2012e+02 -8.3581e+01
-1.6528e+02 -1.5763e+02 -1.0237e+02 -8.4539e+01
-1.6527e+02 -1.5743e+02 -1.0816e+02 -2.2698e+02
# New trial
-1.6585e+02 -1.6323e+02 -1.3996e+02 -1.2127e+02
-1.6581e+02 -1.6285e+02 -1.3664e+02 -9.2115e+01
-1.6571e+02 -1.6183e+02 -1.2848e+02 -1.3081e+02
-1.6587e+02 -1.6347e+02 -1.4145e+02 -1.4673e+02
# New trial
-1.6574e+02 -1.6222e+02 -1.3812e+02 -1.9392e+02
-1.6559e+02 -1.6065e+02 -1.2010e+02 -8.6297e+01
-1.6514e+02 -1.5623e+02 -9.7905e+01 -1.1364e+02
-1.6522e+02 -1.5697e+02 -1.1825e+02 -3.7788e+02
# New trial
-1.6583e+02 -1.6307e+02 -1.4079e+02 -1.4861e+02
-1.6570e+02 -1.6175e+02 -1.2736e+02 -8.6348e+01
-1.6533e+02 -1.5811e+02 -1.0574e+02 -9.9141e+01
-1.6523e+02 -1.5714e+02 -1.1075e+02 -2.5559e+02
# New trial
-1.6587e+02 -1.6346e+02 -1.4124e+02 -1.0741e+02
-1.6582e+02 -1.6290e+02 -1.3674e+02 -9.7306e+01
-1.6573e+02 -1.6203e+02 -1.3008e+02 -1.3153e+02
-1.6586e+02 -1.6335e+02 -1.4110e+02 -2.7789e+02
# New trial
