# 0.1sig - Array shape (trial/sig/alpha): (30L, 4L, 4L)
-8.7212e+01 -8.4052e+01 -1.1089e+02 -7.6699e+02
-8.7198e+01 -8.3400e+01 -8.0190e+01 -3.4680e+02
-8.7255e+01 -8.3686e+01 -7.2579e+01 -3.2023e+02
-8.7587e+01 -8.6732e+01 -8.1321e+01 -3.0909e+02
# New trial
-8.7360e+01 -8.4675e+01 -7.7475e+01 -2.6868e+02
-8.7370e+01 -8.4758e+01 -7.3623e+01 -1.7524e+02
-8.7382e+01 -8.4778e+01 -7.0899e+01 -1.8466e+02
-8.7557e+01 -8.6433e+01 -8.0478e+01 -2.3133e+02
# New trial
-8.7347e+01 -8.4739e+01 -9.8935e+01 -5.6071e+02
-8.7278e+01 -8.3788e+01 -7.1137e+01 -3.0663e+02
-8.7116e+01 -8.2073e+01 -6.0659e+01 -2.9198e+02
-8.7302e+01 -8.3893e+01 -7.3818e+01 -3.0647e+02
# New trial
-8.7380e+01 -8.4998e+01 -1.1148e+02 -7.9452e+02
-8.7302e+01 -8.4007e+01 -7.3424e+01 -3.8796e+02
-8.7193e+01 -8.2793e+01 -5.3947e+01 -1.5364e+02
-8.7362e+01 -8.4459e+01 -6.4667e+01 -7.9257e+01
# New trial
-8.7445e+01 -8.5762e+01 -1.0581e+02 -6.9997e+02
-8.7383e+01 -8.4887e+01 -7.5200e+01 -2.0634e+02
-8.7364e+01 -8.4551e+01 -6.4810e+01 -1.5509e+02
-8.7552e+01 -8.6368e+01 -7.6596e+01 -1.2548e+02
# New trial
-8.7444e+01 -8.5460e+01 -8.4460e+01 -3.4185e+02
-8.7425e+01 -8.5217e+01 -7.5024e+01 -1.7992e+02
-8.7419e+01 -8.5068e+01 -6.7692e+01 -1.1541e+02
-8.7581e+01 -8.6632e+01 -7.8101e+01 -1.1023e+02
# New trial
-8.7270e+01 -8.3898e+01 -7.7893e+01 -3.2239e+02
-8.7282e+01 -8.3890e+01 -6.8920e+01 -2.2071e+02
-8.7282e+01 -8.3727e+01 -6.0670e+01 -1.9339e+02
-8.7494e+01 -8.5764e+01 -7.1316e+01 -1.2943e+02
# New trial
-8.7267e+01 -8.3994e+01 -1.0872e+02 -7.7405e+02
-8.7288e+01 -8.3938e+01 -7.6487e+01 -3.2690e+02
-8.7327e+01 -8.4161e+01 -6.8034e+01 -3.3391e+02
-8.7576e+01 -8.6594e+01 -8.0335e+01 -3.0045e+02
# New trial
-8.7061e+01 -8.2471e+01 -8.9117e+01 -4.9473e+02
-8.7047e+01 -8.2098e+01 -7.3517e+01 -3.3665e+02
-8.7185e+01 -8.3034e+01 -7.0729e+01 -3.4625e+02
-8.7566e+01 -8.6534e+01 -8.1756e+01 -3.9058e+02
# New trial
-8.7256e+01 -8.3785e+01 -8.3812e+01 -4.2150e+02
-8.7254e+01 -8.3643e+01 -7.3463e+01 -2.9592e+02
-8.7277e+01 -8.3725e+01 -6.7597e+01 -2.6579e+02
-8.7511e+01 -8.5956e+01 -7.8811e+01 -2.8628e+02
# New trial
-8.7463e+01 -8.5743e+01 -8.7162e+01 -3.4752e+02
-8.7381e+01 -8.4877e+01 -7.8796e+01 -3.1993e+02
-8.7201e+01 -8.2967e+01 -6.2346e+01 -2.2967e+02
-8.7421e+01 -8.5051e+01 -7.1751e+01 -2.4761e+02
# New trial
-8.7330e+01 -8.4743e+01 -1.1052e+02 -7.1336e+02
-8.7262e+01 -8.3868e+01 -8.3538e+01 -4.2221e+02
-8.7313e+01 -8.4114e+01 -6.9137e+01 -2.9163e+02
-8.7595e+01 -8.6775e+01 -8.0226e+01 -2.2381e+02
# New trial
-8.7374e+01 -8.5331e+01 -1.2944e+02 -9.7121e+02
-8.7379e+01 -8.4919e+01 -8.3646e+01 -3.7228e+02
-8.7406e+01 -8.4965e+01 -7.1058e+01 -3.1983e+02
-8.7624e+01 -8.7068e+01 -8.2970e+01 -2.9169e+02
# New trial
-8.7485e+01 -8.6035e+01 -9.9203e+01 -5.3647e+02
-8.7393e+01 -8.4848e+01 -6.9521e+01 -2.0380e+02
-8.7299e+01 -8.3843e+01 -5.7550e+01 -1.3790e+02
-8.7419e+01 -8.5017e+01 -6.6524e+01 -9.4883e+01
# New trial
-8.7211e+01 -8.4142e+01 -1.0831e+02 -6.2310e+02
-8.7082e+01 -8.2448e+01 -8.2618e+01 -4.5838e+02
-8.7124e+01 -8.2369e+01 -7.1173e+01 -3.5854e+02
-8.7546e+01 -8.6331e+01 -8.0769e+01 -2.6339e+02
# New trial
-8.7280e+01 -8.4641e+01 -1.2514e+02 -9.0463e+02
-8.7203e+01 -8.3457e+01 -8.9289e+01 -5.2656e+02
-8.7187e+01 -8.3065e+01 -9.4854e+01 -6.6897e+02
-8.7580e+01 -8.6698e+01 -9.8835e+01 -6.1248e+02
# New trial
-8.7221e+01 -8.3909e+01 -9.8980e+01 -5.6531e+02
-8.7256e+01 -8.3823e+01 -8.0979e+01 -3.8747e+02
-8.7319e+01 -8.4174e+01 -7.3181e+01 -3.5087e+02
-8.7562e+01 -8.6474e+01 -8.0452e+01 -2.7723e+02
# New trial
-8.7372e+01 -8.4789e+01 -8.8034e+01 -4.8618e+02
-8.7331e+01 -8.4256e+01 -6.9374e+01 -2.6948e+02
-8.7268e+01 -8.3538e+01 -5.6282e+01 -1.0467e+02
-8.7428e+01 -8.5110e+01 -6.6652e+01 -5.8734e+01
# New trial
-8.7396e+01 -8.4947e+01 -7.8986e+01 -3.1239e+02
-8.7343e+01 -8.4407e+01 -7.0720e+01 -2.3461e+02
-8.7348e+01 -8.4378e+01 -6.4768e+01 -1.8900e+02
-8.7542e+01 -8.6250e+01 -7.5746e+01 -1.9410e+02
# New trial
-8.7248e+01 -8.4146e+01 -1.1386e+02 -7.6110e+02
-8.7201e+01 -8.3272e+01 -7.1993e+01 -2.9940e+02
-8.7176e+01 -8.2776e+01 -6.5117e+01 -3.5453e+02
-8.7483e+01 -8.5667e+01 -7.2304e+01 -2.3644e+02
# New trial
-8.7282e+01 -8.4126e+01 -9.8046e+01 -6.4754e+02
-8.7289e+01 -8.3989e+01 -7.5566e+01 -3.3170e+02
-8.7338e+01 -8.4344e+01 -7.2261e+01 -3.4598e+02
-8.7596e+01 -8.6802e+01 -8.1701e+01 -2.6536e+02
# New trial
-8.7412e+01 -8.5233e+01 -9.4304e+01 -5.8044e+02
-8.7358e+01 -8.4643e+01 -7.7754e+01 -2.9589e+02
-8.7390e+01 -8.4806e+01 -6.8718e+01 -2.7082e+02
-8.7625e+01 -8.7064e+01 -8.1986e+01 -1.3829e+02
# New trial
-8.7294e+01 -8.3959e+01 -7.2059e+01 -2.7750e+02
-8.7305e+01 -8.4009e+01 -6.6547e+01 -2.4958e+02
-8.7316e+01 -8.4049e+01 -6.4141e+01 -2.2380e+02
-8.7533e+01 -8.6169e+01 -7.7947e+01 -3.5628e+02
# New trial
-8.7189e+01 -8.3281e+01 -7.5949e+01 -3.1239e+02
-8.7260e+01 -8.3593e+01 -6.2390e+01 -1.7532e+02
-8.7335e+01 -8.4218e+01 -6.1470e+01 -1.9962e+02
-8.7543e+01 -8.6255e+01 -7.4910e+01 -1.1491e+02
# New trial
-8.7429e+01 -8.5330e+01 -8.8379e+01 -4.6313e+02
-8.7445e+01 -8.5386e+01 -7.6546e+01 -2.0804e+02
-8.7443e+01 -8.5286e+01 -6.8498e+01 -1.5024e+02
-8.7559e+01 -8.6413e+01 -7.5949e+01 -1.0156e+02
# New trial
-8.7424e+01 -8.5865e+01 -1.1524e+02 -6.8863e+02
-8.7306e+01 -8.4085e+01 -7.5114e+01 -3.5807e+02
-8.7295e+01 -8.3856e+01 -7.1551e+01 -3.1074e+02
-8.7559e+01 -8.6429e+01 -8.2704e+01 -2.8830e+02
# New trial
-8.7324e+01 -8.4272e+01 -8.3007e+01 -4.6896e+02
-8.7390e+01 -8.4820e+01 -7.1728e+01 -2.3999e+02
-8.7506e+01 -8.5907e+01 -7.3375e+01 -1.7218e+02
-8.7650e+01 -8.7318e+01 -8.4331e+01 -8.9038e+01
# New trial
-8.7364e+01 -8.5237e+01 -1.1674e+02 -7.6266e+02
-8.7277e+01 -8.4009e+01 -8.3630e+01 -4.3884e+02
-8.7224e+01 -8.3244e+01 -6.9281e+01 -3.1287e+02
-8.7515e+01 -8.5981e+01 -7.4084e+01 -1.0431e+02
# New trial
-8.7274e+01 -8.3768e+01 -7.9303e+01 -4.0106e+02
-8.7253e+01 -8.3490e+01 -6.8800e+01 -3.3812e+02
-8.7226e+01 -8.3155e+01 -6.0973e+01 -2.6594e+02
-8.7485e+01 -8.5686e+01 -7.7071e+01 -4.0546e+02
# New trial
-8.7272e+01 -8.3871e+01 -7.7114e+01 -3.6222e+02
-8.7342e+01 -8.4412e+01 -6.8905e+01 -2.0816e+02
-8.7498e+01 -8.5840e+01 -7.2958e+01 -1.6731e+02
-8.7637e+01 -8.7195e+01 -8.3376e+01 -1.5653e+02
# New trial
