# 0.1sig - Array shape (trial/sig/alpha): (30, 4, 4)
-1.7905e+02 -1.7181e+02 -1.7530e+02 -9.9821e+02
-1.7894e+02 -1.7030e+02 -1.3386e+02 -3.4746e+02
-1.7865e+02 -1.6729e+02 -1.1987e+02 -5.6410e+02
-1.7933e+02 -1.7357e+02 -1.4553e+02 -6.7262e+02
# New trial
-1.7926e+02 -1.7301e+02 -1.3651e+02 -2.6022e+02
-1.7913e+02 -1.7171e+02 -1.2160e+02 -1.8071e+02
-1.7879e+02 -1.6826e+02 -9.1474e+01 -1.6638e+02
-1.7896e+02 -1.6979e+02 -9.8183e+01 -1.0155e+02
# New trial
-1.7931e+02 -1.7364e+02 -1.6021e+02 -5.9361e+02
-1.7902e+02 -1.7051e+02 -1.1809e+02 -3.1131e+02
-1.7840e+02 -1.6426e+02 -7.9170e+01 -2.6853e+02
-1.7842e+02 -1.6447e+02 -8.7472e+01 -2.1713e+02
# New trial
-1.7920e+02 -1.7246e+02 -1.5491e+02 -7.0964e+02
-1.7902e+02 -1.7044e+02 -1.0896e+02 -3.4490e+02
-1.7858e+02 -1.6600e+02 -7.4334e+01 -2.1327e+02
-1.7869e+02 -1.6706e+02 -8.5539e+01 -8.3670e+01
# New trial
-1.7946e+02 -1.7535e+02 -1.8221e+02 -8.6155e+02
-1.7925e+02 -1.7283e+02 -1.2796e+02 -1.8508e+02
-1.7894e+02 -1.6962e+02 -9.4986e+01 -1.4491e+02
-1.7919e+02 -1.7208e+02 -1.1068e+02 -1.3371e+02
# New trial
-1.7949e+02 -1.7518e+02 -1.5174e+02 -3.6415e+02
-1.7934e+02 -1.7367e+02 -1.3304e+02 -1.9061e+02
-1.7910e+02 -1.7121e+02 -1.1165e+02 -2.2710e+02
-1.7940e+02 -1.7410e+02 -1.2830e+02 -2.9187e+02
# New trial
-1.7923e+02 -1.7275e+02 -1.3599e+02 -3.0215e+02
-1.7912e+02 -1.7160e+02 -1.1995e+02 -2.1869e+02
-1.7884e+02 -1.6870e+02 -9.3231e+01 -1.8508e+02
-1.7906e+02 -1.7075e+02 -1.0335e+02 -1.3010e+02
# New trial
-1.7916e+02 -1.7236e+02 -1.7487e+02 -9.2487e+02
-1.7907e+02 -1.7115e+02 -1.2727e+02 -3.1997e+02
-1.7890e+02 -1.6922e+02 -1.0160e+02 -3.3294e+02
-1.7940e+02 -1.7412e+02 -1.2886e+02 -2.8061e+02
# New trial
-1.7896e+02 -1.7077e+02 -1.4368e+02 -4.5183e+02
-1.7875e+02 -1.6843e+02 -1.1825e+02 -3.2754e+02
-1.7842e+02 -1.6491e+02 -1.0132e+02 -3.7583e+02
-1.7917e+02 -1.7211e+02 -1.4155e+02 -6.6998e+02
# New trial
-1.7917e+02 -1.7215e+02 -1.3553e+02 -3.7462e+02
-1.7901e+02 -1.7049e+02 -1.1220e+02 -2.8426e+02
-1.7867e+02 -1.6698e+02 -8.0061e+01 -1.8762e+02
-1.7893e+02 -1.6945e+02 -9.5395e+01 -1.6253e+02
# New trial
-1.7945e+02 -1.7494e+02 -1.5168e+02 -3.5782e+02
-1.7922e+02 -1.7257e+02 -1.2977e+02 -3.2780e+02
-1.7864e+02 -1.6669e+02 -9.5826e+01 -2.7582e+02
-1.7874e+02 -1.6769e+02 -1.1876e+02 -6.4023e+02
# New trial
-1.7913e+02 -1.7209e+02 -1.5750e+02 -6.6831e+02
-1.7894e+02 -1.7011e+02 -1.2942e+02 -3.7576e+02
-1.7868e+02 -1.6724e+02 -9.4518e+01 -2.6897e+02
-1.7922e+02 -1.7243e+02 -1.1752e+02 -2.0916e+02
# New trial
-1.7926e+02 -1.7344e+02 -1.8712e+02 -9.6688e+02
-1.7914e+02 -1.7188e+02 -1.3204e+02 -3.9155e+02
-1.7891e+02 -1.6936e+02 -1.1101e+02 -5.3424e+02
-1.7934e+02 -1.7356e+02 -1.3203e+02 -5.8807e+02
# New trial
-1.7955e+02 -1.7596e+02 -1.7016e+02 -5.4420e+02
-1.7933e+02 -1.7354e+02 -1.2755e+02 -2.2849e+02
-1.7896e+02 -1.6975e+02 -9.5957e+01 -2.8795e+02
-1.7888e+02 -1.6900e+02 -1.0425e+02 -4.8025e+02
# New trial
-1.7902e+02 -1.7168e+02 -1.7123e+02 -8.1832e+02
-1.7864e+02 -1.6758e+02 -1.2279e+02 -4.2365e+02
-1.7824e+02 -1.6301e+02 -8.8691e+01 -3.8780e+02
-1.7899e+02 -1.7008e+02 -1.1398e+02 -4.6284e+02
# New trial
-1.7908e+02 -1.7219e+02 -1.9891e+02 -1.2008e+03
-1.7876e+02 -1.6838e+02 -1.2570e+02 -5.2602e+02
-1.7818e+02 -1.6241e+02 -9.2144e+01 -4.6340e+02
-1.7876e+02 -1.6780e+02 -9.5049e+01 -2.2966e+02
# New trial
-1.7918e+02 -1.7254e+02 -1.5239e+02 -5.3318e+02
-1.7905e+02 -1.7102e+02 -1.2531e+02 -3.7011e+02
-1.7872e+02 -1.6755e+02 -9.2273e+01 -2.6138e+02
-1.7894e+02 -1.6962e+02 -1.0288e+02 -3.6911e+02
# New trial
-1.7945e+02 -1.7481e+02 -1.5131e+02 -4.4945e+02
-1.7928e+02 -1.7301e+02 -1.2706e+02 -2.7767e+02
-1.7886e+02 -1.6875e+02 -9.0037e+01 -2.2460e+02
-1.7880e+02 -1.6814e+02 -9.3654e+01 -2.2993e+02
# New trial
-1.7939e+02 -1.7410e+02 -1.3733e+02 -2.9869e+02
-1.7923e+02 -1.7253e+02 -1.2198e+02 -1.9032e+02
-1.7896e+02 -1.6986e+02 -9.8684e+01 -1.7018e+02
-1.7918e+02 -1.7194e+02 -1.1136e+02 -1.7643e+02
# New trial
-1.7928e+02 -1.7355e+02 -1.7759e+02 -9.6012e+02
-1.7905e+02 -1.7104e+02 -1.2479e+02 -3.0720e+02
-1.7854e+02 -1.6588e+02 -8.9547e+01 -2.9229e+02
-1.7889e+02 -1.6913e+02 -1.0887e+02 -3.7431e+02
# New trial
-1.7920e+02 -1.7269e+02 -1.6041e+02 -6.5098e+02
-1.7905e+02 -1.7096e+02 -1.2565e+02 -3.3149e+02
-1.7883e+02 -1.6857e+02 -9.6241e+01 -2.6264e+02
-1.7924e+02 -1.7254e+02 -1.1436e+02 -1.8954e+02
# New trial
-1.7935e+02 -1.7397e+02 -1.6046e+02 -7.7280e+02
-1.7918e+02 -1.7222e+02 -1.3016e+02 -3.0475e+02
-1.7893e+02 -1.6955e+02 -9.9187e+01 -2.5440e+02
-1.7926e+02 -1.7276e+02 -1.1673e+02 -2.1387e+02
# New trial
-1.7921e+02 -1.7244e+02 -1.3245e+02 -3.2162e+02
-1.7908e+02 -1.7112e+02 -1.1446e+02 -2.5662e+02
-1.7878e+02 -1.6805e+02 -9.1355e+01 -2.8712e+02
-1.7905e+02 -1.7070e+02 -1.1756e+02 -5.3654e+02
# New trial
-1.7914e+02 -1.7200e+02 -1.3134e+02 -2.4409e+02
-1.7911e+02 -1.7140e+02 -1.1429e+02 -1.4772e+02
-1.7895e+02 -1.6969e+02 -1.0054e+02 -2.2439e+02
-1.7929e+02 -1.7307e+02 -1.3246e+02 -5.0490e+02
# New trial
-1.7940e+02 -1.7430e+02 -1.5006e+02 -5.0813e+02
-1.7937e+02 -1.7395e+02 -1.3283e+02 -1.8972e+02
-1.7925e+02 -1.7260e+02 -1.1564e+02 -1.8248e+02
-1.7944e+02 -1.7453e+02 -1.3342e+02 -2.9406e+02
# New trial
-1.7925e+02 -1.7350e+02 -1.7199e+02 -7.0879e+02
-1.7898e+02 -1.7019e+02 -1.1263e+02 -2.9095e+02
-1.7863e+02 -1.6662e+02 -9.1297e+01 -2.8380e+02
-1.7888e+02 -1.6898e+02 -1.0192e+02 -2.9307e+02
# New trial
-1.7930e+02 -1.7326e+02 -1.4015e+02 -4.1617e+02
-1.7933e+02 -1.7348e+02 -1.2795e+02 -2.3451e+02
-1.7932e+02 -1.7336e+02 -1.2322e+02 -2.4871e+02
-1.7964e+02 -1.7652e+02 -1.4737e+02 -2.4544e+02
# New trial
-1.7929e+02 -1.7375e+02 -1.7577e+02 -7.9664e+02
-1.7904e+02 -1.7095e+02 -1.3109e+02 -4.6124e+02
-1.7852e+02 -1.6566e+02 -9.9780e+01 -4.2843e+02
-1.7878e+02 -1.6812e+02 -1.0836e+02 -5.4962e+02
# New trial
-1.7926e+02 -1.7292e+02 -1.4207e+02 -3.8678e+02
-1.7910e+02 -1.7130e+02 -1.2141e+02 -3.5348e+02
-1.7869e+02 -1.6713e+02 -9.2023e+01 -3.3586e+02
-1.7876e+02 -1.6786e+02 -1.1285e+02 -6.6610e+02
# New trial
-1.7928e+02 -1.7322e+02 -1.4029e+02 -3.5439e+02
-1.7930e+02 -1.7323e+02 -1.2871e+02 -2.0781e+02
-1.7936e+02 -1.7377e+02 -1.2973e+02 -2.8207e+02
-1.7962e+02 -1.7637e+02 -1.5168e+02 -5.1201e+02
# New trial
