# 0.1sig - Array shape (trial/sig/alpha): (30, 4, 4)
-1.2447e+02 -1.2330e+02 -1.1547e+02 -1.3544e+02
-1.2446e+02 -1.2315e+02 -1.1479e+02 -1.0665e+02
-1.2443e+02 -1.2285e+02 -1.1462e+02 -1.4277e+02
-1.2453e+02 -1.2386e+02 -1.1915e+02 -1.7833e+02
# New trial
-1.2453e+02 -1.2379e+02 -1.1758e+02 -1.0718e+02
-1.2450e+02 -1.2354e+02 -1.1600e+02 -1.0692e+02
-1.2443e+02 -1.2287e+02 -1.1179e+02 -1.1721e+02
-1.2442e+02 -1.2271e+02 -1.1215e+02 -1.4734e+02
# New trial
-1.2452e+02 -1.2379e+02 -1.1844e+02 -1.2311e+02
-1.2448e+02 -1.2334e+02 -1.1361e+02 -1.0615e+02
-1.2440e+02 -1.2256e+02 -1.0866e+02 -1.0615e+02
-1.2441e+02 -1.2264e+02 -1.1056e+02 -1.0615e+02
# New trial
-1.2451e+02 -1.2368e+02 -1.1845e+02 -1.6376e+02
-1.2448e+02 -1.2338e+02 -1.1399e+02 -1.0619e+02
-1.2440e+02 -1.2253e+02 -1.0889e+02 -1.0705e+02
-1.2437e+02 -1.2228e+02 -1.0872e+02 -1.0615e+02
# New trial
-1.2455e+02 -1.2403e+02 -1.2025e+02 -1.4646e+02
-1.2452e+02 -1.2376e+02 -1.1735e+02 -1.0746e+02
-1.2446e+02 -1.2313e+02 -1.1356e+02 -1.1423e+02
-1.2448e+02 -1.2329e+02 -1.1404e+02 -1.3312e+02
# New trial
-1.2454e+02 -1.2396e+02 -1.1879e+02 -1.0728e+02
-1.2452e+02 -1.2369e+02 -1.1641e+02 -1.0615e+02
-1.2447e+02 -1.2326e+02 -1.1358e+02 -1.1156e+02
-1.2453e+02 -1.2387e+02 -1.1910e+02 -1.7786e+02
# New trial
-1.2453e+02 -1.2385e+02 -1.1774e+02 -1.0635e+02
-1.2451e+02 -1.2367e+02 -1.1622e+02 -1.0666e+02
-1.2447e+02 -1.2321e+02 -1.1319e+02 -1.2445e+02
-1.2448e+02 -1.2337e+02 -1.1663e+02 -1.8457e+02
# New trial
-1.2451e+02 -1.2361e+02 -1.1748e+02 -1.6288e+02
-1.2448e+02 -1.2336e+02 -1.1492e+02 -1.0648e+02
-1.2445e+02 -1.2301e+02 -1.1296e+02 -1.2645e+02
-1.2453e+02 -1.2384e+02 -1.1925e+02 -1.9785e+02
# New trial
-1.2448e+02 -1.2340e+02 -1.1618e+02 -1.1363e+02
-1.2444e+02 -1.2297e+02 -1.1386e+02 -1.0653e+02
-1.2438e+02 -1.2236e+02 -1.1332e+02 -1.2736e+02
-1.2450e+02 -1.2359e+02 -1.2112e+02 -2.1515e+02
# New trial
-1.2452e+02 -1.2378e+02 -1.1708e+02 -1.0663e+02
-1.2449e+02 -1.2348e+02 -1.1470e+02 -1.0618e+02
-1.2443e+02 -1.2287e+02 -1.1078e+02 -1.0863e+02
-1.2448e+02 -1.2332e+02 -1.1421e+02 -1.4254e+02
# New trial
-1.2454e+02 -1.2392e+02 -1.1855e+02 -1.0993e+02
-1.2450e+02 -1.2358e+02 -1.1591e+02 -1.0650e+02
-1.2440e+02 -1.2260e+02 -1.0989e+02 -1.0615e+02
-1.2436e+02 -1.2218e+02 -1.0840e+02 -1.0629e+02
# New trial
-1.2450e+02 -1.2359e+02 -1.1642e+02 -1.2165e+02
-1.2447e+02 -1.2320e+02 -1.1372e+02 -1.0616e+02
-1.2437e+02 -1.2227e+02 -1.0897e+02 -1.0615e+02
-1.2445e+02 -1.2305e+02 -1.1221e+02 -1.1662e+02
# New trial
-1.2453e+02 -1.2383e+02 -1.1820e+02 -1.1689e+02
-1.2452e+02 -1.2370e+02 -1.1712e+02 -1.2783e+02
-1.2449e+02 -1.2349e+02 -1.1856e+02 -1.9512e+02
-1.2455e+02 -1.2405e+02 -1.2182e+02 -2.2787e+02
# New trial
-1.2455e+02 -1.2400e+02 -1.1921e+02 -1.1163e+02
-1.2452e+02 -1.2374e+02 -1.1646e+02 -1.0657e+02
-1.2446e+02 -1.2310e+02 -1.1138e+02 -1.0615e+02
-1.2443e+02 -1.2280e+02 -1.1101e+02 -1.0615e+02
# New trial
-1.2451e+02 -1.2364e+02 -1.1948e+02 -1.5357e+02
-1.2446e+02 -1.2314e+02 -1.1417e+02 -1.0616e+02
-1.2437e+02 -1.2227e+02 -1.1020e+02 -1.1585e+02
-1.2443e+02 -1.2287e+02 -1.1363e+02 -1.5358e+02
# New trial
-1.2450e+02 -1.2359e+02 -1.2041e+02 -1.5948e+02
-1.2445e+02 -1.2311e+02 -1.1395e+02 -1.0660e+02
-1.2434e+02 -1.2199e+02 -1.1210e+02 -1.4377e+02
-1.2438e+02 -1.2240e+02 -1.1454e+02 -1.7780e+02
# New trial
-1.2453e+02 -1.2379e+02 -1.1725e+02 -1.0619e+02
-1.2449e+02 -1.2345e+02 -1.1417e+02 -1.0615e+02
-1.2441e+02 -1.2262e+02 -1.0983e+02 -1.0697e+02
-1.2443e+02 -1.2280e+02 -1.1381e+02 -1.6365e+02
# New trial
-1.2455e+02 -1.2402e+02 -1.1930e+02 -1.2002e+02
-1.2452e+02 -1.2371e+02 -1.1651e+02 -1.0889e+02
-1.2443e+02 -1.2283e+02 -1.1128e+02 -1.0942e+02
-1.2436e+02 -1.2211e+02 -1.0999e+02 -1.1160e+02
# New trial
-1.2454e+02 -1.2391e+02 -1.1819e+02 -1.1183e+02
-1.2452e+02 -1.2369e+02 -1.1660e+02 -1.0633e+02
-1.2447e+02 -1.2323e+02 -1.1354e+02 -1.0669e+02
-1.2450e+02 -1.2354e+02 -1.1534e+02 -1.3578e+02
# New trial
-1.2455e+02 -1.2402e+02 -1.2237e+02 -1.7345e+02
-1.2450e+02 -1.2356e+02 -1.1610e+02 -1.0709e+02
-1.2439e+02 -1.2244e+02 -1.0970e+02 -1.0651e+02
-1.2440e+02 -1.2258e+02 -1.1272e+02 -1.5194e+02
# New trial
-1.2452e+02 -1.2370e+02 -1.1743e+02 -1.1237e+02
-1.2449e+02 -1.2342e+02 -1.1494e+02 -1.0649e+02
-1.2443e+02 -1.2286e+02 -1.1103e+02 -1.0615e+02
-1.2449e+02 -1.2339e+02 -1.1361e+02 -1.0740e+02
# New trial
-1.2453e+02 -1.2384e+02 -1.1929e+02 -1.5058e+02
-1.2451e+02 -1.2362e+02 -1.1649e+02 -1.0657e+02
-1.2446e+02 -1.2318e+02 -1.1456e+02 -1.2461e+02
-1.2450e+02 -1.2356e+02 -1.1928e+02 -1.8844e+02
# New trial
-1.2453e+02 -1.2380e+02 -1.1706e+02 -1.0621e+02
-1.2450e+02 -1.2351e+02 -1.1466e+02 -1.0615e+02
-1.2443e+02 -1.2289e+02 -1.1100e+02 -1.1546e+02
-1.2447e+02 -1.2323e+02 -1.1291e+02 -1.2584e+02
# New trial
-1.2454e+02 -1.2394e+02 -1.1897e+02 -1.2074e+02
-1.2451e+02 -1.2365e+02 -1.1660e+02 -1.0693e+02
-1.2446e+02 -1.2312e+02 -1.1314e+02 -1.1978e+02
-1.2450e+02 -1.2357e+02 -1.1614e+02 -1.5114e+02
# New trial
-1.2453e+02 -1.2383e+02 -1.1791e+02 -1.2824e+02
-1.2453e+02 -1.2379e+02 -1.1727e+02 -1.0731e+02
-1.2450e+02 -1.2358e+02 -1.1542e+02 -1.1693e+02
-1.2455e+02 -1.2398e+02 -1.1964e+02 -1.8478e+02
# New trial
-1.2452e+02 -1.2373e+02 -1.1957e+02 -1.5117e+02
-1.2448e+02 -1.2336e+02 -1.1377e+02 -1.0615e+02
-1.2440e+02 -1.2259e+02 -1.0945e+02 -1.0615e+02
-1.2439e+02 -1.2249e+02 -1.1037e+02 -1.0651e+02
# New trial
-1.2453e+02 -1.2388e+02 -1.1802e+02 -1.0914e+02
-1.2453e+02 -1.2386e+02 -1.1813e+02 -1.1637e+02
-1.2452e+02 -1.2376e+02 -1.1821e+02 -1.5745e+02
-1.2456e+02 -1.2413e+02 -1.2078e+02 -1.8555e+02
# New trial
-1.2452e+02 -1.2374e+02 -1.1864e+02 -1.3662e+02
-1.2448e+02 -1.2330e+02 -1.1350e+02 -1.0619e+02
-1.2436e+02 -1.2211e+02 -1.0730e+02 -1.0615e+02
-1.2440e+02 -1.2259e+02 -1.0929e+02 -1.0615e+02
# New trial
-1.2453e+02 -1.2385e+02 -1.1808e+02 -1.2285e+02
-1.2450e+02 -1.2356e+02 -1.1510e+02 -1.0616e+02
-1.2441e+02 -1.2267e+02 -1.0887e+02 -1.0615e+02
-1.2436e+02 -1.2213e+02 -1.0779e+02 -1.0617e+02
# New trial
-1.2455e+02 -1.2408e+02 -1.1967e+02 -1.1601e+02
-1.2454e+02 -1.2395e+02 -1.1860e+02 -1.1389e+02
-1.2453e+02 -1.2382e+02 -1.1753e+02 -1.1338e+02
-1.2456e+02 -1.2409e+02 -1.1974e+02 -1.1281e+02
# New trial
