# 0.1sig - Array shape (trial/sig/alpha): (30, 4, 4)
-1.4299e+02 -1.4230e+02 -1.3728e+02 -1.3124e+02
-1.4296e+02 -1.4204e+02 -1.3592e+02 -1.3096e+02
-1.4289e+02 -1.4137e+02 -1.3340e+02 -1.4475e+02
-1.4295e+02 -1.4189e+02 -1.3481e+02 -1.4842e+02
# New trial
-1.4302e+02 -1.4261e+02 -1.3911e+02 -1.3354e+02
-1.4300e+02 -1.4239e+02 -1.3730e+02 -1.3010e+02
-1.4295e+02 -1.4191e+02 -1.3353e+02 -1.2928e+02
-1.4298e+02 -1.4216e+02 -1.3482e+02 -1.3041e+02
# New trial
-1.4302e+02 -1.4255e+02 -1.3877e+02 -1.3938e+02
-1.4298e+02 -1.4220e+02 -1.3549e+02 -1.2952e+02
-1.4289e+02 -1.4129e+02 -1.3024e+02 -1.2922e+02
-1.4283e+02 -1.4073e+02 -1.2948e+02 -1.2922e+02
# New trial
-1.4301e+02 -1.4247e+02 -1.3854e+02 -1.6341e+02
-1.4298e+02 -1.4224e+02 -1.3563e+02 -1.2923e+02
-1.4292e+02 -1.4155e+02 -1.3137e+02 -1.2923e+02
-1.4290e+02 -1.4138e+02 -1.3108e+02 -1.2983e+02
# New trial
-1.4303e+02 -1.4267e+02 -1.3986e+02 -1.4988e+02
-1.4301e+02 -1.4250e+02 -1.3805e+02 -1.3633e+02
-1.4298e+02 -1.4216e+02 -1.3612e+02 -1.5510e+02
-1.4298e+02 -1.4222e+02 -1.3721e+02 -1.8278e+02
# New trial
-1.4303e+02 -1.4264e+02 -1.3906e+02 -1.2971e+02
-1.4301e+02 -1.4247e+02 -1.3749e+02 -1.2925e+02
-1.4297e+02 -1.4206e+02 -1.3442e+02 -1.3012e+02
-1.4299e+02 -1.4233e+02 -1.3634e+02 -1.3785e+02
# New trial
-1.4302e+02 -1.4263e+02 -1.3910e+02 -1.3871e+02
-1.4301e+02 -1.4245e+02 -1.3755e+02 -1.3363e+02
-1.4296e+02 -1.4194e+02 -1.3396e+02 -1.2966e+02
-1.4296e+02 -1.4199e+02 -1.3502e+02 -1.5781e+02
# New trial
-1.4300e+02 -1.4241e+02 -1.3754e+02 -1.4582e+02
-1.4299e+02 -1.4229e+02 -1.3657e+02 -1.3106e+02
-1.4296e+02 -1.4201e+02 -1.3586e+02 -1.5695e+02
-1.4300e+02 -1.4240e+02 -1.3908e+02 -1.9670e+02
# New trial
-1.4300e+02 -1.4235e+02 -1.3757e+02 -1.3211e+02
-1.4296e+02 -1.4206e+02 -1.3581e+02 -1.2931e+02
-1.4289e+02 -1.4131e+02 -1.3216e+02 -1.2923e+02
-1.4295e+02 -1.4187e+02 -1.3449e+02 -1.4066e+02
# New trial
-1.4302e+02 -1.4254e+02 -1.3822e+02 -1.2995e+02
-1.4300e+02 -1.4236e+02 -1.3681e+02 -1.2939e+02
-1.4294e+02 -1.4177e+02 -1.3284e+02 -1.2923e+02
-1.4290e+02 -1.4143e+02 -1.3145e+02 -1.2947e+02
# New trial
-1.4302e+02 -1.4259e+02 -1.3859e+02 -1.3198e+02
-1.4300e+02 -1.4241e+02 -1.3714e+02 -1.2936e+02
-1.4295e+02 -1.4192e+02 -1.3437e+02 -1.3320e+02
-1.4296e+02 -1.4199e+02 -1.3454e+02 -1.4464e+02
# New trial
-1.4300e+02 -1.4240e+02 -1.3740e+02 -1.3023e+02
-1.4298e+02 -1.4221e+02 -1.3626e+02 -1.2945e+02
-1.4294e+02 -1.4185e+02 -1.3445e+02 -1.3668e+02
-1.4299e+02 -1.4229e+02 -1.3738e+02 -1.7085e+02
# New trial
-1.4301e+02 -1.4250e+02 -1.3768e+02 -1.2950e+02
-1.4299e+02 -1.4231e+02 -1.3611e+02 -1.2937e+02
-1.4293e+02 -1.4171e+02 -1.3238e+02 -1.2924e+02
-1.4293e+02 -1.4171e+02 -1.3244e+02 -1.2927e+02
# New trial
-1.4303e+02 -1.4269e+02 -1.3955e+02 -1.3070e+02
-1.4301e+02 -1.4253e+02 -1.3789e+02 -1.2977e+02
-1.4297e+02 -1.4211e+02 -1.3475e+02 -1.3726e+02
-1.4293e+02 -1.4172e+02 -1.3489e+02 -1.6975e+02
# New trial
-1.4300e+02 -1.4239e+02 -1.3879e+02 -1.5199e+02
-1.4296e+02 -1.4202e+02 -1.3522e+02 -1.2925e+02
-1.4288e+02 -1.4120e+02 -1.3079e+02 -1.2922e+02
-1.4291e+02 -1.4151e+02 -1.3095e+02 -1.2922e+02
# New trial
-1.4300e+02 -1.4243e+02 -1.4070e+02 -1.7549e+02
-1.4297e+02 -1.4207e+02 -1.3504e+02 -1.2923e+02
-1.4289e+02 -1.4127e+02 -1.3171e+02 -1.3172e+02
-1.4290e+02 -1.4143e+02 -1.3596e+02 -1.9176e+02
# New trial
-1.4302e+02 -1.4254e+02 -1.3817e+02 -1.2944e+02
-1.4299e+02 -1.4228e+02 -1.3589e+02 -1.2926e+02
-1.4293e+02 -1.4168e+02 -1.3214e+02 -1.2922e+02
-1.4294e+02 -1.4181e+02 -1.3342e+02 -1.3089e+02
# New trial
-1.4303e+02 -1.4270e+02 -1.3950e+02 -1.3008e+02
-1.4301e+02 -1.4249e+02 -1.3752e+02 -1.2922e+02
-1.4295e+02 -1.4189e+02 -1.3245e+02 -1.2922e+02
-1.4290e+02 -1.4140e+02 -1.3032e+02 -1.2922e+02
# New trial
-1.4302e+02 -1.4261e+02 -1.3879e+02 -1.3290e+02
-1.4301e+02 -1.4246e+02 -1.3751e+02 -1.2933e+02
-1.4297e+02 -1.4208e+02 -1.3438e+02 -1.2943e+02
-1.4297e+02 -1.4208e+02 -1.3426e+02 -1.2922e+02
# New trial
-1.4302e+02 -1.4260e+02 -1.3977e+02 -1.6772e+02
-1.4299e+02 -1.4233e+02 -1.3671e+02 -1.2935e+02
-1.4292e+02 -1.4162e+02 -1.3191e+02 -1.2922e+02
-1.4292e+02 -1.4156e+02 -1.3161e+02 -1.2923e+02
# New trial
-1.4301e+02 -1.4245e+02 -1.3804e+02 -1.3882e+02
-1.4299e+02 -1.4225e+02 -1.3592e+02 -1.2931e+02
-1.4294e+02 -1.4183e+02 -1.3281e+02 -1.2922e+02
-1.4298e+02 -1.4220e+02 -1.3520e+02 -1.2925e+02
# New trial
-1.4302e+02 -1.4258e+02 -1.3930e+02 -1.5359e+02
-1.4300e+02 -1.4238e+02 -1.3720e+02 -1.2954e+02
-1.4295e+02 -1.4190e+02 -1.3347e+02 -1.2925e+02
-1.4298e+02 -1.4219e+02 -1.3579e+02 -1.4820e+02
# New trial
-1.4302e+02 -1.4255e+02 -1.3823e+02 -1.2936e+02
-1.4300e+02 -1.4240e+02 -1.3689e+02 -1.2923e+02
-1.4296e+02 -1.4203e+02 -1.3416e+02 -1.3283e+02
-1.4297e+02 -1.4208e+02 -1.3499e+02 -1.4657e+02
# New trial
-1.4302e+02 -1.4261e+02 -1.3883e+02 -1.3436e+02
-1.4301e+02 -1.4244e+02 -1.3740e+02 -1.2943e+02
-1.4296e+02 -1.4201e+02 -1.3422e+02 -1.2939e+02
-1.4296e+02 -1.4199e+02 -1.3435e+02 -1.4533e+02
# New trial
-1.4301e+02 -1.4253e+02 -1.3825e+02 -1.4184e+02
-1.4301e+02 -1.4253e+02 -1.3810e+02 -1.3002e+02
-1.4300e+02 -1.4238e+02 -1.3693e+02 -1.4054e+02
-1.4302e+02 -1.4256e+02 -1.3859e+02 -1.6523e+02
# New trial
-1.4301e+02 -1.4252e+02 -1.3955e+02 -1.6058e+02
-1.4299e+02 -1.4230e+02 -1.3627e+02 -1.2931e+02
-1.4295e+02 -1.4186e+02 -1.3427e+02 -1.4728e+02
-1.4293e+02 -1.4168e+02 -1.3385e+02 -1.5559e+02
# New trial
-1.4303e+02 -1.4268e+02 -1.3948e+02 -1.3447e+02
-1.4302e+02 -1.4256e+02 -1.3844e+02 -1.3370e+02
-1.4299e+02 -1.4227e+02 -1.3633e+02 -1.3701e+02
-1.4302e+02 -1.4263e+02 -1.3961e+02 -1.8216e+02
# New trial
-1.4301e+02 -1.4254e+02 -1.3890e+02 -1.5202e+02
-1.4299e+02 -1.4225e+02 -1.3604e+02 -1.2925e+02
-1.4290e+02 -1.4137e+02 -1.3175e+02 -1.2925e+02
-1.4286e+02 -1.4099e+02 -1.3010e+02 -1.2922e+02
# New trial
-1.4302e+02 -1.4260e+02 -1.3869e+02 -1.3349e+02
-1.4300e+02 -1.4243e+02 -1.3716e+02 -1.2953e+02
-1.4295e+02 -1.4188e+02 -1.3393e+02 -1.3274e+02
-1.4292e+02 -1.4158e+02 -1.3397e+02 -1.5610e+02
# New trial
-1.4302e+02 -1.4262e+02 -1.3881e+02 -1.2977e+02
-1.4301e+02 -1.4252e+02 -1.3808e+02 -1.3042e+02
-1.4299e+02 -1.4228e+02 -1.3616e+02 -1.3105e+02
-1.4299e+02 -1.4229e+02 -1.3584e+02 -1.3098e+02
# New trial
