# 0.01sig - Array shape (trial/sig/alpha): (30L, 4L, 4L)
-9.1728e+01 -8.6939e+01 -7.4433e+01 -3.0739e+02
-9.1777e+01 -8.7383e+01 -7.6030e+01 -3.2169e+02
-9.1907e+01 -8.8532e+01 -7.8029e+01 -3.5449e+02
-9.2214e+01 -9.1448e+01 -8.8594e+01 -2.9523e+02
# New trial
-9.1691e+01 -8.6770e+01 -8.3539e+01 -4.0562e+02
-9.1757e+01 -8.7246e+01 -7.4449e+01 -2.5255e+02
-9.1986e+01 -8.9302e+01 -7.7333e+01 -2.6804e+02
-9.2259e+01 -9.1892e+01 -8.9390e+01 -2.1280e+02
# New trial
-9.1748e+01 -8.7459e+01 -8.7065e+01 -4.0877e+02
-9.1747e+01 -8.7248e+01 -7.7743e+01 -3.3313e+02
-9.1820e+01 -8.7678e+01 -7.4549e+01 -3.7367e+02
-9.2202e+01 -9.1314e+01 -8.5891e+01 -3.4779e+02
# New trial
-9.1701e+01 -8.7147e+01 -8.9371e+01 -4.4997e+02
-9.1731e+01 -8.7405e+01 -8.7797e+01 -4.4351e+02
-9.1992e+01 -8.9495e+01 -8.3306e+01 -3.3634e+02
-9.2271e+01 -9.2030e+01 -9.3524e+01 -4.5218e+02
# New trial
-9.1957e+01 -8.9151e+01 -8.4400e+01 -3.6141e+02
-9.1858e+01 -8.8109e+01 -7.1192e+01 -2.8132e+02
-9.1851e+01 -8.7906e+01 -6.2839e+01 -1.8346e+02
-9.2154e+01 -9.0848e+01 -7.9688e+01 -1.4370e+02
# New trial
-9.1677e+01 -8.6812e+01 -8.4644e+01 -4.0756e+02
-9.1762e+01 -8.7317e+01 -7.5603e+01 -2.9835e+02
-9.1954e+01 -8.9007e+01 -8.2231e+01 -3.8971e+02
-9.2234e+01 -9.1654e+01 -8.7585e+01 -2.0058e+02
# New trial
-9.1688e+01 -8.6716e+01 -8.3368e+01 -3.8590e+02
-9.1745e+01 -8.7165e+01 -7.6881e+01 -2.8473e+02
-9.2030e+01 -8.9776e+01 -8.3143e+01 -3.4943e+02
-9.2272e+01 -9.2021e+01 -9.1079e+01 -2.3444e+02
# New trial
-9.1643e+01 -8.6396e+01 -7.6817e+01 -3.4947e+02
-9.1709e+01 -8.6770e+01 -6.8797e+01 -2.6054e+02
-9.1871e+01 -8.8100e+01 -6.9187e+01 -2.5995e+02
-9.2211e+01 -9.1400e+01 -8.5175e+01 -2.9435e+02
# New trial
-9.1674e+01 -8.6568e+01 -8.1321e+01 -4.1869e+02
-9.1687e+01 -8.6603e+01 -7.9811e+01 -4.3981e+02
-9.1789e+01 -8.7401e+01 -8.6261e+01 -4.9634e+02
-9.2219e+01 -9.1498e+01 -8.6902e+01 -2.9427e+02
# New trial
-9.1759e+01 -8.7346e+01 -8.4443e+01 -4.0810e+02
-9.1837e+01 -8.7975e+01 -8.0299e+01 -3.8114e+02
-9.2019e+01 -8.9615e+01 -8.3629e+01 -4.0868e+02
-9.2266e+01 -9.1964e+01 -9.0405e+01 -2.2156e+02
# New trial
-9.1651e+01 -8.6508e+01 -7.6574e+01 -2.7423e+02
-9.1765e+01 -8.7547e+01 -7.9452e+01 -3.0027e+02
-9.2070e+01 -9.0293e+01 -9.9523e+01 -5.6499e+02
-9.2301e+01 -9.2310e+01 -9.5224e+01 -3.9584e+02
# New trial
-9.1982e+01 -8.9161e+01 -6.9197e+01 -1.1671e+02
-9.2049e+01 -8.9820e+01 -7.2886e+01 -1.0974e+02
-9.2157e+01 -9.0874e+01 -8.0381e+01 -1.2638e+02
-9.2276e+01 -9.2039e+01 -8.9997e+01 -1.1409e+02
# New trial
-9.1817e+01 -8.7854e+01 -9.0320e+01 -4.5146e+02
-9.1814e+01 -8.7749e+01 -8.2224e+01 -3.9421e+02
-9.1866e+01 -8.8133e+01 -8.3971e+01 -4.4483e+02
-9.2210e+01 -9.1398e+01 -8.9416e+01 -2.9165e+02
# New trial
-9.1951e+01 -8.8874e+01 -6.7747e+01 -1.2436e+02
-9.1932e+01 -8.8669e+01 -6.5368e+01 -1.1214e+02
-9.1963e+01 -8.8963e+01 -6.7967e+01 -1.8767e+02
-9.2162e+01 -9.0918e+01 -8.0963e+01 -2.1137e+02
# New trial
-9.1925e+01 -8.8673e+01 -7.4206e+01 -2.6646e+02
-9.1972e+01 -8.9080e+01 -7.0923e+01 -2.1150e+02
-9.2069e+01 -9.0008e+01 -7.5920e+01 -2.4424e+02
-9.2253e+01 -9.1817e+01 -8.8304e+01 -1.7837e+02
# New trial
-9.1667e+01 -8.6569e+01 -8.1618e+01 -3.7295e+02
-9.1720e+01 -8.7029e+01 -7.8241e+01 -2.9520e+02
-9.1960e+01 -8.9188e+01 -8.5892e+01 -3.9263e+02
-9.2257e+01 -9.1882e+01 -9.0649e+01 -2.7598e+02
# New trial
-9.1697e+01 -8.6822e+01 -7.2997e+01 -2.3245e+02
-9.1806e+01 -8.7784e+01 -7.5645e+01 -2.6186e+02
-9.2038e+01 -8.9862e+01 -8.5847e+01 -3.9024e+02
-9.2276e+01 -9.2045e+01 -9.0664e+01 -2.3148e+02
# New trial
-9.1777e+01 -8.8290e+01 -1.1593e+02 -7.1595e+02
-9.1839e+01 -8.8423e+01 -9.7833e+01 -5.4581e+02
-9.2101e+01 -9.0613e+01 -1.0121e+02 -6.2728e+02
-9.2291e+01 -9.2236e+01 -9.5587e+01 -4.3668e+02
# New trial
-9.1957e+01 -8.8980e+01 -7.2852e+01 -2.3047e+02
-9.1974e+01 -8.9084e+01 -6.7280e+01 -1.2427e+02
-9.2013e+01 -8.9436e+01 -6.7899e+01 -1.2394e+02
-9.2195e+01 -9.1233e+01 -8.2317e+01 -1.2108e+02
# New trial
-9.1943e+01 -8.8887e+01 -7.7370e+01 -2.9874e+02
-9.2007e+01 -8.9506e+01 -7.9569e+01 -2.5416e+02
-9.2129e+01 -9.0649e+01 -8.6015e+01 -3.5325e+02
-9.2277e+01 -9.2057e+01 -9.0940e+01 -2.0772e+02
# New trial
-9.1622e+01 -8.6075e+01 -6.8552e+01 -2.4449e+02
-9.1678e+01 -8.6709e+01 -7.1121e+01 -1.7649e+02
-9.2016e+01 -8.9698e+01 -8.5345e+01 -3.0332e+02
-9.2289e+01 -9.2170e+01 -9.1527e+01 -1.8386e+02
# New trial
-9.1738e+01 -8.7180e+01 -8.8665e+01 -4.6427e+02
-9.1841e+01 -8.7958e+01 -7.6049e+01 -2.7248e+02
-9.2024e+01 -8.9657e+01 -7.8911e+01 -2.7715e+02
-9.2262e+01 -9.1902e+01 -8.9423e+01 -1.9617e+02
# New trial
-9.1993e+01 -8.9396e+01 -8.4532e+01 -3.5533e+02
-9.2008e+01 -8.9495e+01 -7.9080e+01 -2.5376e+02
-9.2042e+01 -8.9759e+01 -7.5546e+01 -2.2567e+02
-9.2200e+01 -9.1287e+01 -8.3158e+01 -1.2982e+02
# New trial
-9.1551e+01 -8.5975e+01 -8.9093e+01 -4.5659e+02
-9.1708e+01 -8.7289e+01 -8.7577e+01 -3.9670e+02
-9.2082e+01 -9.0454e+01 -9.5290e+01 -4.3493e+02
-9.2295e+01 -9.2246e+01 -9.3184e+01 -2.8816e+02
# New trial
-9.1855e+01 -8.8035e+01 -7.0583e+01 -2.1863e+02
-9.1849e+01 -8.8022e+01 -7.1570e+01 -2.0510e+02
-9.1944e+01 -8.8876e+01 -7.8730e+01 -3.3841e+02
-9.2250e+01 -9.1793e+01 -8.8408e+01 -1.7883e+02
# New trial
-9.1765e+01 -8.7252e+01 -7.4235e+01 -3.3684e+02
-9.1863e+01 -8.8141e+01 -7.2910e+01 -2.3152e+02
-9.2028e+01 -8.9671e+01 -7.7530e+01 -2.6801e+02
-9.2247e+01 -9.1773e+01 -8.8537e+01 -1.7798e+02
# New trial
-9.1939e+01 -8.8999e+01 -8.6157e+01 -3.6908e+02
-9.1908e+01 -8.8621e+01 -7.7567e+01 -3.0972e+02
-9.1969e+01 -8.9080e+01 -7.5789e+01 -3.3845e+02
-9.2204e+01 -9.1334e+01 -8.5471e+01 -2.8550e+02
# New trial
-9.1859e+01 -8.8159e+01 -7.6349e+01 -2.9518e+02
-9.1813e+01 -8.7682e+01 -6.8598e+01 -2.0508e+02
-9.1828e+01 -8.7737e+01 -6.9261e+01 -2.4114e+02
-9.2175e+01 -9.1045e+01 -8.3236e+01 -2.8165e+02
# New trial
-9.1887e+01 -8.8556e+01 -8.8818e+01 -4.4049e+02
-9.1952e+01 -8.8933e+01 -7.3109e+01 -2.2143e+02
-9.2062e+01 -8.9943e+01 -7.3840e+01 -1.9113e+02
-9.2256e+01 -9.1839e+01 -8.8155e+01 -1.4434e+02
# New trial
-9.1812e+01 -8.7964e+01 -1.0386e+02 -6.5663e+02
-9.1860e+01 -8.8182e+01 -8.0838e+01 -3.7090e+02
-9.2007e+01 -8.9444e+01 -7.5908e+01 -2.1931e+02
-9.2261e+01 -9.1897e+01 -8.9422e+01 -1.8764e+02
# New trial
