# 0.1sig - Array shape (trial/sig/alpha): (30, 4, 4)
-1.3295e+02 -1.2622e+02 -1.2977e+02 -7.2656e+02
-1.3288e+02 -1.2504e+02 -9.9386e+01 -3.3061e+02
-1.3284e+02 -1.2447e+02 -9.7727e+01 -5.0420e+02
-1.3350e+02 -1.3059e+02 -1.2071e+02 -5.9914e+02
# New trial
-1.3327e+02 -1.2852e+02 -1.0759e+02 -2.7298e+02
-1.3319e+02 -1.2771e+02 -9.5900e+01 -1.7532e+02
-1.3301e+02 -1.2572e+02 -7.6450e+01 -1.7240e+02
-1.3323e+02 -1.2778e+02 -8.8068e+01 -2.8951e+02
# New trial
-1.3329e+02 -1.2892e+02 -1.3339e+02 -6.3806e+02
-1.3312e+02 -1.2685e+02 -9.2498e+01 -3.2130e+02
-1.3275e+02 -1.2311e+02 -6.8681e+01 -2.6409e+02
-1.3296e+02 -1.2512e+02 -8.6892e+01 -3.2670e+02
# New trial
-1.3329e+02 -1.2875e+02 -1.3512e+02 -8.8300e+02
-1.3317e+02 -1.2736e+02 -9.9931e+01 -4.4098e+02
-1.3287e+02 -1.2431e+02 -7.9084e+01 -4.6509e+02
-1.3303e+02 -1.2590e+02 -1.0058e+02 -5.2669e+02
# New trial
-1.3343e+02 -1.3034e+02 -1.4267e+02 -8.3304e+02
-1.3331e+02 -1.2885e+02 -1.0271e+02 -2.0804e+02
-1.3317e+02 -1.2730e+02 -8.7037e+01 -2.4734e+02
-1.3342e+02 -1.2969e+02 -9.8189e+01 -2.0117e+02
# New trial
-1.3344e+02 -1.3009e+02 -1.1781e+02 -3.7408e+02
-1.3335e+02 -1.2911e+02 -1.0155e+02 -1.8418e+02
-1.3324e+02 -1.2794e+02 -8.5379e+01 -1.4576e+02
-1.3353e+02 -1.3079e+02 -1.0636e+02 -1.8781e+02
# New trial
-1.3323e+02 -1.2809e+02 -1.0773e+02 -3.4004e+02
-1.3319e+02 -1.2758e+02 -9.2614e+01 -2.1975e+02
-1.3305e+02 -1.2608e+02 -7.4897e+01 -1.9867e+02
-1.3333e+02 -1.2878e+02 -9.1830e+01 -1.7286e+02
# New trial
-1.3313e+02 -1.2724e+02 -1.3206e+02 -8.0815e+02
-1.3310e+02 -1.2676e+02 -9.4265e+01 -3.0848e+02
-1.3309e+02 -1.2647e+02 -8.7016e+01 -3.7310e+02
-1.3355e+02 -1.3097e+02 -1.1046e+02 -3.7726e+02
# New trial
-1.3296e+02 -1.2610e+02 -1.1479e+02 -5.0533e+02
-1.3283e+02 -1.2463e+02 -9.3310e+01 -3.3753e+02
-1.3278e+02 -1.2372e+02 -8.2081e+01 -3.8125e+02
-1.3344e+02 -1.2995e+02 -1.0573e+02 -3.1832e+02
# New trial
-1.3312e+02 -1.2710e+02 -1.0154e+02 -3.5837e+02
-1.3303e+02 -1.2606e+02 -8.3462e+01 -2.6767e+02
-1.3290e+02 -1.2458e+02 -6.8395e+01 -2.1417e+02
-1.3326e+02 -1.2807e+02 -8.5541e+01 -1.2431e+02
# New trial
-1.3345e+02 -1.3022e+02 -1.1786e+02 -3.4853e+02
-1.3329e+02 -1.2863e+02 -1.0413e+02 -3.2096e+02
-1.3290e+02 -1.2464e+02 -7.5344e+01 -2.0132e+02
-1.3308e+02 -1.2635e+02 -7.9738e+01 -1.7543e+02
# New trial
-1.3323e+02 -1.2841e+02 -1.3893e+02 -8.1219e+02
-1.3311e+02 -1.2705e+02 -1.0928e+02 -4.2422e+02
-1.3303e+02 -1.2608e+02 -9.6152e+01 -4.8875e+02
-1.3350e+02 -1.3055e+02 -1.1784e+02 -6.0861e+02
# New trial
-1.3329e+02 -1.2919e+02 -1.5903e+02 -1.0230e+03
-1.3324e+02 -1.2824e+02 -1.0531e+02 -3.4082e+02
-1.3315e+02 -1.2703e+02 -8.2774e+01 -2.3180e+02
-1.3355e+02 -1.3096e+02 -1.0807e+02 -1.2880e+02
# New trial
-1.3355e+02 -1.3132e+02 -1.3875e+02 -5.5816e+02
-1.3337e+02 -1.2927e+02 -9.8864e+01 -2.3732e+02
-1.3311e+02 -1.2667e+02 -7.8550e+01 -2.5230e+02
-1.3313e+02 -1.2683e+02 -8.1186e+01 -1.5084e+02
# New trial
-1.3312e+02 -1.2793e+02 -1.3943e+02 -6.6824e+02
-1.3283e+02 -1.2454e+02 -9.6089e+01 -4.2585e+02
-1.3261e+02 -1.2202e+02 -7.2722e+01 -3.0582e+02
-1.3330e+02 -1.2859e+02 -9.5997e+01 -4.0664e+02
# New trial
-1.3313e+02 -1.2804e+02 -1.6503e+02 -1.0892e+03
-1.3289e+02 -1.2513e+02 -1.0862e+02 -5.4874e+02
-1.3260e+02 -1.2190e+02 -8.6370e+01 -4.8617e+02
-1.3314e+02 -1.2703e+02 -1.1025e+02 -6.3456e+02
# New trial
-1.3314e+02 -1.2773e+02 -1.2090e+02 -5.4448e+02
-1.3309e+02 -1.2679e+02 -9.6502e+01 -3.5950e+02
-1.3297e+02 -1.2534e+02 -7.6387e+01 -2.6631e+02
-1.3332e+02 -1.2864e+02 -9.3584e+01 -3.7869e+02
# New trial
-1.3337e+02 -1.2937e+02 -1.1738e+02 -4.9607e+02
-1.3326e+02 -1.2814e+02 -9.3155e+01 -2.8164e+02
-1.3301e+02 -1.2563e+02 -6.9668e+01 -1.3857e+02
-1.3309e+02 -1.2645e+02 -7.6977e+01 -1.2767e+02
# New trial
-1.3334e+02 -1.2897e+02 -1.0366e+02 -3.1369e+02
-1.3322e+02 -1.2782e+02 -9.0195e+01 -2.2655e+02
-1.3313e+02 -1.2688e+02 -7.7700e+01 -2.0296e+02
-1.3343e+02 -1.2975e+02 -9.7162e+01 -1.7824e+02
# New trial
-1.3325e+02 -1.2883e+02 -1.5082e+02 -9.1680e+02
-1.3312e+02 -1.2713e+02 -1.0008e+02 -3.1127e+02
-1.3285e+02 -1.2427e+02 -7.8010e+01 -2.9257e+02
-1.3324e+02 -1.2791e+02 -1.0190e+02 -5.0116e+02
# New trial
-1.3326e+02 -1.2858e+02 -1.3221e+02 -6.7620e+02
-1.3317e+02 -1.2747e+02 -9.7134e+01 -3.2721e+02
-1.3306e+02 -1.2622e+02 -8.1436e+01 -2.9193e+02
-1.3345e+02 -1.2998e+02 -1.0276e+02 -3.6387e+02
# New trial
-1.3340e+02 -1.2978e+02 -1.2965e+02 -6.7686e+02
-1.3328e+02 -1.2852e+02 -1.0489e+02 -3.0441e+02
-1.3316e+02 -1.2721e+02 -8.8562e+01 -3.3497e+02
-1.3348e+02 -1.3026e+02 -1.0666e+02 -4.7639e+02
# New trial
-1.3321e+02 -1.2782e+02 -1.0039e+02 -2.9942e+02
-1.3316e+02 -1.2725e+02 -9.0666e+01 -2.4366e+02
-1.3303e+02 -1.2588e+02 -7.6371e+01 -2.2889e+02
-1.3335e+02 -1.2900e+02 -9.4869e+01 -2.3486e+02
# New trial
-1.3318e+02 -1.2785e+02 -1.0954e+02 -3.6430e+02
-1.3319e+02 -1.2763e+02 -9.2978e+01 -1.8893e+02
-1.3315e+02 -1.2706e+02 -8.6374e+01 -2.5410e+02
-1.3344e+02 -1.2991e+02 -1.0518e+02 -3.1140e+02
# New trial
-1.3341e+02 -1.2978e+02 -1.2088e+02 -6.4851e+02
-1.3340e+02 -1.2962e+02 -1.0576e+02 -2.2240e+02
-1.3333e+02 -1.2881e+02 -9.2961e+01 -2.2793e+02
-1.3351e+02 -1.3055e+02 -1.0493e+02 -2.5530e+02
# New trial
-1.3336e+02 -1.2991e+02 -1.5100e+02 -7.9495e+02
-1.3315e+02 -1.2721e+02 -9.5792e+01 -3.6202e+02
-1.3295e+02 -1.2509e+02 -8.0732e+01 -3.2121e+02
-1.3322e+02 -1.2768e+02 -9.9470e+01 -4.1840e+02
# New trial
-1.3328e+02 -1.2844e+02 -1.0885e+02 -4.3435e+02
-1.3334e+02 -1.2896e+02 -9.9704e+01 -2.4363e+02
-1.3342e+02 -1.2975e+02 -9.9562e+01 -2.1049e+02
-1.3368e+02 -1.3231e+02 -1.1964e+02 -1.5642e+02
# New trial
-1.3327e+02 -1.2898e+02 -1.4462e+02 -8.1855e+02
-1.3310e+02 -1.2698e+02 -1.0454e+02 -4.5834e+02
-1.3281e+02 -1.2393e+02 -8.2419e+01 -3.9506e+02
-1.3318e+02 -1.2733e+02 -1.0161e+02 -5.6504e+02
# New trial
-1.3325e+02 -1.2828e+02 -1.1496e+02 -4.6148e+02
-1.3315e+02 -1.2717e+02 -9.8038e+01 -3.5739e+02
-1.3291e+02 -1.2468e+02 -7.6818e+01 -3.2224e+02
-1.3312e+02 -1.2677e+02 -9.7116e+01 -4.2111e+02
# New trial
-1.3324e+02 -1.2825e+02 -1.0939e+02 -4.1292e+02
-1.3328e+02 -1.2842e+02 -9.5717e+01 -2.2209e+02
-1.3341e+02 -1.2964e+02 -9.7420e+01 -1.5084e+02
-1.3366e+02 -1.3211e+02 -1.1766e+02 -1.2351e+02
# New trial
