# 0.1sig - Array shape (trial/sig/alpha): (30, 4, 4)
-1.6102e+02 -1.5651e+02 -1.2663e+02 -1.7612e+02
-1.6091e+02 -1.5553e+02 -1.2040e+02 -8.9085e+01
-1.6068e+02 -1.5331e+02 -1.1119e+02 -1.5945e+02
-1.6106e+02 -1.5696e+02 -1.2557e+02 -1.9035e+02
# New trial
-1.6124e+02 -1.5864e+02 -1.3731e+02 -1.2492e+02
-1.6113e+02 -1.5764e+02 -1.2916e+02 -8.9326e+01
-1.6085e+02 -1.5481e+02 -1.0894e+02 -9.2144e+01
-1.6085e+02 -1.5478e+02 -1.1033e+02 -1.6484e+02
# New trial
-1.6119e+02 -1.5823e+02 -1.3590e+02 -1.8684e+02
-1.6103e+02 -1.5656e+02 -1.1939e+02 -8.9710e+01
-1.6068e+02 -1.5312e+02 -1.0080e+02 -9.3352e+01
-1.6060e+02 -1.5238e+02 -1.1495e+02 -3.1716e+02
# New trial
-1.6116e+02 -1.5793e+02 -1.3536e+02 -2.4170e+02
-1.6106e+02 -1.5687e+02 -1.2046e+02 -8.9284e+01
-1.6077e+02 -1.5395e+02 -1.0435e+02 -1.2726e+02
-1.6073e+02 -1.5357e+02 -1.1225e+02 -2.6768e+02
# New trial
-1.6130e+02 -1.5924e+02 -1.4437e+02 -2.4258e+02
-1.6119e+02 -1.5815e+02 -1.3175e+02 -8.9754e+01
-1.6096e+02 -1.5586e+02 -1.1446e+02 -9.1333e+01
-1.6103e+02 -1.5654e+02 -1.1904e+02 -1.4841e+02
# New trial
-1.6129e+02 -1.5913e+02 -1.3977e+02 -1.1597e+02
-1.6119e+02 -1.5814e+02 -1.3098e+02 -9.7538e+01
-1.6101e+02 -1.5639e+02 -1.2014e+02 -1.4504e+02
-1.6117e+02 -1.5794e+02 -1.3277e+02 -3.0076e+02
# New trial
-1.6123e+02 -1.5861e+02 -1.3523e+02 -1.0029e+02
-1.6115e+02 -1.5775e+02 -1.2818e+02 -9.3045e+01
-1.6092e+02 -1.5551e+02 -1.1165e+02 -9.8941e+01
-1.6095e+02 -1.5579e+02 -1.1409e+02 -1.3587e+02
# New trial
-1.6114e+02 -1.5773e+02 -1.3073e+02 -9.6726e+01
-1.6107e+02 -1.5703e+02 -1.2692e+02 -9.6443e+01
-1.6094e+02 -1.5575e+02 -1.2693e+02 -2.5333e+02
-1.6116e+02 -1.5794e+02 -1.4275e+02 -4.8921e+02
# New trial
-1.6108e+02 -1.5716e+02 -1.2881e+02 -1.0003e+02
-1.6092e+02 -1.5563e+02 -1.1856e+02 -8.8760e+01
-1.6064e+02 -1.5284e+02 -1.0366e+02 -1.1141e+02
-1.6099e+02 -1.5622e+02 -1.1793e+02 -1.0878e+02
# New trial
-1.6121e+02 -1.5836e+02 -1.3299e+02 -8.9905e+01
-1.6110e+02 -1.5723e+02 -1.2409e+02 -8.8643e+01
-1.6080e+02 -1.5431e+02 -1.0545e+02 -9.1281e+01
-1.6082e+02 -1.5450e+02 -1.0764e+02 -1.4100e+02
# New trial
-1.6125e+02 -1.5880e+02 -1.3660e+02 -9.5862e+01
-1.6112e+02 -1.5749e+02 -1.2540e+02 -8.7787e+01
-1.6077e+02 -1.5397e+02 -1.0300e+02 -8.7700e+01
-1.6070e+02 -1.5327e+02 -1.0050e+02 -8.7687e+01
# New trial
-1.6115e+02 -1.5776e+02 -1.3169e+02 -1.0014e+02
-1.6105e+02 -1.5681e+02 -1.2495e+02 -8.9147e+01
-1.6081e+02 -1.5446e+02 -1.1101e+02 -1.3572e+02
-1.6108e+02 -1.5704e+02 -1.2437e+02 -2.2098e+02
# New trial
-1.6121e+02 -1.5832e+02 -1.3350e+02 -1.0823e+02
-1.6112e+02 -1.5745e+02 -1.2554e+02 -1.0202e+02
-1.6089e+02 -1.5523e+02 -1.1225e+02 -1.7918e+02
-1.6109e+02 -1.5717e+02 -1.2277e+02 -1.3072e+02
# New trial
-1.6130e+02 -1.5930e+02 -1.4195e+02 -1.1103e+02
-1.6120e+02 -1.5827e+02 -1.3087e+02 -9.1361e+01
-1.6098e+02 -1.5604e+02 -1.1341e+02 -9.5394e+01
-1.6083e+02 -1.5459e+02 -1.0966e+02 -1.4116e+02
# New trial
-1.6113e+02 -1.5777e+02 -1.4233e+02 -2.8429e+02
-1.6093e+02 -1.5574e+02 -1.2083e+02 -9.1110e+01
-1.6054e+02 -1.5188e+02 -1.0395e+02 -1.1496e+02
-1.6084e+02 -1.5479e+02 -1.1687e+02 -2.3587e+02
# New trial
-1.6115e+02 -1.5794e+02 -1.4704e+02 -2.9392e+02
-1.6097e+02 -1.5607e+02 -1.2186e+02 -8.8494e+01
-1.6052e+02 -1.5167e+02 -1.0578e+02 -1.5317e+02
-1.6068e+02 -1.5309e+02 -1.0436e+02 -1.3395e+02
# New trial
-1.6122e+02 -1.5850e+02 -1.3440e+02 -1.0057e+02
-1.6109e+02 -1.5717e+02 -1.2335e+02 -9.1322e+01
-1.6075e+02 -1.5383e+02 -1.0285e+02 -8.8054e+01
-1.6075e+02 -1.5379e+02 -1.0573e+02 -1.3187e+02
# New trial
-1.6131e+02 -1.5935e+02 -1.4174e+02 -1.1171e+02
-1.6119e+02 -1.5818e+02 -1.3098e+02 -8.9551e+01
-1.6090e+02 -1.5525e+02 -1.0861e+02 -9.4070e+01
-1.6074e+02 -1.5371e+02 -1.0618e+02 -1.6277e+02
# New trial
-1.6127e+02 -1.5894e+02 -1.3770e+02 -1.1608e+02
-1.6118e+02 -1.5811e+02 -1.3090e+02 -8.8937e+01
-1.6099e+02 -1.5615e+02 -1.1602e+02 -9.4340e+01
-1.6105e+02 -1.5676e+02 -1.1904e+02 -1.1545e+02
# New trial
-1.6128e+02 -1.5910e+02 -1.5035e+02 -3.2674e+02
-1.6114e+02 -1.5768e+02 -1.3110e+02 -9.5229e+01
-1.6081e+02 -1.5448e+02 -1.1946e+02 -1.8012e+02
-1.6089e+02 -1.5521e+02 -1.3102e+02 -3.6405e+02
# New trial
-1.6121e+02 -1.5841e+02 -1.3896e+02 -1.6305e+02
-1.6110e+02 -1.5735e+02 -1.2944e+02 -9.6824e+01
-1.6088e+02 -1.5516e+02 -1.1784e+02 -1.3074e+02
-1.6104e+02 -1.5672e+02 -1.2263e+02 -1.6464e+02
# New trial
-1.6121e+02 -1.5833e+02 -1.3414e+02 -1.5902e+02
-1.6112e+02 -1.5746e+02 -1.2650e+02 -8.8079e+01
-1.6089e+02 -1.5525e+02 -1.1189e+02 -1.0044e+02
-1.6103e+02 -1.5658e+02 -1.2407e+02 -2.8842e+02
# New trial
-1.6122e+02 -1.5849e+02 -1.3418e+02 -9.4206e+01
-1.6112e+02 -1.5752e+02 -1.2670e+02 -9.0038e+01
-1.6088e+02 -1.5510e+02 -1.1054e+02 -1.0226e+02
-1.6093e+02 -1.5562e+02 -1.1457e+02 -1.7055e+02
# New trial
-1.6125e+02 -1.5878e+02 -1.3785e+02 -1.2626e+02
-1.6116e+02 -1.5788e+02 -1.2962e+02 -9.6651e+01
-1.6098e+02 -1.5607e+02 -1.1611e+02 -1.5461e+02
-1.6109e+02 -1.5720e+02 -1.2447e+02 -2.0830e+02
# New trial
-1.6128e+02 -1.5909e+02 -1.4061e+02 -2.2137e+02
-1.6125e+02 -1.5871e+02 -1.3648e+02 -9.9290e+01
-1.6113e+02 -1.5753e+02 -1.2727e+02 -1.4699e+02
-1.6122e+02 -1.5843e+02 -1.3828e+02 -3.7342e+02
# New trial
-1.6121e+02 -1.5847e+02 -1.4390e+02 -2.3526e+02
-1.6106e+02 -1.5687e+02 -1.2081e+02 -8.9444e+01
-1.6078e+02 -1.5415e+02 -1.1040e+02 -1.4128e+02
-1.6075e+02 -1.5391e+02 -1.2496e+02 -3.7778e+02
# New trial
-1.6126e+02 -1.5890e+02 -1.3736e+02 -1.0893e+02
-1.6123e+02 -1.5855e+02 -1.3464e+02 -1.1208e+02
-1.6114e+02 -1.5763e+02 -1.2810e+02 -1.6783e+02
-1.6129e+02 -1.5920e+02 -1.3982e+02 -1.4408e+02
# New trial
-1.6119e+02 -1.5819e+02 -1.3524e+02 -1.3439e+02
-1.6104e+02 -1.5670e+02 -1.2043e+02 -8.8704e+01
-1.6063e+02 -1.5270e+02 -1.0379e+02 -1.1457e+02
-1.6068e+02 -1.5317e+02 -1.1641e+02 -2.7863e+02
# New trial
-1.6125e+02 -1.5877e+02 -1.3724e+02 -1.0581e+02
-1.6114e+02 -1.5765e+02 -1.2684e+02 -8.8642e+01
-1.6081e+02 -1.5442e+02 -1.0404e+02 -8.7805e+01
-1.6073e+02 -1.5353e+02 -1.0167e+02 -1.0591e+02
# New trial
-1.6129e+02 -1.5914e+02 -1.3907e+02 -1.0612e+02
-1.6124e+02 -1.5865e+02 -1.3544e+02 -1.1140e+02
-1.6117e+02 -1.5795e+02 -1.3093e+02 -1.6819e+02
-1.6128e+02 -1.5908e+02 -1.3901e+02 -1.6030e+02
# New trial
