# 0.01sig - Array shape (trial/sig/alpha): (30, 4, 4)
-1.7070e+02 -1.7015e+02 -1.6568e+02 -1.5902e+02
-1.7068e+02 -1.6997e+02 -1.6454e+02 -1.5790e+02
-1.7064e+02 -1.6963e+02 -1.6313e+02 -1.6358e+02
-1.7070e+02 -1.7020e+02 -1.6714e+02 -2.1085e+02
# New trial
-1.7069e+02 -1.7006e+02 -1.6498e+02 -1.5895e+02
-1.7067e+02 -1.6986e+02 -1.6402e+02 -1.5761e+02
-1.7063e+02 -1.6946e+02 -1.6250e+02 -1.6664e+02
-1.7068e+02 -1.6994e+02 -1.6497e+02 -1.8793e+02
# New trial
-1.7070e+02 -1.7016e+02 -1.6541e+02 -1.5744e+02
-1.7067e+02 -1.6991e+02 -1.6387e+02 -1.5781e+02
-1.7060e+02 -1.6924e+02 -1.6117e+02 -1.6187e+02
-1.7061e+02 -1.6929e+02 -1.6055e+02 -1.7372e+02
# New trial
-1.7068e+02 -1.6996e+02 -1.6401e+02 -1.5706e+02
-1.7065e+02 -1.6970e+02 -1.6285e+02 -1.5863e+02
-1.7059e+02 -1.6911e+02 -1.6016e+02 -1.6089e+02
-1.7064e+02 -1.6963e+02 -1.6118e+02 -1.5693e+02
# New trial
-1.7071e+02 -1.7025e+02 -1.6609e+02 -1.5807e+02
-1.7069e+02 -1.7005e+02 -1.6474e+02 -1.5891e+02
-1.7063e+02 -1.6950e+02 -1.6189e+02 -1.6434e+02
-1.7061e+02 -1.6926e+02 -1.6004e+02 -1.6990e+02
# New trial
-1.7071e+02 -1.7031e+02 -1.6657e+02 -1.5899e+02
-1.7069e+02 -1.7006e+02 -1.6488e+02 -1.5927e+02
-1.7063e+02 -1.6945e+02 -1.6249e+02 -1.6937e+02
-1.7063e+02 -1.6945e+02 -1.6176e+02 -1.7939e+02
# New trial
-1.7071e+02 -1.7025e+02 -1.6603e+02 -1.6031e+02
-1.7069e+02 -1.7007e+02 -1.6482e+02 -1.5925e+02
-1.7066e+02 -1.6976e+02 -1.6298e+02 -1.6483e+02
-1.7069e+02 -1.7012e+02 -1.6541e+02 -1.8655e+02
# New trial
-1.7070e+02 -1.7020e+02 -1.6572e+02 -1.5881e+02
-1.7069e+02 -1.7008e+02 -1.6494e+02 -1.6119e+02
-1.7066e+02 -1.6974e+02 -1.6388e+02 -1.8136e+02
-1.7066e+02 -1.6975e+02 -1.6451e+02 -2.0038e+02
# New trial
-1.7070e+02 -1.7015e+02 -1.6519e+02 -1.5754e+02
-1.7067e+02 -1.6989e+02 -1.6330e+02 -1.5736e+02
-1.7059e+02 -1.6913e+02 -1.6030e+02 -1.5757e+02
-1.7061e+02 -1.6924e+02 -1.6063e+02 -1.7788e+02
# New trial
-1.7069e+02 -1.7010e+02 -1.6518e+02 -1.5826e+02
-1.7067e+02 -1.6990e+02 -1.6414e+02 -1.5758e+02
-1.7063e+02 -1.6951e+02 -1.6174e+02 -1.5869e+02
-1.7067e+02 -1.6992e+02 -1.6353e+02 -1.6782e+02
# New trial
-1.7067e+02 -1.6991e+02 -1.6393e+02 -1.5731e+02
-1.7065e+02 -1.6968e+02 -1.6319e+02 -1.5752e+02
-1.7059e+02 -1.6912e+02 -1.6104e+02 -1.6071e+02
-1.7066e+02 -1.6982e+02 -1.6322e+02 -1.7733e+02
# New trial
-1.7072e+02 -1.7037e+02 -1.6699e+02 -1.5694e+02
-1.7071e+02 -1.7030e+02 -1.6636e+02 -1.5694e+02
-1.7069e+02 -1.7004e+02 -1.6414e+02 -1.5692e+02
-1.7067e+02 -1.6990e+02 -1.6267e+02 -1.5691e+02
# New trial
-1.7071e+02 -1.7031e+02 -1.6639e+02 -1.5698e+02
-1.7069e+02 -1.7008e+02 -1.6446e+02 -1.5712e+02
-1.7064e+02 -1.6957e+02 -1.6122e+02 -1.6623e+02
-1.7064e+02 -1.6961e+02 -1.6164e+02 -1.7018e+02
# New trial
-1.7072e+02 -1.7041e+02 -1.6742e+02 -1.5907e+02
-1.7071e+02 -1.7028e+02 -1.6629e+02 -1.5892e+02
-1.7068e+02 -1.6993e+02 -1.6360e+02 -1.5863e+02
-1.7068e+02 -1.6993e+02 -1.6416e+02 -1.8401e+02
# New trial
-1.7072e+02 -1.7036e+02 -1.6685e+02 -1.5707e+02
-1.7071e+02 -1.7024e+02 -1.6573e+02 -1.5702e+02
-1.7066e+02 -1.6981e+02 -1.6220e+02 -1.5697e+02
-1.7065e+02 -1.6969e+02 -1.6128e+02 -1.5696e+02
# New trial
-1.7068e+02 -1.7002e+02 -1.6470e+02 -1.5939e+02
-1.7066e+02 -1.6978e+02 -1.6362e+02 -1.5775e+02
-1.7061e+02 -1.6932e+02 -1.6189e+02 -1.6458e+02
-1.7068e+02 -1.6995e+02 -1.6487e+02 -1.9349e+02
# New trial
-1.7070e+02 -1.7015e+02 -1.6567e+02 -1.5865e+02
-1.7068e+02 -1.6997e+02 -1.6497e+02 -1.5797e+02
-1.7064e+02 -1.6960e+02 -1.6331e+02 -1.5829e+02
-1.7066e+02 -1.6981e+02 -1.6424e+02 -1.8166e+02
# New trial
-1.7069e+02 -1.7007e+02 -1.6533e+02 -1.5821e+02
-1.7067e+02 -1.6985e+02 -1.6441e+02 -1.5947e+02
-1.7063e+02 -1.6946e+02 -1.6234e+02 -1.6164e+02
-1.7067e+02 -1.6986e+02 -1.6446e+02 -1.9995e+02
# New trial
-1.7068e+02 -1.6994e+02 -1.6443e+02 -1.5763e+02
-1.7067e+02 -1.6990e+02 -1.6533e+02 -1.7759e+02
-1.7070e+02 -1.7016e+02 -1.6949e+02 -2.5961e+02
-1.7074e+02 -1.7062e+02 -1.7136e+02 -2.7706e+02
# New trial
-1.7070e+02 -1.7016e+02 -1.6546e+02 -1.5708e+02
-1.7069e+02 -1.7003e+02 -1.6473e+02 -1.5721e+02
-1.7066e+02 -1.6981e+02 -1.6396e+02 -1.7615e+02
-1.7070e+02 -1.7017e+02 -1.6636e+02 -2.0433e+02
# New trial
-1.7065e+02 -1.6975e+02 -1.6372e+02 -1.5696e+02
-1.7063e+02 -1.6949e+02 -1.6303e+02 -1.5717e+02
-1.7059e+02 -1.6909e+02 -1.6004e+02 -1.5691e+02
-1.7067e+02 -1.6986e+02 -1.6319e+02 -1.7162e+02
# New trial
-1.7071e+02 -1.7024e+02 -1.6591e+02 -1.5708e+02
-1.7069e+02 -1.7003e+02 -1.6444e+02 -1.5711e+02
-1.7063e+02 -1.6951e+02 -1.6170e+02 -1.5844e+02
-1.7067e+02 -1.6988e+02 -1.6372e+02 -1.7984e+02
# New trial
-1.7073e+02 -1.7047e+02 -1.6791e+02 -1.5877e+02
-1.7072e+02 -1.7032e+02 -1.6650e+02 -1.5819e+02
-1.7068e+02 -1.6997e+02 -1.6365e+02 -1.6323e+02
-1.7068e+02 -1.6993e+02 -1.6454e+02 -1.9462e+02
# New trial
-1.7064e+02 -1.6956e+02 -1.6262e+02 -1.5695e+02
-1.7060e+02 -1.6925e+02 -1.6202e+02 -1.5696e+02
-1.7058e+02 -1.6900e+02 -1.6076e+02 -1.6072e+02
-1.7068e+02 -1.7002e+02 -1.6510e+02 -1.9821e+02
# New trial
-1.7072e+02 -1.7033e+02 -1.6681e+02 -1.6314e+02
-1.7069e+02 -1.7011e+02 -1.6549e+02 -1.6941e+02
-1.7064e+02 -1.6963e+02 -1.6410e+02 -1.9033e+02
-1.7068e+02 -1.6998e+02 -1.6425e+02 -1.7557e+02
# New trial
-1.7072e+02 -1.7040e+02 -1.6733e+02 -1.6287e+02
-1.7071e+02 -1.7027e+02 -1.6629e+02 -1.6509e+02
-1.7068e+02 -1.6999e+02 -1.6466e+02 -1.8070e+02
-1.7072e+02 -1.7032e+02 -1.6717e+02 -2.0516e+02
# New trial
-1.7071e+02 -1.7031e+02 -1.6644e+02 -1.5707e+02
-1.7069e+02 -1.7007e+02 -1.6439e+02 -1.5692e+02
-1.7063e+02 -1.6948e+02 -1.6017e+02 -1.5691e+02
-1.7064e+02 -1.6954e+02 -1.6073e+02 -1.6069e+02
# New trial
-1.7071e+02 -1.7030e+02 -1.6644e+02 -1.5916e+02
-1.7069e+02 -1.7009e+02 -1.6476e+02 -1.6090e+02
-1.7064e+02 -1.6959e+02 -1.6220e+02 -1.7507e+02
-1.7064e+02 -1.6958e+02 -1.6228e+02 -1.8179e+02
# New trial
-1.7073e+02 -1.7044e+02 -1.6772e+02 -1.5848e+02
-1.7072e+02 -1.7037e+02 -1.6712e+02 -1.5881e+02
-1.7070e+02 -1.7015e+02 -1.6530e+02 -1.6558e+02
-1.7070e+02 -1.7021e+02 -1.6573e+02 -1.7275e+02
# New trial
-1.7069e+02 -1.7012e+02 -1.6506e+02 -1.5702e+02
-1.7068e+02 -1.6993e+02 -1.6372e+02 -1.5694e+02
-1.7062e+02 -1.6936e+02 -1.6030e+02 -1.5706e+02
-1.7064e+02 -1.6955e+02 -1.6079e+02 -1.5850e+02
# New trial
