# 0.01sig - Array shape (trial/sig/alpha): (30, 4, 4)
-1.3308e+02 -1.2672e+02 -1.0561e+02 -4.4760e+02
-1.3307e+02 -1.2653e+02 -1.0007e+02 -4.2068e+02
-1.3312e+02 -1.2695e+02 -1.0033e+02 -4.9120e+02
-1.3361e+02 -1.3162e+02 -1.2684e+02 -5.8727e+02
# New trial
-1.3287e+02 -1.2509e+02 -1.1056e+02 -5.3404e+02
-1.3285e+02 -1.2449e+02 -8.8715e+01 -2.8036e+02
-1.3302e+02 -1.2599e+02 -8.5129e+01 -2.2449e+02
-1.3361e+02 -1.3161e+02 -1.1607e+02 -2.7488e+02
# New trial
-1.3297e+02 -1.2611e+02 -1.1186e+02 -5.0858e+02
-1.3287e+02 -1.2477e+02 -8.7641e+01 -3.4738e+02
-1.3276e+02 -1.2331e+02 -7.1837e+01 -2.0185e+02
-1.3342e+02 -1.2970e+02 -9.9661e+01 -2.2030e+02
# New trial
-1.3278e+02 -1.2434e+02 -1.1186e+02 -5.7546e+02
-1.3272e+02 -1.2369e+02 -1.0194e+02 -4.9949e+02
-1.3300e+02 -1.2598e+02 -9.8014e+01 -4.5335e+02
-1.3365e+02 -1.3202e+02 -1.2244e+02 -4.6832e+02
# New trial
-1.3328e+02 -1.2853e+02 -1.0810e+02 -4.1483e+02
-1.3311e+02 -1.2681e+02 -9.0192e+01 -3.3251e+02
-1.3297e+02 -1.2533e+02 -8.2242e+01 -3.4362e+02
-1.3335e+02 -1.2901e+02 -9.7807e+01 -2.9196e+02
# New trial
-1.3306e+02 -1.2693e+02 -1.1444e+02 -4.8430e+02
-1.3301e+02 -1.2607e+02 -9.3742e+01 -2.9041e+02
-1.3297e+02 -1.2543e+02 -9.2150e+01 -4.0732e+02
-1.3352e+02 -1.3073e+02 -1.1918e+02 -6.1548e+02
# New trial
-1.3299e+02 -1.2603e+02 -1.0749e+02 -4.1106e+02
-1.3297e+02 -1.2572e+02 -9.8030e+01 -3.1939e+02
-1.3322e+02 -1.2796e+02 -1.0309e+02 -4.3939e+02
-1.3369e+02 -1.3240e+02 -1.2450e+02 -3.9265e+02
# New trial
-1.3292e+02 -1.2548e+02 -9.9490e+01 -3.6212e+02
-1.3297e+02 -1.2561e+02 -9.0768e+01 -2.8772e+02
-1.3299e+02 -1.2561e+02 -9.1675e+01 -4.1510e+02
-1.3349e+02 -1.3041e+02 -1.1359e+02 -4.0832e+02
# New trial
-1.3295e+02 -1.2589e+02 -1.1316e+02 -5.8064e+02
-1.3287e+02 -1.2472e+02 -9.7305e+01 -4.8527e+02
-1.3270e+02 -1.2294e+02 -9.9703e+01 -6.1974e+02
-1.3341e+02 -1.2966e+02 -1.0648e+02 -3.6895e+02
# New trial
-1.3312e+02 -1.2739e+02 -1.2266e+02 -5.8153e+02
-1.3313e+02 -1.2720e+02 -1.0743e+02 -4.4244e+02
-1.3329e+02 -1.2861e+02 -1.1394e+02 -6.1840e+02
-1.3374e+02 -1.3293e+02 -1.2783e+02 -3.5541e+02
# New trial
-1.3279e+02 -1.2421e+02 -9.6721e+01 -3.2074e+02
-1.3285e+02 -1.2474e+02 -9.8415e+01 -3.5851e+02
-1.3315e+02 -1.2754e+02 -1.2353e+02 -6.7780e+02
-1.3373e+02 -1.3284e+02 -1.2943e+02 -4.2047e+02
# New trial
-1.3333e+02 -1.2883e+02 -9.4088e+01 -1.2290e+02
-1.3338e+02 -1.2934e+02 -9.6631e+01 -1.3564e+02
-1.3344e+02 -1.2993e+02 -9.9896e+01 -1.7022e+02
-1.3368e+02 -1.3228e+02 -1.1912e+02 -1.1972e+02
# New trial
-1.3312e+02 -1.2706e+02 -1.0898e+02 -4.5761e+02
-1.3305e+02 -1.2629e+02 -9.2872e+01 -3.6217e+02
-1.3286e+02 -1.2425e+02 -8.9419e+01 -4.9403e+02
-1.3340e+02 -1.2947e+02 -1.0829e+02 -4.4446e+02
# New trial
-1.3334e+02 -1.2899e+02 -9.9326e+01 -2.0399e+02
-1.3327e+02 -1.2827e+02 -9.1809e+01 -1.5197e+02
-1.3320e+02 -1.2755e+02 -8.6019e+01 -2.1578e+02
-1.3345e+02 -1.3000e+02 -1.0037e+02 -1.9168e+02
# New trial
-1.3323e+02 -1.2798e+02 -1.0048e+02 -3.2210e+02
-1.3326e+02 -1.2820e+02 -9.2744e+01 -2.2477e+02
-1.3327e+02 -1.2825e+02 -9.2027e+01 -2.3509e+02
-1.3359e+02 -1.3135e+02 -1.1693e+02 -3.6731e+02
# New trial
-1.3287e+02 -1.2491e+02 -9.9335e+01 -3.7001e+02
-1.3283e+02 -1.2447e+02 -9.2256e+01 -2.9153e+02
-1.3300e+02 -1.2597e+02 -9.8467e+01 -4.3567e+02
-1.3362e+02 -1.3179e+02 -1.2085e+02 -4.3420e+02
# New trial
-1.3295e+02 -1.2548e+02 -9.0507e+01 -2.6220e+02
-1.3300e+02 -1.2592e+02 -9.1863e+01 -2.6388e+02
-1.3315e+02 -1.2723e+02 -1.0073e+02 -4.4786e+02
-1.3363e+02 -1.3182e+02 -1.2185e+02 -5.8768e+02
# New trial
-1.3311e+02 -1.2811e+02 -1.5032e+02 -8.4912e+02
-1.3305e+02 -1.2705e+02 -1.2593e+02 -6.4042e+02
-1.3311e+02 -1.2725e+02 -1.2636e+02 -7.6191e+02
-1.3366e+02 -1.3217e+02 -1.3273e+02 -6.0483e+02
# New trial
-1.3341e+02 -1.2970e+02 -1.1106e+02 -3.2795e+02
-1.3339e+02 -1.2943e+02 -1.0007e+02 -1.9461e+02
-1.3330e+02 -1.2847e+02 -8.8889e+01 -1.9716e+02
-1.3349e+02 -1.3035e+02 -1.0227e+02 -1.6928e+02
# New trial
-1.3316e+02 -1.2728e+02 -9.1781e+01 -2.9284e+02
-1.3318e+02 -1.2744e+02 -9.1268e+01 -2.3571e+02
-1.3326e+02 -1.2813e+02 -9.5197e+01 -3.8982e+02
-1.3364e+02 -1.3185e+02 -1.1757e+02 -3.9428e+02
# New trial
-1.3275e+02 -1.2371e+02 -8.7456e+01 -2.7393e+02
-1.3273e+02 -1.2373e+02 -9.0842e+01 -2.3473e+02
-1.3311e+02 -1.2722e+02 -1.1098e+02 -4.7523e+02
-1.3374e+02 -1.3296e+02 -1.3029e+02 -4.0707e+02
# New trial
-1.3303e+02 -1.2634e+02 -1.1553e+02 -5.7007e+02
-1.3304e+02 -1.2623e+02 -9.5128e+01 -3.3729e+02
-1.3312e+02 -1.2690e+02 -9.6039e+01 -4.0538e+02
-1.3363e+02 -1.3179e+02 -1.1674e+02 -2.7919e+02
# New trial
-1.3337e+02 -1.2940e+02 -1.1438e+02 -4.1706e+02
-1.3334e+02 -1.2902e+02 -9.9546e+01 -2.5301e+02
-1.3328e+02 -1.2836e+02 -9.0197e+01 -2.3088e+02
-1.3346e+02 -1.3007e+02 -1.0244e+02 -2.5109e+02
# New trial
-1.3253e+02 -1.2240e+02 -1.0785e+02 -5.2083e+02
-1.3262e+02 -1.2301e+02 -9.9523e+01 -4.0225e+02
-1.3316e+02 -1.2758e+02 -1.0653e+02 -4.3070e+02
-1.3377e+02 -1.3316e+02 -1.3141e+02 -5.2371e+02
# New trial
-1.3319e+02 -1.2758e+02 -9.8650e+01 -2.9440e+02
-1.3309e+02 -1.2661e+02 -8.9498e+01 -1.9749e+02
-1.3304e+02 -1.2612e+02 -8.7257e+01 -3.1978e+02
-1.3357e+02 -1.3122e+02 -1.1298e+02 -2.9616e+02
# New trial
-1.3314e+02 -1.2730e+02 -1.0972e+02 -4.5955e+02
-1.3319e+02 -1.2764e+02 -9.7175e+01 -2.5545e+02
-1.3328e+02 -1.2841e+02 -9.6273e+01 -2.7511e+02
-1.3362e+02 -1.3174e+02 -1.1700e+02 -3.1750e+02
# New trial
-1.3329e+02 -1.2872e+02 -1.1198e+02 -3.9824e+02
-1.3320e+02 -1.2778e+02 -1.0259e+02 -3.3808e+02
-1.3313e+02 -1.2694e+02 -9.0961e+01 -3.5016e+02
-1.3348e+02 -1.3027e+02 -1.0443e+02 -3.1523e+02
# New trial
-1.3323e+02 -1.2809e+02 -1.0668e+02 -3.5923e+02
-1.3310e+02 -1.2679e+02 -9.2174e+01 -2.3106e+02
-1.3294e+02 -1.2509e+02 -8.4704e+01 -3.3664e+02
-1.3341e+02 -1.2959e+02 -1.0164e+02 -4.1073e+02
# New trial
-1.3332e+02 -1.2914e+02 -1.2339e+02 -5.4183e+02
-1.3335e+02 -1.2907e+02 -1.0284e+02 -2.5921e+02
-1.3337e+02 -1.2924e+02 -9.5676e+01 -1.9788e+02
-1.3365e+02 -1.3193e+02 -1.1662e+02 -2.8020e+02
# New trial
-1.3317e+02 -1.2783e+02 -1.3146e+02 -7.5642e+02
-1.3316e+02 -1.2747e+02 -1.0815e+02 -4.9342e+02
-1.3322e+02 -1.2782e+02 -1.0745e+02 -5.7229e+02
-1.3364e+02 -1.3195e+02 -1.2282e+02 -4.3197e+02
# New trial
