# 0.01sig - Array shape (trial/sig/alpha): (30L, 4L, 4L)
-5.0655e+01 -4.9736e+01 -4.6944e+01 -6.6560e+01
-5.0690e+01 -5.0068e+01 -4.8441e+01 -7.3295e+01
-5.0756e+01 -5.0679e+01 -5.1616e+01 -9.7362e+01
-5.0767e+01 -5.0776e+01 -5.1049e+01 -8.3762e+01
# New trial
-5.0688e+01 -5.0076e+01 -5.1733e+01 -1.1826e+02
-5.0695e+01 -5.0146e+01 -5.1091e+01 -1.0366e+02
-5.0747e+01 -5.0607e+01 -5.1331e+01 -9.7371e+01
-5.0766e+01 -5.0766e+01 -5.1055e+01 -9.0920e+01
# New trial
-5.0653e+01 -4.9727e+01 -4.6515e+01 -5.2156e+01
-5.0719e+01 -5.0358e+01 -5.0665e+01 -8.8309e+01
-5.0763e+01 -5.0754e+01 -5.2342e+01 -1.1678e+02
-5.0767e+01 -5.0770e+01 -5.0874e+01 -6.6835e+01
# New trial
-5.0678e+01 -5.0062e+01 -5.3035e+01 -1.2414e+02
-5.0697e+01 -5.0231e+01 -5.3265e+01 -1.2162e+02
-5.0758e+01 -5.0723e+01 -5.3212e+01 -1.2584e+02
-5.0766e+01 -5.0772e+01 -5.1148e+01 -8.2337e+01
# New trial
-5.0703e+01 -5.0216e+01 -5.0850e+01 -9.7422e+01
-5.0712e+01 -5.0283e+01 -5.0024e+01 -9.2673e+01
-5.0755e+01 -5.0663e+01 -5.0642e+01 -7.9775e+01
-5.0766e+01 -5.0763e+01 -5.0805e+01 -6.6509e+01
# New trial
-5.0664e+01 -4.9877e+01 -5.1687e+01 -1.1263e+02
-5.0713e+01 -5.0302e+01 -5.0291e+01 -8.7251e+01
-5.0750e+01 -5.0625e+01 -5.0988e+01 -9.5980e+01
-5.0765e+01 -5.0757e+01 -5.0752e+01 -6.0670e+01
# New trial
-5.0704e+01 -5.0236e+01 -5.2779e+01 -1.1905e+02
-5.0714e+01 -5.0320e+01 -5.2025e+01 -1.0455e+02
-5.0751e+01 -5.0634e+01 -5.0769e+01 -8.5117e+01
-5.0766e+01 -5.0767e+01 -5.0983e+01 -8.5302e+01
# New trial
-5.0564e+01 -4.8950e+01 -4.3905e+01 -4.2800e+01
-5.0658e+01 -4.9778e+01 -4.7027e+01 -6.6307e+01
-5.0752e+01 -5.0642e+01 -5.0742e+01 -8.6930e+01
-5.0764e+01 -5.0746e+01 -5.0738e+01 -5.8569e+01
# New trial
-5.0732e+01 -5.0526e+01 -5.5753e+01 -1.5286e+02
-5.0747e+01 -5.0650e+01 -5.5296e+01 -1.4819e+02
-5.0757e+01 -5.0689e+01 -5.1265e+01 -8.9501e+01
-5.0764e+01 -5.0750e+01 -5.0828e+01 -7.6339e+01
# New trial
-5.0695e+01 -5.0134e+01 -5.0686e+01 -9.8442e+01
-5.0753e+01 -5.0662e+01 -5.2685e+01 -1.1547e+02
-5.0762e+01 -5.0734e+01 -5.1208e+01 -8.6211e+01
-5.0766e+01 -5.0759e+01 -5.0716e+01 -5.1319e+01
# New trial
-5.0706e+01 -5.0296e+01 -5.3520e+01 -1.2575e+02
-5.0714e+01 -5.0327e+01 -5.2206e+01 -1.1711e+02
-5.0749e+01 -5.0624e+01 -5.3000e+01 -1.3781e+02
-5.0767e+01 -5.0771e+01 -5.1084e+01 -8.0412e+01
# New trial
-5.0714e+01 -5.0261e+01 -4.8047e+01 -6.2074e+01
-5.0740e+01 -5.0508e+01 -4.9008e+01 -6.0274e+01
-5.0761e+01 -5.0714e+01 -5.0390e+01 -5.7982e+01
-5.0766e+01 -5.0766e+01 -5.0773e+01 -5.4454e+01
# New trial
-5.0694e+01 -5.0101e+01 -5.1566e+01 -1.1492e+02
-5.0734e+01 -5.0484e+01 -5.1345e+01 -9.5865e+01
-5.0761e+01 -5.0727e+01 -5.1466e+01 -9.6169e+01
-5.0766e+01 -5.0764e+01 -5.0788e+01 -6.3905e+01
# New trial
-5.0710e+01 -5.0231e+01 -4.8478e+01 -7.1640e+01
-5.0723e+01 -5.0359e+01 -4.8820e+01 -6.9874e+01
-5.0756e+01 -5.0674e+01 -5.0481e+01 -8.7380e+01
-5.0766e+01 -5.0759e+01 -5.0782e+01 -6.9395e+01
# New trial
-5.0697e+01 -5.0103e+01 -4.8609e+01 -9.4772e+01
-5.0731e+01 -5.0420e+01 -4.8660e+01 -6.9248e+01
-5.0758e+01 -5.0684e+01 -5.0206e+01 -6.2267e+01
-5.0765e+01 -5.0757e+01 -5.0701e+01 -5.1081e+01
# New trial
-5.0615e+01 -4.9391e+01 -4.4998e+01 -4.7051e+01
-5.0724e+01 -5.0425e+01 -5.1968e+01 -1.0512e+02
-5.0764e+01 -5.0755e+01 -5.1776e+01 -9.8068e+01
-5.0767e+01 -5.0771e+01 -5.0850e+01 -5.7424e+01
# New trial
-5.0700e+01 -5.0156e+01 -4.9785e+01 -8.9837e+01
-5.0721e+01 -5.0368e+01 -5.0698e+01 -9.6250e+01
-5.0753e+01 -5.0667e+01 -5.1869e+01 -1.0427e+02
-5.0764e+01 -5.0747e+01 -5.0843e+01 -6.8614e+01
# New trial
-5.0689e+01 -5.0243e+01 -5.6184e+01 -1.4740e+02
-5.0725e+01 -5.0489e+01 -5.4461e+01 -1.3952e+02
-5.0757e+01 -5.0703e+01 -5.2136e+01 -1.2013e+02
-5.0764e+01 -5.0752e+01 -5.0980e+01 -8.5462e+01
# New trial
-5.0709e+01 -5.0217e+01 -4.9095e+01 -8.4824e+01
-5.0745e+01 -5.0570e+01 -5.0196e+01 -7.1216e+01
-5.0764e+01 -5.0744e+01 -5.0740e+01 -6.5624e+01
-5.0766e+01 -5.0766e+01 -5.0768e+01 -5.3753e+01
# New trial
-5.0696e+01 -5.0112e+01 -5.0111e+01 -1.0453e+02
-5.0720e+01 -5.0333e+01 -4.9183e+01 -7.9596e+01
-5.0754e+01 -5.0647e+01 -5.0495e+01 -8.8597e+01
-5.0765e+01 -5.0758e+01 -5.0735e+01 -5.6561e+01
# New trial
-5.0695e+01 -5.0096e+01 -4.8540e+01 -8.7210e+01
-5.0744e+01 -5.0569e+01 -5.0635e+01 -7.5253e+01
-5.0762e+01 -5.0737e+01 -5.1206e+01 -7.4289e+01
-5.0766e+01 -5.0761e+01 -5.0859e+01 -7.7000e+01
# New trial
-5.0686e+01 -5.0059e+01 -5.2632e+01 -1.2346e+02
-5.0745e+01 -5.0595e+01 -5.2584e+01 -1.0792e+02
-5.0760e+01 -5.0727e+01 -5.2383e+01 -1.1276e+02
-5.0765e+01 -5.0758e+01 -5.0945e+01 -8.0007e+01
# New trial
-5.0717e+01 -5.0316e+01 -5.2150e+01 -1.1627e+02
-5.0745e+01 -5.0581e+01 -5.1472e+01 -9.2317e+01
-5.0762e+01 -5.0733e+01 -5.1070e+01 -8.0107e+01
-5.0766e+01 -5.0762e+01 -5.0786e+01 -5.7856e+01
# New trial
-5.0731e+01 -5.0511e+01 -5.5276e+01 -1.4407e+02
-5.0763e+01 -5.0789e+01 -5.4768e+01 -1.2326e+02
-5.0764e+01 -5.0752e+01 -5.1343e+01 -8.5731e+01
-5.0766e+01 -5.0765e+01 -5.0799e+01 -5.7685e+01
# New trial
-5.0739e+01 -5.0528e+01 -5.1676e+01 -1.1189e+02
-5.0772e+01 -5.0859e+01 -5.4314e+01 -1.1464e+02
-5.0768e+01 -5.0803e+01 -5.3055e+01 -1.2614e+02
-5.0767e+01 -5.0777e+01 -5.0950e+01 -6.4012e+01
# New trial
-5.0705e+01 -5.0234e+01 -5.3531e+01 -1.3744e+02
-5.0752e+01 -5.0663e+01 -5.3234e+01 -1.1514e+02
-5.0767e+01 -5.0787e+01 -5.2165e+01 -1.0741e+02
-5.0766e+01 -5.0765e+01 -5.0862e+01 -7.0434e+01
# New trial
-5.0719e+01 -5.0340e+01 -5.1280e+01 -1.0937e+02
-5.0729e+01 -5.0432e+01 -5.0718e+01 -8.8269e+01
-5.0757e+01 -5.0693e+01 -5.1631e+01 -1.0601e+02
-5.0766e+01 -5.0767e+01 -5.0855e+01 -6.6840e+01
# New trial
-5.0718e+01 -5.0317e+01 -4.9190e+01 -7.6488e+01
-5.0721e+01 -5.0351e+01 -4.9314e+01 -7.1723e+01
-5.0756e+01 -5.0681e+01 -5.0991e+01 -8.4153e+01
-5.0766e+01 -5.0762e+01 -5.0905e+01 -7.8700e+01
# New trial
-5.0675e+01 -4.9897e+01 -4.9213e+01 -1.0289e+02
-5.0723e+01 -5.0362e+01 -4.9654e+01 -8.1868e+01
-5.0759e+01 -5.0702e+01 -5.0631e+01 -7.2770e+01
-5.0766e+01 -5.0759e+01 -5.0739e+01 -5.3752e+01
# New trial
-5.0699e+01 -5.0233e+01 -5.7509e+01 -1.8174e+02
-5.0764e+01 -5.0802e+01 -5.5520e+01 -1.4056e+02
-5.0770e+01 -5.0814e+01 -5.2616e+01 -1.1224e+02
-5.0765e+01 -5.0758e+01 -5.0817e+01 -6.4983e+01
# New trial
