# 0.01sig - Array shape (trial/sig/alpha): (30, 4, 4)
-1.6522e+02 -1.5730e+02 -1.1501e+02 -3.2257e+02
-1.6517e+02 -1.5676e+02 -1.0956e+02 -3.2342e+02
-1.6519e+02 -1.5678e+02 -1.0912e+02 -4.8746e+02
-1.6581e+02 -1.6286e+02 -1.4212e+02 -5.2726e+02
# New trial
-1.6516e+02 -1.5689e+02 -1.2438e+02 -4.1509e+02
-1.6511e+02 -1.5630e+02 -1.1458e+02 -3.0236e+02
-1.6515e+02 -1.5654e+02 -1.0699e+02 -3.5591e+02
-1.6577e+02 -1.6245e+02 -1.3460e+02 -2.6696e+02
# New trial
-1.6528e+02 -1.5805e+02 -1.2365e+02 -3.1265e+02
-1.6513e+02 -1.5646e+02 -1.0906e+02 -2.7727e+02
-1.6480e+02 -1.5303e+02 -9.5035e+01 -3.7734e+02
-1.6542e+02 -1.5903e+02 -1.2150e+02 -5.1118e+02
# New trial
-1.6497e+02 -1.5532e+02 -1.2413e+02 -4.7379e+02
-1.6481e+02 -1.5385e+02 -1.1561e+02 -4.4465e+02
-1.6497e+02 -1.5494e+02 -1.1049e+02 -4.5292e+02
-1.6582e+02 -1.6297e+02 -1.4905e+02 -7.3473e+02
# New trial
-1.6546e+02 -1.5965e+02 -1.2731e+02 -3.5067e+02
-1.6525e+02 -1.5749e+02 -1.0967e+02 -3.1370e+02
-1.6497e+02 -1.5461e+02 -9.2098e+01 -3.2315e+02
-1.6535e+02 -1.5834e+02 -1.1520e+02 -5.2088e+02
# New trial
-1.6523e+02 -1.5746e+02 -1.2139e+02 -3.8266e+02
-1.6509e+02 -1.5596e+02 -1.0131e+02 -2.4050e+02
-1.6487e+02 -1.5364e+02 -8.7364e+01 -3.4344e+02
-1.6544e+02 -1.5920e+02 -1.2287e+02 -5.5859e+02
# New trial
-1.6523e+02 -1.5762e+02 -1.2928e+02 -3.7632e+02
-1.6518e+02 -1.5701e+02 -1.1952e+02 -2.7249e+02
-1.6534e+02 -1.5843e+02 -1.2170e+02 -3.9994e+02
-1.6588e+02 -1.6358e+02 -1.4572e+02 -4.4379e+02
# New trial
-1.6520e+02 -1.5740e+02 -1.2296e+02 -3.0585e+02
-1.6516e+02 -1.5679e+02 -1.1368e+02 -2.6917e+02
-1.6509e+02 -1.5591e+02 -1.1565e+02 -4.2384e+02
-1.6560e+02 -1.6084e+02 -1.3709e+02 -5.7327e+02
# New trial
-1.6518e+02 -1.5701e+02 -1.2156e+02 -3.7923e+02
-1.6504e+02 -1.5564e+02 -1.1736e+02 -4.3049e+02
-1.6473e+02 -1.5246e+02 -1.0205e+02 -4.5577e+02
-1.6542e+02 -1.5897e+02 -1.1033e+02 -2.9052e+02
# New trial
-1.6519e+02 -1.5707e+02 -1.2346e+02 -3.7433e+02
-1.6516e+02 -1.5678e+02 -1.2061e+02 -3.9497e+02
-1.6524e+02 -1.5745e+02 -1.2634e+02 -5.8802e+02
-1.6584e+02 -1.6323e+02 -1.4927e+02 -5.2002e+02
# New trial
-1.6481e+02 -1.5364e+02 -1.0718e+02 -2.3122e+02
-1.6479e+02 -1.5350e+02 -1.0964e+02 -3.4140e+02
-1.6499e+02 -1.5549e+02 -1.3662e+02 -7.5752e+02
-1.6584e+02 -1.6330e+02 -1.4915e+02 -5.1662e+02
# New trial
-1.6558e+02 -1.6057e+02 -1.2180e+02 -1.1343e+02
-1.6560e+02 -1.6078e+02 -1.2260e+02 -1.3297e+02
-1.6560e+02 -1.6075e+02 -1.2199e+02 -2.2427e+02
-1.6583e+02 -1.6302e+02 -1.3949e+02 -2.5908e+02
# New trial
-1.6523e+02 -1.5727e+02 -1.1637e+02 -3.6350e+02
-1.6507e+02 -1.5569e+02 -9.7234e+01 -3.0095e+02
-1.6472e+02 -1.5211e+02 -7.5290e+01 -2.4000e+02
-1.6528e+02 -1.5756e+02 -9.8516e+01 -2.0056e+02
# New trial
-1.6554e+02 -1.6017e+02 -1.1964e+02 -1.4079e+02
-1.6543e+02 -1.5907e+02 -1.0936e+02 -1.3422e+02
-1.6525e+02 -1.5729e+02 -9.7342e+01 -1.8111e+02
-1.6548e+02 -1.5960e+02 -1.1604e+02 -3.7375e+02
# New trial
-1.6547e+02 -1.5956e+02 -1.1797e+02 -2.2249e+02
-1.6545e+02 -1.5928e+02 -1.1073e+02 -1.7840e+02
-1.6535e+02 -1.5831e+02 -9.9415e+01 -1.7163e+02
-1.6560e+02 -1.6076e+02 -1.1721e+02 -8.1424e+01
# New trial
-1.6514e+02 -1.5676e+02 -1.2523e+02 -3.7468e+02
-1.6506e+02 -1.5604e+02 -1.1848e+02 -3.2099e+02
-1.6507e+02 -1.5610e+02 -1.2730e+02 -5.4636e+02
-1.6578e+02 -1.6270e+02 -1.5266e+02 -6.6546e+02
# New trial
-1.6510e+02 -1.5631e+02 -1.0970e+02 -1.8434e+02
-1.6509e+02 -1.5613e+02 -1.0990e+02 -2.4653e+02
-1.6517e+02 -1.5679e+02 -1.1604e+02 -4.5473e+02
-1.6574e+02 -1.6218e+02 -1.4138e+02 -5.0573e+02
# New trial
-1.6505e+02 -1.5635e+02 -1.3921e+02 -5.3563e+02
-1.6496e+02 -1.5517e+02 -1.1786e+02 -3.9668e+02
-1.6502e+02 -1.5548e+02 -1.1756e+02 -5.9214e+02
-1.6577e+02 -1.6248e+02 -1.4064e+02 -6.0873e+02
# New trial
-1.6550e+02 -1.5984e+02 -1.1988e+02 -2.0096e+02
-1.6542e+02 -1.5901e+02 -1.1093e+02 -1.6935e+02
-1.6534e+02 -1.5823e+02 -1.0662e+02 -2.4236e+02
-1.6574e+02 -1.6213e+02 -1.3314e+02 -3.1168e+02
# New trial
-1.6533e+02 -1.5819e+02 -1.1129e+02 -2.6050e+02
-1.6529e+02 -1.5780e+02 -1.0716e+02 -1.9342e+02
-1.6526e+02 -1.5744e+02 -1.0806e+02 -3.7987e+02
-1.6575e+02 -1.6229e+02 -1.3490e+02 -3.7757e+02
# New trial
-1.6473e+02 -1.5282e+02 -9.6979e+01 -2.2774e+02
-1.6466e+02 -1.5233e+02 -9.9621e+01 -2.3146e+02
-1.6504e+02 -1.5569e+02 -1.1894e+02 -4.8112e+02
-1.6590e+02 -1.6374e+02 -1.4875e+02 -4.8214e+02
# New trial
-1.6526e+02 -1.5780e+02 -1.2796e+02 -3.9497e+02
-1.6526e+02 -1.5763e+02 -1.1442e+02 -2.8091e+02
-1.6522e+02 -1.5719e+02 -1.1149e+02 -4.2353e+02
-1.6576e+02 -1.6236e+02 -1.3531e+02 -3.8992e+02
# New trial
-1.6562e+02 -1.6102e+02 -1.3648e+02 -3.6337e+02
-1.6553e+02 -1.6011e+02 -1.1886e+02 -2.3890e+02
-1.6539e+02 -1.5863e+02 -1.0209e+02 -1.7267e+02
-1.6555e+02 -1.6019e+02 -1.1359e+02 -1.6483e+02
# New trial
-1.6464e+02 -1.5260e+02 -1.1859e+02 -4.1479e+02
-1.6462e+02 -1.5250e+02 -1.2178e+02 -4.2741e+02
-1.6510e+02 -1.5668e+02 -1.4155e+02 -7.0256e+02
-1.6595e+02 -1.6432e+02 -1.5604e+02 -5.2971e+02
# New trial
-1.6541e+02 -1.5909e+02 -1.2174e+02 -2.5664e+02
-1.6527e+02 -1.5770e+02 -1.1346e+02 -2.1673e+02
-1.6510e+02 -1.5608e+02 -1.1135e+02 -4.5858e+02
-1.6569e+02 -1.6173e+02 -1.3158e+02 -3.5061e+02
# New trial
-1.6540e+02 -1.5902e+02 -1.3057e+02 -3.6868e+02
-1.6540e+02 -1.5894e+02 -1.2084e+02 -2.7094e+02
-1.6536e+02 -1.5846e+02 -1.1629e+02 -3.6842e+02
-1.6576e+02 -1.6233e+02 -1.3489e+02 -3.4645e+02
# New trial
-1.6550e+02 -1.6005e+02 -1.3175e+02 -3.1953e+02
-1.6535e+02 -1.5845e+02 -1.1713e+02 -2.7339e+02
-1.6514e+02 -1.5633e+02 -9.7662e+01 -3.0327e+02
-1.6545e+02 -1.5924e+02 -1.0923e+02 -1.7599e+02
# New trial
-1.6544e+02 -1.5934e+02 -1.2496e+02 -2.8673e+02
-1.6525e+02 -1.5747e+02 -1.0851e+02 -2.0536e+02
-1.6496e+02 -1.5462e+02 -9.7502e+01 -3.5771e+02
-1.6542e+02 -1.5900e+02 -1.2033e+02 -5.2945e+02
# New trial
-1.6546e+02 -1.5962e+02 -1.3351e+02 -3.7788e+02
-1.6549e+02 -1.5977e+02 -1.2002e+02 -2.2267e+02
-1.6548e+02 -1.5956e+02 -1.1546e+02 -2.8600e+02
-1.6579e+02 -1.6265e+02 -1.3734e+02 -4.3098e+02
# New trial
-1.6528e+02 -1.5814e+02 -1.4549e+02 -6.2920e+02
-1.6523e+02 -1.5733e+02 -1.1592e+02 -3.7934e+02
-1.6520e+02 -1.5690e+02 -1.0633e+02 -3.7352e+02
-1.6578e+02 -1.6251e+02 -1.3443e+02 -2.0950e+02
# New trial
