# 0.01sig - Array shape (trial/sig/alpha): (30, 4, 4)
-1.4235e+02 -1.3627e+02 -1.1021e+02 -2.9714e+02
-1.4231e+02 -1.3586e+02 -1.0799e+02 -3.0688e+02
-1.4233e+02 -1.3596e+02 -1.0528e+02 -3.6748e+02
-1.4282e+02 -1.4065e+02 -1.2804e+02 -5.4508e+02
# New trial
-1.4221e+02 -1.3503e+02 -1.0751e+02 -3.1354e+02
-1.4219e+02 -1.3477e+02 -1.0260e+02 -2.4463e+02
-1.4226e+02 -1.3531e+02 -9.7654e+01 -2.6879e+02
-1.4282e+02 -1.4061e+02 -1.2444e+02 -3.7911e+02
# New trial
-1.4232e+02 -1.3609e+02 -1.1277e+02 -3.1492e+02
-1.4217e+02 -1.3462e+02 -1.0234e+02 -2.7190e+02
-1.4199e+02 -1.3267e+02 -9.8432e+01 -4.5359e+02
-1.4262e+02 -1.3862e+02 -1.1314e+02 -4.0274e+02
# New trial
-1.4204e+02 -1.3372e+02 -1.0476e+02 -3.6204e+02
-1.4195e+02 -1.3288e+02 -1.0303e+02 -3.8271e+02
-1.4214e+02 -1.3448e+02 -1.0947e+02 -4.9438e+02
-1.4281e+02 -1.4061e+02 -1.3076e+02 -5.2805e+02
# New trial
-1.4248e+02 -1.3750e+02 -1.1021e+02 -2.8278e+02
-1.4232e+02 -1.3582e+02 -9.7298e+01 -2.7471e+02
-1.4214e+02 -1.3397e+02 -9.0627e+01 -3.1550e+02
-1.4253e+02 -1.3782e+02 -1.1514e+02 -4.2734e+02
# New trial
-1.4229e+02 -1.3579e+02 -1.1064e+02 -3.2775e+02
-1.4220e+02 -1.3477e+02 -9.5204e+01 -2.2599e+02
-1.4209e+02 -1.3360e+02 -9.1495e+01 -2.9454e+02
-1.4266e+02 -1.3906e+02 -1.1701e+02 -4.0956e+02
# New trial
-1.4222e+02 -1.3510e+02 -1.0446e+02 -2.4193e+02
-1.4221e+02 -1.3491e+02 -9.9291e+01 -2.2016e+02
-1.4241e+02 -1.3669e+02 -1.0413e+02 -3.5863e+02
-1.4288e+02 -1.4125e+02 -1.2883e+02 -3.1178e+02
# New trial
-1.4215e+02 -1.3450e+02 -1.0030e+02 -2.5098e+02
-1.4213e+02 -1.3406e+02 -8.9447e+01 -2.0763e+02
-1.4211e+02 -1.3368e+02 -8.9581e+01 -3.5992e+02
-1.4264e+02 -1.3885e+02 -1.0960e+02 -3.5251e+02
# New trial
-1.4222e+02 -1.3508e+02 -1.0456e+02 -3.4879e+02
-1.4209e+02 -1.3376e+02 -9.6343e+01 -3.5956e+02
-1.4183e+02 -1.3108e+02 -8.9469e+01 -4.3241e+02
-1.4253e+02 -1.3783e+02 -1.1263e+02 -5.1933e+02
# New trial
-1.4222e+02 -1.3501e+02 -1.0528e+02 -3.2284e+02
-1.4223e+02 -1.3509e+02 -1.0151e+02 -3.1570e+02
-1.4239e+02 -1.3649e+02 -1.1186e+02 -5.6533e+02
-1.4292e+02 -1.4160e+02 -1.3774e+02 -6.5801e+02
# New trial
-1.4191e+02 -1.3226e+02 -8.9801e+01 -1.8744e+02
-1.4193e+02 -1.3243e+02 -9.3195e+01 -3.0356e+02
-1.4220e+02 -1.3492e+02 -1.1604e+02 -5.8976e+02
-1.4290e+02 -1.4149e+02 -1.3200e+02 -3.7625e+02
# New trial
-1.4255e+02 -1.3801e+02 -1.0242e+02 -9.2615e+01
-1.4259e+02 -1.3838e+02 -1.0428e+02 -1.2063e+02
-1.4264e+02 -1.3882e+02 -1.0735e+02 -1.9871e+02
-1.4287e+02 -1.4113e+02 -1.2545e+02 -2.0844e+02
# New trial
-1.4231e+02 -1.3573e+02 -1.0573e+02 -3.4170e+02
-1.4218e+02 -1.3446e+02 -9.1051e+01 -2.9282e+02
-1.4194e+02 -1.3205e+02 -8.7594e+01 -4.4899e+02
-1.4248e+02 -1.3725e+02 -1.0175e+02 -4.6992e+02
# New trial
-1.4258e+02 -1.3832e+02 -1.0712e+02 -1.3607e+02
-1.4248e+02 -1.3731e+02 -9.7463e+01 -1.3336e+02
-1.4236e+02 -1.3604e+02 -8.8223e+01 -1.9081e+02
-1.4258e+02 -1.3827e+02 -1.0397e+02 -2.4779e+02
# New trial
-1.4247e+02 -1.3722e+02 -9.8897e+01 -2.0197e+02
-1.4246e+02 -1.3703e+02 -9.2689e+01 -1.5277e+02
-1.4241e+02 -1.3659e+02 -8.9873e+01 -1.6399e+02
-1.4271e+02 -1.3954e+02 -1.1189e+02 -1.4487e+02
# New trial
-1.4209e+02 -1.3396e+02 -1.0573e+02 -3.4325e+02
-1.4205e+02 -1.3354e+02 -1.0062e+02 -3.0056e+02
-1.4218e+02 -1.3470e+02 -1.0685e+02 -4.0419e+02
-1.4282e+02 -1.4068e+02 -1.2885e+02 -4.5245e+02
# New trial
-1.4215e+02 -1.3430e+02 -8.9743e+01 -1.6597e+02
-1.4211e+02 -1.3391e+02 -9.1551e+01 -2.1091e+02
-1.4221e+02 -1.3487e+02 -1.0665e+02 -5.0364e+02
-1.4275e+02 -1.4002e+02 -1.2022e+02 -4.0224e+02
# New trial
-1.4227e+02 -1.3615e+02 -1.3037e+02 -5.0915e+02
-1.4216e+02 -1.3487e+02 -1.1007e+02 -3.6879e+02
-1.4219e+02 -1.3488e+02 -1.0712e+02 -4.9394e+02
-1.4282e+02 -1.4072e+02 -1.2575e+02 -3.4756e+02
# New trial
-1.4258e+02 -1.3825e+02 -1.0685e+02 -1.8581e+02
-1.4254e+02 -1.3781e+02 -1.0004e+02 -1.5170e+02
-1.4247e+02 -1.3709e+02 -9.4227e+01 -1.9654e+02
-1.4270e+02 -1.3943e+02 -1.1234e+02 -2.4910e+02
# New trial
-1.4239e+02 -1.3644e+02 -9.9921e+01 -2.4657e+02
-1.4237e+02 -1.3633e+02 -9.7626e+01 -1.9341e+02
-1.4239e+02 -1.3643e+02 -9.7973e+01 -3.1465e+02
-1.4281e+02 -1.4051e+02 -1.2291e+02 -4.3589e+02
# New trial
-1.4185e+02 -1.3166e+02 -8.9791e+01 -2.1493e+02
-1.4181e+02 -1.3151e+02 -9.3488e+01 -2.1116e+02
-1.4222e+02 -1.3529e+02 -1.1356e+02 -4.1061e+02
-1.4295e+02 -1.4194e+02 -1.3769e+02 -4.7132e+02
# New trial
-1.4216e+02 -1.3440e+02 -9.9762e+01 -2.7969e+02
-1.4220e+02 -1.3466e+02 -9.1578e+01 -2.0609e+02
-1.4227e+02 -1.3534e+02 -9.4768e+01 -3.4550e+02
-1.4280e+02 -1.4045e+02 -1.2227e+02 -4.2231e+02
# New trial
-1.4264e+02 -1.3892e+02 -1.1996e+02 -3.0720e+02
-1.4259e+02 -1.3840e+02 -1.0983e+02 -2.2147e+02
-1.4248e+02 -1.3722e+02 -9.6727e+01 -2.2146e+02
-1.4263e+02 -1.3870e+02 -1.0538e+02 -1.7938e+02
# New trial
-1.4196e+02 -1.3324e+02 -1.1352e+02 -4.3231e+02
-1.4194e+02 -1.3317e+02 -1.1444e+02 -4.0942e+02
-1.4233e+02 -1.3649e+02 -1.2670e+02 -6.0912e+02
-1.4296e+02 -1.4210e+02 -1.4215e+02 -6.2902e+02
# New trial
-1.4243e+02 -1.3686e+02 -1.0457e+02 -2.6091e+02
-1.4231e+02 -1.3578e+02 -9.6544e+01 -1.8581e+02
-1.4224e+02 -1.3502e+02 -9.5693e+01 -4.2948e+02
-1.4277e+02 -1.4018e+02 -1.2360e+02 -5.3483e+02
# New trial
-1.4242e+02 -1.3687e+02 -1.1309e+02 -3.2949e+02
-1.4242e+02 -1.3683e+02 -1.0495e+02 -2.2479e+02
-1.4245e+02 -1.3706e+02 -1.0068e+02 -2.9667e+02
-1.4283e+02 -1.4068e+02 -1.2171e+02 -2.3398e+02
# New trial
-1.4251e+02 -1.3773e+02 -1.1349e+02 -3.0130e+02
-1.4237e+02 -1.3636e+02 -1.0027e+02 -2.3774e+02
-1.4223e+02 -1.3491e+02 -8.6332e+01 -2.5078e+02
-1.4258e+02 -1.3821e+02 -1.0241e+02 -1.4898e+02
# New trial
-1.4247e+02 -1.3730e+02 -1.0760e+02 -2.4888e+02
-1.4233e+02 -1.3595e+02 -9.3901e+01 -1.8737e+02
-1.4214e+02 -1.3392e+02 -7.7564e+01 -1.8952e+02
-1.4256e+02 -1.3803e+02 -1.0011e+02 -1.9964e+02
# New trial
-1.4244e+02 -1.3708e+02 -1.1128e+02 -2.6803e+02
-1.4251e+02 -1.3763e+02 -1.0312e+02 -1.5668e+02
-1.4255e+02 -1.3790e+02 -1.0030e+02 -2.2522e+02
-1.4283e+02 -1.4069e+02 -1.2119e+02 -2.4713e+02
# New trial
-1.4232e+02 -1.3617e+02 -1.2912e+02 -5.5376e+02
-1.4229e+02 -1.3566e+02 -1.0574e+02 -3.7708e+02
-1.4235e+02 -1.3609e+02 -1.1665e+02 -5.0483e+02
-1.4283e+02 -1.4082e+02 -1.3816e+02 -5.8601e+02
# New trial
