# 0.1sig - Array shape (trial/sig/alpha): (30L, 4L, 4L)
-1.1501e+02 -1.1187e+02 -1.0110e+02 -2.2527e+02
-1.1494e+02 -1.1119e+02 -8.9587e+01 -7.1345e+01
-1.1481e+02 -1.0994e+02 -8.5084e+01 -1.6294e+02
-1.1516e+02 -1.1326e+02 -9.8169e+01 -1.8086e+02
# New trial
-1.1513e+02 -1.1300e+02 -9.7607e+01 -1.0678e+02
-1.1505e+02 -1.1223e+02 -9.2123e+01 -7.3147e+01
-1.1487e+02 -1.1041e+02 -8.3696e+01 -1.0936e+02
-1.1497e+02 -1.1132e+02 -8.9778e+01 -1.9226e+02
# New trial
-1.1512e+02 -1.1288e+02 -1.0018e+02 -1.4507e+02
-1.1500e+02 -1.1162e+02 -8.5836e+01 -6.9528e+01
-1.1480e+02 -1.0963e+02 -8.4771e+01 -1.4922e+02
-1.1488e+02 -1.1053e+02 -1.1241e+02 -4.5247e+02
# New trial
-1.1509e+02 -1.1258e+02 -1.0147e+02 -2.3784e+02
-1.1502e+02 -1.1186e+02 -8.6751e+01 -6.9525e+01
-1.1483e+02 -1.0994e+02 -7.6174e+01 -7.4332e+01
-1.1486e+02 -1.1022e+02 -8.0217e+01 -7.1729e+01
# New trial
-1.1519e+02 -1.1355e+02 -1.0508e+02 -2.2945e+02
-1.1512e+02 -1.1284e+02 -9.4222e+01 -6.9259e+01
-1.1499e+02 -1.1150e+02 -8.4068e+01 -8.7321e+01
-1.1510e+02 -1.1262e+02 -9.1433e+01 -1.2243e+02
# New trial
-1.1523e+02 -1.1389e+02 -1.0358e+02 -1.2565e+02
-1.1515e+02 -1.1318e+02 -9.7011e+01 -7.7418e+01
-1.1508e+02 -1.1246e+02 -9.2878e+01 -1.5990e+02
-1.1523e+02 -1.1397e+02 -1.0861e+02 -3.8794e+02
# New trial
-1.1515e+02 -1.1313e+02 -9.6102e+01 -6.9319e+01
-1.1508e+02 -1.1245e+02 -8.9941e+01 -6.9227e+01
-1.1493e+02 -1.1092e+02 -7.8510e+01 -6.9227e+01
-1.1504e+02 -1.1202e+02 -8.6457e+01 -6.9227e+01
# New trial
-1.1506e+02 -1.1229e+02 -9.6001e+01 -1.5306e+02
-1.1504e+02 -1.1202e+02 -9.1484e+01 -8.2502e+01
-1.1502e+02 -1.1184e+02 -9.3880e+01 -2.0913e+02
-1.1523e+02 -1.1395e+02 -1.0491e+02 -2.8280e+02
# New trial
-1.1502e+02 -1.1190e+02 -9.2083e+01 -7.3487e+01
-1.1492e+02 -1.1098e+02 -8.7794e+01 -6.9706e+01
-1.1480e+02 -1.0987e+02 -8.7839e+01 -1.6453e+02
-1.1513e+02 -1.1292e+02 -9.9696e+01 -2.7213e+02
# New trial
-1.1511e+02 -1.1269e+02 -9.3098e+01 -6.9600e+01
-1.1502e+02 -1.1188e+02 -8.7568e+01 -6.9398e+01
-1.1486e+02 -1.1023e+02 -8.0208e+01 -9.4705e+01
-1.1501e+02 -1.1170e+02 -8.8420e+01 -1.6497e+02
# New trial
-1.1518e+02 -1.1340e+02 -9.8482e+01 -8.3024e+01
-1.1508e+02 -1.1244e+02 -9.1046e+01 -6.9342e+01
-1.1485e+02 -1.1020e+02 -7.8614e+01 -7.1603e+01
-1.1492e+02 -1.1081e+02 -8.3684e+01 -1.1231e+02
# New trial
-1.1507e+02 -1.1238e+02 -9.4877e+01 -1.2198e+02
-1.1501e+02 -1.1179e+02 -9.1021e+01 -7.2374e+01
-1.1491e+02 -1.1084e+02 -9.0688e+01 -1.8985e+02
-1.1516e+02 -1.1328e+02 -1.0341e+02 -2.9222e+02
# New trial
-1.1507e+02 -1.1236e+02 -9.3223e+01 -9.7339e+01
-1.1505e+02 -1.1219e+02 -9.0687e+01 -7.9525e+01
-1.1502e+02 -1.1182e+02 -9.4831e+01 -2.0787e+02
-1.1524e+02 -1.1404e+02 -1.0855e+02 -3.0120e+02
# New trial
-1.1522e+02 -1.1380e+02 -1.0370e+02 -1.2414e+02
-1.1514e+02 -1.1299e+02 -9.3816e+01 -7.0012e+01
-1.1499e+02 -1.1155e+02 -8.5157e+01 -9.7405e+01
-1.1498e+02 -1.1147e+02 -9.7500e+01 -3.1305e+02
# New trial
-1.1505e+02 -1.1236e+02 -1.0237e+02 -1.6412e+02
-1.1491e+02 -1.1091e+02 -8.7868e+01 -7.0060e+01
-1.1471e+02 -1.0888e+02 -8.3374e+01 -1.4171e+02
-1.1508e+02 -1.1248e+02 -1.0071e+02 -3.0945e+02
# New trial
-1.1504e+02 -1.1226e+02 -1.1132e+02 -2.8260e+02
-1.1491e+02 -1.1088e+02 -8.6557e+01 -6.9887e+01
-1.1473e+02 -1.0912e+02 -8.1628e+01 -1.1455e+02
-1.1501e+02 -1.1169e+02 -9.0741e+01 -1.5424e+02
# New trial
-1.1513e+02 -1.1289e+02 -9.4493e+01 -7.0522e+01
-1.1503e+02 -1.1192e+02 -8.7540e+01 -6.9258e+01
-1.1483e+02 -1.1002e+02 -7.9778e+01 -8.8623e+01
-1.1500e+02 -1.1170e+02 -9.6299e+01 -2.7288e+02
# New trial
-1.1519e+02 -1.1355e+02 -1.0005e+02 -1.2327e+02
-1.1510e+02 -1.1266e+02 -9.2794e+01 -7.5545e+01
-1.1493e+02 -1.1095e+02 -8.4666e+01 -1.1186e+02
-1.1496e+02 -1.1121e+02 -8.8476e+01 -1.8487e+02
# New trial
-1.1516e+02 -1.1325e+02 -9.5591e+01 -7.0431e+01
-1.1510e+02 -1.1266e+02 -9.1386e+01 -7.0053e+01
-1.1500e+02 -1.1167e+02 -8.6056e+01 -8.8116e+01
-1.1513e+02 -1.1290e+02 -9.4662e+01 -1.6074e+02
# New trial
-1.1517e+02 -1.1338e+02 -1.0952e+02 -2.8178e+02
-1.1506e+02 -1.1226e+02 -9.2232e+01 -7.0255e+01
-1.1481e+02 -1.0983e+02 -7.9381e+01 -8.8040e+01
-1.1497e+02 -1.1134e+02 -8.4270e+01 -1.1246e+02
# New trial
-1.1509e+02 -1.1263e+02 -9.8828e+01 -1.5659e+02
-1.1503e+02 -1.1198e+02 -9.1242e+01 -7.5395e+01
-1.1495e+02 -1.1119e+02 -8.9341e+01 -1.3343e+02
-1.1516e+02 -1.1328e+02 -9.8260e+01 -1.5340e+02
# New trial
-1.1514e+02 -1.1308e+02 -9.9323e+01 -1.6767e+02
-1.1508e+02 -1.1246e+02 -9.2166e+01 -7.2174e+01
-1.1498e+02 -1.1143e+02 -8.6098e+01 -1.1243e+02
-1.1514e+02 -1.1306e+02 -9.5516e+01 -1.2237e+02
# New trial
-1.1512e+02 -1.1285e+02 -9.3427e+01 -7.2468e+01
-1.1505e+02 -1.1210e+02 -8.7622e+01 -6.9597e+01
-1.1489e+02 -1.1057e+02 -7.8339e+01 -6.9375e+01
-1.1502e+02 -1.1185e+02 -8.5761e+01 -8.1908e+01
# New trial
-1.1514e+02 -1.1306e+02 -9.5569e+01 -7.8965e+01
-1.1508e+02 -1.1239e+02 -9.0211e+01 -7.7935e+01
-1.1497e+02 -1.1129e+02 -8.4255e+01 -1.1423e+02
-1.1513e+02 -1.1292e+02 -9.4365e+01 -1.5328e+02
# New trial
-1.1522e+02 -1.1380e+02 -1.0524e+02 -2.3526e+02
-1.1518e+02 -1.1347e+02 -9.9313e+01 -7.5121e+01
-1.1509e+02 -1.1254e+02 -8.9754e+01 -7.2438e+01
-1.1515e+02 -1.1311e+02 -9.4572e+01 -7.3324e+01
# New trial
-1.1511e+02 -1.1282e+02 -1.0485e+02 -1.9039e+02
-1.1501e+02 -1.1174e+02 -8.6745e+01 -7.0566e+01
-1.1489e+02 -1.1052e+02 -8.2973e+01 -1.2429e+02
-1.1503e+02 -1.1197e+02 -9.9974e+01 -2.7234e+02
# New trial
-1.1515e+02 -1.1308e+02 -9.6559e+01 -1.1609e+02
-1.1513e+02 -1.1297e+02 -9.5380e+01 -7.8173e+01
-1.1512e+02 -1.1280e+02 -9.5059e+01 -1.4458e+02
-1.1528e+02 -1.1441e+02 -1.0773e+02 -2.2036e+02
# New trial
-1.1506e+02 -1.1230e+02 -9.5779e+01 -1.3017e+02
-1.1498e+02 -1.1147e+02 -8.5329e+01 -7.1371e+01
-1.1479e+02 -1.0964e+02 -8.0913e+01 -9.4624e+01
-1.1503e+02 -1.1193e+02 -9.5820e+01 -2.3460e+02
# New trial
-1.1512e+02 -1.1285e+02 -9.4318e+01 -7.5362e+01
-1.1504e+02 -1.1197e+02 -8.5596e+01 -6.9294e+01
-1.1482e+02 -1.0979e+02 -7.4009e+01 -6.9227e+01
-1.1489e+02 -1.1053e+02 -7.9164e+01 -7.4672e+01
# New trial
-1.1519e+02 -1.1356e+02 -9.9704e+01 -1.0554e+02
-1.1517e+02 -1.1330e+02 -9.7549e+01 -9.4168e+01
-1.1516e+02 -1.1318e+02 -9.7778e+01 -1.4672e+02
-1.1528e+02 -1.1436e+02 -1.0735e+02 -2.3345e+02
# New trial
