# 0.1sig - Array shape (trial/sig/alpha): (30, 4, 4)
-1.2408e+02 -1.1967e+02 -1.0701e+02 -3.0318e+02
-1.2398e+02 -1.1873e+02 -9.0588e+01 -6.5019e+01
-1.2389e+02 -1.1788e+02 -9.7805e+01 -3.1205e+02
-1.2439e+02 -1.2257e+02 -1.2159e+02 -4.7754e+02
# New trial
-1.2423e+02 -1.2088e+02 -9.6956e+01 -8.5269e+01
-1.2412e+02 -1.1984e+02 -8.8892e+01 -5.8722e+01
-1.2395e+02 -1.1814e+02 -7.9740e+01 -1.4018e+02
-1.2411e+02 -1.1963e+02 -8.9509e+01 -2.3478e+02
# New trial
-1.2423e+02 -1.2092e+02 -1.0397e+02 -1.7468e+02
-1.2404e+02 -1.1898e+02 -8.1527e+01 -5.6263e+01
-1.2371e+02 -1.1569e+02 -6.8204e+01 -8.5528e+01
-1.2388e+02 -1.1736e+02 -8.0730e+01 -2.2234e+02
# New trial
-1.2412e+02 -1.1983e+02 -9.2486e+01 -2.1525e+02
-1.2404e+02 -1.1893e+02 -7.8419e+01 -5.6362e+01
-1.2378e+02 -1.1638e+02 -7.1554e+01 -1.2225e+02
-1.2388e+02 -1.1743e+02 -8.7023e+01 -2.8581e+02
# New trial
-1.2434e+02 -1.2202e+02 -1.1171e+02 -3.4476e+02
-1.2423e+02 -1.2086e+02 -9.4472e+01 -6.4762e+01
-1.2405e+02 -1.1911e+02 -8.3652e+01 -1.4651e+02
-1.2425e+02 -1.2109e+02 -9.7247e+01 -2.7274e+02
# New trial
-1.2440e+02 -1.2255e+02 -1.0908e+02 -1.2396e+02
-1.2429e+02 -1.2147e+02 -9.8858e+01 -6.2657e+01
-1.2414e+02 -1.1995e+02 -8.7144e+01 -1.0213e+02
-1.2436e+02 -1.2214e+02 -1.0237e+02 -1.6693e+02
# New trial
-1.2424e+02 -1.2098e+02 -9.4506e+01 -5.6962e+01
-1.2414e+02 -1.1996e+02 -8.5862e+01 -5.5645e+01
-1.2393e+02 -1.1793e+02 -7.1666e+01 -6.0807e+01
-1.2414e+02 -1.1999e+02 -8.4866e+01 -5.9615e+01
# New trial
-1.2410e+02 -1.1972e+02 -1.0088e+02 -2.3109e+02
-1.2405e+02 -1.1914e+02 -8.4867e+01 -5.6929e+01
-1.2401e+02 -1.1868e+02 -8.4221e+01 -2.1502e+02
-1.2436e+02 -1.2218e+02 -1.0654e+02 -3.5235e+02
# New trial
-1.2404e+02 -1.1913e+02 -8.7852e+01 -6.0907e+01
-1.2388e+02 -1.1763e+02 -7.9878e+01 -6.2179e+01
-1.2378e+02 -1.1650e+02 -7.8688e+01 -1.5114e+02
-1.2432e+02 -1.2177e+02 -1.0679e+02 -4.0048e+02
# New trial
-1.2419e+02 -1.2047e+02 -9.2678e+01 -5.9989e+01
-1.2406e+02 -1.1926e+02 -8.5756e+01 -5.6304e+01
-1.2385e+02 -1.1710e+02 -7.2720e+01 -8.3396e+01
-1.2412e+02 -1.1973e+02 -8.4431e+01 -9.7285e+01
# New trial
-1.2428e+02 -1.2135e+02 -9.8375e+01 -8.1940e+01
-1.2412e+02 -1.1983e+02 -8.6584e+01 -6.1320e+01
-1.2380e+02 -1.1664e+02 -7.4551e+01 -1.1934e+02
-1.2396e+02 -1.1819e+02 -9.0905e+01 -3.2946e+02
# New trial
-1.2414e+02 -1.2010e+02 -9.5658e+01 -1.6013e+02
-1.2403e+02 -1.1901e+02 -8.7526e+01 -5.6479e+01
-1.2391e+02 -1.1779e+02 -8.0471e+01 -1.4180e+02
-1.2432e+02 -1.2175e+02 -1.0135e+02 -2.5292e+02
# New trial
-1.2412e+02 -1.1983e+02 -9.3284e+01 -1.7573e+02
-1.2409e+02 -1.1948e+02 -8.3739e+01 -5.6965e+01
-1.2403e+02 -1.1885e+02 -7.9612e+01 -9.9586e+01
-1.2437e+02 -1.2223e+02 -1.0407e+02 -1.3659e+02
# New trial
-1.2438e+02 -1.2238e+02 -1.1088e+02 -1.8314e+02
-1.2424e+02 -1.2100e+02 -9.2242e+01 -5.7141e+01
-1.2402e+02 -1.1880e+02 -7.6637e+01 -7.2871e+01
-1.2404e+02 -1.1894e+02 -9.3081e+01 -3.5890e+02
# New trial
-1.2413e+02 -1.2017e+02 -1.0647e+02 -2.1996e+02
-1.2389e+02 -1.1775e+02 -8.0931e+01 -5.8606e+01
-1.2363e+02 -1.1505e+02 -7.4695e+01 -1.4553e+02
-1.2419e+02 -1.2044e+02 -1.0624e+02 -4.8132e+02
# New trial
-1.2409e+02 -1.1992e+02 -1.2337e+02 -4.3770e+02
-1.2388e+02 -1.1766e+02 -8.5648e+01 -5.7337e+01
-1.2356e+02 -1.1448e+02 -8.2119e+01 -2.4243e+02
-1.2401e+02 -1.1873e+02 -9.8616e+01 -3.9820e+02
# New trial
-1.2421e+02 -1.2074e+02 -9.6013e+01 -7.6758e+01
-1.2408e+02 -1.1940e+02 -8.5766e+01 -5.7336e+01
-1.2389e+02 -1.1756e+02 -8.0728e+01 -1.3571e+02
-1.2414e+02 -1.2003e+02 -9.4968e+01 -2.5607e+02
# New trial
-1.2430e+02 -1.2157e+02 -9.9891e+01 -1.1237e+02
-1.2418e+02 -1.2037e+02 -8.9396e+01 -5.8346e+01
-1.2394e+02 -1.1803e+02 -7.8718e+01 -1.5768e+02
-1.2400e+02 -1.1859e+02 -9.1676e+01 -3.5155e+02
# New trial
-1.2430e+02 -1.2155e+02 -9.8300e+01 -6.8509e+01
-1.2420e+02 -1.2062e+02 -9.1042e+01 -5.5591e+01
-1.2405e+02 -1.1907e+02 -7.8518e+01 -5.8165e+01
-1.2425e+02 -1.2106e+02 -9.3204e+01 -1.4943e+02
# New trial
-1.2429e+02 -1.2156e+02 -1.1627e+02 -3.9543e+02
-1.2410e+02 -1.1963e+02 -8.7588e+01 -5.6074e+01
-1.2376e+02 -1.1625e+02 -6.5396e+01 -5.5390e+01
-1.2407e+02 -1.1925e+02 -8.1050e+01 -1.0848e+02
# New trial
-1.2417e+02 -1.2041e+02 -1.0305e+02 -1.9786e+02
-1.2409e+02 -1.1961e+02 -8.9468e+01 -5.9942e+01
-1.2400e+02 -1.1862e+02 -8.3682e+01 -1.4487e+02
-1.2430e+02 -1.2157e+02 -9.9334e+01 -2.0345e+02
# New trial
-1.2426e+02 -1.2122e+02 -1.0983e+02 -3.1500e+02
-1.2416e+02 -1.2022e+02 -9.1417e+01 -5.7988e+01
-1.2404e+02 -1.1902e+02 -8.2540e+01 -1.0914e+02
-1.2430e+02 -1.2158e+02 -9.8321e+01 -1.2969e+02
# New trial
-1.2421e+02 -1.2067e+02 -9.2159e+01 -6.2534e+01
-1.2410e+02 -1.1956e+02 -8.3736e+01 -5.6631e+01
-1.2392e+02 -1.1782e+02 -7.4136e+01 -9.5884e+01
-1.2418e+02 -1.2032e+02 -9.1044e+01 -2.0900e+02
# New trial
-1.2424e+02 -1.2098e+02 -9.4883e+01 -7.9491e+01
-1.2414e+02 -1.2000e+02 -8.6939e+01 -6.3887e+01
-1.2402e+02 -1.1876e+02 -7.8192e+01 -7.5047e+01
-1.2428e+02 -1.2134e+02 -9.6765e+01 -1.6309e+02
# New trial
-1.2434e+02 -1.2197e+02 -1.0246e+02 -1.0023e+02
-1.2430e+02 -1.2156e+02 -9.8829e+01 -6.0421e+01
-1.2419e+02 -1.2046e+02 -8.9243e+01 -9.8030e+01
-1.2432e+02 -1.2170e+02 -1.0009e+02 -2.4111e+02
# New trial
-1.2421e+02 -1.2092e+02 -1.1386e+02 -2.9734e+02
-1.2404e+02 -1.1901e+02 -8.2625e+01 -5.6336e+01
-1.2386e+02 -1.1723e+02 -8.2858e+01 -2.0496e+02
-1.2413e+02 -1.1988e+02 -1.0337e+02 -4.5063e+02
# New trial
-1.2420e+02 -1.2058e+02 -9.3780e+01 -1.0741e+02
-1.2422e+02 -1.2081e+02 -9.3363e+01 -6.6737e+01
-1.2426e+02 -1.2113e+02 -9.6108e+01 -1.4891e+02
-1.2447e+02 -1.2320e+02 -1.1250e+02 -2.1904e+02
# New trial
-1.2412e+02 -1.1990e+02 -9.6472e+01 -1.6380e+02
-1.2398e+02 -1.1846e+02 -7.7880e+01 -5.6101e+01
-1.2372e+02 -1.1586e+02 -6.6490e+01 -5.8911e+01
-1.2410e+02 -1.1953e+02 -8.7111e+01 -1.7350e+02
# New trial
-1.2421e+02 -1.2072e+02 -9.4181e+01 -1.1688e+02
-1.2408e+02 -1.1940e+02 -8.1508e+01 -5.6019e+01
-1.2382e+02 -1.1677e+02 -6.8937e+01 -9.2801e+01
-1.2398e+02 -1.1841e+02 -8.0671e+01 -1.5982e+02
# New trial
-1.2430e+02 -1.2152e+02 -9.9299e+01 -1.1511e+02
-1.2428e+02 -1.2136e+02 -9.6575e+01 -8.4139e+01
-1.2430e+02 -1.2155e+02 -9.7444e+01 -1.1943e+02
-1.2448e+02 -1.2337e+02 -1.1267e+02 -1.1619e+02
# New trial
