# 0.01sig - Array shape (trial/sig/alpha): (30, 4, 4)
-1.1984e+02 -1.1847e+02 -1.0809e+02 -9.3955e+01
-1.1980e+02 -1.1815e+02 -1.0630e+02 -9.9225e+01
-1.1978e+02 -1.1791e+02 -1.0633e+02 -1.5408e+02
-1.1990e+02 -1.1912e+02 -1.1383e+02 -1.8430e+02
# New trial
-1.1980e+02 -1.1807e+02 -1.0571e+02 -1.0738e+02
-1.1975e+02 -1.1764e+02 -1.0485e+02 -1.1907e+02
-1.1970e+02 -1.1717e+02 -1.0288e+02 -1.4337e+02
-1.1989e+02 -1.1895e+02 -1.1057e+02 -1.2588e+02
# New trial
-1.1982e+02 -1.1825e+02 -1.0629e+02 -1.0048e+02
-1.1976e+02 -1.1768e+02 -1.0362e+02 -1.0832e+02
-1.1966e+02 -1.1678e+02 -1.0771e+02 -2.0987e+02
-1.1983e+02 -1.1837e+02 -1.1520e+02 -2.8560e+02
# New trial
-1.1973e+02 -1.1741e+02 -1.0204e+02 -9.2725e+01
-1.1968e+02 -1.1697e+02 -1.0149e+02 -1.0723e+02
-1.1967e+02 -1.1685e+02 -1.0171e+02 -1.4166e+02
-1.1991e+02 -1.1917e+02 -1.1348e+02 -1.6672e+02
# New trial
-1.1984e+02 -1.1846e+02 -1.0715e+02 -9.4360e+01
-1.1979e+02 -1.1796e+02 -1.0405e+02 -9.4017e+01
-1.1969e+02 -1.1702e+02 -1.0088e+02 -1.1195e+02
-1.1977e+02 -1.1777e+02 -1.0785e+02 -2.0570e+02
# New trial
-1.1984e+02 -1.1848e+02 -1.0716e+02 -9.3300e+01
-1.1975e+02 -1.1764e+02 -1.0356e+02 -9.8164e+01
-1.1963e+02 -1.1648e+02 -1.0093e+02 -1.1306e+02
-1.1985e+02 -1.1855e+02 -1.0877e+02 -1.7079e+02
# New trial
-1.1984e+02 -1.1852e+02 -1.0853e+02 -9.5200e+01
-1.1979e+02 -1.1806e+02 -1.0666e+02 -9.5854e+01
-1.1978e+02 -1.1791e+02 -1.0589e+02 -1.2996e+02
-1.1993e+02 -1.1941e+02 -1.1525e+02 -1.6609e+02
# New trial
-1.1982e+02 -1.1832e+02 -1.0587e+02 -9.2605e+01
-1.1978e+02 -1.1793e+02 -1.0347e+02 -9.5173e+01
-1.1970e+02 -1.1715e+02 -1.0228e+02 -1.3345e+02
-1.1982e+02 -1.1831e+02 -1.0926e+02 -1.9981e+02
# New trial
-1.1981e+02 -1.1818e+02 -1.0574e+02 -9.5983e+01
-1.1975e+02 -1.1759e+02 -1.0281e+02 -1.0603e+02
-1.1960e+02 -1.1619e+02 -1.0311e+02 -1.5668e+02
-1.1980e+02 -1.1808e+02 -1.1042e+02 -2.2424e+02
# New trial
-1.1980e+02 -1.1811e+02 -1.0608e+02 -9.9486e+01
-1.1976e+02 -1.1776e+02 -1.0513e+02 -1.1501e+02
-1.1976e+02 -1.1772e+02 -1.0628e+02 -1.6155e+02
-1.1993e+02 -1.1939e+02 -1.1480e+02 -1.4340e+02
# New trial
-1.1976e+02 -1.1773e+02 -1.0609e+02 -9.6704e+01
-1.1972e+02 -1.1746e+02 -1.0657e+02 -1.3892e+02
-1.1974e+02 -1.1767e+02 -1.1261e+02 -2.3845e+02
-1.1996e+02 -1.1967e+02 -1.1818e+02 -2.2180e+02
# New trial
-1.1988e+02 -1.1887e+02 -1.0991e+02 -9.4367e+01
-1.1986e+02 -1.1870e+02 -1.0873e+02 -9.6087e+01
-1.1983e+02 -1.1839e+02 -1.0663e+02 -1.1999e+02
-1.1991e+02 -1.1916e+02 -1.1245e+02 -1.4249e+02
# New trial
-1.1983e+02 -1.1835e+02 -1.0581e+02 -9.2691e+01
-1.1976e+02 -1.1768e+02 -1.0251e+02 -9.3528e+01
-1.1959e+02 -1.1606e+02 -9.5631e+01 -9.2324e+01
-1.1974e+02 -1.1745e+02 -9.9106e+01 -9.2751e+01
# New trial
-1.1988e+02 -1.1888e+02 -1.1010e+02 -9.5112e+01
-1.1985e+02 -1.1857e+02 -1.0792e+02 -9.8183e+01
-1.1979e+02 -1.1798e+02 -1.0582e+02 -1.2373e+02
-1.1986e+02 -1.1863e+02 -1.0894e+02 -1.4229e+02
# New trial
-1.1987e+02 -1.1875e+02 -1.0857e+02 -9.5955e+01
-1.1984e+02 -1.1843e+02 -1.0629e+02 -9.8401e+01
-1.1978e+02 -1.1790e+02 -1.0360e+02 -1.2252e+02
-1.1988e+02 -1.1886e+02 -1.1035e+02 -1.7193e+02
# New trial
-1.1977e+02 -1.1780e+02 -1.0487e+02 -1.1499e+02
-1.1971e+02 -1.1728e+02 -1.0354e+02 -1.2439e+02
-1.1967e+02 -1.1690e+02 -1.0902e+02 -2.3212e+02
-1.1992e+02 -1.1925e+02 -1.1503e+02 -2.1499e+02
# New trial
-1.1979e+02 -1.1798e+02 -1.0458e+02 -9.6761e+01
-1.1974e+02 -1.1754e+02 -1.0381e+02 -1.0335e+02
-1.1969e+02 -1.1708e+02 -1.0351e+02 -1.4755e+02
-1.1986e+02 -1.1872e+02 -1.1165e+02 -2.0525e+02
# New trial
-1.1979e+02 -1.1800e+02 -1.0636e+02 -9.2925e+01
-1.1971e+02 -1.1732e+02 -1.0352e+02 -9.3432e+01
-1.1962e+02 -1.1640e+02 -9.9072e+01 -1.0923e+02
-1.1989e+02 -1.1898e+02 -1.1096e+02 -1.1773e+02
# New trial
-1.1991e+02 -1.1914e+02 -1.1178e+02 -9.7845e+01
-1.1988e+02 -1.1886e+02 -1.0943e+02 -1.0338e+02
-1.1981e+02 -1.1822e+02 -1.0579e+02 -1.3804e+02
-1.1984e+02 -1.1845e+02 -1.0786e+02 -1.5712e+02
# New trial
-1.1982e+02 -1.1826e+02 -1.0589e+02 -9.2896e+01
-1.1977e+02 -1.1781e+02 -1.0363e+02 -9.5356e+01
-1.1969e+02 -1.1704e+02 -1.0007e+02 -1.1269e+02
-1.1984e+02 -1.1850e+02 -1.0903e+02 -1.7378e+02
# New trial
-1.1967e+02 -1.1697e+02 -1.0317e+02 -9.4003e+01
-1.1961e+02 -1.1644e+02 -1.0261e+02 -1.0237e+02
-1.1966e+02 -1.1688e+02 -1.0403e+02 -1.5220e+02
-1.1995e+02 -1.1954e+02 -1.1642e+02 -1.8003e+02
# New trial
-1.1984e+02 -1.1846e+02 -1.0761e+02 -9.8785e+01
-1.1979e+02 -1.1798e+02 -1.0573e+02 -1.0217e+02
-1.1973e+02 -1.1745e+02 -1.0387e+02 -1.3390e+02
-1.1990e+02 -1.1911e+02 -1.1393e+02 -2.3346e+02
# New trial
-1.1990e+02 -1.1907e+02 -1.1126e+02 -9.3831e+01
-1.1986e+02 -1.1870e+02 -1.0848e+02 -9.3290e+01
-1.1978e+02 -1.1787e+02 -1.0248e+02 -1.0038e+02
-1.1979e+02 -1.1801e+02 -1.0536e+02 -1.7036e+02
# New trial
-1.1966e+02 -1.1683e+02 -1.0347e+02 -9.2764e+01
-1.1960e+02 -1.1637e+02 -1.0370e+02 -1.1290e+02
-1.1968e+02 -1.1707e+02 -1.0741e+02 -1.6531e+02
-1.1995e+02 -1.1962e+02 -1.1818e+02 -2.1037e+02
# New trial
-1.1987e+02 -1.1874e+02 -1.0933e+02 -1.0829e+02
-1.1981e+02 -1.1817e+02 -1.0655e+02 -1.0862e+02
-1.1972e+02 -1.1732e+02 -1.0461e+02 -1.6490e+02
-1.1988e+02 -1.1889e+02 -1.1195e+02 -2.0824e+02
# New trial
-1.1988e+02 -1.1882e+02 -1.0940e+02 -1.0389e+02
-1.1984e+02 -1.1848e+02 -1.0711e+02 -1.0466e+02
-1.1979e+02 -1.1798e+02 -1.0583e+02 -1.4401e+02
-1.1990e+02 -1.1911e+02 -1.1282e+02 -1.9942e+02
# New trial
-1.1987e+02 -1.1876e+02 -1.0885e+02 -9.4271e+01
-1.1981e+02 -1.1822e+02 -1.0572e+02 -9.5415e+01
-1.1971e+02 -1.1716e+02 -1.0112e+02 -1.1926e+02
-1.1978e+02 -1.1785e+02 -1.0427e+02 -1.5088e+02
# New trial
-1.1986e+02 -1.1871e+02 -1.0892e+02 -9.7939e+01
-1.1981e+02 -1.1817e+02 -1.0624e+02 -1.0220e+02
-1.1970e+02 -1.1709e+02 -1.0320e+02 -1.3299e+02
-1.1979e+02 -1.1799e+02 -1.0447e+02 -1.2802e+02
# New trial
-1.1989e+02 -1.1896e+02 -1.1062e+02 -9.3277e+01
-1.1986e+02 -1.1871e+02 -1.0855e+02 -9.3036e+01
-1.1980e+02 -1.1808e+02 -1.0377e+02 -1.0060e+02
-1.1987e+02 -1.1872e+02 -1.0809e+02 -1.0816e+02
# New trial
-1.1982e+02 -1.1831e+02 -1.0578e+02 -9.8508e+01
-1.1977e+02 -1.1781e+02 -1.0281e+02 -1.0077e+02
-1.1969e+02 -1.1696e+02 -1.0172e+02 -1.4504e+02
-1.1984e+02 -1.1851e+02 -1.0894e+02 -1.8535e+02
# New trial
