# 0.01sig - Array shape (trial/sig/alpha): (30, 4, 4)
-1.5618e+02 -1.4974e+02 -1.0412e+02 -6.4552e+01
-1.5606e+02 -1.4859e+02 -9.7869e+01 -8.1397e+01
-1.5603e+02 -1.4824e+02 -1.0569e+02 -3.2921e+02
-1.5661e+02 -1.5398e+02 -1.4191e+02 -6.4864e+02
# New trial
-1.5617e+02 -1.4960e+02 -1.0283e+02 -5.9740e+01
-1.5605e+02 -1.4849e+02 -1.0013e+02 -7.1306e+01
-1.5603e+02 -1.4830e+02 -1.0027e+02 -1.7924e+02
-1.5659e+02 -1.5373e+02 -1.3270e+02 -4.4790e+02
# New trial
-1.5619e+02 -1.4986e+02 -1.0400e+02 -5.8781e+01
-1.5597e+02 -1.4766e+02 -9.2906e+01 -6.4973e+01
-1.5565e+02 -1.4457e+02 -8.7288e+01 -2.1766e+02
-1.5627e+02 -1.5052e+02 -1.1305e+02 -3.8198e+02
# New trial
-1.5600e+02 -1.4815e+02 -9.8733e+01 -5.9154e+01
-1.5587e+02 -1.4708e+02 -9.8984e+01 -1.1895e+02
-1.5592e+02 -1.4746e+02 -1.0553e+02 -2.8109e+02
-1.5665e+02 -1.5435e+02 -1.4032e+02 -5.4935e+02
# New trial
-1.5630e+02 -1.5087e+02 -1.0413e+02 -5.6847e+01
-1.5612e+02 -1.4901e+02 -9.0809e+01 -5.6962e+01
-1.5585e+02 -1.4634e+02 -7.9251e+01 -1.1724e+02
-1.5624e+02 -1.5025e+02 -1.0693e+02 -2.4650e+02
# New trial
-1.5625e+02 -1.5032e+02 -1.0444e+02 -5.7591e+01
-1.5603e+02 -1.4829e+02 -9.5768e+01 -7.1278e+01
-1.5576e+02 -1.4565e+02 -8.8826e+01 -1.7969e+02
-1.5632e+02 -1.5105e+02 -1.1203e+02 -2.7457e+02
# New trial
-1.5626e+02 -1.5053e+02 -1.0919e+02 -5.8128e+01
-1.5615e+02 -1.4950e+02 -1.0795e+02 -9.4549e+01
-1.5619e+02 -1.4991e+02 -1.0910e+02 -1.9351e+02
-1.5667e+02 -1.5455e+02 -1.3656e+02 -3.0096e+02
# New trial
-1.5623e+02 -1.5021e+02 -1.0480e+02 -5.6184e+01
-1.5609e+02 -1.4882e+02 -9.5293e+01 -5.7504e+01
-1.5590e+02 -1.4691e+02 -8.7479e+01 -1.7124e+02
-1.5640e+02 -1.5182e+02 -1.1360e+02 -2.2118e+02
# New trial
-1.5616e+02 -1.4950e+02 -1.0169e+02 -5.7139e+01
-1.5597e+02 -1.4768e+02 -9.5058e+01 -1.0271e+02
-1.5564e+02 -1.4451e+02 -1.0147e+02 -3.4201e+02
-1.5629e+02 -1.5072e+02 -1.2041e+02 -4.8566e+02
# New trial
-1.5613e+02 -1.4929e+02 -1.0628e+02 -7.6961e+01
-1.5601e+02 -1.4824e+02 -1.0602e+02 -1.5904e+02
-1.5608e+02 -1.4879e+02 -1.1406e+02 -3.7597e+02
-1.5669e+02 -1.5467e+02 -1.4093e+02 -3.9692e+02
# New trial
-1.5594e+02 -1.4760e+02 -1.0066e+02 -6.3808e+01
-1.5581e+02 -1.4653e+02 -1.0241e+02 -1.7455e+02
-1.5593e+02 -1.4767e+02 -1.2460e+02 -5.3391e+02
-1.5672e+02 -1.5507e+02 -1.4765e+02 -5.6421e+02
# New trial
-1.5646e+02 -1.5243e+02 -1.1795e+02 -6.3225e+01
-1.5643e+02 -1.5215e+02 -1.1597e+02 -7.4558e+01
-1.5641e+02 -1.5197e+02 -1.1471e+02 -1.4404e+02
-1.5666e+02 -1.5434e+02 -1.3341e+02 -2.2783e+02
# New trial
-1.5628e+02 -1.5064e+02 -1.0789e+02 -6.4655e+01
-1.5610e+02 -1.4891e+02 -1.0189e+02 -1.0977e+02
-1.5573e+02 -1.4532e+02 -9.8847e+01 -2.7369e+02
-1.5616e+02 -1.4949e+02 -1.1383e+02 -4.3140e+02
# New trial
-1.5646e+02 -1.5247e+02 -1.1808e+02 -6.1394e+01
-1.5634e+02 -1.5126e+02 -1.0884e+02 -6.7275e+01
-1.5613e+02 -1.4911e+02 -9.3113e+01 -9.6105e+01
-1.5633e+02 -1.5111e+02 -1.0750e+02 -2.3385e+02
# New trial
-1.5638e+02 -1.5166e+02 -1.1208e+02 -8.4202e+01
-1.5630e+02 -1.5087e+02 -1.0737e+02 -1.0616e+02
-1.5619e+02 -1.4978e+02 -1.0393e+02 -2.0945e+02
-1.5645e+02 -1.5232e+02 -1.2028e+02 -3.2025e+02
# New trial
-1.5601e+02 -1.4820e+02 -9.7345e+01 -5.9380e+01
-1.5586e+02 -1.4681e+02 -9.4599e+01 -8.1914e+01
-1.5587e+02 -1.4685e+02 -9.4036e+01 -1.8053e+02
-1.5657e+02 -1.5358e+02 -1.2866e+02 -1.9735e+02
# New trial
-1.5619e+02 -1.4983e+02 -1.0698e+02 -6.6046e+01
-1.5607e+02 -1.4878e+02 -1.0705e+02 -1.1757e+02
-1.5604e+02 -1.4851e+02 -1.1306e+02 -3.1874e+02
-1.5658e+02 -1.5371e+02 -1.4136e+02 -5.6425e+02
# New trial
-1.5612e+02 -1.4941e+02 -1.0971e+02 -8.6175e+01
-1.5602e+02 -1.4849e+02 -1.0885e+02 -1.6766e+02
-1.5596e+02 -1.4794e+02 -1.1889e+02 -4.4685e+02
-1.5662e+02 -1.5401e+02 -1.4470e+02 -6.0252e+02
# New trial
-1.5645e+02 -1.5233e+02 -1.1721e+02 -6.8174e+01
-1.5631e+02 -1.5100e+02 -1.0888e+02 -7.5454e+01
-1.5617e+02 -1.4955e+02 -1.0011e+02 -1.6529e+02
-1.5651e+02 -1.5290e+02 -1.2484e+02 -3.5110e+02
# New trial
-1.5628e+02 -1.5072e+02 -1.0833e+02 -7.3469e+01
-1.5620e+02 -1.4993e+02 -1.0578e+02 -1.1027e+02
-1.5613e+02 -1.4917e+02 -1.0060e+02 -2.0208e+02
-1.5655e+02 -1.5332e+02 -1.2530e+02 -1.6191e+02
# New trial
-1.5575e+02 -1.4608e+02 -9.9115e+01 -6.1553e+01
-1.5565e+02 -1.4535e+02 -1.0506e+02 -1.2933e+02
-1.5596e+02 -1.4805e+02 -1.2005e+02 -3.8205e+02
-1.5673e+02 -1.5512e+02 -1.4474e+02 -4.2831e+02
# New trial
-1.5627e+02 -1.5063e+02 -1.0930e+02 -6.7923e+01
-1.5615e+02 -1.4948e+02 -1.0571e+02 -8.0179e+01
-1.5606e+02 -1.4860e+02 -1.0190e+02 -2.0225e+02
-1.5657e+02 -1.5351e+02 -1.2964e+02 -3.6847e+02
# New trial
-1.5653e+02 -1.5312e+02 -1.2326e+02 -6.7963e+01
-1.5642e+02 -1.5198e+02 -1.1485e+02 -8.8480e+01
-1.5625e+02 -1.5029e+02 -1.0119e+02 -1.4730e+02
-1.5638e+02 -1.5161e+02 -1.1509e+02 -3.0118e+02
# New trial
-1.5569e+02 -1.4551e+02 -9.5736e+01 -5.8443e+01
-1.5562e+02 -1.4513e+02 -1.0214e+02 -1.5072e+02
-1.5603e+02 -1.4882e+02 -1.2887e+02 -4.9320e+02
-1.5674e+02 -1.5539e+02 -1.5261e+02 -5.9346e+02
# New trial
-1.5637e+02 -1.5154e+02 -1.1568e+02 -8.2816e+01
-1.5617e+02 -1.4967e+02 -1.0758e+02 -9.1591e+01
-1.5596e+02 -1.4772e+02 -1.0830e+02 -3.3047e+02
-1.5651e+02 -1.5302e+02 -1.3291e+02 -4.6127e+02
# New trial
-1.5640e+02 -1.5188e+02 -1.1709e+02 -8.3599e+01
-1.5635e+02 -1.5136e+02 -1.1497e+02 -1.1906e+02
-1.5626e+02 -1.5052e+02 -1.1010e+02 -2.3917e+02
-1.5660e+02 -1.5375e+02 -1.2900e+02 -2.5124e+02
# New trial
-1.5641e+02 -1.5188e+02 -1.1345e+02 -6.7645e+01
-1.5621e+02 -1.4998e+02 -1.0189e+02 -7.1720e+01
-1.5599e+02 -1.4783e+02 -9.3042e+01 -1.6584e+02
-1.5631e+02 -1.5095e+02 -1.1113e+02 -2.7716e+02
# New trial
-1.5638e+02 -1.5167e+02 -1.1250e+02 -6.7186e+01
-1.5618e+02 -1.4966e+02 -1.0159e+02 -6.9793e+01
-1.5587e+02 -1.4664e+02 -9.4492e+01 -2.2425e+02
-1.5627e+02 -1.5056e+02 -1.1124e+02 -3.4215e+02
# New trial
-1.5646e+02 -1.5244e+02 -1.2019e+02 -7.2748e+01
-1.5642e+02 -1.5205e+02 -1.1750e+02 -8.2326e+01
-1.5634e+02 -1.5129e+02 -1.1337e+02 -1.7358e+02
-1.5661e+02 -1.5393e+02 -1.3329e+02 -3.2766e+02
# New trial
-1.5621e+02 -1.5007e+02 -1.0683e+02 -9.6084e+01
-1.5611e+02 -1.4902e+02 -1.0261e+02 -1.3895e+02
-1.5609e+02 -1.4889e+02 -1.1317e+02 -4.0773e+02
-1.5663e+02 -1.5417e+02 -1.4088e+02 -5.6914e+02
# New trial
