# 0.01sig - Array shape (trial/sig/alpha): (30L, 4L, 4L)
-7.8268e+01 -7.6628e+01 -6.6419e+01 -6.0070e+01
-7.8238e+01 -7.6338e+01 -6.5566e+01 -6.1419e+01
-7.8257e+01 -7.6516e+01 -6.6888e+01 -8.5074e+01
-7.8426e+01 -7.8147e+01 -7.5917e+01 -1.1604e+02
# New trial
-7.8252e+01 -7.6454e+01 -6.5144e+01 -6.0265e+01
-7.8237e+01 -7.6333e+01 -6.5832e+01 -6.2026e+01
-7.8312e+01 -7.7067e+01 -7.0693e+01 -1.1532e+02
-7.8445e+01 -7.8344e+01 -7.7792e+01 -1.2653e+02
# New trial
-7.8277e+01 -7.6724e+01 -6.7620e+01 -6.1079e+01
-7.8229e+01 -7.6270e+01 -6.5800e+01 -6.0595e+01
-7.8196e+01 -7.5920e+01 -6.7576e+01 -1.2465e+02
-7.8387e+01 -7.7769e+01 -7.2382e+01 -9.1026e+01
# New trial
-7.8263e+01 -7.6632e+01 -6.8045e+01 -6.0214e+01
-7.8262e+01 -7.6658e+01 -6.9099e+01 -8.9874e+01
-7.8318e+01 -7.7167e+01 -7.2933e+01 -1.2904e+02
-7.8436e+01 -7.8262e+01 -7.7453e+01 -1.1967e+02
# New trial
-7.8312e+01 -7.7033e+01 -6.7610e+01 -6.0279e+01
-7.8265e+01 -7.6568e+01 -6.4973e+01 -6.0367e+01
-7.8238e+01 -7.6307e+01 -6.4809e+01 -8.7409e+01
-7.8391e+01 -7.7813e+01 -7.2905e+01 -7.8360e+01
# New trial
-7.8269e+01 -7.6616e+01 -6.6798e+01 -6.1316e+01
-7.8249e+01 -7.6446e+01 -6.7804e+01 -8.7290e+01
-7.8330e+01 -7.7245e+01 -7.3741e+01 -1.5368e+02
-7.8445e+01 -7.8344e+01 -7.8455e+01 -1.7750e+02
# New trial
-7.8285e+01 -7.6811e+01 -6.8830e+01 -6.0900e+01
-7.8277e+01 -7.6757e+01 -7.0285e+01 -7.8970e+01
-7.8369e+01 -7.7631e+01 -7.5123e+01 -1.3074e+02
-7.8454e+01 -7.8426e+01 -7.8446e+01 -1.1483e+02
# New trial
-7.8283e+01 -7.6772e+01 -6.7725e+01 -6.1025e+01
-7.8262e+01 -7.6561e+01 -6.6336e+01 -6.1410e+01
-7.8292e+01 -7.6837e+01 -7.0689e+01 -1.5070e+02
-7.8426e+01 -7.8157e+01 -7.6150e+01 -1.1653e+02
# New trial
-7.8244e+01 -7.6400e+01 -6.6542e+01 -6.1556e+01
-7.8220e+01 -7.6181e+01 -6.7059e+01 -9.5544e+01
-7.8272e+01 -7.6672e+01 -7.7356e+01 -2.2723e+02
-7.8439e+01 -7.8277e+01 -7.7114e+01 -1.3821e+02
# New trial
-7.8266e+01 -7.6631e+01 -6.7912e+01 -6.9386e+01
-7.8269e+01 -7.6675e+01 -6.9988e+01 -1.0040e+02
-7.8357e+01 -7.7507e+01 -7.4002e+01 -1.3103e+02
-7.8450e+01 -7.8392e+01 -7.8141e+01 -1.1118e+02
# New trial
-7.8242e+01 -7.6461e+01 -6.8373e+01 -6.6182e+01
-7.8221e+01 -7.6282e+01 -6.8864e+01 -9.9670e+01
-7.8312e+01 -7.7113e+01 -7.6649e+01 -1.9466e+02
-7.8451e+01 -7.8410e+01 -7.9176e+01 -1.8011e+02
# New trial
-7.8351e+01 -7.7411e+01 -7.0190e+01 -6.1901e+01
-7.8358e+01 -7.7490e+01 -7.0968e+01 -7.2010e+01
-7.8408e+01 -7.7973e+01 -7.4702e+01 -1.0337e+02
-7.8453e+01 -7.8419e+01 -7.8150e+01 -9.2728e+01
# New trial
-7.8289e+01 -7.6816e+01 -6.7466e+01 -6.0100e+01
-7.8256e+01 -7.6511e+01 -6.7211e+01 -8.2139e+01
-7.8250e+01 -7.6456e+01 -7.1955e+01 -1.5963e+02
-7.8433e+01 -7.8224e+01 -7.7343e+01 -1.6674e+02
# New trial
-7.8349e+01 -7.7393e+01 -6.9943e+01 -6.0757e+01
-7.8320e+01 -7.7109e+01 -6.7835e+01 -6.0440e+01
-7.8288e+01 -7.6785e+01 -6.5494e+01 -6.8746e+01
-7.8391e+01 -7.7799e+01 -7.2282e+01 -6.8843e+01
# New trial
-7.8311e+01 -7.7012e+01 -6.6939e+01 -6.2712e+01
-7.8314e+01 -7.7046e+01 -6.7715e+01 -7.2489e+01
-7.8379e+01 -7.7686e+01 -7.2251e+01 -9.9503e+01
-7.8451e+01 -7.8394e+01 -7.7872e+01 -8.3668e+01
# New trial
-7.8225e+01 -7.6264e+01 -6.6451e+01 -6.2320e+01
-7.8218e+01 -7.6234e+01 -6.8172e+01 -8.2307e+01
-7.8337e+01 -7.7343e+01 -7.3082e+01 -1.1637e+02
-7.8450e+01 -7.8397e+01 -7.8322e+01 -1.3403e+02
# New trial
-7.8295e+01 -7.6887e+01 -6.7989e+01 -6.1629e+01
-7.8329e+01 -7.7246e+01 -7.2717e+01 -1.0688e+02
-7.8406e+01 -7.7997e+01 -8.0376e+01 -2.3694e+02
-7.8454e+01 -7.8431e+01 -7.9112e+01 -1.8696e+02
# New trial
-7.8217e+01 -7.6208e+01 -6.6419e+01 -6.0423e+01
-7.8273e+01 -7.6806e+01 -7.2900e+01 -1.1849e+02
-7.8385e+01 -7.7852e+01 -8.2830e+01 -2.6190e+02
-7.8453e+01 -7.8429e+01 -7.9037e+01 -1.6183e+02
# New trial
-7.8356e+01 -7.7452e+01 -6.9281e+01 -6.0759e+01
-7.8328e+01 -7.7169e+01 -6.7354e+01 -6.0817e+01
-7.8316e+01 -7.7058e+01 -6.6796e+01 -7.0435e+01
-7.8416e+01 -7.8044e+01 -7.4532e+01 -7.9991e+01
# New trial
-7.8291e+01 -7.6835e+01 -6.6732e+01 -6.0664e+01
-7.8280e+01 -7.6729e+01 -6.6493e+01 -6.4030e+01
-7.8334e+01 -7.7248e+01 -6.9346e+01 -8.7487e+01
-7.8441e+01 -7.8297e+01 -7.7273e+01 -1.2378e+02
# New trial
-7.8156e+01 -7.5754e+01 -6.6252e+01 -6.0363e+01
-7.8147e+01 -7.5714e+01 -6.7401e+01 -6.8860e+01
-7.8327e+01 -7.7286e+01 -7.3278e+01 -1.0432e+02
-7.8451e+01 -7.8412e+01 -7.8764e+01 -1.4308e+02
# New trial
-7.8278e+01 -7.6719e+01 -6.7136e+01 -6.2460e+01
-7.8273e+01 -7.6696e+01 -6.8850e+01 -7.0451e+01
-7.8356e+01 -7.7523e+01 -7.5720e+01 -1.5970e+02
-7.8449e+01 -7.8386e+01 -7.8237e+01 -1.0306e+02
# New trial
-7.8346e+01 -7.7364e+01 -6.9628e+01 -6.1220e+01
-7.8315e+01 -7.7060e+01 -6.7910e+01 -6.1416e+01
-7.8314e+01 -7.7049e+01 -6.7917e+01 -7.0473e+01
-7.8415e+01 -7.8043e+01 -7.5027e+01 -1.0208e+02
# New trial
-7.8181e+01 -7.5974e+01 -6.7326e+01 -6.0851e+01
-7.8175e+01 -7.5942e+01 -6.8082e+01 -8.4561e+01
-7.8326e+01 -7.7267e+01 -7.4284e+01 -1.3671e+02
-7.8450e+01 -7.8388e+01 -7.7988e+01 -9.1418e+01
# New trial
-7.8290e+01 -7.6834e+01 -6.7843e+01 -6.0509e+01
-7.8258e+01 -7.6560e+01 -6.8202e+01 -7.3057e+01
-7.8316e+01 -7.7117e+01 -7.4369e+01 -1.6845e+02
-7.8447e+01 -7.8361e+01 -7.7795e+01 -1.1186e+02
# New trial
-7.8275e+01 -7.6673e+01 -6.6392e+01 -6.0607e+01
-7.8283e+01 -7.6760e+01 -6.7857e+01 -7.0015e+01
-7.8353e+01 -7.7444e+01 -7.1664e+01 -1.0850e+02
-7.8450e+01 -7.8387e+01 -7.8026e+01 -1.1101e+02
# New trial
-7.8326e+01 -7.7160e+01 -6.7912e+01 -6.1690e+01
-7.8290e+01 -7.6818e+01 -6.6546e+01 -6.0710e+01
-7.8295e+01 -7.6878e+01 -6.7606e+01 -7.6618e+01
-7.8412e+01 -7.8014e+01 -7.4353e+01 -7.2128e+01
# New trial
-7.8321e+01 -7.7120e+01 -6.8268e+01 -6.0636e+01
-7.8279e+01 -7.6728e+01 -6.7048e+01 -6.1190e+01
-7.8267e+01 -7.6616e+01 -6.9864e+01 -1.2681e+02
-7.8406e+01 -7.7951e+01 -7.5198e+01 -1.4217e+02
# New trial
-7.8322e+01 -7.7125e+01 -6.8321e+01 -6.1660e+01
-7.8317e+01 -7.7080e+01 -6.8304e+01 -6.1205e+01
-7.8349e+01 -7.7390e+01 -6.9974e+01 -7.7004e+01
-7.8441e+01 -7.8296e+01 -7.6979e+01 -9.3491e+01
# New trial
-7.8269e+01 -7.6630e+01 -6.7024e+01 -6.0317e+01
-7.8242e+01 -7.6379e+01 -6.6377e+01 -6.4080e+01
-7.8301e+01 -7.6944e+01 -7.1032e+01 -1.2424e+02
-7.8439e+01 -7.8288e+01 -7.7249e+01 -1.0955e+02
# New trial
