# 0.01sig - Array shape (trial/sig/alpha): (30, 4, 4)
-1.4715e+02 -1.4244e+02 -1.0846e+02 -7.0055e+01
-1.4704e+02 -1.4139e+02 -1.0328e+02 -9.0062e+01
-1.4694e+02 -1.4044e+02 -1.0281e+02 -2.1290e+02
-1.4741e+02 -1.4501e+02 -1.2762e+02 -3.7611e+02
# New trial
-1.4706e+02 -1.4159e+02 -1.0174e+02 -6.6367e+01
-1.4692e+02 -1.4027e+02 -9.7480e+01 -6.7866e+01
-1.4685e+02 -1.3962e+02 -9.4098e+01 -1.2745e+02
-1.4741e+02 -1.4495e+02 -1.2499e+02 -2.9694e+02
# New trial
-1.4711e+02 -1.4205e+02 -1.0494e+02 -7.3775e+01
-1.4691e+02 -1.4012e+02 -9.5725e+01 -8.5252e+01
-1.4662e+02 -1.3724e+02 -9.3712e+01 -2.2222e+02
-1.4718e+02 -1.4266e+02 -1.1351e+02 -3.3762e+02
# New trial
-1.4694e+02 -1.4050e+02 -1.0112e+02 -6.9662e+01
-1.4684e+02 -1.3966e+02 -1.0182e+02 -1.5099e+02
-1.4686e+02 -1.3985e+02 -1.0747e+02 -3.0762e+02
-1.4745e+02 -1.4535e+02 -1.2946e+02 -3.5627e+02
# New trial
-1.4722e+02 -1.4308e+02 -1.0847e+02 -6.7010e+01
-1.4707e+02 -1.4165e+02 -9.9516e+01 -7.2685e+01
-1.4683e+02 -1.3926e+02 -9.1132e+01 -1.4724e+02
-1.4714e+02 -1.4226e+02 -1.0752e+02 -2.2796e+02
# New trial
-1.4717e+02 -1.4264e+02 -1.0518e+02 -6.9348e+01
-1.4694e+02 -1.4043e+02 -9.7317e+01 -1.1412e+02
-1.4667e+02 -1.3771e+02 -8.9405e+01 -1.9655e+02
-1.4718e+02 -1.4272e+02 -1.0766e+02 -1.1757e+02
# New trial
-1.4717e+02 -1.4269e+02 -1.1010e+02 -7.0014e+01
-1.4705e+02 -1.4149e+02 -1.0637e+02 -8.2493e+01
-1.4704e+02 -1.4146e+02 -1.0773e+02 -2.4877e+02
-1.4749e+02 -1.4576e+02 -1.3177e+02 -2.9487e+02
# New trial
-1.4713e+02 -1.4219e+02 -1.0372e+02 -6.5350e+01
-1.4701e+02 -1.4105e+02 -9.6672e+01 -6.6615e+01
-1.4681e+02 -1.3903e+02 -8.8389e+01 -1.3982e+02
-1.4722e+02 -1.4309e+02 -1.0824e+02 -1.5232e+02
# New trial
-1.4708e+02 -1.4177e+02 -1.0414e+02 -6.8221e+01
-1.4692e+02 -1.4022e+02 -9.8501e+01 -1.0479e+02
-1.4661e+02 -1.3730e+02 -1.0879e+02 -3.1193e+02
-1.4716e+02 -1.4255e+02 -1.2393e+02 -4.1776e+02
# New trial
-1.4708e+02 -1.4182e+02 -1.0716e+02 -8.3265e+01
-1.4695e+02 -1.4060e+02 -1.0236e+02 -1.0297e+02
-1.4697e+02 -1.4080e+02 -1.0999e+02 -2.7011e+02
-1.4751e+02 -1.4597e+02 -1.3795e+02 -4.7141e+02
# New trial
-1.4695e+02 -1.4071e+02 -1.0667e+02 -7.3754e+01
-1.4685e+02 -1.3985e+02 -1.0998e+02 -1.9667e+02
-1.4690e+02 -1.4043e+02 -1.3084e+02 -5.0782e+02
-1.4754e+02 -1.4631e+02 -1.4189e+02 -5.0319e+02
# New trial
-1.4732e+02 -1.4402e+02 -1.1481e+02 -6.9437e+01
-1.4727e+02 -1.4357e+02 -1.1112e+02 -7.0871e+01
-1.4724e+02 -1.4323e+02 -1.0806e+02 -9.2134e+01
-1.4747e+02 -1.4553e+02 -1.2772e+02 -1.3737e+02
# New trial
-1.4717e+02 -1.4264e+02 -1.0524e+02 -6.6410e+01
-1.4701e+02 -1.4104e+02 -9.7752e+01 -1.0201e+02
-1.4664e+02 -1.3746e+02 -8.8826e+01 -1.8488e+02
-1.4704e+02 -1.4135e+02 -1.0731e+02 -3.6096e+02
# New trial
-1.4733e+02 -1.4422e+02 -1.1701e+02 -7.6118e+01
-1.4723e+02 -1.4322e+02 -1.0942e+02 -7.8168e+01
-1.4704e+02 -1.4129e+02 -9.7183e+01 -1.3327e+02
-1.4720e+02 -1.4284e+02 -1.0722e+02 -2.2044e+02
# New trial
-1.4725e+02 -1.4340e+02 -1.0999e+02 -8.6524e+01
-1.4717e+02 -1.4257e+02 -1.0474e+02 -1.0453e+02
-1.4704e+02 -1.4128e+02 -9.7884e+01 -1.7979e+02
-1.4730e+02 -1.4385e+02 -1.1632e+02 -2.5716e+02
# New trial
-1.4694e+02 -1.4049e+02 -1.0117e+02 -9.9060e+01
-1.4677e+02 -1.3894e+02 -9.7899e+01 -1.2556e+02
-1.4673e+02 -1.3867e+02 -1.1143e+02 -3.6265e+02
-1.4741e+02 -1.4500e+02 -1.3255e+02 -4.8149e+02
# New trial
-1.4708e+02 -1.4173e+02 -1.0384e+02 -6.6604e+01
-1.4696e+02 -1.4070e+02 -1.0350e+02 -9.0208e+01
-1.4692e+02 -1.4026e+02 -1.0279e+02 -2.1976e+02
-1.4734e+02 -1.4433e+02 -1.1857e+02 -1.1514e+02
# New trial
-1.4701e+02 -1.4126e+02 -1.0686e+02 -8.2402e+01
-1.4687e+02 -1.4002e+02 -1.0394e+02 -1.2788e+02
-1.4680e+02 -1.3937e+02 -1.0738e+02 -2.7254e+02
-1.4741e+02 -1.4511e+02 -1.2836e+02 -2.1906e+02
# New trial
-1.4735e+02 -1.4434e+02 -1.1830e+02 -8.9466e+01
-1.4724e+02 -1.4332e+02 -1.1157e+02 -9.5245e+01
-1.4711e+02 -1.4205e+02 -1.0391e+02 -2.1157e+02
-1.4733e+02 -1.4418e+02 -1.2522e+02 -4.5672e+02
# New trial
-1.4717e+02 -1.4264e+02 -1.0805e+02 -8.3993e+01
-1.4706e+02 -1.4160e+02 -1.0239e+02 -9.4878e+01
-1.4699e+02 -1.4085e+02 -1.0151e+02 -2.1900e+02
-1.4740e+02 -1.4488e+02 -1.2978e+02 -4.1346e+02
# New trial
-1.4667e+02 -1.3818e+02 -9.6698e+01 -6.8942e+01
-1.4652e+02 -1.3692e+02 -9.6930e+01 -1.2026e+02
-1.4676e+02 -1.3912e+02 -1.1518e+02 -3.6704e+02
-1.4754e+02 -1.4635e+02 -1.4132e+02 -3.9560e+02
# New trial
-1.4716e+02 -1.4252e+02 -1.0519e+02 -6.6645e+01
-1.4703e+02 -1.4125e+02 -9.9587e+01 -6.7545e+01
-1.4691e+02 -1.4008e+02 -9.2963e+01 -1.2029e+02
-1.4740e+02 -1.4491e+02 -1.2281e+02 -1.4268e+02
# New trial
-1.4740e+02 -1.4483e+02 -1.2101e+02 -7.3504e+01
-1.4729e+02 -1.4379e+02 -1.1342e+02 -8.3681e+01
-1.4712e+02 -1.4206e+02 -9.9786e+01 -1.0722e+02
-1.4725e+02 -1.4334e+02 -1.0935e+02 -1.6724e+02
# New trial
-1.4670e+02 -1.3846e+02 -9.8072e+01 -6.6604e+01
-1.4666e+02 -1.3831e+02 -1.0610e+02 -1.7040e+02
-1.4698e+02 -1.4117e+02 -1.2555e+02 -4.5877e+02
-1.4757e+02 -1.4659e+02 -1.4253e+02 -4.4771e+02
# New trial
-1.4724e+02 -1.4331e+02 -1.1298e+02 -7.7966e+01
-1.4707e+02 -1.4167e+02 -1.0666e+02 -9.9926e+01
-1.4689e+02 -1.4000e+02 -1.0637e+02 -3.0911e+02
-1.4738e+02 -1.4465e+02 -1.2452e+02 -3.7093e+02
# New trial
-1.4730e+02 -1.4389e+02 -1.1726e+02 -1.0480e+02
-1.4721e+02 -1.4306e+02 -1.1340e+02 -1.2088e+02
-1.4710e+02 -1.4201e+02 -1.1231e+02 -2.0987e+02
-1.4744e+02 -1.4529e+02 -1.3129e+02 -3.3678e+02
# New trial
-1.4729e+02 -1.4381e+02 -1.1340e+02 -7.5338e+01
-1.4713e+02 -1.4223e+02 -1.0490e+02 -7.8509e+01
-1.4688e+02 -1.3978e+02 -9.3487e+01 -1.7919e+02
-1.4715e+02 -1.4241e+02 -1.1024e+02 -2.9479e+02
# New trial
-1.4727e+02 -1.4359e+02 -1.1190e+02 -6.8469e+01
-1.4710e+02 -1.4195e+02 -1.0303e+02 -7.2767e+01
-1.4679e+02 -1.3891e+02 -8.6461e+01 -8.4654e+01
-1.4713e+02 -1.4221e+02 -1.0267e+02 -1.7107e+02
# New trial
-1.4734e+02 -1.4431e+02 -1.1814e+02 -6.9663e+01
-1.4728e+02 -1.4368e+02 -1.1349e+02 -7.2545e+01
-1.4717e+02 -1.4258e+02 -1.0437e+02 -1.1281e+02
-1.4741e+02 -1.4499e+02 -1.2308e+02 -2.0691e+02
# New trial
-1.4717e+02 -1.4268e+02 -1.0954e+02 -1.0881e+02
-1.4705e+02 -1.4152e+02 -1.0447e+02 -1.3444e+02
-1.4699e+02 -1.4095e+02 -1.1324e+02 -3.6100e+02
-1.4746e+02 -1.4544e+02 -1.3325e+02 -4.3838e+02
# New trial
