# 0.1sig - Array shape (trial/sig/alpha): (30L, 4L, 4L)
-9.6674e+01 -9.4585e+01 -8.5653e+01 -1.8718e+02
-9.6623e+01 -9.4114e+01 -7.9834e+01 -6.9483e+01
-9.6546e+01 -9.3345e+01 -7.5650e+01 -8.4761e+01
-9.6790e+01 -9.5686e+01 -8.7929e+01 -1.5296e+02
# New trial
-9.6754e+01 -9.5321e+01 -8.4927e+01 -7.0076e+01
-9.6701e+01 -9.4806e+01 -8.1065e+01 -6.9299e+01
-9.6597e+01 -9.3774e+01 -7.4188e+01 -7.3074e+01
-9.6704e+01 -9.4807e+01 -8.0304e+01 -1.1124e+02
# New trial
-9.6752e+01 -9.5305e+01 -8.7075e+01 -1.0371e+02
-9.6671e+01 -9.4496e+01 -7.9460e+01 -7.0596e+01
-9.6538e+01 -9.3170e+01 -7.3890e+01 -7.3211e+01
-9.6606e+01 -9.3842e+01 -8.3021e+01 -1.9208e+02
# New trial
-9.6739e+01 -9.5176e+01 -8.7473e+01 -1.6004e+02
-9.6689e+01 -9.4662e+01 -7.9123e+01 -6.9833e+01
-9.6561e+01 -9.3385e+01 -7.4932e+01 -1.0076e+02
-9.6588e+01 -9.3647e+01 -7.6738e+01 -1.2112e+02
# New trial
-9.6801e+01 -9.5797e+01 -9.1422e+01 -1.6938e+02
-9.6760e+01 -9.5373e+01 -8.4631e+01 -8.2149e+01
-9.6683e+01 -9.4611e+01 -8.1342e+01 -1.2820e+02
-9.6771e+01 -9.5465e+01 -8.4637e+01 -1.2079e+02
# New trial
-9.6837e+01 -9.6131e+01 -9.1084e+01 -1.1484e+02
-9.6797e+01 -9.5731e+01 -8.7224e+01 -7.0975e+01
-9.6756e+01 -9.5324e+01 -8.4368e+01 -9.4991e+01
-9.6843e+01 -9.6186e+01 -9.1320e+01 -1.6942e+02
# New trial
-9.6769e+01 -9.5452e+01 -8.4853e+01 -6.9567e+01
-9.6725e+01 -9.5024e+01 -8.1645e+01 -6.9262e+01
-9.6637e+01 -9.4159e+01 -7.8108e+01 -8.3800e+01
-9.6732e+01 -9.5085e+01 -8.6196e+01 -1.9728e+02
# New trial
-9.6706e+01 -9.4866e+01 -8.6040e+01 -1.4023e+02
-9.6699e+01 -9.4782e+01 -8.2467e+01 -7.3335e+01
-9.6684e+01 -9.4627e+01 -8.2687e+01 -1.4748e+02
-9.6805e+01 -9.5807e+01 -8.7760e+01 -1.4383e+02
# New trial
-9.6668e+01 -9.4515e+01 -8.1346e+01 -6.9716e+01
-9.6598e+01 -9.3845e+01 -7.7382e+01 -6.9459e+01
-9.6541e+01 -9.3270e+01 -7.7376e+01 -9.1458e+01
-9.6797e+01 -9.5735e+01 -9.0831e+01 -2.3879e+02
# New trial
-9.6742e+01 -9.5192e+01 -8.3565e+01 -7.1029e+01
-9.6689e+01 -9.4672e+01 -8.0317e+01 -6.9513e+01
-9.6571e+01 -9.3495e+01 -7.2900e+01 -6.9240e+01
-9.6669e+01 -9.4449e+01 -7.7508e+01 -6.9569e+01
# New trial
-9.6793e+01 -9.5696e+01 -8.7320e+01 -8.5476e+01
-9.6732e+01 -9.5089e+01 -8.2363e+01 -6.9523e+01
-9.6598e+01 -9.3764e+01 -7.4340e+01 -6.9228e+01
-9.6664e+01 -9.4402e+01 -7.9185e+01 -6.9227e+01
# New trial
-9.6735e+01 -9.5147e+01 -8.5633e+01 -1.0208e+02
-9.6687e+01 -9.4693e+01 -8.2335e+01 -7.1406e+01
-9.6651e+01 -9.4333e+01 -8.1898e+01 -1.2457e+02
-9.6823e+01 -9.5993e+01 -9.1696e+01 -2.1892e+02
# New trial
-9.6721e+01 -9.4998e+01 -8.5081e+01 -1.2406e+02
-9.6714e+01 -9.4922e+01 -8.2437e+01 -8.2970e+01
-9.6697e+01 -9.4765e+01 -8.5932e+01 -1.8446e+02
-9.6834e+01 -9.6092e+01 -9.0553e+01 -1.6383e+02
# New trial
-9.6821e+01 -9.5981e+01 -9.0465e+01 -1.1082e+02
-9.6766e+01 -9.5413e+01 -8.3259e+01 -6.9228e+01
-9.6668e+01 -9.4433e+01 -7.5776e+01 -6.9227e+01
-9.6664e+01 -9.4390e+01 -7.7950e+01 -6.9227e+01
# New trial
-9.6692e+01 -9.4825e+01 -8.8010e+01 -1.1643e+02
-9.6604e+01 -9.3922e+01 -7.8260e+01 -6.9239e+01
-9.6491e+01 -9.2763e+01 -7.3490e+01 -6.9320e+01
-9.6745e+01 -9.5211e+01 -8.2660e+01 -1.0605e+02
# New trial
-9.6682e+01 -9.4786e+01 -9.5051e+01 -2.1347e+02
-9.6622e+01 -9.4120e+01 -8.1914e+01 -6.9593e+01
-9.6558e+01 -9.3483e+01 -8.3779e+01 -1.5588e+02
-9.6754e+01 -9.5322e+01 -8.8614e+01 -2.1678e+02
# New trial
-9.6760e+01 -9.5368e+01 -8.4777e+01 -7.1420e+01
-9.6694e+01 -9.4716e+01 -8.0394e+01 -6.9739e+01
-9.6564e+01 -9.3448e+01 -7.5027e+01 -7.3737e+01
-9.6674e+01 -9.4515e+01 -8.1513e+01 -1.2827e+02
# New trial
-9.6800e+01 -9.5750e+01 -8.7231e+01 -9.4655e+01
-9.6741e+01 -9.5170e+01 -8.1715e+01 -6.9571e+01
-9.6634e+01 -9.4094e+01 -7.4525e+01 -6.9450e+01
-9.6678e+01 -9.4534e+01 -7.7577e+01 -6.9538e+01
# New trial
-9.6793e+01 -9.5683e+01 -8.6327e+01 -7.7116e+01
-9.6754e+01 -9.5306e+01 -8.3354e+01 -6.9254e+01
-9.6679e+01 -9.4565e+01 -7.8123e+01 -7.5768e+01
-9.6751e+01 -9.5256e+01 -8.2504e+01 -7.0875e+01
# New trial
-9.6789e+01 -9.5702e+01 -9.4258e+01 -2.1568e+02
-9.6709e+01 -9.4893e+01 -8.2537e+01 -6.9528e+01
-9.6534e+01 -9.3181e+01 -7.5982e+01 -7.1878e+01
-9.6666e+01 -9.4462e+01 -8.5902e+01 -1.8010e+02
# New trial
-9.6718e+01 -9.4980e+01 -8.4461e+01 -9.2085e+01
-9.6687e+01 -9.4668e+01 -8.1207e+01 -7.1455e+01
-9.6670e+01 -9.4507e+01 -8.2506e+01 -1.2782e+02
-9.6831e+01 -9.6064e+01 -8.9985e+01 -1.4042e+02
# New trial
-9.6772e+01 -9.5515e+01 -8.9517e+01 -1.7029e+02
-9.6726e+01 -9.5051e+01 -8.3078e+01 -7.8385e+01
-9.6669e+01 -9.4487e+01 -8.2638e+01 -1.6028e+02
-9.6793e+01 -9.5690e+01 -8.7389e+01 -1.6144e+02
# New trial
-9.6756e+01 -9.5325e+01 -8.3744e+01 -6.9696e+01
-9.6710e+01 -9.4873e+01 -8.0350e+01 -6.9615e+01
-9.6626e+01 -9.4041e+01 -7.7695e+01 -9.8211e+01
-9.6728e+01 -9.5045e+01 -8.3932e+01 -1.5375e+02
# New trial
-9.6767e+01 -9.5430e+01 -8.4743e+01 -7.2469e+01
-9.6730e+01 -9.5072e+01 -8.2139e+01 -7.2997e+01
-9.6676e+01 -9.4529e+01 -7.9862e+01 -1.1126e+02
-9.6783e+01 -9.5582e+01 -8.5781e+01 -1.2770e+02
# New trial
-9.6828e+01 -9.6037e+01 -9.0319e+01 -1.2725e+02
-9.6799e+01 -9.5753e+01 -8.7395e+01 -7.3573e+01
-9.6715e+01 -9.4913e+01 -7.9355e+01 -6.9227e+01
-9.6730e+01 -9.5054e+01 -8.0361e+01 -8.0319e+01
# New trial
-9.6720e+01 -9.5042e+01 -8.9461e+01 -1.4784e+02
-9.6676e+01 -9.4532e+01 -7.8181e+01 -6.9294e+01
-9.6625e+01 -9.4045e+01 -8.1288e+01 -1.4563e+02
-9.6743e+01 -9.5200e+01 -9.0002e+01 -2.4510e+02
# New trial
-9.6760e+01 -9.5361e+01 -8.4113e+01 -8.4792e+01
-9.6757e+01 -9.5333e+01 -8.3716e+01 -7.3585e+01
-9.6761e+01 -9.5371e+01 -8.4092e+01 -1.1036e+02
-9.6875e+01 -9.6491e+01 -9.2989e+01 -1.0970e+02
# New trial
-9.6719e+01 -9.4997e+01 -8.5693e+01 -1.1234e+02
-9.6674e+01 -9.4524e+01 -7.9528e+01 -7.0296e+01
-9.6584e+01 -9.3676e+01 -8.5634e+01 -2.0720e+02
-9.6754e+01 -9.5306e+01 -8.9693e+01 -2.5069e+02
# New trial
-9.6756e+01 -9.5331e+01 -8.5296e+01 -9.9148e+01
-9.6700e+01 -9.4760e+01 -7.9024e+01 -6.9258e+01
-9.6556e+01 -9.3323e+01 -7.1409e+01 -6.9227e+01
-9.6633e+01 -9.4087e+01 -7.4835e+01 -6.9301e+01
# New trial
-9.6795e+01 -9.5705e+01 -8.6618e+01 -9.0524e+01
-9.6777e+01 -9.5525e+01 -8.4720e+01 -8.0269e+01
-9.6767e+01 -9.5428e+01 -8.4264e+01 -1.1672e+02
-9.6860e+01 -9.6347e+01 -9.1982e+01 -1.6233e+02
# New trial
