# 0.01sig - Array shape (trial/sig/alpha): (30, 4, 4)
-1.4218e+02 -1.3449e+02 -8.6502e+01 -7.0120e+01
-1.4215e+02 -1.3416e+02 -8.4547e+01 -9.7260e+01
-1.4224e+02 -1.3500e+02 -9.2972e+01 -2.8732e+02
-1.4280e+02 -1.4049e+02 -1.2517e+02 -4.6816e+02
# New trial
-1.4226e+02 -1.3523e+02 -9.5400e+01 -1.3803e+02
-1.4220e+02 -1.3472e+02 -9.5756e+01 -1.6960e+02
-1.4230e+02 -1.3566e+02 -9.7867e+01 -2.5186e+02
-1.4285e+02 -1.4088e+02 -1.2804e+02 -4.9513e+02
# New trial
-1.4225e+02 -1.3520e+02 -8.9469e+01 -5.2727e+01
-1.4213e+02 -1.3395e+02 -8.5586e+01 -1.0821e+02
-1.4196e+02 -1.3233e+02 -8.9657e+01 -3.2796e+02
-1.4260e+02 -1.3849e+02 -1.0956e+02 -3.0227e+02
# New trial
-1.4209e+02 -1.3387e+02 -9.1531e+01 -1.3928e+02
-1.4202e+02 -1.3322e+02 -9.0644e+01 -1.7686e+02
-1.4221e+02 -1.3494e+02 -1.0049e+02 -3.2659e+02
-1.4283e+02 -1.4079e+02 -1.2547e+02 -2.9568e+02
# New trial
-1.4243e+02 -1.3682e+02 -9.7668e+01 -1.0238e+02
-1.4227e+02 -1.3520e+02 -8.4229e+01 -9.6599e+01
-1.4212e+02 -1.3370e+02 -7.5649e+01 -1.2703e+02
-1.4253e+02 -1.3777e+02 -1.0053e+02 -1.6788e+02
# New trial
-1.4230e+02 -1.3560e+02 -9.4290e+01 -1.1659e+02
-1.4218e+02 -1.3444e+02 -8.7502e+01 -1.1771e+02
-1.4207e+02 -1.3333e+02 -8.7512e+01 -2.6331e+02
-1.4264e+02 -1.3886e+02 -1.1671e+02 -4.5671e+02
# New trial
-1.4236e+02 -1.3627e+02 -1.0079e+02 -1.2552e+02
-1.4228e+02 -1.3558e+02 -1.0118e+02 -1.5633e+02
-1.4242e+02 -1.3685e+02 -1.0459e+02 -2.5178e+02
-1.4289e+02 -1.4130e+02 -1.2775e+02 -2.5168e+02
# New trial
-1.4213e+02 -1.3398e+02 -8.2481e+01 -4.3098e+01
-1.4211e+02 -1.3373e+02 -7.9361e+01 -7.8615e+01
-1.4211e+02 -1.3365e+02 -8.2198e+01 -2.3878e+02
-1.4263e+02 -1.3877e+02 -1.0695e+02 -2.2137e+02
# New trial
-1.4224e+02 -1.3510e+02 -9.5931e+01 -1.5559e+02
-1.4209e+02 -1.3371e+02 -9.1692e+01 -2.0478e+02
-1.4187e+02 -1.3150e+02 -8.7819e+01 -3.0949e+02
-1.4254e+02 -1.3784e+02 -1.0424e+02 -2.8178e+02
# New trial
-1.4216e+02 -1.3427e+02 -8.8059e+01 -1.1377e+02
-1.4217e+02 -1.3436e+02 -9.1908e+01 -2.0858e+02
-1.4231e+02 -1.3573e+02 -1.0098e+02 -3.5765e+02
-1.4288e+02 -1.4125e+02 -1.3014e+02 -3.9662e+02
# New trial
-1.4213e+02 -1.3438e+02 -9.7890e+01 -1.3717e+02
-1.4211e+02 -1.3420e+02 -1.0307e+02 -3.0024e+02
-1.4229e+02 -1.3586e+02 -1.2851e+02 -7.0320e+02
-1.4292e+02 -1.4163e+02 -1.3542e+02 -4.7104e+02
# New trial
-1.4257e+02 -1.3818e+02 -1.0224e+02 -6.3164e+01
-1.4261e+02 -1.3856e+02 -1.0450e+02 -1.0395e+02
-1.4265e+02 -1.3889e+02 -1.0584e+02 -1.5732e+02
-1.4288e+02 -1.4117e+02 -1.2485e+02 -1.5471e+02
# New trial
-1.4230e+02 -1.3551e+02 -8.9787e+01 -1.1090e+02
-1.4216e+02 -1.3414e+02 -8.0298e+01 -9.3886e+01
-1.4191e+02 -1.3167e+02 -7.3155e+01 -1.8137e+02
-1.4247e+02 -1.3710e+02 -1.0277e+02 -3.6568e+02
# New trial
-1.4257e+02 -1.3820e+02 -1.0375e+02 -7.8166e+01
-1.4247e+02 -1.3720e+02 -9.4706e+01 -7.3966e+01
-1.4235e+02 -1.3591e+02 -8.3968e+01 -1.0434e+02
-1.4258e+02 -1.3820e+02 -1.0027e+02 -1.3505e+02
# New trial
-1.4249e+02 -1.3738e+02 -9.7477e+01 -1.0352e+02
-1.4248e+02 -1.3730e+02 -9.5818e+01 -1.1690e+02
-1.4244e+02 -1.3688e+02 -9.4229e+01 -2.2819e+02
-1.4273e+02 -1.3970e+02 -1.1350e+02 -2.6083e+02
# New trial
-1.4199e+02 -1.3280e+02 -8.2397e+01 -5.0273e+01
-1.4199e+02 -1.3284e+02 -8.8266e+01 -1.4659e+02
-1.4214e+02 -1.3421e+02 -9.4939e+01 -2.5736e+02
-1.4279e+02 -1.4043e+02 -1.2385e+02 -3.3317e+02
# New trial
-1.4233e+02 -1.3597e+02 -9.8064e+01 -1.0697e+02
-1.4227e+02 -1.3548e+02 -9.9790e+01 -1.6757e+02
-1.4234e+02 -1.3603e+02 -1.0224e+02 -2.9163e+02
-1.4281e+02 -1.4052e+02 -1.2561e+02 -4.6567e+02
# New trial
-1.4209e+02 -1.3402e+02 -9.5755e+01 -1.4950e+02
-1.4205e+02 -1.3360e+02 -9.7136e+01 -2.1834e+02
-1.4215e+02 -1.3453e+02 -1.0904e+02 -4.6994e+02
-1.4282e+02 -1.4070e+02 -1.2658e+02 -3.6668e+02
# New trial
-1.4260e+02 -1.3844e+02 -1.0477e+02 -1.0316e+02
-1.4256e+02 -1.3799e+02 -1.0087e+02 -1.0533e+02
-1.4249e+02 -1.3738e+02 -9.8395e+01 -2.1985e+02
-1.4272e+02 -1.3963e+02 -1.1919e+02 -3.8916e+02
# New trial
-1.4238e+02 -1.3640e+02 -9.7224e+01 -1.2589e+02
-1.4237e+02 -1.3631e+02 -9.7470e+01 -1.3427e+02
-1.4241e+02 -1.3667e+02 -9.8728e+01 -2.1592e+02
-1.4282e+02 -1.4057e+02 -1.2106e+02 -1.9940e+02
# New trial
-1.4179e+02 -1.3111e+02 -8.1488e+01 -8.9280e+01
-1.4177e+02 -1.3111e+02 -9.1608e+01 -1.6233e+02
-1.4224e+02 -1.3529e+02 -1.0871e+02 -4.1460e+02
-1.4296e+02 -1.4207e+02 -1.3745e+02 -4.2072e+02
# New trial
-1.4234e+02 -1.3600e+02 -1.0032e+02 -1.3829e+02
-1.4231e+02 -1.3580e+02 -9.9522e+01 -1.6136e+02
-1.4232e+02 -1.3590e+02 -1.0538e+02 -3.1783e+02
-1.4279e+02 -1.4040e+02 -1.2437e+02 -3.8566e+02
# New trial
-1.4262e+02 -1.3869e+02 -1.0990e+02 -1.1608e+02
-1.4256e+02 -1.3803e+02 -1.0264e+02 -1.2240e+02
-1.4245e+02 -1.3691e+02 -9.1156e+01 -1.5514e+02
-1.4262e+02 -1.3863e+02 -1.0348e+02 -1.2411e+02
# New trial
-1.4179e+02 -1.3126e+02 -8.8657e+01 -1.4788e+02
-1.4180e+02 -1.3156e+02 -9.6055e+01 -2.2188e+02
-1.4231e+02 -1.3607e+02 -1.1566e+02 -4.6086e+02
-1.4298e+02 -1.4227e+02 -1.3964e+02 -4.5626e+02
# New trial
-1.4247e+02 -1.3730e+02 -1.0424e+02 -1.3194e+02
-1.4234e+02 -1.3602e+02 -1.0027e+02 -1.6724e+02
-1.4225e+02 -1.3518e+02 -1.0805e+02 -4.4526e+02
-1.4280e+02 -1.4041e+02 -1.2994e+02 -6.0791e+02
# New trial
-1.4244e+02 -1.3695e+02 -1.0337e+02 -1.7504e+02
-1.4245e+02 -1.3706e+02 -1.0226e+02 -1.8366e+02
-1.4247e+02 -1.3726e+02 -1.0703e+02 -3.3251e+02
-1.4283e+02 -1.4069e+02 -1.2431e+02 -3.7757e+02
# New trial
-1.4251e+02 -1.3763e+02 -1.0334e+02 -1.1914e+02
-1.4237e+02 -1.3628e+02 -9.5631e+01 -1.0990e+02
-1.4227e+02 -1.3523e+02 -9.4679e+01 -2.8702e+02
-1.4261e+02 -1.3859e+02 -1.2161e+02 -5.7944e+02
# New trial
-1.4251e+02 -1.3761e+02 -1.0122e+02 -8.7877e+01
-1.4233e+02 -1.3591e+02 -9.3746e+01 -8.4824e+01
-1.4212e+02 -1.3381e+02 -9.0125e+01 -2.6820e+02
-1.4256e+02 -1.3801e+02 -1.0806e+02 -3.8690e+02
# New trial
-1.4247e+02 -1.3721e+02 -1.0165e+02 -1.1134e+02
-1.4250e+02 -1.3748e+02 -9.8826e+01 -8.9499e+01
-1.4252e+02 -1.3764e+02 -9.6814e+01 -1.3016e+02
-1.4282e+02 -1.4055e+02 -1.1973e+02 -1.7459e+02
# New trial
-1.4228e+02 -1.3550e+02 -9.9694e+01 -2.0175e+02
-1.4227e+02 -1.3531e+02 -9.2241e+01 -1.8865e+02
-1.4234e+02 -1.3597e+02 -9.8753e+01 -3.2970e+02
-1.4285e+02 -1.4087e+02 -1.2457e+02 -3.2953e+02
# New trial
