# 0.1sig - Array shape (trial/sig/alpha): (30L, 4L, 4L)
-1.0579e+02 -1.0277e+02 -8.9334e+01 -1.8741e+02
-1.0574e+02 -1.0225e+02 -8.3016e+01 -7.0167e+01
-1.0567e+02 -1.0157e+02 -8.6308e+01 -1.8564e+02
-1.0599e+02 -1.0463e+02 -1.0129e+02 -3.2025e+02
# New trial
-1.0590e+02 -1.0376e+02 -8.8227e+01 -8.7996e+01
-1.0583e+02 -1.0302e+02 -8.2638e+01 -6.4902e+01
-1.0568e+02 -1.0157e+02 -7.1882e+01 -6.4613e+01
-1.0582e+02 -1.0290e+02 -8.0095e+01 -8.0324e+01
# New trial
-1.0590e+02 -1.0378e+02 -9.2665e+01 -1.5476e+02
-1.0579e+02 -1.0259e+02 -7.8421e+01 -6.4637e+01
-1.0558e+02 -1.0052e+02 -6.9437e+01 -6.4623e+01
-1.0568e+02 -1.0148e+02 -7.5963e+01 -1.1655e+02
# New trial
-1.0586e+02 -1.0337e+02 -9.0736e+01 -2.1678e+02
-1.0580e+02 -1.0274e+02 -7.9526e+01 -6.4808e+01
-1.0562e+02 -1.0096e+02 -7.0925e+01 -6.5648e+01
-1.0569e+02 -1.0159e+02 -7.5413e+01 -7.3229e+01
# New trial
-1.0598e+02 -1.0451e+02 -9.6409e+01 -1.5903e+02
-1.0591e+02 -1.0382e+02 -8.7417e+01 -6.5751e+01
-1.0581e+02 -1.0279e+02 -8.0030e+01 -8.7796e+01
-1.0595e+02 -1.0420e+02 -8.9024e+01 -1.1666e+02
# New trial
-1.0601e+02 -1.0476e+02 -9.4663e+01 -9.4415e+01
-1.0594e+02 -1.0412e+02 -8.9358e+01 -6.5891e+01
-1.0588e+02 -1.0349e+02 -8.4816e+01 -9.3183e+01
-1.0602e+02 -1.0487e+02 -9.4296e+01 -1.1797e+02
# New trial
-1.0593e+02 -1.0401e+02 -8.8889e+01 -7.1289e+01
-1.0587e+02 -1.0339e+02 -8.4283e+01 -6.5188e+01
-1.0573e+02 -1.0205e+02 -7.4669e+01 -6.4641e+01
-1.0585e+02 -1.0320e+02 -8.1509e+01 -8.5124e+01
# New trial
-1.0585e+02 -1.0331e+02 -9.0949e+01 -1.5912e+02
-1.0582e+02 -1.0300e+02 -8.4826e+01 -6.7395e+01
-1.0580e+02 -1.0275e+02 -8.1294e+01 -1.0454e+02
-1.0601e+02 -1.0474e+02 -9.3624e+01 -1.0881e+02
# New trial
-1.0579e+02 -1.0278e+02 -8.6054e+01 -7.0572e+01
-1.0569e+02 -1.0181e+02 -8.0607e+01 -6.5360e+01
-1.0560e+02 -1.0089e+02 -7.8540e+01 -1.4336e+02
-1.0596e+02 -1.0433e+02 -9.4981e+01 -2.8644e+02
# New trial
-1.0590e+02 -1.0369e+02 -8.6641e+01 -6.6457e+01
-1.0582e+02 -1.0297e+02 -8.2030e+01 -6.5192e+01
-1.0569e+02 -1.0160e+02 -7.3462e+01 -7.3488e+01
-1.0583e+02 -1.0299e+02 -8.1785e+01 -1.3137e+02
# New trial
-1.0596e+02 -1.0425e+02 -9.0598e+01 -7.0811e+01
-1.0587e+02 -1.0337e+02 -8.3899e+01 -6.6483e+01
-1.0569e+02 -1.0161e+02 -7.5065e+01 -7.9218e+01
-1.0580e+02 -1.0274e+02 -8.1393e+01 -1.1271e+02
# New trial
-1.0587e+02 -1.0342e+02 -8.7337e+01 -1.0946e+02
-1.0582e+02 -1.0295e+02 -8.4196e+01 -6.5373e+01
-1.0577e+02 -1.0243e+02 -8.1158e+01 -9.8604e+01
-1.0602e+02 -1.0491e+02 -9.6997e+01 -2.3273e+02
# New trial
-1.0586e+02 -1.0336e+02 -8.8314e+01 -1.2603e+02
-1.0584e+02 -1.0315e+02 -8.3403e+01 -6.6668e+01
-1.0580e+02 -1.0271e+02 -8.2656e+01 -1.3838e+02
-1.0601e+02 -1.0480e+02 -9.7048e+01 -2.5908e+02
# New trial
-1.0600e+02 -1.0471e+02 -9.6208e+01 -1.2976e+02
-1.0592e+02 -1.0391e+02 -8.6366e+01 -6.4894e+01
-1.0578e+02 -1.0251e+02 -7.7161e+01 -8.0996e+01
-1.0578e+02 -1.0249e+02 -7.8288e+01 -7.2193e+01
# New trial
-1.0581e+02 -1.0300e+02 -9.3055e+01 -1.2188e+02
-1.0567e+02 -1.0161e+02 -8.0100e+01 -6.5391e+01
-1.0551e+02 -9.9977e+01 -7.5588e+01 -9.4622e+01
-1.0591e+02 -1.0383e+02 -8.9159e+01 -1.9095e+02
# New trial
-1.0578e+02 -1.0275e+02 -1.0085e+02 -3.0859e+02
-1.0567e+02 -1.0155e+02 -7.7861e+01 -6.5356e+01
-1.0552e+02 -1.0003e+02 -7.8641e+01 -1.5573e+02
-1.0581e+02 -1.0278e+02 -8.5382e+01 -1.7420e+02
# New trial
-1.0591e+02 -1.0375e+02 -8.6486e+01 -6.5154e+01
-1.0582e+02 -1.0291e+02 -8.0722e+01 -6.4790e+01
-1.0568e+02 -1.0154e+02 -7.5759e+01 -9.1552e+01
-1.0586e+02 -1.0331e+02 -8.9329e+01 -2.5201e+02
# New trial
-1.0597e+02 -1.0438e+02 -9.1303e+01 -9.0694e+01
-1.0588e+02 -1.0352e+02 -8.3293e+01 -6.4666e+01
-1.0574e+02 -1.0214e+02 -7.5202e+01 -9.7512e+01
-1.0583e+02 -1.0299e+02 -8.0211e+01 -1.1467e+02
# New trial
-1.0595e+02 -1.0415e+02 -8.8034e+01 -6.6041e+01
-1.0589e+02 -1.0356e+02 -8.3883e+01 -6.5094e+01
-1.0579e+02 -1.0258e+02 -7.8509e+01 -7.9075e+01
-1.0591e+02 -1.0384e+02 -8.9337e+01 -2.1970e+02
# New trial
-1.0596e+02 -1.0435e+02 -1.0285e+02 -2.6018e+02
-1.0585e+02 -1.0321e+02 -8.5384e+01 -6.6438e+01
-1.0566e+02 -1.0137e+02 -7.6947e+01 -9.6349e+01
-1.0586e+02 -1.0331e+02 -8.7090e+01 -1.9841e+02
# New trial
-1.0588e+02 -1.0357e+02 -9.2003e+01 -1.6959e+02
-1.0583e+02 -1.0300e+02 -8.3199e+01 -6.6805e+01
-1.0576e+02 -1.0233e+02 -8.1642e+01 -1.2931e+02
-1.0597e+02 -1.0440e+02 -9.3120e+01 -1.8936e+02
# New trial
-1.0593e+02 -1.0401e+02 -9.5614e+01 -2.3946e+02
-1.0587e+02 -1.0341e+02 -8.5887e+01 -6.5470e+01
-1.0579e+02 -1.0262e+02 -8.0397e+01 -9.6154e+01
-1.0597e+02 -1.0437e+02 -9.2845e+01 -2.1913e+02
# New trial
-1.0591e+02 -1.0376e+02 -8.6963e+01 -7.1424e+01
-1.0584e+02 -1.0314e+02 -8.2486e+01 -6.5300e+01
-1.0574e+02 -1.0215e+02 -7.7909e+01 -1.1246e+02
-1.0589e+02 -1.0354e+02 -8.4551e+01 -1.2014e+02
# New trial
-1.0592e+02 -1.0393e+02 -8.8163e+01 -6.9712e+01
-1.0586e+02 -1.0335e+02 -8.4193e+01 -7.2436e+01
-1.0578e+02 -1.0253e+02 -7.7808e+01 -8.1597e+01
-1.0593e+02 -1.0402e+02 -8.6986e+01 -7.4042e+01
# New trial
-1.0601e+02 -1.0479e+02 -9.6928e+01 -2.2412e+02
-1.0597e+02 -1.0442e+02 -9.1815e+01 -7.4731e+01
-1.0588e+02 -1.0353e+02 -8.3788e+01 -8.9880e+01
-1.0593e+02 -1.0400e+02 -8.7565e+01 -1.3065e+02
# New trial
-1.0587e+02 -1.0355e+02 -9.5249e+01 -2.0609e+02
-1.0579e+02 -1.0261e+02 -7.8130e+01 -6.4640e+01
-1.0567e+02 -1.0143e+02 -7.5624e+01 -1.0283e+02
-1.0586e+02 -1.0333e+02 -8.3469e+01 -8.5036e+01
# New trial
-1.0591e+02 -1.0378e+02 -8.7465e+01 -1.3182e+02
-1.0590e+02 -1.0374e+02 -8.6035e+01 -7.1381e+01
-1.0591e+02 -1.0375e+02 -8.6047e+01 -1.0917e+02
-1.0607e+02 -1.0533e+02 -9.8488e+01 -1.2670e+02
# New trial
-1.0586e+02 -1.0339e+02 -9.0317e+01 -1.4036e+02
-1.0579e+02 -1.0262e+02 -8.0577e+01 -6.6435e+01
-1.0563e+02 -1.0109e+02 -7.8823e+01 -1.2631e+02
-1.0586e+02 -1.0328e+02 -9.2453e+01 -2.6339e+02
# New trial
-1.0591e+02 -1.0382e+02 -8.9179e+01 -8.6279e+01
-1.0583e+02 -1.0304e+02 -8.1022e+01 -6.4841e+01
-1.0567e+02 -1.0142e+02 -7.2424e+01 -7.3602e+01
-1.0580e+02 -1.0268e+02 -7.8635e+01 -8.0277e+01
# New trial
-1.0596e+02 -1.0426e+02 -9.0131e+01 -8.8992e+01
-1.0594e+02 -1.0408e+02 -8.8160e+01 -8.0109e+01
-1.0594e+02 -1.0411e+02 -8.7941e+01 -9.8521e+01
-1.0607e+02 -1.0537e+02 -9.8837e+01 -1.0301e+02
# New trial
