# 0.01sig - Array shape (trial/sig/alpha): (30L, 4L, 4L)
-3.2316e+01 -3.2422e+01 -3.4995e+01 -7.9214e+01
-3.2316e+01 -3.2417e+01 -3.4845e+01 -8.0307e+01
-3.2306e+01 -3.2307e+01 -3.2903e+01 -6.7543e+01
-3.2305e+01 -3.2302e+01 -3.2314e+01 -4.3467e+01
# New trial
-3.2319e+01 -3.2490e+01 -3.8225e+01 -1.1388e+02
-3.2303e+01 -3.2290e+01 -3.3236e+01 -5.7826e+01
-3.2304e+01 -3.2288e+01 -3.2318e+01 -4.5596e+01
-3.2306e+01 -3.2305e+01 -3.2311e+01 -3.6598e+01
# New trial
-3.2360e+01 -3.2927e+01 -4.1985e+01 -1.5177e+02
-3.2354e+01 -3.2830e+01 -3.9800e+01 -1.2484e+02
-3.2312e+01 -3.2380e+01 -3.3636e+01 -6.6686e+01
-3.2306e+01 -3.2306e+01 -3.2353e+01 -3.8464e+01
# New trial
-3.2309e+01 -3.2402e+01 -3.6740e+01 -1.0055e+02
-3.2311e+01 -3.2408e+01 -3.6227e+01 -9.5440e+01
-3.2305e+01 -3.2313e+01 -3.3075e+01 -5.5525e+01
-3.2306e+01 -3.2309e+01 -3.2556e+01 -5.4288e+01
# New trial
-3.2316e+01 -3.2433e+01 -3.5637e+01 -8.6904e+01
-3.2311e+01 -3.2373e+01 -3.4540e+01 -7.5602e+01
-3.2308e+01 -3.2329e+01 -3.2838e+01 -5.5367e+01
-3.2306e+01 -3.2305e+01 -3.2306e+01 -3.3606e+01
# New trial
-3.2257e+01 -3.1872e+01 -3.1335e+01 -4.7701e+01
-3.2292e+01 -3.2194e+01 -3.2511e+01 -5.3112e+01
-3.2304e+01 -3.2295e+01 -3.2574e+01 -5.0429e+01
-3.2306e+01 -3.2304e+01 -3.2330e+01 -4.1266e+01
# New trial
-3.2315e+01 -3.2463e+01 -3.9719e+01 -1.3972e+02
-3.2308e+01 -3.2351e+01 -3.4488e+01 -7.4449e+01
-3.2304e+01 -3.2298e+01 -3.2837e+01 -6.0721e+01
-3.2306e+01 -3.2305e+01 -3.2348e+01 -4.3444e+01
# New trial
-3.2347e+01 -3.2757e+01 -3.8904e+01 -1.1891e+02
-3.2342e+01 -3.2687e+01 -3.7266e+01 -9.5539e+01
-3.2314e+01 -3.2392e+01 -3.3487e+01 -5.9525e+01
-3.2306e+01 -3.2309e+01 -3.2383e+01 -4.3932e+01
# New trial
-3.2264e+01 -3.1963e+01 -3.2694e+01 -6.0576e+01
-3.2288e+01 -3.2170e+01 -3.3115e+01 -6.0317e+01
-3.2304e+01 -3.2294e+01 -3.2702e+01 -5.1326e+01
-3.2306e+01 -3.2307e+01 -3.2347e+01 -4.0267e+01
# New trial
-3.2277e+01 -3.2053e+01 -3.3153e+01 -6.3400e+01
-3.2290e+01 -3.2160e+01 -3.2719e+01 -6.2823e+01
-3.2302e+01 -3.2273e+01 -3.2322e+01 -5.3986e+01
-3.2306e+01 -3.2306e+01 -3.2319e+01 -3.6940e+01
# New trial
-3.2291e+01 -3.2191e+01 -3.4215e+01 -7.6251e+01
-3.2285e+01 -3.2118e+01 -3.1625e+01 -3.8960e+01
-3.2302e+01 -3.2274e+01 -3.2357e+01 -4.8893e+01
-3.2306e+01 -3.2309e+01 -3.2368e+01 -4.3967e+01
# New trial
-3.2301e+01 -3.2261e+01 -3.2064e+01 -3.9337e+01
-3.2301e+01 -3.2263e+01 -3.1963e+01 -3.4565e+01
-3.2305e+01 -3.2297e+01 -3.2238e+01 -3.4005e+01
-3.2306e+01 -3.2305e+01 -3.2298e+01 -3.2276e+01
# New trial
-3.2323e+01 -3.2511e+01 -3.8764e+01 -1.2750e+02
-3.2328e+01 -3.2544e+01 -3.6763e+01 -1.0784e+02
-3.2311e+01 -3.2364e+01 -3.3592e+01 -7.7015e+01
-3.2306e+01 -3.2308e+01 -3.2383e+01 -4.9109e+01
# New trial
-3.2301e+01 -3.2259e+01 -3.2357e+01 -4.5718e+01
-3.2304e+01 -3.2294e+01 -3.2483e+01 -4.5594e+01
-3.2305e+01 -3.2301e+01 -3.2327e+01 -3.7011e+01
-3.2306e+01 -3.2305e+01 -3.2301e+01 -3.2466e+01
# New trial
-3.2318e+01 -3.2436e+01 -3.4487e+01 -6.7123e+01
-3.2310e+01 -3.2352e+01 -3.3248e+01 -5.5720e+01
-3.2305e+01 -3.2301e+01 -3.2350e+01 -4.4210e+01
-3.2306e+01 -3.2304e+01 -3.2296e+01 -3.2348e+01
# New trial
-3.2333e+01 -3.2609e+01 -3.8313e+01 -1.1872e+02
-3.2329e+01 -3.2550e+01 -3.5885e+01 -8.3828e+01
-3.2312e+01 -3.2372e+01 -3.3168e+01 -5.2205e+01
-3.2306e+01 -3.2306e+01 -3.2306e+01 -3.2496e+01
# New trial
-3.2320e+01 -3.2516e+01 -3.7513e+01 -1.0449e+02
-3.2315e+01 -3.2456e+01 -3.6072e+01 -8.6896e+01
-3.2304e+01 -3.2304e+01 -3.3241e+01 -6.3232e+01
-3.2305e+01 -3.2299e+01 -3.2545e+01 -5.6294e+01
# New trial
-3.2322e+01 -3.2582e+01 -4.1699e+01 -1.5146e+02
-3.2308e+01 -3.2361e+01 -3.5768e+01 -9.0111e+01
-3.2306e+01 -3.2309e+01 -3.2969e+01 -6.0562e+01
-3.2306e+01 -3.2306e+01 -3.2336e+01 -4.2259e+01
# New trial
-3.2308e+01 -3.2345e+01 -3.4235e+01 -7.0188e+01
-3.2305e+01 -3.2307e+01 -3.2810e+01 -5.0983e+01
-3.2305e+01 -3.2300e+01 -3.2308e+01 -3.8018e+01
-3.2306e+01 -3.2305e+01 -3.2302e+01 -3.2333e+01
# New trial
-3.2311e+01 -3.2365e+01 -3.3781e+01 -6.9752e+01
-3.2309e+01 -3.2335e+01 -3.2900e+01 -5.2760e+01
-3.2306e+01 -3.2305e+01 -3.2328e+01 -3.7667e+01
-3.2306e+01 -3.2305e+01 -3.2302e+01 -3.2321e+01
# New trial
-3.2308e+01 -3.2333e+01 -3.2800e+01 -4.9811e+01
-3.2307e+01 -3.2318e+01 -3.2618e+01 -4.6993e+01
-3.2305e+01 -3.2296e+01 -3.2246e+01 -3.5468e+01
-3.2306e+01 -3.2305e+01 -3.2301e+01 -3.3161e+01
# New trial
-3.2215e+01 -3.1497e+01 -2.9688e+01 -3.6686e+01
-3.2279e+01 -3.2076e+01 -3.1885e+01 -4.0801e+01
-3.2303e+01 -3.2289e+01 -3.2863e+01 -5.8133e+01
-3.2305e+01 -3.2297e+01 -3.2291e+01 -3.7918e+01
# New trial
-3.2327e+01 -3.2539e+01 -3.7648e+01 -1.1680e+02
-3.2324e+01 -3.2499e+01 -3.5279e+01 -7.9480e+01
-3.2313e+01 -3.2375e+01 -3.3180e+01 -5.3010e+01
-3.2306e+01 -3.2308e+01 -3.2346e+01 -4.0716e+01
# New trial
-3.2341e+01 -3.2735e+01 -4.1283e+01 -1.4897e+02
-3.2322e+01 -3.2515e+01 -3.7015e+01 -9.9386e+01
-3.2304e+01 -3.2294e+01 -3.2578e+01 -4.1875e+01
-3.2305e+01 -3.2304e+01 -3.2380e+01 -4.1964e+01
# New trial
-3.2250e+01 -3.1783e+01 -3.1305e+01 -5.2323e+01
-3.2271e+01 -3.1970e+01 -3.0175e+01 -2.7818e+01
-3.2297e+01 -3.2224e+01 -3.1849e+01 -4.4019e+01
-3.2306e+01 -3.2305e+01 -3.2317e+01 -4.0454e+01
# New trial
-3.2330e+01 -3.2582e+01 -3.8573e+01 -1.2274e+02
-3.2321e+01 -3.2473e+01 -3.5466e+01 -8.0986e+01
-3.2306e+01 -3.2314e+01 -3.2559e+01 -4.2613e+01
-3.2306e+01 -3.2306e+01 -3.2331e+01 -4.0846e+01
# New trial
-3.2306e+01 -3.2364e+01 -3.6520e+01 -9.9473e+01
-3.2306e+01 -3.2345e+01 -3.4921e+01 -8.2247e+01
-3.2306e+01 -3.2313e+01 -3.2931e+01 -5.5261e+01
-3.2306e+01 -3.2305e+01 -3.2320e+01 -3.9777e+01
# New trial
-3.2341e+01 -3.2700e+01 -3.9811e+01 -1.3489e+02
-3.2347e+01 -3.2744e+01 -3.8281e+01 -1.1102e+02
-3.2312e+01 -3.2371e+01 -3.3361e+01 -6.0348e+01
-3.2306e+01 -3.2306e+01 -3.2329e+01 -3.5454e+01
# New trial
-3.2345e+01 -3.2775e+01 -4.1542e+01 -1.5565e+02
-3.2326e+01 -3.2523e+01 -3.5613e+01 -7.9545e+01
-3.2310e+01 -3.2350e+01 -3.3014e+01 -5.5585e+01
-3.2306e+01 -3.2306e+01 -3.2338e+01 -4.3758e+01
# New trial
-3.2320e+01 -3.2528e+01 -4.2144e+01 -1.5906e+02
-3.2307e+01 -3.2331e+01 -3.4371e+01 -7.9095e+01
-3.2303e+01 -3.2280e+01 -3.2585e+01 -6.3914e+01
-3.2306e+01 -3.2303e+01 -3.2417e+01 -5.5575e+01
# New trial
