# 0.01sig - Array shape (trial/sig/alpha): (30, 4, 4)
-1.3301e+02 -1.2597e+02 -9.7109e+01 -3.6922e+02
-1.3299e+02 -1.2576e+02 -9.2524e+01 -3.6435e+02
-1.3307e+02 -1.2641e+02 -8.7633e+01 -3.6364e+02
-1.3358e+02 -1.3133e+02 -1.1218e+02 -1.8449e+02
# New trial
-1.3296e+02 -1.2583e+02 -1.1158e+02 -4.9149e+02
-1.3298e+02 -1.2577e+02 -9.8995e+01 -3.1661e+02
-1.3315e+02 -1.2721e+02 -1.0114e+02 -3.7045e+02
-1.3367e+02 -1.3217e+02 -1.2307e+02 -4.8037e+02
# New trial
-1.3294e+02 -1.2583e+02 -1.0973e+02 -4.5428e+02
-1.3287e+02 -1.2480e+02 -9.2670e+01 -3.4761e+02
-1.3279e+02 -1.2367e+02 -8.3472e+01 -4.1296e+02
-1.3343e+02 -1.2984e+02 -1.0620e+02 -5.0376e+02
# New trial
-1.3282e+02 -1.2467e+02 -1.0441e+02 -4.9259e+02
-1.3277e+02 -1.2418e+02 -9.8889e+01 -4.7812e+02
-1.3304e+02 -1.2630e+02 -1.0772e+02 -6.6845e+02
-1.3367e+02 -1.3217e+02 -1.2195e+02 -4.3989e+02
# New trial
-1.3331e+02 -1.2892e+02 -1.1385e+02 -4.1182e+02
-1.3314e+02 -1.2714e+02 -9.7343e+01 -3.3757e+02
-1.3298e+02 -1.2547e+02 -8.6389e+01 -3.5423e+02
-1.3336e+02 -1.2908e+02 -1.0194e+02 -4.5333e+02
# New trial
-1.3302e+02 -1.2635e+02 -1.0689e+02 -4.6848e+02
-1.3297e+02 -1.2559e+02 -8.8030e+01 -2.7789e+02
-1.3294e+02 -1.2505e+02 -8.3120e+01 -3.4514e+02
-1.3350e+02 -1.3052e+02 -1.0587e+02 -2.4396e+02
# New trial
-1.3302e+02 -1.2620e+02 -1.0413e+02 -4.2812e+02
-1.3302e+02 -1.2607e+02 -9.2352e+01 -2.8132e+02
-1.3327e+02 -1.2833e+02 -9.8093e+01 -3.3625e+02
-1.3372e+02 -1.3264e+02 -1.2430e+02 -3.1571e+02
# New trial
-1.3307e+02 -1.2680e+02 -1.0183e+02 -3.5140e+02
-1.3306e+02 -1.2641e+02 -8.9096e+01 -2.6890e+02
-1.3303e+02 -1.2588e+02 -8.4568e+01 -3.5286e+02
-1.3349e+02 -1.3035e+02 -1.0592e+02 -3.3416e+02
# New trial
-1.3307e+02 -1.2688e+02 -1.1753e+02 -5.5242e+02
-1.3296e+02 -1.2567e+02 -1.0710e+02 -5.1313e+02
-1.3280e+02 -1.2393e+02 -1.0993e+02 -6.4625e+02
-1.3346e+02 -1.3013e+02 -1.1897e+02 -5.7828e+02
# New trial
-1.3303e+02 -1.2640e+02 -1.1141e+02 -4.9612e+02
-1.3307e+02 -1.2655e+02 -1.0058e+02 -3.9421e+02
-1.3325e+02 -1.2822e+02 -1.0898e+02 -5.7010e+02
-1.3372e+02 -1.3273e+02 -1.2845e+02 -4.9407e+02
# New trial
-1.3279e+02 -1.2421e+02 -9.7233e+01 -3.3340e+02
-1.3285e+02 -1.2471e+02 -9.5297e+01 -3.8362e+02
-1.3315e+02 -1.2749e+02 -1.2498e+02 -7.6551e+02
-1.3373e+02 -1.3287e+02 -1.3317e+02 -5.3431e+02
# New trial
-1.3332e+02 -1.2875e+02 -9.2746e+01 -1.1932e+02
-1.3337e+02 -1.2921e+02 -9.4645e+01 -1.0420e+02
-1.3344e+02 -1.2993e+02 -1.0039e+02 -1.8452e+02
-1.3369e+02 -1.3241e+02 -1.2110e+02 -2.9539e+02
# New trial
-1.3308e+02 -1.2671e+02 -1.0825e+02 -4.5817e+02
-1.3301e+02 -1.2594e+02 -9.4117e+01 -3.8663e+02
-1.3284e+02 -1.2413e+02 -8.9490e+01 -3.9466e+02
-1.3339e+02 -1.2944e+02 -1.0774e+02 -4.2344e+02
# New trial
-1.3332e+02 -1.2875e+02 -9.5539e+01 -1.7816e+02
-1.3325e+02 -1.2804e+02 -8.8169e+01 -1.2970e+02
-1.3318e+02 -1.2736e+02 -8.5539e+01 -2.2312e+02
-1.3345e+02 -1.2994e+02 -1.0055e+02 -2.0320e+02
# New trial
-1.3323e+02 -1.2793e+02 -9.8206e+01 -3.0817e+02
-1.3327e+02 -1.2826e+02 -9.4242e+01 -2.7058e+02
-1.3329e+02 -1.2846e+02 -9.6803e+01 -3.8285e+02
-1.3359e+02 -1.3140e+02 -1.1406e+02 -3.2455e+02
# New trial
-1.3294e+02 -1.2551e+02 -1.0116e+02 -3.7417e+02
-1.3292e+02 -1.2532e+02 -9.6575e+01 -2.9987e+02
-1.3306e+02 -1.2647e+02 -1.0032e+02 -4.1067e+02
-1.3364e+02 -1.3190e+02 -1.1983e+02 -3.4511e+02
# New trial
-1.3295e+02 -1.2556e+02 -9.2872e+01 -2.3507e+02
-1.3299e+02 -1.2587e+02 -9.4456e+01 -2.5042e+02
-1.3312e+02 -1.2704e+02 -1.0063e+02 -4.1795e+02
-1.3362e+02 -1.3171e+02 -1.2009e+02 -5.4924e+02
# New trial
-1.3302e+02 -1.2711e+02 -1.3891e+02 -7.4288e+02
-1.3298e+02 -1.2628e+02 -1.1611e+02 -5.6561e+02
-1.3302e+02 -1.2636e+02 -1.1075e+02 -6.2886e+02
-1.3361e+02 -1.3168e+02 -1.2185e+02 -4.2422e+02
# New trial
-1.3343e+02 -1.2993e+02 -1.1072e+02 -3.1079e+02
-1.3340e+02 -1.2952e+02 -9.9032e+01 -1.8360e+02
-1.3329e+02 -1.2838e+02 -8.6003e+01 -1.4612e+02
-1.3347e+02 -1.3020e+02 -1.0022e+02 -9.2141e+01
# New trial
-1.3321e+02 -1.2775e+02 -9.6283e+01 -2.5660e+02
-1.3321e+02 -1.2777e+02 -9.6688e+01 -2.3670e+02
-1.3326e+02 -1.2827e+02 -1.0419e+02 -4.4256e+02
-1.3364e+02 -1.3192e+02 -1.2556e+02 -5.7299e+02
# New trial
-1.3267e+02 -1.2298e+02 -8.3879e+01 -2.5752e+02
-1.3266e+02 -1.2296e+02 -8.4565e+01 -1.9105e+02
-1.3310e+02 -1.2696e+02 -1.0411e+02 -3.9178e+02
-1.3375e+02 -1.3303e+02 -1.3121e+02 -4.4906e+02
# New trial
-1.3308e+02 -1.2683e+02 -1.1430e+02 -5.3824e+02
-1.3309e+02 -1.2672e+02 -9.7694e+01 -3.1638e+02
-1.3312e+02 -1.2693e+02 -9.2143e+01 -3.3484e+02
-1.3360e+02 -1.3150e+02 -1.1428e+02 -1.3302e+02
# New trial
-1.3336e+02 -1.2926e+02 -1.1047e+02 -3.5634e+02
-1.3334e+02 -1.2894e+02 -1.0040e+02 -2.5966e+02
-1.3327e+02 -1.2817e+02 -8.7950e+01 -1.8550e+02
-1.3345e+02 -1.3001e+02 -1.0352e+02 -2.8657e+02
# New trial
-1.3259e+02 -1.2318e+02 -1.1395e+02 -5.2882e+02
-1.3265e+02 -1.2362e+02 -1.1013e+02 -4.5331e+02
-1.3311e+02 -1.2743e+02 -1.2634e+02 -6.5783e+02
-1.3373e+02 -1.3292e+02 -1.3132e+02 -5.0738e+02
# New trial
-1.3318e+02 -1.2751e+02 -9.6598e+01 -2.5871e+02
-1.3309e+02 -1.2664e+02 -9.1041e+01 -2.0639e+02
-1.3303e+02 -1.2603e+02 -9.4060e+01 -3.8423e+02
-1.3358e+02 -1.3131e+02 -1.1744e+02 -4.3842e+02
# New trial
-1.3313e+02 -1.2721e+02 -1.0960e+02 -4.6875e+02
-1.3317e+02 -1.2742e+02 -9.7698e+01 -2.6514e+02
-1.3324e+02 -1.2804e+02 -9.5312e+01 -2.5389e+02
-1.3362e+02 -1.3173e+02 -1.1751e+02 -3.1693e+02
# New trial
-1.3329e+02 -1.2870e+02 -1.1253e+02 -4.0689e+02
-1.3318e+02 -1.2760e+02 -1.0081e+02 -3.3418e+02
-1.3310e+02 -1.2665e+02 -9.1005e+01 -4.1057e+02
-1.3345e+02 -1.3002e+02 -1.1611e+02 -5.7980e+02
# New trial
-1.3326e+02 -1.2834e+02 -1.0869e+02 -3.8010e+02
-1.3314e+02 -1.2722e+02 -9.4993e+01 -2.4939e+02
-1.3299e+02 -1.2566e+02 -8.7877e+01 -3.2730e+02
-1.3342e+02 -1.2975e+02 -1.0716e+02 -3.9737e+02
# New trial
-1.3329e+02 -1.2877e+02 -1.2114e+02 -5.2328e+02
-1.3331e+02 -1.2870e+02 -9.9203e+01 -2.6539e+02
-1.3337e+02 -1.2917e+02 -9.6335e+01 -2.6578e+02
-1.3366e+02 -1.3203e+02 -1.1756e+02 -2.5162e+02
# New trial
-1.3311e+02 -1.2718e+02 -1.3309e+02 -7.6763e+02
-1.3309e+02 -1.2677e+02 -1.0073e+02 -4.3876e+02
-1.3317e+02 -1.2729e+02 -9.1864e+01 -3.2580e+02
-1.3363e+02 -1.3181e+02 -1.1666e+02 -2.5941e+02
# New trial
