# 0.01sig - Array shape (trial/sig/alpha): (30L, 4L, 4L)
-9.1798e+01 -8.7623e+01 -7.7183e+01 -3.0922e+02
-9.1820e+01 -8.7784e+01 -7.5919e+01 -3.0556e+02
-9.1911e+01 -8.8539e+01 -7.4073e+01 -3.4445e+02
-9.2206e+01 -9.1363e+01 -8.5865e+01 -3.0145e+02
# New trial
-9.1729e+01 -8.7072e+01 -8.3627e+01 -3.8138e+02
-9.1760e+01 -8.7245e+01 -7.4582e+01 -2.5718e+02
-9.1953e+01 -8.9006e+01 -7.6246e+01 -2.5040e+02
-9.2249e+01 -9.1792e+01 -8.9297e+01 -2.4783e+02
# New trial
-9.1752e+01 -8.7360e+01 -7.8560e+01 -3.0795e+02
-9.1762e+01 -8.7309e+01 -7.2711e+01 -2.7022e+02
-9.1801e+01 -8.7490e+01 -6.9913e+01 -2.9764e+02
-9.2185e+01 -9.1161e+01 -8.6521e+01 -3.5078e+02
# New trial
-9.1656e+01 -8.6699e+01 -9.1469e+01 -4.6836e+02
-9.1652e+01 -8.6634e+01 -8.8052e+01 -4.3201e+02
-9.1961e+01 -8.9195e+01 -8.3416e+01 -3.5706e+02
-9.2275e+01 -9.2082e+01 -9.3674e+01 -3.4848e+02
# New trial
-9.1969e+01 -8.9276e+01 -8.7043e+01 -3.4501e+02
-9.1879e+01 -8.8331e+01 -7.7382e+01 -3.0630e+02
-9.1876e+01 -8.8168e+01 -7.0601e+01 -2.7328e+02
-9.2169e+01 -9.0994e+01 -8.3616e+01 -2.1681e+02
# New trial
-9.1772e+01 -8.7505e+01 -8.3061e+01 -3.7640e+02
-9.1830e+01 -8.7915e+01 -7.5244e+01 -2.5768e+02
-9.1986e+01 -8.9278e+01 -8.1098e+01 -3.2992e+02
-9.2246e+01 -9.1759e+01 -8.8581e+01 -2.4524e+02
# New trial
-9.1769e+01 -8.7492e+01 -8.4947e+01 -3.5641e+02
-9.1821e+01 -8.7899e+01 -7.8731e+01 -2.5379e+02
-9.2064e+01 -9.0076e+01 -8.2503e+01 -2.7188e+02
-9.2283e+01 -9.2111e+01 -9.0997e+01 -1.7296e+02
# New trial
-9.1651e+01 -8.6389e+01 -7.2758e+01 -2.7589e+02
-9.1724e+01 -8.6888e+01 -6.9229e+01 -2.3121e+02
-9.1889e+01 -8.8291e+01 -7.4029e+01 -2.9074e+02
-9.2218e+01 -9.1471e+01 -8.6728e+01 -2.4633e+02
# New trial
-9.1793e+01 -8.7741e+01 -8.6011e+01 -3.7854e+02
-9.1797e+01 -8.7731e+01 -8.6250e+01 -4.1672e+02
-9.1838e+01 -8.7935e+01 -9.0402e+01 -5.2176e+02
-9.2224e+01 -9.1557e+01 -9.1517e+01 -4.5400e+02
# New trial
-9.1810e+01 -8.7811e+01 -8.4006e+01 -3.7204e+02
-9.1878e+01 -8.8375e+01 -8.2892e+01 -3.8039e+02
-9.2037e+01 -8.9798e+01 -8.4021e+01 -3.6751e+02
-9.2269e+01 -9.1989e+01 -9.1381e+01 -2.8306e+02
# New trial
-9.1575e+01 -8.5713e+01 -7.1401e+01 -2.1875e+02
-9.1687e+01 -8.6716e+01 -7.1580e+01 -2.1949e+02
-9.2002e+01 -8.9608e+01 -9.3071e+01 -5.2173e+02
-9.2282e+01 -9.2139e+01 -9.3630e+01 -3.3732e+02
# New trial
-9.1976e+01 -8.9098e+01 -6.8229e+01 -1.0301e+02
-9.2045e+01 -8.9777e+01 -7.2158e+01 -1.0171e+02
-9.2160e+01 -9.0893e+01 -8.0028e+01 -1.0864e+02
-9.2281e+01 -9.2092e+01 -9.0480e+01 -1.4699e+02
# New trial
-9.1794e+01 -8.7552e+01 -8.1348e+01 -3.5706e+02
-9.1803e+01 -8.7576e+01 -7.4089e+01 -3.1649e+02
-9.1844e+01 -8.7875e+01 -7.6900e+01 -4.2405e+02
-9.2187e+01 -9.1190e+01 -8.5445e+01 -2.7147e+02
# New trial
-9.1965e+01 -8.9021e+01 -7.0551e+01 -1.3941e+02
-9.1940e+01 -8.8764e+01 -6.7917e+01 -1.2710e+02
-9.1971e+01 -8.9047e+01 -7.1552e+01 -2.3193e+02
-9.2173e+01 -9.1028e+01 -8.3994e+01 -3.1751e+02
# New trial
-9.1922e+01 -8.8632e+01 -7.0974e+01 -2.1344e+02
-9.1974e+01 -8.9102e+01 -7.1912e+01 -2.0107e+02
-9.2076e+01 -9.0082e+01 -7.8175e+01 -2.6507e+02
-9.2251e+01 -9.1797e+01 -8.8369e+01 -1.6849e+02
# New trial
-9.1702e+01 -8.6907e+01 -8.0823e+01 -3.5644e+02
-9.1750e+01 -8.7307e+01 -7.7172e+01 -2.8247e+02
-9.1969e+01 -8.9173e+01 -7.7824e+01 -3.1552e+02
-9.2261e+01 -9.1906e+01 -8.9846e+01 -2.5803e+02
# New trial
-9.1684e+01 -8.6610e+01 -6.6599e+01 -1.6206e+02
-9.1791e+01 -8.7616e+01 -7.3335e+01 -2.2036e+02
-9.2016e+01 -8.9636e+01 -8.6153e+01 -4.5321e+02
-9.2258e+01 -9.1919e+01 -9.0898e+01 -2.8001e+02
# New trial
-9.1739e+01 -8.7805e+01 -1.0300e+02 -5.3257e+02
-9.1806e+01 -8.8067e+01 -9.0395e+01 -4.2885e+02
-9.2091e+01 -9.0473e+01 -9.4874e+01 -4.8175e+02
-9.2292e+01 -9.2228e+01 -9.3756e+01 -3.2938e+02
# New trial
-9.1986e+01 -8.9233e+01 -7.2345e+01 -1.9218e+02
-9.2003e+01 -8.9361e+01 -6.9080e+01 -1.1841e+02
-9.2027e+01 -8.9565e+01 -6.8684e+01 -1.0751e+02
-9.2193e+01 -9.1213e+01 -8.1947e+01 -6.4974e+01
# New trial
-9.1897e+01 -8.8421e+01 -7.4330e+01 -2.7907e+02
-9.1957e+01 -8.8993e+01 -7.5685e+01 -2.4039e+02
-9.2091e+01 -9.0263e+01 -8.2341e+01 -2.7936e+02
-9.2275e+01 -9.2038e+01 -9.0814e+01 -1.9958e+02
# New trial
-9.1587e+01 -8.5732e+01 -6.7752e+01 -2.3631e+02
-9.1635e+01 -8.6285e+01 -6.8289e+01 -1.6565e+02
-9.1990e+01 -8.9464e+01 -8.2270e+01 -2.5056e+02
-9.2285e+01 -9.2153e+01 -9.3026e+01 -2.8231e+02
# New trial
-9.1747e+01 -8.7203e+01 -8.2581e+01 -3.7547e+02
-9.1868e+01 -8.8213e+01 -7.4702e+01 -2.2658e+02
-9.2062e+01 -9.0019e+01 -8.2408e+01 -3.6283e+02
-9.2266e+01 -9.1944e+01 -8.9381e+01 -1.8502e+02
# New trial
-9.2017e+01 -8.9647e+01 -8.8748e+01 -3.5751e+02
-9.2010e+01 -8.9519e+01 -7.9723e+01 -2.4316e+02
-9.2036e+01 -8.9703e+01 -7.4901e+01 -2.1468e+02
-9.2199e+01 -9.1284e+01 -8.4522e+01 -2.6240e+02
# New trial
-9.1545e+01 -8.5910e+01 -8.8694e+01 -4.1928e+02
-9.1672e+01 -8.6956e+01 -8.8360e+01 -4.0251e+02
-9.2081e+01 -9.0409e+01 -9.7990e+01 -5.0410e+02
-9.2298e+01 -9.2275e+01 -9.5103e+01 -3.9349e+02
# New trial
-9.1844e+01 -8.7915e+01 -7.0288e+01 -2.1768e+02
-9.1834e+01 -8.7861e+01 -6.9494e+01 -1.8264e+02
-9.1925e+01 -8.8717e+01 -7.4610e+01 -2.5569e+02
-9.2240e+01 -9.1709e+01 -8.8169e+01 -1.9020e+02
# New trial
-9.1817e+01 -8.7726e+01 -7.7337e+01 -3.4668e+02
-9.1901e+01 -8.8473e+01 -7.2060e+01 -2.2347e+02
-9.2050e+01 -8.9859e+01 -7.6845e+01 -2.2436e+02
-9.2254e+01 -9.1839e+01 -8.9251e+01 -2.3725e+02
# New trial
-9.1927e+01 -8.8866e+01 -8.3938e+01 -3.2228e+02
-9.1903e+01 -8.8569e+01 -7.7743e+01 -2.6091e+02
-9.1972e+01 -8.9109e+01 -7.5288e+01 -2.8339e+02
-9.2205e+01 -9.1354e+01 -8.5416e+01 -2.0545e+02
# New trial
-9.1920e+01 -8.8733e+01 -7.9576e+01 -2.8038e+02
-9.1861e+01 -8.8159e+01 -7.1981e+01 -1.9540e+02
-9.1843e+01 -8.7906e+01 -7.1521e+01 -2.9701e+02
-9.2172e+01 -9.1036e+01 -8.6493e+01 -3.0708e+02
# New trial
-9.1868e+01 -8.8287e+01 -8.1966e+01 -3.3982e+02
-9.1961e+01 -8.9010e+01 -7.3195e+01 -1.8096e+02
-9.2082e+01 -9.0141e+01 -7.6687e+01 -2.0117e+02
-9.2260e+01 -9.1885e+01 -8.9017e+01 -2.0043e+02
# New trial
-9.1811e+01 -8.8080e+01 -1.0675e+02 -6.2647e+02
-9.1849e+01 -8.8113e+01 -8.1450e+01 -3.4000e+02
-9.2002e+01 -8.9420e+01 -7.9793e+01 -2.9385e+02
-9.2262e+01 -9.1919e+01 -9.0552e+01 -2.9446e+02
# New trial
