# 0.01sig - Array shape (trial/sig/alpha): (30L, 4L, 4L)
-8.7484e+01 -8.5714e+01 -7.3983e+01 -6.4700e+01
-8.7443e+01 -8.5318e+01 -7.1896e+01 -6.4699e+01
-8.7409e+01 -8.4960e+01 -6.9332e+01 -6.4756e+01
-8.7619e+01 -8.7007e+01 -8.1573e+01 -1.2121e+02
# New trial
-8.7463e+01 -8.5500e+01 -7.2793e+01 -6.5000e+01
-8.7416e+01 -8.5068e+01 -7.1636e+01 -6.5077e+01
-8.7453e+01 -8.5420e+01 -7.2689e+01 -6.7165e+01
-8.7655e+01 -8.7365e+01 -8.5049e+01 -1.5519e+02
# New trial
-8.7485e+01 -8.5724e+01 -7.4235e+01 -6.5740e+01
-8.7423e+01 -8.5123e+01 -7.1179e+01 -6.4728e+01
-8.7367e+01 -8.4571e+01 -7.4861e+01 -1.5120e+02
-8.7598e+01 -8.6819e+01 -8.5645e+01 -2.5271e+02
# New trial
-8.7436e+01 -8.5305e+01 -7.3908e+01 -6.5342e+01
-8.7455e+01 -8.5550e+01 -7.7478e+01 -1.0889e+02
-8.7538e+01 -8.6329e+01 -8.2456e+01 -1.6375e+02
-8.7661e+01 -8.7448e+01 -8.6610e+01 -1.5746e+02
# New trial
-8.7530e+01 -8.6137e+01 -7.5041e+01 -6.4763e+01
-8.7481e+01 -8.5649e+01 -7.1649e+01 -6.5380e+01
-8.7441e+01 -8.5261e+01 -7.2008e+01 -1.1011e+02
-8.7607e+01 -8.6895e+01 -8.1263e+01 -1.4745e+02
# New trial
-8.7495e+01 -8.5791e+01 -7.3712e+01 -6.8353e+01
-8.7444e+01 -8.5326e+01 -7.4701e+01 -9.5389e+01
-8.7482e+01 -8.5707e+01 -8.0738e+01 -1.8575e+02
-8.7653e+01 -8.7364e+01 -8.5277e+01 -1.2275e+02
# New trial
-8.7488e+01 -8.5743e+01 -7.4248e+01 -6.5071e+01
-8.7462e+01 -8.5516e+01 -7.4675e+01 -7.0808e+01
-8.7551e+01 -8.6371e+01 -7.8918e+01 -1.0649e+02
-8.7675e+01 -8.7578e+01 -8.7019e+01 -1.2467e+02
# New trial
-8.7487e+01 -8.5730e+01 -7.3739e+01 -6.4761e+01
-8.7454e+01 -8.5416e+01 -7.2314e+01 -6.6431e+01
-8.7436e+01 -8.5224e+01 -7.4808e+01 -1.4475e+02
-8.7619e+01 -8.7011e+01 -8.1618e+01 -1.1180e+02
# New trial
-8.7458e+01 -8.5465e+01 -7.2536e+01 -6.5156e+01
-8.7431e+01 -8.5208e+01 -7.2575e+01 -8.1446e+01
-8.7443e+01 -8.5348e+01 -8.3378e+01 -2.2372e+02
-8.7642e+01 -8.7254e+01 -8.6633e+01 -2.2323e+02
# New trial
-8.7460e+01 -8.5503e+01 -7.4772e+01 -7.5683e+01
-8.7425e+01 -8.5186e+01 -7.5248e+01 -9.6032e+01
-8.7504e+01 -8.5943e+01 -8.0633e+01 -1.5474e+02
-8.7671e+01 -8.7529e+01 -8.6564e+01 -1.1662e+02
# New trial
-8.7439e+01 -8.5356e+01 -7.5297e+01 -6.5845e+01
-8.7440e+01 -8.5402e+01 -7.8707e+01 -1.3141e+02
-8.7541e+01 -8.6371e+01 -9.1145e+01 -2.8780e+02
-8.7679e+01 -8.7618e+01 -8.7947e+01 -1.7283e+02
# New trial
-8.7562e+01 -8.6449e+01 -7.7269e+01 -6.5090e+01
-8.7556e+01 -8.6394e+01 -7.7027e+01 -6.7652e+01
-8.7592e+01 -8.6743e+01 -7.9680e+01 -9.0664e+01
-8.7670e+01 -8.7520e+01 -8.6134e+01 -9.0827e+01
# New trial
-8.7494e+01 -8.5777e+01 -7.2379e+01 -6.4612e+01
-8.7458e+01 -8.5440e+01 -7.1254e+01 -6.6452e+01
-8.7420e+01 -8.5063e+01 -7.3201e+01 -1.2223e+02
-8.7615e+01 -8.6969e+01 -8.2040e+01 -1.4450e+02
# New trial
-8.7563e+01 -8.6455e+01 -7.7081e+01 -6.5034e+01
-8.7529e+01 -8.6119e+01 -7.4297e+01 -6.6025e+01
-8.7488e+01 -8.5715e+01 -7.2799e+01 -9.3590e+01
-8.7584e+01 -8.6660e+01 -7.8586e+01 -1.1297e+02
# New trial
-8.7517e+01 -8.5997e+01 -7.3384e+01 -6.4994e+01
-8.7500e+01 -8.5838e+01 -7.2811e+01 -6.7283e+01
-8.7515e+01 -8.5981e+01 -7.3962e+01 -7.3545e+01
-8.7646e+01 -8.7276e+01 -8.3939e+01 -1.1471e+02
# New trial
-8.7401e+01 -8.4938e+01 -7.0717e+01 -6.5147e+01
-8.7348e+01 -8.4459e+01 -6.9678e+01 -6.7369e+01
-8.7441e+01 -8.5345e+01 -7.4732e+01 -1.2664e+02
-8.7660e+01 -8.7431e+01 -8.5927e+01 -1.2838e+02
# New trial
-8.7464e+01 -8.5516e+01 -7.3137e+01 -6.6006e+01
-8.7444e+01 -8.5356e+01 -7.4116e+01 -7.8813e+01
-8.7526e+01 -8.6154e+01 -7.9931e+01 -1.5310e+02
-8.7668e+01 -8.7501e+01 -8.6293e+01 -1.1705e+02
# New trial
-8.7420e+01 -8.5173e+01 -7.4681e+01 -6.7298e+01
-8.7434e+01 -8.5359e+01 -7.7747e+01 -1.0152e+02
-8.7584e+01 -8.6787e+01 -9.0420e+01 -2.6684e+02
-8.7684e+01 -8.7668e+01 -8.8699e+01 -1.9323e+02
# New trial
-8.7577e+01 -8.6594e+01 -7.7608e+01 -6.5015e+01
-8.7547e+01 -8.6289e+01 -7.5447e+01 -6.5098e+01
-8.7520e+01 -8.6022e+01 -7.3338e+01 -6.5629e+01
-8.7626e+01 -8.7075e+01 -8.2401e+01 -1.5290e+02
# New trial
-8.7496e+01 -8.5812e+01 -7.3616e+01 -7.2629e+01
-8.7476e+01 -8.5619e+01 -7.3714e+01 -8.2837e+01
-8.7534e+01 -8.6182e+01 -7.7301e+01 -1.2447e+02
-8.7667e+01 -8.7489e+01 -8.6496e+01 -1.5912e+02
# New trial
-8.7319e+01 -8.4312e+01 -7.1373e+01 -6.4628e+01
-8.7313e+01 -8.4326e+01 -7.3554e+01 -8.1147e+01
-8.7506e+01 -8.6059e+01 -8.4031e+01 -1.8498e+02
-8.7678e+01 -8.7605e+01 -8.7547e+01 -1.6764e+02
# New trial
-8.7491e+01 -8.5760e+01 -7.3585e+01 -6.6546e+01
-8.7474e+01 -8.5614e+01 -7.4611e+01 -6.8136e+01
-8.7507e+01 -8.5961e+01 -7.7989e+01 -1.2428e+02
-8.7652e+01 -8.7341e+01 -8.4735e+01 -1.0235e+02
# New trial
-8.7574e+01 -8.6566e+01 -7.7602e+01 -6.4646e+01
-8.7535e+01 -8.6180e+01 -7.4940e+01 -6.4655e+01
-8.7491e+01 -8.5748e+01 -7.2167e+01 -7.2295e+01
-8.7605e+01 -8.6866e+01 -7.9841e+01 -7.1036e+01
# New trial
-8.7340e+01 -8.4504e+01 -7.1993e+01 -6.4893e+01
-8.7369e+01 -8.4864e+01 -7.8066e+01 -1.3076e+02
-8.7546e+01 -8.6465e+01 -9.1287e+01 -2.8624e+02
-8.7682e+01 -8.7641e+01 -8.7948e+01 -1.5874e+02
# New trial
-8.7498e+01 -8.5833e+01 -7.4107e+01 -6.5312e+01
-8.7445e+01 -8.5345e+01 -7.2583e+01 -6.9166e+01
-8.7450e+01 -8.5422e+01 -7.8434e+01 -1.6480e+02
-8.7647e+01 -8.7297e+01 -8.5798e+01 -1.8153e+02
# New trial
-8.7508e+01 -8.5914e+01 -7.3321e+01 -6.4623e+01
-8.7490e+01 -8.5752e+01 -7.3130e+01 -6.5122e+01
-8.7518e+01 -8.6034e+01 -7.5676e+01 -9.7099e+01
-8.7665e+01 -8.7468e+01 -8.6086e+01 -1.4233e+02
# New trial
-8.7538e+01 -8.6210e+01 -7.5312e+01 -6.5220e+01
-8.7486e+01 -8.5708e+01 -7.3188e+01 -6.4756e+01
-8.7453e+01 -8.5386e+01 -7.0966e+01 -7.5978e+01
-8.7609e+01 -8.6912e+01 -8.0437e+01 -6.9699e+01
# New trial
-8.7536e+01 -8.6192e+01 -7.5617e+01 -6.5564e+01
-8.7478e+01 -8.5640e+01 -7.2816e+01 -6.4701e+01
-8.7408e+01 -8.4947e+01 -6.8817e+01 -6.4612e+01
-8.7587e+01 -8.6699e+01 -8.0026e+01 -1.4543e+02
# New trial
-8.7550e+01 -8.6336e+01 -7.6947e+01 -7.0892e+01
-8.7530e+01 -8.6138e+01 -7.5863e+01 -6.6872e+01
-8.7532e+01 -8.6161e+01 -7.6211e+01 -9.4867e+01
-8.7657e+01 -8.7387e+01 -8.5136e+01 -1.1865e+02
# New trial
-8.7484e+01 -8.5708e+01 -7.4031e+01 -6.5304e+01
-8.7436e+01 -8.5238e+01 -7.1249e+01 -6.5354e+01
-8.7465e+01 -8.5507e+01 -7.2344e+01 -8.7006e+01
-8.7656e+01 -8.7377e+01 -8.5108e+01 -1.3687e+02
# New trial
