# 0.01sig - Array shape (trial/sig/alpha): (30, 4, 4)
-1.2433e+02 -1.2187e+02 -1.0463e+02 -8.7059e+01
-1.2427e+02 -1.2131e+02 -1.0235e+02 -9.7777e+01
-1.2422e+02 -1.2083e+02 -1.0551e+02 -2.2926e+02
-1.2446e+02 -1.2316e+02 -1.1760e+02 -3.3936e+02
# New trial
-1.2427e+02 -1.2128e+02 -9.9490e+01 -8.5417e+01
-1.2418e+02 -1.2048e+02 -9.7210e+01 -9.2445e+01
-1.2412e+02 -1.1982e+02 -9.3662e+01 -9.9420e+01
-1.2445e+02 -1.2305e+02 -1.1218e+02 -2.3051e+02
# New trial
-1.2430e+02 -1.2162e+02 -1.0083e+02 -7.9494e+01
-1.2421e+02 -1.2068e+02 -9.6833e+01 -8.8306e+01
-1.2407e+02 -1.1934e+02 -9.6597e+01 -1.7042e+02
-1.2436e+02 -1.2215e+02 -1.0943e+02 -2.9797e+02
# New trial
-1.2413e+02 -1.1995e+02 -9.4159e+01 -7.9322e+01
-1.2407e+02 -1.1947e+02 -9.4442e+01 -1.0800e+02
-1.2415e+02 -1.2021e+02 -9.9825e+01 -1.6199e+02
-1.2451e+02 -1.2369e+02 -1.2048e+02 -3.5570e+02
# New trial
-1.2434e+02 -1.2191e+02 -1.0118e+02 -8.0281e+01
-1.2424e+02 -1.2101e+02 -9.4545e+01 -7.8613e+01
-1.2409e+02 -1.1947e+02 -8.8701e+01 -1.0568e+02
-1.2425e+02 -1.2107e+02 -9.7009e+01 -9.3339e+01
# New trial
-1.2433e+02 -1.2185e+02 -1.0048e+02 -7.8611e+01
-1.2419e+02 -1.2048e+02 -9.4720e+01 -8.6428e+01
-1.2402e+02 -1.1887e+02 -9.0369e+01 -1.1761e+02
-1.2441e+02 -1.2260e+02 -1.0713e+02 -1.5987e+02
# New trial
-1.2434e+02 -1.2202e+02 -1.0536e+02 -8.2582e+01
-1.2427e+02 -1.2129e+02 -1.0309e+02 -8.4424e+01
-1.2425e+02 -1.2113e+02 -1.0163e+02 -1.2982e+02
-1.2452e+02 -1.2372e+02 -1.1645e+02 -1.4762e+02
# New trial
-1.2430e+02 -1.2158e+02 -1.0033e+02 -7.9040e+01
-1.2422e+02 -1.2083e+02 -9.5750e+01 -8.0942e+01
-1.2410e+02 -1.1955e+02 -9.2813e+01 -1.2695e+02
-1.2436e+02 -1.2213e+02 -1.0950e+02 -3.0021e+02
# New trial
-1.2426e+02 -1.2121e+02 -9.8996e+01 -7.9914e+01
-1.2415e+02 -1.2014e+02 -9.4600e+01 -9.2342e+01
-1.2392e+02 -1.1797e+02 -9.4990e+01 -1.6087e+02
-1.2430e+02 -1.2165e+02 -1.1098e+02 -2.9538e+02
# New trial
-1.2426e+02 -1.2116e+02 -1.0060e+02 -8.6622e+01
-1.2418e+02 -1.2048e+02 -9.9395e+01 -1.1614e+02
-1.2421e+02 -1.2078e+02 -1.0937e+02 -2.9281e+02
-1.2453e+02 -1.2385e+02 -1.2211e+02 -3.5074e+02
# New trial
-1.2418e+02 -1.2050e+02 -9.9775e+01 -8.0512e+01
-1.2414e+02 -1.2021e+02 -1.0259e+02 -1.3834e+02
-1.2421e+02 -1.2092e+02 -1.1532e+02 -3.4852e+02
-1.2455e+02 -1.2411e+02 -1.2167e+02 -2.6452e+02
# New trial
-1.2440e+02 -1.2254e+02 -1.0590e+02 -8.0224e+01
-1.2437e+02 -1.2224e+02 -1.0354e+02 -8.0594e+01
-1.2433e+02 -1.2187e+02 -1.0074e+02 -9.2371e+01
-1.2448e+02 -1.2336e+02 -1.1293e+02 -1.2460e+02
# New trial
-1.2432e+02 -1.2175e+02 -1.0054e+02 -8.1030e+01
-1.2421e+02 -1.2071e+02 -9.5952e+01 -9.2811e+01
-1.2397e+02 -1.1838e+02 -9.0539e+01 -1.2444e+02
-1.2423e+02 -1.2087e+02 -1.0088e+02 -2.3864e+02
# New trial
-1.2440e+02 -1.2259e+02 -1.0661e+02 -8.0831e+01
-1.2435e+02 -1.2204e+02 -1.0253e+02 -8.3816e+01
-1.2426e+02 -1.2112e+02 -9.8065e+01 -1.4046e+02
-1.2438e+02 -1.2230e+02 -1.0413e+02 -1.1935e+02
# New trial
-1.2438e+02 -1.2237e+02 -1.0525e+02 -8.8271e+01
-1.2433e+02 -1.2181e+02 -1.0177e+02 -9.0758e+01
-1.2424e+02 -1.2092e+02 -9.7401e+01 -1.3243e+02
-1.2444e+02 -1.2292e+02 -1.1089e+02 -2.3204e+02
# New trial
-1.2423e+02 -1.2095e+02 -1.0218e+02 -1.2862e+02
-1.2414e+02 -1.2013e+02 -1.0055e+02 -1.3974e+02
-1.2413e+02 -1.2004e+02 -1.1262e+02 -3.1722e+02
-1.2451e+02 -1.2364e+02 -1.2054e+02 -3.0554e+02
# New trial
-1.2426e+02 -1.2121e+02 -9.8882e+01 -7.9748e+01
-1.2418e+02 -1.2050e+02 -9.7069e+01 -8.3938e+01
-1.2414e+02 -1.2009e+02 -9.5061e+01 -1.3214e+02
-1.2445e+02 -1.2303e+02 -1.1080e+02 -1.4455e+02
# New trial
-1.2423e+02 -1.2096e+02 -1.0115e+02 -9.9439e+01
-1.2413e+02 -1.2006e+02 -9.9650e+01 -1.2788e+02
-1.2406e+02 -1.1943e+02 -9.9880e+01 -1.9045e+02
-1.2447e+02 -1.2329e+02 -1.1563e+02 -2.2966e+02
# New trial
-1.2445e+02 -1.2306e+02 -1.1010e+02 -8.5992e+01
-1.2440e+02 -1.2256e+02 -1.0632e+02 -9.2268e+01
-1.2429e+02 -1.2144e+02 -9.9828e+01 -1.4404e+02
-1.2436e+02 -1.2210e+02 -1.0362e+02 -1.6944e+02
# New trial
-1.2434e+02 -1.2193e+02 -1.0388e+02 -9.3474e+01
-1.2428e+02 -1.2144e+02 -1.0225e+02 -1.0821e+02
-1.2423e+02 -1.2095e+02 -9.9770e+01 -1.6851e+02
-1.2444e+02 -1.2296e+02 -1.1086e+02 -1.8555e+02
# New trial
-1.2403e+02 -1.1910e+02 -9.4795e+01 -8.0994e+01
-1.2394e+02 -1.1839e+02 -9.5847e+01 -9.9811e+01
-1.2407e+02 -1.1964e+02 -1.0504e+02 -1.9553e+02
-1.2454e+02 -1.2398e+02 -1.2225e+02 -3.1890e+02
# New trial
-1.2432e+02 -1.2177e+02 -1.0152e+02 -8.3867e+01
-1.2423e+02 -1.2088e+02 -9.8000e+01 -9.1394e+01
-1.2412e+02 -1.1983e+02 -9.1494e+01 -9.3887e+01
-1.2445e+02 -1.2304e+02 -1.1052e+02 -1.1888e+02
# New trial
-1.2445e+02 -1.2305e+02 -1.1010e+02 -8.2561e+01
-1.2439e+02 -1.2249e+02 -1.0615e+02 -9.4858e+01
-1.2429e+02 -1.2145e+02 -1.0020e+02 -1.2439e+02
-1.2435e+02 -1.2208e+02 -1.0378e+02 -1.7807e+02
# New trial
-1.2400e+02 -1.1881e+02 -9.3543e+01 -8.1066e+01
-1.2400e+02 -1.1896e+02 -1.0159e+02 -1.5102e+02
-1.2421e+02 -1.2091e+02 -1.1356e+02 -2.9633e+02
-1.2457e+02 -1.2419e+02 -1.2296e+02 -2.9628e+02
# New trial
-1.2438e+02 -1.2239e+02 -1.0671e+02 -9.3674e+01
-1.2428e+02 -1.2139e+02 -1.0195e+02 -1.0096e+02
-1.2411e+02 -1.1981e+02 -9.8003e+01 -1.6031e+02
-1.2443e+02 -1.2282e+02 -1.1136e+02 -2.3834e+02
# New trial
-1.2439e+02 -1.2246e+02 -1.0518e+02 -9.3690e+01
-1.2433e+02 -1.2186e+02 -1.0139e+02 -1.0089e+02
-1.2423e+02 -1.2092e+02 -9.7159e+01 -1.3294e+02
-1.2446e+02 -1.2311e+02 -1.1070e+02 -1.1418e+02
# New trial
-1.2439e+02 -1.2249e+02 -1.0615e+02 -8.8861e+01
-1.2430e+02 -1.2157e+02 -1.0111e+02 -8.6641e+01
-1.2414e+02 -1.2001e+02 -9.5986e+01 -1.4975e+02
-1.2431e+02 -1.2171e+02 -1.1302e+02 -3.4833e+02
# New trial
-1.2437e+02 -1.2225e+02 -1.0378e+02 -8.0229e+01
-1.2427e+02 -1.2126e+02 -9.8135e+01 -8.1229e+01
-1.2409e+02 -1.1945e+02 -8.8249e+01 -1.0342e+02
-1.2428e+02 -1.2137e+02 -9.6724e+01 -9.5532e+01
# New trial
-1.2443e+02 -1.2285e+02 -1.0885e+02 -8.6715e+01
-1.2439e+02 -1.2248e+02 -1.0621e+02 -8.9103e+01
-1.2432e+02 -1.2179e+02 -1.0148e+02 -1.2418e+02
-1.2446e+02 -1.2309e+02 -1.1096e+02 -1.5826e+02
# New trial
-1.2435e+02 -1.2207e+02 -1.0503e+02 -1.0172e+02
-1.2428e+02 -1.2140e+02 -1.0254e+02 -1.2322e+02
-1.2421e+02 -1.2078e+02 -1.0737e+02 -2.5007e+02
-1.2445e+02 -1.2308e+02 -1.1638e+02 -3.0882e+02
# New trial
