# 0.1sig - Array shape (trial/sig/alpha): (30, 4, 4)
-1.1954e+02 -1.1562e+02 -9.5745e+01 -2.2357e+02
-1.1948e+02 -1.1505e+02 -8.8574e+01 -6.5694e+01
-1.1938e+02 -1.1412e+02 -8.5252e+01 -1.1945e+02
-1.1977e+02 -1.1776e+02 -1.0120e+02 -1.3867e+02
# New trial
-1.1970e+02 -1.1712e+02 -9.8521e+01 -1.2789e+02
-1.1961e+02 -1.1623e+02 -9.1069e+01 -6.6229e+01
-1.1941e+02 -1.1426e+02 -7.9404e+01 -9.7503e+01
-1.1952e+02 -1.1526e+02 -9.1835e+01 -2.4533e+02
# New trial
-1.1970e+02 -1.1716e+02 -1.0441e+02 -1.6916e+02
-1.1954e+02 -1.1557e+02 -8.4762e+01 -6.4984e+01
-1.1927e+02 -1.1281e+02 -7.5490e+01 -9.8340e+01
-1.1937e+02 -1.1383e+02 -9.7360e+01 -3.6234e+02
# New trial
-1.1964e+02 -1.1649e+02 -9.9010e+01 -2.6423e+02
-1.1955e+02 -1.1559e+02 -8.4011e+01 -6.4979e+01
-1.1929e+02 -1.1305e+02 -7.2605e+01 -6.9832e+01
-1.1933e+02 -1.1339e+02 -7.8413e+01 -1.5310e+02
# New trial
-1.1977e+02 -1.1783e+02 -1.0781e+02 -2.3530e+02
-1.1968e+02 -1.1688e+02 -9.4512e+01 -6.6721e+01
-1.1952e+02 -1.1528e+02 -8.3368e+01 -8.9250e+01
-1.1968e+02 -1.1690e+02 -9.3256e+01 -1.1751e+02
# New trial
-1.1980e+02 -1.1810e+02 -1.0410e+02 -1.0294e+02
-1.1971e+02 -1.1724e+02 -9.6433e+01 -6.5518e+01
-1.1962e+02 -1.1628e+02 -8.9217e+01 -9.2977e+01
-1.1980e+02 -1.1808e+02 -1.0277e+02 -1.5820e+02
# New trial
-1.1970e+02 -1.1714e+02 -9.5934e+01 -6.5606e+01
-1.1963e+02 -1.1640e+02 -9.0304e+01 -6.5077e+01
-1.1946e+02 -1.1476e+02 -8.0327e+01 -7.8953e+01
-1.1961e+02 -1.1615e+02 -9.5020e+01 -2.7062e+02
# New trial
-1.1962e+02 -1.1637e+02 -9.8010e+01 -1.7142e+02
-1.1958e+02 -1.1593e+02 -9.1132e+01 -7.0105e+01
-1.1954e+02 -1.1558e+02 -8.9217e+01 -1.7840e+02
-1.1981e+02 -1.1821e+02 -1.0647e+02 -2.9873e+02
# New trial
-1.1956e+02 -1.1582e+02 -9.3193e+01 -7.8147e+01
-1.1942e+02 -1.1450e+02 -8.4270e+01 -6.5498e+01
-1.1929e+02 -1.1313e+02 -8.3682e+01 -1.4793e+02
-1.1972e+02 -1.1735e+02 -1.1012e+02 -4.2554e+02
# New trial
-1.1967e+02 -1.1677e+02 -9.4030e+01 -6.9435e+01
-1.1957e+02 -1.1581e+02 -8.8410e+01 -6.7407e+01
-1.1940e+02 -1.1415e+02 -8.1893e+01 -9.8942e+01
-1.1959e+02 -1.1596e+02 -8.9763e+01 -1.4554e+02
# New trial
-1.1976e+02 -1.1768e+02 -1.0110e+02 -8.0296e+01
-1.1964e+02 -1.1652e+02 -9.1209e+01 -6.4909e+01
-1.1938e+02 -1.1392e+02 -7.3749e+01 -6.4614e+01
-1.1947e+02 -1.1475e+02 -8.1015e+01 -6.4622e+01
# New trial
-1.1964e+02 -1.1655e+02 -9.8552e+01 -1.7563e+02
-1.1955e+02 -1.1576e+02 -9.3307e+01 -1.0872e+02
-1.1944e+02 -1.1462e+02 -9.5507e+01 -3.0078e+02
-1.1974e+02 -1.1754e+02 -1.0282e+02 -2.5295e+02
# New trial
-1.1964e+02 -1.1658e+02 -9.7835e+01 -1.3907e+02
-1.1961e+02 -1.1625e+02 -9.1526e+01 -6.9620e+01
-1.1954e+02 -1.1549e+02 -8.6830e+01 -1.2627e+02
-1.1980e+02 -1.1804e+02 -1.0250e+02 -1.7901e+02
# New trial
-1.1979e+02 -1.1805e+02 -1.0606e+02 -1.3664e+02
-1.1970e+02 -1.1707e+02 -9.4051e+01 -6.6638e+01
-1.1952e+02 -1.1529e+02 -8.3866e+01 -1.0527e+02
-1.1951e+02 -1.1520e+02 -9.7838e+01 -3.5227e+02
# New trial
-1.1960e+02 -1.1634e+02 -1.0296e+02 -1.9367e+02
-1.1943e+02 -1.1458e+02 -8.5038e+01 -6.5034e+01
-1.1920e+02 -1.1221e+02 -7.3096e+01 -6.4749e+01
-1.1963e+02 -1.1639e+02 -9.2234e+01 -1.7135e+02
# New trial
-1.1962e+02 -1.1663e+02 -1.1940e+02 -3.7024e+02
-1.1946e+02 -1.1488e+02 -8.6896e+01 -6.5555e+01
-1.1922e+02 -1.1248e+02 -8.1479e+01 -1.3753e+02
-1.1952e+02 -1.1532e+02 -9.1646e+01 -2.3257e+02
# New trial
-1.1969e+02 -1.1700e+02 -9.5608e+01 -6.6965e+01
-1.1957e+02 -1.1584e+02 -8.7071e+01 -6.6200e+01
-1.1937e+02 -1.1387e+02 -7.9445e+01 -9.5972e+01
-1.1959e+02 -1.1602e+02 -9.1292e+01 -1.9237e+02
# New trial
-1.1977e+02 -1.1775e+02 -1.0111e+02 -1.1125e+02
-1.1966e+02 -1.1663e+02 -8.9536e+01 -6.4612e+01
-1.1945e+02 -1.1457e+02 -7.4584e+01 -6.4612e+01
-1.1948e+02 -1.1488e+02 -7.9587e+01 -6.4664e+01
# New trial
-1.1975e+02 -1.1754e+02 -9.8665e+01 -8.5654e+01
-1.1967e+02 -1.1680e+02 -9.2913e+01 -6.5214e+01
-1.1953e+02 -1.1540e+02 -8.2959e+01 -7.3534e+01
-1.1966e+02 -1.1673e+02 -9.1133e+01 -8.3799e+01
# New trial
-1.1975e+02 -1.1767e+02 -1.1553e+02 -3.2807e+02
-1.1960e+02 -1.1618e+02 -9.1976e+01 -6.5431e+01
-1.1933e+02 -1.1346e+02 -7.6761e+01 -8.3269e+01
-1.1954e+02 -1.1550e+02 -8.7815e+01 -1.8638e+02
# New trial
-1.1964e+02 -1.1659e+02 -9.9015e+01 -1.6009e+02
-1.1956e+02 -1.1577e+02 -8.8797e+01 -6.5480e+01
-1.1945e+02 -1.1462e+02 -7.8902e+01 -6.8299e+01
-1.1972e+02 -1.1729e+02 -9.5315e+01 -7.4228e+01
# New trial
-1.1969e+02 -1.1703e+02 -1.0196e+02 -2.5292e+02
-1.1962e+02 -1.1629e+02 -9.1138e+01 -7.1779e+01
-1.1951e+02 -1.1527e+02 -8.9415e+01 -1.8595e+02
-1.1972e+02 -1.1730e+02 -1.0031e+02 -2.6509e+02
# New trial
-1.1970e+02 -1.1707e+02 -9.6051e+01 -7.0155e+01
-1.1961e+02 -1.1622e+02 -9.0091e+01 -6.5991e+01
-1.1947e+02 -1.1479e+02 -8.5549e+01 -1.4789e+02
-1.1964e+02 -1.1652e+02 -1.0040e+02 -3.2946e+02
# New trial
-1.1972e+02 -1.1732e+02 -9.9339e+01 -9.2718e+01
-1.1964e+02 -1.1647e+02 -9.1864e+01 -7.2457e+01
-1.1951e+02 -1.1516e+02 -8.2750e+01 -1.0941e+02
-1.1970e+02 -1.1703e+02 -9.6018e+01 -2.2274e+02
# New trial
-1.1979e+02 -1.1796e+02 -1.0328e+02 -1.8162e+02
-1.1975e+02 -1.1759e+02 -9.9050e+01 -6.7917e+01
-1.1966e+02 -1.1665e+02 -9.1404e+01 -1.2087e+02
-1.1975e+02 -1.1754e+02 -9.9579e+01 -2.3702e+02
# New trial
-1.1967e+02 -1.1694e+02 -1.1060e+02 -2.5038e+02
-1.1954e+02 -1.1555e+02 -8.5109e+01 -6.4663e+01
-1.1937e+02 -1.1381e+02 -7.6928e+01 -8.1091e+01
-1.1956e+02 -1.1569e+02 -8.6472e+01 -6.9663e+01
# New trial
-1.1969e+02 -1.1703e+02 -9.4755e+01 -7.8155e+01
-1.1969e+02 -1.1701e+02 -9.4724e+01 -7.4313e+01
-1.1969e+02 -1.1702e+02 -9.4615e+01 -1.2241e+02
-1.1989e+02 -1.1895e+02 -1.1013e+02 -1.1491e+02
# New trial
-1.1962e+02 -1.1639e+02 -9.8609e+01 -1.6591e+02
-1.1951e+02 -1.1527e+02 -8.4564e+01 -6.6332e+01
-1.1928e+02 -1.1295e+02 -7.5051e+01 -6.8127e+01
-1.1956e+02 -1.1571e+02 -8.8530e+01 -1.1439e+02
# New trial
-1.1970e+02 -1.1713e+02 -9.9492e+01 -1.1918e+02
-1.1960e+02 -1.1614e+02 -8.8774e+01 -6.4908e+01
-1.1938e+02 -1.1387e+02 -7.5456e+01 -7.3436e+01
-1.1947e+02 -1.1480e+02 -8.0808e+01 -1.0823e+02
# New trial
-1.1977e+02 -1.1778e+02 -1.0074e+02 -8.6256e+01
-1.1974e+02 -1.1749e+02 -9.8111e+01 -8.5303e+01
-1.1973e+02 -1.1739e+02 -9.7641e+01 -1.5328e+02
-1.1988e+02 -1.1889e+02 -1.1069e+02 -2.6642e+02
# New trial
