# 0.1sig - Array shape (trial/sig/alpha): (30, 4, 4)
-1.7040e+02 -1.6728e+02 -1.4580e+02 -1.8075e+02
-1.7031e+02 -1.6640e+02 -1.4041e+02 -1.0726e+02
-1.7007e+02 -1.6409e+02 -1.3221e+02 -1.7021e+02
-1.7031e+02 -1.6635e+02 -1.4827e+02 -3.7032e+02
# New trial
-1.7052e+02 -1.6844e+02 -1.5108e+02 -1.3629e+02
-1.7044e+02 -1.6757e+02 -1.4454e+02 -1.1865e+02
-1.7020e+02 -1.6531e+02 -1.3044e+02 -1.4768e+02
-1.7018e+02 -1.6505e+02 -1.4113e+02 -3.9134e+02
# New trial
-1.7050e+02 -1.6823e+02 -1.4946e+02 -1.2599e+02
-1.7036e+02 -1.6685e+02 -1.3702e+02 -1.0782e+02
-1.7005e+02 -1.6374e+02 -1.2162e+02 -1.5734e+02
-1.6989e+02 -1.6219e+02 -1.2979e+02 -3.0163e+02
# New trial
-1.7048e+02 -1.6798e+02 -1.4914e+02 -2.6910e+02
-1.7039e+02 -1.6712e+02 -1.3928e+02 -1.1163e+02
-1.7013e+02 -1.6457e+02 -1.2764e+02 -1.6465e+02
-1.7005e+02 -1.6374e+02 -1.3698e+02 -3.3136e+02
# New trial
-1.7057e+02 -1.6890e+02 -1.5601e+02 -2.0933e+02
-1.7048e+02 -1.6794e+02 -1.4484e+02 -1.0619e+02
-1.7026e+02 -1.6580e+02 -1.2706e+02 -1.0618e+02
-1.7027e+02 -1.6593e+02 -1.2921e+02 -1.3109e+02
# New trial
-1.7057e+02 -1.6884e+02 -1.5316e+02 -1.1720e+02
-1.7049e+02 -1.6805e+02 -1.4598e+02 -1.1105e+02
-1.7031e+02 -1.6632e+02 -1.3365e+02 -1.3347e+02
-1.7040e+02 -1.6725e+02 -1.4194e+02 -2.3686e+02
# New trial
-1.7054e+02 -1.6856e+02 -1.5012e+02 -1.0819e+02
-1.7047e+02 -1.6786e+02 -1.4376e+02 -1.0619e+02
-1.7027e+02 -1.6589e+02 -1.2855e+02 -1.0993e+02
-1.7025e+02 -1.6574e+02 -1.2816e+02 -1.4056e+02
# New trial
-1.7046e+02 -1.6784e+02 -1.4734e+02 -2.0941e+02
-1.7039e+02 -1.6710e+02 -1.4157e+02 -1.1775e+02
-1.7022e+02 -1.6551e+02 -1.3682e+02 -2.2390e+02
-1.7039e+02 -1.6717e+02 -1.4897e+02 -3.7519e+02
# New trial
-1.7039e+02 -1.6712e+02 -1.4199e+02 -1.1316e+02
-1.7025e+02 -1.6581e+02 -1.3359e+02 -1.0694e+02
-1.6999e+02 -1.6322e+02 -1.2198e+02 -1.3047e+02
-1.7029e+02 -1.6608e+02 -1.3530e+02 -2.4161e+02
# New trial
-1.7050e+02 -1.6820e+02 -1.4722e+02 -1.1263e+02
-1.7041e+02 -1.6732e+02 -1.4011e+02 -1.1141e+02
-1.7019e+02 -1.6512e+02 -1.2565e+02 -1.2752e+02
-1.7020e+02 -1.6525e+02 -1.3030e+02 -2.0548e+02
# New trial
-1.7055e+02 -1.6866e+02 -1.5125e+02 -1.1133e+02
-1.7044e+02 -1.6761e+02 -1.4262e+02 -1.0781e+02
-1.7013e+02 -1.6454e+02 -1.2577e+02 -1.2852e+02
-1.6999e+02 -1.6314e+02 -1.2987e+02 -2.3773e+02
# New trial
-1.7046e+02 -1.6779e+02 -1.4732e+02 -1.5515e+02
-1.7035e+02 -1.6674e+02 -1.3997e+02 -1.1200e+02
-1.7008e+02 -1.6412e+02 -1.2873e+02 -1.4981e+02
-1.7027e+02 -1.6592e+02 -1.3841e+02 -2.4939e+02
# New trial
-1.7052e+02 -1.6837e+02 -1.4885e+02 -1.1321e+02
-1.7044e+02 -1.6764e+02 -1.4300e+02 -1.1975e+02
-1.7025e+02 -1.6569e+02 -1.3319e+02 -1.8947e+02
-1.7035e+02 -1.6669e+02 -1.4042e+02 -2.9352e+02
# New trial
-1.7058e+02 -1.6896e+02 -1.5435e+02 -1.1355e+02
-1.7050e+02 -1.6814e+02 -1.4581e+02 -1.0647e+02
-1.7030e+02 -1.6619e+02 -1.3095e+02 -1.1572e+02
-1.7014e+02 -1.6465e+02 -1.2915e+02 -2.4485e+02
# New trial
-1.7041e+02 -1.6735e+02 -1.4868e+02 -1.6664e+02
-1.7026e+02 -1.6590e+02 -1.3479e+02 -1.0816e+02
-1.6995e+02 -1.6286e+02 -1.2351e+02 -1.6515e+02
-1.7013e+02 -1.6451e+02 -1.3201e+02 -2.8923e+02
# New trial
-1.7042e+02 -1.6753e+02 -1.5472e+02 -2.6705e+02
-1.7030e+02 -1.6624e+02 -1.3882e+02 -1.1310e+02
-1.6995e+02 -1.6292e+02 -1.3390e+02 -2.3729e+02
-1.7006e+02 -1.6393e+02 -1.4687e+02 -4.4286e+02
# New trial
-1.7052e+02 -1.6834e+02 -1.4841e+02 -1.1076e+02
-1.7041e+02 -1.6725e+02 -1.3906e+02 -1.0939e+02
-1.7012e+02 -1.6445e+02 -1.2192e+02 -1.1216e+02
-1.7009e+02 -1.6411e+02 -1.1967e+02 -1.0616e+02
# New trial
-1.7058e+02 -1.6902e+02 -1.5415e+02 -1.1919e+02
-1.7049e+02 -1.6810e+02 -1.4586e+02 -1.1386e+02
-1.7023e+02 -1.6549e+02 -1.2687e+02 -1.1718e+02
-1.7001e+02 -1.6334e+02 -1.2296e+02 -1.9331e+02
# New trial
-1.7055e+02 -1.6868e+02 -1.5123e+02 -1.2632e+02
-1.7048e+02 -1.6797e+02 -1.4552e+02 -1.0738e+02
-1.7029e+02 -1.6614e+02 -1.3277e+02 -1.1115e+02
-1.7030e+02 -1.6619e+02 -1.3422e+02 -2.0482e+02
# New trial
-1.7054e+02 -1.6856e+02 -1.5563e+02 -2.7402e+02
-1.7041e+02 -1.6731e+02 -1.4029e+02 -1.0646e+02
-1.7009e+02 -1.6418e+02 -1.2050e+02 -1.1858e+02
-1.7010e+02 -1.6424e+02 -1.1970e+02 -1.2860e+02
# New trial
-1.7048e+02 -1.6804e+02 -1.4895e+02 -1.2805e+02
-1.7039e+02 -1.6716e+02 -1.4097e+02 -1.0703e+02
-1.7019e+02 -1.6511e+02 -1.2779e+02 -1.1152e+02
-1.7028e+02 -1.6601e+02 -1.3503e+02 -2.1472e+02
# New trial
-1.7052e+02 -1.6838e+02 -1.5154e+02 -2.3579e+02
-1.7045e+02 -1.6767e+02 -1.4436e+02 -1.1187e+02
-1.7026e+02 -1.6587e+02 -1.3254e+02 -1.2916e+02
-1.7032e+02 -1.6640e+02 -1.3877e+02 -2.7415e+02
# New trial
-1.7052e+02 -1.6835e+02 -1.4874e+02 -1.1345e+02
-1.7043e+02 -1.6750e+02 -1.4128e+02 -1.0708e+02
-1.7020e+02 -1.6525e+02 -1.2520e+02 -1.1861e+02
-1.7019e+02 -1.6510e+02 -1.2780e+02 -2.1136e+02
# New trial
-1.7054e+02 -1.6858e+02 -1.5144e+02 -1.3002e+02
-1.7046e+02 -1.6778e+02 -1.4440e+02 -1.1300e+02
-1.7028e+02 -1.6601e+02 -1.3081e+02 -1.2385e+02
-1.7036e+02 -1.6674e+02 -1.3701e+02 -1.8793e+02
# New trial
-1.7053e+02 -1.6852e+02 -1.5024e+02 -1.4749e+02
-1.7051e+02 -1.6828e+02 -1.4798e+02 -1.0851e+02
-1.7041e+02 -1.6732e+02 -1.3978e+02 -1.3476e+02
-1.7050e+02 -1.6817e+02 -1.4809e+02 -2.7290e+02
# New trial
-1.7050e+02 -1.6824e+02 -1.5367e+02 -2.3909e+02
-1.7038e+02 -1.6696e+02 -1.3642e+02 -1.0690e+02
-1.7012e+02 -1.6440e+02 -1.2248e+02 -1.2972e+02
-1.7003e+02 -1.6352e+02 -1.3144e+02 -3.1039e+02
# New trial
-1.7056e+02 -1.6882e+02 -1.5274e+02 -1.2687e+02
-1.7053e+02 -1.6848e+02 -1.5005e+02 -1.2836e+02
-1.7043e+02 -1.6753e+02 -1.4316e+02 -1.7702e+02
-1.7053e+02 -1.6846e+02 -1.5021e+02 -2.4287e+02
# New trial
-1.7050e+02 -1.6818e+02 -1.5085e+02 -1.7997e+02
-1.7037e+02 -1.6690e+02 -1.3641e+02 -1.0615e+02
-1.6999e+02 -1.6316e+02 -1.1522e+02 -1.0634e+02
-1.6996e+02 -1.6279e+02 -1.1411e+02 -1.0615e+02
# New trial
-1.7055e+02 -1.6866e+02 -1.5179e+02 -1.3087e+02
-1.7046e+02 -1.6776e+02 -1.4294e+02 -1.0627e+02
-1.7018e+02 -1.6502e+02 -1.2433e+02 -1.1867e+02
-1.7002e+02 -1.6339e+02 -1.1684e+02 -1.2757e+02
# New trial
-1.7056e+02 -1.6877e+02 -1.5165e+02 -1.1343e+02
-1.7051e+02 -1.6828e+02 -1.4725e+02 -1.1258e+02
-1.7042e+02 -1.6742e+02 -1.3989e+02 -1.3254e+02
-1.7050e+02 -1.6821e+02 -1.4703e+02 -1.9552e+02
# New trial
