# 0.01sig - Array shape (trial/sig/alpha): (30, 4, 4)
-1.3768e+02 -1.3119e+02 -1.1025e+02 -4.6115e+02
-1.3766e+02 -1.3093e+02 -1.0299e+02 -4.2426e+02
-1.3770e+02 -1.3117e+02 -9.7886e+01 -4.6916e+02
-1.3821e+02 -1.3606e+02 -1.2030e+02 -3.5213e+02
# New trial
-1.3754e+02 -1.3007e+02 -1.1548e+02 -5.3230e+02
-1.3756e+02 -1.3002e+02 -9.9309e+01 -2.8224e+02
-1.3774e+02 -1.3162e+02 -1.0048e+02 -3.9216e+02
-1.3826e+02 -1.3657e+02 -1.2520e+02 -4.5616e+02
# New trial
-1.3764e+02 -1.3115e+02 -1.1676e+02 -4.9758e+02
-1.3756e+02 -1.3008e+02 -9.8328e+01 -3.5961e+02
-1.3743e+02 -1.2853e+02 -9.5096e+01 -5.3682e+02
-1.3804e+02 -1.3446e+02 -1.1926e+02 -7.0863e+02
# New trial
-1.3741e+02 -1.2909e+02 -1.1221e+02 -5.6263e+02
-1.3735e+02 -1.2847e+02 -1.0447e+02 -4.9453e+02
-1.3762e+02 -1.3062e+02 -1.0142e+02 -4.9196e+02
-1.3826e+02 -1.3654e+02 -1.2380e+02 -3.4657e+02
# New trial
-1.3784e+02 -1.3265e+02 -1.0959e+02 -4.1417e+02
-1.3767e+02 -1.3088e+02 -9.1284e+01 -3.1820e+02
-1.3754e+02 -1.2943e+02 -7.6378e+01 -2.5988e+02
-1.3796e+02 -1.3356e+02 -1.0011e+02 -2.4428e+02
# New trial
-1.3765e+02 -1.3122e+02 -1.1968e+02 -4.8650e+02
-1.3758e+02 -1.3023e+02 -1.0076e+02 -3.1720e+02
-1.3753e+02 -1.2956e+02 -1.0162e+02 -4.3736e+02
-1.3810e+02 -1.3499e+02 -1.2246e+02 -6.0625e+02
# New trial
-1.3763e+02 -1.3076e+02 -1.0987e+02 -4.1803e+02
-1.3762e+02 -1.3061e+02 -1.0118e+02 -3.0664e+02
-1.3785e+02 -1.3265e+02 -1.0162e+02 -3.8475e+02
-1.3829e+02 -1.3685e+02 -1.2413e+02 -1.8541e+02
# New trial
-1.3750e+02 -1.2966e+02 -9.9382e+01 -3.5205e+02
-1.3755e+02 -1.2991e+02 -9.1871e+01 -2.8717e+02
-1.3758e+02 -1.2996e+02 -9.3207e+01 -3.9947e+02
-1.3806e+02 -1.3462e+02 -1.1372e+02 -4.8112e+02
# New trial
-1.3754e+02 -1.3030e+02 -1.1263e+02 -5.6780e+02
-1.3742e+02 -1.2877e+02 -9.0815e+01 -4.4066e+02
-1.3722e+02 -1.2646e+02 -7.1033e+01 -2.4240e+02
-1.3795e+02 -1.3354e+02 -1.0139e+02 -2.0339e+02
# New trial
-1.3771e+02 -1.3173e+02 -1.2405e+02 -5.8146e+02
-1.3772e+02 -1.3159e+02 -1.1047e+02 -4.7469e+02
-1.3786e+02 -1.3276e+02 -1.1158e+02 -4.9890e+02
-1.3834e+02 -1.3734e+02 -1.3178e+02 -3.8926e+02
# New trial
-1.3726e+02 -1.2737e+02 -9.5853e+01 -3.3999e+02
-1.3729e+02 -1.2757e+02 -9.3668e+01 -3.7751e+02
-1.3762e+02 -1.3057e+02 -1.1902e+02 -7.1938e+02
-1.3832e+02 -1.3712e+02 -1.2997e+02 -4.6318e+02
# New trial
-1.3792e+02 -1.3317e+02 -9.6155e+01 -1.2680e+02
-1.3797e+02 -1.3371e+02 -9.8280e+01 -1.2046e+02
-1.3805e+02 -1.3445e+02 -1.0341e+02 -1.5010e+02
-1.3828e+02 -1.3673e+02 -1.2229e+02 -1.3051e+02
# New trial
-1.3767e+02 -1.3100e+02 -1.0848e+02 -4.4675e+02
-1.3759e+02 -1.3020e+02 -9.7181e+01 -3.8963e+02
-1.3739e+02 -1.2804e+02 -9.0025e+01 -4.6178e+02
-1.3794e+02 -1.3333e+02 -1.0099e+02 -2.9173e+02
# New trial
-1.3791e+02 -1.3314e+02 -9.8832e+01 -2.0164e+02
-1.3783e+02 -1.3226e+02 -8.8092e+01 -1.4348e+02
-1.3774e+02 -1.3141e+02 -8.0511e+01 -1.1674e+02
-1.3800e+02 -1.3399e+02 -9.9946e+01 -1.3692e+02
# New trial
-1.3782e+02 -1.3232e+02 -9.9301e+01 -3.0847e+02
-1.3786e+02 -1.3259e+02 -9.1661e+01 -2.2166e+02
-1.3786e+02 -1.3253e+02 -8.9147e+01 -3.0976e+02
-1.3816e+02 -1.3554e+02 -1.1215e+02 -2.5948e+02
# New trial
-1.3746e+02 -1.2918e+02 -1.0102e+02 -4.0395e+02
-1.3740e+02 -1.2859e+02 -9.3035e+01 -3.2454e+02
-1.3756e+02 -1.2993e+02 -1.0155e+02 -4.3786e+02
-1.3825e+02 -1.3641e+02 -1.2406e+02 -4.2205e+02
# New trial
-1.3753e+02 -1.2983e+02 -9.4317e+01 -2.4580e+02
-1.3757e+02 -1.3018e+02 -9.5985e+01 -2.6681e+02
-1.3771e+02 -1.3132e+02 -1.0301e+02 -4.7967e+02
-1.3820e+02 -1.3594e+02 -1.1784e+02 -3.7893e+02
# New trial
-1.3755e+02 -1.3084e+02 -1.4125e+02 -8.2040e+02
-1.3752e+02 -1.3009e+02 -1.1716e+02 -5.9905e+02
-1.3761e+02 -1.3065e+02 -1.1468e+02 -6.9885e+02
-1.3822e+02 -1.3626e+02 -1.2366e+02 -3.9973e+02
# New trial
-1.3801e+02 -1.3423e+02 -1.1385e+02 -3.2501e+02
-1.3799e+02 -1.3395e+02 -1.0296e+02 -2.0814e+02
-1.3790e+02 -1.3295e+02 -9.1190e+01 -1.9289e+02
-1.3809e+02 -1.3488e+02 -1.0567e+02 -1.4822e+02
# New trial
-1.3776e+02 -1.3171e+02 -9.7125e+01 -2.8808e+02
-1.3776e+02 -1.3171e+02 -9.5034e+01 -2.5409e+02
-1.3781e+02 -1.3219e+02 -1.0026e+02 -3.8669e+02
-1.3822e+02 -1.3619e+02 -1.2518e+02 -4.1125e+02
# New trial
-1.3730e+02 -1.2774e+02 -9.0125e+01 -2.7293e+02
-1.3727e+02 -1.2763e+02 -9.2590e+01 -2.2245e+02
-1.3766e+02 -1.3112e+02 -1.1335e+02 -4.8757e+02
-1.3835e+02 -1.3746e+02 -1.3462e+02 -4.9257e+02
# New trial
-1.3765e+02 -1.3111e+02 -1.2062e+02 -5.5782e+02
-1.3767e+02 -1.3098e+02 -1.0213e+02 -3.2812e+02
-1.3771e+02 -1.3127e+02 -9.6068e+01 -3.7330e+02
-1.3823e+02 -1.3622e+02 -1.1929e+02 -2.7732e+02
# New trial
-1.3801e+02 -1.3427e+02 -1.2060e+02 -3.9157e+02
-1.3797e+02 -1.3383e+02 -1.0875e+02 -2.7166e+02
-1.3789e+02 -1.3290e+02 -9.3826e+01 -2.4070e+02
-1.3805e+02 -1.3447e+02 -1.0296e+02 -1.2571e+02
# New trial
-1.3716e+02 -1.2736e+02 -1.1762e+02 -5.4270e+02
-1.3721e+02 -1.2769e+02 -1.1247e+02 -4.5504e+02
-1.3768e+02 -1.3161e+02 -1.2393e+02 -5.6143e+02
-1.3836e+02 -1.3754e+02 -1.3319e+02 -4.0936e+02
# New trial
-1.3777e+02 -1.3188e+02 -9.9305e+01 -2.7899e+02
-1.3766e+02 -1.3086e+02 -9.2473e+01 -1.9637e+02
-1.3760e+02 -1.3016e+02 -8.8249e+01 -2.8233e+02
-1.3816e+02 -1.3560e+02 -1.1600e+02 -3.1281e+02
# New trial
-1.3776e+02 -1.3194e+02 -1.1191e+02 -4.5060e+02
-1.3780e+02 -1.3221e+02 -9.9841e+01 -2.5324e+02
-1.3786e+02 -1.3270e+02 -9.7973e+01 -3.1799e+02
-1.3823e+02 -1.3626e+02 -1.2002e+02 -3.3059e+02
# New trial
-1.3788e+02 -1.3316e+02 -1.1741e+02 -3.9861e+02
-1.3777e+02 -1.3199e+02 -1.0454e+02 -3.4255e+02
-1.3769e+02 -1.3103e+02 -9.3586e+01 -3.8913e+02
-1.3804e+02 -1.3441e+02 -1.1077e+02 -4.2035e+02
# New trial
-1.3783e+02 -1.3254e+02 -1.1155e+02 -3.7447e+02
-1.3769e+02 -1.3114e+02 -9.6932e+01 -2.4891e+02
-1.3751e+02 -1.2935e+02 -8.7823e+01 -2.9806e+02
-1.3797e+02 -1.3370e+02 -1.0339e+02 -2.7256e+02
# New trial
-1.3789e+02 -1.3328e+02 -1.2642e+02 -5.4377e+02
-1.3791e+02 -1.3321e+02 -1.0442e+02 -2.7573e+02
-1.3795e+02 -1.3347e+02 -1.0030e+02 -2.8902e+02
-1.3824e+02 -1.3638e+02 -1.2077e+02 -3.5841e+02
# New trial
-1.3779e+02 -1.3247e+02 -1.3928e+02 -7.8152e+02
-1.3776e+02 -1.3192e+02 -1.0967e+02 -4.5147e+02
-1.3779e+02 -1.3199e+02 -9.7434e+01 -4.4783e+02
-1.3824e+02 -1.3632e+02 -1.2074e+02 -3.8119e+02
# New trial
