# 0.1sig - Array shape (trial/sig/alpha): (30, 4, 4)
-1.7931e+02 -1.7334e+02 -1.3169e+02 -9.6890e+01
-1.7915e+02 -1.7190e+02 -1.2530e+02 -7.8095e+01
-1.7879e+02 -1.6844e+02 -1.1202e+02 -1.7932e+02
-1.7933e+02 -1.7351e+02 -1.2988e+02 -2.6401e+02
# New trial
-1.7954e+02 -1.7559e+02 -1.4332e+02 -1.0445e+02
-1.7939e+02 -1.7406e+02 -1.3107e+02 -8.7776e+01
-1.7898e+02 -1.7004e+02 -1.0294e+02 -9.3378e+01
-1.7903e+02 -1.7046e+02 -1.0680e+02 -1.7261e+02
# New trial
-1.7953e+02 -1.7543e+02 -1.4669e+02 -1.8239e+02
-1.7928e+02 -1.7295e+02 -1.2230e+02 -7.5778e+01
-1.7876e+02 -1.6783e+02 -9.4634e+01 -8.7614e+01
-1.7863e+02 -1.6646e+02 -9.5442e+01 -1.3553e+02
# New trial
-1.7945e+02 -1.7465e+02 -1.3647e+02 -1.9201e+02
-1.7932e+02 -1.7335e+02 -1.2430e+02 -8.4209e+01
-1.7892e+02 -1.6939e+02 -1.1348e+02 -2.2201e+02
-1.7887e+02 -1.6897e+02 -1.2428e+02 -4.6280e+02
# New trial
-1.7965e+02 -1.7666e+02 -1.5529e+02 -3.1649e+02
-1.7950e+02 -1.7514e+02 -1.3725e+02 -8.0889e+01
-1.7916e+02 -1.7176e+02 -1.1175e+02 -1.0407e+02
-1.7926e+02 -1.7277e+02 -1.2283e+02 -2.9607e+02
# New trial
-1.7967e+02 -1.7680e+02 -1.5221e+02 -1.3216e+02
-1.7953e+02 -1.7539e+02 -1.3878e+02 -8.3091e+01
-1.7926e+02 -1.7271e+02 -1.1776e+02 -1.0169e+02
-1.7945e+02 -1.7462e+02 -1.3345e+02 -2.3116e+02
# New trial
-1.7958e+02 -1.7597e+02 -1.4433e+02 -8.6660e+01
-1.7946e+02 -1.7471e+02 -1.3389e+02 -8.0053e+01
-1.7912e+02 -1.7141e+02 -1.1025e+02 -8.9385e+01
-1.7915e+02 -1.7168e+02 -1.1306e+02 -1.6968e+02
# New trial
-1.7942e+02 -1.7437e+02 -1.4041e+02 -2.8647e+02
-1.7932e+02 -1.7343e+02 -1.2853e+02 -8.2176e+01
-1.7914e+02 -1.7164e+02 -1.1635e+02 -1.7639e+02
-1.7949e+02 -1.7505e+02 -1.3677e+02 -2.5217e+02
# New trial
-1.7928e+02 -1.7306e+02 -1.2748e+02 -7.9905e+01
-1.7904e+02 -1.7080e+02 -1.1556e+02 -7.6392e+01
-1.7868e+02 -1.6728e+02 -1.0436e+02 -1.5466e+02
-1.7923e+02 -1.7256e+02 -1.2136e+02 -1.7618e+02
# New trial
-1.7951e+02 -1.7528e+02 -1.3821e+02 -7.8852e+01
-1.7935e+02 -1.7365e+02 -1.2587e+02 -7.5420e+01
-1.7892e+02 -1.6942e+02 -9.7070e+01 -7.4518e+01
-1.7900e+02 -1.7011e+02 -1.0125e+02 -8.6516e+01
# New trial
-1.7960e+02 -1.7615e+02 -1.4454e+02 -8.2471e+01
-1.7942e+02 -1.7437e+02 -1.3126e+02 -7.4450e+01
-1.7893e+02 -1.6954e+02 -1.1030e+02 -1.4466e+02
-1.7883e+02 -1.6855e+02 -1.0946e+02 -3.1199e+02
# New trial
-1.7944e+02 -1.7456e+02 -1.4053e+02 -2.1352e+02
-1.7928e+02 -1.7307e+02 -1.2944e+02 -8.2991e+01
-1.7893e+02 -1.6964e+02 -1.1117e+02 -1.6448e+02
-1.7930e+02 -1.7322e+02 -1.3331e+02 -3.8074e+02
# New trial
-1.7949e+02 -1.7509e+02 -1.3962e+02 -1.1648e+02
-1.7939e+02 -1.7404e+02 -1.2944e+02 -9.0494e+01
-1.7911e+02 -1.7129e+02 -1.2084e+02 -2.5795e+02
-1.7939e+02 -1.7406e+02 -1.3717e+02 -3.8313e+02
# New trial
-1.7968e+02 -1.7688e+02 -1.5305e+02 -1.2318e+02
-1.7953e+02 -1.7541e+02 -1.3774e+02 -7.8478e+01
-1.7921e+02 -1.7225e+02 -1.1627e+02 -1.0561e+02
-1.7904e+02 -1.7053e+02 -1.1585e+02 -2.6487e+02
# New trial
-1.7943e+02 -1.7461e+02 -1.4795e+02 -1.9895e+02
-1.7916e+02 -1.7200e+02 -1.2297e+02 -7.8158e+01
-1.7867e+02 -1.6705e+02 -1.0345e+02 -1.7165e+02
-1.7906e+02 -1.7082e+02 -1.2930e+02 -4.4759e+02
# New trial
-1.7937e+02 -1.7408e+02 -1.5980e+02 -4.4037e+02
-1.7913e+02 -1.7165e+02 -1.2228e+02 -7.6143e+01
-1.7857e+02 -1.6622e+02 -1.0683e+02 -2.0057e+02
-1.7883e+02 -1.6868e+02 -1.3258e+02 -5.6601e+02
# New trial
-1.7954e+02 -1.7549e+02 -1.3957e+02 -7.5172e+01
-1.7935e+02 -1.7361e+02 -1.2509e+02 -7.4604e+01
-1.7890e+02 -1.6923e+02 -1.0401e+02 -9.6450e+01
-1.7898e+02 -1.6996e+02 -1.0221e+02 -8.1865e+01
# New trial
-1.7967e+02 -1.7681e+02 -1.5053e+02 -9.2068e+01
-1.7950e+02 -1.7515e+02 -1.3544e+02 -7.6408e+01
-1.7907e+02 -1.7087e+02 -1.0106e+02 -7.3849e+01
-1.7886e+02 -1.6878e+02 -9.1791e+01 -7.3842e+01
# New trial
-1.7960e+02 -1.7614e+02 -1.4357e+02 -7.8348e+01
-1.7948e+02 -1.7491e+02 -1.3390e+02 -7.6452e+01
-1.7919e+02 -1.7212e+02 -1.1634e+02 -1.0987e+02
-1.7927e+02 -1.7288e+02 -1.2962e+02 -3.8283e+02
# New trial
-1.7963e+02 -1.7649e+02 -1.6433e+02 -4.3030e+02
-1.7940e+02 -1.7422e+02 -1.3413e+02 -8.1929e+01
-1.7887e+02 -1.6904e+02 -1.1124e+02 -1.5879e+02
-1.7898e+02 -1.7002e+02 -1.2222e+02 -3.8866e+02
# New trial
-1.7949e+02 -1.7510e+02 -1.4312e+02 -1.2344e+02
-1.7935e+02 -1.7369e+02 -1.3048e+02 -7.7387e+01
-1.7905e+02 -1.7076e+02 -1.1092e+02 -1.0497e+02
-1.7929e+02 -1.7309e+02 -1.2634e+02 -3.3216e+02
# New trial
-1.7952e+02 -1.7538e+02 -1.4182e+02 -1.8180e+02
-1.7939e+02 -1.7407e+02 -1.3126e+02 -7.7433e+01
-1.7909e+02 -1.7111e+02 -1.1252e+02 -1.1424e+02
-1.7929e+02 -1.7301e+02 -1.2247e+02 -2.1910e+02
# New trial
-1.7956e+02 -1.7568e+02 -1.4194e+02 -8.3353e+01
-1.7941e+02 -1.7427e+02 -1.3083e+02 -7.4826e+01
-1.7904e+02 -1.7060e+02 -1.0410e+02 -9.2167e+01
-1.7910e+02 -1.7116e+02 -1.0650e+02 -1.2769e+02
# New trial
-1.7958e+02 -1.7592e+02 -1.4423e+02 -9.9684e+01
-1.7945e+02 -1.7464e+02 -1.3274e+02 -7.8870e+01
-1.7919e+02 -1.7201e+02 -1.1457e+02 -1.6953e+02
-1.7936e+02 -1.7378e+02 -1.3217e+02 -4.2761e+02
# New trial
-1.7964e+02 -1.7648e+02 -1.4866e+02 -2.3788e+02
-1.7958e+02 -1.7593e+02 -1.4335e+02 -8.2749e+01
-1.7940e+02 -1.7412e+02 -1.2848e+02 -1.3901e+02
-1.7950e+02 -1.7507e+02 -1.3550e+02 -1.4586e+02
# New trial
-1.7950e+02 -1.7524e+02 -1.5296e+02 -3.2885e+02
-1.7931e+02 -1.7322e+02 -1.2287e+02 -7.6164e+01
-1.7894e+02 -1.6960e+02 -1.0322e+02 -1.0811e+02
-1.7895e+02 -1.6972e+02 -1.1863e+02 -3.6681e+02
# New trial
-1.7960e+02 -1.7610e+02 -1.4452e+02 -8.6714e+01
-1.7954e+02 -1.7548e+02 -1.3930e+02 -7.9062e+01
-1.7939e+02 -1.7400e+02 -1.2665e+02 -1.2089e+02
-1.7963e+02 -1.7643e+02 -1.4644e+02 -1.1469e+02
# New trial
-1.7948e+02 -1.7501e+02 -1.4442e+02 -2.0403e+02
-1.7930e+02 -1.7318e+02 -1.2561e+02 -7.7753e+01
-1.7876e+02 -1.6796e+02 -1.0978e+02 -1.9629e+02
-1.7883e+02 -1.6864e+02 -1.2156e+02 -4.1099e+02
# New trial
-1.7958e+02 -1.7592e+02 -1.4570e+02 -1.5740e+02
-1.7942e+02 -1.7434e+02 -1.2911e+02 -7.3851e+01
-1.7896e+02 -1.6970e+02 -9.4838e+01 -7.3842e+01
-1.7881e+02 -1.6826e+02 -9.1750e+01 -8.0217e+01
# New trial
-1.7964e+02 -1.7657e+02 -1.4937e+02 -1.3431e+02
-1.7958e+02 -1.7594e+02 -1.4469e+02 -1.2963e+02
-1.7947e+02 -1.7487e+02 -1.3754e+02 -2.1037e+02
-1.7964e+02 -1.7649e+02 -1.4985e+02 -3.4953e+02
# New trial
