# 0.01sig - Array shape (trial/sig/alpha): (30, 4, 4)
-1.7965e+02 -1.7661e+02 -1.5264e+02 -1.1552e+02
-1.7957e+02 -1.7592e+02 -1.4900e+02 -1.2685e+02
-1.7946e+02 -1.7485e+02 -1.4789e+02 -2.4360e+02
-1.7973e+02 -1.7749e+02 -1.6165e+02 -3.4784e+02
# New trial
-1.7961e+02 -1.7627e+02 -1.4923e+02 -1.1349e+02
-1.7951e+02 -1.7524e+02 -1.4420e+02 -1.1475e+02
-1.7935e+02 -1.7369e+02 -1.3457e+02 -1.3006e+02
-1.7967e+02 -1.7683e+02 -1.5241e+02 -2.1442e+02
# New trial
-1.7965e+02 -1.7662e+02 -1.5090e+02 -1.1748e+02
-1.7951e+02 -1.7529e+02 -1.4322e+02 -1.1710e+02
-1.7918e+02 -1.7208e+02 -1.3281e+02 -1.4419e+02
-1.7937e+02 -1.7393e+02 -1.4529e+02 -3.3861e+02
# New trial
-1.7956e+02 -1.7578e+02 -1.4719e+02 -1.1710e+02
-1.7942e+02 -1.7450e+02 -1.4247e+02 -1.2092e+02
-1.7920e+02 -1.7239e+02 -1.3436e+02 -1.5990e+02
-1.7963e+02 -1.7640e+02 -1.5617e+02 -4.2573e+02
# New trial
-1.7970e+02 -1.7709e+02 -1.5397e+02 -1.1385e+02
-1.7960e+02 -1.7610e+02 -1.4712e+02 -1.1944e+02
-1.7933e+02 -1.7355e+02 -1.3617e+02 -1.5416e+02
-1.7933e+02 -1.7345e+02 -1.3165e+02 -1.6123e+02
# New trial
-1.7971e+02 -1.7723e+02 -1.5474e+02 -1.1788e+02
-1.7955e+02 -1.7570e+02 -1.4568e+02 -1.1748e+02
-1.7921e+02 -1.7234e+02 -1.3074e+02 -1.3517e+02
-1.7936e+02 -1.7375e+02 -1.4029e+02 -3.0196e+02
# New trial
-1.7968e+02 -1.7696e+02 -1.5329e+02 -1.2038e+02
-1.7958e+02 -1.7595e+02 -1.4773e+02 -1.1971e+02
-1.7944e+02 -1.7464e+02 -1.4275e+02 -1.6320e+02
-1.7968e+02 -1.7698e+02 -1.5653e+02 -2.9282e+02
# New trial
-1.7968e+02 -1.7688e+02 -1.5246e+02 -1.1478e+02
-1.7959e+02 -1.7608e+02 -1.4662e+02 -1.2119e+02
-1.7938e+02 -1.7393e+02 -1.3550e+02 -1.7408e+02
-1.7950e+02 -1.7517e+02 -1.4509e+02 -2.8449e+02
# New trial
-1.7964e+02 -1.7649e+02 -1.4927e+02 -1.1337e+02
-1.7949e+02 -1.7508e+02 -1.3948e+02 -1.1212e+02
-1.7911e+02 -1.7133e+02 -1.2536e+02 -1.3665e+02
-1.7927e+02 -1.7295e+02 -1.3830e+02 -2.5773e+02
# New trial
-1.7962e+02 -1.7634e+02 -1.5027e+02 -1.1875e+02
-1.7952e+02 -1.7538e+02 -1.4565e+02 -1.1726e+02
-1.7938e+02 -1.7406e+02 -1.4074e+02 -1.8112e+02
-1.7969e+02 -1.7704e+02 -1.5584e+02 -2.9030e+02
# New trial
-1.7953e+02 -1.7549e+02 -1.4755e+02 -1.1590e+02
-1.7940e+02 -1.7430e+02 -1.4438e+02 -1.4138e+02
-1.7920e+02 -1.7247e+02 -1.3910e+02 -1.8560e+02
-1.7966e+02 -1.7679e+02 -1.5486e+02 -2.1455e+02
# New trial
-1.7977e+02 -1.7784e+02 -1.5958e+02 -1.1302e+02
-1.7973e+02 -1.7741e+02 -1.5585e+02 -1.1345e+02
-1.7962e+02 -1.7635e+02 -1.4685e+02 -1.1242e+02
-1.7969e+02 -1.7703e+02 -1.5179e+02 -1.1650e+02
# New trial
-1.7970e+02 -1.7710e+02 -1.5347e+02 -1.1348e+02
-1.7957e+02 -1.7578e+02 -1.4406e+02 -1.1290e+02
-1.7921e+02 -1.7232e+02 -1.2665e+02 -1.2461e+02
-1.7927e+02 -1.7286e+02 -1.3711e+02 -3.0300e+02
# New trial
-1.7976e+02 -1.7773e+02 -1.5819e+02 -1.1106e+02
-1.7969e+02 -1.7702e+02 -1.5177e+02 -1.1104e+02
-1.7948e+02 -1.7497e+02 -1.3633e+02 -1.1156e+02
-1.7948e+02 -1.7487e+02 -1.3518e+02 -1.3642e+02
# New trial
-1.7975e+02 -1.7761e+02 -1.5715e+02 -1.1450e+02
-1.7968e+02 -1.7694e+02 -1.5126e+02 -1.1457e+02
-1.7949e+02 -1.7502e+02 -1.3590e+02 -1.2556e+02
-1.7950e+02 -1.7514e+02 -1.3671e+02 -1.1806e+02
# New trial
-1.7958e+02 -1.7597e+02 -1.4911e+02 -1.2175e+02
-1.7945e+02 -1.7474e+02 -1.4425e+02 -1.3175e+02
-1.7923e+02 -1.7265e+02 -1.3691e+02 -1.9163e+02
-1.7961e+02 -1.7629e+02 -1.5280e+02 -3.3488e+02
# New trial
-1.7963e+02 -1.7640e+02 -1.4911e+02 -1.1103e+02
-1.7952e+02 -1.7538e+02 -1.4451e+02 -1.1125e+02
-1.7934e+02 -1.7366e+02 -1.3331e+02 -1.2014e+02
-1.7958e+02 -1.7592e+02 -1.4567e+02 -2.4081e+02
# New trial
-1.7960e+02 -1.7621e+02 -1.5087e+02 -1.1532e+02
-1.7946e+02 -1.7487e+02 -1.4421e+02 -1.1930e+02
-1.7922e+02 -1.7265e+02 -1.3989e+02 -1.8866e+02
-1.7962e+02 -1.7635e+02 -1.6404e+02 -5.2574e+02
# New trial
-1.7961e+02 -1.7622e+02 -1.5106e+02 -1.3090e+02
-1.7950e+02 -1.7525e+02 -1.4826e+02 -1.6597e+02
-1.7949e+02 -1.7517e+02 -1.5392e+02 -3.2828e+02
-1.7977e+02 -1.7785e+02 -1.6979e+02 -5.5650e+02
# New trial
-1.7968e+02 -1.7689e+02 -1.5411e+02 -1.1846e+02
-1.7960e+02 -1.7618e+02 -1.5097e+02 -1.3816e+02
-1.7944e+02 -1.7464e+02 -1.4221e+02 -1.8404e+02
-1.7961e+02 -1.7628e+02 -1.5249e+02 -3.1426e+02
# New trial
-1.7940e+02 -1.7435e+02 -1.4426e+02 -1.1241e+02
-1.7927e+02 -1.7322e+02 -1.4371e+02 -1.3902e+02
-1.7920e+02 -1.7254e+02 -1.4264e+02 -2.4226e+02
-1.7970e+02 -1.7720e+02 -1.6189e+02 -3.7095e+02
# New trial
-1.7971e+02 -1.7718e+02 -1.5485e+02 -1.2084e+02
-1.7960e+02 -1.7614e+02 -1.4868e+02 -1.2905e+02
-1.7935e+02 -1.7374e+02 -1.3671e+02 -1.6952e+02
-1.7959e+02 -1.7601e+02 -1.4681e+02 -2.3048e+02
# New trial
-1.7984e+02 -1.7852e+02 -1.6564e+02 -1.2514e+02
-1.7978e+02 -1.7793e+02 -1.6056e+02 -1.3819e+02
-1.7965e+02 -1.7658e+02 -1.5040e+02 -1.8049e+02
-1.7959e+02 -1.7597e+02 -1.4523e+02 -2.1201e+02
# New trial
-1.7937e+02 -1.7405e+02 -1.4466e+02 -1.2820e+02
-1.7921e+02 -1.7268e+02 -1.4193e+02 -1.4618e+02
-1.7919e+02 -1.7252e+02 -1.4711e+02 -3.1243e+02
-1.7976e+02 -1.7779e+02 -1.6724e+02 -4.2569e+02
# New trial
-1.7975e+02 -1.7759e+02 -1.5846e+02 -1.3026e+02
-1.7962e+02 -1.7635e+02 -1.5078e+02 -1.4495e+02
-1.7936e+02 -1.7382e+02 -1.3851e+02 -2.3521e+02
-1.7961e+02 -1.7622e+02 -1.4710e+02 -2.0847e+02
# New trial
-1.7978e+02 -1.7786e+02 -1.5957e+02 -1.1648e+02
-1.7971e+02 -1.7717e+02 -1.5390e+02 -1.2085e+02
-1.7951e+02 -1.7528e+02 -1.4140e+02 -1.4500e+02
-1.7965e+02 -1.7657e+02 -1.4846e+02 -1.3838e+02
# New trial
-1.7975e+02 -1.7762e+02 -1.5741e+02 -1.1556e+02
-1.7963e+02 -1.7643e+02 -1.4834e+02 -1.1795e+02
-1.7938e+02 -1.7393e+02 -1.3295e+02 -1.5454e+02
-1.7943e+02 -1.7438e+02 -1.3622e+02 -2.3164e+02
# New trial
-1.7974e+02 -1.7749e+02 -1.5672e+02 -1.2159e+02
-1.7962e+02 -1.7635e+02 -1.4896e+02 -1.2889e+02
-1.7934e+02 -1.7358e+02 -1.3860e+02 -1.9986e+02
-1.7940e+02 -1.7419e+02 -1.3670e+02 -2.2415e+02
# New trial
-1.7981e+02 -1.7820e+02 -1.6322e+02 -1.2686e+02
-1.7977e+02 -1.7781e+02 -1.6010e+02 -1.3235e+02
-1.7967e+02 -1.7681e+02 -1.5320e+02 -1.8930e+02
-1.7975e+02 -1.7760e+02 -1.6114e+02 -3.2323e+02
# New trial
-1.7967e+02 -1.7685e+02 -1.5263e+02 -1.3840e+02
-1.7960e+02 -1.7610e+02 -1.4834e+02 -1.5561e+02
-1.7943e+02 -1.7448e+02 -1.4338e+02 -2.5690e+02
-1.7964e+02 -1.7658e+02 -1.5431e+02 -3.5608e+02
# New trial
