# 0.01sig - Array shape (trial/sig/alpha): (30, 4, 4)
-1.2914e+02 -1.2839e+02 -1.2246e+02 -1.1583e+02
-1.2912e+02 -1.2822e+02 -1.2157e+02 -1.2047e+02
-1.2909e+02 -1.2790e+02 -1.2047e+02 -1.3938e+02
-1.2916e+02 -1.2860e+02 -1.2435e+02 -1.6517e+02
# New trial
-1.2914e+02 -1.2838e+02 -1.2255e+02 -1.1941e+02
-1.2912e+02 -1.2818e+02 -1.2192e+02 -1.2261e+02
-1.2910e+02 -1.2799e+02 -1.2176e+02 -1.4342e+02
-1.2918e+02 -1.2879e+02 -1.2633e+02 -1.8617e+02
# New trial
-1.2914e+02 -1.2838e+02 -1.2210e+02 -1.1539e+02
-1.2910e+02 -1.2806e+02 -1.2029e+02 -1.1540e+02
-1.2902e+02 -1.2727e+02 -1.1771e+02 -1.1758e+02
-1.2909e+02 -1.2786e+02 -1.1951e+02 -1.3364e+02
# New trial
-1.2913e+02 -1.2827e+02 -1.2203e+02 -1.1617e+02
-1.2910e+02 -1.2801e+02 -1.2102e+02 -1.1640e+02
-1.2908e+02 -1.2780e+02 -1.2107e+02 -1.4500e+02
-1.2916e+02 -1.2864e+02 -1.2656e+02 -1.9891e+02
# New trial
-1.2915e+02 -1.2851e+02 -1.2287e+02 -1.1576e+02
-1.2913e+02 -1.2830e+02 -1.2145e+02 -1.1588e+02
-1.2908e+02 -1.2781e+02 -1.1936e+02 -1.2274e+02
-1.2911e+02 -1.2811e+02 -1.2113e+02 -1.4622e+02
# New trial
-1.2916e+02 -1.2854e+02 -1.2296e+02 -1.1596e+02
-1.2911e+02 -1.2812e+02 -1.2036e+02 -1.1584e+02
-1.2904e+02 -1.2740e+02 -1.1743e+02 -1.1579e+02
-1.2913e+02 -1.2829e+02 -1.2147e+02 -1.2525e+02
# New trial
-1.2915e+02 -1.2855e+02 -1.2350e+02 -1.1600e+02
-1.2913e+02 -1.2833e+02 -1.2254e+02 -1.1653e+02
-1.2913e+02 -1.2833e+02 -1.2353e+02 -1.4166e+02
-1.2920e+02 -1.2895e+02 -1.2724e+02 -1.6569e+02
# New trial
-1.2915e+02 -1.2850e+02 -1.2281e+02 -1.1539e+02
-1.2913e+02 -1.2829e+02 -1.2112e+02 -1.1538e+02
-1.2908e+02 -1.2777e+02 -1.1769e+02 -1.1538e+02
-1.2913e+02 -1.2826e+02 -1.2077e+02 -1.1543e+02
# New trial
-1.2914e+02 -1.2845e+02 -1.2294e+02 -1.1647e+02
-1.2911e+02 -1.2812e+02 -1.2122e+02 -1.1587e+02
-1.2904e+02 -1.2742e+02 -1.2043e+02 -1.3023e+02
-1.2913e+02 -1.2829e+02 -1.2736e+02 -2.0586e+02
# New trial
-1.2914e+02 -1.2838e+02 -1.2287e+02 -1.1941e+02
-1.2912e+02 -1.2817e+02 -1.2203e+02 -1.1820e+02
-1.2912e+02 -1.2819e+02 -1.2353e+02 -1.6372e+02
-1.2920e+02 -1.2899e+02 -1.2781e+02 -1.9376e+02
# New trial
-1.2911e+02 -1.2816e+02 -1.2205e+02 -1.1640e+02
-1.2910e+02 -1.2802e+02 -1.2279e+02 -1.3483e+02
-1.2909e+02 -1.2795e+02 -1.2460e+02 -1.6824e+02
-1.2919e+02 -1.2888e+02 -1.2765e+02 -1.9858e+02
# New trial
-1.2918e+02 -1.2876e+02 -1.2501e+02 -1.1656e+02
-1.2917e+02 -1.2867e+02 -1.2430e+02 -1.1611e+02
-1.2915e+02 -1.2853e+02 -1.2313e+02 -1.1555e+02
-1.2919e+02 -1.2885e+02 -1.2565e+02 -1.1849e+02
# New trial
-1.2915e+02 -1.2852e+02 -1.2293e+02 -1.1665e+02
-1.2912e+02 -1.2821e+02 -1.2091e+02 -1.1824e+02
-1.2905e+02 -1.2748e+02 -1.1849e+02 -1.2490e+02
-1.2912e+02 -1.2817e+02 -1.2158e+02 -1.5197e+02
# New trial
-1.2917e+02 -1.2869e+02 -1.2420e+02 -1.1606e+02
-1.2915e+02 -1.2853e+02 -1.2287e+02 -1.1582e+02
-1.2911e+02 -1.2809e+02 -1.1997e+02 -1.1843e+02
-1.2912e+02 -1.2822e+02 -1.2136e+02 -1.4450e+02
# New trial
-1.2918e+02 -1.2875e+02 -1.2476e+02 -1.2257e+02
-1.2916e+02 -1.2860e+02 -1.2351e+02 -1.2105e+02
-1.2914e+02 -1.2837e+02 -1.2230e+02 -1.3988e+02
-1.2916e+02 -1.2863e+02 -1.2512e+02 -1.8499e+02
# New trial
-1.2912e+02 -1.2822e+02 -1.2130e+02 -1.1539e+02
-1.2910e+02 -1.2800e+02 -1.2050e+02 -1.1664e+02
-1.2907e+02 -1.2770e+02 -1.2100e+02 -1.5164e+02
-1.2916e+02 -1.2858e+02 -1.2510e+02 -1.8076e+02
# New trial
-1.2913e+02 -1.2832e+02 -1.2196e+02 -1.1670e+02
-1.2911e+02 -1.2807e+02 -1.2125e+02 -1.1774e+02
-1.2909e+02 -1.2792e+02 -1.2164e+02 -1.4213e+02
-1.2917e+02 -1.2871e+02 -1.2570e+02 -1.7781e+02
# New trial
-1.2913e+02 -1.2831e+02 -1.2268e+02 -1.1610e+02
-1.2909e+02 -1.2796e+02 -1.2108e+02 -1.1615e+02
-1.2903e+02 -1.2734e+02 -1.1888e+02 -1.1721e+02
-1.2915e+02 -1.2849e+02 -1.2499e+02 -1.7896e+02
# New trial
-1.2919e+02 -1.2884e+02 -1.2559e+02 -1.1663e+02
-1.2917e+02 -1.2869e+02 -1.2428e+02 -1.1627e+02
-1.2912e+02 -1.2821e+02 -1.2055e+02 -1.1581e+02
-1.2913e+02 -1.2829e+02 -1.2103e+02 -1.2247e+02
# New trial
-1.2915e+02 -1.2849e+02 -1.2311e+02 -1.1689e+02
-1.2913e+02 -1.2833e+02 -1.2257e+02 -1.2279e+02
-1.2914e+02 -1.2838e+02 -1.2529e+02 -1.7986e+02
-1.2920e+02 -1.2903e+02 -1.2909e+02 -2.0925e+02
# New trial
-1.2910e+02 -1.2809e+02 -1.2277e+02 -1.1734e+02
-1.2910e+02 -1.2806e+02 -1.2458e+02 -1.4925e+02
-1.2912e+02 -1.2826e+02 -1.2621e+02 -1.8036e+02
-1.2921e+02 -1.2907e+02 -1.2899e+02 -2.0144e+02
# New trial
-1.2915e+02 -1.2850e+02 -1.2280e+02 -1.1549e+02
-1.2913e+02 -1.2825e+02 -1.2147e+02 -1.1544e+02
-1.2907e+02 -1.2776e+02 -1.1912e+02 -1.1539e+02
-1.2916e+02 -1.2859e+02 -1.2398e+02 -1.5351e+02
# New trial
-1.2919e+02 -1.2892e+02 -1.2628e+02 -1.1834e+02
-1.2918e+02 -1.2883e+02 -1.2566e+02 -1.2765e+02
-1.2916e+02 -1.2864e+02 -1.2439e+02 -1.4350e+02
-1.2916e+02 -1.2865e+02 -1.2492e+02 -1.7488e+02
# New trial
-1.2908e+02 -1.2783e+02 -1.2175e+02 -1.1648e+02
-1.2904e+02 -1.2750e+02 -1.2076e+02 -1.1603e+02
-1.2904e+02 -1.2751e+02 -1.2122e+02 -1.3655e+02
-1.2919e+02 -1.2894e+02 -1.2766e+02 -1.9012e+02
# New trial
-1.2916e+02 -1.2863e+02 -1.2394e+02 -1.1748e+02
-1.2914e+02 -1.2836e+02 -1.2257e+02 -1.2025e+02
-1.2908e+02 -1.2783e+02 -1.2023e+02 -1.2612e+02
-1.2913e+02 -1.2829e+02 -1.2156e+02 -1.3466e+02
# New trial
-1.2918e+02 -1.2875e+02 -1.2480e+02 -1.2246e+02
-1.2916e+02 -1.2860e+02 -1.2364e+02 -1.2452e+02
-1.2913e+02 -1.2831e+02 -1.2231e+02 -1.3392e+02
-1.2918e+02 -1.2879e+02 -1.2555e+02 -1.6219e+02
# New trial
-1.2917e+02 -1.2867e+02 -1.2408e+02 -1.1643e+02
-1.2914e+02 -1.2838e+02 -1.2203e+02 -1.1593e+02
-1.2908e+02 -1.2785e+02 -1.1977e+02 -1.2162e+02
-1.2913e+02 -1.2834e+02 -1.2311e+02 -1.5560e+02
# New trial
-1.2916e+02 -1.2863e+02 -1.2378e+02 -1.1626e+02
-1.2914e+02 -1.2836e+02 -1.2205e+02 -1.1591e+02
-1.2907e+02 -1.2777e+02 -1.1955e+02 -1.2835e+02
-1.2911e+02 -1.2809e+02 -1.2104e+02 -1.4252e+02
# New trial
-1.2918e+02 -1.2879e+02 -1.2510e+02 -1.1574e+02
-1.2917e+02 -1.2874e+02 -1.2469e+02 -1.1699e+02
-1.2916e+02 -1.2863e+02 -1.2392e+02 -1.2815e+02
-1.2919e+02 -1.2891e+02 -1.2640e+02 -1.4560e+02
# New trial
-1.2917e+02 -1.2870e+02 -1.2471e+02 -1.3778e+02
-1.2916e+02 -1.2862e+02 -1.2433e+02 -1.5079e+02
-1.2915e+02 -1.2849e+02 -1.2597e+02 -1.9937e+02
-1.2917e+02 -1.2874e+02 -1.2650e+02 -1.9529e+02
# New trial
