# 0.01sig - Array shape (trial/sig/alpha): (30L, 4L, 4L)
-7.8116e+01 -7.5174e+01 -5.9499e+01 -5.1587e+01
-7.8131e+01 -7.5323e+01 -6.1009e+01 -7.4959e+01
-7.8224e+01 -7.6201e+01 -6.5570e+01 -1.0787e+02
-7.8425e+01 -7.8148e+01 -7.6805e+01 -1.7950e+02
# New trial
-7.8140e+01 -7.5412e+01 -6.0341e+01 -5.1002e+01
-7.8171e+01 -7.5765e+01 -6.5289e+01 -8.6188e+01
-7.8308e+01 -7.7061e+01 -7.2661e+01 -1.7258e+02
-7.8448e+01 -7.8371e+01 -7.8200e+01 -1.7640e+02
# New trial
-7.8173e+01 -7.5735e+01 -6.2323e+01 -5.2844e+01
-7.8116e+01 -7.5192e+01 -5.9886e+01 -5.4541e+01
-7.8144e+01 -7.5414e+01 -6.3197e+01 -1.4178e+02
-7.8390e+01 -7.7791e+01 -7.3127e+01 -1.4284e+02
# New trial
-7.8150e+01 -7.5596e+01 -6.3178e+01 -5.1371e+01
-7.8144e+01 -7.5558e+01 -6.2966e+01 -7.6442e+01
-7.8281e+01 -7.6794e+01 -7.0298e+01 -1.5333e+02
-7.8440e+01 -7.8292e+01 -7.7286e+01 -1.1891e+02
# New trial
-7.8228e+01 -7.6220e+01 -6.1669e+01 -5.0812e+01
-7.8172e+01 -7.5662e+01 -5.7264e+01 -5.1442e+01
-7.8196e+01 -7.5873e+01 -5.9328e+01 -7.5870e+01
-7.8397e+01 -7.7862e+01 -7.2821e+01 -7.5706e+01
# New trial
-7.8133e+01 -7.5314e+01 -5.9332e+01 -5.2001e+01
-7.8151e+01 -7.5530e+01 -6.2162e+01 -6.6254e+01
-7.8302e+01 -7.6968e+01 -7.1443e+01 -1.6561e+02
-7.8445e+01 -7.8338e+01 -7.8072e+01 -1.8002e+02
# New trial
-7.8158e+01 -7.5583e+01 -6.1406e+01 -5.1787e+01
-7.8175e+01 -7.5791e+01 -6.4888e+01 -7.6733e+01
-7.8344e+01 -7.7395e+01 -7.3678e+01 -1.7111e+02
-7.8451e+01 -7.8404e+01 -7.8421e+01 -1.3425e+02
# New trial
-7.8171e+01 -7.5718e+01 -6.2451e+01 -5.6861e+01
-7.8151e+01 -7.5523e+01 -6.2441e+01 -6.7272e+01
-7.8242e+01 -7.6386e+01 -7.1505e+01 -1.7995e+02
-7.8427e+01 -7.8167e+01 -7.6377e+01 -1.4080e+02
# New trial
-7.8132e+01 -7.5355e+01 -6.0728e+01 -5.1886e+01
-7.8124e+01 -7.5291e+01 -6.2813e+01 -8.6931e+01
-7.8217e+01 -7.6170e+01 -7.5637e+01 -2.7731e+02
-7.8429e+01 -7.8197e+01 -7.7923e+01 -1.9900e+02
# New trial
-7.8114e+01 -7.5189e+01 -6.0627e+01 -6.0898e+01
-7.8169e+01 -7.5738e+01 -6.4301e+01 -7.9470e+01
-7.8341e+01 -7.7383e+01 -7.5057e+01 -1.6764e+02
-7.8452e+01 -7.8410e+01 -7.8519e+01 -1.3712e+02
# New trial
-7.8076e+01 -7.4941e+01 -6.2341e+01 -5.8225e+01
-7.8112e+01 -7.5317e+01 -6.8382e+01 -1.5158e+02
-7.8280e+01 -7.6841e+01 -8.2548e+01 -3.2298e+02
-7.8452e+01 -7.8420e+01 -8.0502e+01 -2.4162e+02
# New trial
-7.8263e+01 -7.6550e+01 -6.3741e+01 -5.1726e+01
-7.8317e+01 -7.7084e+01 -6.7937e+01 -8.5901e+01
-7.8403e+01 -7.7926e+01 -7.4800e+01 -1.5430e+02
-7.8452e+01 -7.8406e+01 -7.8101e+01 -9.6566e+01
# New trial
-7.8166e+01 -7.5649e+01 -6.1821e+01 -5.1384e+01
-7.8138e+01 -7.5389e+01 -6.2016e+01 -8.3412e+01
-7.8205e+01 -7.6026e+01 -7.0291e+01 -1.8163e+02
-7.8432e+01 -7.8220e+01 -7.7963e+01 -1.8958e+02
# New trial
-7.8266e+01 -7.6573e+01 -6.4198e+01 -5.6429e+01
-7.8228e+01 -7.6210e+01 -6.2308e+01 -5.8632e+01
-7.8237e+01 -7.6289e+01 -6.2961e+01 -7.9484e+01
-7.8385e+01 -7.7749e+01 -7.2593e+01 -1.1605e+02
# New trial
-7.8252e+01 -7.6439e+01 -6.2730e+01 -5.4365e+01
-7.8289e+01 -7.6808e+01 -6.6070e+01 -7.0213e+01
-7.8377e+01 -7.7672e+01 -7.2480e+01 -1.0339e+02
-7.8449e+01 -7.8382e+01 -7.7810e+01 -8.6037e+01
# New trial
-7.8058e+01 -7.4682e+01 -5.8373e+01 -5.1264e+01
-7.8075e+01 -7.4891e+01 -6.1015e+01 -7.0995e+01
-7.8295e+01 -7.6980e+01 -7.4097e+01 -2.1157e+02
-7.8444e+01 -7.8349e+01 -7.8331e+01 -1.5078e+02
# New trial
-7.8174e+01 -7.5710e+01 -6.0106e+01 -5.0843e+01
-7.8191e+01 -7.5934e+01 -6.4541e+01 -8.2934e+01
-7.8314e+01 -7.7110e+01 -7.1833e+01 -1.5427e+02
-7.8440e+01 -7.8306e+01 -7.8197e+01 -2.0482e+02
# New trial
-7.8105e+01 -7.5240e+01 -6.2715e+01 -5.2118e+01
-7.8166e+01 -7.5863e+01 -6.8791e+01 -1.1698e+02
-7.8365e+01 -7.7688e+01 -8.2368e+01 -2.7746e+02
-7.8453e+01 -7.8434e+01 -7.9195e+01 -1.7044e+02
# New trial
-7.8282e+01 -7.6716e+01 -6.3584e+01 -5.1567e+01
-7.8267e+01 -7.6578e+01 -6.3082e+01 -5.8904e+01
-7.8295e+01 -7.6849e+01 -6.4523e+01 -6.4634e+01
-7.8414e+01 -7.8029e+01 -7.4335e+01 -6.4848e+01
# New trial
-7.8200e+01 -7.5947e+01 -6.0910e+01 -5.1007e+01
-7.8243e+01 -7.6380e+01 -6.5029e+01 -7.4454e+01
-7.8331e+01 -7.7223e+01 -6.9880e+01 -1.0757e+02
-7.8441e+01 -7.8303e+01 -7.7205e+01 -1.3114e+02
# New trial
-7.8001e+01 -7.4250e+01 -5.8710e+01 -5.1051e+01
-7.8028e+01 -7.4586e+01 -6.2563e+01 -7.7059e+01
-7.8298e+01 -7.7001e+01 -7.4526e+01 -1.9091e+02
-7.8455e+01 -7.8435e+01 -7.8823e+01 -1.8195e+02
# New trial
-7.8149e+01 -7.5502e+01 -6.1643e+01 -5.2501e+01
-7.8182e+01 -7.5843e+01 -6.4873e+01 -6.3146e+01
-7.8343e+01 -7.7393e+01 -7.5246e+01 -1.9256e+02
-7.8454e+01 -7.8428e+01 -7.8643e+01 -1.4743e+02
# New trial
-7.8268e+01 -7.6597e+01 -6.4455e+01 -5.5681e+01
-7.8255e+01 -7.6485e+01 -6.5030e+01 -8.4026e+01
-7.8299e+01 -7.6903e+01 -6.7166e+01 -1.0386e+02
-7.8414e+01 -7.8025e+01 -7.4374e+01 -7.5635e+01
# New trial
-7.7985e+01 -7.4202e+01 -6.0123e+01 -5.1721e+01
-7.8002e+01 -7.4373e+01 -6.1352e+01 -7.0703e+01
-7.8288e+01 -7.6938e+01 -7.5994e+01 -2.3562e+02
-7.8451e+01 -7.8408e+01 -7.9548e+01 -2.2473e+02
# New trial
-7.8190e+01 -7.5868e+01 -6.1483e+01 -5.1755e+01
-7.8168e+01 -7.5697e+01 -6.2677e+01 -6.3452e+01
-7.8284e+01 -7.6830e+01 -7.2771e+01 -1.9391e+02
-7.8438e+01 -7.8290e+01 -7.7785e+01 -1.3754e+02
# New trial
-7.8163e+01 -7.5613e+01 -6.0684e+01 -5.1478e+01
-7.8201e+01 -7.5990e+01 -6.4156e+01 -8.0395e+01
-7.8332e+01 -7.7258e+01 -7.1694e+01 -1.5011e+02
-7.8447e+01 -7.8361e+01 -7.7760e+01 -9.6317e+01
# New trial
-7.8239e+01 -7.6336e+01 -6.3545e+01 -5.2417e+01
-7.8218e+01 -7.6154e+01 -6.3882e+01 -6.6450e+01
-7.8275e+01 -7.6695e+01 -6.7917e+01 -1.4380e+02
-7.8414e+01 -7.8030e+01 -7.5080e+01 -1.4587e+02
# New trial
-7.8246e+01 -7.6390e+01 -6.3059e+01 -5.1817e+01
-7.8183e+01 -7.5801e+01 -6.0736e+01 -5.2281e+01
-7.8190e+01 -7.5859e+01 -6.5451e+01 -1.4788e+02
-7.8398e+01 -7.7873e+01 -7.3809e+01 -1.4988e+02
# New trial
-7.8197e+01 -7.5899e+01 -5.9641e+01 -5.0881e+01
-7.8235e+01 -7.6274e+01 -6.1869e+01 -5.1421e+01
-7.8329e+01 -7.7200e+01 -6.8301e+01 -7.9520e+01
-7.8440e+01 -7.8285e+01 -7.6928e+01 -8.8320e+01
# New trial
-7.8101e+01 -7.5064e+01 -6.0373e+01 -5.2879e+01
-7.8116e+01 -7.5190e+01 -6.1745e+01 -6.7542e+01
-7.8273e+01 -7.6678e+01 -6.8078e+01 -1.1711e+02
-7.8436e+01 -7.8254e+01 -7.7204e+01 -1.3652e+02
# New trial
