# 0.1sig - Array shape (trial/sig/alpha): (30, 4, 4)
-1.2837e+02 -1.2163e+02 -1.1662e+02 -6.2634e+02
-1.2835e+02 -1.2112e+02 -9.0881e+01 -2.3865e+02
-1.2835e+02 -1.2082e+02 -8.2161e+01 -2.9936e+02
-1.2893e+02 -1.2638e+02 -1.0895e+02 -4.2928e+02
# New trial
-1.2869e+02 -1.2417e+02 -1.0458e+02 -2.6805e+02
-1.2861e+02 -1.2342e+02 -9.3635e+01 -1.6347e+02
-1.2844e+02 -1.2158e+02 -7.5684e+01 -1.6594e+02
-1.2865e+02 -1.2353e+02 -8.5123e+01 -1.1189e+02
# New trial
-1.2874e+02 -1.2472e+02 -1.2432e+02 -5.5580e+02
-1.2854e+02 -1.2259e+02 -9.0423e+01 -2.8817e+02
-1.2819e+02 -1.1906e+02 -6.7790e+01 -2.7224e+02
-1.2843e+02 -1.2134e+02 -8.8437e+01 -3.5809e+02
# New trial
-1.2872e+02 -1.2456e+02 -1.2423e+02 -6.4741e+02
-1.2860e+02 -1.2320e+02 -9.8625e+01 -3.6259e+02
-1.2833e+02 -1.2052e+02 -8.6202e+01 -4.2126e+02
-1.2849e+02 -1.2199e+02 -9.7704e+01 -5.3583e+02
# New trial
-1.2881e+02 -1.2556e+02 -1.3166e+02 -7.0963e+02
-1.2871e+02 -1.2430e+02 -9.7880e+01 -1.7756e+02
-1.2857e+02 -1.2282e+02 -8.0333e+01 -1.9504e+02
-1.2881e+02 -1.2512e+02 -9.5267e+01 -2.1709e+02
# New trial
-1.2888e+02 -1.2597e+02 -1.1281e+02 -3.0592e+02
-1.2878e+02 -1.2495e+02 -1.0023e+02 -1.6748e+02
-1.2868e+02 -1.2389e+02 -8.9839e+01 -1.8172e+02
-1.2895e+02 -1.2650e+02 -1.1139e+02 -4.2734e+02
# New trial
-1.2870e+02 -1.2419e+02 -9.7584e+01 -2.1820e+02
-1.2860e+02 -1.2317e+02 -8.4330e+01 -1.7548e+02
-1.2844e+02 -1.2146e+02 -6.7960e+01 -1.3368e+02
-1.2873e+02 -1.2428e+02 -8.6355e+01 -8.3355e+01
# New trial
-1.2863e+02 -1.2375e+02 -1.2881e+02 -6.6074e+02
-1.2860e+02 -1.2322e+02 -9.7417e+01 -2.6175e+02
-1.2855e+02 -1.2264e+02 -8.3479e+01 -3.2045e+02
-1.2896e+02 -1.2658e+02 -1.0772e+02 -4.0696e+02
# New trial
-1.2854e+02 -1.2324e+02 -1.1245e+02 -4.1414e+02
-1.2838e+02 -1.2154e+02 -9.0794e+01 -2.8591e+02
-1.2828e+02 -1.2019e+02 -7.9992e+01 -3.3503e+02
-1.2889e+02 -1.2591e+02 -1.0220e+02 -3.0314e+02
# New trial
-1.2860e+02 -1.2334e+02 -1.0079e+02 -2.8505e+02
-1.2850e+02 -1.2230e+02 -8.7715e+01 -2.4290e+02
-1.2835e+02 -1.2058e+02 -7.2023e+01 -2.2451e+02
-1.2869e+02 -1.2397e+02 -9.7566e+01 -4.2141e+02
# New trial
-1.2885e+02 -1.2576e+02 -1.1590e+02 -3.5503e+02
-1.2868e+02 -1.2411e+02 -1.0056e+02 -3.2372e+02
-1.2829e+02 -1.2016e+02 -7.8582e+01 -2.9265e+02
-1.2850e+02 -1.2212e+02 -9.6527e+01 -4.3906e+02
# New trial
-1.2859e+02 -1.2339e+02 -1.1876e+02 -5.0046e+02
-1.2845e+02 -1.2197e+02 -9.8453e+01 -3.0503e+02
-1.2839e+02 -1.2117e+02 -8.3297e+01 -2.9214e+02
-1.2889e+02 -1.2592e+02 -1.0667e+02 -3.8755e+02
# New trial
-1.2871e+02 -1.2471e+02 -1.3259e+02 -7.2187e+02
-1.2868e+02 -1.2413e+02 -1.0214e+02 -2.8032e+02
-1.2860e+02 -1.2315e+02 -9.0943e+01 -3.6156e+02
-1.2899e+02 -1.2688e+02 -1.0794e+02 -1.8772e+02
# New trial
-1.2888e+02 -1.2607e+02 -1.2027e+02 -3.8489e+02
-1.2876e+02 -1.2472e+02 -9.4156e+01 -1.7678e+02
-1.2852e+02 -1.2226e+02 -7.3029e+01 -1.9056e+02
-1.2857e+02 -1.2271e+02 -7.9563e+01 -1.2268e+02
# New trial
-1.2849e+02 -1.2296e+02 -1.2004e+02 -4.9483e+02
-1.2828e+02 -1.2066e+02 -9.6079e+01 -3.2397e+02
-1.2812e+02 -1.1861e+02 -7.6631e+01 -2.6744e+02
-1.2875e+02 -1.2458e+02 -9.5515e+01 -3.5740e+02
# New trial
-1.2860e+02 -1.2405e+02 -1.4859e+02 -8.4946e+02
-1.2836e+02 -1.2120e+02 -1.0124e+02 -4.3047e+02
-1.2807e+02 -1.1812e+02 -8.6396e+01 -4.8692e+02
-1.2858e+02 -1.2287e+02 -9.1697e+01 -4.0076e+02
# New trial
-1.2870e+02 -1.2441e+02 -1.2146e+02 -5.1582e+02
-1.2858e+02 -1.2311e+02 -9.8901e+01 -3.3550e+02
-1.2842e+02 -1.2140e+02 -8.0657e+01 -2.4852e+02
-1.2872e+02 -1.2424e+02 -9.2110e+01 -1.9878e+02
# New trial
-1.2884e+02 -1.2556e+02 -1.1478e+02 -4.4753e+02
-1.2871e+02 -1.2417e+02 -9.3304e+01 -2.5077e+02
-1.2845e+02 -1.2153e+02 -7.1629e+01 -1.6919e+02
-1.2854e+02 -1.2242e+02 -7.9576e+01 -1.7343e+02
# New trial
-1.2877e+02 -1.2479e+02 -1.0144e+02 -2.3810e+02
-1.2866e+02 -1.2368e+02 -9.0229e+01 -1.6373e+02
-1.2855e+02 -1.2265e+02 -8.0795e+01 -2.4356e+02
-1.2884e+02 -1.2540e+02 -9.7860e+01 -3.1429e+02
# New trial
-1.2875e+02 -1.2486e+02 -1.2985e+02 -7.8153e+02
-1.2860e+02 -1.2338e+02 -9.9565e+01 -2.8053e+02
-1.2832e+02 -1.2052e+02 -8.9015e+01 -4.2811e+02
-1.2868e+02 -1.2395e+02 -1.0931e+02 -5.9978e+02
# New trial
-1.2867e+02 -1.2426e+02 -1.2619e+02 -6.3077e+02
-1.2858e+02 -1.2314e+02 -9.7376e+01 -2.9726e+02
-1.2849e+02 -1.2211e+02 -8.0750e+01 -2.3309e+02
-1.2886e+02 -1.2567e+02 -9.9506e+01 -2.4396e+02
# New trial
-1.2874e+02 -1.2464e+02 -1.1155e+02 -4.5640e+02
-1.2865e+02 -1.2377e+02 -9.7266e+01 -2.4240e+02
-1.2856e+02 -1.2274e+02 -8.7955e+01 -3.2876e+02
-1.2888e+02 -1.2580e+02 -1.0252e+02 -3.0424e+02
# New trial
-1.2868e+02 -1.2400e+02 -1.0229e+02 -3.0720e+02
-1.2859e+02 -1.2307e+02 -9.1709e+01 -2.1713e+02
-1.2844e+02 -1.2159e+02 -8.0714e+01 -2.7725e+02
-1.2877e+02 -1.2471e+02 -9.5985e+01 -3.4167e+02
# New trial
-1.2865e+02 -1.2377e+02 -1.0002e+02 -2.2896e+02
-1.2862e+02 -1.2334e+02 -8.8716e+01 -1.6791e+02
-1.2857e+02 -1.2274e+02 -8.5366e+01 -2.9140e+02
-1.2888e+02 -1.2579e+02 -1.0745e+02 -4.1728e+02
# New trial
-1.2883e+02 -1.2550e+02 -1.1851e+02 -4.9846e+02
-1.2881e+02 -1.2525e+02 -1.0226e+02 -1.8264e+02
-1.2875e+02 -1.2455e+02 -9.0946e+01 -1.8203e+02
-1.2891e+02 -1.2615e+02 -1.0324e+02 -2.2631e+02
# New trial
-1.2869e+02 -1.2457e+02 -1.3061e+02 -5.8634e+02
-1.2851e+02 -1.2232e+02 -8.8601e+01 -2.4947e+02
-1.2833e+02 -1.2050e+02 -7.3846e+01 -2.2147e+02
-1.2864e+02 -1.2348e+02 -9.2500e+01 -1.9934e+02
# New trial
-1.2870e+02 -1.2412e+02 -9.7935e+01 -2.9725e+02
-1.2874e+02 -1.2446e+02 -9.2060e+01 -1.6495e+02
-1.2882e+02 -1.2525e+02 -9.5385e+01 -1.7818e+02
-1.2908e+02 -1.2778e+02 -1.1575e+02 -1.5435e+02
# New trial
-1.2872e+02 -1.2483e+02 -1.3068e+02 -6.1610e+02
-1.2853e+02 -1.2265e+02 -9.5403e+01 -3.7909e+02
-1.2827e+02 -1.1997e+02 -8.4091e+01 -3.9722e+02
-1.2865e+02 -1.2353e+02 -1.0160e+02 -5.1969e+02
# New trial
-1.2869e+02 -1.2415e+02 -1.1114e+02 -4.0253e+02
-1.2858e+02 -1.2294e+02 -9.3772e+01 -3.2161e+02
-1.2833e+02 -1.2039e+02 -6.6883e+01 -1.7312e+02
-1.2856e+02 -1.2267e+02 -8.3493e+01 -2.0148e+02
# New trial
-1.2873e+02 -1.2452e+02 -1.0284e+02 -2.7042e+02
-1.2875e+02 -1.2466e+02 -9.6870e+01 -1.8446e+02
-1.2886e+02 -1.2569e+02 -1.0080e+02 -2.2971e+02
-1.2908e+02 -1.2777e+02 -1.1656e+02 -2.5044e+02
# New trial
