# 0.1sig - Array shape (trial/sig/alpha): (30, 4, 4)
-1.1978e+02 -1.1792e+02 -1.0621e+02 -1.1361e+02
-1.1975e+02 -1.1769e+02 -1.0523e+02 -9.2944e+01
-1.1969e+02 -1.1702e+02 -1.0263e+02 -1.2481e+02
-1.1985e+02 -1.1857e+02 -1.0864e+02 -1.5379e+02
# New trial
-1.1986e+02 -1.1869e+02 -1.0955e+02 -1.1516e+02
-1.1982e+02 -1.1827e+02 -1.0651e+02 -9.3649e+01
-1.1969e+02 -1.1702e+02 -9.8750e+01 -9.3741e+01
-1.1968e+02 -1.1689e+02 -1.0069e+02 -1.4322e+02
# New trial
-1.1985e+02 -1.1860e+02 -1.0943e+02 -1.2051e+02
-1.1979e+02 -1.1797e+02 -1.0293e+02 -9.2304e+01
-1.1969e+02 -1.1697e+02 -9.8203e+01 -1.0837e+02
-1.1973e+02 -1.1739e+02 -1.0397e+02 -1.7622e+02
# New trial
-1.1983e+02 -1.1842e+02 -1.0840e+02 -1.5383e+02
-1.1980e+02 -1.1806e+02 -1.0387e+02 -9.2576e+01
-1.1968e+02 -1.1692e+02 -9.9166e+01 -1.2442e+02
-1.1966e+02 -1.1674e+02 -1.0549e+02 -2.0685e+02
# New trial
-1.1990e+02 -1.1905e+02 -1.1317e+02 -1.3243e+02
-1.1985e+02 -1.1862e+02 -1.0828e+02 -9.3526e+01
-1.1977e+02 -1.1774e+02 -1.0194e+02 -9.9103e+01
-1.1981e+02 -1.1816e+02 -1.0427e+02 -1.1406e+02
# New trial
-1.1990e+02 -1.1907e+02 -1.1193e+02 -1.0125e+02
-1.1986e+02 -1.1866e+02 -1.0823e+02 -9.3697e+01
-1.1981e+02 -1.1814e+02 -1.0568e+02 -1.2822e+02
-1.1989e+02 -1.1901e+02 -1.1392e+02 -2.3854e+02
# New trial
-1.1987e+02 -1.1878e+02 -1.0937e+02 -9.4776e+01
-1.1984e+02 -1.1844e+02 -1.0660e+02 -9.2839e+01
-1.1975e+02 -1.1763e+02 -1.0081e+02 -9.8671e+01
-1.1979e+02 -1.1796e+02 -1.0372e+02 -1.3376e+02
# New trial
-1.1982e+02 -1.1831e+02 -1.0668e+02 -9.4553e+01
-1.1979e+02 -1.1796e+02 -1.0502e+02 -9.3718e+01
-1.1976e+02 -1.1767e+02 -1.0480e+02 -1.3113e+02
-1.1989e+02 -1.1902e+02 -1.1234e+02 -1.7085e+02
# New trial
-1.1979e+02 -1.1805e+02 -1.0598e+02 -9.5937e+01
-1.1973e+02 -1.1743e+02 -1.0262e+02 -9.3639e+01
-1.1966e+02 -1.1671e+02 -1.0202e+02 -1.3135e+02
-1.1984e+02 -1.1846e+02 -1.1266e+02 -2.4369e+02
# New trial
-1.1986e+02 -1.1865e+02 -1.0832e+02 -9.3007e+01
-1.1981e+02 -1.1820e+02 -1.0519e+02 -9.2407e+01
-1.1971e+02 -1.1722e+02 -9.9726e+01 -1.0559e+02
-1.1976e+02 -1.1773e+02 -1.0654e+02 -2.0295e+02
# New trial
-1.1988e+02 -1.1884e+02 -1.0967e+02 -9.5149e+01
-1.1982e+02 -1.1830e+02 -1.0543e+02 -9.2346e+01
-1.1968e+02 -1.1690e+02 -9.9552e+01 -1.1512e+02
-1.1968e+02 -1.1685e+02 -1.0228e+02 -1.7276e+02
# New trial
-1.1982e+02 -1.1832e+02 -1.0797e+02 -1.1220e+02
-1.1979e+02 -1.1804e+02 -1.0676e+02 -9.6062e+01
-1.1972e+02 -1.1734e+02 -1.0676e+02 -1.6067e+02
-1.1986e+02 -1.1868e+02 -1.1539e+02 -2.4689e+02
# New trial
-1.1985e+02 -1.1861e+02 -1.0812e+02 -9.5289e+01
-1.1983e+02 -1.1836e+02 -1.0640e+02 -9.6823e+01
-1.1977e+02 -1.1776e+02 -1.0512e+02 -1.4554e+02
-1.1987e+02 -1.1883e+02 -1.1283e+02 -2.3301e+02
# New trial
-1.1990e+02 -1.1903e+02 -1.1166e+02 -1.0359e+02
-1.1986e+02 -1.1865e+02 -1.0736e+02 -9.2435e+01
-1.1979e+02 -1.1798e+02 -1.0257e+02 -9.7475e+01
-1.1979e+02 -1.1799e+02 -1.0444e+02 -1.2955e+02
# New trial
-1.1984e+02 -1.1851e+02 -1.1316e+02 -1.7315e+02
-1.1975e+02 -1.1766e+02 -1.0435e+02 -9.2696e+01
-1.1963e+02 -1.1641e+02 -9.8598e+01 -1.0254e+02
-1.1979e+02 -1.1802e+02 -1.0570e+02 -1.5242e+02
# New trial
-1.1981e+02 -1.1823e+02 -1.1340e+02 -2.0122e+02
-1.1974e+02 -1.1751e+02 -1.0264e+02 -9.2915e+01
-1.1957e+02 -1.1586e+02 -9.9267e+01 -1.1538e+02
-1.1965e+02 -1.1666e+02 -1.0522e+02 -2.0583e+02
# New trial
-1.1986e+02 -1.1865e+02 -1.0786e+02 -9.2496e+01
-1.1981e+02 -1.1813e+02 -1.0364e+02 -9.2306e+01
-1.1969e+02 -1.1701e+02 -9.9137e+01 -1.0387e+02
-1.1975e+02 -1.1759e+02 -1.0529e+02 -1.8334e+02
# New trial
-1.1989e+02 -1.1901e+02 -1.1118e+02 -9.9727e+01
-1.1985e+02 -1.1855e+02 -1.0721e+02 -9.2533e+01
-1.1973e+02 -1.1735e+02 -9.8030e+01 -9.2302e+01
-1.1969e+02 -1.1696e+02 -9.6714e+01 -9.2302e+01
# New trial
-1.1988e+02 -1.1883e+02 -1.0924e+02 -9.5379e+01
-1.1984e+02 -1.1851e+02 -1.0697e+02 -9.4211e+01
-1.1978e+02 -1.1787e+02 -1.0331e+02 -1.1265e+02
-1.1982e+02 -1.1829e+02 -1.0595e+02 -1.4473e+02
# New trial
-1.1988e+02 -1.1889e+02 -1.1445e+02 -1.9675e+02
-1.1982e+02 -1.1833e+02 -1.0676e+02 -9.4086e+01
-1.1969e+02 -1.1704e+02 -1.0009e+02 -1.2733e+02
-1.1973e+02 -1.1736e+02 -1.0121e+02 -1.1586e+02
# New trial
-1.1986e+02 -1.1865e+02 -1.1125e+02 -1.2954e+02
-1.1981e+02 -1.1817e+02 -1.0607e+02 -9.3157e+01
-1.1971e+02 -1.1723e+02 -1.0086e+02 -9.5521e+01
-1.1981e+02 -1.1818e+02 -1.0560e+02 -1.3022e+02
# New trial
-1.1987e+02 -1.1876e+02 -1.1139e+02 -1.8125e+02
-1.1983e+02 -1.1837e+02 -1.0677e+02 -9.3705e+01
-1.1974e+02 -1.1746e+02 -1.0008e+02 -9.3905e+01
-1.1980e+02 -1.1804e+02 -1.0315e+02 -1.1263e+02
# New trial
-1.1987e+02 -1.1875e+02 -1.0927e+02 -9.5591e+01
-1.1982e+02 -1.1831e+02 -1.0596e+02 -9.3824e+01
-1.1973e+02 -1.1734e+02 -9.9900e+01 -1.1545e+02
-1.1977e+02 -1.1781e+02 -1.0201e+02 -1.2273e+02
# New trial
-1.1988e+02 -1.1888e+02 -1.1076e+02 -1.0822e+02
-1.1984e+02 -1.1852e+02 -1.0787e+02 -9.7222e+01
-1.1978e+02 -1.1788e+02 -1.0456e+02 -1.3422e+02
-1.1983e+02 -1.1841e+02 -1.0915e+02 -2.0916e+02
# New trial
-1.1989e+02 -1.1902e+02 -1.1269e+02 -1.6796e+02
-1.1989e+02 -1.1893e+02 -1.1074e+02 -9.7250e+01
-1.1985e+02 -1.1862e+02 -1.0810e+02 -1.3114e+02
-1.1990e+02 -1.1908e+02 -1.1177e+02 -1.3414e+02
# New trial
-1.1984e+02 -1.1854e+02 -1.1170e+02 -1.6565e+02
-1.1980e+02 -1.1803e+02 -1.0326e+02 -9.2708e+01
-1.1971e+02 -1.1724e+02 -1.0151e+02 -1.2427e+02
-1.1977e+02 -1.1781e+02 -1.0601e+02 -1.8109e+02
# New trial
-1.1986e+02 -1.1870e+02 -1.0818e+02 -9.2434e+01
-1.1986e+02 -1.1870e+02 -1.0851e+02 -9.3883e+01
-1.1985e+02 -1.1862e+02 -1.0853e+02 -1.3100e+02
-1.1993e+02 -1.1937e+02 -1.1418e+02 -1.1886e+02
# New trial
-1.1984e+02 -1.1845e+02 -1.0787e+02 -1.0779e+02
-1.1979e+02 -1.1795e+02 -1.0405e+02 -9.4242e+01
-1.1965e+02 -1.1659e+02 -9.9805e+01 -1.1156e+02
-1.1973e+02 -1.1743e+02 -1.0183e+02 -1.2502e+02
# New trial
-1.1987e+02 -1.1877e+02 -1.0985e+02 -1.0819e+02
-1.1983e+02 -1.1833e+02 -1.0540e+02 -9.2314e+01
-1.1971e+02 -1.1717e+02 -9.6919e+01 -9.2302e+01
-1.1970e+02 -1.1706e+02 -9.8045e+01 -9.2320e+01
# New trial
-1.1990e+02 -1.1911e+02 -1.1179e+02 -1.1630e+02
-1.1989e+02 -1.1896e+02 -1.1054e+02 -1.1249e+02
-1.1988e+02 -1.1891e+02 -1.1030e+02 -1.2460e+02
-1.1994e+02 -1.1943e+02 -1.1480e+02 -1.5436e+02
# New trial
