# 0.1sig - Array shape (trial/sig/alpha): (30, 4, 4)
-1.2445e+02 -1.2307e+02 -1.1410e+02 -1.4798e+02
-1.2443e+02 -1.2291e+02 -1.1293e+02 -1.0174e+02
-1.2438e+02 -1.2245e+02 -1.1228e+02 -1.4408e+02
-1.2451e+02 -1.2364e+02 -1.2012e+02 -2.4358e+02
# New trial
-1.2451e+02 -1.2361e+02 -1.1642e+02 -1.1701e+02
-1.2447e+02 -1.2327e+02 -1.1393e+02 -1.0294e+02
-1.2438e+02 -1.2241e+02 -1.0838e+02 -1.0356e+02
-1.2438e+02 -1.2238e+02 -1.1065e+02 -1.6283e+02
# New trial
-1.2450e+02 -1.2355e+02 -1.1635e+02 -1.2198e+02
-1.2445e+02 -1.2301e+02 -1.1123e+02 -1.0181e+02
-1.2435e+02 -1.2208e+02 -1.0897e+02 -1.2417e+02
-1.2437e+02 -1.2228e+02 -1.2056e+02 -2.7238e+02
# New trial
-1.2448e+02 -1.2337e+02 -1.1570e+02 -1.6930e+02
-1.2445e+02 -1.2304e+02 -1.1120e+02 -1.0235e+02
-1.2436e+02 -1.2218e+02 -1.0815e+02 -1.2807e+02
-1.2436e+02 -1.2214e+02 -1.1127e+02 -1.7879e+02
# New trial
-1.2453e+02 -1.2385e+02 -1.1886e+02 -1.4383e+02
-1.2450e+02 -1.2350e+02 -1.1534e+02 -1.0411e+02
-1.2443e+02 -1.2281e+02 -1.1127e+02 -1.1005e+02
-1.2445e+02 -1.2309e+02 -1.1440e+02 -1.8001e+02
# New trial
-1.2453e+02 -1.2383e+02 -1.1761e+02 -1.0546e+02
-1.2450e+02 -1.2349e+02 -1.1466e+02 -1.0238e+02
-1.2445e+02 -1.2304e+02 -1.1233e+02 -1.1987e+02
-1.2452e+02 -1.2377e+02 -1.1733e+02 -1.4109e+02
# New trial
-1.2451e+02 -1.2363e+02 -1.1588e+02 -1.0446e+02
-1.2448e+02 -1.2338e+02 -1.1381e+02 -1.0196e+02
-1.2443e+02 -1.2280e+02 -1.0982e+02 -1.0270e+02
-1.2445e+02 -1.2306e+02 -1.1099e+02 -1.1044e+02
# New trial
-1.2448e+02 -1.2334e+02 -1.1522e+02 -1.6386e+02
-1.2445e+02 -1.2303e+02 -1.1263e+02 -1.0216e+02
-1.2441e+02 -1.2264e+02 -1.1196e+02 -1.3147e+02
-1.2452e+02 -1.2377e+02 -1.1801e+02 -1.6169e+02
# New trial
-1.2445e+02 -1.2304e+02 -1.1296e+02 -1.1508e+02
-1.2439e+02 -1.2249e+02 -1.0946e+02 -1.0165e+02
-1.2430e+02 -1.2164e+02 -1.0648e+02 -1.0392e+02
-1.2445e+02 -1.2309e+02 -1.1325e+02 -1.6965e+02
# New trial
-1.2450e+02 -1.2355e+02 -1.1542e+02 -1.0352e+02
-1.2447e+02 -1.2321e+02 -1.1321e+02 -1.0259e+02
-1.2439e+02 -1.2240e+02 -1.0768e+02 -1.0358e+02
-1.2442e+02 -1.2278e+02 -1.0946e+02 -1.0849e+02
# New trial
-1.2452e+02 -1.2368e+02 -1.1620e+02 -1.0531e+02
-1.2447e+02 -1.2327e+02 -1.1326e+02 -1.0314e+02
-1.2436e+02 -1.2217e+02 -1.0944e+02 -1.1927e+02
-1.2434e+02 -1.2194e+02 -1.1087e+02 -1.6681e+02
# New trial
-1.2448e+02 -1.2334e+02 -1.1530e+02 -1.1833e+02
-1.2444e+02 -1.2294e+02 -1.1255e+02 -1.0163e+02
-1.2433e+02 -1.2189e+02 -1.0706e+02 -1.1196e+02
-1.2443e+02 -1.2286e+02 -1.1199e+02 -1.4703e+02
# New trial
-1.2451e+02 -1.2364e+02 -1.1668e+02 -1.0961e+02
-1.2449e+02 -1.2342e+02 -1.1453e+02 -1.0958e+02
-1.2444e+02 -1.2294e+02 -1.1218e+02 -1.6081e+02
-1.2452e+02 -1.2372e+02 -1.1923e+02 -2.3499e+02
# New trial
-1.2453e+02 -1.2385e+02 -1.1790e+02 -1.0889e+02
-1.2450e+02 -1.2352e+02 -1.1422e+02 -1.0153e+02
-1.2443e+02 -1.2280e+02 -1.0863e+02 -1.0154e+02
-1.2440e+02 -1.2250e+02 -1.0845e+02 -1.0157e+02
# New trial
-1.2448e+02 -1.2338e+02 -1.1875e+02 -1.6560e+02
-1.2441e+02 -1.2270e+02 -1.1158e+02 -1.0166e+02
-1.2429e+02 -1.2156e+02 -1.0759e+02 -1.1330e+02
-1.2440e+02 -1.2256e+02 -1.1269e+02 -1.8168e+02
# New trial
-1.2448e+02 -1.2334e+02 -1.1939e+02 -1.8866e+02
-1.2441e+02 -1.2272e+02 -1.1132e+02 -1.0321e+02
-1.2426e+02 -1.2123e+02 -1.0871e+02 -1.3799e+02
-1.2429e+02 -1.2154e+02 -1.1376e+02 -2.0531e+02
# New trial
-1.2450e+02 -1.2355e+02 -1.1517e+02 -1.0391e+02
-1.2446e+02 -1.2313e+02 -1.1197e+02 -1.0281e+02
-1.2437e+02 -1.2221e+02 -1.0719e+02 -1.0324e+02
-1.2441e+02 -1.2262e+02 -1.0998e+02 -1.3384e+02
# New trial
-1.2453e+02 -1.2382e+02 -1.1738e+02 -1.0630e+02
-1.2449e+02 -1.2346e+02 -1.1422e+02 -1.0193e+02
-1.2439e+02 -1.2245e+02 -1.0771e+02 -1.0284e+02
-1.2432e+02 -1.2174e+02 -1.0556e+02 -1.1596e+02
# New trial
-1.2452e+02 -1.2369e+02 -1.1616e+02 -1.1130e+02
-1.2449e+02 -1.2342e+02 -1.1400e+02 -1.0267e+02
-1.2444e+02 -1.2291e+02 -1.1030e+02 -1.0616e+02
-1.2448e+02 -1.2338e+02 -1.1370e+02 -1.2682e+02
# New trial
-1.2452e+02 -1.2375e+02 -1.1952e+02 -1.7019e+02
-1.2447e+02 -1.2325e+02 -1.1310e+02 -1.0173e+02
-1.2436e+02 -1.2217e+02 -1.0777e+02 -1.2154e+02
-1.2440e+02 -1.2255e+02 -1.1012e+02 -1.4899e+02
# New trial
-1.2450e+02 -1.2359e+02 -1.1764e+02 -1.2871e+02
-1.2447e+02 -1.2323e+02 -1.1402e+02 -1.0268e+02
-1.2439e+02 -1.2248e+02 -1.0890e+02 -1.0242e+02
-1.2444e+02 -1.2296e+02 -1.1133e+02 -1.3711e+02
# New trial
-1.2450e+02 -1.2359e+02 -1.1759e+02 -1.5848e+02
-1.2447e+02 -1.2328e+02 -1.1330e+02 -1.0185e+02
-1.2440e+02 -1.2259e+02 -1.0844e+02 -1.0248e+02
-1.2446e+02 -1.2313e+02 -1.1164e+02 -1.1251e+02
# New trial
-1.2451e+02 -1.2364e+02 -1.1620e+02 -1.0813e+02
-1.2448e+02 -1.2331e+02 -1.1379e+02 -1.0500e+02
-1.2441e+02 -1.2267e+02 -1.1010e+02 -1.2958e+02
-1.2446e+02 -1.2312e+02 -1.1304e+02 -1.5485e+02
# New trial
-1.2452e+02 -1.2371e+02 -1.1689e+02 -1.1386e+02
-1.2448e+02 -1.2337e+02 -1.1404e+02 -1.0469e+02
-1.2442e+02 -1.2279e+02 -1.1061e+02 -1.1678e+02
-1.2449e+02 -1.2342e+02 -1.1622e+02 -1.9912e+02
# New trial
-1.2451e+02 -1.2367e+02 -1.1610e+02 -1.0766e+02
-1.2451e+02 -1.2365e+02 -1.1596e+02 -1.0231e+02
-1.2450e+02 -1.2350e+02 -1.1499e+02 -1.1913e+02
-1.2454e+02 -1.2396e+02 -1.1916e+02 -1.8118e+02
# New trial
-1.2450e+02 -1.2352e+02 -1.1846e+02 -1.7056e+02
-1.2445e+02 -1.2305e+02 -1.1130e+02 -1.0177e+02
-1.2435e+02 -1.2210e+02 -1.0941e+02 -1.3625e+02
-1.2437e+02 -1.2224e+02 -1.1720e+02 -2.3339e+02
# New trial
-1.2452e+02 -1.2369e+02 -1.1630e+02 -1.0408e+02
-1.2451e+02 -1.2365e+02 -1.1624e+02 -1.0624e+02
-1.2449e+02 -1.2349e+02 -1.1579e+02 -1.4001e+02
-1.2454e+02 -1.2395e+02 -1.1924e+02 -1.7719e+02
# New trial
-1.2449e+02 -1.2345e+02 -1.1641e+02 -1.3026e+02
-1.2444e+02 -1.2292e+02 -1.1123e+02 -1.0878e+02
-1.2428e+02 -1.2142e+02 -1.0676e+02 -1.2632e+02
-1.2432e+02 -1.2180e+02 -1.1280e+02 -1.9947e+02
# New trial
-1.2451e+02 -1.2363e+02 -1.1614e+02 -1.1784e+02
-1.2447e+02 -1.2328e+02 -1.1277e+02 -1.0242e+02
-1.2437e+02 -1.2224e+02 -1.0610e+02 -1.0155e+02
-1.2432e+02 -1.2173e+02 -1.0441e+02 -1.0154e+02
# New trial
-1.2453e+02 -1.2386e+02 -1.1771e+02 -1.1424e+02
-1.2452e+02 -1.2372e+02 -1.1659e+02 -1.1469e+02
-1.2451e+02 -1.2361e+02 -1.1655e+02 -1.4809e+02
-1.2455e+02 -1.2407e+02 -1.2123e+02 -2.0244e+02
# New trial
