# 0.01sig - Array shape (trial/sig/alpha): (30L, 4L, 4L)
-1.0609e+02 -1.0562e+02 -1.0222e+02 -9.9764e+01
-1.0608e+02 -1.0546e+02 -1.0136e+02 -9.9240e+01
-1.0607e+02 -1.0544e+02 -1.0250e+02 -1.3507e+02
-1.0613e+02 -1.0602e+02 -1.0642e+02 -1.7156e+02
# New trial
-1.0609e+02 -1.0560e+02 -1.0241e+02 -1.0972e+02
-1.0608e+02 -1.0549e+02 -1.0246e+02 -1.1779e+02
-1.0607e+02 -1.0538e+02 -1.0235e+02 -1.2413e+02
-1.0611e+02 -1.0579e+02 -1.0332e+02 -1.2570e+02
# New trial
-1.0609e+02 -1.0558e+02 -1.0189e+02 -9.7819e+01
-1.0608e+02 -1.0545e+02 -1.0177e+02 -1.0242e+02
-1.0608e+02 -1.0552e+02 -1.0398e+02 -1.5115e+02
-1.0614e+02 -1.0603e+02 -1.0534e+02 -1.4751e+02
# New trial
-1.0605e+02 -1.0524e+02 -1.0021e+02 -9.6958e+01
-1.0603e+02 -1.0505e+02 -1.0014e+02 -9.9856e+01
-1.0603e+02 -1.0505e+02 -1.0063e+02 -1.0585e+02
-1.0612e+02 -1.0585e+02 -1.0397e+02 -1.1640e+02
# New trial
-1.0610e+02 -1.0565e+02 -1.0194e+02 -9.7426e+01
-1.0608e+02 -1.0547e+02 -1.0090e+02 -9.8799e+01
-1.0604e+02 -1.0509e+02 -1.0011e+02 -1.1398e+02
-1.0606e+02 -1.0524e+02 -1.0066e+02 -1.2484e+02
# New trial
-1.0609e+02 -1.0561e+02 -1.0156e+02 -9.7602e+01
-1.0607e+02 -1.0537e+02 -1.0056e+02 -9.8154e+01
-1.0601e+02 -1.0477e+02 -9.8439e+01 -9.7378e+01
-1.0607e+02 -1.0533e+02 -9.9581e+01 -1.0109e+02
# New trial
-1.0609e+02 -1.0559e+02 -1.0160e+02 -9.7060e+01
-1.0607e+02 -1.0538e+02 -1.0060e+02 -9.6928e+01
-1.0607e+02 -1.0538e+02 -1.0052e+02 -1.0160e+02
-1.0614e+02 -1.0604e+02 -1.0535e+02 -1.1631e+02
# New trial
-1.0609e+02 -1.0561e+02 -1.0174e+02 -9.7607e+01
-1.0608e+02 -1.0550e+02 -1.0108e+02 -9.8050e+01
-1.0607e+02 -1.0533e+02 -1.0080e+02 -1.1684e+02
-1.0611e+02 -1.0573e+02 -1.0262e+02 -1.1407e+02
# New trial
-1.0609e+02 -1.0554e+02 -1.0135e+02 -9.9765e+01
-1.0607e+02 -1.0542e+02 -1.0124e+02 -1.0955e+02
-1.0605e+02 -1.0523e+02 -1.0375e+02 -1.5751e+02
-1.0612e+02 -1.0588e+02 -1.0522e+02 -1.6761e+02
# New trial
-1.0608e+02 -1.0553e+02 -1.0219e+02 -1.0688e+02
-1.0608e+02 -1.0549e+02 -1.0291e+02 -1.2515e+02
-1.0607e+02 -1.0541e+02 -1.0514e+02 -1.6740e+02
-1.0612e+02 -1.0586e+02 -1.0414e+02 -1.2536e+02
# New trial
-1.0607e+02 -1.0536e+02 -1.0116e+02 -9.7520e+01
-1.0607e+02 -1.0540e+02 -1.0239e+02 -1.0549e+02
-1.0609e+02 -1.0563e+02 -1.0451e+02 -1.4038e+02
-1.0614e+02 -1.0610e+02 -1.0602e+02 -1.3614e+02
# New trial
-1.0611e+02 -1.0576e+02 -1.0276e+02 -9.8117e+01
-1.0610e+02 -1.0569e+02 -1.0230e+02 -9.8154e+01
-1.0608e+02 -1.0551e+02 -1.0101e+02 -9.7962e+01
-1.0611e+02 -1.0575e+02 -1.0248e+02 -1.0491e+02
# New trial
-1.0609e+02 -1.0559e+02 -1.0141e+02 -9.8125e+01
-1.0607e+02 -1.0537e+02 -1.0036e+02 -9.9104e+01
-1.0602e+02 -1.0487e+02 -9.9095e+01 -9.9897e+01
-1.0606e+02 -1.0529e+02 -9.9663e+01 -1.0363e+02
# New trial
-1.0611e+02 -1.0573e+02 -1.0242e+02 -9.9128e+01
-1.0610e+02 -1.0563e+02 -1.0170e+02 -1.0015e+02
-1.0607e+02 -1.0540e+02 -1.0088e+02 -1.1014e+02
-1.0608e+02 -1.0552e+02 -1.0185e+02 -1.2863e+02
# New trial
-1.0610e+02 -1.0568e+02 -1.0184e+02 -9.7167e+01
-1.0609e+02 -1.0558e+02 -1.0118e+02 -9.7138e+01
-1.0608e+02 -1.0547e+02 -1.0097e+02 -1.0209e+02
-1.0611e+02 -1.0579e+02 -1.0345e+02 -1.3127e+02
# New trial
-1.0608e+02 -1.0547e+02 -1.0174e+02 -9.9761e+01
-1.0606e+02 -1.0532e+02 -1.0137e+02 -1.0821e+02
-1.0605e+02 -1.0526e+02 -1.0189e+02 -1.2698e+02
-1.0612e+02 -1.0591e+02 -1.0478e+02 -1.4884e+02
# New trial
-1.0608e+02 -1.0545e+02 -1.0083e+02 -9.7329e+01
-1.0606e+02 -1.0527e+02 -1.0028e+02 -9.7188e+01
-1.0603e+02 -1.0500e+02 -9.9158e+01 -9.6972e+01
-1.0609e+02 -1.0561e+02 -1.0207e+02 -1.1379e+02
# New trial
-1.0608e+02 -1.0546e+02 -1.0126e+02 -9.6919e+01
-1.0605e+02 -1.0523e+02 -1.0021e+02 -9.6919e+01
-1.0600e+02 -1.0476e+02 -9.7867e+01 -9.6918e+01
-1.0610e+02 -1.0569e+02 -1.0213e+02 -1.0463e+02
# New trial
-1.0612e+02 -1.0587e+02 -1.0350e+02 -9.7137e+01
-1.0611e+02 -1.0577e+02 -1.0267e+02 -9.7189e+01
-1.0609e+02 -1.0560e+02 -1.0130e+02 -9.7390e+01
-1.0611e+02 -1.0577e+02 -1.0275e+02 -1.1102e+02
# New trial
-1.0609e+02 -1.0555e+02 -1.0144e+02 -9.7232e+01
-1.0607e+02 -1.0540e+02 -1.0060e+02 -9.7265e+01
-1.0603e+02 -1.0500e+02 -9.8300e+01 -9.6918e+01
-1.0608e+02 -1.0551e+02 -1.0052e+02 -9.6922e+01
# New trial
-1.0604e+02 -1.0510e+02 -1.0031e+02 -9.6950e+01
-1.0601e+02 -1.0485e+02 -9.9453e+01 -9.6919e+01
-1.0603e+02 -1.0504e+02 -1.0133e+02 -1.0972e+02
-1.0613e+02 -1.0600e+02 -1.0588e+02 -1.4715e+02
# New trial
-1.0609e+02 -1.0555e+02 -1.0123e+02 -9.7431e+01
-1.0606e+02 -1.0531e+02 -1.0020e+02 -9.7425e+01
-1.0604e+02 -1.0514e+02 -9.9889e+01 -9.8672e+01
-1.0613e+02 -1.0598e+02 -1.0479e+02 -1.2484e+02
# New trial
-1.0611e+02 -1.0581e+02 -1.0296e+02 -9.7396e+01
-1.0610e+02 -1.0568e+02 -1.0199e+02 -9.7372e+01
-1.0607e+02 -1.0540e+02 -1.0017e+02 -9.8115e+01
-1.0608e+02 -1.0549e+02 -1.0081e+02 -1.0486e+02
# New trial
-1.0603e+02 -1.0507e+02 -1.0014e+02 -9.6970e+01
-1.0603e+02 -1.0508e+02 -1.0128e+02 -1.0785e+02
-1.0606e+02 -1.0538e+02 -1.0367e+02 -1.3959e+02
-1.0614e+02 -1.0606e+02 -1.0594e+02 -1.4022e+02
# New trial
-1.0610e+02 -1.0572e+02 -1.0260e+02 -1.0313e+02
-1.0609e+02 -1.0557e+02 -1.0228e+02 -1.1079e+02
-1.0606e+02 -1.0535e+02 -1.0304e+02 -1.4102e+02
-1.0611e+02 -1.0574e+02 -1.0328e+02 -1.3479e+02
# New trial
-1.0610e+02 -1.0572e+02 -1.0224e+02 -9.7862e+01
-1.0609e+02 -1.0560e+02 -1.0147e+02 -9.7343e+01
-1.0607e+02 -1.0537e+02 -1.0050e+02 -1.0011e+02
-1.0611e+02 -1.0582e+02 -1.0355e+02 -1.3184e+02
# New trial
-1.0611e+02 -1.0574e+02 -1.0261e+02 -9.8086e+01
-1.0609e+02 -1.0556e+02 -1.0176e+02 -9.8501e+01
-1.0606e+02 -1.0524e+02 -9.9653e+01 -1.0159e+02
-1.0607e+02 -1.0541e+02 -1.0037e+02 -1.0360e+02
# New trial
-1.0610e+02 -1.0566e+02 -1.0186e+02 -9.7407e+01
-1.0608e+02 -1.0548e+02 -1.0088e+02 -9.7353e+01
-1.0604e+02 -1.0505e+02 -9.9377e+01 -9.9150e+01
-1.0607e+02 -1.0537e+02 -1.0047e+02 -1.1010e+02
# New trial
-1.0611e+02 -1.0579e+02 -1.0298e+02 -9.7356e+01
-1.0610e+02 -1.0571e+02 -1.0228e+02 -9.7005e+01
-1.0608e+02 -1.0549e+02 -1.0051e+02 -9.7660e+01
-1.0610e+02 -1.0572e+02 -1.0232e+02 -1.1151e+02
# New trial
-1.0609e+02 -1.0556e+02 -1.0115e+02 -9.9168e+01
-1.0608e+02 -1.0543e+02 -1.0049e+02 -1.0487e+02
-1.0605e+02 -1.0524e+02 -1.0147e+02 -1.3459e+02
-1.0611e+02 -1.0581e+02 -1.0393e+02 -1.3856e+02
# New trial
