# 0.01sig - Array shape (trial/sig/alpha): (30, 4, 4)
-1.6127e+02 -1.5895e+02 -1.4041e+02 -1.1692e+02
-1.6122e+02 -1.5850e+02 -1.3829e+02 -1.2711e+02
-1.6116e+02 -1.5790e+02 -1.3829e+02 -1.9918e+02
-1.6137e+02 -1.5996e+02 -1.4915e+02 -2.5759e+02
# New trial
-1.6128e+02 -1.5910e+02 -1.4251e+02 -1.2771e+02
-1.6122e+02 -1.5848e+02 -1.4042e+02 -1.3923e+02
-1.6111e+02 -1.5744e+02 -1.3292e+02 -1.3402e+02
-1.6132e+02 -1.5948e+02 -1.4344e+02 -1.5244e+02
# New trial
-1.6129e+02 -1.5911e+02 -1.4045e+02 -1.1567e+02
-1.6119e+02 -1.5816e+02 -1.3498e+02 -1.1546e+02
-1.6094e+02 -1.5574e+02 -1.2512e+02 -1.1587e+02
-1.6106e+02 -1.5696e+02 -1.3460e+02 -2.3726e+02
# New trial
-1.6122e+02 -1.5848e+02 -1.3765e+02 -1.1678e+02
-1.6112e+02 -1.5758e+02 -1.3496e+02 -1.2386e+02
-1.6100e+02 -1.5645e+02 -1.3218e+02 -1.6583e+02
-1.6129e+02 -1.5922e+02 -1.4220e+02 -1.7843e+02
# New trial
-1.6132e+02 -1.5943e+02 -1.4206e+02 -1.1664e+02
-1.6125e+02 -1.5871e+02 -1.3636e+02 -1.1853e+02
-1.6108e+02 -1.5704e+02 -1.2655e+02 -1.2746e+02
-1.6112e+02 -1.5748e+02 -1.2940e+02 -1.3172e+02
# New trial
-1.6133e+02 -1.5952e+02 -1.4302e+02 -1.2016e+02
-1.6121e+02 -1.5841e+02 -1.3616e+02 -1.1825e+02
-1.6096e+02 -1.5592e+02 -1.2674e+02 -1.2711e+02
-1.6107e+02 -1.5696e+02 -1.3332e+02 -2.4010e+02
# New trial
-1.6132e+02 -1.5941e+02 -1.4260e+02 -1.1681e+02
-1.6124e+02 -1.5871e+02 -1.3867e+02 -1.1646e+02
-1.6116e+02 -1.5790e+02 -1.3381e+02 -1.3421e+02
-1.6133e+02 -1.5959e+02 -1.4372e+02 -1.2698e+02
# New trial
-1.6131e+02 -1.5939e+02 -1.4286e+02 -1.1708e+02
-1.6126e+02 -1.5886e+02 -1.3971e+02 -1.1897e+02
-1.6112e+02 -1.5755e+02 -1.3531e+02 -1.5643e+02
-1.6123e+02 -1.5861e+02 -1.4214e+02 -2.2941e+02
# New trial
-1.6130e+02 -1.5922e+02 -1.4174e+02 -1.1671e+02
-1.6120e+02 -1.5833e+02 -1.3579e+02 -1.1656e+02
-1.6096e+02 -1.5591e+02 -1.2529e+02 -1.4393e+02
-1.6109e+02 -1.5718e+02 -1.3101e+02 -1.9638e+02
# New trial
-1.6126e+02 -1.5889e+02 -1.3902e+02 -1.1611e+02
-1.6119e+02 -1.5820e+02 -1.3574e+02 -1.1560e+02
-1.6109e+02 -1.5726e+02 -1.3355e+02 -1.8794e+02
-1.6132e+02 -1.5949e+02 -1.4432e+02 -1.8176e+02
# New trial
-1.6121e+02 -1.5847e+02 -1.3942e+02 -1.1853e+02
-1.6113e+02 -1.5771e+02 -1.3806e+02 -1.4502e+02
-1.6103e+02 -1.5672e+02 -1.3521e+02 -1.8413e+02
-1.6137e+02 -1.5993e+02 -1.5075e+02 -3.0077e+02
# New trial
-1.6138e+02 -1.6005e+02 -1.4775e+02 -1.1831e+02
-1.6135e+02 -1.5977e+02 -1.4540e+02 -1.1804e+02
-1.6128e+02 -1.5906e+02 -1.3961e+02 -1.2265e+02
-1.6134e+02 -1.5960e+02 -1.4376e+02 -1.7298e+02
# New trial
-1.6132e+02 -1.5950e+02 -1.4269e+02 -1.1606e+02
-1.6123e+02 -1.5859e+02 -1.3635e+02 -1.1811e+02
-1.6099e+02 -1.5622e+02 -1.2388e+02 -1.2708e+02
-1.6105e+02 -1.5680e+02 -1.2520e+02 -1.2201e+02
# New trial
-1.6137e+02 -1.5997e+02 -1.4660e+02 -1.1624e+02
-1.6132e+02 -1.5949e+02 -1.4242e+02 -1.1579e+02
-1.6117e+02 -1.5800e+02 -1.3098e+02 -1.1568e+02
-1.6115e+02 -1.5776e+02 -1.3014e+02 -1.4387e+02
# New trial
-1.6136e+02 -1.5987e+02 -1.4562e+02 -1.2007e+02
-1.6132e+02 -1.5941e+02 -1.4168e+02 -1.1903e+02
-1.6119e+02 -1.5812e+02 -1.3185e+02 -1.2475e+02
-1.6118e+02 -1.5805e+02 -1.3169e+02 -1.4322e+02
# New trial
-1.6123e+02 -1.5855e+02 -1.3791e+02 -1.1595e+02
-1.6114e+02 -1.5770e+02 -1.3489e+02 -1.2263e+02
-1.6099e+02 -1.5630e+02 -1.2970e+02 -1.6165e+02
-1.6125e+02 -1.5875e+02 -1.3782e+02 -1.5686e+02
# New trial
-1.6128e+02 -1.5909e+02 -1.4126e+02 -1.1892e+02
-1.6121e+02 -1.5842e+02 -1.3862e+02 -1.1885e+02
-1.6111e+02 -1.5740e+02 -1.3358e+02 -1.3371e+02
-1.6128e+02 -1.5909e+02 -1.4169e+02 -2.1579e+02
# New trial
-1.6126e+02 -1.5885e+02 -1.4169e+02 -1.2396e+02
-1.6115e+02 -1.5788e+02 -1.3692e+02 -1.2266e+02
-1.6099e+02 -1.5638e+02 -1.3477e+02 -1.7098e+02
-1.6130e+02 -1.5933e+02 -1.5069e+02 -3.6018e+02
# New trial
-1.6130e+02 -1.5930e+02 -1.4416e+02 -1.3265e+02
-1.6124e+02 -1.5872e+02 -1.4143e+02 -1.5743e+02
-1.6119e+02 -1.5819e+02 -1.3743e+02 -1.9571e+02
-1.6137e+02 -1.5990e+02 -1.4750e+02 -2.4461e+02
# New trial
-1.6130e+02 -1.5922e+02 -1.4171e+02 -1.1782e+02
-1.6124e+02 -1.5870e+02 -1.3927e+02 -1.2004e+02
-1.6117e+02 -1.5801e+02 -1.3739e+02 -2.0203e+02
-1.6134e+02 -1.5969e+02 -1.5244e+02 -4.1299e+02
# New trial
-1.6116e+02 -1.5800e+02 -1.4005e+02 -1.2650e+02
-1.6109e+02 -1.5739e+02 -1.4093e+02 -1.6692e+02
-1.6107e+02 -1.5721e+02 -1.4512e+02 -2.9897e+02
-1.6139e+02 -1.6014e+02 -1.5199e+02 -2.5994e+02
# New trial
-1.6133e+02 -1.5956e+02 -1.4394e+02 -1.1680e+02
-1.6126e+02 -1.5884e+02 -1.3965e+02 -1.1678e+02
-1.6109e+02 -1.5726e+02 -1.3076e+02 -1.2554e+02
-1.6128e+02 -1.5902e+02 -1.3914e+02 -1.3553e+02
# New trial
-1.6142e+02 -1.6046e+02 -1.5103e+02 -1.1849e+02
-1.6138e+02 -1.6002e+02 -1.4697e+02 -1.2549e+02
-1.6129e+02 -1.5911e+02 -1.3927e+02 -1.5445e+02
-1.6127e+02 -1.5896e+02 -1.3936e+02 -2.0436e+02
# New trial
-1.6107e+02 -1.5706e+02 -1.3240e+02 -1.1640e+02
-1.6097e+02 -1.5620e+02 -1.3183e+02 -1.1818e+02
-1.6101e+02 -1.5661e+02 -1.3458e+02 -1.7822e+02
-1.6139e+02 -1.6017e+02 -1.5054e+02 -1.8711e+02
# New trial
-1.6136e+02 -1.5990e+02 -1.4673e+02 -1.1770e+02
-1.6128e+02 -1.5907e+02 -1.4159e+02 -1.2107e+02
-1.6111e+02 -1.5743e+02 -1.3220e+02 -1.5825e+02
-1.6127e+02 -1.5896e+02 -1.3939e+02 -1.8208e+02
# New trial
-1.6138e+02 -1.6005e+02 -1.4728e+02 -1.1795e+02
-1.6133e+02 -1.5955e+02 -1.4304e+02 -1.1839e+02
-1.6120e+02 -1.5822e+02 -1.3317e+02 -1.2507e+02
-1.6129e+02 -1.5915e+02 -1.3946e+02 -1.2715e+02
# New trial
-1.6136e+02 -1.5989e+02 -1.4605e+02 -1.2296e+02
-1.6128e+02 -1.5907e+02 -1.4001e+02 -1.2319e+02
-1.6111e+02 -1.5743e+02 -1.3265e+02 -1.6238e+02
-1.6115e+02 -1.5779e+02 -1.3440e+02 -2.1973e+02
# New trial
-1.6135e+02 -1.5976e+02 -1.4509e+02 -1.2001e+02
-1.6127e+02 -1.5896e+02 -1.3929e+02 -1.2450e+02
-1.6107e+02 -1.5697e+02 -1.2974e+02 -1.6098e+02
-1.6110e+02 -1.5731e+02 -1.2902e+02 -1.5788e+02
# New trial
-1.6139e+02 -1.6017e+02 -1.4851e+02 -1.1658e+02
-1.6136e+02 -1.5989e+02 -1.4595e+02 -1.1729e+02
-1.6128e+02 -1.5903e+02 -1.3852e+02 -1.2961e+02
-1.6133e+02 -1.5956e+02 -1.4319e+02 -1.6053e+02
# New trial
-1.6133e+02 -1.5955e+02 -1.4479e+02 -1.3351e+02
-1.6129e+02 -1.5914e+02 -1.4300e+02 -1.5373e+02
-1.6121e+02 -1.5842e+02 -1.4310e+02 -2.3166e+02
-1.6137e+02 -1.5996e+02 -1.5083e+02 -3.2663e+02
# New trial
