# 0.1sig - Array shape (trial/sig/alpha): (30L, 4L, 4L)
-7.3462e+01 -7.0410e+01 -7.0452e+01 -2.2394e+02
-7.3467e+01 -7.0382e+01 -5.7448e+01 -8.0628e+01
-7.3602e+01 -7.1611e+01 -6.5359e+01 -1.8507e+02
-7.3819e+01 -7.3619e+01 -7.2977e+01 -1.9846e+02
# New trial
-7.3563e+01 -7.1220e+01 -6.0597e+01 -9.7957e+01
-7.3559e+01 -7.1189e+01 -5.8549e+01 -4.8858e+01
-7.3661e+01 -7.2130e+01 -6.4445e+01 -1.5278e+02
-7.3809e+01 -7.3524e+01 -7.2223e+01 -1.8322e+02
# New trial
-7.3628e+01 -7.1863e+01 -7.2764e+01 -2.2375e+02
-7.3561e+01 -7.1120e+01 -5.6854e+01 -9.8435e+01
-7.3485e+01 -7.0312e+01 -5.1301e+01 -7.3416e+01
-7.3645e+01 -7.1885e+01 -6.0581e+01 -1.0721e+02
# New trial
-7.3620e+01 -7.1735e+01 -6.9928e+01 -2.3467e+02
-7.3586e+01 -7.1341e+01 -5.8175e+01 -1.1410e+02
-7.3550e+01 -7.0954e+01 -5.3931e+01 -8.1311e+01
-7.3696e+01 -7.2391e+01 -6.2589e+01 -5.4854e+01
# New trial
-7.3635e+01 -7.1909e+01 -6.8521e+01 -2.2567e+02
-7.3636e+01 -7.1868e+01 -6.0269e+01 -5.5925e+01
-7.3666e+01 -7.2120e+01 -6.1213e+01 -1.0787e+02
-7.3794e+01 -7.3371e+01 -6.9490e+01 -7.9208e+01
# New trial
-7.3660e+01 -7.2091e+01 -6.4247e+01 -1.0888e+02
-7.3644e+01 -7.1940e+01 -6.1464e+01 -6.2068e+01
-7.3663e+01 -7.2099e+01 -6.2190e+01 -1.0424e+02
-7.3774e+01 -7.3174e+01 -6.9268e+01 -1.4886e+02
# New trial
-7.3636e+01 -7.1867e+01 -6.2141e+01 -8.5832e+01
-7.3604e+01 -7.1539e+01 -5.9192e+01 -7.7641e+01
-7.3593e+01 -7.1392e+01 -5.6387e+01 -8.2083e+01
-7.3749e+01 -7.2918e+01 -6.5641e+01 -9.1245e+01
# New trial
-7.3594e+01 -7.1615e+01 -8.0173e+01 -3.2846e+02
-7.3592e+01 -7.1460e+01 -6.2474e+01 -1.0237e+02
-7.3598e+01 -7.1433e+01 -5.6296e+01 -9.2163e+01
-7.3766e+01 -7.3085e+01 -6.6906e+01 -7.7513e+01
# New trial
-7.3491e+01 -7.0607e+01 -5.8452e+01 -6.5975e+01
-7.3447e+01 -7.0201e+01 -5.5213e+01 -6.5689e+01
-7.3553e+01 -7.1097e+01 -6.1273e+01 -1.6616e+02
-7.3793e+01 -7.3364e+01 -7.0482e+01 -1.6069e+02
# New trial
-7.3542e+01 -7.0974e+01 -5.7834e+01 -7.4200e+01
-7.3532e+01 -7.0870e+01 -5.7270e+01 -7.9819e+01
-7.3602e+01 -7.1500e+01 -5.9047e+01 -1.0609e+02
-7.3785e+01 -7.3281e+01 -6.9697e+01 -1.5922e+02
# New trial
-7.3650e+01 -7.1983e+01 -6.1973e+01 -8.6845e+01
-7.3583e+01 -7.1328e+01 -5.7044e+01 -7.3530e+01
-7.3514e+01 -7.0635e+01 -5.3710e+01 -9.3767e+01
-7.3708e+01 -7.2515e+01 -6.3084e+01 -1.2421e+02
# New trial
-7.3589e+01 -7.1501e+01 -7.0293e+01 -2.4721e+02
-7.3566e+01 -7.1267e+01 -6.3074e+01 -1.1173e+02
-7.3660e+01 -7.2100e+01 -6.3749e+01 -1.2521e+02
-7.3822e+01 -7.3649e+01 -7.3300e+01 -2.1170e+02
# New trial
-7.3612e+01 -7.1772e+01 -7.6603e+01 -2.9827e+02
-7.3633e+01 -7.1878e+01 -6.4052e+01 -1.2027e+02
-7.3655e+01 -7.2012e+01 -6.1119e+01 -1.0379e+02
-7.3800e+01 -7.3428e+01 -7.1369e+01 -1.6947e+02
# New trial
-7.3712e+01 -7.2675e+01 -7.6750e+01 -2.6002e+02
-7.3646e+01 -7.1934e+01 -5.9745e+01 -7.3263e+01
-7.3603e+01 -7.1487e+01 -5.6592e+01 -1.0515e+02
-7.3710e+01 -7.2528e+01 -6.3441e+01 -1.1147e+02
# New trial
-7.3541e+01 -7.1267e+01 -7.0499e+01 -1.7866e+02
-7.3435e+01 -7.0134e+01 -5.9969e+01 -1.3541e+02
-7.3470e+01 -7.0282e+01 -5.6890e+01 -1.2007e+02
-7.3779e+01 -7.3240e+01 -6.9377e+01 -1.3969e+02
# New trial
-7.3520e+01 -7.1234e+01 -8.3682e+01 -3.3907e+02
-7.3448e+01 -7.0253e+01 -6.1928e+01 -1.2478e+02
-7.3472e+01 -7.0320e+01 -6.4719e+01 -2.2550e+02
-7.3781e+01 -7.3241e+01 -7.0581e+01 -1.9307e+02
# New trial
-7.3626e+01 -7.1871e+01 -7.0048e+01 -1.8185e+02
-7.3594e+01 -7.1514e+01 -6.2705e+01 -1.2722e+02
-7.3659e+01 -7.2078e+01 -6.3284e+01 -1.3138e+02
-7.3815e+01 -7.3575e+01 -7.1486e+01 -8.8639e+01
# New trial
-7.3638e+01 -7.1849e+01 -6.2453e+01 -1.5831e+02
-7.3604e+01 -7.1506e+01 -5.7503e+01 -8.9945e+01
-7.3604e+01 -7.1494e+01 -5.6754e+01 -8.9352e+01
-7.3754e+01 -7.2973e+01 -6.6417e+01 -1.0743e+02
# New trial
-7.3656e+01 -7.2034e+01 -6.2088e+01 -9.1964e+01
-7.3620e+01 -7.1692e+01 -5.9342e+01 -7.5547e+01
-7.3636e+01 -7.1828e+01 -5.9232e+01 -8.8126e+01
-7.3775e+01 -7.3182e+01 -6.8390e+01 -1.4272e+02
# New trial
-7.3675e+01 -7.2397e+01 -8.1825e+01 -3.2660e+02
-7.3614e+01 -7.1696e+01 -6.3627e+01 -1.2306e+02
-7.3563e+01 -7.1152e+01 -5.7957e+01 -1.0696e+02
-7.3748e+01 -7.2926e+01 -6.6189e+01 -1.0020e+02
# New trial
-7.3570e+01 -7.1336e+01 -7.2920e+01 -2.7054e+02
-7.3571e+01 -7.1278e+01 -6.2309e+01 -1.0864e+02
-7.3630e+01 -7.1804e+01 -6.1992e+01 -1.2603e+02
-7.3803e+01 -7.3461e+01 -7.1598e+01 -1.9868e+02
# New trial
-7.3662e+01 -7.2169e+01 -7.0909e+01 -2.2744e+02
-7.3646e+01 -7.1996e+01 -6.5050e+01 -1.1596e+02
-7.3668e+01 -7.2176e+01 -6.5008e+01 -1.4485e+02
-7.3809e+01 -7.3529e+01 -7.2229e+01 -1.6188e+02
# New trial
-7.3610e+01 -7.1613e+01 -6.2999e+01 -1.2973e+02
-7.3580e+01 -7.1304e+01 -5.8813e+01 -9.3855e+01
-7.3616e+01 -7.1638e+01 -6.2120e+01 -1.5947e+02
-7.3788e+01 -7.3316e+01 -7.1424e+01 -1.8321e+02
# New trial
-7.3557e+01 -7.1060e+01 -5.6178e+01 -6.4493e+01
-7.3579e+01 -7.1272e+01 -5.6584e+01 -6.9973e+01
-7.3643e+01 -7.1885e+01 -6.1392e+01 -1.4343e+02
-7.3783e+01 -7.3259e+01 -6.9196e+01 -1.2610e+02
# New trial
-7.3707e+01 -7.2562e+01 -7.1269e+01 -2.2478e+02
-7.3697e+01 -7.2442e+01 -6.4979e+01 -9.1123e+01
-7.3702e+01 -7.2458e+01 -6.2214e+01 -7.6188e+01
-7.3782e+01 -7.3244e+01 -6.8224e+01 -5.6038e+01
# New trial
-7.3572e+01 -7.1535e+01 -7.7654e+01 -2.5684e+02
-7.3510e+01 -7.0648e+01 -5.8795e+01 -1.2655e+02
-7.3532e+01 -7.0802e+01 -5.5201e+01 -9.9910e+01
-7.3754e+01 -7.2971e+01 -6.6232e+01 -6.1980e+01
# New trial
-7.3560e+01 -7.1104e+01 -6.1054e+01 -1.6093e+02
-7.3642e+01 -7.1886e+01 -6.0028e+01 -7.4853e+01
-7.3766e+01 -7.3102e+01 -6.8273e+01 -1.2289e+02
-7.3837e+01 -7.3792e+01 -7.3566e+01 -1.2604e+02
# New trial
-7.3616e+01 -7.1826e+01 -7.1528e+01 -2.0995e+02
-7.3558e+01 -7.1170e+01 -6.2328e+01 -1.3839e+02
-7.3589e+01 -7.1435e+01 -6.3816e+01 -1.6894e+02
-7.3788e+01 -7.3314e+01 -6.9838e+01 -1.3660e+02
# New trial
-7.3599e+01 -7.1531e+01 -6.5412e+01 -1.5382e+02
-7.3553e+01 -7.1030e+01 -5.7440e+01 -1.1417e+02
-7.3566e+01 -7.1118e+01 -5.4646e+01 -7.8341e+01
-7.3762e+01 -7.3056e+01 -6.7868e+01 -1.6019e+02
# New trial
-7.3582e+01 -7.1316e+01 -5.8086e+01 -9.0177e+01
-7.3638e+01 -7.1851e+01 -5.9520e+01 -7.1910e+01
-7.3748e+01 -7.2921e+01 -6.6372e+01 -9.7697e+01
-7.3832e+01 -7.3748e+01 -7.3028e+01 -1.0701e+02
# New trial
