# 0.1sig - Array shape (trial/sig/alpha): (30L, 4L, 4L)
-2.3141e+01 -2.3966e+01 -4.2061e+01 -2.7139e+02
-2.3103e+01 -2.3428e+01 -3.0023e+01 -1.2517e+02
-2.3073e+01 -2.3068e+01 -2.3895e+01 -6.5136e+01
-2.3074e+01 -2.3066e+01 -2.3082e+01 -3.4809e+01
# New trial
-2.3077e+01 -2.3106e+01 -2.4610e+01 -5.3181e+01
-2.3071e+01 -2.3029e+01 -2.2830e+01 -2.5164e+01
-2.3073e+01 -2.3054e+01 -2.2891e+01 -2.3455e+01
-2.3075e+01 -2.3074e+01 -2.3068e+01 -2.3643e+01
# New trial
-2.3012e+01 -2.2566e+01 -2.4105e+01 -8.3084e+01
-2.3051e+01 -2.2855e+01 -2.2599e+01 -5.2292e+01
-2.3072e+01 -2.3044e+01 -2.3056e+01 -4.9070e+01
-2.3075e+01 -2.3074e+01 -2.3084e+01 -3.3869e+01
# New trial
-2.3041e+01 -2.2831e+01 -3.0327e+01 -1.7567e+02
-2.3049e+01 -2.2864e+01 -2.5746e+01 -1.1613e+02
-2.3068e+01 -2.3010e+01 -2.3149e+01 -7.6294e+01
-2.3075e+01 -2.3073e+01 -2.3062e+01 -2.3963e+01
# New trial
-2.3104e+01 -2.3397e+01 -2.9840e+01 -1.3956e+02
-2.3083e+01 -2.3162e+01 -2.4905e+01 -5.7000e+01
-2.3075e+01 -2.3075e+01 -2.3197e+01 -3.3744e+01
-2.3076e+01 -2.3077e+01 -2.3098e+01 -2.4250e+01
# New trial
-2.3030e+01 -2.2679e+01 -2.3483e+01 -7.7707e+01
-2.3056e+01 -2.2900e+01 -2.2771e+01 -4.5470e+01
-2.3071e+01 -2.3032e+01 -2.2895e+01 -3.6655e+01
-2.3076e+01 -2.3076e+01 -2.3093e+01 -3.1856e+01
# New trial
-2.2971e+01 -2.2202e+01 -2.4895e+01 -1.1802e+02
-2.3031e+01 -2.2705e+01 -2.2600e+01 -5.7709e+01
-2.3069e+01 -2.3025e+01 -2.3327e+01 -5.4538e+01
-2.3074e+01 -2.3067e+01 -2.3153e+01 -4.5061e+01
# New trial
-2.3061e+01 -2.2995e+01 -2.7727e+01 -1.3400e+02
-2.3065e+01 -2.2997e+01 -2.4499e+01 -8.3260e+01
-2.3071e+01 -2.3034e+01 -2.2996e+01 -5.2608e+01
-2.3075e+01 -2.3069e+01 -2.3039e+01 -2.3121e+01
# New trial
-2.3029e+01 -2.2787e+01 -2.9172e+01 -1.3970e+02
-2.3056e+01 -2.2924e+01 -2.4013e+01 -8.3717e+01
-2.3072e+01 -2.3050e+01 -2.3340e+01 -7.2539e+01
-2.3076e+01 -2.3079e+01 -2.3143e+01 -3.8134e+01
# New trial
-2.3045e+01 -2.2909e+01 -3.0259e+01 -1.5813e+02
-2.3045e+01 -2.2836e+01 -2.3795e+01 -6.5721e+01
-2.3068e+01 -2.3021e+01 -2.3233e+01 -4.6939e+01
-2.3074e+01 -2.3063e+01 -2.3043e+01 -2.3700e+01
# New trial
-2.3080e+01 -2.3120e+01 -2.3676e+01 -4.0812e+01
-2.3077e+01 -2.3090e+01 -2.3264e+01 -2.8600e+01
-2.3076e+01 -2.3077e+01 -2.3098e+01 -2.4123e+01
-2.3076e+01 -2.3075e+01 -2.3068e+01 -2.3078e+01
# New trial
-2.3077e+01 -2.3287e+01 -3.6447e+01 -2.3149e+02
-2.3068e+01 -2.3098e+01 -2.8840e+01 -1.3992e+02
-2.3067e+01 -2.3009e+01 -2.3897e+01 -9.1495e+01
-2.3074e+01 -2.3058e+01 -2.3095e+01 -5.3412e+01
# New trial
-2.3078e+01 -2.3239e+01 -3.6851e+01 -2.3716e+02
-2.3075e+01 -2.3129e+01 -2.7704e+01 -1.2238e+02
-2.3074e+01 -2.3070e+01 -2.3684e+01 -6.5039e+01
-2.3075e+01 -2.3073e+01 -2.3077e+01 -2.6494e+01
# New trial
-2.3107e+01 -2.3537e+01 -3.4470e+01 -1.8008e+02
-2.3061e+01 -2.2948e+01 -2.3366e+01 -5.1654e+01
-2.3067e+01 -2.2994e+01 -2.2528e+01 -4.3322e+01
-2.3075e+01 -2.3074e+01 -2.3065e+01 -2.7837e+01
# New trial
-2.3142e+01 -2.3993e+01 -4.2465e+01 -2.7632e+02
-2.3097e+01 -2.3395e+01 -3.1479e+01 -1.6247e+02
-2.3073e+01 -2.3077e+01 -2.4909e+01 -9.4491e+01
-2.3075e+01 -2.3073e+01 -2.3214e+01 -4.8275e+01
# New trial
-2.3058e+01 -2.3061e+01 -3.2919e+01 -1.8553e+02
-2.3091e+01 -2.3283e+01 -2.8803e+01 -1.2907e+02
-2.3087e+01 -2.3202e+01 -2.5358e+01 -8.5685e+01
-2.3075e+01 -2.3073e+01 -2.3163e+01 -4.2792e+01
# New trial
-2.2942e+01 -2.2177e+01 -2.7205e+01 -1.3075e+02
-2.3019e+01 -2.2628e+01 -2.3462e+01 -7.2190e+01
-2.3066e+01 -2.3000e+01 -2.3318e+01 -6.0782e+01
-2.3073e+01 -2.3056e+01 -2.2994e+01 -2.3253e+01
# New trial
-2.3011e+01 -2.2552e+01 -2.5913e+01 -1.1041e+02
-2.3041e+01 -2.2768e+01 -2.2327e+01 -5.5818e+01
-2.3070e+01 -2.3024e+01 -2.2885e+01 -4.7423e+01
-2.3075e+01 -2.3074e+01 -2.3065e+01 -2.4009e+01
# New trial
-2.3054e+01 -2.2913e+01 -2.6077e+01 -1.1162e+02
-2.3054e+01 -2.2891e+01 -2.3799e+01 -8.1920e+01
-2.3069e+01 -2.3015e+01 -2.3019e+01 -6.6604e+01
-2.3075e+01 -2.3070e+01 -2.3059e+01 -3.0948e+01
# New trial
-2.2926e+01 -2.1926e+01 -2.9246e+01 -1.7239e+02
-2.2980e+01 -2.2276e+01 -2.0838e+01 -5.5503e+01
-2.3055e+01 -2.2917e+01 -2.3019e+01 -7.4948e+01
-2.3073e+01 -2.3059e+01 -2.3186e+01 -5.1097e+01
# New trial
-2.3034e+01 -2.2740e+01 -2.5185e+01 -1.2046e+02
-2.3055e+01 -2.2901e+01 -2.3656e+01 -7.5223e+01
-2.3068e+01 -2.3007e+01 -2.2992e+01 -6.4257e+01
-2.3075e+01 -2.3073e+01 -2.3082e+01 -3.0179e+01
# New trial
-2.3085e+01 -2.3223e+01 -2.9100e+01 -1.3364e+02
-2.3073e+01 -2.3086e+01 -2.5468e+01 -8.5559e+01
-2.3072e+01 -2.3045e+01 -2.3219e+01 -4.6320e+01
-2.3074e+01 -2.3064e+01 -2.3065e+01 -3.2882e+01
# New trial
-2.3025e+01 -2.2614e+01 -2.1076e+01 -3.3685e+01
-2.3061e+01 -2.2951e+01 -2.2849e+01 -5.1426e+01
-2.3072e+01 -2.3047e+01 -2.3181e+01 -5.4362e+01
-2.3075e+01 -2.3072e+01 -2.3057e+01 -2.5397e+01
# New trial
-2.2984e+01 -2.2528e+01 -2.9829e+01 -1.5184e+02
-2.3036e+01 -2.2746e+01 -2.2151e+01 -3.7319e+01
-2.3070e+01 -2.3036e+01 -2.3175e+01 -5.3128e+01
-2.3075e+01 -2.3070e+01 -2.3091e+01 -3.2045e+01
# New trial
-2.3065e+01 -2.3055e+01 -2.8151e+01 -1.2792e+02
-2.3073e+01 -2.3073e+01 -2.4715e+01 -6.2237e+01
-2.3073e+01 -2.3053e+01 -2.3102e+01 -3.8032e+01
-2.3075e+01 -2.3071e+01 -2.3070e+01 -3.2774e+01
# New trial
-2.3120e+01 -2.3684e+01 -3.7267e+01 -2.2490e+02
-2.3139e+01 -2.3759e+01 -3.2078e+01 -1.3907e+02
-2.3117e+01 -2.3497e+01 -2.7710e+01 -8.2851e+01
-2.3082e+01 -2.3143e+01 -2.3806e+01 -3.1030e+01
# New trial
-2.3047e+01 -2.2833e+01 -2.4713e+01 -9.0197e+01
-2.3064e+01 -2.2970e+01 -2.2930e+01 -5.2993e+01
-2.3074e+01 -2.3065e+01 -2.3049e+01 -3.3185e+01
-2.3075e+01 -2.3073e+01 -2.3071e+01 -2.3957e+01
# New trial
-2.3070e+01 -2.3203e+01 -3.4399e+01 -1.9534e+02
-2.3068e+01 -2.3068e+01 -2.6962e+01 -1.0478e+02
-2.3070e+01 -2.3038e+01 -2.3689e+01 -6.8069e+01
-2.3074e+01 -2.3062e+01 -2.3027e+01 -2.4039e+01
# New trial
-2.3037e+01 -2.2733e+01 -2.3615e+01 -7.1251e+01
-2.3054e+01 -2.2879e+01 -2.2639e+01 -4.7833e+01
-2.3070e+01 -2.3029e+01 -2.3011e+01 -4.2012e+01
-2.3075e+01 -2.3075e+01 -2.3102e+01 -3.2520e+01
# New trial
-2.3014e+01 -2.2627e+01 -2.8371e+01 -1.3637e+02
-2.3041e+01 -2.2789e+01 -2.3730e+01 -7.5381e+01
-2.3070e+01 -2.3030e+01 -2.3197e+01 -5.1256e+01
-2.3075e+01 -2.3070e+01 -2.3067e+01 -2.6683e+01
# New trial
