# 0.1sig - Array shape (trial/sig/alpha): (30L, 4L, 4L)
-1.0097e+02 -9.7050e+01 -1.2353e+02 -8.7098e+02
-1.0094e+02 -9.6292e+01 -8.6886e+01 -3.5187e+02
-1.0096e+02 -9.6155e+01 -7.9440e+01 -3.3726e+02
-1.0138e+02 -1.0003e+02 -9.0632e+01 -2.3164e+02
# New trial
-1.0112e+02 -9.7762e+01 -8.8416e+01 -3.3289e+02
-1.0110e+02 -9.7534e+01 -7.9654e+01 -1.7911e+02
-1.0104e+02 -9.6766e+01 -6.9397e+01 -1.7451e+02
-1.0123e+02 -9.8507e+01 -7.8154e+01 -1.2748e+02
# New trial
-1.0111e+02 -9.7722e+01 -1.0866e+02 -6.0070e+02
-1.0101e+02 -9.6488e+01 -7.4365e+01 -2.8842e+02
-1.0080e+02 -9.4279e+01 -6.5140e+01 -3.7948e+02
-1.0103e+02 -9.6531e+01 -8.0473e+01 -4.5219e+02
# New trial
-1.0116e+02 -9.8269e+01 -1.2656e+02 -9.0824e+02
-1.0107e+02 -9.7123e+01 -8.5770e+01 -4.3591e+02
-1.0090e+02 -9.5261e+01 -6.6922e+01 -4.1669e+02
-1.0105e+02 -9.6716e+01 -6.9874e+01 -2.5678e+02
# New trial
-1.0124e+02 -9.9156e+01 -1.1378e+02 -6.0955e+02
-1.0115e+02 -9.7931e+01 -8.1996e+01 -2.0182e+02
-1.0108e+02 -9.7139e+01 -6.9464e+01 -2.0379e+02
-1.0132e+02 -9.9387e+01 -8.2523e+01 -1.3368e+02
# New trial
-1.0120e+02 -9.8399e+01 -8.9682e+01 -3.6502e+02
-1.0116e+02 -9.7939e+01 -7.9360e+01 -1.8065e+02
-1.0114e+02 -9.7648e+01 -7.1602e+01 -1.5123e+02
-1.0136e+02 -9.9787e+01 -8.5608e+01 -1.3351e+02
# New trial
-1.0101e+02 -9.6668e+01 -8.1807e+01 -3.0784e+02
-1.0100e+02 -9.6492e+01 -7.1053e+01 -2.0608e+02
-1.0097e+02 -9.6070e+01 -6.2769e+01 -1.8389e+02
-1.0123e+02 -9.8522e+01 -7.7486e+01 -2.4245e+02
# New trial
-1.0106e+02 -9.7515e+01 -1.2843e+02 -8.7778e+02
-1.0106e+02 -9.7118e+01 -8.5215e+01 -3.1226e+02
-1.0110e+02 -9.7321e+01 -7.3099e+01 -2.6720e+02
-1.0139e+02 -1.0012e+02 -9.0689e+01 -3.1353e+02
# New trial
-1.0090e+02 -9.6209e+01 -1.0108e+02 -5.0135e+02
-1.0083e+02 -9.5251e+01 -8.0310e+01 -3.3341e+02
-1.0090e+02 -9.5509e+01 -7.2556e+01 -3.7973e+02
-1.0139e+02 -1.0011e+02 -9.3285e+01 -3.7609e+02
# New trial
-1.0101e+02 -9.6747e+01 -8.9995e+01 -3.9997e+02
-1.0098e+02 -9.6328e+01 -7.7400e+01 -2.8017e+02
-1.0096e+02 -9.5942e+01 -7.1430e+01 -2.9346e+02
-1.0122e+02 -9.8418e+01 -8.2618e+01 -3.1594e+02
# New trial
-1.0126e+02 -9.9105e+01 -9.8504e+01 -3.5849e+02
-1.0115e+02 -9.7941e+01 -8.6189e+01 -3.2570e+02
-1.0089e+02 -9.5319e+01 -6.5236e+01 -2.0637e+02
-1.0113e+02 -9.7542e+01 -7.8619e+01 -2.9791e+02
# New trial
-1.0112e+02 -9.8155e+01 -1.2036e+02 -7.2663e+02
-1.0105e+02 -9.7212e+01 -9.6676e+01 -4.2989e+02
-1.0107e+02 -9.7070e+01 -7.6328e+01 -2.4733e+02
-1.0140e+02 -1.0027e+02 -9.0869e+01 -1.4761e+02
# New trial
-1.0117e+02 -9.8638e+01 -1.2782e+02 -8.5845e+02
-1.0116e+02 -9.8154e+01 -9.2798e+01 -3.8150e+02
-1.0114e+02 -9.7759e+01 -8.5507e+01 -3.8641e+02
-1.0141e+02 -1.0036e+02 -9.3808e+01 -2.8300e+02
# New trial
-1.0132e+02 -9.9840e+01 -1.1346e+02 -5.4912e+02
-1.0119e+02 -9.8259e+01 -7.9897e+01 -2.1561e+02
-1.0104e+02 -9.6645e+01 -6.3139e+01 -1.2356e+02
-1.0114e+02 -9.7666e+01 -7.4499e+01 -1.9908e+02
# New trial
-1.0093e+02 -9.6827e+01 -1.1477e+02 -6.6524e+02
-1.0074e+02 -9.4550e+01 -8.5400e+01 -4.5919e+02
-1.0072e+02 -9.3849e+01 -7.6118e+01 -4.1437e+02
-1.0129e+02 -9.9169e+01 -9.0848e+01 -3.7729e+02
# New trial
-1.0099e+02 -9.7289e+01 -1.4014e+02 -9.8797e+02
-1.0087e+02 -9.5566e+01 -9.6741e+01 -5.5354e+02
-1.0078e+02 -9.4458e+01 -9.7701e+01 -7.1940e+02
-1.0123e+02 -9.8621e+01 -9.7977e+01 -6.5208e+02
# New trial
-1.0103e+02 -9.7426e+01 -1.1322e+02 -6.2994e+02
-1.0103e+02 -9.6915e+01 -8.6139e+01 -3.8442e+02
-1.0101e+02 -9.6451e+01 -7.2809e+01 -2.9845e+02
-1.0127e+02 -9.8908e+01 -8.7324e+01 -3.3006e+02
# New trial
-1.0117e+02 -9.8198e+01 -9.7920e+01 -5.1289e+02
-1.0112e+02 -9.7506e+01 -7.9281e+01 -2.8302e+02
-1.0101e+02 -9.6388e+01 -6.7693e+01 -2.6285e+02
-1.0119e+02 -9.8157e+01 -7.6759e+01 -2.0239e+02
# New trial
-1.0118e+02 -9.8162e+01 -8.5568e+01 -3.0278e+02
-1.0111e+02 -9.7427e+01 -7.6442e+01 -2.3194e+02
-1.0108e+02 -9.7053e+01 -6.8946e+01 -2.1109e+02
-1.0129e+02 -9.9143e+01 -8.0564e+01 -1.0288e+02
# New trial
-1.0103e+02 -9.7345e+01 -1.1919e+02 -7.9399e+02
-1.0096e+02 -9.6303e+01 -8.0445e+01 -2.9850e+02
-1.0086e+02 -9.5111e+01 -7.1723e+01 -3.8720e+02
-1.0122e+02 -9.8408e+01 -8.5143e+01 -4.0737e+02
# New trial
-1.0108e+02 -9.7638e+01 -1.1374e+02 -6.6138e+02
-1.0104e+02 -9.6925e+01 -8.3710e+01 -3.3882e+02
-1.0104e+02 -9.6775e+01 -7.5534e+01 -3.8407e+02
-1.0138e+02 -9.9992e+01 -9.1982e+01 -4.1422e+02
# New trial
-1.0115e+02 -9.7925e+01 -9.1869e+01 -4.3985e+02
-1.0108e+02 -9.7313e+01 -8.1898e+01 -3.0218e+02
-1.0107e+02 -9.7086e+01 -7.0640e+01 -1.9970e+02
-1.0136e+02 -9.9860e+01 -8.6569e+01 -1.2512e+02
# New trial
-1.0104e+02 -9.6823e+01 -7.7823e+01 -2.9951e+02
-1.0103e+02 -9.6715e+01 -7.1275e+01 -2.3646e+02
-1.0099e+02 -9.6207e+01 -6.4468e+01 -2.1118e+02
-1.0124e+02 -9.8660e+01 -7.8194e+01 -2.1597e+02
# New trial
-1.0101e+02 -9.6909e+01 -8.8304e+01 -3.3767e+02
-1.0107e+02 -9.7060e+01 -7.4849e+01 -1.9380e+02
-1.0110e+02 -9.7329e+01 -7.3822e+01 -3.1111e+02
-1.0133e+02 -9.9538e+01 -8.7195e+01 -3.2482e+02
# New trial
-1.0126e+02 -9.9020e+01 -1.0379e+02 -6.0738e+02
-1.0126e+02 -9.8893e+01 -8.6682e+01 -2.2022e+02
-1.0121e+02 -9.8327e+01 -7.7413e+01 -2.3302e+02
-1.0130e+02 -9.9250e+01 -8.2320e+01 -1.8372e+02
# New trial
-1.0120e+02 -9.9086e+01 -1.2963e+02 -7.7158e+02
-1.0106e+02 -9.7089e+01 -8.2734e+01 -3.4454e+02
-1.0098e+02 -9.6146e+01 -7.2454e+01 -3.0267e+02
-1.0126e+02 -9.8873e+01 -8.8538e+01 -3.2618e+02
# New trial
-1.0111e+02 -9.7497e+01 -9.0083e+01 -5.1655e+02
-1.0118e+02 -9.8105e+01 -8.0647e+01 -2.4546e+02
-1.0128e+02 -9.9051e+01 -8.2626e+01 -2.0842e+02
-1.0147e+02 -1.0088e+02 -9.5949e+01 -1.8890e+02
# New trial
-1.0119e+02 -9.8990e+01 -1.3120e+02 -7.8218e+02
-1.0107e+02 -9.7356e+01 -9.3472e+01 -4.7480e+02
-1.0098e+02 -9.6213e+01 -8.4418e+01 -4.3843e+02
-1.0132e+02 -9.9441e+01 -1.0253e+02 -5.8825e+02
# New trial
-1.0108e+02 -9.7277e+01 -9.5183e+01 -4.3990e+02
-1.0102e+02 -9.6627e+01 -8.2254e+01 -3.5424e+02
-1.0092e+02 -9.5490e+01 -6.2502e+01 -1.9652e+02
-1.0120e+02 -9.8208e+01 -7.5156e+01 -1.6748e+02
# New trial
-1.0107e+02 -9.7216e+01 -8.8508e+01 -3.9174e+02
-1.0113e+02 -9.7695e+01 -7.7598e+01 -2.0786e+02
-1.0128e+02 -9.9087e+01 -8.1997e+01 -1.9341e+02
-1.0146e+02 -1.0082e+02 -9.4940e+01 -1.4906e+02
# New trial
