# 0.01sig - Array shape (trial/sig/alpha): (30, 4, 4)
-1.4730e+02 -1.4386e+02 -1.1703e+02 -8.8287e+01
-1.4722e+02 -1.4314e+02 -1.1404e+02 -1.0186e+02
-1.4715e+02 -1.4249e+02 -1.1640e+02 -2.3584e+02
-1.4747e+02 -1.4556e+02 -1.3201e+02 -3.1691e+02
# New trial
-1.4726e+02 -1.4349e+02 -1.1672e+02 -1.0880e+02
-1.4715e+02 -1.4249e+02 -1.1386e+02 -1.2569e+02
-1.4706e+02 -1.4158e+02 -1.1010e+02 -1.4547e+02
-1.4745e+02 -1.4538e+02 -1.2993e+02 -2.9035e+02
# New trial
-1.4728e+02 -1.4375e+02 -1.1586e+02 -9.0216e+01
-1.4714e+02 -1.4230e+02 -1.0869e+02 -9.8736e+01
-1.4687e+02 -1.3973e+02 -1.0208e+02 -1.6029e+02
-1.4724e+02 -1.4326e+02 -1.1419e+02 -2.2549e+02
# New trial
-1.4709e+02 -1.4184e+02 -1.0597e+02 -8.4710e+01
-1.4698e+02 -1.4086e+02 -1.0591e+02 -1.1875e+02
-1.4694e+02 -1.4056e+02 -1.1333e+02 -2.7679e+02
-1.4746e+02 -1.4548e+02 -1.3097e+02 -3.3065e+02
# New trial
-1.4735e+02 -1.4434e+02 -1.1923e+02 -8.4741e+01
-1.4724e+02 -1.4328e+02 -1.1148e+02 -8.8458e+01
-1.4703e+02 -1.4129e+02 -1.0618e+02 -1.8114e+02
-1.4721e+02 -1.4296e+02 -1.1186e+02 -1.8966e+02
# New trial
-1.4734e+02 -1.4428e+02 -1.1771e+02 -8.4151e+01
-1.4716e+02 -1.4253e+02 -1.0912e+02 -9.1605e+01
-1.4683e+02 -1.3932e+02 -9.4550e+01 -1.0038e+02
-1.4721e+02 -1.4301e+02 -1.0924e+02 -1.1313e+02
# New trial
-1.4735e+02 -1.4440e+02 -1.2197e+02 -9.3716e+01
-1.4725e+02 -1.4342e+02 -1.1870e+02 -9.9624e+01
-1.4719e+02 -1.4289e+02 -1.1937e+02 -2.0870e+02
-1.4751e+02 -1.4601e+02 -1.3499e+02 -3.0711e+02
# New trial
-1.4731e+02 -1.4396e+02 -1.1672e+02 -8.6489e+01
-1.4721e+02 -1.4305e+02 -1.1121e+02 -9.1316e+01
-1.4701e+02 -1.4109e+02 -1.0642e+02 -1.6243e+02
-1.4728e+02 -1.4368e+02 -1.1964e+02 -2.9965e+02
# New trial
-1.4727e+02 -1.4361e+02 -1.1439e+02 -8.3815e+01
-1.4712e+02 -1.4218e+02 -1.0610e+02 -8.8423e+01
-1.4678e+02 -1.3882e+02 -9.6407e+01 -1.2018e+02
-1.4716e+02 -1.4247e+02 -1.0817e+02 -1.6803e+02
# New trial
-1.4725e+02 -1.4343e+02 -1.1564e+02 -9.1867e+01
-1.4713e+02 -1.4233e+02 -1.1033e+02 -1.0182e+02
-1.4705e+02 -1.4151e+02 -1.0672e+02 -1.5391e+02
-1.4750e+02 -1.4582e+02 -1.3061e+02 -1.5074e+02
# New trial
-1.4717e+02 -1.4275e+02 -1.1535e+02 -9.6153e+01
-1.4709e+02 -1.4205e+02 -1.1731e+02 -1.6054e+02
-1.4707e+02 -1.4191e+02 -1.2252e+02 -2.8973e+02
-1.4754e+02 -1.4626e+02 -1.3807e+02 -3.3312e+02
# New trial
-1.4742e+02 -1.4511e+02 -1.2421e+02 -8.5624e+01
-1.4738e+02 -1.4469e+02 -1.2094e+02 -8.5828e+01
-1.4731e+02 -1.4398e+02 -1.1515e+02 -9.1290e+01
-1.4748e+02 -1.4565e+02 -1.2841e+02 -1.0488e+02
# New trial
-1.4734e+02 -1.4425e+02 -1.1858e+02 -8.7794e+01
-1.4719e+02 -1.4284e+02 -1.1171e+02 -9.7954e+01
-1.4685e+02 -1.3953e+02 -1.0562e+02 -1.3902e+02
-1.4711e+02 -1.4198e+02 -1.1380e+02 -2.5750e+02
# New trial
-1.4742e+02 -1.4506e+02 -1.2317e+02 -8.4670e+01
-1.4735e+02 -1.4432e+02 -1.1726e+02 -8.6029e+01
-1.4717e+02 -1.4258e+02 -1.0491e+02 -1.0395e+02
-1.4725e+02 -1.4333e+02 -1.0927e+02 -1.0864e+02
# New trial
-1.4739e+02 -1.4477e+02 -1.2116e+02 -9.2330e+01
-1.4732e+02 -1.4403e+02 -1.1556e+02 -9.1538e+01
-1.4715e+02 -1.4244e+02 -1.0580e+02 -1.3141e+02
-1.4732e+02 -1.4404e+02 -1.1656e+02 -1.7661e+02
# New trial
-1.4720e+02 -1.4301e+02 -1.1342e+02 -8.5554e+01
-1.4708e+02 -1.4188e+02 -1.0982e+02 -9.6036e+01
-1.4696e+02 -1.4076e+02 -1.0925e+02 -1.6720e+02
-1.4743e+02 -1.4519e+02 -1.2909e+02 -2.6862e+02
# New trial
-1.4723e+02 -1.4319e+02 -1.1172e+02 -9.7789e+01
-1.4711e+02 -1.4209e+02 -1.0857e+02 -1.0846e+02
-1.4700e+02 -1.4096e+02 -1.0114e+02 -1.2204e+02
-1.4737e+02 -1.4461e+02 -1.2037e+02 -1.3758e+02
# New trial
-1.4723e+02 -1.4327e+02 -1.1691e+02 -1.0219e+02
-1.4709e+02 -1.4198e+02 -1.1113e+02 -1.1532e+02
-1.4692e+02 -1.4035e+02 -1.0622e+02 -1.8156e+02
-1.4746e+02 -1.4546e+02 -1.3405e+02 -4.0453e+02
# New trial
-1.4744e+02 -1.4525e+02 -1.2686e+02 -9.3209e+01
-1.4736e+02 -1.4450e+02 -1.2192e+02 -1.0088e+02
-1.4725e+02 -1.4338e+02 -1.1350e+02 -1.6778e+02
-1.4737e+02 -1.4454e+02 -1.1930e+02 -1.6193e+02
# New trial
-1.4735e+02 -1.4440e+02 -1.2199e+02 -9.7863e+01
-1.4727e+02 -1.4360e+02 -1.1815e+02 -1.0808e+02
-1.4715e+02 -1.4245e+02 -1.1682e+02 -2.2441e+02
-1.4742e+02 -1.4510e+02 -1.3318e+02 -4.1559e+02
# New trial
-1.4698e+02 -1.4101e+02 -1.1166e+02 -8.7248e+01
-1.4684e+02 -1.3982e+02 -1.0983e+02 -1.2231e+02
-1.4694e+02 -1.4079e+02 -1.1861e+02 -3.0738e+02
-1.4755e+02 -1.4643e+02 -1.4147e+02 -3.9034e+02
# New trial
-1.4734e+02 -1.4430e+02 -1.2001e+02 -9.8500e+01
-1.4723e+02 -1.4320e+02 -1.1575e+02 -1.0913e+02
-1.4707e+02 -1.4173e+02 -1.1207e+02 -1.9334e+02
-1.4744e+02 -1.4523e+02 -1.2678e+02 -1.9284e+02
# New trial
-1.4749e+02 -1.4579e+02 -1.2972e+02 -9.5905e+01
-1.4742e+02 -1.4505e+02 -1.2362e+02 -1.0406e+02
-1.4727e+02 -1.4356e+02 -1.1307e+02 -1.3339e+02
-1.4731e+02 -1.4396e+02 -1.1745e+02 -2.2907e+02
# New trial
-1.4697e+02 -1.4091e+02 -1.1018e+02 -8.7802e+01
-1.4687e+02 -1.4025e+02 -1.1335e+02 -1.2039e+02
-1.4706e+02 -1.4192e+02 -1.2939e+02 -3.4453e+02
-1.4758e+02 -1.4663e+02 -1.3965e+02 -2.7138e+02
# New trial
-1.4739e+02 -1.4482e+02 -1.2277e+02 -8.6623e+01
-1.4725e+02 -1.4346e+02 -1.1477e+02 -8.9218e+01
-1.4704e+02 -1.4133e+02 -1.0179e+02 -1.1245e+02
-1.4739e+02 -1.4479e+02 -1.2168e+02 -1.4186e+02
# New trial
-1.4743e+02 -1.4521e+02 -1.2468e+02 -8.6598e+01
-1.4736e+02 -1.4442e+02 -1.1862e+02 -8.7910e+01
-1.4720e+02 -1.4288e+02 -1.0771e+02 -1.0735e+02
-1.4743e+02 -1.4515e+02 -1.2413e+02 -1.1385e+02
# New trial
-1.4742e+02 -1.4503e+02 -1.2393e+02 -9.9560e+01
-1.4729e+02 -1.4383e+02 -1.1723e+02 -9.9726e+01
-1.4708e+02 -1.4175e+02 -1.0921e+02 -1.7598e+02
-1.4723e+02 -1.4324e+02 -1.2344e+02 -4.0648e+02
# New trial
-1.4739e+02 -1.4479e+02 -1.2245e+02 -9.6470e+01
-1.4726e+02 -1.4353e+02 -1.1559e+02 -9.6102e+01
-1.4700e+02 -1.4101e+02 -1.0806e+02 -1.7743e+02
-1.4722e+02 -1.4308e+02 -1.2014e+02 -3.3011e+02
# New trial
-1.4746e+02 -1.4546e+02 -1.2730e+02 -8.5070e+01
-1.4741e+02 -1.4498e+02 -1.2329e+02 -8.7784e+01
-1.4729e+02 -1.4382e+02 -1.1386e+02 -1.1041e+02
-1.4743e+02 -1.4516e+02 -1.2396e+02 -1.1094e+02
# New trial
-1.4734e+02 -1.4429e+02 -1.1877e+02 -9.7523e+01
-1.4725e+02 -1.4344e+02 -1.1342e+02 -1.2138e+02
-1.4716e+02 -1.4258e+02 -1.1324e+02 -2.3577e+02
-1.4746e+02 -1.4544e+02 -1.2844e+02 -1.6045e+02
# New trial
