# 0.01sig - Array shape (trial/sig/alpha): (30, 4, 4)
-1.7052e+02 -1.6835e+02 -1.5110e+02 -1.2742e+02
-1.7047e+02 -1.6787e+02 -1.4810e+02 -1.2991e+02
-1.7039e+02 -1.6716e+02 -1.4428e+02 -1.5649e+02
-1.7060e+02 -1.6915e+02 -1.5662e+02 -1.7082e+02
# New trial
-1.7051e+02 -1.6833e+02 -1.5121e+02 -1.2882e+02
-1.7044e+02 -1.6768e+02 -1.4882e+02 -1.3316e+02
-1.7033e+02 -1.6661e+02 -1.4237e+02 -1.4294e+02
-1.7053e+02 -1.6846e+02 -1.5067e+02 -1.7598e+02
# New trial
-1.7054e+02 -1.6855e+02 -1.5111e+02 -1.2496e+02
-1.7044e+02 -1.6764e+02 -1.4498e+02 -1.2486e+02
-1.7021e+02 -1.6532e+02 -1.3570e+02 -1.3632e+02
-1.7030e+02 -1.6624e+02 -1.4059e+02 -2.0173e+02
# New trial
-1.7047e+02 -1.6791e+02 -1.4688e+02 -1.2461e+02
-1.7037e+02 -1.6700e+02 -1.4204e+02 -1.2462e+02
-1.7021e+02 -1.6536e+02 -1.3140e+02 -1.2461e+02
-1.7047e+02 -1.6794e+02 -1.4570e+02 -1.3340e+02
# New trial
-1.7057e+02 -1.6889e+02 -1.5362e+02 -1.2662e+02
-1.7050e+02 -1.6822e+02 -1.4863e+02 -1.2945e+02
-1.7033e+02 -1.6654e+02 -1.4324e+02 -1.8135e+02
-1.7035e+02 -1.6671e+02 -1.4837e+02 -3.0947e+02
# New trial
-1.7058e+02 -1.6895e+02 -1.5398e+02 -1.2771e+02
-1.7048e+02 -1.6799e+02 -1.4832e+02 -1.3774e+02
-1.7023e+02 -1.6551e+02 -1.3767e+02 -1.4011e+02
-1.7027e+02 -1.6590e+02 -1.3729e+02 -1.8558e+02
# New trial
-1.7056e+02 -1.6879e+02 -1.5289e+02 -1.2549e+02
-1.7049e+02 -1.6814e+02 -1.4903e+02 -1.2557e+02
-1.7039e+02 -1.6712e+02 -1.4321e+02 -1.3154e+02
-1.7055e+02 -1.6869e+02 -1.5203e+02 -1.6271e+02
# New trial
-1.7055e+02 -1.6866e+02 -1.5188e+02 -1.2505e+02
-1.7050e+02 -1.6815e+02 -1.4839e+02 -1.2753e+02
-1.7035e+02 -1.6675e+02 -1.4153e+02 -1.6071e+02
-1.7043e+02 -1.6745e+02 -1.4399e+02 -1.7883e+02
# New trial
-1.7053e+02 -1.6852e+02 -1.5079e+02 -1.2551e+02
-1.7044e+02 -1.6760e+02 -1.4379e+02 -1.2590e+02
-1.7019e+02 -1.6518e+02 -1.3173e+02 -1.3891e+02
-1.7028e+02 -1.6603e+02 -1.3655e+02 -1.8283e+02
# New trial
-1.7051e+02 -1.6828e+02 -1.5012e+02 -1.2751e+02
-1.7043e+02 -1.6757e+02 -1.4731e+02 -1.3593e+02
-1.7030e+02 -1.6627e+02 -1.4288e+02 -1.5497e+02
-1.7050e+02 -1.6823e+02 -1.5000e+02 -1.6994e+02
# New trial
-1.7046e+02 -1.6782e+02 -1.4940e+02 -1.2751e+02
-1.7037e+02 -1.6697e+02 -1.4690e+02 -1.3603e+02
-1.7022e+02 -1.6561e+02 -1.4089e+02 -1.4892e+02
-1.7056e+02 -1.6875e+02 -1.5392e+02 -2.1450e+02
# New trial
-1.7061e+02 -1.6932e+02 -1.5698e+02 -1.2529e+02
-1.7059e+02 -1.6904e+02 -1.5451e+02 -1.2538e+02
-1.7051e+02 -1.6827e+02 -1.4767e+02 -1.2473e+02
-1.7054e+02 -1.6853e+02 -1.4953e+02 -1.2485e+02
# New trial
-1.7058e+02 -1.6896e+02 -1.5401e+02 -1.2722e+02
-1.7049e+02 -1.6812e+02 -1.4803e+02 -1.2826e+02
-1.7027e+02 -1.6588e+02 -1.3862e+02 -1.6164e+02
-1.7027e+02 -1.6595e+02 -1.4073e+02 -2.2896e+02
# New trial
-1.7062e+02 -1.6933e+02 -1.5701e+02 -1.2716e+02
-1.7057e+02 -1.6888e+02 -1.5326e+02 -1.2963e+02
-1.7043e+02 -1.6746e+02 -1.4270e+02 -1.3103e+02
-1.7039e+02 -1.6704e+02 -1.3797e+02 -1.2853e+02
# New trial
-1.7060e+02 -1.6915e+02 -1.5555e+02 -1.3224e+02
-1.7055e+02 -1.6872e+02 -1.5207e+02 -1.3328e+02
-1.7041e+02 -1.6728e+02 -1.4314e+02 -1.4010e+02
-1.7038e+02 -1.6697e+02 -1.4131e+02 -1.5811e+02
# New trial
-1.7049e+02 -1.6809e+02 -1.4963e+02 -1.2542e+02
-1.7040e+02 -1.6727e+02 -1.4635e+02 -1.2573e+02
-1.7025e+02 -1.6586e+02 -1.3844e+02 -1.2468e+02
-1.7049e+02 -1.6809e+02 -1.4701e+02 -1.3758e+02
# New trial
-1.7052e+02 -1.6841e+02 -1.5088e+02 -1.2871e+02
-1.7045e+02 -1.6770e+02 -1.4761e+02 -1.2859e+02
-1.7032e+02 -1.6649e+02 -1.4081e+02 -1.4567e+02
-1.7048e+02 -1.6801e+02 -1.5019e+02 -2.3666e+02
# New trial
-1.7051e+02 -1.6831e+02 -1.5166e+02 -1.2630e+02
-1.7042e+02 -1.6747e+02 -1.4741e+02 -1.2647e+02
-1.7026e+02 -1.6590e+02 -1.4033e+02 -1.6060e+02
-1.7048e+02 -1.6801e+02 -1.4886e+02 -2.2462e+02
# New trial
-1.7049e+02 -1.6816e+02 -1.5146e+02 -1.3852e+02
-1.7043e+02 -1.6752e+02 -1.4948e+02 -1.7165e+02
-1.7042e+02 -1.6751e+02 -1.5419e+02 -2.8018e+02
-1.7064e+02 -1.6958e+02 -1.6119e+02 -2.5250e+02
# New trial
-1.7055e+02 -1.6869e+02 -1.5302e+02 -1.2739e+02
-1.7050e+02 -1.6820e+02 -1.5070e+02 -1.3044e+02
-1.7040e+02 -1.6724e+02 -1.4678e+02 -1.8130e+02
-1.7054e+02 -1.6859e+02 -1.5364e+02 -2.4489e+02
# New trial
-1.7037e+02 -1.6706e+02 -1.4755e+02 -1.2622e+02
-1.7029e+02 -1.6636e+02 -1.4741e+02 -1.4559e+02
-1.7025e+02 -1.6594e+02 -1.4700e+02 -2.1491e+02
-1.7056e+02 -1.6882e+02 -1.5513e+02 -2.4387e+02
# New trial
-1.7058e+02 -1.6901e+02 -1.5499e+02 -1.3099e+02
-1.7051e+02 -1.6833e+02 -1.5069e+02 -1.3241e+02
-1.7035e+02 -1.6677e+02 -1.4266e+02 -1.5345e+02
-1.7047e+02 -1.6791e+02 -1.4659e+02 -1.4994e+02
# New trial
-1.7065e+02 -1.6971e+02 -1.6043e+02 -1.3065e+02
-1.7061e+02 -1.6922e+02 -1.5597e+02 -1.3065e+02
-1.7049e+02 -1.6812e+02 -1.4628e+02 -1.3610e+02
-1.7045e+02 -1.6771e+02 -1.4395e+02 -1.6976e+02
# New trial
-1.7035e+02 -1.6678e+02 -1.4585e+02 -1.2616e+02
-1.7025e+02 -1.6596e+02 -1.4421e+02 -1.3227e+02
-1.7026e+02 -1.6603e+02 -1.4731e+02 -2.3224e+02
-1.7061e+02 -1.6930e+02 -1.6133e+02 -2.8676e+02
# New trial
-1.7061e+02 -1.6924e+02 -1.5685e+02 -1.2826e+02
-1.7053e+02 -1.6848e+02 -1.5200e+02 -1.3008e+02
-1.7036e+02 -1.6681e+02 -1.4209e+02 -1.6180e+02
-1.7049e+02 -1.6808e+02 -1.4845e+02 -1.8859e+02
# New trial
-1.7063e+02 -1.6946e+02 -1.5859e+02 -1.5238e+02
-1.7058e+02 -1.6902e+02 -1.5513e+02 -1.5996e+02
-1.7047e+02 -1.6787e+02 -1.4887e+02 -1.9784e+02
-1.7054e+02 -1.6858e+02 -1.5218e+02 -2.1117e+02
# New trial
-1.7061e+02 -1.6925e+02 -1.5631e+02 -1.2519e+02
-1.7053e+02 -1.6846e+02 -1.5018e+02 -1.2521e+02
-1.7036e+02 -1.6683e+02 -1.3923e+02 -1.2975e+02
-1.7039e+02 -1.6705e+02 -1.4039e+02 -1.6497e+02
# New trial
-1.7060e+02 -1.6918e+02 -1.5640e+02 -1.3569e+02
-1.7053e+02 -1.6847e+02 -1.5195e+02 -1.3784e+02
-1.7035e+02 -1.6679e+02 -1.4648e+02 -1.8004e+02
-1.7038e+02 -1.6705e+02 -1.4714e+02 -2.3956e+02
# New trial
-1.7064e+02 -1.6955e+02 -1.5931e+02 -1.2913e+02
-1.7061e+02 -1.6925e+02 -1.5685e+02 -1.3041e+02
-1.7052e+02 -1.6841e+02 -1.5031e+02 -1.5003e+02
-1.7057e+02 -1.6886e+02 -1.5320e+02 -1.6622e+02
# New trial
-1.7055e+02 -1.6871e+02 -1.5331e+02 -1.3497e+02
-1.7050e+02 -1.6824e+02 -1.5071e+02 -1.4730e+02
-1.7040e+02 -1.6727e+02 -1.4702e+02 -1.9689e+02
-1.7057e+02 -1.6884e+02 -1.5474e+02 -2.3642e+02
# New trial
