# 0.01sig - Array shape (trial/sig/alpha): (30, 4, 4)
-1.7897e+02 -1.7028e+02 -1.2941e+02 -4.2822e+02
-1.7891e+02 -1.6956e+02 -1.1967e+02 -4.0865e+02
-1.7888e+02 -1.6920e+02 -1.1477e+02 -5.4905e+02
-1.7957e+02 -1.7588e+02 -1.5238e+02 -7.1205e+02
# New trial
-1.7887e+02 -1.6967e+02 -1.3980e+02 -5.1007e+02
-1.7881e+02 -1.6881e+02 -1.1913e+02 -2.8476e+02
-1.7881e+02 -1.6864e+02 -1.0759e+02 -2.8634e+02
-1.7950e+02 -1.7523e+02 -1.4421e+02 -4.7809e+02
# New trial
-1.7893e+02 -1.7028e+02 -1.4199e+02 -5.2364e+02
-1.7878e+02 -1.6856e+02 -1.1861e+02 -3.8788e+02
-1.7850e+02 -1.6554e+02 -1.0371e+02 -5.1130e+02
-1.7915e+02 -1.7173e+02 -1.2920e+02 -6.6672e+02
# New trial
-1.7866e+02 -1.6779e+02 -1.3285e+02 -5.4404e+02
-1.7851e+02 -1.6620e+02 -1.1875e+02 -4.9363e+02
-1.7867e+02 -1.6730e+02 -1.1364e+02 -5.0696e+02
-1.7956e+02 -1.7576e+02 -1.5267e+02 -7.4907e+02
# New trial
-1.7923e+02 -1.7276e+02 -1.3953e+02 -4.1813e+02
-1.7900e+02 -1.7047e+02 -1.1992e+02 -3.4024e+02
-1.7868e+02 -1.6714e+02 -9.8967e+01 -3.2276e+02
-1.7902e+02 -1.7043e+02 -1.1195e+02 -3.2361e+02
# New trial
-1.7900e+02 -1.7082e+02 -1.3746e+02 -4.6882e+02
-1.7885e+02 -1.6906e+02 -1.0999e+02 -2.5771e+02
-1.7858e+02 -1.6615e+02 -8.5226e+01 -3.2651e+02
-1.7917e+02 -1.7186e+02 -1.1315e+02 -2.5487e+02
# New trial
-1.7896e+02 -1.7030e+02 -1.3484e+02 -4.3522e+02
-1.7889e+02 -1.6949e+02 -1.2185e+02 -3.2653e+02
-1.7903e+02 -1.7067e+02 -1.2008e+02 -3.8575e+02
-1.7961e+02 -1.7625e+02 -1.4786e+02 -3.8241e+02
# New trial
-1.7886e+02 -1.6943e+02 -1.2703e+02 -3.6405e+02
-1.7888e+02 -1.6934e+02 -1.1661e+02 -3.0880e+02
-1.7880e+02 -1.6837e+02 -1.0531e+02 -3.6983e+02
-1.7934e+02 -1.7354e+02 -1.3218e+02 -4.2976e+02
# New trial
-1.7894e+02 -1.7038e+02 -1.4112e+02 -5.8255e+02
-1.7876e+02 -1.6833e+02 -1.1905e+02 -4.8447e+02
-1.7835e+02 -1.6410e+02 -1.0716e+02 -5.9212e+02
-1.7906e+02 -1.7086e+02 -1.2346e+02 -5.4884e+02
# New trial
-1.7901e+02 -1.7090e+02 -1.4545e+02 -5.5147e+02
-1.7896e+02 -1.7022e+02 -1.3211e+02 -4.8741e+02
-1.7895e+02 -1.6999e+02 -1.2437e+02 -5.0795e+02
-1.7960e+02 -1.7614e+02 -1.4920e+02 -3.6868e+02
# New trial
-1.7859e+02 -1.6690e+02 -1.1913e+02 -3.3796e+02
-1.7854e+02 -1.6638e+02 -1.1195e+02 -3.1871e+02
-1.7869e+02 -1.6763e+02 -1.3023e+02 -7.2656e+02
-1.7962e+02 -1.7635e+02 -1.5220e+02 -5.3363e+02
# New trial
-1.7935e+02 -1.7366e+02 -1.2725e+02 -1.2036e+02
-1.7938e+02 -1.7394e+02 -1.2763e+02 -1.1353e+02
-1.7937e+02 -1.7384e+02 -1.2580e+02 -1.5353e+02
-1.7962e+02 -1.7628e+02 -1.4496e+02 -2.7934e+02
# New trial
-1.7902e+02 -1.7070e+02 -1.3450e+02 -4.6545e+02
-1.7887e+02 -1.6919e+02 -1.1494e+02 -3.8269e+02
-1.7849e+02 -1.6529e+02 -9.9684e+01 -5.2656e+02
-1.7898e+02 -1.7000e+02 -1.0661e+02 -3.6318e+02
# New trial
-1.7934e+02 -1.7362e+02 -1.3065e+02 -1.9499e+02
-1.7922e+02 -1.7243e+02 -1.1860e+02 -1.3567e+02
-1.7902e+02 -1.7041e+02 -1.0319e+02 -1.4736e+02
-1.7925e+02 -1.7262e+02 -1.1657e+02 -1.9739e+02
# New trial
-1.7922e+02 -1.7251e+02 -1.2944e+02 -3.1622e+02
-1.7922e+02 -1.7242e+02 -1.1959e+02 -2.5703e+02
-1.7910e+02 -1.7117e+02 -1.0796e+02 -3.1562e+02
-1.7936e+02 -1.7377e+02 -1.2965e+02 -5.1054e+02
# New trial
-1.7886e+02 -1.6940e+02 -1.2800e+02 -3.7624e+02
-1.7875e+02 -1.6836e+02 -1.1923e+02 -3.0563e+02
-1.7875e+02 -1.6813e+02 -1.2177e+02 -4.8417e+02
-1.7954e+02 -1.7558e+02 -1.4831e+02 -6.5275e+02
# New trial
-1.7882e+02 -1.6895e+02 -1.1594e+02 -2.4500e+02
-1.7877e+02 -1.6840e+02 -1.1258e+02 -2.6391e+02
-1.7880e+02 -1.6845e+02 -1.1056e+02 -3.9679e+02
-1.7943e+02 -1.7452e+02 -1.3645e+02 -4.3591e+02
# New trial
-1.7885e+02 -1.7016e+02 -1.6909e+02 -8.3010e+02
-1.7875e+02 -1.6863e+02 -1.4305e+02 -6.2357e+02
-1.7873e+02 -1.6810e+02 -1.3199e+02 -6.9679e+02
-1.7952e+02 -1.7539e+02 -1.5381e+02 -7.5426e+02
# New trial
-1.7927e+02 -1.7310e+02 -1.3806e+02 -3.5953e+02
-1.7918e+02 -1.7207e+02 -1.2498e+02 -2.5038e+02
-1.7913e+02 -1.7160e+02 -1.2701e+02 -4.1761e+02
-1.7957e+02 -1.7590e+02 -1.5898e+02 -6.4372e+02
# New trial
-1.7913e+02 -1.7166e+02 -1.2583e+02 -3.1530e+02
-1.7910e+02 -1.7133e+02 -1.2398e+02 -2.8315e+02
-1.7906e+02 -1.7092e+02 -1.3108e+02 -4.8561e+02
-1.7953e+02 -1.7549e+02 -1.5023e+02 -4.8138e+02
# New trial
-1.7849e+02 -1.6581e+02 -1.0487e+02 -2.4981e+02
-1.7838e+02 -1.6510e+02 -1.0601e+02 -2.0489e+02
-1.7871e+02 -1.6796e+02 -1.1756e+02 -3.8891e+02
-1.7965e+02 -1.7666e+02 -1.5209e+02 -3.6294e+02
# New trial
-1.7906e+02 -1.7132e+02 -1.4806e+02 -5.6371e+02
-1.7902e+02 -1.7076e+02 -1.2722e+02 -3.2749e+02
-1.7892e+02 -1.6964e+02 -1.1005e+02 -3.2140e+02
-1.7950e+02 -1.7520e+02 -1.3771e+02 -2.2566e+02
# New trial
-1.7946e+02 -1.7497e+02 -1.6024e+02 -4.7017e+02
-1.7939e+02 -1.7419e+02 -1.4207e+02 -2.9995e+02
-1.7924e+02 -1.7260e+02 -1.2412e+02 -2.9329e+02
-1.7934e+02 -1.7357e+02 -1.2924e+02 -4.1380e+02
# New trial
-1.7828e+02 -1.6471e+02 -1.3125e+02 -5.5244e+02
-1.7823e+02 -1.6413e+02 -1.2480e+02 -4.4870e+02
-1.7870e+02 -1.6822e+02 -1.4194e+02 -6.6397e+02
-1.7968e+02 -1.7712e+02 -1.6649e+02 -7.2224e+02
# New trial
-1.7919e+02 -1.7223e+02 -1.2381e+02 -2.1851e+02
-1.7904e+02 -1.7077e+02 -1.1573e+02 -2.0007e+02
-1.7884e+02 -1.6879e+02 -1.0554e+02 -3.6659e+02
-1.7948e+02 -1.7497e+02 -1.3482e+02 -2.0669e+02
# New trial
-1.7916e+02 -1.7214e+02 -1.4332e+02 -4.7163e+02
-1.7917e+02 -1.7206e+02 -1.2804e+02 -2.7683e+02
-1.7914e+02 -1.7165e+02 -1.1822e+02 -3.8581e+02
-1.7957e+02 -1.7581e+02 -1.4478e+02 -4.2667e+02
# New trial
-1.7928e+02 -1.7320e+02 -1.4342e+02 -4.0645e+02
-1.7912e+02 -1.7158e+02 -1.2790e+02 -3.5255e+02
-1.7886e+02 -1.6896e+02 -1.0685e+02 -4.2016e+02
-1.7916e+02 -1.7178e+02 -1.1636e+02 -3.1440e+02
# New trial
-1.7923e+02 -1.7272e+02 -1.3871e+02 -3.7647e+02
-1.7903e+02 -1.7067e+02 -1.1732e+02 -2.3556e+02
-1.7868e+02 -1.6717e+02 -9.8053e+01 -3.1000e+02
-1.7915e+02 -1.7172e+02 -1.2477e+02 -5.2790e+02
# New trial
-1.7930e+02 -1.7358e+02 -1.5521e+02 -5.2198e+02
-1.7929e+02 -1.7320e+02 -1.3094e+02 -2.7462e+02
-1.7926e+02 -1.7277e+02 -1.2047e+02 -2.6960e+02
-1.7959e+02 -1.7598e+02 -1.4587e+02 -3.0157e+02
# New trial
-1.7906e+02 -1.7134e+02 -1.6159e+02 -7.9539e+02
-1.7898e+02 -1.7033e+02 -1.2715e+02 -4.6563e+02
-1.7893e+02 -1.6963e+02 -1.1527e+02 -4.7795e+02
-1.7952e+02 -1.7538e+02 -1.4024e+02 -3.1992e+02
# New trial
