# 0.1sig - Array shape (trial/sig/alpha): (30, 4, 4)
-1.6979e+02 -1.6221e+02 -1.5893e+02 -8.8782e+02
-1.6967e+02 -1.6067e+02 -1.2130e+02 -3.2218e+02
-1.6945e+02 -1.5831e+02 -1.1616e+02 -5.6608e+02
-1.7013e+02 -1.6465e+02 -1.3711e+02 -6.9006e+02
# New trial
-1.6999e+02 -1.6340e+02 -1.2805e+02 -2.6465e+02
-1.6985e+02 -1.6198e+02 -1.0964e+02 -1.7425e+02
-1.6958e+02 -1.5919e+02 -8.2901e+01 -1.5824e+02
-1.6981e+02 -1.6135e+02 -9.6063e+01 -8.6459e+01
# New trial
-1.7008e+02 -1.6433e+02 -1.4215e+02 -4.5264e+02
-1.6982e+02 -1.6163e+02 -1.1203e+02 -3.1479e+02
-1.6927e+02 -1.5609e+02 -8.0095e+01 -3.3767e+02
-1.6935e+02 -1.5681e+02 -1.0107e+02 -4.9954e+02
# New trial
-1.7002e+02 -1.6360e+02 -1.3377e+02 -5.5471e+02
-1.6984e+02 -1.6173e+02 -1.0796e+02 -3.5227e+02
-1.6942e+02 -1.5752e+02 -7.4143e+01 -2.2952e+02
-1.6953e+02 -1.5848e+02 -8.2117e+01 -1.1096e+02
# New trial
-1.7025e+02 -1.6614e+02 -1.6830e+02 -7.7417e+02
-1.7009e+02 -1.6432e+02 -1.2528e+02 -1.8287e+02
-1.6984e+02 -1.6178e+02 -1.0344e+02 -2.4225e+02
-1.7008e+02 -1.6402e+02 -1.1634e+02 -3.1127e+02
# New trial
-1.7029e+02 -1.6624e+02 -1.4363e+02 -3.3033e+02
-1.7014e+02 -1.6475e+02 -1.2592e+02 -1.8559e+02
-1.6993e+02 -1.6263e+02 -1.0754e+02 -2.2617e+02
-1.7023e+02 -1.6557e+02 -1.3142e+02 -4.9872e+02
# New trial
-1.7002e+02 -1.6368e+02 -1.2546e+02 -2.4386e+02
-1.6994e+02 -1.6280e+02 -1.1353e+02 -1.8748e+02
-1.6970e+02 -1.6030e+02 -9.4260e+01 -2.4071e+02
-1.6994e+02 -1.6266e+02 -1.0598e+02 -2.7414e+02
# New trial
-1.7004e+02 -1.6422e+02 -1.7152e+02 -9.4150e+02
-1.6994e+02 -1.6289e+02 -1.2562e+02 -3.0231e+02
-1.6976e+02 -1.6098e+02 -1.0548e+02 -4.2876e+02
-1.7023e+02 -1.6549e+02 -1.3752e+02 -6.5903e+02
# New trial
-1.6978e+02 -1.6185e+02 -1.3492e+02 -4.5798e+02
-1.6961e+02 -1.6003e+02 -1.1341e+02 -2.9076e+02
-1.6937e+02 -1.5729e+02 -9.0644e+01 -3.3399e+02
-1.7010e+02 -1.6428e+02 -1.2261e+02 -3.7413e+02
# New trial
-1.7001e+02 -1.6365e+02 -1.3269e+02 -3.6474e+02
-1.6987e+02 -1.6213e+02 -1.1399e+02 -2.7160e+02
-1.6957e+02 -1.5904e+02 -9.1689e+01 -2.9230e+02
-1.6984e+02 -1.6170e+02 -1.1929e+02 -6.0774e+02
# New trial
-1.7025e+02 -1.6598e+02 -1.4549e+02 -3.5776e+02
-1.7003e+02 -1.6378e+02 -1.2488e+02 -3.1636e+02
-1.6945e+02 -1.5785e+02 -7.7224e+01 -1.7319e+02
-1.6955e+02 -1.5873e+02 -8.3597e+01 -1.3477e+02
# New trial
-1.6992e+02 -1.6296e+02 -1.5313e+02 -8.3615e+02
-1.6972e+02 -1.6089e+02 -1.2035e+02 -3.5077e+02
-1.6953e+02 -1.5875e+02 -9.2861e+01 -2.6099e+02
-1.7013e+02 -1.6452e+02 -1.2565e+02 -6.1064e+02
# New trial
-1.7007e+02 -1.6446e+02 -1.6354e+02 -7.9176e+02
-1.6999e+02 -1.6335e+02 -1.2375e+02 -3.4089e+02
-1.6975e+02 -1.6085e+02 -1.0127e+02 -4.1267e+02
-1.7016e+02 -1.6487e+02 -1.2162e+02 -3.1302e+02
# New trial
-1.7030e+02 -1.6654e+02 -1.5938e+02 -4.9832e+02
-1.7011e+02 -1.6435e+02 -1.1850e+02 -2.1528e+02
-1.6977e+02 -1.6097e+02 -9.1317e+01 -2.8434e+02
-1.6973e+02 -1.6056e+02 -1.0658e+02 -5.1187e+02
# New trial
-1.6988e+02 -1.6314e+02 -1.5982e+02 -6.9982e+02
-1.6954e+02 -1.5940e+02 -1.1592e+02 -4.0320e+02
-1.6916e+02 -1.5529e+02 -9.3111e+01 -4.0229e+02
-1.6988e+02 -1.6210e+02 -1.2326e+02 -6.8915e+02
# New trial
-1.6985e+02 -1.6285e+02 -1.8697e+02 -1.1379e+03
-1.6954e+02 -1.5928e+02 -1.2204e+02 -5.6312e+02
-1.6904e+02 -1.5428e+02 -1.1187e+02 -7.2266e+02
-1.6964e+02 -1.5982e+02 -1.0520e+02 -5.1579e+02
# New trial
-1.7003e+02 -1.6412e+02 -1.4951e+02 -5.3606e+02
-1.6985e+02 -1.6212e+02 -1.2192e+02 -3.6709e+02
-1.6950e+02 -1.5845e+02 -9.1856e+01 -3.2073e+02
-1.6977e+02 -1.6098e+02 -9.9079e+01 -2.3898e+02
# New trial
-1.7025e+02 -1.6580e+02 -1.4358e+02 -4.4190e+02
-1.7008e+02 -1.6408e+02 -1.1939e+02 -2.3139e+02
-1.6968e+02 -1.6001e+02 -8.6568e+01 -2.3388e+02
-1.6964e+02 -1.5966e+02 -9.2584e+01 -3.3163e+02
# New trial
-1.7024e+02 -1.6575e+02 -1.3799e+02 -2.8374e+02
-1.7009e+02 -1.6424e+02 -1.2438e+02 -2.1475e+02
-1.6984e+02 -1.6168e+02 -1.0498e+02 -2.4960e+02
-1.7008e+02 -1.6409e+02 -1.2388e+02 -3.9892e+02
# New trial
-1.7018e+02 -1.6557e+02 -1.7509e+02 -8.3572e+02
-1.6993e+02 -1.6283e+02 -1.1899e+02 -2.6774e+02
-1.6942e+02 -1.5766e+02 -8.1290e+01 -2.7135e+02
-1.6978e+02 -1.6105e+02 -9.4948e+01 -2.6023e+02
# New trial
-1.7004e+02 -1.6418e+02 -1.5747e+02 -6.8814e+02
-1.6988e+02 -1.6233e+02 -1.1880e+02 -3.0658e+02
-1.6966e+02 -1.5997e+02 -9.8760e+01 -3.4090e+02
-1.7006e+02 -1.6385e+02 -1.1351e+02 -2.7371e+02
# New trial
-1.7019e+02 -1.6544e+02 -1.5203e+02 -6.4236e+02
-1.7004e+02 -1.6384e+02 -1.2775e+02 -2.9427e+02
-1.6979e+02 -1.6129e+02 -1.0801e+02 -3.9886e+02
-1.7013e+02 -1.6453e+02 -1.2447e+02 -5.1303e+02
# New trial
-1.7010e+02 -1.6442e+02 -1.3302e+02 -3.1770e+02
-1.6996e+02 -1.6297e+02 -1.1745e+02 -2.5584e+02
-1.6967e+02 -1.6008e+02 -9.6065e+01 -2.7003e+02
-1.6990e+02 -1.6228e+02 -1.0845e+02 -2.9696e+02
# New trial
-1.7000e+02 -1.6345e+02 -1.2409e+02 -2.5173e+02
-1.6993e+02 -1.6263e+02 -1.0661e+02 -1.7729e+02
-1.6981e+02 -1.6130e+02 -9.6611e+01 -2.8286e+02
-1.7014e+02 -1.6461e+02 -1.2684e+02 -4.9976e+02
# New trial
-1.7021e+02 -1.6551e+02 -1.4290e+02 -5.1391e+02
-1.7020e+02 -1.6528e+02 -1.3029e+02 -1.8504e+02
-1.7006e+02 -1.6384e+02 -1.1186e+02 -1.8413e+02
-1.7025e+02 -1.6568e+02 -1.2520e+02 -1.7419e+02
# New trial
-1.7004e+02 -1.6429e+02 -1.6617e+02 -8.2353e+02
-1.6979e+02 -1.6137e+02 -1.0749e+02 -2.6821e+02
-1.6946e+02 -1.5793e+02 -8.4963e+01 -2.3532e+02
-1.6970e+02 -1.6029e+02 -1.1017e+02 -4.1266e+02
# New trial
-1.7014e+02 -1.6474e+02 -1.3757e+02 -4.1773e+02
-1.7017e+02 -1.6501e+02 -1.2820e+02 -2.6278e+02
-1.7017e+02 -1.6499e+02 -1.2640e+02 -3.8359e+02
-1.7046e+02 -1.6780e+02 -1.4504e+02 -3.5474e+02
# New trial
-1.7019e+02 -1.6586e+02 -1.7522e+02 -8.3998e+02
-1.6990e+02 -1.6259e+02 -1.2659e+02 -4.2839e+02
-1.6937e+02 -1.5716e+02 -9.3753e+01 -3.5696e+02
-1.6965e+02 -1.5988e+02 -1.0900e+02 -4.0018e+02
# New trial
-1.7009e+02 -1.6425e+02 -1.3690e+02 -4.6070e+02
-1.6992e+02 -1.6252e+02 -1.1166e+02 -3.0797e+02
-1.6951e+02 -1.5834e+02 -7.3723e+01 -2.1674e+02
-1.6963e+02 -1.5950e+02 -8.4423e+01 -2.1364e+02
# New trial
-1.7013e+02 -1.6467e+02 -1.3390e+02 -3.4709e+02
-1.7012e+02 -1.6446e+02 -1.2195e+02 -1.9287e+02
-1.7018e+02 -1.6500e+02 -1.2041e+02 -1.9619e+02
-1.7044e+02 -1.6754e+02 -1.4052e+02 -2.7020e+02
# New trial
