# 0.1sig - Array shape (trial/sig/alpha): (30L, 4L, 4L)
-1.0599e+02 -1.0463e+02 -9.6709e+01 -1.1578e+02
-1.0598e+02 -1.0450e+02 -9.5174e+01 -8.8627e+01
-1.0594e+02 -1.0415e+02 -9.6210e+01 -1.4192e+02
-1.0606e+02 -1.0529e+02 -1.0185e+02 -1.8536e+02
# New trial
-1.0606e+02 -1.0531e+02 -9.9466e+01 -8.9958e+01
-1.0604e+02 -1.0505e+02 -9.7500e+01 -8.7760e+01
-1.0595e+02 -1.0416e+02 -9.1065e+01 -8.7688e+01
-1.0595e+02 -1.0417e+02 -9.0880e+01 -8.7692e+01
# New trial
-1.0605e+02 -1.0519e+02 -9.9011e+01 -1.0078e+02
-1.0601e+02 -1.0478e+02 -9.5367e+01 -8.8214e+01
-1.0594e+02 -1.0409e+02 -9.3450e+01 -1.0479e+02
-1.0599e+02 -1.0457e+02 -9.7459e+01 -1.5842e+02
# New trial
-1.0604e+02 -1.0505e+02 -9.9073e+01 -1.4017e+02
-1.0601e+02 -1.0482e+02 -9.5565e+01 -8.7958e+01
-1.0594e+02 -1.0412e+02 -9.2279e+01 -9.8511e+01
-1.0596e+02 -1.0426e+02 -9.3906e+01 -1.1931e+02
# New trial
-1.0608e+02 -1.0548e+02 -1.0210e+02 -1.4989e+02
-1.0605e+02 -1.0518e+02 -9.7832e+01 -8.8005e+01
-1.0599e+02 -1.0462e+02 -9.3754e+01 -9.1818e+01
-1.0604e+02 -1.0510e+02 -9.7020e+01 -1.1597e+02
# New trial
-1.0610e+02 -1.0563e+02 -1.0189e+02 -1.0478e+02
-1.0607e+02 -1.0535e+02 -9.9289e+01 -8.7852e+01
-1.0603e+02 -1.0499e+02 -9.6569e+01 -1.0563e+02
-1.0608e+02 -1.0548e+02 -9.9862e+01 -1.0086e+02
# New trial
-1.0606e+02 -1.0530e+02 -9.8713e+01 -8.7793e+01
-1.0604e+02 -1.0504e+02 -9.6563e+01 -8.7698e+01
-1.0598e+02 -1.0445e+02 -9.3145e+01 -9.1039e+01
-1.0601e+02 -1.0477e+02 -9.6151e+01 -1.3230e+02
# New trial
-1.0602e+02 -1.0492e+02 -9.7836e+01 -1.1243e+02
-1.0601e+02 -1.0478e+02 -9.6415e+01 -8.9329e+01
-1.0601e+02 -1.0479e+02 -9.6357e+01 -1.0765e+02
-1.0609e+02 -1.0561e+02 -1.0148e+02 -1.2571e+02
# New trial
-1.0601e+02 -1.0478e+02 -9.7083e+01 -9.0760e+01
-1.0596e+02 -1.0438e+02 -9.5143e+01 -8.9020e+01
-1.0593e+02 -1.0402e+02 -9.5495e+01 -1.2323e+02
-1.0606e+02 -1.0527e+02 -1.0376e+02 -2.2455e+02
# New trial
-1.0605e+02 -1.0517e+02 -9.7788e+01 -8.8120e+01
-1.0602e+02 -1.0484e+02 -9.5410e+01 -8.7796e+01
-1.0593e+02 -1.0399e+02 -9.1412e+01 -9.1342e+01
-1.0596e+02 -1.0431e+02 -9.3285e+01 -1.1668e+02
# New trial
-1.0607e+02 -1.0534e+02 -9.9082e+01 -9.0359e+01
-1.0603e+02 -1.0500e+02 -9.6435e+01 -8.7703e+01
-1.0595e+02 -1.0416e+02 -9.2269e+01 -8.8685e+01
-1.0598e+02 -1.0447e+02 -9.5490e+01 -1.4374e+02
# New trial
-1.0602e+02 -1.0489e+02 -9.7127e+01 -9.3179e+01
-1.0601e+02 -1.0484e+02 -9.7221e+01 -8.9440e+01
-1.0600e+02 -1.0476e+02 -9.9383e+01 -1.6532e+02
-1.0610e+02 -1.0570e+02 -1.0398e+02 -1.8989e+02
# New trial
-1.0604e+02 -1.0509e+02 -9.7450e+01 -9.2756e+01
-1.0602e+02 -1.0486e+02 -9.5353e+01 -8.7799e+01
-1.0596e+02 -1.0426e+02 -9.2100e+01 -9.5835e+01
-1.0605e+02 -1.0513e+02 -9.6844e+01 -9.9050e+01
# New trial
-1.0608e+02 -1.0553e+02 -1.0121e+02 -9.9997e+01
-1.0605e+02 -1.0522e+02 -9.7530e+01 -8.7708e+01
-1.0600e+02 -1.0468e+02 -9.3162e+01 -8.7687e+01
-1.0599e+02 -1.0459e+02 -9.3938e+01 -8.7687e+01
# New trial
-1.0604e+02 -1.0516e+02 -1.0241e+02 -1.4861e+02
-1.0598e+02 -1.0455e+02 -9.5388e+01 -8.7865e+01
-1.0589e+02 -1.0362e+02 -9.1543e+01 -9.8996e+01
-1.0603e+02 -1.0499e+02 -1.0220e+02 -2.1778e+02
# New trial
-1.0602e+02 -1.0495e+02 -1.0159e+02 -1.5030e+02
-1.0597e+02 -1.0441e+02 -9.4882e+01 -8.7797e+01
-1.0583e+02 -1.0311e+02 -9.2514e+01 -1.0457e+02
-1.0588e+02 -1.0352e+02 -9.2039e+01 -1.1171e+02
# New trial
-1.0606e+02 -1.0523e+02 -9.8048e+01 -8.8021e+01
-1.0602e+02 -1.0487e+02 -9.5166e+01 -8.7688e+01
-1.0594e+02 -1.0406e+02 -9.1325e+01 -8.7857e+01
-1.0597e+02 -1.0440e+02 -9.3319e+01 -8.7688e+01
# New trial
-1.0608e+02 -1.0546e+02 -9.9952e+01 -9.6588e+01
-1.0605e+02 -1.0513e+02 -9.6900e+01 -8.7710e+01
-1.0598e+02 -1.0452e+02 -9.2040e+01 -8.7687e+01
-1.0601e+02 -1.0482e+02 -9.4079e+01 -8.7687e+01
# New trial
-1.0607e+02 -1.0535e+02 -9.8810e+01 -9.1502e+01
-1.0604e+02 -1.0511e+02 -9.7140e+01 -8.8302e+01
-1.0600e+02 -1.0469e+02 -9.4552e+01 -9.1045e+01
-1.0604e+02 -1.0512e+02 -9.7575e+01 -1.2602e+02
# New trial
-1.0607e+02 -1.0539e+02 -1.0295e+02 -1.6768e+02
-1.0603e+02 -1.0503e+02 -9.7927e+01 -8.8897e+01
-1.0597e+02 -1.0442e+02 -9.6027e+01 -1.2310e+02
-1.0603e+02 -1.0494e+02 -9.8618e+01 -1.6490e+02
# New trial
-1.0603e+02 -1.0501e+02 -9.8503e+01 -1.1690e+02
-1.0600e+02 -1.0473e+02 -9.5102e+01 -8.7716e+01
-1.0596e+02 -1.0433e+02 -9.3663e+01 -1.0238e+02
-1.0604e+02 -1.0505e+02 -9.6961e+01 -1.1050e+02
# New trial
-1.0605e+02 -1.0523e+02 -1.0045e+02 -1.4348e+02
-1.0603e+02 -1.0494e+02 -9.6684e+01 -9.0966e+01
-1.0596e+02 -1.0431e+02 -9.3814e+01 -1.0977e+02
-1.0602e+02 -1.0488e+02 -9.5662e+01 -1.0531e+02
# New trial
-1.0605e+02 -1.0517e+02 -9.7434e+01 -8.8135e+01
-1.0602e+02 -1.0489e+02 -9.5486e+01 -8.7928e+01
-1.0596e+02 -1.0430e+02 -9.3618e+01 -1.0436e+02
-1.0601e+02 -1.0479e+02 -9.8940e+01 -1.6490e+02
# New trial
-1.0606e+02 -1.0529e+02 -9.8585e+01 -8.9815e+01
-1.0604e+02 -1.0510e+02 -9.7018e+01 -8.8345e+01
-1.0602e+02 -1.0484e+02 -9.5906e+01 -1.1757e+02
-1.0605e+02 -1.0521e+02 -9.8752e+01 -1.3687e+02
# New trial
-1.0610e+02 -1.0564e+02 -1.0212e+02 -1.3439e+02
-1.0608e+02 -1.0551e+02 -1.0066e+02 -9.0640e+01
-1.0604e+02 -1.0511e+02 -9.6665e+01 -8.9304e+01
-1.0604e+02 -1.0506e+02 -9.6484e+01 -9.2368e+01
# New trial
-1.0606e+02 -1.0527e+02 -1.0285e+02 -1.5085e+02
-1.0601e+02 -1.0478e+02 -9.4836e+01 -8.8409e+01
-1.0594e+02 -1.0404e+02 -9.1385e+01 -9.2052e+01
-1.0598e+02 -1.0451e+02 -9.4304e+01 -1.1158e+02
# New trial
-1.0606e+02 -1.0531e+02 -9.9106e+01 -9.6894e+01
-1.0606e+02 -1.0527e+02 -9.8950e+01 -9.3433e+01
-1.0604e+02 -1.0512e+02 -9.8512e+01 -1.2498e+02
-1.0610e+02 -1.0564e+02 -1.0208e+02 -1.3961e+02
# New trial
-1.0603e+02 -1.0501e+02 -9.8227e+01 -1.0067e+02
-1.0600e+02 -1.0473e+02 -9.5211e+01 -8.8169e+01
-1.0594e+02 -1.0408e+02 -9.4653e+01 -1.2163e+02
-1.0600e+02 -1.0467e+02 -9.7920e+01 -1.7254e+02
# New trial
-1.0606e+02 -1.0527e+02 -9.8889e+01 -9.3771e+01
-1.0603e+02 -1.0495e+02 -9.5954e+01 -8.8219e+01
-1.0594e+02 -1.0414e+02 -9.1694e+01 -8.8119e+01
-1.0597e+02 -1.0439e+02 -9.2889e+01 -1.0446e+02
# New trial
-1.0608e+02 -1.0544e+02 -9.9629e+01 -9.5212e+01
-1.0607e+02 -1.0535e+02 -9.8939e+01 -9.3178e+01
-1.0606e+02 -1.0532e+02 -9.8696e+01 -1.0422e+02
-1.0612e+02 -1.0584e+02 -1.0318e+02 -1.0911e+02
# New trial
