# 0.1sig - Array shape (trial/sig/alpha): (30L, 4L, 4L)
-8.2960e+01 -8.2012e+01 -8.0312e+01 -1.4260e+02
-8.2918e+01 -8.1598e+01 -7.3961e+01 -6.9229e+01
-8.2857e+01 -8.0999e+01 -7.1953e+01 -7.7693e+01
-8.3008e+01 -8.2443e+01 -7.8218e+01 -1.1123e+02
# New trial
-8.2986e+01 -8.2235e+01 -7.7018e+01 -7.3479e+01
-8.2958e+01 -8.1965e+01 -7.4967e+01 -6.9416e+01
-8.2925e+01 -8.1632e+01 -7.2471e+01 -6.9227e+01
-8.3003e+01 -8.2381e+01 -7.6913e+01 -8.0758e+01
# New trial
-8.2980e+01 -8.2179e+01 -7.7648e+01 -9.8035e+01
-8.2941e+01 -8.1784e+01 -7.3267e+01 -6.9393e+01
-8.2890e+01 -8.1265e+01 -7.1435e+01 -7.1543e+01
-8.2944e+01 -8.1796e+01 -7.5015e+01 -1.0220e+02
# New trial
-8.2968e+01 -8.2056e+01 -7.8131e+01 -1.1839e+02
-8.2952e+01 -8.1887e+01 -7.3995e+01 -6.9699e+01
-8.2915e+01 -8.1510e+01 -7.1791e+01 -6.9228e+01
-8.2961e+01 -8.1969e+01 -7.4923e+01 -6.9513e+01
# New trial
-8.3009e+01 -8.2466e+01 -7.9940e+01 -1.2120e+02
-8.2992e+01 -8.2293e+01 -7.6886e+01 -6.9655e+01
-8.2974e+01 -8.2107e+01 -7.5706e+01 -9.0453e+01
-8.3037e+01 -8.2726e+01 -8.0725e+01 -1.4737e+02
# New trial
-8.3024e+01 -8.2606e+01 -7.9693e+01 -9.5563e+01
-8.3004e+01 -8.2407e+01 -7.7751e+01 -7.0904e+01
-8.2991e+01 -8.2270e+01 -7.6660e+01 -9.0702e+01
-8.3041e+01 -8.2768e+01 -8.0600e+01 -1.2400e+02
# New trial
-8.2989e+01 -8.2256e+01 -7.6373e+01 -6.9304e+01
-8.2966e+01 -8.2022e+01 -7.4507e+01 -6.9227e+01
-8.2922e+01 -8.1582e+01 -7.1741e+01 -6.9227e+01
-8.2989e+01 -8.2241e+01 -7.5786e+01 -7.9853e+01
# New trial
-8.2957e+01 -8.1958e+01 -7.8466e+01 -1.1827e+02
-8.2962e+01 -8.1999e+01 -7.5967e+01 -7.1792e+01
-8.2968e+01 -8.2044e+01 -7.6840e+01 -1.2033e+02
-8.3025e+01 -8.2607e+01 -7.9307e+01 -1.2051e+02
# New trial
-8.2943e+01 -8.1834e+01 -7.5155e+01 -6.9320e+01
-8.2908e+01 -8.1512e+01 -7.3768e+01 -6.9447e+01
-8.2858e+01 -8.1007e+01 -7.2687e+01 -8.3490e+01
-8.2992e+01 -8.2285e+01 -7.8339e+01 -1.3450e+02
# New trial
-8.2970e+01 -8.2062e+01 -7.5199e+01 -6.9671e+01
-8.2943e+01 -8.1799e+01 -7.3776e+01 -6.9339e+01
-8.2913e+01 -8.1505e+01 -7.2107e+01 -7.0299e+01
-8.3006e+01 -8.2414e+01 -7.6873e+01 -7.0200e+01
# New trial
-8.3011e+01 -8.2471e+01 -7.8447e+01 -8.2091e+01
-8.2975e+01 -8.2116e+01 -7.5637e+01 -6.9424e+01
-8.2905e+01 -8.1432e+01 -7.2654e+01 -7.8222e+01
-8.2944e+01 -8.1802e+01 -7.5314e+01 -1.0924e+02
# New trial
-8.2983e+01 -8.2208e+01 -7.7616e+01 -9.1851e+01
-8.2958e+01 -8.1966e+01 -7.5661e+01 -6.9271e+01
-8.2951e+01 -8.1897e+01 -7.5136e+01 -8.0810e+01
-8.3040e+01 -8.2766e+01 -8.1179e+01 -1.3130e+02
# New trial
-8.2952e+01 -8.1910e+01 -7.7680e+01 -1.0480e+02
-8.2965e+01 -8.2024e+01 -7.5894e+01 -7.0295e+01
-8.2995e+01 -8.2315e+01 -8.0156e+01 -1.5955e+02
-8.3061e+01 -8.2972e+01 -8.5193e+01 -2.1476e+02
# New trial
-8.3014e+01 -8.2502e+01 -7.9323e+01 -9.5279e+01
-8.2989e+01 -8.2245e+01 -7.5875e+01 -6.9302e+01
-8.2946e+01 -8.1818e+01 -7.2673e+01 -6.9228e+01
-8.2954e+01 -8.1892e+01 -7.4223e+01 -6.9346e+01
# New trial
-8.2939e+01 -8.1834e+01 -7.7819e+01 -8.9449e+01
-8.2896e+01 -8.1397e+01 -7.3244e+01 -6.9227e+01
-8.2835e+01 -8.0768e+01 -7.1532e+01 -8.0358e+01
-8.2983e+01 -8.2191e+01 -7.5891e+01 -9.5226e+01
# New trial
-8.2931e+01 -8.1808e+01 -8.2440e+01 -1.5033e+02
-8.2910e+01 -8.1545e+01 -7.5292e+01 -6.9657e+01
-8.2929e+01 -8.1758e+01 -8.7714e+01 -2.3757e+02
-8.3039e+01 -8.2778e+01 -8.8489e+01 -2.4869e+02
# New trial
-8.2984e+01 -8.2203e+01 -7.6441e+01 -6.9482e+01
-8.2952e+01 -8.1893e+01 -7.4397e+01 -6.9266e+01
-8.2913e+01 -8.1513e+01 -7.2772e+01 -7.0091e+01
-8.2999e+01 -8.2345e+01 -7.6717e+01 -6.9785e+01
# New trial
-8.3009e+01 -8.2448e+01 -7.8042e+01 -7.6321e+01
-8.2978e+01 -8.2144e+01 -7.5535e+01 -7.0124e+01
-8.2926e+01 -8.1629e+01 -7.3194e+01 -8.8866e+01
-8.2950e+01 -8.1857e+01 -7.4666e+01 -1.0442e+02
# New trial
-8.3006e+01 -8.2416e+01 -7.7619e+01 -7.3816e+01
-8.2986e+01 -8.2220e+01 -7.6254e+01 -7.0654e+01
-8.2951e+01 -8.1871e+01 -7.3679e+01 -7.1700e+01
-8.2991e+01 -8.2264e+01 -7.6099e+01 -7.1147e+01
# New trial
-8.3002e+01 -8.2416e+01 -8.1918e+01 -1.4746e+02
-8.2956e+01 -8.1944e+01 -7.5108e+01 -6.9234e+01
-8.2861e+01 -8.0999e+01 -7.0076e+01 -6.9227e+01
-8.2960e+01 -8.1956e+01 -7.3490e+01 -7.5016e+01
# New trial
-8.2975e+01 -8.2144e+01 -7.8871e+01 -1.0834e+02
-8.2959e+01 -8.1965e+01 -7.5337e+01 -7.0192e+01
-8.2944e+01 -8.1819e+01 -7.4750e+01 -9.1610e+01
-8.3029e+01 -8.2642e+01 -7.9364e+01 -9.5721e+01
# New trial
-8.2994e+01 -8.2320e+01 -7.9457e+01 -1.3905e+02
-8.2972e+01 -8.2098e+01 -7.6176e+01 -6.9358e+01
-8.2958e+01 -8.1960e+01 -7.5497e+01 -9.4293e+01
-8.3037e+01 -8.2723e+01 -8.0133e+01 -9.4916e+01
# New trial
-8.2986e+01 -8.2223e+01 -7.6495e+01 -7.1450e+01
-8.2961e+01 -8.1979e+01 -7.4868e+01 -6.9802e+01
-8.2919e+01 -8.1560e+01 -7.3438e+01 -8.4503e+01
-8.2973e+01 -8.2091e+01 -7.6257e+01 -1.0278e+02
# New trial
-8.2990e+01 -8.2263e+01 -7.6842e+01 -7.0332e+01
-8.2963e+01 -8.1997e+01 -7.4833e+01 -6.9243e+01
-8.2908e+01 -8.1446e+01 -7.1462e+01 -6.9227e+01
-8.2974e+01 -8.2097e+01 -7.4433e+01 -7.4940e+01
# New trial
-8.3022e+01 -8.2579e+01 -7.9931e+01 -1.2362e+02
-8.3006e+01 -8.2420e+01 -7.7816e+01 -7.0410e+01
-8.2970e+01 -8.2060e+01 -7.4400e+01 -6.9339e+01
-8.3008e+01 -8.2429e+01 -7.7019e+01 -7.3884e+01
# New trial
-8.2962e+01 -8.2042e+01 -7.9360e+01 -1.0386e+02
-8.2944e+01 -8.1806e+01 -7.3558e+01 -6.9229e+01
-8.2940e+01 -8.1772e+01 -7.6512e+01 -1.2633e+02
-8.3025e+01 -8.2612e+01 -8.0644e+01 -1.5789e+02
# New trial
-8.2982e+01 -8.2177e+01 -7.5713e+01 -7.2564e+01
-8.2981e+01 -8.2171e+01 -7.5551e+01 -6.9253e+01
-8.2987e+01 -8.2225e+01 -7.5829e+01 -7.4917e+01
-8.3053e+01 -8.2884e+01 -8.1372e+01 -9.9802e+01
# New trial
-8.2966e+01 -8.2054e+01 -7.7927e+01 -9.3940e+01
-8.2936e+01 -8.1744e+01 -7.3621e+01 -6.9686e+01
-8.2875e+01 -8.1143e+01 -7.2975e+01 -9.3568e+01
-8.2971e+01 -8.2067e+01 -7.5225e+01 -7.1386e+01
# New trial
-8.2981e+01 -8.2178e+01 -7.6246e+01 -8.0723e+01
-8.2954e+01 -8.1910e+01 -7.3967e+01 -6.9243e+01
-8.2896e+01 -8.1327e+01 -7.0934e+01 -6.9228e+01
-8.2965e+01 -8.2009e+01 -7.3961e+01 -6.9227e+01
# New trial
-8.3009e+01 -8.2448e+01 -7.8360e+01 -8.5977e+01
-8.3003e+01 -8.2392e+01 -7.7577e+01 -7.7888e+01
-8.3008e+01 -8.2439e+01 -7.8156e+01 -1.0237e+02
-8.3054e+01 -8.2888e+01 -8.1410e+01 -1.0153e+02
# New trial
