# 0.1sig - Array shape (trial/sig/alpha): (30L, 4L, 4L)
-1.1006e+02 -1.0461e+02 -1.0423e+02 -5.4502e+02
-1.1007e+02 -1.0434e+02 -8.3411e+01 -2.4029e+02
-1.1009e+02 -1.0437e+02 -8.0300e+01 -3.3463e+02
-1.1054e+02 -1.0859e+02 -9.5273e+01 -2.4526e+02
# New trial
-1.1031e+02 -1.0655e+02 -9.2446e+01 -2.9417e+02
-1.1029e+02 -1.0627e+02 -8.4640e+01 -1.7668e+02
-1.1021e+02 -1.0538e+02 -7.5285e+01 -2.0892e+02
-1.1041e+02 -1.0732e+02 -9.0561e+01 -3.3513e+02
# New trial
-1.1037e+02 -1.0721e+02 -1.1432e+02 -5.5544e+02
-1.1021e+02 -1.0547e+02 -8.3891e+01 -2.7240e+02
-1.0992e+02 -1.0245e+02 -6.9927e+01 -3.2665e+02
-1.1012e+02 -1.0444e+02 -9.1209e+01 -4.6745e+02
# New trial
-1.1038e+02 -1.0732e+02 -1.2275e+02 -7.7352e+02
-1.1025e+02 -1.0581e+02 -8.3219e+01 -3.4960e+02
-1.1002e+02 -1.0339e+02 -6.2094e+01 -2.2232e+02
-1.1020e+02 -1.0514e+02 -7.2446e+01 -1.2534e+02
# New trial
-1.1040e+02 -1.0769e+02 -1.2254e+02 -6.4908e+02
-1.1031e+02 -1.0644e+02 -8.4136e+01 -1.5857e+02
-1.1023e+02 -1.0553e+02 -7.0774e+01 -1.7310e+02
-1.1048e+02 -1.0795e+02 -8.5538e+01 -1.0775e+02
# New trial
-1.1049e+02 -1.0820e+02 -1.0262e+02 -3.3967e+02
-1.1041e+02 -1.0736e+02 -8.9294e+01 -1.6456e+02
-1.1036e+02 -1.0676e+02 -7.9087e+01 -1.3656e+02
-1.1059e+02 -1.0899e+02 -9.4145e+01 -1.1261e+02
# New trial
-1.1036e+02 -1.0693e+02 -9.1292e+01 -2.3904e+02
-1.1028e+02 -1.0609e+02 -8.0764e+01 -1.8681e+02
-1.1014e+02 -1.0467e+02 -6.3582e+01 -1.1033e+02
-1.1040e+02 -1.0717e+02 -7.9380e+01 -7.7574e+01
# New trial
-1.1027e+02 -1.0649e+02 -1.2771e+02 -7.5225e+02
-1.1025e+02 -1.0589e+02 -9.0657e+01 -2.7308e+02
-1.1026e+02 -1.0581e+02 -8.2039e+01 -3.1296e+02
-1.1060e+02 -1.0918e+02 -1.0300e+02 -4.3176e+02
# New trial
-1.1016e+02 -1.0546e+02 -9.6766e+01 -3.7686e+02
-1.1004e+02 -1.0417e+02 -8.2065e+01 -2.7998e+02
-1.1002e+02 -1.0368e+02 -7.5276e+01 -3.2132e+02
-1.1055e+02 -1.0866e+02 -9.4032e+01 -2.4239e+02
# New trial
-1.1019e+02 -1.0534e+02 -8.5649e+01 -2.8962e+02
-1.1013e+02 -1.0470e+02 -7.5473e+01 -2.4572e+02
-1.1004e+02 -1.0371e+02 -6.5110e+01 -2.0436e+02
-1.1034e+02 -1.0655e+02 -8.3574e+01 -3.3360e+02
# New trial
-1.1044e+02 -1.0780e+02 -1.0002e+02 -3.1776e+02
-1.1031e+02 -1.0651e+02 -8.7769e+01 -3.1286e+02
-1.1003e+02 -1.0353e+02 -6.3088e+01 -1.7638e+02
-1.1026e+02 -1.0577e+02 -7.7729e+01 -2.4024e+02
# New trial
-1.1028e+02 -1.0643e+02 -1.1465e+02 -6.2964e+02
-1.1018e+02 -1.0543e+02 -9.3974e+01 -3.4850e+02
-1.1018e+02 -1.0521e+02 -8.8342e+01 -4.6663e+02
-1.1058e+02 -1.0897e+02 -1.0035e+02 -4.2234e+02
# New trial
-1.1024e+02 -1.0606e+02 -1.1949e+02 -7.0310e+02
-1.1024e+02 -1.0579e+02 -8.7324e+01 -2.8088e+02
-1.1024e+02 -1.0568e+02 -8.3833e+01 -3.5627e+02
-1.1059e+02 -1.0910e+02 -1.0312e+02 -4.3308e+02
# New trial
-1.1048e+02 -1.0824e+02 -1.0823e+02 -4.0244e+02
-1.1040e+02 -1.0720e+02 -8.5154e+01 -1.8747e+02
-1.1023e+02 -1.0548e+02 -6.9816e+01 -1.9984e+02
-1.1033e+02 -1.0646e+02 -8.2611e+01 -2.8267e+02
# New trial
-1.1010e+02 -1.0506e+02 -1.0617e+02 -4.3063e+02
-1.0993e+02 -1.0312e+02 -8.1222e+01 -3.3235e+02
-1.0989e+02 -1.0232e+02 -7.3510e+01 -3.2653e+02
-1.1050e+02 -1.0822e+02 -9.9975e+01 -4.4762e+02
# New trial
-1.1024e+02 -1.0655e+02 -1.4058e+02 -8.7182e+02
-1.1004e+02 -1.0415e+02 -9.4251e+01 -4.2210e+02
-1.0987e+02 -1.0225e+02 -8.1642e+01 -4.4071e+02
-1.1035e+02 -1.0677e+02 -1.0205e+02 -7.4914e+02
# New trial
-1.1033e+02 -1.0694e+02 -1.1131e+02 -5.1201e+02
-1.1024e+02 -1.0584e+02 -8.8819e+01 -3.3648e+02
-1.1015e+02 -1.0477e+02 -7.5697e+01 -2.9459e+02
-1.1042e+02 -1.0738e+02 -8.6894e+01 -2.9900e+02
# New trial
-1.1043e+02 -1.0759e+02 -9.9103e+01 -4.1334e+02
-1.1033e+02 -1.0655e+02 -8.3543e+01 -2.5117e+02
-1.1017e+02 -1.0495e+02 -7.4734e+01 -2.7119e+02
-1.1034e+02 -1.0660e+02 -9.0853e+01 -3.7945e+02
# New trial
-1.1040e+02 -1.0722e+02 -9.0698e+01 -2.3312e+02
-1.1031e+02 -1.0640e+02 -8.2636e+01 -1.7214e+02
-1.1024e+02 -1.0562e+02 -7.3154e+01 -1.7001e+02
-1.1047e+02 -1.0786e+02 -8.6089e+01 -1.8251e+02
# New trial
-1.1039e+02 -1.0745e+02 -1.2409e+02 -7.2898e+02
-1.1026e+02 -1.0603e+02 -8.8334e+01 -2.6219e+02
-1.1005e+02 -1.0389e+02 -7.1960e+01 -2.8922e+02
-1.1036e+02 -1.0683e+02 -8.3018e+01 -2.8314e+02
# New trial
-1.1028e+02 -1.0644e+02 -1.1208e+02 -5.7075e+02
-1.1024e+02 -1.0583e+02 -9.0069e+01 -2.9473e+02
-1.1022e+02 -1.0555e+02 -8.3679e+01 -3.3872e+02
-1.1055e+02 -1.0870e+02 -9.7920e+01 -3.8208e+02
# New trial
-1.1040e+02 -1.0746e+02 -1.0838e+02 -5.4486e+02
-1.1031e+02 -1.0651e+02 -8.8973e+01 -2.3529e+02
-1.1023e+02 -1.0560e+02 -7.7327e+01 -2.5824e+02
-1.1052e+02 -1.0833e+02 -9.2682e+01 -2.4288e+02
# New trial
-1.1031e+02 -1.0641e+02 -9.0370e+01 -2.8444e+02
-1.1024e+02 -1.0568e+02 -8.0922e+01 -2.3209e+02
-1.1015e+02 -1.0476e+02 -7.3054e+01 -2.0222e+02
-1.1043e+02 -1.0747e+02 -9.6016e+01 -3.7060e+02
# New trial
-1.1025e+02 -1.0589e+02 -8.4407e+01 -2.0372e+02
-1.1025e+02 -1.0581e+02 -7.7447e+01 -1.5662e+02
-1.1026e+02 -1.0585e+02 -7.8425e+01 -3.2908e+02
-1.1052e+02 -1.0840e+02 -9.1077e+01 -2.5983e+02
# New trial
-1.1045e+02 -1.0776e+02 -1.0387e+02 -4.6938e+02
-1.1044e+02 -1.0765e+02 -9.0452e+01 -1.7898e+02
-1.1041e+02 -1.0729e+02 -8.2225e+01 -1.5352e+02
-1.1052e+02 -1.0837e+02 -8.8994e+01 -9.2868e+01
# New trial
-1.1029e+02 -1.0672e+02 -1.1850e+02 -5.8704e+02
-1.1014e+02 -1.0477e+02 -7.5797e+01 -2.3460e+02
-1.1006e+02 -1.0387e+02 -7.1446e+01 -2.5315e+02
-1.1039e+02 -1.0712e+02 -9.2513e+01 -4.1699e+02
# New trial
-1.1033e+02 -1.0661e+02 -9.0910e+01 -3.6578e+02
-1.1039e+02 -1.0712e+02 -8.5761e+01 -2.0593e+02
-1.1047e+02 -1.0788e+02 -8.7411e+01 -1.9572e+02
-1.1067e+02 -1.0985e+02 -1.0248e+02 -2.1943e+02
# New trial
-1.1038e+02 -1.0756e+02 -1.2343e+02 -6.2766e+02
-1.1023e+02 -1.0587e+02 -9.2037e+01 -3.7295e+02
-1.1006e+02 -1.0405e+02 -7.9402e+01 -3.6262e+02
-1.1040e+02 -1.0719e+02 -8.8519e+01 -2.8127e+02
# New trial
-1.1030e+02 -1.0642e+02 -9.9885e+01 -4.0868e+02
-1.1022e+02 -1.0548e+02 -8.4135e+01 -3.2831e+02
-1.1005e+02 -1.0373e+02 -6.9709e+01 -2.7406e+02
-1.1030e+02 -1.0617e+02 -8.3369e+01 -2.9912e+02
# New trial
-1.1034e+02 -1.0672e+02 -8.9739e+01 -2.9985e+02
-1.1038e+02 -1.0707e+02 -8.5134e+01 -1.7916e+02
-1.1050e+02 -1.0819e+02 -8.9041e+01 -1.4714e+02
-1.1068e+02 -1.0997e+02 -1.0329e+02 -1.3948e+02
# New trial
