# 0.01sig - Array shape (trial/sig/alpha): (30, 4, 4)
-1.7896e+02 -1.7013e+02 -1.2272e+02 -3.1062e+02
-1.7892e+02 -1.6971e+02 -1.2033e+02 -3.4327e+02
-1.7892e+02 -1.6962e+02 -1.1416e+02 -3.9183e+02
-1.7956e+02 -1.7575e+02 -1.4403e+02 -2.6367e+02
# New trial
-1.7886e+02 -1.6945e+02 -1.3446e+02 -4.3188e+02
-1.7878e+02 -1.6853e+02 -1.2118e+02 -3.0146e+02
-1.7876e+02 -1.6826e+02 -1.1282e+02 -3.2919e+02
-1.7951e+02 -1.7527e+02 -1.4491e+02 -5.3632e+02
# New trial
-1.7903e+02 -1.7112e+02 -1.3743e+02 -4.2825e+02
-1.7885e+02 -1.6912e+02 -1.1608e+02 -3.4223e+02
-1.7849e+02 -1.6535e+02 -9.7230e+01 -4.2007e+02
-1.7913e+02 -1.7155e+02 -1.3297e+02 -7.7746e+02
# New trial
-1.7874e+02 -1.6856e+02 -1.3279e+02 -4.7764e+02
-1.7858e+02 -1.6703e+02 -1.2525e+02 -5.0213e+02
-1.7860e+02 -1.6694e+02 -1.2711e+02 -6.4867e+02
-1.7953e+02 -1.7553e+02 -1.5383e+02 -6.9297e+02
# New trial
-1.7924e+02 -1.7281e+02 -1.3615e+02 -3.7386e+02
-1.7901e+02 -1.7049e+02 -1.1477e+02 -3.1571e+02
-1.7869e+02 -1.6718e+02 -9.0878e+01 -3.0756e+02
-1.7905e+02 -1.7066e+02 -1.0927e+02 -3.0787e+02
# New trial
-1.7898e+02 -1.7063e+02 -1.3504e+02 -4.2180e+02
-1.7885e+02 -1.6904e+02 -1.1263e+02 -2.8723e+02
-1.7860e+02 -1.6635e+02 -9.7788e+01 -4.2274e+02
-1.7918e+02 -1.7190e+02 -1.1391e+02 -1.9658e+02
# New trial
-1.7899e+02 -1.7059e+02 -1.3659e+02 -3.8199e+02
-1.7892e+02 -1.6982e+02 -1.2506e+02 -2.8982e+02
-1.7906e+02 -1.7095e+02 -1.2141e+02 -3.6562e+02
-1.7962e+02 -1.7632e+02 -1.4697e+02 -2.7734e+02
# New trial
-1.7901e+02 -1.7082e+02 -1.3184e+02 -3.5838e+02
-1.7895e+02 -1.6998e+02 -1.1724e+02 -2.8482e+02
-1.7881e+02 -1.6851e+02 -1.1632e+02 -4.7573e+02
-1.7931e+02 -1.7331e+02 -1.3915e+02 -6.0046e+02
# New trial
-1.7893e+02 -1.7003e+02 -1.3018e+02 -4.2137e+02
-1.7877e+02 -1.6834e+02 -1.1485e+02 -4.3713e+02
-1.7837e+02 -1.6424e+02 -1.1062e+02 -6.1248e+02
-1.7907e+02 -1.7093e+02 -1.3019e+02 -6.0453e+02
# New trial
-1.7895e+02 -1.7016e+02 -1.3582e+02 -4.4736e+02
-1.7889e+02 -1.6950e+02 -1.2510e+02 -4.2321e+02
-1.7893e+02 -1.6976e+02 -1.3288e+02 -6.8676e+02
-1.7958e+02 -1.7606e+02 -1.5471e+02 -5.7446e+02
# New trial
-1.7868e+02 -1.6768e+02 -1.1958e+02 -3.0812e+02
-1.7864e+02 -1.6731e+02 -1.1602e+02 -3.9019e+02
-1.7880e+02 -1.6867e+02 -1.3722e+02 -8.4122e+02
-1.7968e+02 -1.7691e+02 -1.5918e+02 -6.8214e+02
# New trial
-1.7938e+02 -1.7398e+02 -1.3106e+02 -1.3086e+02
-1.7940e+02 -1.7415e+02 -1.3141e+02 -1.4611e+02
-1.7938e+02 -1.7397e+02 -1.2960e+02 -2.5059e+02
-1.7961e+02 -1.7625e+02 -1.4559e+02 -2.6247e+02
# New trial
-1.7905e+02 -1.7093e+02 -1.3394e+02 -4.6584e+02
-1.7885e+02 -1.6895e+02 -1.0891e+02 -3.5416e+02
-1.7842e+02 -1.6457e+02 -9.5879e+01 -4.7698e+02
-1.7895e+02 -1.6975e+02 -1.0391e+02 -3.3816e+02
# New trial
-1.7936e+02 -1.7377e+02 -1.3031e+02 -1.4565e+02
-1.7925e+02 -1.7266e+02 -1.1969e+02 -1.3634e+02
-1.7903e+02 -1.7048e+02 -1.0451e+02 -2.0665e+02
-1.7926e+02 -1.7271e+02 -1.2432e+02 -4.0312e+02
# New trial
-1.7928e+02 -1.7304e+02 -1.3176e+02 -2.9380e+02
-1.7924e+02 -1.7258e+02 -1.2145e+02 -2.2066e+02
-1.7910e+02 -1.7124e+02 -1.1134e+02 -3.3056e+02
-1.7937e+02 -1.7382e+02 -1.3094e+02 -5.0283e+02
# New trial
-1.7883e+02 -1.6908e+02 -1.2511e+02 -3.7078e+02
-1.7872e+02 -1.6802e+02 -1.1560e+02 -2.9813e+02
-1.7872e+02 -1.6781e+02 -1.0683e+02 -3.0597e+02
-1.7954e+02 -1.7551e+02 -1.4315e+02 -3.3830e+02
# New trial
-1.7885e+02 -1.6919e+02 -1.1141e+02 -2.3756e+02
-1.7882e+02 -1.6889e+02 -1.1117e+02 -2.3555e+02
-1.7879e+02 -1.6843e+02 -1.0022e+02 -3.0227e+02
-1.7942e+02 -1.7436e+02 -1.3122e+02 -2.9436e+02
# New trial
-1.7888e+02 -1.7032e+02 -1.6323e+02 -7.2190e+02
-1.7873e+02 -1.6849e+02 -1.3746e+02 -5.7032e+02
-1.7865e+02 -1.6735e+02 -1.2837e+02 -7.5989e+02
-1.7951e+02 -1.7524e+02 -1.4636e+02 -6.3504e+02
# New trial
-1.7921e+02 -1.7244e+02 -1.2558e+02 -2.3853e+02
-1.7911e+02 -1.7137e+02 -1.1483e+02 -1.8346e+02
-1.7909e+02 -1.7114e+02 -1.1882e+02 -4.2872e+02
-1.7955e+02 -1.7567e+02 -1.4533e+02 -4.9120e+02
# New trial
-1.7914e+02 -1.7172e+02 -1.2459e+02 -2.8987e+02
-1.7909e+02 -1.7118e+02 -1.2098e+02 -2.6740e+02
-1.7902e+02 -1.7049e+02 -1.1480e+02 -3.0921e+02
-1.7950e+02 -1.7516e+02 -1.3818e+02 -2.2613e+02
# New trial
-1.7853e+02 -1.6642e+02 -1.1205e+02 -2.6615e+02
-1.7840e+02 -1.6544e+02 -1.1209e+02 -2.3219e+02
-1.7869e+02 -1.6797e+02 -1.2687e+02 -4.6079e+02
-1.7963e+02 -1.7662e+02 -1.5957e+02 -5.6717e+02
# New trial
-1.7905e+02 -1.7118e+02 -1.4419e+02 -4.8909e+02
-1.7899e+02 -1.7041e+02 -1.2420e+02 -2.9563e+02
-1.7889e+02 -1.6936e+02 -1.1798e+02 -4.1236e+02
-1.7950e+02 -1.7518e+02 -1.4521e+02 -4.6734e+02
# New trial
-1.7945e+02 -1.7483e+02 -1.5397e+02 -4.0554e+02
-1.7937e+02 -1.7399e+02 -1.3691e+02 -2.8172e+02
-1.7921e+02 -1.7231e+02 -1.1855e+02 -2.7800e+02
-1.7933e+02 -1.7345e+02 -1.3129e+02 -4.5401e+02
# New trial
-1.7822e+02 -1.6377e+02 -1.1833e+02 -4.6379e+02
-1.7818e+02 -1.6347e+02 -1.1335e+02 -3.8961e+02
-1.7870e+02 -1.6810e+02 -1.2934e+02 -5.6109e+02
-1.7969e+02 -1.7709e+02 -1.5837e+02 -4.3112e+02
# New trial
-1.7922e+02 -1.7259e+02 -1.3460e+02 -2.9376e+02
-1.7905e+02 -1.7092e+02 -1.2451e+02 -2.5510e+02
-1.7884e+02 -1.6892e+02 -1.2427e+02 -4.8902e+02
-1.7949e+02 -1.7507e+02 -1.3973e+02 -3.4435e+02
# New trial
-1.7917e+02 -1.7220e+02 -1.4093e+02 -4.0628e+02
-1.7917e+02 -1.7201e+02 -1.2736e+02 -2.9793e+02
-1.7913e+02 -1.7154e+02 -1.2095e+02 -3.2799e+02
-1.7957e+02 -1.7584e+02 -1.4583e+02 -3.8091e+02
# New trial
-1.7932e+02 -1.7368e+02 -1.4748e+02 -3.8691e+02
-1.7914e+02 -1.7187e+02 -1.2998e+02 -3.2306e+02
-1.7885e+02 -1.6890e+02 -1.0820e+02 -3.8938e+02
-1.7918e+02 -1.7194e+02 -1.2669e+02 -5.7815e+02
# New trial
-1.7925e+02 -1.7288e+02 -1.3758e+02 -3.1229e+02
-1.7908e+02 -1.7121e+02 -1.2084e+02 -2.1140e+02
-1.7874e+02 -1.6777e+02 -9.8560e+01 -2.7694e+02
-1.7917e+02 -1.7186e+02 -1.1785e+02 -3.6377e+02
# New trial
-1.7930e+02 -1.7349e+02 -1.5127e+02 -4.6842e+02
-1.7931e+02 -1.7332e+02 -1.3080e+02 -2.6376e+02
-1.7929e+02 -1.7305e+02 -1.2531e+02 -3.0523e+02
-1.7961e+02 -1.7628e+02 -1.4930e+02 -5.1006e+02
# New trial
-1.7902e+02 -1.7078e+02 -1.4663e+02 -6.3121e+02
-1.7897e+02 -1.7011e+02 -1.1867e+02 -3.7416e+02
-1.7889e+02 -1.6924e+02 -1.0543e+02 -4.1930e+02
-1.7950e+02 -1.7511e+02 -1.3755e+02 -2.1333e+02
# New trial
