# 0.01sig - Array shape (trial/sig/alpha): (30, 4, 4)
-1.1931e+02 -1.1361e+02 -9.4677e+01 -3.5839e+02
-1.1930e+02 -1.1342e+02 -8.7221e+01 -3.4241e+02
-1.1938e+02 -1.1408e+02 -8.8167e+01 -4.0980e+02
-1.1980e+02 -1.1813e+02 -1.0821e+02 -3.8767e+02
# New trial
-1.1918e+02 -1.1261e+02 -1.0353e+02 -4.8048e+02
-1.1921e+02 -1.1270e+02 -8.8923e+01 -2.9995e+02
-1.1938e+02 -1.1415e+02 -9.1051e+01 -3.5060e+02
-1.1984e+02 -1.1853e+02 -1.1129e+02 -4.1226e+02
# New trial
-1.1922e+02 -1.1314e+02 -1.0011e+02 -4.3405e+02
-1.1920e+02 -1.1263e+02 -8.8239e+01 -3.5587e+02
-1.1921e+02 -1.1239e+02 -9.2774e+01 -5.5495e+02
-1.1972e+02 -1.1737e+02 -1.1521e+02 -5.7926e+02
# New trial
-1.1904e+02 -1.1137e+02 -9.8642e+01 -5.1116e+02
-1.1903e+02 -1.1119e+02 -9.2842e+01 -4.9318e+02
-1.1932e+02 -1.1375e+02 -9.5435e+01 -5.1459e+02
-1.1985e+02 -1.1872e+02 -1.1417e+02 -5.1585e+02
# New trial
-1.1950e+02 -1.1537e+02 -1.0213e+02 -4.0518e+02
-1.1935e+02 -1.1384e+02 -8.6954e+01 -3.2121e+02
-1.1927e+02 -1.1292e+02 -7.8132e+01 -3.1048e+02
-1.1964e+02 -1.1648e+02 -1.0261e+02 -3.4207e+02
# New trial
-1.1927e+02 -1.1346e+02 -1.0083e+02 -4.8171e+02
-1.1926e+02 -1.1311e+02 -8.4079e+01 -2.6500e+02
-1.1930e+02 -1.1324e+02 -8.3347e+01 -3.9074e+02
-1.1979e+02 -1.1793e+02 -1.0151e+02 -1.8290e+02
# New trial
-1.1922e+02 -1.1278e+02 -9.5380e+01 -4.2187e+02
-1.1924e+02 -1.1292e+02 -8.6913e+01 -3.0191e+02
-1.1953e+02 -1.1555e+02 -9.6525e+01 -4.3382e+02
-1.1992e+02 -1.1930e+02 -1.1450e+02 -2.8528e+02
# New trial
-1.1917e+02 -1.1251e+02 -9.3681e+01 -3.5431e+02
-1.1921e+02 -1.1269e+02 -8.7295e+01 -2.8781e+02
-1.1929e+02 -1.1318e+02 -8.4463e+01 -3.4014e+02
-1.1972e+02 -1.1736e+02 -1.0076e+02 -3.1108e+02
# New trial
-1.1926e+02 -1.1342e+02 -1.0800e+02 -5.5075e+02
-1.1919e+02 -1.1255e+02 -9.6506e+01 -5.0298e+02
-1.1911e+02 -1.1154e+02 -8.7671e+01 -5.2279e+02
-1.1970e+02 -1.1718e+02 -1.0043e+02 -3.7908e+02
# New trial
-1.1919e+02 -1.1251e+02 -9.9496e+01 -4.6465e+02
-1.1924e+02 -1.1292e+02 -9.4249e+01 -4.3691e+02
-1.1946e+02 -1.1491e+02 -1.0437e+02 -5.7518e+02
-1.1990e+02 -1.1909e+02 -1.1544e+02 -3.9681e+02
# New trial
-1.1905e+02 -1.1146e+02 -9.3818e+01 -3.2765e+02
-1.1913e+02 -1.1219e+02 -9.7003e+01 -4.1452e+02
-1.1948e+02 -1.1536e+02 -1.2659e+02 -7.8037e+02
-1.1996e+02 -1.1967e+02 -1.1907e+02 -3.5599e+02
# New trial
-1.1956e+02 -1.1570e+02 -8.6593e+01 -1.1638e+02
-1.1961e+02 -1.1626e+02 -8.9552e+01 -1.2461e+02
-1.1969e+02 -1.1701e+02 -9.4757e+01 -1.7501e+02
-1.1988e+02 -1.1890e+02 -1.0977e+02 -1.5723e+02
# New trial
-1.1932e+02 -1.1368e+02 -1.0066e+02 -4.6045e+02
-1.1929e+02 -1.1329e+02 -8.8359e+01 -3.9261e+02
-1.1918e+02 -1.1210e+02 -8.9836e+01 -5.0174e+02
-1.1966e+02 -1.1669e+02 -1.0286e+02 -5.7921e+02
# New trial
-1.1953e+02 -1.1553e+02 -8.9785e+01 -1.8038e+02
-1.1948e+02 -1.1499e+02 -8.4541e+01 -1.4691e+02
-1.1945e+02 -1.1467e+02 -8.2188e+01 -2.2788e+02
-1.1971e+02 -1.1720e+02 -9.6417e+01 -2.5727e+02
# New trial
-1.1944e+02 -1.1464e+02 -8.7997e+01 -2.7195e+02
-1.1949e+02 -1.1510e+02 -8.5216e+01 -2.4287e+02
-1.1954e+02 -1.1550e+02 -8.5437e+01 -2.4557e+02
-1.1982e+02 -1.1829e+02 -1.0551e+02 -2.4983e+02
# New trial
-1.1915e+02 -1.1221e+02 -9.2566e+01 -3.6392e+02
-1.1915e+02 -1.1213e+02 -8.7070e+01 -2.9103e+02
-1.1934e+02 -1.1383e+02 -9.4915e+01 -4.0765e+02
-1.1987e+02 -1.1886e+02 -1.1672e+02 -4.4313e+02
# New trial
-1.1918e+02 -1.1239e+02 -8.5105e+01 -2.4497e+02
-1.1925e+02 -1.1299e+02 -8.6962e+01 -2.7216e+02
-1.1943e+02 -1.1462e+02 -9.2662e+01 -4.0708e+02
-1.1984e+02 -1.1854e+02 -1.1051e+02 -4.5135e+02
# New trial
-1.1920e+02 -1.1354e+02 -1.3176e+02 -7.6014e+02
-1.1921e+02 -1.1305e+02 -1.0648e+02 -5.4038e+02
-1.1939e+02 -1.1438e+02 -9.9817e+01 -4.8988e+02
-1.1988e+02 -1.1887e+02 -1.1491e+02 -4.9191e+02
# New trial
-1.1964e+02 -1.1664e+02 -1.0150e+02 -3.0946e+02
-1.1962e+02 -1.1633e+02 -9.1544e+01 -1.9446e+02
-1.1955e+02 -1.1561e+02 -8.3973e+01 -2.0114e+02
-1.1973e+02 -1.1733e+02 -9.6443e+01 -1.6368e+02
# New trial
-1.1947e+02 -1.1494e+02 -9.4141e+01 -3.2735e+02
-1.1949e+02 -1.1512e+02 -9.2337e+01 -2.6856e+02
-1.1953e+02 -1.1552e+02 -9.3917e+01 -3.1310e+02
-1.1982e+02 -1.1832e+02 -1.0714e+02 -2.6201e+02
# New trial
-1.1902e+02 -1.1103e+02 -7.9316e+01 -2.5600e+02
-1.1902e+02 -1.1116e+02 -8.0638e+01 -1.8548e+02
-1.1938e+02 -1.1446e+02 -1.0159e+02 -3.8392e+02
-1.1991e+02 -1.1925e+02 -1.1719e+02 -3.4185e+02
# New trial
-1.1931e+02 -1.1373e+02 -1.0898e+02 -5.2951e+02
-1.1934e+02 -1.1385e+02 -9.3428e+01 -3.1440e+02
-1.1943e+02 -1.1465e+02 -9.2479e+01 -3.5906e+02
-1.1985e+02 -1.1862e+02 -1.0894e+02 -2.1347e+02
# New trial
-1.1961e+02 -1.1631e+02 -1.0381e+02 -3.8381e+02
-1.1960e+02 -1.1618e+02 -9.5912e+01 -2.5835e+02
-1.1954e+02 -1.1553e+02 -8.7545e+01 -2.2933e+02
-1.1970e+02 -1.1703e+02 -9.3912e+01 -1.1356e+02
# New trial
-1.1885e+02 -1.1010e+02 -1.0501e+02 -5.2785e+02
-1.1895e+02 -1.1092e+02 -1.0095e+02 -4.6767e+02
-1.1948e+02 -1.1539e+02 -1.1920e+02 -6.5642e+02
-1.1996e+02 -1.1969e+02 -1.2057e+02 -4.5403e+02
# New trial
-1.1938e+02 -1.1409e+02 -8.3756e+01 -2.4192e+02
-1.1932e+02 -1.1354e+02 -8.0445e+01 -1.8721e+02
-1.1933e+02 -1.1355e+02 -8.1656e+01 -3.3333e+02
-1.1983e+02 -1.1836e+02 -1.0714e+02 -3.7524e+02
# New trial
-1.1934e+02 -1.1386e+02 -1.0012e+02 -4.3905e+02
-1.1940e+02 -1.1431e+02 -8.8507e+01 -2.4424e+02
-1.1951e+02 -1.1533e+02 -8.9936e+01 -3.0967e+02
-1.1985e+02 -1.1857e+02 -1.0783e+02 -1.9756e+02
# New trial
-1.1948e+02 -1.1524e+02 -1.0410e+02 -4.1300e+02
-1.1941e+02 -1.1447e+02 -9.3913e+01 -3.4021e+02
-1.1936e+02 -1.1391e+02 -9.0965e+01 -4.5151e+02
-1.1967e+02 -1.1686e+02 -1.0799e+02 -5.5074e+02
# New trial
-1.1949e+02 -1.1524e+02 -1.0139e+02 -3.6506e+02
-1.1940e+02 -1.1441e+02 -8.9279e+01 -2.2668e+02
-1.1927e+02 -1.1304e+02 -7.6604e+01 -2.3644e+02
-1.1967e+02 -1.1681e+02 -9.7291e+01 -3.2004e+02
# New trial
-1.1948e+02 -1.1531e+02 -1.1208e+02 -5.2961e+02
-1.1951e+02 -1.1532e+02 -9.1372e+01 -2.4400e+02
-1.1956e+02 -1.1569e+02 -8.6959e+01 -2.3494e+02
-1.1981e+02 -1.1821e+02 -1.0408e+02 -1.5839e+02
# New trial
-1.1926e+02 -1.1337e+02 -1.2326e+02 -7.7716e+02
-1.1926e+02 -1.1304e+02 -9.1438e+01 -4.4545e+02
-1.1935e+02 -1.1373e+02 -9.1071e+01 -4.9314e+02
-1.1979e+02 -1.1799e+02 -1.0612e+02 -3.8431e+02
# New trial
