# 0.1sig - Array shape (trial/sig/alpha): (30L, 4L, 4L)
-9.2212e+01 -9.1428e+01 -8.7603e+01 -1.0161e+02
-9.2215e+01 -9.1468e+01 -8.7491e+01 -8.3720e+01
-9.2233e+01 -9.1659e+01 -9.1406e+01 -1.5975e+02
-9.2291e+01 -9.2200e+01 -9.4477e+01 -1.9114e+02
# New trial
-9.2250e+01 -9.1785e+01 -8.8152e+01 -8.3128e+01
-9.2233e+01 -9.1625e+01 -8.7103e+01 -8.3076e+01
-9.2183e+01 -9.1129e+01 -8.4180e+01 -8.3072e+01
-9.2199e+01 -9.1283e+01 -8.4894e+01 -8.6672e+01
# New trial
-9.2253e+01 -9.1821e+01 -8.9357e+01 -1.0319e+02
-9.2223e+01 -9.1514e+01 -8.6127e+01 -8.3072e+01
-9.2150e+01 -9.0797e+01 -8.3498e+01 -8.3072e+01
-9.2150e+01 -9.0793e+01 -8.3699e+01 -8.3077e+01
# New trial
-9.2251e+01 -9.1797e+01 -8.9621e+01 -1.1482e+02
-9.2228e+01 -9.1569e+01 -8.6716e+01 -8.3207e+01
-9.2166e+01 -9.0952e+01 -8.4332e+01 -8.3181e+01
-9.2159e+01 -9.0880e+01 -8.5117e+01 -9.4747e+01
# New trial
-9.2266e+01 -9.1945e+01 -9.0234e+01 -1.1567e+02
-9.2250e+01 -9.1792e+01 -8.8207e+01 -8.4388e+01
-9.2215e+01 -9.1446e+01 -8.6464e+01 -9.2880e+01
-9.2231e+01 -9.1592e+01 -8.6753e+01 -9.3212e+01
# New trial
-9.2275e+01 -9.2034e+01 -9.0221e+01 -9.7998e+01
-9.2259e+01 -9.1876e+01 -8.8708e+01 -8.3114e+01
-9.2239e+01 -9.1676e+01 -8.6910e+01 -8.3127e+01
-9.2266e+01 -9.1943e+01 -8.9099e+01 -9.3897e+01
# New trial
-9.2257e+01 -9.1854e+01 -8.8567e+01 -8.5804e+01
-9.2242e+01 -9.1709e+01 -8.7367e+01 -8.3290e+01
-9.2205e+01 -9.1335e+01 -8.4889e+01 -8.3072e+01
-9.2214e+01 -9.1428e+01 -8.5431e+01 -8.3082e+01
# New trial
-9.2235e+01 -9.1649e+01 -8.8807e+01 -1.0711e+02
-9.2232e+01 -9.1615e+01 -8.7876e+01 -8.4110e+01
-9.2237e+01 -9.1666e+01 -8.8675e+01 -1.2269e+02
-9.2281e+01 -9.2090e+01 -9.2193e+01 -1.6509e+02
# New trial
-9.2221e+01 -9.1517e+01 -8.6911e+01 -8.3747e+01
-9.2198e+01 -9.1294e+01 -8.5878e+01 -8.3568e+01
-9.2193e+01 -9.1256e+01 -8.6655e+01 -8.8919e+01
-9.2282e+01 -9.2109e+01 -9.3984e+01 -1.8027e+02
# New trial
-9.2250e+01 -9.1789e+01 -8.8133e+01 -8.3320e+01
-9.2233e+01 -9.1618e+01 -8.7122e+01 -8.3239e+01
-9.2177e+01 -9.1068e+01 -8.4487e+01 -8.3077e+01
-9.2188e+01 -9.1168e+01 -8.4073e+01 -8.3072e+01
# New trial
-9.2257e+01 -9.1855e+01 -8.8492e+01 -8.3705e+01
-9.2241e+01 -9.1698e+01 -8.7438e+01 -8.3661e+01
-9.2214e+01 -9.1433e+01 -8.5985e+01 -8.7332e+01
-9.2256e+01 -9.1844e+01 -8.8220e+01 -9.5850e+01
# New trial
-9.2245e+01 -9.1747e+01 -8.8626e+01 -8.8149e+01
-9.2228e+01 -9.1585e+01 -8.7342e+01 -8.3327e+01
-9.2195e+01 -9.1251e+01 -8.5324e+01 -8.3199e+01
-9.2245e+01 -9.1738e+01 -8.7677e+01 -9.6433e+01
# New trial
-9.2247e+01 -9.1760e+01 -8.8300e+01 -8.7404e+01
-9.2232e+01 -9.1610e+01 -8.7012e+01 -8.3592e+01
-9.2200e+01 -9.1296e+01 -8.6426e+01 -9.7687e+01
-9.2258e+01 -9.1868e+01 -8.9541e+01 -1.2053e+02
# New trial
-9.2272e+01 -9.2000e+01 -9.0118e+01 -9.7674e+01
-9.2252e+01 -9.1799e+01 -8.7669e+01 -8.3072e+01
-9.2207e+01 -9.1354e+01 -8.4632e+01 -8.3072e+01
-9.2192e+01 -9.1200e+01 -8.4653e+01 -8.3072e+01
# New trial
-9.2234e+01 -9.1661e+01 -8.9347e+01 -9.4858e+01
-9.2207e+01 -9.1390e+01 -8.6516e+01 -8.3073e+01
-9.2163e+01 -9.0942e+01 -8.4396e+01 -8.3901e+01
-9.2232e+01 -9.1601e+01 -8.6595e+01 -8.8974e+01
# New trial
-9.2238e+01 -9.1696e+01 -9.1021e+01 -1.2632e+02
-9.2209e+01 -9.1404e+01 -8.6850e+01 -8.3217e+01
-9.2148e+01 -9.0811e+01 -8.5015e+01 -9.0430e+01
-9.2207e+01 -9.1362e+01 -8.6556e+01 -1.0615e+02
# New trial
-9.2257e+01 -9.1851e+01 -8.8534e+01 -8.3791e+01
-9.2234e+01 -9.1621e+01 -8.6539e+01 -8.3073e+01
-9.2178e+01 -9.1067e+01 -8.3638e+01 -8.3072e+01
-9.2214e+01 -9.1428e+01 -8.5069e+01 -8.3072e+01
# New trial
-9.2264e+01 -9.1924e+01 -8.9035e+01 -8.9660e+01
-9.2249e+01 -9.1768e+01 -8.7761e+01 -8.4338e+01
-9.2223e+01 -9.1513e+01 -8.7175e+01 -1.0406e+02
-9.2238e+01 -9.1661e+01 -8.8775e+01 -1.3045e+02
# New trial
-9.2261e+01 -9.1893e+01 -8.8642e+01 -8.6447e+01
-9.2249e+01 -9.1774e+01 -8.7734e+01 -8.3117e+01
-9.2232e+01 -9.1609e+01 -8.6494e+01 -8.3075e+01
-9.2268e+01 -9.1961e+01 -8.9133e+01 -8.9565e+01
# New trial
-9.2260e+01 -9.1899e+01 -9.1152e+01 -1.2495e+02
-9.2237e+01 -9.1665e+01 -8.7636e+01 -8.3195e+01
-9.2183e+01 -9.1125e+01 -8.3971e+01 -8.3072e+01
-9.2223e+01 -9.1513e+01 -8.5256e+01 -8.3072e+01
# New trial
-9.2244e+01 -9.1735e+01 -8.8794e+01 -9.5393e+01
-9.2232e+01 -9.1617e+01 -8.7371e+01 -8.3998e+01
-9.2243e+01 -9.1724e+01 -8.8056e+01 -9.7718e+01
-9.2292e+01 -9.2196e+01 -9.1567e+01 -1.2629e+02
# New trial
-9.2250e+01 -9.1784e+01 -8.8821e+01 -1.1817e+02
-9.2236e+01 -9.1653e+01 -8.7016e+01 -8.3072e+01
-9.2218e+01 -9.1470e+01 -8.5634e+01 -8.3091e+01
-9.2262e+01 -9.1902e+01 -8.8679e+01 -9.5875e+01
# New trial
-9.2251e+01 -9.1792e+01 -8.8025e+01 -8.3210e+01
-9.2239e+01 -9.1680e+01 -8.7382e+01 -8.3397e+01
-9.2225e+01 -9.1540e+01 -8.7129e+01 -1.0193e+02
-9.2265e+01 -9.1931e+01 -8.9392e+01 -1.1225e+02
# New trial
-9.2253e+01 -9.1810e+01 -8.8162e+01 -8.3147e+01
-9.2244e+01 -9.1728e+01 -8.7598e+01 -8.3424e+01
-9.2235e+01 -9.1639e+01 -8.7158e+01 -9.2290e+01
-9.2268e+01 -9.1964e+01 -9.0025e+01 -1.3444e+02
# New trial
-9.2273e+01 -9.2013e+01 -9.0047e+01 -1.0091e+02
-9.2263e+01 -9.1918e+01 -8.9017e+01 -8.3729e+01
-9.2231e+01 -9.1598e+01 -8.6131e+01 -8.3072e+01
-9.2217e+01 -9.1452e+01 -8.4939e+01 -8.3072e+01
# New trial
-9.2248e+01 -9.1785e+01 -9.0452e+01 -1.1570e+02
-9.2224e+01 -9.1532e+01 -8.6005e+01 -8.3072e+01
-9.2179e+01 -9.1088e+01 -8.4659e+01 -8.6237e+01
-9.2198e+01 -9.1273e+01 -8.6219e+01 -1.0731e+02
# New trial
-9.2265e+01 -9.1929e+01 -8.9205e+01 -8.8061e+01
-9.2258e+01 -9.1865e+01 -8.8672e+01 -8.5512e+01
-9.2250e+01 -9.1787e+01 -8.8105e+01 -9.8805e+01
-9.2284e+01 -9.2117e+01 -9.0770e+01 -1.2302e+02
# New trial
-9.2237e+01 -9.1666e+01 -8.8147e+01 -9.0025e+01
-9.2229e+01 -9.1579e+01 -8.6964e+01 -8.3294e+01
-9.2211e+01 -9.1427e+01 -8.8352e+01 -1.0554e+02
-9.2260e+01 -9.1898e+01 -9.2235e+01 -1.5748e+02
# New trial
-9.2253e+01 -9.1818e+01 -8.8342e+01 -8.4389e+01
-9.2234e+01 -9.1626e+01 -8.6705e+01 -8.3252e+01
-9.2172e+01 -9.1014e+01 -8.4219e+01 -8.3131e+01
-9.2180e+01 -9.1090e+01 -8.5239e+01 -9.3725e+01
# New trial
-9.2258e+01 -9.1860e+01 -8.8238e+01 -8.3165e+01
-9.2250e+01 -9.1777e+01 -8.7499e+01 -8.3073e+01
-9.2235e+01 -9.1632e+01 -8.6182e+01 -8.3072e+01
-9.2268e+01 -9.1959e+01 -8.8978e+01 -8.3103e+01
# New trial
