# 0.01sig - Array shape (trial/sig/alpha): (30, 4, 4)
-1.7015e+02 -1.6479e+02 -1.2483e+02 -7.8764e+01
-1.7002e+02 -1.6355e+02 -1.1769e+02 -1.0019e+02
-1.6990e+02 -1.6234e+02 -1.1912e+02 -3.2576e+02
-1.7043e+02 -1.6755e+02 -1.4666e+02 -4.5619e+02
# New trial
-1.7009e+02 -1.6421e+02 -1.2230e+02 -8.0651e+01
-1.6993e+02 -1.6272e+02 -1.1827e+02 -8.7455e+01
-1.6978e+02 -1.6121e+02 -1.0798e+02 -1.0766e+02
-1.7035e+02 -1.6674e+02 -1.3734e+02 -2.5233e+02
# New trial
-1.7012e+02 -1.6445e+02 -1.2052e+02 -7.7561e+01
-1.6990e+02 -1.6235e+02 -1.0996e+02 -8.6004e+01
-1.6951e+02 -1.5848e+02 -9.4876e+01 -1.5200e+02
-1.6999e+02 -1.6312e+02 -1.1102e+02 -1.5934e+02
# New trial
-1.6993e+02 -1.6268e+02 -1.1644e+02 -7.7860e+01
-1.6980e+02 -1.6157e+02 -1.1579e+02 -1.4710e+02
-1.6975e+02 -1.6117e+02 -1.2769e+02 -3.8122e+02
-1.7041e+02 -1.6738e+02 -1.5487e+02 -5.5772e+02
# New trial
-1.7023e+02 -1.6555e+02 -1.2585e+02 -7.3384e+01
-1.7006e+02 -1.6380e+02 -1.1355e+02 -7.7582e+01
-1.6970e+02 -1.6034e+02 -9.6610e+01 -1.3812e+02
-1.6995e+02 -1.6273e+02 -1.0809e+02 -1.2976e+02
# New trial
-1.7021e+02 -1.6530e+02 -1.2262e+02 -7.0196e+01
-1.6995e+02 -1.6276e+02 -1.0965e+02 -7.2140e+01
-1.6953e+02 -1.5866e+02 -8.9376e+01 -1.0783e+02
-1.7004e+02 -1.6362e+02 -1.1308e+02 -1.9258e+02
# New trial
-1.7022e+02 -1.6545e+02 -1.2905e+02 -7.9225e+01
-1.7007e+02 -1.6409e+02 -1.2518e+02 -1.0658e+02
-1.7000e+02 -1.6335e+02 -1.2328e+02 -2.0907e+02
-1.7046e+02 -1.6777e+02 -1.4569e+02 -2.7338e+02
# New trial
-1.7014e+02 -1.6465e+02 -1.2035e+02 -7.2639e+01
-1.7000e+02 -1.6331e+02 -1.1183e+02 -8.3275e+01
-1.6973e+02 -1.6066e+02 -1.0576e+02 -2.1219e+02
-1.7016e+02 -1.6478e+02 -1.2434e+02 -3.0044e+02
# New trial
-1.7007e+02 -1.6393e+02 -1.1792e+02 -7.6505e+01
-1.6986e+02 -1.6190e+02 -1.0893e+02 -1.1846e+02
-1.6941e+02 -1.5763e+02 -1.1139e+02 -3.2357e+02
-1.6998e+02 -1.6314e+02 -1.2967e+02 -4.6629e+02
# New trial
-1.7004e+02 -1.6374e+02 -1.1920e+02 -8.3214e+01
-1.6987e+02 -1.6213e+02 -1.1428e+02 -1.2737e+02
-1.6979e+02 -1.6139e+02 -1.2004e+02 -3.2866e+02
-1.7043e+02 -1.6754e+02 -1.4883e+02 -4.8465e+02
# New trial
-1.6996e+02 -1.6314e+02 -1.2140e+02 -7.5482e+01
-1.6983e+02 -1.6198e+02 -1.2172e+02 -1.5020e+02
-1.6977e+02 -1.6140e+02 -1.2866e+02 -3.6687e+02
-1.7049e+02 -1.6812e+02 -1.5160e+02 -3.7647e+02
# New trial
-1.7036e+02 -1.6683e+02 -1.3478e+02 -7.4932e+01
-1.7031e+02 -1.6631e+02 -1.3055e+02 -7.7074e+01
-1.7023e+02 -1.6549e+02 -1.2390e+02 -1.0919e+02
-1.7041e+02 -1.6729e+02 -1.3801e+02 -1.0851e+02
# New trial
-1.7021e+02 -1.6533e+02 -1.2300e+02 -6.9873e+01
-1.7001e+02 -1.6339e+02 -1.1128e+02 -8.2674e+01
-1.6954e+02 -1.5879e+02 -9.7265e+01 -1.7918e+02
-1.6990e+02 -1.6218e+02 -1.0321e+02 -1.5377e+02
# New trial
-1.7035e+02 -1.6669e+02 -1.3287e+02 -7.0743e+01
-1.7024e+02 -1.6555e+02 -1.2332e+02 -7.0199e+01
-1.6997e+02 -1.6294e+02 -1.0289e+02 -7.1619e+01
-1.7010e+02 -1.6419e+02 -1.1219e+02 -1.1853e+02
# New trial
-1.7029e+02 -1.6606e+02 -1.2745e+02 -7.2441e+01
-1.7018e+02 -1.6498e+02 -1.1895e+02 -7.0834e+01
-1.6995e+02 -1.6275e+02 -1.0098e+02 -8.6172e+01
-1.7018e+02 -1.6498e+02 -1.1842e+02 -7.9111e+01
# New trial
-1.7001e+02 -1.6352e+02 -1.2068e+02 -8.3091e+01
-1.6983e+02 -1.6188e+02 -1.1623e+02 -1.0797e+02
-1.6973e+02 -1.6088e+02 -1.1943e+02 -2.8664e+02
-1.7038e+02 -1.6713e+02 -1.5147e+02 -5.2370e+02
# New trial
-1.7008e+02 -1.6406e+02 -1.1900e+02 -7.4267e+01
-1.6992e+02 -1.6263e+02 -1.1584e+02 -1.0524e+02
-1.6982e+02 -1.6160e+02 -1.0965e+02 -2.0853e+02
-1.7033e+02 -1.6650e+02 -1.3201e+02 -1.7210e+02
# New trial
-1.7002e+02 -1.6365e+02 -1.2234e+02 -1.0607e+02
-1.6985e+02 -1.6208e+02 -1.1898e+02 -1.3919e+02
-1.6970e+02 -1.6068e+02 -1.2516e+02 -3.5535e+02
-1.7038e+02 -1.6703e+02 -1.4791e+02 -5.1759e+02
# New trial
-1.7029e+02 -1.6612e+02 -1.3205e+02 -9.0446e+01
-1.7015e+02 -1.6478e+02 -1.2380e+02 -1.2521e+02
-1.7005e+02 -1.6374e+02 -1.2354e+02 -3.3354e+02
-1.7039e+02 -1.6714e+02 -1.5046e+02 -6.4174e+02
# New trial
-1.7017e+02 -1.6496e+02 -1.2371e+02 -8.6035e+01
-1.7005e+02 -1.6374e+02 -1.1674e+02 -9.4329e+01
-1.6990e+02 -1.6231e+02 -1.0961e+02 -2.3121e+02
-1.7035e+02 -1.6668e+02 -1.3825e+02 -3.8936e+02
# New trial
-1.6968e+02 -1.6053e+02 -1.1189e+02 -7.4322e+01
-1.6954e+02 -1.5940e+02 -1.1419e+02 -1.2874e+02
-1.6971e+02 -1.6093e+02 -1.2703e+02 -3.3864e+02
-1.7048e+02 -1.6817e+02 -1.5697e+02 -5.2408e+02
# New trial
-1.7021e+02 -1.6537e+02 -1.2494e+02 -7.2373e+01
-1.7005e+02 -1.6376e+02 -1.1636e+02 -7.6537e+01
-1.6981e+02 -1.6149e+02 -1.0298e+02 -1.2532e+02
-1.7030e+02 -1.6623e+02 -1.3111e+02 -1.4221e+02
# New trial
-1.7045e+02 -1.6771e+02 -1.4205e+02 -8.4287e+01
-1.7034e+02 -1.6656e+02 -1.3322e+02 -9.5544e+01
-1.7009e+02 -1.6417e+02 -1.1694e+02 -1.6085e+02
-1.7016e+02 -1.6484e+02 -1.2443e+02 -3.7747e+02
# New trial
-1.6968e+02 -1.6057e+02 -1.1294e+02 -7.5017e+01
-1.6958e+02 -1.5990e+02 -1.1940e+02 -1.5577e+02
-1.6985e+02 -1.6221e+02 -1.3583e+02 -4.4360e+02
-1.7056e+02 -1.6886e+02 -1.5997e+02 -5.0062e+02
# New trial
-1.7029e+02 -1.6617e+02 -1.3211e+02 -1.0804e+02
-1.7009e+02 -1.6423e+02 -1.2192e+02 -1.3181e+02
-1.6979e+02 -1.6125e+02 -1.1326e+02 -3.1715e+02
-1.7029e+02 -1.6609e+02 -1.3016e+02 -2.4014e+02
# New trial
-1.7034e+02 -1.6655e+02 -1.3297e+02 -8.5505e+01
-1.7023e+02 -1.6557e+02 -1.2591e+02 -8.6752e+01
-1.7004e+02 -1.6364e+02 -1.1148e+02 -1.0916e+02
-1.7037e+02 -1.6692e+02 -1.3533e+02 -1.2273e+02
# New trial
-1.7033e+02 -1.6646e+02 -1.3244e+02 -8.5455e+01
-1.7013e+02 -1.6452e+02 -1.2057e+02 -8.4659e+01
-1.6980e+02 -1.6132e+02 -1.0931e+02 -2.0972e+02
-1.7007e+02 -1.6390e+02 -1.2338e+02 -3.6488e+02
# New trial
-1.7029e+02 -1.6615e+02 -1.3077e+02 -9.2543e+01
-1.7009e+02 -1.6418e+02 -1.1997e+02 -1.0032e+02
-1.6969e+02 -1.6035e+02 -1.1231e+02 -2.4080e+02
-1.6999e+02 -1.6324e+02 -1.2154e+02 -3.1917e+02
# New trial
-1.7041e+02 -1.6727e+02 -1.3995e+02 -9.2842e+01
-1.7033e+02 -1.6654e+02 -1.3442e+02 -9.7281e+01
-1.7018e+02 -1.6503e+02 -1.2482e+02 -1.8903e+02
-1.7042e+02 -1.6737e+02 -1.4339e+02 -3.8209e+02
# New trial
-1.7019e+02 -1.6511e+02 -1.2548e+02 -1.0157e+02
-1.7004e+02 -1.6368e+02 -1.1769e+02 -1.3360e+02
-1.6987e+02 -1.6205e+02 -1.1445e+02 -2.7720e+02
-1.7037e+02 -1.6690e+02 -1.3802e+02 -2.2397e+02
# New trial
