# 0.1sig - Array shape (trial/sig/alpha): (30L, 4L, 4L)
-9.2005e+01 -8.9500e+01 -8.1854e+01 -1.6836e+02
-9.1953e+01 -8.9006e+01 -7.3666e+01 -6.0906e+01
-9.1938e+01 -8.8851e+01 -7.4000e+01 -1.1903e+02
-9.2215e+01 -9.1462e+01 -8.7045e+01 -2.2888e+02
# New trial
-9.2111e+01 -9.0444e+01 -7.9047e+01 -7.2093e+01
-9.2053e+01 -8.9892e+01 -7.4949e+01 -6.0230e+01
-9.1975e+01 -8.9111e+01 -6.9647e+01 -7.9059e+01
-9.2113e+01 -9.0431e+01 -7.7031e+01 -7.7174e+01
# New trial
-9.2099e+01 -9.0335e+01 -8.1725e+01 -1.3636e+02
-9.2001e+01 -8.9338e+01 -6.9646e+01 -6.0000e+01
-9.1824e+01 -8.7562e+01 -6.2541e+01 -5.9997e+01
-9.1912e+01 -8.8423e+01 -6.8059e+01 -6.5705e+01
# New trial
-9.2075e+01 -9.0090e+01 -8.0374e+01 -1.5251e+02
-9.2020e+01 -8.9512e+01 -7.0682e+01 -6.0136e+01
-9.1875e+01 -8.8062e+01 -6.3558e+01 -5.9997e+01
-9.1950e+01 -8.8801e+01 -6.8304e+01 -5.9998e+01
# New trial
-9.2166e+01 -9.1003e+01 -8.8278e+01 -2.2219e+02
-9.2111e+01 -9.0437e+01 -7.7833e+01 -6.1743e+01
-9.2049e+01 -8.9812e+01 -7.3870e+01 -9.3277e+01
-9.2176e+01 -9.1048e+01 -8.1760e+01 -1.3191e+02
# New trial
-9.2198e+01 -9.1290e+01 -8.4897e+01 -1.1427e+02
-9.2149e+01 -9.0803e+01 -8.0283e+01 -6.0401e+01
-9.2080e+01 -9.0109e+01 -7.4185e+01 -7.4162e+01
-9.2188e+01 -9.1168e+01 -8.3020e+01 -1.8467e+02
# New trial
-9.2117e+01 -9.0482e+01 -7.7577e+01 -6.1195e+01
-9.2067e+01 -8.9990e+01 -7.4190e+01 -6.0748e+01
-9.1982e+01 -8.9149e+01 -6.9527e+01 -6.5792e+01
-9.2105e+01 -9.0355e+01 -7.6948e+01 -1.1576e+02
# New trial
-9.2027e+01 -8.9641e+01 -8.0932e+01 -1.7352e+02
-9.2034e+01 -8.9694e+01 -7.5553e+01 -6.9578e+01
-9.2066e+01 -8.9991e+01 -8.0269e+01 -2.0143e+02
-9.2220e+01 -9.1488e+01 -8.6766e+01 -2.1389e+02
# New trial
-9.2002e+01 -8.9452e+01 -7.5774e+01 -6.1614e+01
-9.1923e+01 -8.8725e+01 -7.1539e+01 -6.0229e+01
-9.1874e+01 -8.8194e+01 -7.1040e+01 -1.2832e+02
-9.2182e+01 -9.1119e+01 -8.2068e+01 -1.0514e+02
# New trial
-9.2076e+01 -9.0083e+01 -7.5930e+01 -6.1679e+01
-9.2015e+01 -8.9487e+01 -7.2628e+01 -6.0322e+01
-9.1916e+01 -8.8498e+01 -6.6485e+01 -6.8496e+01
-9.2083e+01 -9.0122e+01 -7.4269e+01 -7.5286e+01
# New trial
-9.2137e+01 -9.0673e+01 -7.9109e+01 -6.3059e+01
-9.2058e+01 -8.9888e+01 -7.2890e+01 -6.0693e+01
-9.1904e+01 -8.8358e+01 -6.4986e+01 -6.1289e+01
-9.2048e+01 -8.9767e+01 -7.2515e+01 -6.6405e+01
# New trial
-9.2090e+01 -9.0259e+01 -8.0146e+01 -9.3071e+01
-9.2026e+01 -8.9641e+01 -7.5718e+01 -8.0183e+01
-9.1989e+01 -8.9275e+01 -7.9275e+01 -2.0911e+02
-9.2198e+01 -9.1284e+01 -8.5163e+01 -1.8388e+02
# New trial
-9.2066e+01 -8.9998e+01 -7.8125e+01 -1.1557e+02
-9.2049e+01 -8.9823e+01 -7.4233e+01 -7.0429e+01
-9.2016e+01 -8.9499e+01 -7.5863e+01 -1.6160e+02
-9.2207e+01 -9.1363e+01 -8.5194e+01 -1.8266e+02
# New trial
-9.2179e+01 -9.1101e+01 -8.4729e+01 -1.3100e+02
-9.2112e+01 -9.0419e+01 -7.5550e+01 -5.9998e+01
-9.1982e+01 -8.9110e+01 -6.5866e+01 -5.9997e+01
-9.1987e+01 -8.9163e+01 -6.9222e+01 -5.9998e+01
# New trial
-9.2018e+01 -8.9697e+01 -8.2004e+01 -1.3247e+02
-9.1900e+01 -8.8485e+01 -7.0204e+01 -6.0417e+01
-9.1780e+01 -8.7259e+01 -6.8795e+01 -1.0396e+02
-9.2127e+01 -9.0585e+01 -8.4316e+01 -2.2388e+02
# New trial
-9.2019e+01 -8.9761e+01 -9.2955e+01 -2.7850e+02
-9.1930e+01 -8.8777e+01 -7.3953e+01 -6.1814e+01
-9.1866e+01 -8.8082e+01 -7.0707e+01 -1.2699e+02
-9.2147e+01 -9.0786e+01 -8.8155e+01 -3.0780e+02
# New trial
-9.2077e+01 -9.0094e+01 -7.6027e+01 -6.2054e+01
-9.2013e+01 -8.9466e+01 -7.1747e+01 -6.0183e+01
-9.1953e+01 -8.8879e+01 -6.9919e+01 -9.4383e+01
-9.2132e+01 -9.0611e+01 -7.7926e+01 -7.4512e+01
# New trial
-9.2143e+01 -9.0727e+01 -7.8745e+01 -6.7981e+01
-9.2076e+01 -9.0060e+01 -7.4252e+01 -6.2298e+01
-9.1972e+01 -8.9035e+01 -7.1292e+01 -1.1475e+02
-9.2062e+01 -8.9918e+01 -7.5633e+01 -1.4798e+02
# New trial
-9.2142e+01 -9.0718e+01 -7.8457e+01 -6.2263e+01
-9.2094e+01 -9.0243e+01 -7.5428e+01 -6.1983e+01
-9.2019e+01 -8.9510e+01 -7.1312e+01 -7.2525e+01
-9.2147e+01 -9.0759e+01 -8.0539e+01 -1.6306e+02
# New trial
-9.2129e+01 -9.0652e+01 -8.7907e+01 -2.2886e+02
-9.2040e+01 -8.9746e+01 -7.4310e+01 -6.4359e+01
-9.1896e+01 -8.8318e+01 -7.0520e+01 -1.3802e+02
-9.2091e+01 -9.0224e+01 -7.7304e+01 -1.6430e+02
# New trial
-9.2061e+01 -8.9995e+01 -8.2034e+01 -1.4784e+02
-9.2024e+01 -8.9593e+01 -7.3348e+01 -6.1219e+01
-9.2017e+01 -8.9492e+01 -7.0899e+01 -8.0456e+01
-9.2220e+01 -9.1486e+01 -8.4503e+01 -8.1858e+01
# New trial
-9.2105e+01 -9.0407e+01 -8.3064e+01 -1.7725e+02
-9.2059e+01 -8.9936e+01 -7.5614e+01 -6.1088e+01
-9.2039e+01 -8.9728e+01 -7.3704e+01 -9.1161e+01
-9.2213e+01 -9.1431e+01 -8.4776e+01 -1.0362e+02
# New trial
-9.2095e+01 -9.0260e+01 -7.7132e+01 -6.7545e+01
-9.2046e+01 -8.9787e+01 -7.3994e+01 -6.1289e+01
-9.2001e+01 -8.9336e+01 -7.1767e+01 -9.0425e+01
-9.2148e+01 -9.0776e+01 -8.1220e+01 -1.6766e+02
# New trial
-9.2101e+01 -9.0313e+01 -7.6556e+01 -6.1696e+01
-9.2054e+01 -8.9853e+01 -7.3262e+01 -6.1116e+01
-9.1999e+01 -8.9310e+01 -7.2218e+01 -1.0546e+02
-9.2153e+01 -9.0829e+01 -8.3776e+01 -2.0053e+02
# New trial
-9.2171e+01 -9.1009e+01 -8.1760e+01 -7.4296e+01
-9.2148e+01 -9.0779e+01 -7.9864e+01 -6.4826e+01
-9.2087e+01 -9.0169e+01 -7.4304e+01 -8.5498e+01
-9.2144e+01 -9.0720e+01 -7.8343e+01 -1.1024e+02
# New trial
-9.2073e+01 -9.0169e+01 -8.6297e+01 -1.7743e+02
-9.1993e+01 -8.9274e+01 -7.0506e+01 -6.0022e+01
-9.1901e+01 -8.8354e+01 -6.9567e+01 -1.1128e+02
-9.2090e+01 -9.0207e+01 -7.9360e+01 -1.9699e+02
# New trial
-9.2091e+01 -9.0218e+01 -7.6213e+01 -7.7524e+01
-9.2094e+01 -9.0241e+01 -7.5690e+01 -6.6597e+01
-9.2132e+01 -9.0611e+01 -7.8587e+01 -1.1528e+02
-9.2264e+01 -9.1920e+01 -8.8790e+01 -1.2718e+02
# New trial
-9.2058e+01 -8.9943e+01 -7.9613e+01 -1.2861e+02
-9.1996e+01 -8.9313e+01 -7.1977e+01 -6.0775e+01
-9.1900e+01 -8.8403e+01 -7.3266e+01 -1.1015e+02
-9.2133e+01 -9.0633e+01 -8.0772e+01 -1.7469e+02
# New trial
-9.2090e+01 -9.0219e+01 -7.8367e+01 -9.7544e+01
-9.2029e+01 -8.9608e+01 -7.2163e+01 -6.0533e+01
-9.1924e+01 -8.8564e+01 -6.9214e+01 -1.0986e+02
-9.2063e+01 -8.9943e+01 -8.1387e+01 -2.4424e+02
# New trial
-9.2142e+01 -9.0725e+01 -7.9851e+01 -8.1694e+01
-9.2130e+01 -9.0602e+01 -7.8386e+01 -6.7588e+01
-9.2139e+01 -9.0692e+01 -7.9443e+01 -1.0205e+02
-9.2245e+01 -9.1738e+01 -8.7357e+01 -1.4749e+02
# New trial
