# 0.1sig - Array shape (trial/sig/alpha): (30, 4, 4)
-1.7906e+02 -1.7178e+02 -1.6766e+02 -8.7850e+02
-1.7894e+02 -1.7035e+02 -1.3422e+02 -3.3351e+02
-1.7863e+02 -1.6713e+02 -1.1864e+02 -5.2140e+02
-1.7929e+02 -1.7322e+02 -1.3093e+02 -4.8329e+02
# New trial
-1.7928e+02 -1.7328e+02 -1.4026e+02 -2.9303e+02
-1.7916e+02 -1.7199e+02 -1.2516e+02 -1.9904e+02
-1.7882e+02 -1.6856e+02 -9.6188e+01 -2.3269e+02
-1.7898e+02 -1.7000e+02 -1.0124e+02 -1.9957e+02
# New trial
-1.7929e+02 -1.7338e+02 -1.5620e+02 -6.3728e+02
-1.7898e+02 -1.7013e+02 -1.1095e+02 -3.0139e+02
-1.7838e+02 -1.6402e+02 -7.8598e+01 -3.4202e+02
-1.7840e+02 -1.6428e+02 -1.0856e+02 -5.6506e+02
# New trial
-1.7923e+02 -1.7268e+02 -1.5648e+02 -7.4332e+02
-1.7904e+02 -1.7067e+02 -1.1695e+02 -3.7728e+02
-1.7860e+02 -1.6622e+02 -8.5553e+01 -3.4240e+02
-1.7870e+02 -1.6721e+02 -1.0156e+02 -3.7637e+02
# New trial
-1.7945e+02 -1.7509e+02 -1.7092e+02 -7.6807e+02
-1.7928e+02 -1.7318e+02 -1.3071e+02 -1.8858e+02
-1.7898e+02 -1.7008e+02 -1.0094e+02 -1.8847e+02
-1.7922e+02 -1.7232e+02 -1.1252e+02 -1.4164e+02
# New trial
-1.7952e+02 -1.7542e+02 -1.5182e+02 -3.6769e+02
-1.7936e+02 -1.7385e+02 -1.3316e+02 -1.9172e+02
-1.7912e+02 -1.7138e+02 -1.1151e+02 -2.1319e+02
-1.7941e+02 -1.7429e+02 -1.3097e+02 -3.5615e+02
# New trial
-1.7926e+02 -1.7300e+02 -1.3597e+02 -2.5485e+02
-1.7915e+02 -1.7183e+02 -1.2181e+02 -1.8936e+02
-1.7883e+02 -1.6858e+02 -9.6252e+01 -2.4986e+02
-1.7905e+02 -1.7073e+02 -1.1634e+02 -3.7476e+02
# New trial
-1.7918e+02 -1.7245e+02 -1.7261e+02 -8.8948e+02
-1.7909e+02 -1.7136e+02 -1.3028e+02 -3.0296e+02
-1.7892e+02 -1.6953e+02 -1.0848e+02 -3.6954e+02
-1.7943e+02 -1.7444e+02 -1.3982e+02 -5.0290e+02
# New trial
-1.7888e+02 -1.6993e+02 -1.3501e+02 -4.0034e+02
-1.7869e+02 -1.6792e+02 -1.1548e+02 -2.9245e+02
-1.7840e+02 -1.6474e+02 -9.6278e+01 -3.5625e+02
-1.7921e+02 -1.7228e+02 -1.3533e+02 -8.0822e+02
# New trial
-1.7920e+02 -1.7253e+02 -1.3878e+02 -3.3089e+02
-1.7905e+02 -1.7096e+02 -1.2191e+02 -2.6250e+02
-1.7873e+02 -1.6758e+02 -9.2989e+01 -2.3940e+02
-1.7896e+02 -1.6982e+02 -1.0659e+02 -3.4616e+02
# New trial
-1.7944e+02 -1.7481e+02 -1.4939e+02 -3.4153e+02
-1.7922e+02 -1.7259e+02 -1.3121e+02 -3.2144e+02
-1.7864e+02 -1.6674e+02 -1.0013e+02 -3.3843e+02
-1.7871e+02 -1.6737e+02 -1.0122e+02 -3.9331e+02
# New trial
-1.7917e+02 -1.7243e+02 -1.5808e+02 -6.1250e+02
-1.7898e+02 -1.7037e+02 -1.2977e+02 -3.5928e+02
-1.7870e+02 -1.6750e+02 -1.0055e+02 -3.4688e+02
-1.7926e+02 -1.7284e+02 -1.3102e+02 -5.0016e+02
# New trial
-1.7930e+02 -1.7377e+02 -1.7525e+02 -8.1433e+02
-1.7919e+02 -1.7239e+02 -1.3235e+02 -3.3336e+02
-1.7891e+02 -1.6942e+02 -1.0667e+02 -4.3162e+02
-1.7934e+02 -1.7359e+02 -1.2999e+02 -4.2157e+02
# New trial
-1.7954e+02 -1.7584e+02 -1.6616e+02 -4.6595e+02
-1.7933e+02 -1.7349e+02 -1.2605e+02 -1.9094e+02
-1.7895e+02 -1.6961e+02 -9.1726e+01 -2.2286e+02
-1.7888e+02 -1.6895e+02 -9.2907e+01 -2.8238e+02
# New trial
-1.7895e+02 -1.7081e+02 -1.5997e+02 -6.4299e+02
-1.7859e+02 -1.6687e+02 -1.1406e+02 -4.1492e+02
-1.7820e+02 -1.6258e+02 -8.3897e+01 -3.4160e+02
-1.7897e+02 -1.6995e+02 -1.1488e+02 -5.1988e+02
# New trial
-1.7910e+02 -1.7223e+02 -1.8948e+02 -1.0549e+03
-1.7878e+02 -1.6866e+02 -1.3045e+02 -4.7475e+02
-1.7819e+02 -1.6262e+02 -9.8885e+01 -4.7341e+02
-1.7873e+02 -1.6774e+02 -1.3039e+02 -7.0352e+02
# New trial
-1.7924e+02 -1.7302e+02 -1.5442e+02 -5.5679e+02
-1.7906e+02 -1.7114e+02 -1.2812e+02 -3.7397e+02
-1.7871e+02 -1.6746e+02 -1.0001e+02 -3.2535e+02
-1.7896e+02 -1.6976e+02 -1.0956e+02 -3.9140e+02
# New trial
-1.7947e+02 -1.7496e+02 -1.5459e+02 -5.4717e+02
-1.7930e+02 -1.7323e+02 -1.3181e+02 -2.6349e+02
-1.7887e+02 -1.6889e+02 -9.5388e+01 -1.8514e+02
-1.7879e+02 -1.6810e+02 -9.0858e+01 -1.7997e+02
# New trial
-1.7944e+02 -1.7464e+02 -1.4447e+02 -3.1306e+02
-1.7927e+02 -1.7301e+02 -1.2879e+02 -2.0519e+02
-1.7899e+02 -1.7010e+02 -1.0445e+02 -2.4384e+02
-1.7920e+02 -1.7222e+02 -1.2756e+02 -5.1179e+02
# New trial
-1.7932e+02 -1.7394e+02 -1.7964e+02 -9.4158e+02
-1.7909e+02 -1.7136e+02 -1.2566e+02 -2.6995e+02
-1.7857e+02 -1.6612e+02 -8.2172e+01 -1.8117e+02
-1.7887e+02 -1.6897e+02 -9.3441e+01 -1.7489e+02
# New trial
-1.7921e+02 -1.7280e+02 -1.6152e+02 -6.6808e+02
-1.7905e+02 -1.7093e+02 -1.2223e+02 -2.7159e+02
-1.7879e+02 -1.6824e+02 -8.9929e+01 -2.0565e+02
-1.7923e+02 -1.7248e+02 -1.1422e+02 -2.8937e+02
# New trial
-1.7936e+02 -1.7407e+02 -1.6255e+02 -8.6659e+02
-1.7918e+02 -1.7222e+02 -1.2967e+02 -2.9832e+02
-1.7889e+02 -1.6920e+02 -1.0119e+02 -2.7005e+02
-1.7924e+02 -1.7262e+02 -1.2121e+02 -2.8130e+02
# New trial
-1.7929e+02 -1.7315e+02 -1.3614e+02 -3.0000e+02
-1.7914e+02 -1.7166e+02 -1.1973e+02 -2.3568e+02
-1.7882e+02 -1.6849e+02 -9.6736e+01 -2.9009e+02
-1.7907e+02 -1.7083e+02 -1.0938e+02 -3.4404e+02
# New trial
-1.7924e+02 -1.7281e+02 -1.3488e+02 -2.6865e+02
-1.7917e+02 -1.7199e+02 -1.1810e+02 -1.5494e+02
-1.7901e+02 -1.7028e+02 -1.0095e+02 -2.3899e+02
-1.7931e+02 -1.7325e+02 -1.1964e+02 -1.4384e+02
# New trial
-1.7940e+02 -1.7426e+02 -1.5079e+02 -5.0558e+02
-1.7936e+02 -1.7386e+02 -1.3363e+02 -1.7763e+02
-1.7922e+02 -1.7238e+02 -1.1509e+02 -2.1442e+02
-1.7944e+02 -1.7452e+02 -1.3038e+02 -2.5398e+02
# New trial
-1.7931e+02 -1.7399e+02 -1.7773e+02 -8.0400e+02
-1.7900e+02 -1.7034e+02 -1.1204e+02 -2.8110e+02
-1.7863e+02 -1.6651e+02 -8.6686e+01 -2.8498e+02
-1.7887e+02 -1.6891e+02 -1.0527e+02 -4.9221e+02
# New trial
-1.7932e+02 -1.7353e+02 -1.4073e+02 -3.4626e+02
-1.7934e+02 -1.7366e+02 -1.3267e+02 -2.3114e+02
-1.7932e+02 -1.7335e+02 -1.2446e+02 -2.7758e+02
-1.7963e+02 -1.7639e+02 -1.4772e+02 -2.9422e+02
# New trial
-1.7939e+02 -1.7482e+02 -1.7949e+02 -7.8441e+02
-1.7908e+02 -1.7128e+02 -1.2954e+02 -4.3934e+02
-1.7851e+02 -1.6552e+02 -9.6794e+01 -4.2219e+02
-1.7881e+02 -1.6831e+02 -1.1892e+02 -6.6160e+02
# New trial
-1.7928e+02 -1.7311e+02 -1.4366e+02 -4.7479e+02
-1.7910e+02 -1.7121e+02 -1.1477e+02 -3.0269e+02
-1.7865e+02 -1.6666e+02 -7.4276e+01 -1.9417e+02
-1.7873e+02 -1.6746e+02 -8.3402e+01 -8.8294e+01
# New trial
-1.7935e+02 -1.7379e+02 -1.4251e+02 -3.3398e+02
-1.7932e+02 -1.7347e+02 -1.3063e+02 -2.1111e+02
-1.7935e+02 -1.7368e+02 -1.2787e+02 -2.4549e+02
-1.7961e+02 -1.7622e+02 -1.4521e+02 -1.7848e+02
# New trial
