# 0.01sig - Array shape (trial/sig/alpha): (30, 4, 4)
-1.6605e+02 -1.6522e+02 -1.5843e+02 -1.4875e+02
-1.6603e+02 -1.6504e+02 -1.5742e+02 -1.5073e+02
-1.6601e+02 -1.6480e+02 -1.5696e+02 -1.7238e+02
-1.6609e+02 -1.6558e+02 -1.6169e+02 -2.1367e+02
# New trial
-1.6604e+02 -1.6515e+02 -1.5764e+02 -1.4798e+02
-1.6601e+02 -1.6486e+02 -1.5608e+02 -1.4784e+02
-1.6597e+02 -1.6444e+02 -1.5421e+02 -1.5943e+02
-1.6605e+02 -1.6522e+02 -1.5893e+02 -1.9262e+02
# New trial
-1.6606e+02 -1.6530e+02 -1.5857e+02 -1.5013e+02
-1.6602e+02 -1.6496e+02 -1.5630e+02 -1.4837e+02
-1.6593e+02 -1.6401e+02 -1.5182e+02 -1.4887e+02
-1.6594e+02 -1.6412e+02 -1.5394e+02 -1.8782e+02
# New trial
-1.6604e+02 -1.6507e+02 -1.5746e+02 -1.4954e+02
-1.6600e+02 -1.6469e+02 -1.5574e+02 -1.4893e+02
-1.6593e+02 -1.6408e+02 -1.5392e+02 -1.5610e+02
-1.6604e+02 -1.6515e+02 -1.6130e+02 -2.4222e+02
# New trial
-1.6607e+02 -1.6541e+02 -1.5939e+02 -1.4859e+02
-1.6604e+02 -1.6510e+02 -1.5715e+02 -1.4832e+02
-1.6594e+02 -1.6417e+02 -1.5219e+02 -1.4775e+02
-1.6591e+02 -1.6384e+02 -1.5030e+02 -1.4769e+02
# New trial
-1.6607e+02 -1.6545e+02 -1.5959e+02 -1.4788e+02
-1.6604e+02 -1.6509e+02 -1.5708e+02 -1.4901e+02
-1.6594e+02 -1.6409e+02 -1.5178e+02 -1.5025e+02
-1.6593e+02 -1.6400e+02 -1.5077e+02 -1.5110e+02
# New trial
-1.6607e+02 -1.6542e+02 -1.5954e+02 -1.4819e+02
-1.6605e+02 -1.6517e+02 -1.5803e+02 -1.4793e+02
-1.6600e+02 -1.6476e+02 -1.5567e+02 -1.5034e+02
-1.6606e+02 -1.6533e+02 -1.5878e+02 -1.5995e+02
# New trial
-1.6607e+02 -1.6537e+02 -1.5919e+02 -1.5243e+02
-1.6605e+02 -1.6521e+02 -1.5817e+02 -1.5909e+02
-1.6601e+02 -1.6485e+02 -1.5779e+02 -1.9897e+02
-1.6604e+02 -1.6508e+02 -1.6009e+02 -2.4409e+02
# New trial
-1.6606e+02 -1.6533e+02 -1.5877e+02 -1.4803e+02
-1.6603e+02 -1.6502e+02 -1.5650e+02 -1.5011e+02
-1.6595e+02 -1.6427e+02 -1.5411e+02 -1.7811e+02
-1.6599e+02 -1.6463e+02 -1.5479e+02 -1.8272e+02
# New trial
-1.6605e+02 -1.6521e+02 -1.5824e+02 -1.4810e+02
-1.6602e+02 -1.6494e+02 -1.5697e+02 -1.4784e+02
-1.6597e+02 -1.6441e+02 -1.5492e+02 -1.5957e+02
-1.6603e+02 -1.6504e+02 -1.5729e+02 -1.7617e+02
# New trial
-1.6603e+02 -1.6502e+02 -1.5765e+02 -1.4885e+02
-1.6599e+02 -1.6467e+02 -1.5643e+02 -1.5067e+02
-1.6593e+02 -1.6406e+02 -1.5472e+02 -1.6476e+02
-1.6604e+02 -1.6519e+02 -1.5981e+02 -1.9700e+02
# New trial
-1.6609e+02 -1.6560e+02 -1.6099e+02 -1.5114e+02
-1.6608e+02 -1.6550e+02 -1.6014e+02 -1.5108e+02
-1.6605e+02 -1.6516e+02 -1.5737e+02 -1.5105e+02
-1.6604e+02 -1.6506e+02 -1.5642e+02 -1.5426e+02
# New trial
-1.6607e+02 -1.6545e+02 -1.5949e+02 -1.4770e+02
-1.6604e+02 -1.6513e+02 -1.5687e+02 -1.4769e+02
-1.6596e+02 -1.6433e+02 -1.5214e+02 -1.5385e+02
-1.6595e+02 -1.6423e+02 -1.5194e+02 -1.5879e+02
# New trial
-1.6609e+02 -1.6562e+02 -1.6103e+02 -1.4876e+02
-1.6607e+02 -1.6545e+02 -1.5949e+02 -1.4912e+02
-1.6602e+02 -1.6491e+02 -1.5524e+02 -1.5027e+02
-1.6600e+02 -1.6467e+02 -1.5359e+02 -1.5443e+02
# New trial
-1.6608e+02 -1.6553e+02 -1.6023e+02 -1.4872e+02
-1.6607e+02 -1.6537e+02 -1.5882e+02 -1.4868e+02
-1.6601e+02 -1.6480e+02 -1.5478e+02 -1.4910e+02
-1.6598e+02 -1.6454e+02 -1.5302e+02 -1.5003e+02
# New trial
-1.6604e+02 -1.6513e+02 -1.5776e+02 -1.4789e+02
-1.6601e+02 -1.6480e+02 -1.5631e+02 -1.4853e+02
-1.6595e+02 -1.6425e+02 -1.5387e+02 -1.5402e+02
-1.6604e+02 -1.6510e+02 -1.5845e+02 -1.9628e+02
# New trial
-1.6606e+02 -1.6526e+02 -1.5835e+02 -1.4819e+02
-1.6603e+02 -1.6497e+02 -1.5688e+02 -1.4828e+02
-1.6598e+02 -1.6455e+02 -1.5379e+02 -1.4949e+02
-1.6604e+02 -1.6509e+02 -1.5717e+02 -1.7765e+02
# New trial
-1.6605e+02 -1.6526e+02 -1.5933e+02 -1.4973e+02
-1.6602e+02 -1.6496e+02 -1.5811e+02 -1.5034e+02
-1.6594e+02 -1.6414e+02 -1.5497e+02 -1.6437e+02
-1.6599e+02 -1.6460e+02 -1.5697e+02 -2.0308e+02
# New trial
-1.6602e+02 -1.6496e+02 -1.5774e+02 -1.5570e+02
-1.6599e+02 -1.6466e+02 -1.5743e+02 -1.7909e+02
-1.6597e+02 -1.6442e+02 -1.5825e+02 -2.1244e+02
-1.6610e+02 -1.6575e+02 -1.6906e+02 -3.3175e+02
# New trial
-1.6606e+02 -1.6534e+02 -1.5918e+02 -1.4832e+02
-1.6605e+02 -1.6518e+02 -1.5844e+02 -1.5016e+02
-1.6602e+02 -1.6491e+02 -1.5742e+02 -1.9013e+02
-1.6606e+02 -1.6533e+02 -1.6026e+02 -2.1513e+02
# New trial
-1.6599e+02 -1.6467e+02 -1.5554e+02 -1.4774e+02
-1.6596e+02 -1.6435e+02 -1.5486e+02 -1.4952e+02
-1.6591e+02 -1.6384e+02 -1.5160e+02 -1.4806e+02
-1.6601e+02 -1.6486e+02 -1.5479e+02 -1.4771e+02
# New trial
-1.6608e+02 -1.6550e+02 -1.6022e+02 -1.4825e+02
-1.6605e+02 -1.6523e+02 -1.5833e+02 -1.4809e+02
-1.6598e+02 -1.6453e+02 -1.5371e+02 -1.4769e+02
-1.6603e+02 -1.6496e+02 -1.5555e+02 -1.4769e+02
# New trial
-1.6610e+02 -1.6570e+02 -1.6183e+02 -1.4830e+02
-1.6608e+02 -1.6553e+02 -1.6025e+02 -1.4882e+02
-1.6603e+02 -1.6504e+02 -1.5621e+02 -1.4806e+02
-1.6599e+02 -1.6464e+02 -1.5310e+02 -1.5503e+02
# New trial
-1.6600e+02 -1.6476e+02 -1.5693e+02 -1.4776e+02
-1.6597e+02 -1.6450e+02 -1.5684e+02 -1.4894e+02
-1.6597e+02 -1.6451e+02 -1.5798e+02 -1.8447e+02
-1.6608e+02 -1.6556e+02 -1.6214e+02 -2.1220e+02
# New trial
-1.6609e+02 -1.6557e+02 -1.6101e+02 -1.6077e+02
-1.6606e+02 -1.6528e+02 -1.5933e+02 -1.6769e+02
-1.6598e+02 -1.6458e+02 -1.5649e+02 -1.8164e+02
-1.6602e+02 -1.6494e+02 -1.5697e+02 -1.9921e+02
# New trial
-1.6609e+02 -1.6559e+02 -1.6092e+02 -1.5735e+02
-1.6607e+02 -1.6541e+02 -1.5954e+02 -1.5840e+02
-1.6602e+02 -1.6491e+02 -1.5675e+02 -1.6777e+02
-1.6604e+02 -1.6512e+02 -1.5829e+02 -1.8751e+02
# New trial
-1.6609e+02 -1.6556e+02 -1.6056e+02 -1.4868e+02
-1.6606e+02 -1.6526e+02 -1.5820e+02 -1.4820e+02
-1.6599e+02 -1.6459e+02 -1.5352e+02 -1.4798e+02
-1.6599e+02 -1.6457e+02 -1.5378e+02 -1.7278e+02
# New trial
-1.6608e+02 -1.6552e+02 -1.6016e+02 -1.4815e+02
-1.6605e+02 -1.6524e+02 -1.5803e+02 -1.4875e+02
-1.6598e+02 -1.6452e+02 -1.5360e+02 -1.5905e+02
-1.6597e+02 -1.6444e+02 -1.5283e+02 -1.6982e+02
# New trial
-1.6609e+02 -1.6565e+02 -1.6141e+02 -1.4928e+02
-1.6608e+02 -1.6554e+02 -1.6041e+02 -1.4979e+02
-1.6605e+02 -1.6516e+02 -1.5736e+02 -1.5091e+02
-1.6606e+02 -1.6528e+02 -1.5829e+02 -1.6036e+02
# New trial
-1.6607e+02 -1.6536e+02 -1.5973e+02 -1.5147e+02
-1.6604e+02 -1.6517e+02 -1.5876e+02 -1.5514e+02
-1.6599e+02 -1.6468e+02 -1.5705e+02 -1.7497e+02
-1.6605e+02 -1.6519e+02 -1.5936e+02 -2.0576e+02
# New trial
