# 0.01sig - Array shape (trial/sig/alpha): (30L, 4L, 4L)
-3.2300e+01 -3.2352e+01 -4.2256e+01 -2.4411e+02
-3.2318e+01 -3.2483e+01 -3.9099e+01 -2.0442e+02
-3.2306e+01 -3.2319e+01 -3.3276e+01 -1.0487e+02
-3.2303e+01 -3.2281e+01 -3.2209e+01 -4.3113e+01
# New trial
-3.2221e+01 -3.1855e+01 -5.0045e+01 -3.2138e+02
-3.2237e+01 -3.1712e+01 -3.1817e+01 -9.1226e+01
-3.2288e+01 -3.2153e+01 -3.1937e+01 -7.8495e+01
-3.2302e+01 -3.2275e+01 -3.2240e+01 -3.9885e+01
# New trial
-3.2229e+01 -3.2028e+01 -5.1534e+01 -3.4120e+02
-3.2283e+01 -3.2312e+01 -4.1612e+01 -2.1907e+02
-3.2302e+01 -3.2307e+01 -3.5183e+01 -1.6547e+02
-3.2306e+01 -3.2309e+01 -3.2440e+01 -6.5232e+01
# New trial
-3.2270e+01 -3.2234e+01 -4.8631e+01 -3.0437e+02
-3.2286e+01 -3.2245e+01 -4.0679e+01 -2.2260e+02
-3.2298e+01 -3.2258e+01 -3.4268e+01 -1.6927e+02
-3.2303e+01 -3.2281e+01 -3.2366e+01 -6.9634e+01
# New trial
-3.2309e+01 -3.2432e+01 -4.1797e+01 -2.2501e+02
-3.2290e+01 -3.2210e+01 -3.6075e+01 -1.4613e+02
-3.2302e+01 -3.2281e+01 -3.2962e+01 -1.0045e+02
-3.2306e+01 -3.2311e+01 -3.2454e+01 -6.2530e+01
# New trial
-3.2206e+01 -3.1702e+01 -4.0925e+01 -2.0243e+02
-3.2252e+01 -3.1877e+01 -3.2482e+01 -8.8729e+01
-3.2298e+01 -3.2247e+01 -3.3373e+01 -1.1182e+02
-3.2307e+01 -3.2322e+01 -3.2896e+01 -1.0997e+02
# New trial
-3.2299e+01 -3.2437e+01 -4.9431e+01 -3.2628e+02
-3.2285e+01 -3.2174e+01 -3.7069e+01 -1.7187e+02
-3.2296e+01 -3.2227e+01 -3.3089e+01 -1.1461e+02
-3.2305e+01 -3.2300e+01 -3.2299e+01 -4.3378e+01
# New trial
-3.2251e+01 -3.1957e+01 -3.9679e+01 -2.1690e+02
-3.2317e+01 -3.2505e+01 -3.8715e+01 -1.6304e+02
-3.2312e+01 -3.2391e+01 -3.4366e+01 -1.1183e+02
-3.2305e+01 -3.2302e+01 -3.2320e+01 -3.9402e+01
# New trial
-3.2195e+01 -3.1717e+01 -4.6347e+01 -2.8323e+02
-3.2229e+01 -3.1753e+01 -3.5686e+01 -1.5749e+02
-3.2267e+01 -3.1987e+01 -3.1422e+01 -1.0038e+02
-3.2301e+01 -3.2269e+01 -3.2447e+01 -8.7830e+01
# New trial
-3.2305e+01 -3.2538e+01 -5.0827e+01 -3.2279e+02
-3.2304e+01 -3.2342e+01 -3.8051e+01 -1.8699e+02
-3.2306e+01 -3.2316e+01 -3.3242e+01 -1.1704e+02
-3.2306e+01 -3.2310e+01 -3.2353e+01 -3.7014e+01
# New trial
-3.2250e+01 -3.1893e+01 -4.0260e+01 -2.0669e+02
-3.2261e+01 -3.1909e+01 -3.1956e+01 -8.4343e+01
-3.2295e+01 -3.2212e+01 -3.2071e+01 -8.6895e+01
-3.2304e+01 -3.2290e+01 -3.2216e+01 -3.5465e+01
# New trial
-3.2281e+01 -3.2071e+01 -3.1459e+01 -7.3744e+01
-3.2292e+01 -3.2170e+01 -3.1599e+01 -5.3441e+01
-3.2302e+01 -3.2267e+01 -3.2033e+01 -4.4408e+01
-3.2306e+01 -3.2305e+01 -3.2297e+01 -3.2636e+01
# New trial
-3.2273e+01 -3.2175e+01 -4.4087e+01 -2.4302e+02
-3.2321e+01 -3.2554e+01 -4.1310e+01 -1.9567e+02
-3.2306e+01 -3.2331e+01 -3.4331e+01 -1.1671e+02
-3.2305e+01 -3.2296e+01 -3.2677e+01 -8.3564e+01
# New trial
-3.2272e+01 -3.1991e+01 -3.2004e+01 -1.0134e+02
-3.2290e+01 -3.2154e+01 -3.1766e+01 -7.2300e+01
-3.2304e+01 -3.2286e+01 -3.2348e+01 -6.4792e+01
-3.2306e+01 -3.2308e+01 -3.2393e+01 -5.8874e+01
# New trial
-3.2249e+01 -3.1874e+01 -3.7353e+01 -1.7019e+02
-3.2287e+01 -3.2172e+01 -3.4517e+01 -1.2245e+02
-3.2300e+01 -3.2254e+01 -3.2427e+01 -8.6317e+01
-3.2304e+01 -3.2292e+01 -3.2235e+01 -3.5465e+01
# New trial
-3.2345e+01 -3.2739e+01 -4.0438e+01 -1.6411e+02
-3.2339e+01 -3.2649e+01 -3.6934e+01 -1.0664e+02
-3.2314e+01 -3.2391e+01 -3.3447e+01 -6.7830e+01
-3.2306e+01 -3.2306e+01 -3.2348e+01 -4.2997e+01
# New trial
-3.2236e+01 -3.1886e+01 -4.0411e+01 -1.7613e+02
-3.2300e+01 -3.2351e+01 -3.7485e+01 -1.3568e+02
-3.2304e+01 -3.2316e+01 -3.3903e+01 -9.2854e+01
-3.2306e+01 -3.2309e+01 -3.2821e+01 -7.4681e+01
# New trial
-3.2322e+01 -3.3023e+01 -6.4118e+01 -4.8444e+02
-3.2356e+01 -3.2968e+01 -4.7566e+01 -2.6942e+02
-3.2325e+01 -3.2525e+01 -3.7831e+01 -1.9007e+02
-3.2307e+01 -3.2319e+01 -3.3550e+01 -1.3475e+02
# New trial
-3.2295e+01 -3.2333e+01 -4.1839e+01 -2.2582e+02
-3.2304e+01 -3.2334e+01 -3.5621e+01 -1.0983e+02
-3.2306e+01 -3.2317e+01 -3.2965e+01 -7.1915e+01
-3.2305e+01 -3.2299e+01 -3.2264e+01 -3.4262e+01
# New trial
-3.2300e+01 -3.2264e+01 -3.3950e+01 -1.3581e+02
-3.2306e+01 -3.2316e+01 -3.3322e+01 -9.7604e+01
-3.2307e+01 -3.2320e+01 -3.2577e+01 -5.6586e+01
-3.2306e+01 -3.2303e+01 -3.2288e+01 -3.2452e+01
# New trial
-3.2303e+01 -3.2294e+01 -3.4149e+01 -1.1718e+02
-3.2294e+01 -3.2201e+01 -3.2153e+01 -7.2751e+01
-3.2299e+01 -3.2245e+01 -3.1953e+01 -5.2174e+01
-3.2305e+01 -3.2296e+01 -3.2227e+01 -3.2512e+01
# New trial
-3.2262e+01 -3.2173e+01 -4.9415e+01 -3.2488e+02
-3.2286e+01 -3.2232e+01 -3.8442e+01 -1.5690e+02
-3.2290e+01 -3.2172e+01 -3.2508e+01 -1.0013e+02
-3.2305e+01 -3.2297e+01 -3.2291e+01 -5.0236e+01
# New trial
-3.2297e+01 -3.2340e+01 -4.3039e+01 -2.5288e+02
-3.2305e+01 -3.2332e+01 -3.5698e+01 -1.2652e+02
-3.2307e+01 -3.2323e+01 -3.2887e+01 -6.2711e+01
-3.2306e+01 -3.2305e+01 -3.2305e+01 -3.3757e+01
# New trial
-3.2171e+01 -3.1564e+01 -4.7471e+01 -2.7123e+02
-3.2235e+01 -3.1817e+01 -3.6188e+01 -1.3900e+02
-3.2291e+01 -3.2202e+01 -3.2782e+01 -8.0407e+01
-3.2300e+01 -3.2270e+01 -3.2336e+01 -4.5921e+01
# New trial
-3.2233e+01 -3.1630e+01 -3.0669e+01 -8.0194e+01
-3.2270e+01 -3.1971e+01 -3.0508e+01 -4.6475e+01
-3.2298e+01 -3.2230e+01 -3.1951e+01 -5.7073e+01
-3.2306e+01 -3.2305e+01 -3.2344e+01 -4.1020e+01
# New trial
-3.2250e+01 -3.1922e+01 -4.1838e+01 -2.4129e+02
-3.2274e+01 -3.2065e+01 -3.4515e+01 -1.0573e+02
-3.2292e+01 -3.2183e+01 -3.1949e+01 -5.9764e+01
-3.2304e+01 -3.2286e+01 -3.2275e+01 -4.8866e+01
# New trial
-3.2272e+01 -3.2107e+01 -3.9921e+01 -2.0322e+02
-3.2289e+01 -3.2221e+01 -3.7501e+01 -1.6502e+02
-3.2299e+01 -3.2259e+01 -3.3691e+01 -1.3930e+02
-3.2304e+01 -3.2290e+01 -3.2310e+01 -6.5736e+01
# New trial
-3.2314e+01 -3.2497e+01 -4.3814e+01 -2.4076e+02
-3.2334e+01 -3.2635e+01 -3.8789e+01 -1.4650e+02
-3.2308e+01 -3.2339e+01 -3.3322e+01 -7.6470e+01
-3.2306e+01 -3.2304e+01 -3.2354e+01 -4.2920e+01
# New trial
-3.2408e+01 -3.3586e+01 -6.0469e+01 -4.2083e+02
-3.2343e+01 -3.2731e+01 -4.0255e+01 -1.7481e+02
-3.2309e+01 -3.2344e+01 -3.3219e+01 -7.6036e+01
-3.2305e+01 -3.2297e+01 -3.2244e+01 -3.2390e+01
# New trial
-3.2327e+01 -3.2648e+01 -5.3973e+01 -3.8316e+02
-3.2313e+01 -3.2416e+01 -3.8747e+01 -2.1081e+02
-3.2301e+01 -3.2262e+01 -3.2464e+01 -9.3770e+01
-3.2304e+01 -3.2292e+01 -3.2209e+01 -3.2312e+01
# New trial
