# 0.01sig - Array shape (trial/sig/alpha): (30, 4, 4)
-1.6592e+02 -1.6393e+02 -1.4768e+02 -1.2481e+02
-1.6588e+02 -1.6352e+02 -1.4528e+02 -1.2818e+02
-1.6582e+02 -1.6292e+02 -1.4366e+02 -1.7877e+02
-1.6600e+02 -1.6475e+02 -1.5495e+02 -2.6305e+02
# New trial
-1.6592e+02 -1.6395e+02 -1.4785e+02 -1.2538e+02
-1.6586e+02 -1.6338e+02 -1.4548e+02 -1.2648e+02
-1.6576e+02 -1.6246e+02 -1.4223e+02 -1.4643e+02
-1.6594e+02 -1.6413e+02 -1.5112e+02 -2.4086e+02
# New trial
-1.6594e+02 -1.6413e+02 -1.4851e+02 -1.2561e+02
-1.6585e+02 -1.6327e+02 -1.4313e+02 -1.2670e+02
-1.6564e+02 -1.6120e+02 -1.3587e+02 -1.4650e+02
-1.6574e+02 -1.6218e+02 -1.3718e+02 -1.7444e+02
# New trial
-1.6588e+02 -1.6360e+02 -1.4650e+02 -1.2746e+02
-1.6580e+02 -1.6278e+02 -1.4459e+02 -1.4356e+02
-1.6565e+02 -1.6136e+02 -1.4032e+02 -1.8860e+02
-1.6589e+02 -1.6371e+02 -1.4575e+02 -1.4628e+02
# New trial
-1.6597e+02 -1.6442e+02 -1.5050e+02 -1.2596e+02
-1.6591e+02 -1.6378e+02 -1.4615e+02 -1.3241e+02
-1.6575e+02 -1.6226e+02 -1.4158e+02 -1.8600e+02
-1.6577e+02 -1.6251e+02 -1.4834e+02 -2.6996e+02
# New trial
-1.6597e+02 -1.6441e+02 -1.4981e+02 -1.2469e+02
-1.6588e+02 -1.6352e+02 -1.4410e+02 -1.2608e+02
-1.6563e+02 -1.6110e+02 -1.2901e+02 -1.2461e+02
-1.6565e+02 -1.6126e+02 -1.2881e+02 -1.2461e+02
# New trial
-1.6596e+02 -1.6432e+02 -1.4972e+02 -1.2631e+02
-1.6590e+02 -1.6371e+02 -1.4610e+02 -1.2881e+02
-1.6580e+02 -1.6280e+02 -1.4111e+02 -1.3338e+02
-1.6597e+02 -1.6442e+02 -1.5041e+02 -1.6398e+02
# New trial
-1.6596e+02 -1.6428e+02 -1.4929e+02 -1.2473e+02
-1.6591e+02 -1.6379e+02 -1.4554e+02 -1.2563e+02
-1.6578e+02 -1.6251e+02 -1.3768e+02 -1.4882e+02
-1.6585e+02 -1.6326e+02 -1.4233e+02 -1.8500e+02
# New trial
-1.6594e+02 -1.6414e+02 -1.4825e+02 -1.2512e+02
-1.6586e+02 -1.6334e+02 -1.4284e+02 -1.2930e+02
-1.6564e+02 -1.6120e+02 -1.3445e+02 -1.5494e+02
-1.6574e+02 -1.6210e+02 -1.3560e+02 -1.6678e+02
# New trial
-1.6593e+02 -1.6408e+02 -1.4954e+02 -1.3291e+02
-1.6587e+02 -1.6350e+02 -1.4675e+02 -1.3235e+02
-1.6575e+02 -1.6235e+02 -1.4138e+02 -1.4696e+02
-1.6593e+02 -1.6406e+02 -1.5015e+02 -1.9997e+02
# New trial
-1.6586e+02 -1.6336e+02 -1.4456e+02 -1.2579e+02
-1.6577e+02 -1.6253e+02 -1.4188e+02 -1.3335e+02
-1.6564e+02 -1.6133e+02 -1.3870e+02 -1.5796e+02
-1.6596e+02 -1.6431e+02 -1.5387e+02 -3.0563e+02
# New trial
-1.6601e+02 -1.6484e+02 -1.5377e+02 -1.2631e+02
-1.6599e+02 -1.6459e+02 -1.5164e+02 -1.2613e+02
-1.6592e+02 -1.6389e+02 -1.4583e+02 -1.2668e+02
-1.6595e+02 -1.6420e+02 -1.4810e+02 -1.3894e+02
# New trial
-1.6597e+02 -1.6442e+02 -1.4995e+02 -1.2483e+02
-1.6589e+02 -1.6363e+02 -1.4399e+02 -1.2511e+02
-1.6568e+02 -1.6156e+02 -1.3271e+02 -1.3608e+02
-1.6570e+02 -1.6169e+02 -1.3306e+02 -1.4115e+02
# New trial
-1.6602e+02 -1.6487e+02 -1.5401e+02 -1.2526e+02
-1.6598e+02 -1.6448e+02 -1.5063e+02 -1.2596e+02
-1.6585e+02 -1.6319e+02 -1.4049e+02 -1.2485e+02
-1.6579e+02 -1.6257e+02 -1.3476e+02 -1.2461e+02
# New trial
-1.6599e+02 -1.6463e+02 -1.5189e+02 -1.3266e+02
-1.6595e+02 -1.6425e+02 -1.4876e+02 -1.3437e+02
-1.6582e+02 -1.6295e+02 -1.4016e+02 -1.3994e+02
-1.6578e+02 -1.6253e+02 -1.3714e+02 -1.4600e+02
# New trial
-1.6590e+02 -1.6377e+02 -1.4821e+02 -1.2830e+02
-1.6582e+02 -1.6299e+02 -1.4473e+02 -1.2801e+02
-1.6567e+02 -1.6154e+02 -1.3697e+02 -1.2794e+02
-1.6589e+02 -1.6362e+02 -1.4883e+02 -2.6939e+02
# New trial
-1.6593e+02 -1.6399e+02 -1.4782e+02 -1.2635e+02
-1.6586e+02 -1.6333e+02 -1.4465e+02 -1.2683e+02
-1.6573e+02 -1.6213e+02 -1.3645e+02 -1.2634e+02
-1.6588e+02 -1.6353e+02 -1.4304e+02 -1.3008e+02
# New trial
-1.6593e+02 -1.6403e+02 -1.4934e+02 -1.2904e+02
-1.6585e+02 -1.6332e+02 -1.4595e+02 -1.2971e+02
-1.6569e+02 -1.6180e+02 -1.4120e+02 -1.6251e+02
-1.6589e+02 -1.6359e+02 -1.4828e+02 -2.4992e+02
# New trial
-1.6590e+02 -1.6377e+02 -1.4797e+02 -1.3506e+02
-1.6583e+02 -1.6309e+02 -1.4481e+02 -1.5947e+02
-1.6582e+02 -1.6295e+02 -1.4682e+02 -2.4340e+02
-1.6604e+02 -1.6507e+02 -1.6077e+02 -3.8145e+02
# New trial
-1.6595e+02 -1.6418e+02 -1.4939e+02 -1.2586e+02
-1.6590e+02 -1.6372e+02 -1.4716e+02 -1.2677e+02
-1.6581e+02 -1.6289e+02 -1.4324e+02 -1.5451e+02
-1.6595e+02 -1.6423e+02 -1.5094e+02 -2.3791e+02
# New trial
-1.6580e+02 -1.6279e+02 -1.4366e+02 -1.2586e+02
-1.6573e+02 -1.6220e+02 -1.4348e+02 -1.5114e+02
-1.6570e+02 -1.6191e+02 -1.4510e+02 -2.2359e+02
-1.6597e+02 -1.6445e+02 -1.5180e+02 -2.1490e+02
# New trial
-1.6598e+02 -1.6455e+02 -1.5205e+02 -1.3021e+02
-1.6592e+02 -1.6391e+02 -1.4817e+02 -1.3269e+02
-1.6577e+02 -1.6252e+02 -1.4109e+02 -1.5866e+02
-1.6591e+02 -1.6383e+02 -1.4711e+02 -2.1730e+02
# New trial
-1.6605e+02 -1.6516e+02 -1.5649e+02 -1.2680e+02
-1.6600e+02 -1.6472e+02 -1.5248e+02 -1.2732e+02
-1.6590e+02 -1.6372e+02 -1.4494e+02 -1.4548e+02
-1.6585e+02 -1.6323e+02 -1.4152e+02 -1.7767e+02
# New trial
-1.6578e+02 -1.6267e+02 -1.4521e+02 -1.2913e+02
-1.6569e+02 -1.6194e+02 -1.4435e+02 -1.3679e+02
-1.6571e+02 -1.6211e+02 -1.4972e+02 -2.5822e+02
-1.6601e+02 -1.6491e+02 -1.6036e+02 -3.2481e+02
# New trial
-1.6600e+02 -1.6472e+02 -1.5296e+02 -1.2956e+02
-1.6593e+02 -1.6400e+02 -1.4805e+02 -1.2685e+02
-1.6577e+02 -1.6248e+02 -1.3955e+02 -1.4436e+02
-1.6590e+02 -1.6370e+02 -1.4808e+02 -2.5077e+02
# New trial
-1.6603e+02 -1.6500e+02 -1.5554e+02 -1.4659e+02
-1.6599e+02 -1.6462e+02 -1.5262e+02 -1.4830e+02
-1.6589e+02 -1.6361e+02 -1.4700e+02 -1.6736e+02
-1.6594e+02 -1.6416e+02 -1.5045e+02 -2.0999e+02
# New trial
-1.6601e+02 -1.6477e+02 -1.5303e+02 -1.2730e+02
-1.6593e+02 -1.6406e+02 -1.4775e+02 -1.2732e+02
-1.6579e+02 -1.6261e+02 -1.3845e+02 -1.4339e+02
-1.6580e+02 -1.6276e+02 -1.3955e+02 -1.9165e+02
# New trial
-1.6599e+02 -1.6463e+02 -1.5166e+02 -1.2554e+02
-1.6592e+02 -1.6391e+02 -1.4616e+02 -1.2550e+02
-1.6575e+02 -1.6228e+02 -1.3579e+02 -1.2931e+02
-1.6580e+02 -1.6273e+02 -1.3865e+02 -1.5785e+02
# New trial
-1.6603e+02 -1.6501e+02 -1.5533e+02 -1.2892e+02
-1.6600e+02 -1.6473e+02 -1.5299e+02 -1.2896e+02
-1.6592e+02 -1.6394e+02 -1.4707e+02 -1.4092e+02
-1.6596e+02 -1.6435e+02 -1.5022e+02 -1.6929e+02
# New trial
-1.6596e+02 -1.6429e+02 -1.5035e+02 -1.3175e+02
-1.6591e+02 -1.6388e+02 -1.4830e+02 -1.4477e+02
-1.6583e+02 -1.6302e+02 -1.4369e+02 -1.6451e+02
-1.6598e+02 -1.6451e+02 -1.5143e+02 -1.5544e+02
# New trial
