# 0.01sig - Array shape (trial/sig/alpha): (30, 4, 4)
-1.7984e+02 -1.7849e+02 -1.6771e+02 -1.5089e+02
-1.7980e+02 -1.7813e+02 -1.6540e+02 -1.5392e+02
-1.7974e+02 -1.7750e+02 -1.6341e+02 -1.9030e+02
-1.7987e+02 -1.7877e+02 -1.7271e+02 -2.7732e+02
# New trial
-1.7983e+02 -1.7842e+02 -1.6716e+02 -1.5283e+02
-1.7978e+02 -1.7795e+02 -1.6511e+02 -1.5331e+02
-1.7969e+02 -1.7710e+02 -1.5998e+02 -1.6346e+02
-1.7983e+02 -1.7836e+02 -1.6567e+02 -1.9774e+02
# New trial
-1.7986e+02 -1.7873e+02 -1.6883e+02 -1.5251e+02
-1.7980e+02 -1.7816e+02 -1.6516e+02 -1.5440e+02
-1.7965e+02 -1.7667e+02 -1.5740e+02 -1.5822e+02
-1.7969e+02 -1.7704e+02 -1.6014e+02 -2.2159e+02
# New trial
-1.7982e+02 -1.7827e+02 -1.6560e+02 -1.4820e+02
-1.7975e+02 -1.7766e+02 -1.6269e+02 -1.4826e+02
-1.7963e+02 -1.7649e+02 -1.5604e+02 -1.5222e+02
-1.7980e+02 -1.7805e+02 -1.6255e+02 -1.6049e+02
# New trial
-1.7987e+02 -1.7876e+02 -1.6855e+02 -1.4899e+02
-1.7982e+02 -1.7826e+02 -1.6499e+02 -1.5106e+02
-1.7967e+02 -1.7681e+02 -1.5803e+02 -1.5488e+02
-1.7961e+02 -1.7621e+02 -1.5450e+02 -1.7028e+02
# New trial
-1.7988e+02 -1.7886e+02 -1.6941e+02 -1.5175e+02
-1.7981e+02 -1.7822e+02 -1.6522e+02 -1.5247e+02
-1.7965e+02 -1.7663e+02 -1.5687e+02 -1.5223e+02
-1.7966e+02 -1.7669e+02 -1.5835e+02 -1.9412e+02
# New trial
-1.7987e+02 -1.7877e+02 -1.6870e+02 -1.4815e+02
-1.7983e+02 -1.7838e+02 -1.6615e+02 -1.4826e+02
-1.7975e+02 -1.7765e+02 -1.6183e+02 -1.5223e+02
-1.7982e+02 -1.7825e+02 -1.6422e+02 -1.6469e+02
# New trial
-1.7986e+02 -1.7872e+02 -1.6854e+02 -1.4973e+02
-1.7983e+02 -1.7845e+02 -1.6673e+02 -1.5274e+02
-1.7976e+02 -1.7775e+02 -1.6297e+02 -1.8616e+02
-1.7978e+02 -1.7791e+02 -1.6320e+02 -1.9918e+02
# New trial
-1.7985e+02 -1.7856e+02 -1.6666e+02 -1.4784e+02
-1.7979e+02 -1.7802e+02 -1.6259e+02 -1.4808e+02
-1.7964e+02 -1.7652e+02 -1.5575e+02 -1.7115e+02
-1.7965e+02 -1.7663e+02 -1.5484e+02 -1.7202e+02
# New trial
-1.7983e+02 -1.7846e+02 -1.6710e+02 -1.5057e+02
-1.7979e+02 -1.7799e+02 -1.6479e+02 -1.4952e+02
-1.7970e+02 -1.7715e+02 -1.6213e+02 -1.7494e+02
-1.7981e+02 -1.7824e+02 -1.6784e+02 -2.5810e+02
# New trial
-1.7978e+02 -1.7797e+02 -1.6380e+02 -1.4797e+02
-1.7972e+02 -1.7737e+02 -1.6152e+02 -1.4832e+02
-1.7960e+02 -1.7626e+02 -1.5811e+02 -1.5584e+02
-1.7980e+02 -1.7812e+02 -1.6803e+02 -2.7316e+02
# New trial
-1.7990e+02 -1.7910e+02 -1.7147e+02 -1.4871e+02
-1.7988e+02 -1.7892e+02 -1.6998e+02 -1.4868e+02
-1.7983e+02 -1.7836e+02 -1.6539e+02 -1.4877e+02
-1.7981e+02 -1.7821e+02 -1.6354e+02 -1.5516e+02
# New trial
-1.7988e+02 -1.7885e+02 -1.6919e+02 -1.4882e+02
-1.7982e+02 -1.7835e+02 -1.6541e+02 -1.5364e+02
-1.7968e+02 -1.7694e+02 -1.5898e+02 -1.9106e+02
-1.7963e+02 -1.7643e+02 -1.5389e+02 -1.6583e+02
# New trial
-1.7990e+02 -1.7911e+02 -1.7146e+02 -1.4791e+02
-1.7987e+02 -1.7882e+02 -1.6874e+02 -1.4780e+02
-1.7978e+02 -1.7793e+02 -1.6133e+02 -1.4786e+02
-1.7976e+02 -1.7775e+02 -1.6035e+02 -1.7234e+02
# New trial
-1.7989e+02 -1.7899e+02 -1.7023e+02 -1.4775e+02
-1.7986e+02 -1.7871e+02 -1.6772e+02 -1.4776e+02
-1.7977e+02 -1.7780e+02 -1.6040e+02 -1.4775e+02
-1.7974e+02 -1.7751e+02 -1.5775e+02 -1.4768e+02
# New trial
-1.7982e+02 -1.7836e+02 -1.6687e+02 -1.4843e+02
-1.7977e+02 -1.7785e+02 -1.6474e+02 -1.4855e+02
-1.7966e+02 -1.7683e+02 -1.5969e+02 -1.5124e+02
-1.7980e+02 -1.7809e+02 -1.6554e+02 -2.2576e+02
# New trial
-1.7985e+02 -1.7862e+02 -1.6854e+02 -1.5007e+02
-1.7981e+02 -1.7823e+02 -1.6690e+02 -1.4978e+02
-1.7973e+02 -1.7743e+02 -1.6251e+02 -1.5718e+02
-1.7978e+02 -1.7794e+02 -1.6625e+02 -2.1535e+02
# New trial
-1.7983e+02 -1.7844e+02 -1.6775e+02 -1.5042e+02
-1.7977e+02 -1.7788e+02 -1.6501e+02 -1.5302e+02
-1.7963e+02 -1.7656e+02 -1.5909e+02 -1.6768e+02
-1.7973e+02 -1.7744e+02 -1.6270e+02 -2.2537e+02
# New trial
-1.7978e+02 -1.7793e+02 -1.6529e+02 -1.5602e+02
-1.7972e+02 -1.7744e+02 -1.6424e+02 -1.7936e+02
-1.7975e+02 -1.7765e+02 -1.7256e+02 -3.1060e+02
-1.7994e+02 -1.7950e+02 -1.8243e+02 -4.3456e+02
# New trial
-1.7985e+02 -1.7857e+02 -1.6728e+02 -1.4887e+02
-1.7981e+02 -1.7822e+02 -1.6515e+02 -1.4911e+02
-1.7973e+02 -1.7744e+02 -1.6031e+02 -1.7086e+02
-1.7979e+02 -1.7802e+02 -1.6442e+02 -2.2790e+02
# New trial
-1.7975e+02 -1.7763e+02 -1.6316e+02 -1.4904e+02
-1.7969e+02 -1.7708e+02 -1.6187e+02 -1.4930e+02
-1.7960e+02 -1.7624e+02 -1.5697e+02 -1.4964e+02
-1.7978e+02 -1.7798e+02 -1.6393e+02 -1.8541e+02
# New trial
-1.7988e+02 -1.7890e+02 -1.6986e+02 -1.5392e+02
-1.7983e+02 -1.7846e+02 -1.6677e+02 -1.5552e+02
-1.7972e+02 -1.7736e+02 -1.6059e+02 -1.6304e+02
-1.7980e+02 -1.7812e+02 -1.6487e+02 -2.1785e+02
# New trial
-1.7993e+02 -1.7935e+02 -1.7365e+02 -1.5226e+02
-1.7990e+02 -1.7906e+02 -1.7097e+02 -1.5488e+02
-1.7982e+02 -1.7833e+02 -1.6462e+02 -1.6432e+02
-1.7977e+02 -1.7783e+02 -1.6078e+02 -1.5615e+02
# New trial
-1.7972e+02 -1.7741e+02 -1.6291e+02 -1.4867e+02
-1.7965e+02 -1.7681e+02 -1.6202e+02 -1.5194e+02
-1.7962e+02 -1.7646e+02 -1.6178e+02 -2.0206e+02
-1.7985e+02 -1.7860e+02 -1.6957e+02 -2.5303e+02
# New trial
-1.7989e+02 -1.7899e+02 -1.7075e+02 -1.6736e+02
-1.7983e+02 -1.7846e+02 -1.6701e+02 -1.6459e+02
-1.7971e+02 -1.7721e+02 -1.6000e+02 -1.8631e+02
-1.7980e+02 -1.7814e+02 -1.6741e+02 -2.7140e+02
# New trial
-1.7990e+02 -1.7908e+02 -1.7133e+02 -1.5334e+02
-1.7987e+02 -1.7879e+02 -1.6894e+02 -1.5522e+02
-1.7979e+02 -1.7800e+02 -1.6348e+02 -1.7502e+02
-1.7983e+02 -1.7844e+02 -1.6622e+02 -1.9216e+02
# New trial
-1.7989e+02 -1.7901e+02 -1.7068e+02 -1.5125e+02
-1.7984e+02 -1.7852e+02 -1.6701e+02 -1.4977e+02
-1.7971e+02 -1.7726e+02 -1.6031e+02 -1.6249e+02
-1.7970e+02 -1.7709e+02 -1.6017e+02 -2.0171e+02
# New trial
-1.7989e+02 -1.7899e+02 -1.7045e+02 -1.5022e+02
-1.7984e+02 -1.7851e+02 -1.6688e+02 -1.5070e+02
-1.7972e+02 -1.7733e+02 -1.6112e+02 -1.7787e+02
-1.7971e+02 -1.7727e+02 -1.5925e+02 -1.8479e+02
# New trial
-1.7992e+02 -1.7925e+02 -1.7299e+02 -1.5671e+02
-1.7990e+02 -1.7909e+02 -1.7155e+02 -1.5966e+02
-1.7985e+02 -1.7860e+02 -1.6804e+02 -1.8613e+02
-1.7988e+02 -1.7893e+02 -1.7130e+02 -2.4136e+02
# New trial
-1.7985e+02 -1.7860e+02 -1.6786e+02 -1.5219e+02
-1.7981e+02 -1.7822e+02 -1.6525e+02 -1.5710e+02
-1.7970e+02 -1.7715e+02 -1.5951e+02 -1.6936e+02
-1.7977e+02 -1.7783e+02 -1.6322e+02 -2.1140e+02
# New trial
