# 0.1sig - Array shape (trial/sig/alpha): (30L, 4L, 4L)
-4.6136e+01 -4.6718e+01 -8.1714e+01 -5.5492e+02
-4.6162e+01 -4.6513e+01 -6.2107e+01 -3.1122e+02
-4.6151e+01 -4.6234e+01 -5.2957e+01 -2.4314e+02
-4.6152e+01 -4.6159e+01 -4.6895e+01 -1.5186e+02
# New trial
-4.6107e+01 -4.5871e+01 -5.4704e+01 -2.3389e+02
-4.6147e+01 -4.6214e+01 -5.2306e+01 -1.7334e+02
-4.6149e+01 -4.6158e+01 -4.7879e+01 -1.1449e+02
-4.6150e+01 -4.6140e+01 -4.6296e+01 -8.4978e+01
# New trial
-4.6183e+01 -4.6663e+01 -6.8879e+01 -4.0738e+02
-4.6176e+01 -4.6475e+01 -5.7521e+01 -3.0377e+02
-4.6145e+01 -4.6101e+01 -4.7608e+01 -1.7730e+02
-4.6150e+01 -4.6139e+01 -4.6072e+01 -5.0432e+01
# New trial
-4.6163e+01 -4.6400e+01 -7.1301e+01 -5.2030e+02
-4.6149e+01 -4.6216e+01 -5.8135e+01 -3.3753e+02
-4.6153e+01 -4.6199e+01 -4.8856e+01 -1.7846e+02
-4.6147e+01 -4.6115e+01 -4.6018e+01 -6.7231e+01
# New trial
-4.6089e+01 -4.5934e+01 -6.9199e+01 -4.0869e+02
-4.6092e+01 -4.5722e+01 -5.0235e+01 -1.7685e+02
-4.6134e+01 -4.6013e+01 -4.7323e+01 -1.5399e+02
-4.6149e+01 -4.6132e+01 -4.6233e+01 -9.5407e+01
# New trial
-4.6146e+01 -4.6183e+01 -5.4158e+01 -2.4978e+02
-4.6139e+01 -4.6095e+01 -5.0494e+01 -1.7419e+02
-4.6139e+01 -4.6054e+01 -4.6635e+01 -9.0362e+01
-4.6149e+01 -4.6127e+01 -4.6059e+01 -5.5031e+01
# New trial
-4.6042e+01 -4.5263e+01 -5.1095e+01 -2.1863e+02
-4.6103e+01 -4.5795e+01 -5.0344e+01 -1.8675e+02
-4.6143e+01 -4.6093e+01 -4.7364e+01 -1.3107e+02
-4.6151e+01 -4.6150e+01 -4.6181e+01 -5.6305e+01
# New trial
-4.6166e+01 -4.6653e+01 -8.0617e+01 -5.5031e+02
-4.6152e+01 -4.6263e+01 -5.6508e+01 -2.6958e+02
-4.6142e+01 -4.6076e+01 -4.7009e+01 -1.7452e+02
-4.6150e+01 -4.6143e+01 -4.6135e+01 -6.3707e+01
# New trial
-4.6010e+01 -4.5394e+01 -6.5076e+01 -3.8205e+02
-4.6086e+01 -4.5894e+01 -5.8150e+01 -2.9810e+02
-4.6123e+01 -4.5984e+01 -4.9477e+01 -2.0229e+02
-4.6146e+01 -4.6109e+01 -4.6223e+01 -9.7381e+01
# New trial
-4.6092e+01 -4.5802e+01 -6.2318e+01 -3.5671e+02
-4.6122e+01 -4.6000e+01 -5.5911e+01 -2.7342e+02
-4.6144e+01 -4.6109e+01 -4.8544e+01 -1.5744e+02
-4.6152e+01 -4.6159e+01 -4.6783e+01 -1.3834e+02
# New trial
-4.6176e+01 -4.6668e+01 -6.4787e+01 -3.2896e+02
-4.6199e+01 -4.6821e+01 -6.2876e+01 -3.1791e+02
-4.6168e+01 -4.6366e+01 -5.1031e+01 -1.6876e+02
-4.6151e+01 -4.6154e+01 -4.6373e+01 -7.8925e+01
# New trial
-4.6168e+01 -4.6682e+01 -7.8522e+01 -5.4550e+02
-4.6139e+01 -4.6236e+01 -6.1782e+01 -3.4814e+02
-4.6129e+01 -4.5972e+01 -4.7893e+01 -1.8266e+02
-4.6150e+01 -4.6141e+01 -4.6616e+01 -1.6053e+02
# New trial
-4.6194e+01 -4.7041e+01 -8.8967e+01 -6.5189e+02
-4.6173e+01 -4.6566e+01 -6.2276e+01 -3.2463e+02
-4.6145e+01 -4.6138e+01 -4.9090e+01 -1.9499e+02
-4.6144e+01 -4.6090e+01 -4.6045e+01 -7.2539e+01
# New trial
-4.6120e+01 -4.6032e+01 -5.7893e+01 -2.8979e+02
-4.6132e+01 -4.6003e+01 -4.9557e+01 -2.1304e+02
-4.6138e+01 -4.6032e+01 -4.6773e+01 -1.6180e+02
-4.6150e+01 -4.6139e+01 -4.6228e+01 -7.6129e+01
# New trial
-4.6083e+01 -4.6131e+01 -7.3607e+01 -4.5845e+02
-4.6087e+01 -4.5897e+01 -6.1947e+01 -3.7168e+02
-4.6134e+01 -4.6078e+01 -5.0780e+01 -2.3120e+02
-4.6147e+01 -4.6122e+01 -4.6282e+01 -7.0709e+01
# New trial
-4.6225e+01 -4.7259e+01 -8.1003e+01 -5.4908e+02
-4.6209e+01 -4.6949e+01 -7.5286e+01 -5.1302e+02
-4.6165e+01 -4.6354e+01 -5.4809e+01 -2.8997e+02
-4.6147e+01 -4.6124e+01 -4.7362e+01 -1.5351e+02
# New trial
-4.6109e+01 -4.6124e+01 -7.3192e+01 -5.1204e+02
-4.6146e+01 -4.6322e+01 -6.4638e+01 -3.7617e+02
-4.6151e+01 -4.6192e+01 -5.0545e+01 -2.0469e+02
-4.6150e+01 -4.6150e+01 -4.6634e+01 -1.2125e+02
# New trial
-4.6126e+01 -4.5996e+01 -6.0470e+01 -3.9029e+02
-4.6143e+01 -4.6113e+01 -5.1840e+01 -2.5330e+02
-4.6145e+01 -4.6098e+01 -4.6402e+01 -1.0202e+02
-4.6150e+01 -4.6136e+01 -4.6064e+01 -5.0197e+01
# New trial
-4.6127e+01 -4.5994e+01 -5.4461e+01 -2.5227e+02
-4.6117e+01 -4.5881e+01 -5.1139e+01 -2.0961e+02
-4.6129e+01 -4.5950e+01 -4.5904e+01 -1.3698e+02
-4.6149e+01 -4.6131e+01 -4.6084e+01 -5.0371e+01
# New trial
-4.6073e+01 -4.5706e+01 -6.6852e+01 -4.2146e+02
-4.6112e+01 -4.5979e+01 -5.6387e+01 -2.6211e+02
-4.6154e+01 -4.6249e+01 -5.2185e+01 -2.3416e+02
-4.6155e+01 -4.6198e+01 -4.7905e+01 -1.9159e+02
# New trial
-4.6135e+01 -4.6275e+01 -7.2106e+01 -4.5358e+02
-4.6121e+01 -4.5976e+01 -5.3053e+01 -2.4889e+02
-4.6129e+01 -4.5979e+01 -4.7826e+01 -1.7670e+02
-4.6147e+01 -4.6114e+01 -4.6309e+01 -1.3618e+02
# New trial
-4.6180e+01 -4.6598e+01 -6.4480e+01 -3.5506e+02
-4.6169e+01 -4.6447e+01 -5.7927e+01 -2.8376e+02
-4.6150e+01 -4.6169e+01 -4.9216e+01 -2.2311e+02
-4.6151e+01 -4.6146e+01 -4.6293e+01 -1.0989e+02
# New trial
-4.6135e+01 -4.6081e+01 -5.5812e+01 -2.7511e+02
-4.6148e+01 -4.6175e+01 -5.1909e+01 -2.2505e+02
-4.6155e+01 -4.6208e+01 -4.8195e+01 -1.4726e+02
-4.6151e+01 -4.6150e+01 -4.6296e+01 -7.9928e+01
# New trial
-4.6036e+01 -4.5195e+01 -4.9603e+01 -1.9675e+02
-4.6096e+01 -4.5662e+01 -4.6962e+01 -1.6082e+02
-4.6138e+01 -4.6033e+01 -4.7082e+01 -1.6995e+02
-4.6149e+01 -4.6133e+01 -4.6143e+01 -7.4473e+01
# New trial
-4.6084e+01 -4.5620e+01 -5.7733e+01 -3.1707e+02
-4.6122e+01 -4.5913e+01 -4.9195e+01 -1.6722e+02
-4.6154e+01 -4.6194e+01 -4.7603e+01 -1.2546e+02
-4.6150e+01 -4.6140e+01 -4.6336e+01 -1.0745e+02
# New trial
-4.6239e+01 -4.7347e+01 -7.5711e+01 -4.6033e+02
-4.6188e+01 -4.6601e+01 -5.8151e+01 -2.9218e+02
-4.6152e+01 -4.6175e+01 -4.7681e+01 -1.2147e+02
-4.6151e+01 -4.6146e+01 -4.6342e+01 -8.6677e+01
# New trial
-4.6160e+01 -4.6328e+01 -5.9160e+01 -3.4291e+02
-4.6154e+01 -4.6224e+01 -5.1744e+01 -2.0805e+02
-4.6148e+01 -4.6129e+01 -4.7010e+01 -1.2364e+02
-4.6150e+01 -4.6137e+01 -4.6121e+01 -5.9241e+01
# New trial
-4.6253e+01 -4.7666e+01 -8.9196e+01 -6.1912e+02
-4.6221e+01 -4.7080e+01 -7.0284e+01 -4.3408e+02
-4.6179e+01 -4.6493e+01 -5.4821e+01 -2.6674e+02
-4.6153e+01 -4.6170e+01 -4.6530e+01 -8.5293e+01
# New trial
-4.6162e+01 -4.6407e+01 -6.5798e+01 -3.9385e+02
-4.6178e+01 -4.6513e+01 -6.2367e+01 -3.6182e+02
-4.6156e+01 -4.6218e+01 -4.9674e+01 -1.9645e+02
-4.6150e+01 -4.6143e+01 -4.6216e+01 -8.1990e+01
# New trial
-4.6089e+01 -4.5662e+01 -5.4643e+01 -2.8866e+02
-4.6093e+01 -4.5657e+01 -4.8417e+01 -1.8350e+02
-4.6133e+01 -4.5994e+01 -4.6125e+01 -1.1571e+02
-4.6149e+01 -4.6130e+01 -4.6106e+01 -5.8115e+01
# New trial
