# 0.01sig - Array shape (trial/sig/alpha): (30L, 4L, 4L)
-9.6373e+01 -9.1897e+01 -8.6471e+01 -4.4951e+02
-9.6415e+01 -9.2204e+01 -8.2061e+01 -4.0168e+02
-9.6537e+01 -9.3253e+01 -8.2504e+01 -4.4148e+02
-9.6833e+01 -9.6100e+01 -9.2092e+01 -3.2977e+02
# New trial
-9.6226e+01 -9.0803e+01 -9.3007e+01 -5.3238e+02
-9.6291e+01 -9.1113e+01 -7.6399e+01 -2.8120e+02
-9.6532e+01 -9.3275e+01 -7.9617e+01 -3.0372e+02
-9.6860e+01 -9.6365e+01 -9.3102e+01 -2.4443e+02
# New trial
-9.6318e+01 -9.1804e+01 -9.5723e+01 -5.0656e+02
-9.6336e+01 -9.1668e+01 -8.3113e+01 -3.6941e+02
-9.6381e+01 -9.1763e+01 -7.4800e+01 -3.8699e+02
-9.6764e+01 -9.5400e+01 -8.3868e+01 -1.3841e+02
# New trial
-9.6228e+01 -9.1052e+01 -9.8171e+01 -5.5495e+02
-9.6266e+01 -9.1299e+01 -9.2357e+01 -5.1449e+02
-9.6588e+01 -9.4035e+01 -9.6841e+01 -5.2939e+02
-9.6893e+01 -9.6723e+01 -1.0048e+02 -4.9214e+02
# New trial
-9.6559e+01 -9.3640e+01 -8.8984e+01 -4.0783e+02
-9.6455e+01 -9.2532e+01 -7.5092e+01 -3.1866e+02
-9.6439e+01 -9.2243e+01 -6.7510e+01 -2.2631e+02
-9.6760e+01 -9.5362e+01 -8.5674e+01 -1.8326e+02
# New trial
-9.6299e+01 -9.1510e+01 -9.1909e+01 -4.8834e+02
-9.6353e+01 -9.1691e+01 -7.8189e+01 -3.0351e+02
-9.6524e+01 -9.3164e+01 -8.5004e+01 -4.1277e+02
-9.6854e+01 -9.6286e+01 -9.2330e+01 -2.4031e+02
# New trial
-9.6325e+01 -9.1520e+01 -8.6229e+01 -4.3400e+02
-9.6389e+01 -9.2033e+01 -7.9192e+01 -2.9729e+02
-9.6659e+01 -9.4462e+01 -8.3129e+01 -2.7291e+02
-9.6887e+01 -9.6634e+01 -9.5382e+01 -2.7063e+02
# New trial
-9.6223e+01 -9.0730e+01 -7.9424e+01 -3.5413e+02
-9.6325e+01 -9.1419e+01 -7.3861e+01 -2.6440e+02
-9.6480e+01 -9.2670e+01 -7.3880e+01 -2.8784e+02
-9.6819e+01 -9.5954e+01 -9.1374e+01 -2.9264e+02
# New trial
-9.6254e+01 -9.1214e+01 -9.3197e+01 -5.4598e+02
-9.6245e+01 -9.0778e+01 -7.8191e+01 -4.1451e+02
-9.6297e+01 -9.0944e+01 -6.9658e+01 -3.3519e+02
-9.6778e+01 -9.5574e+01 -8.7260e+01 -2.4620e+02
# New trial
-9.6337e+01 -9.1680e+01 -9.3048e+01 -5.3388e+02
-9.6403e+01 -9.2142e+01 -8.2305e+01 -3.8948e+02
-9.6564e+01 -9.3557e+01 -8.4466e+01 -4.2831e+02
-9.6868e+01 -9.6448e+01 -9.5491e+01 -3.1396e+02
# New trial
-9.6142e+01 -8.9953e+01 -7.8683e+01 -3.1776e+02
-9.6250e+01 -9.0923e+01 -8.1291e+01 -3.3528e+02
-9.6593e+01 -9.4013e+01 -1.0266e+02 -5.8233e+02
-9.6908e+01 -9.6844e+01 -9.8990e+01 -4.0162e+02
# New trial
-9.6543e+01 -9.3252e+01 -6.9912e+01 -1.2326e+02
-9.6627e+01 -9.4065e+01 -7.4902e+01 -1.3808e+02
-9.6757e+01 -9.5338e+01 -8.4196e+01 -1.9532e+02
-9.6894e+01 -9.6682e+01 -9.5014e+01 -1.7795e+02
# New trial
-9.6333e+01 -9.1481e+01 -8.6402e+01 -4.6463e+02
-9.6354e+01 -9.1589e+01 -7.7677e+01 -3.5033e+02
-9.6378e+01 -9.1712e+01 -7.7929e+01 -4.2979e+02
-9.6756e+01 -9.5354e+01 -8.7919e+01 -2.9660e+02
# New trial
-9.6555e+01 -9.3396e+01 -7.4070e+01 -1.9019e+02
-9.6523e+01 -9.3064e+01 -6.9469e+01 -1.3459e+02
-9.6549e+01 -9.3301e+01 -7.0104e+01 -1.9588e+02
-9.6775e+01 -9.5506e+01 -8.4678e+01 -1.9876e+02
# New trial
-9.6454e+01 -9.2505e+01 -7.5288e+01 -3.0068e+02
-9.6537e+01 -9.3215e+01 -7.2118e+01 -2.2966e+02
-9.6627e+01 -9.4052e+01 -7.5448e+01 -2.6390e+02
-9.6822e+01 -9.5971e+01 -8.8315e+01 -9.0820e+01
# New trial
-9.6233e+01 -9.0693e+01 -8.3032e+01 -3.7136e+02
-9.6276e+01 -9.1041e+01 -7.8619e+01 -2.9499e+02
-9.6512e+01 -9.3155e+01 -8.3177e+01 -2.7657e+02
-9.6858e+01 -9.6357e+01 -9.3613e+01 -2.0524e+02
# New trial
-9.6298e+01 -9.1245e+01 -7.2900e+01 -2.4211e+02
-9.6409e+01 -9.2257e+01 -7.6110e+01 -2.3650e+02
-9.6605e+01 -9.4040e+01 -8.5857e+01 -4.0747e+02
-9.6864e+01 -9.6428e+01 -9.4563e+01 -2.7630e+02
# New trial
-9.6400e+01 -9.3170e+01 -1.2667e+02 -8.3127e+02
-9.6457e+01 -9.3085e+01 -1.0129e+02 -5.6005e+02
-9.6663e+01 -9.4723e+01 -1.0072e+02 -6.2848e+02
-9.6882e+01 -9.6617e+01 -9.8019e+01 -3.9845e+02
# New trial
-9.6607e+01 -9.4000e+01 -8.3659e+01 -2.9995e+02
-9.6625e+01 -9.4082e+01 -7.7330e+01 -1.9819e+02
-9.6633e+01 -9.4104e+01 -7.3706e+01 -1.5877e+02
-9.6804e+01 -9.5792e+01 -8.6509e+01 -1.2046e+02
# New trial
-9.6448e+01 -9.2385e+01 -7.2018e+01 -3.0035e+02
-9.6508e+01 -9.2952e+01 -7.1780e+01 -1.9296e+02
-9.6638e+01 -9.4192e+01 -7.8624e+01 -2.9202e+02
-9.6874e+01 -9.6494e+01 -9.4380e+01 -3.8238e+02
# New trial
-9.6161e+01 -8.9950e+01 -6.9844e+01 -2.7402e+02
-9.6203e+01 -9.0434e+01 -7.0010e+01 -1.6197e+02
-9.6551e+01 -9.3569e+01 -8.4229e+01 -2.3005e+02
-9.6887e+01 -9.6659e+01 -9.6207e+01 -2.3061e+02
# New trial
-9.6326e+01 -9.1612e+01 -9.6346e+01 -5.5614e+02
-9.6421e+01 -9.2276e+01 -8.0696e+01 -3.1870e+02
-9.6602e+01 -9.3930e+01 -8.2761e+01 -3.7175e+02
-9.6871e+01 -9.6460e+01 -9.3494e+01 -2.1509e+02
# New trial
-9.6563e+01 -9.3612e+01 -9.1943e+01 -4.4128e+02
-9.6570e+01 -9.3564e+01 -7.6773e+01 -2.4541e+02
-9.6602e+01 -9.3814e+01 -7.2517e+01 -1.6093e+02
-9.6782e+01 -9.5576e+01 -8.4417e+01 -1.0292e+02
# New trial
-9.6061e+01 -8.9722e+01 -9.4274e+01 -5.3597e+02
-9.6224e+01 -9.0984e+01 -8.8655e+01 -4.0541e+02
-9.6682e+01 -9.4902e+01 -1.0189e+02 -5.2308e+02
-9.6919e+01 -9.6953e+01 -9.9421e+01 -3.6306e+02
# New trial
-9.6434e+01 -9.2311e+01 -7.5321e+01 -2.8159e+02
-9.6411e+01 -9.2115e+01 -7.2262e+01 -2.0980e+02
-9.6493e+01 -9.2848e+01 -8.0780e+01 -3.5121e+02
-9.6851e+01 -9.6277e+01 -9.2606e+01 -2.5359e+02
# New trial
-9.6354e+01 -9.1714e+01 -8.2692e+01 -3.9730e+02
-9.6436e+01 -9.2379e+01 -7.6616e+01 -2.5510e+02
-9.6607e+01 -9.3914e+01 -7.8952e+01 -2.9157e+02
-9.6869e+01 -9.6439e+01 -9.2992e+01 -2.0691e+02
# New trial
-9.6534e+01 -9.3437e+01 -9.0375e+01 -4.0039e+02
-9.6515e+01 -9.3176e+01 -8.3103e+01 -3.2272e+02
-9.6539e+01 -9.3272e+01 -7.6207e+01 -3.2083e+02
-9.6775e+01 -9.5520e+01 -8.5146e+01 -2.3114e+02
# New trial
-9.6468e+01 -9.2730e+01 -8.5120e+01 -3.5933e+02
-9.6412e+01 -9.2152e+01 -7.4054e+01 -2.1111e+02
-9.6438e+01 -9.2306e+01 -7.3168e+01 -2.4685e+02
-9.6786e+01 -9.5630e+01 -9.0440e+01 -3.3442e+02
# New trial
-9.6495e+01 -9.3165e+01 -9.6459e+01 -5.2408e+02
-9.6551e+01 -9.3409e+01 -7.7530e+01 -2.4441e+02
-9.6647e+01 -9.4267e+01 -7.7024e+01 -2.0334e+02
-9.6850e+01 -9.6245e+01 -9.0755e+01 -1.5888e+02
# New trial
-9.6436e+01 -9.2795e+01 -1.1654e+02 -7.7324e+02
-9.6462e+01 -9.2715e+01 -8.7960e+01 -4.5077e+02
-9.6598e+01 -9.3851e+01 -8.6423e+01 -4.5434e+02
-9.6875e+01 -9.6505e+01 -9.4829e+01 -2.2476e+02
# New trial
