# 0.01sig - Array shape (trial/sig/alpha): (30, 4, 4)
-1.2439e+02 -1.2252e+02 -1.0852e+02 -9.0067e+01
-1.2435e+02 -1.2209e+02 -1.0630e+02 -9.8131e+01
-1.2432e+02 -1.2178e+02 -1.0599e+02 -1.5662e+02
-1.2449e+02 -1.2346e+02 -1.1507e+02 -1.9300e+02
# New trial
-1.2435e+02 -1.2211e+02 -1.0652e+02 -1.0840e+02
-1.2429e+02 -1.2154e+02 -1.0547e+02 -1.2336e+02
-1.2424e+02 -1.2104e+02 -1.0492e+02 -1.6040e+02
-1.2448e+02 -1.2334e+02 -1.1438e+02 -1.9048e+02
# New trial
-1.2436e+02 -1.2220e+02 -1.0564e+02 -8.9985e+01
-1.2428e+02 -1.2140e+02 -1.0193e+02 -9.4486e+01
-1.2415e+02 -1.2017e+02 -1.0272e+02 -1.7769e+02
-1.2438e+02 -1.2235e+02 -1.1146e+02 -2.6654e+02
# New trial
-1.2425e+02 -1.2114e+02 -1.0040e+02 -8.8516e+01
-1.2418e+02 -1.2054e+02 -1.0015e+02 -9.7028e+01
-1.2418e+02 -1.2051e+02 -1.0136e+02 -1.3115e+02
-1.2450e+02 -1.2359e+02 -1.1729e+02 -2.2471e+02
# New trial
-1.2439e+02 -1.2247e+02 -1.0620e+02 -8.8958e+01
-1.2432e+02 -1.2175e+02 -1.0147e+02 -8.8413e+01
-1.2418e+02 -1.2041e+02 -9.6716e+01 -1.1361e+02
-1.2430e+02 -1.2150e+02 -1.0135e+02 -1.3480e+02
# New trial
-1.2440e+02 -1.2256e+02 -1.0707e+02 -8.9732e+01
-1.2429e+02 -1.2146e+02 -1.0198e+02 -8.8955e+01
-1.2412e+02 -1.1985e+02 -9.8746e+01 -1.2286e+02
-1.2442e+02 -1.2272e+02 -1.1623e+02 -2.9946e+02
# New trial
-1.2440e+02 -1.2259e+02 -1.0843e+02 -9.0242e+01
-1.2434e+02 -1.2199e+02 -1.0618e+02 -9.4587e+01
-1.2430e+02 -1.2161e+02 -1.0412e+02 -1.1506e+02
-1.2451e+02 -1.2364e+02 -1.1660e+02 -1.4074e+02
# New trial
-1.2437e+02 -1.2228e+02 -1.0624e+02 -8.9348e+01
-1.2432e+02 -1.2177e+02 -1.0349e+02 -9.5001e+01
-1.2422e+02 -1.2083e+02 -1.0133e+02 -1.4914e+02
-1.2440e+02 -1.2251e+02 -1.0920e+02 -2.2078e+02
# New trial
-1.2435e+02 -1.2210e+02 -1.0408e+02 -8.7932e+01
-1.2426e+02 -1.2122e+02 -9.8772e+01 -8.8056e+01
-1.2404e+02 -1.1906e+02 -9.3483e+01 -1.1087e+02
-1.2433e+02 -1.2186e+02 -1.0914e+02 -2.5225e+02
# New trial
-1.2435e+02 -1.2208e+02 -1.0646e+02 -9.4376e+01
-1.2429e+02 -1.2153e+02 -1.0431e+02 -1.1163e+02
-1.2429e+02 -1.2148e+02 -1.0684e+02 -2.0638e+02
-1.2454e+02 -1.2391e+02 -1.1830e+02 -1.4566e+02
# New trial
-1.2428e+02 -1.2147e+02 -1.0596e+02 -1.0962e+02
-1.2424e+02 -1.2110e+02 -1.0781e+02 -1.5975e+02
-1.2426e+02 -1.2137e+02 -1.1779e+02 -3.0940e+02
-1.2455e+02 -1.2409e+02 -1.2191e+02 -2.3824e+02
# New trial
-1.2445e+02 -1.2302e+02 -1.0980e+02 -8.7713e+01
-1.2442e+02 -1.2278e+02 -1.0776e+02 -8.7706e+01
-1.2439e+02 -1.2242e+02 -1.0466e+02 -9.4722e+01
-1.2450e+02 -1.2353e+02 -1.1426e+02 -1.2459e+02
# New trial
-1.2440e+02 -1.2252e+02 -1.0653e+02 -8.9000e+01
-1.2431e+02 -1.2170e+02 -1.0232e+02 -1.0256e+02
-1.2411e+02 -1.1967e+02 -9.6334e+01 -1.1656e+02
-1.2429e+02 -1.2149e+02 -1.1110e+02 -2.9963e+02
# New trial
-1.2445e+02 -1.2306e+02 -1.1033e+02 -8.8300e+01
-1.2441e+02 -1.2261e+02 -1.0671e+02 -8.9453e+01
-1.2433e+02 -1.2184e+02 -1.0267e+02 -1.1149e+02
-1.2443e+02 -1.2281e+02 -1.0897e+02 -1.4397e+02
# New trial
-1.2445e+02 -1.2299e+02 -1.1036e+02 -1.0992e+02
-1.2440e+02 -1.2259e+02 -1.0781e+02 -1.1241e+02
-1.2434e+02 -1.2195e+02 -1.0660e+02 -1.8026e+02
-1.2448e+02 -1.2331e+02 -1.1566e+02 -2.4949e+02
# New trial
-1.2431e+02 -1.2168e+02 -1.0415e+02 -9.7762e+01
-1.2424e+02 -1.2108e+02 -1.0305e+02 -1.0778e+02
-1.2421e+02 -1.2080e+02 -1.0683e+02 -2.2104e+02
-1.2450e+02 -1.2359e+02 -1.1794e+02 -2.8081e+02
# New trial
-1.2433e+02 -1.2187e+02 -1.0226e+02 -8.8535e+01
-1.2427e+02 -1.2131e+02 -1.0054e+02 -9.1409e+01
-1.2422e+02 -1.2084e+02 -9.7853e+01 -1.0264e+02
-1.2445e+02 -1.2308e+02 -1.1091e+02 -1.0452e+02
# New trial
-1.2433e+02 -1.2188e+02 -1.0644e+02 -9.3935e+01
-1.2423e+02 -1.2102e+02 -1.0330e+02 -1.0347e+02
-1.2412e+02 -1.2000e+02 -1.0252e+02 -1.5959e+02
-1.2447e+02 -1.2332e+02 -1.1747e+02 -2.8195e+02
# New trial
-1.2449e+02 -1.2344e+02 -1.1352e+02 -8.9906e+01
-1.2445e+02 -1.2305e+02 -1.1043e+02 -9.3267e+01
-1.2435e+02 -1.2200e+02 -1.0190e+02 -9.5972e+01
-1.2438e+02 -1.2231e+02 -1.0369e+02 -9.2898e+01
# New trial
-1.2438e+02 -1.2241e+02 -1.0749e+02 -8.9031e+01
-1.2433e+02 -1.2187e+02 -1.0465e+02 -8.9543e+01
-1.2426e+02 -1.2119e+02 -1.0215e+02 -1.3457e+02
-1.2444e+02 -1.2298e+02 -1.1352e+02 -2.4019e+02
# New trial
-1.2422e+02 -1.2099e+02 -1.0385e+02 -8.8735e+01
-1.2414e+02 -1.2027e+02 -1.0260e+02 -1.0395e+02
-1.2417e+02 -1.2053e+02 -1.0652e+02 -1.9420e+02
-1.2453e+02 -1.2392e+02 -1.2217e+02 -2.7037e+02
# New trial
-1.2439e+02 -1.2247e+02 -1.0747e+02 -1.0750e+02
-1.2432e+02 -1.2178e+02 -1.0512e+02 -1.1977e+02
-1.2424e+02 -1.2103e+02 -1.0447e+02 -1.7378e+02
-1.2449e+02 -1.2343e+02 -1.1571e+02 -2.2794e+02
# New trial
-1.2449e+02 -1.2341e+02 -1.1327e+02 -9.0590e+01
-1.2445e+02 -1.2301e+02 -1.1031e+02 -1.0171e+02
-1.2436e+02 -1.2213e+02 -1.0400e+02 -1.1324e+02
-1.2439e+02 -1.2241e+02 -1.0556e+02 -1.0993e+02
# New trial
-1.2417e+02 -1.2054e+02 -1.0251e+02 -8.9888e+01
-1.2412e+02 -1.2021e+02 -1.0458e+02 -1.1573e+02
-1.2423e+02 -1.2110e+02 -1.0786e+02 -1.7091e+02
-1.2456e+02 -1.2411e+02 -1.2083e+02 -2.1848e+02
# New trial
-1.2443e+02 -1.2285e+02 -1.0974e+02 -1.0111e+02
-1.2435e+02 -1.2203e+02 -1.0571e+02 -1.0579e+02
-1.2423e+02 -1.2096e+02 -1.0555e+02 -1.7916e+02
-1.2446e+02 -1.2320e+02 -1.1809e+02 -2.9654e+02
# New trial
-1.2445e+02 -1.2303e+02 -1.1053e+02 -9.6526e+01
-1.2440e+02 -1.2258e+02 -1.0765e+02 -9.7521e+01
-1.2432e+02 -1.2179e+02 -1.0490e+02 -1.3193e+02
-1.2447e+02 -1.2328e+02 -1.1452e+02 -2.0728e+02
# New trial
-1.2444e+02 -1.2297e+02 -1.0994e+02 -8.9898e+01
-1.2437e+02 -1.2223e+02 -1.0611e+02 -9.1029e+01
-1.2423e+02 -1.2086e+02 -9.9368e+01 -1.3043e+02
-1.2434e+02 -1.2194e+02 -1.0737e+02 -2.3385e+02
# New trial
-1.2443e+02 -1.2287e+02 -1.0965e+02 -9.7113e+01
-1.2436e+02 -1.2217e+02 -1.0602e+02 -1.0360e+02
-1.2422e+02 -1.2082e+02 -1.0305e+02 -1.7165e+02
-1.2434e+02 -1.2196e+02 -1.0593e+02 -1.6917e+02
# New trial
-1.2447e+02 -1.2321e+02 -1.1190e+02 -9.2055e+01
-1.2444e+02 -1.2293e+02 -1.0965e+02 -9.7530e+01
-1.2438e+02 -1.2230e+02 -1.0536e+02 -1.3275e+02
-1.2447e+02 -1.2323e+02 -1.1187e+02 -1.4137e+02
# New trial
-1.2440e+02 -1.2259e+02 -1.0808e+02 -1.0695e+02
-1.2435e+02 -1.2205e+02 -1.0541e+02 -1.2558e+02
-1.2428e+02 -1.2138e+02 -1.0719e+02 -1.9180e+02
-1.2446e+02 -1.2314e+02 -1.1332e+02 -1.9444e+02
# New trial
