# 0.1sig - Array shape (trial/sig/alpha): (30L, 4L, 4L)
-5.9652e+01 -5.7043e+01 -5.9497e+01 -2.2509e+02
-5.9750e+01 -5.7817e+01 -5.4313e+01 -1.4022e+02
-5.9865e+01 -5.8813e+01 -5.6268e+01 -1.5839e+02
-5.9974e+01 -5.9790e+01 -5.8776e+01 -8.9967e+01
# New trial
-5.9816e+01 -5.8381e+01 -5.7891e+01 -1.7840e+02
-5.9876e+01 -5.8954e+01 -5.9370e+01 -1.5379e+02
-5.9948e+01 -5.9562e+01 -5.9112e+01 -1.5909e+02
-5.9994e+01 -5.9979e+01 -6.0117e+01 -9.6721e+01
# New trial
-5.9909e+01 -5.9340e+01 -7.5866e+01 -3.6422e+02
-5.9861e+01 -5.8740e+01 -5.8572e+01 -2.0099e+02
-5.9821e+01 -5.8271e+01 -5.1547e+01 -1.7769e+02
-5.9924e+01 -5.9280e+01 -5.4397e+01 -1.0402e+02
# New trial
-5.9905e+01 -5.9279e+01 -7.5932e+01 -3.9207e+02
-5.9860e+01 -5.8709e+01 -5.8002e+01 -1.9691e+02
-5.9857e+01 -5.8638e+01 -5.6050e+01 -2.2828e+02
-5.9960e+01 -5.9641e+01 -5.8890e+01 -1.7161e+02
# New trial
-5.9788e+01 -5.8183e+01 -6.2385e+01 -2.4372e+02
-5.9810e+01 -5.8261e+01 -5.1128e+01 -7.9967e+01
-5.9875e+01 -5.8834e+01 -5.2141e+01 -1.1172e+02
-5.9963e+01 -5.9673e+01 -5.7291e+01 -6.3292e+01
# New trial
-5.9881e+01 -5.8958e+01 -6.1323e+01 -2.1471e+02
-5.9888e+01 -5.9000e+01 -5.7507e+01 -1.3658e+02
-5.9926e+01 -5.9322e+01 -5.6130e+01 -1.2885e+02
-5.9985e+01 -5.9889e+01 -5.9226e+01 -1.0835e+02
# New trial
-5.9903e+01 -5.9169e+01 -6.1388e+01 -1.9152e+02
-5.9881e+01 -5.8936e+01 -5.7600e+01 -1.6624e+02
-5.9878e+01 -5.8844e+01 -5.2966e+01 -1.2716e+02
-5.9966e+01 -5.9693e+01 -5.7211e+01 -9.5152e+01
# New trial
-5.9818e+01 -5.8456e+01 -7.5577e+01 -3.9523e+02
-5.9851e+01 -5.8637e+01 -5.6790e+01 -1.5995e+02
-5.9877e+01 -5.8822e+01 -5.1465e+01 -9.3382e+01
-5.9972e+01 -5.9755e+01 -5.7755e+01 -6.4979e+01
# New trial
-5.9763e+01 -5.8094e+01 -6.0232e+01 -1.9496e+02
-5.9780e+01 -5.8172e+01 -5.6622e+01 -1.5342e+02
-5.9902e+01 -5.9173e+01 -6.0237e+01 -2.1278e+02
-5.9990e+01 -5.9939e+01 -5.9926e+01 -1.0411e+02
# New trial
-5.9847e+01 -5.8656e+01 -6.0456e+01 -2.2492e+02
-5.9852e+01 -5.8681e+01 -5.8968e+01 -2.0566e+02
-5.9907e+01 -5.9148e+01 -5.6908e+01 -1.6031e+02
-5.9984e+01 -5.9882e+01 -6.0031e+01 -1.7767e+02
# New trial
-5.9872e+01 -5.8908e+01 -5.9621e+01 -1.6892e+02
-5.9864e+01 -5.8813e+01 -5.8744e+01 -1.9082e+02
-5.9865e+01 -5.8752e+01 -5.5036e+01 -1.5851e+02
-5.9967e+01 -5.9706e+01 -5.9448e+01 -2.1438e+02
# New trial
-5.9786e+01 -5.8126e+01 -6.5953e+01 -2.9872e+02
-5.9815e+01 -5.8373e+01 -6.0576e+01 -2.0182e+02
-5.9912e+01 -5.9209e+01 -5.6956e+01 -1.3316e+02
-5.9987e+01 -5.9905e+01 -5.9369e+01 -7.4242e+01
# New trial
-5.9819e+01 -5.8592e+01 -7.6452e+01 -3.9866e+02
-5.9869e+01 -5.8885e+01 -6.0302e+01 -1.7790e+02
-5.9935e+01 -5.9429e+01 -5.8180e+01 -1.6252e+02
-5.9990e+01 -5.9939e+01 -6.0324e+01 -1.6105e+02
# New trial
-5.9926e+01 -5.9424e+01 -6.7868e+01 -2.7591e+02
-5.9892e+01 -5.9015e+01 -5.5848e+01 -1.2905e+02
-5.9891e+01 -5.8966e+01 -5.3475e+01 -1.3475e+02
-5.9969e+01 -5.9719e+01 -5.7547e+01 -9.6374e+01
# New trial
-5.9748e+01 -5.7992e+01 -5.9819e+01 -1.7125e+02
-5.9747e+01 -5.7857e+01 -5.6247e+01 -1.7099e+02
-5.9876e+01 -5.8892e+01 -5.8608e+01 -1.9380e+02
-5.9992e+01 -5.9960e+01 -6.1049e+01 -2.0586e+02
# New trial
-5.9839e+01 -5.8864e+01 -7.5005e+01 -4.0101e+02
-5.9814e+01 -5.8436e+01 -6.4999e+01 -2.9803e+02
-5.9825e+01 -5.8399e+01 -5.9505e+01 -2.2397e+02
-5.9965e+01 -5.9691e+01 -5.8107e+01 -1.5447e+02
# New trial
-5.9814e+01 -5.8450e+01 -6.6856e+01 -2.7078e+02
-5.9837e+01 -5.8586e+01 -5.9623e+01 -1.8911e+02
-5.9908e+01 -5.9165e+01 -5.6411e+01 -1.4381e+02
-5.9990e+01 -5.9936e+01 -5.9602e+01 -8.6502e+01
# New trial
-5.9887e+01 -5.8968e+01 -6.2058e+01 -2.8276e+02
-5.9882e+01 -5.8893e+01 -5.4937e+01 -1.5186e+02
-5.9902e+01 -5.9060e+01 -5.3215e+01 -1.5111e+02
-5.9978e+01 -5.9809e+01 -5.8321e+01 -1.1349e+02
# New trial
-5.9840e+01 -5.8497e+01 -5.2805e+01 -1.1075e+02
-5.9837e+01 -5.8474e+01 -5.2200e+01 -9.8027e+01
-5.9902e+01 -5.9089e+01 -5.4255e+01 -1.1363e+02
-5.9985e+01 -5.9890e+01 -5.9173e+01 -7.2660e+01
# New trial
-5.9882e+01 -5.9124e+01 -7.4080e+01 -3.5084e+02
-5.9859e+01 -5.8772e+01 -5.8884e+01 -1.7027e+02
-5.9863e+01 -5.8734e+01 -5.4781e+01 -1.6639e+02
-5.9959e+01 -5.9630e+01 -5.6984e+01 -7.3438e+01
# New trial
-5.9847e+01 -5.8754e+01 -7.2416e+01 -3.5824e+02
-5.9843e+01 -5.8602e+01 -5.8443e+01 -1.9573e+02
-5.9894e+01 -5.9015e+01 -5.5866e+01 -1.6309e+02
-5.9984e+01 -5.9883e+01 -5.9433e+01 -1.4204e+02
# New trial
-5.9928e+01 -5.9447e+01 -6.9362e+01 -3.3183e+02
-5.9903e+01 -5.9182e+01 -6.0178e+01 -1.7050e+02
-5.9911e+01 -5.9185e+01 -5.5842e+01 -1.5623e+02
-5.9984e+01 -5.9870e+01 -5.9059e+01 -1.1017e+02
# New trial
-5.9818e+01 -5.8333e+01 -5.8157e+01 -1.8490e+02
-5.9830e+01 -5.8423e+01 -5.4440e+01 -1.4890e+02
-5.9872e+01 -5.8783e+01 -5.2041e+01 -8.1556e+01
-5.9967e+01 -5.9709e+01 -5.7643e+01 -8.0596e+01
# New trial
-5.9846e+01 -5.8586e+01 -5.7104e+01 -1.5161e+02
-5.9874e+01 -5.8831e+01 -5.4528e+01 -1.1806e+02
-5.9932e+01 -5.9370e+01 -5.6218e+01 -1.3489e+02
-5.9991e+01 -5.9940e+01 -5.9525e+01 -8.2291e+01
# New trial
-5.9884e+01 -5.8975e+01 -6.4177e+01 -2.8871e+02
-5.9911e+01 -5.9196e+01 -5.7892e+01 -1.3706e+02
-5.9947e+01 -5.9517e+01 -5.6963e+01 -1.2755e+02
-5.9984e+01 -5.9871e+01 -5.8931e+01 -8.0984e+01
# New trial
-5.9849e+01 -5.8935e+01 -7.3823e+01 -3.3184e+02
-5.9814e+01 -5.8307e+01 -5.6221e+01 -1.7128e+02
-5.9881e+01 -5.8879e+01 -5.5349e+01 -1.7237e+02
-5.9982e+01 -5.9857e+01 -5.8844e+01 -7.3826e+01
# New trial
-5.9859e+01 -5.8716e+01 -5.8796e+01 -2.1362e+02
-5.9916e+01 -5.9250e+01 -5.8018e+01 -1.4413e+02
-5.9979e+01 -5.9841e+01 -6.0176e+01 -1.5078e+02
-5.9993e+01 -5.9963e+01 -5.9949e+01 -9.7197e+01
# New trial
-5.9854e+01 -5.8889e+01 -7.1408e+01 -3.2561e+02
-5.9836e+01 -5.8592e+01 -6.2887e+01 -2.4975e+02
-5.9913e+01 -5.9242e+01 -6.0179e+01 -2.0657e+02
-5.9982e+01 -5.9868e+01 -5.9389e+01 -9.3549e+01
# New trial
-5.9874e+01 -5.8899e+01 -6.6616e+01 -2.9489e+02
-5.9854e+01 -5.8670e+01 -6.1207e+01 -2.4474e+02
-5.9863e+01 -5.8702e+01 -5.5170e+01 -1.9431e+02
-5.9965e+01 -5.9686e+01 -5.7586e+01 -1.3985e+02
# New trial
-5.9792e+01 -5.8044e+01 -5.1616e+01 -1.4037e+02
-5.9851e+01 -5.8599e+01 -5.1844e+01 -1.1931e+02
-5.9955e+01 -5.9593e+01 -5.6938e+01 -7.6242e+01
-5.9994e+01 -5.9972e+01 -5.9817e+01 -5.9500e+01
# New trial
