# 0.01sig - Array shape (trial/sig/alpha): (30, 4, 4)
-1.7971e+02 -1.7724e+02 -1.5736e+02 -1.2645e+02
-1.7965e+02 -1.7668e+02 -1.5411e+02 -1.3195e+02
-1.7956e+02 -1.7578e+02 -1.5208e+02 -2.0342e+02
-1.7978e+02 -1.7796e+02 -1.6605e+02 -3.6265e+02
# New trial
-1.7970e+02 -1.7712e+02 -1.5586e+02 -1.3020e+02
-1.7962e+02 -1.7631e+02 -1.5203e+02 -1.3276e+02
-1.7948e+02 -1.7502e+02 -1.4724e+02 -1.6780e+02
-1.7970e+02 -1.7718e+02 -1.5920e+02 -2.5831e+02
# New trial
-1.7974e+02 -1.7752e+02 -1.5808e+02 -1.2849e+02
-1.7963e+02 -1.7642e+02 -1.5035e+02 -1.2790e+02
-1.7936e+02 -1.7374e+02 -1.3689e+02 -1.3388e+02
-1.7948e+02 -1.7493e+02 -1.4066e+02 -1.4019e+02
# New trial
-1.7967e+02 -1.7681e+02 -1.5397e+02 -1.2950e+02
-1.7955e+02 -1.7576e+02 -1.4896e+02 -1.2785e+02
-1.7933e+02 -1.7364e+02 -1.3929e+02 -1.4632e+02
-1.7964e+02 -1.7659e+02 -1.5998e+02 -3.9393e+02
# New trial
-1.7977e+02 -1.7779e+02 -1.5973e+02 -1.2582e+02
-1.7968e+02 -1.7696e+02 -1.5357e+02 -1.3354e+02
-1.7947e+02 -1.7492e+02 -1.4624e+02 -1.8423e+02
-1.7947e+02 -1.7483e+02 -1.4407e+02 -2.1097e+02
# New trial
-1.7977e+02 -1.7781e+02 -1.5949e+02 -1.2683e+02
-1.7965e+02 -1.7662e+02 -1.5166e+02 -1.3230e+02
-1.7934e+02 -1.7363e+02 -1.3885e+02 -1.6357e+02
-1.7940e+02 -1.7409e+02 -1.3545e+02 -1.4278e+02
# New trial
-1.7976e+02 -1.7768e+02 -1.5899e+02 -1.2747e+02
-1.7968e+02 -1.7693e+02 -1.5492e+02 -1.3436e+02
-1.7956e+02 -1.7575e+02 -1.4863e+02 -1.3306e+02
-1.7972e+02 -1.7729e+02 -1.5529e+02 -1.4617e+02
# New trial
-1.7975e+02 -1.7760e+02 -1.5841e+02 -1.2976e+02
-1.7969e+02 -1.7698e+02 -1.5367e+02 -1.3524e+02
-1.7952e+02 -1.7536e+02 -1.4585e+02 -1.8603e+02
-1.7960e+02 -1.7615e+02 -1.5484e+02 -3.3474e+02
# New trial
-1.7973e+02 -1.7740e+02 -1.5659e+02 -1.2578e+02
-1.7962e+02 -1.7635e+02 -1.4858e+02 -1.2480e+02
-1.7933e+02 -1.7343e+02 -1.3482e+02 -1.4918e+02
-1.7939e+02 -1.7407e+02 -1.3981e+02 -2.0905e+02
# New trial
-1.7969e+02 -1.7704e+02 -1.5461e+02 -1.2577e+02
-1.7960e+02 -1.7617e+02 -1.5032e+02 -1.2602e+02
-1.7944e+02 -1.7460e+02 -1.4549e+02 -1.7534e+02
-1.7969e+02 -1.7705e+02 -1.5635e+02 -2.4889e+02
# New trial
-1.7964e+02 -1.7658e+02 -1.5383e+02 -1.2719e+02
-1.7954e+02 -1.7562e+02 -1.5066e+02 -1.3727e+02
-1.7935e+02 -1.7387e+02 -1.4429e+02 -1.5592e+02
-1.7971e+02 -1.7729e+02 -1.6208e+02 -3.4110e+02
# New trial
-1.7983e+02 -1.7837e+02 -1.6472e+02 -1.2767e+02
-1.7980e+02 -1.7806e+02 -1.6210e+02 -1.2717e+02
-1.7971e+02 -1.7717e+02 -1.5428e+02 -1.2490e+02
-1.7973e+02 -1.7743e+02 -1.5567e+02 -1.3895e+02
# New trial
-1.7977e+02 -1.7782e+02 -1.5949e+02 -1.2528e+02
-1.7967e+02 -1.7685e+02 -1.5198e+02 -1.2529e+02
-1.7940e+02 -1.7415e+02 -1.3448e+02 -1.2491e+02
-1.7937e+02 -1.7388e+02 -1.3444e+02 -1.4489e+02
# New trial
-1.7983e+02 -1.7837e+02 -1.6440e+02 -1.2528e+02
-1.7977e+02 -1.7783e+02 -1.5974e+02 -1.2533e+02
-1.7961e+02 -1.7617e+02 -1.4654e+02 -1.2565e+02
-1.7956e+02 -1.7566e+02 -1.4166e+02 -1.2554e+02
# New trial
-1.7980e+02 -1.7812e+02 -1.6203e+02 -1.2919e+02
-1.7975e+02 -1.7764e+02 -1.5790e+02 -1.2808e+02
-1.7959e+02 -1.7602e+02 -1.4643e+02 -1.2912e+02
-1.7955e+02 -1.7563e+02 -1.4505e+02 -1.8857e+02
# New trial
-1.7967e+02 -1.7685e+02 -1.5507e+02 -1.2718e+02
-1.7956e+02 -1.7583e+02 -1.5070e+02 -1.2710e+02
-1.7936e+02 -1.7391e+02 -1.4154e+02 -1.2620e+02
-1.7963e+02 -1.7655e+02 -1.5749e+02 -3.1151e+02
# New trial
-1.7971e+02 -1.7719e+02 -1.5575e+02 -1.3080e+02
-1.7962e+02 -1.7635e+02 -1.5166e+02 -1.2882e+02
-1.7946e+02 -1.7484e+02 -1.4398e+02 -1.5247e+02
-1.7963e+02 -1.7640e+02 -1.5500e+02 -2.8595e+02
# New trial
-1.7968e+02 -1.7693e+02 -1.5590e+02 -1.2698e+02
-1.7956e+02 -1.7581e+02 -1.5116e+02 -1.2888e+02
-1.7933e+02 -1.7370e+02 -1.4482e+02 -1.6304e+02
-1.7963e+02 -1.7645e+02 -1.5524e+02 -3.1450e+02
# New trial
-1.7967e+02 -1.7689e+02 -1.5676e+02 -1.3578e+02
-1.7959e+02 -1.7606e+02 -1.5366e+02 -1.6677e+02
-1.7960e+02 -1.7622e+02 -1.5817e+02 -2.9084e+02
-1.7987e+02 -1.7883e+02 -1.7174e+02 -3.7866e+02
# New trial
-1.7974e+02 -1.7747e+02 -1.5837e+02 -1.2892e+02
-1.7967e+02 -1.7680e+02 -1.5439e+02 -1.3026e+02
-1.7952e+02 -1.7538e+02 -1.4461e+02 -1.4334e+02
-1.7967e+02 -1.7685e+02 -1.5314e+02 -1.6766e+02
# New trial
-1.7954e+02 -1.7563e+02 -1.5282e+02 -1.2904e+02
-1.7943e+02 -1.7470e+02 -1.5156e+02 -1.5427e+02
-1.7935e+02 -1.7394e+02 -1.4815e+02 -2.3067e+02
-1.7973e+02 -1.7747e+02 -1.6156e+02 -2.7228e+02
# New trial
-1.7979e+02 -1.7797e+02 -1.6176e+02 -1.3621e+02
-1.7970e+02 -1.7716e+02 -1.5651e+02 -1.3268e+02
-1.7952e+02 -1.7536e+02 -1.4693e+02 -1.5078e+02
-1.7968e+02 -1.7692e+02 -1.5718e+02 -2.8779e+02
# New trial
-1.7987e+02 -1.7884e+02 -1.6884e+02 -1.4044e+02
-1.7982e+02 -1.7833e+02 -1.6433e+02 -1.4352e+02
-1.7970e+02 -1.7715e+02 -1.5558e+02 -1.7080e+02
-1.7964e+02 -1.7655e+02 -1.5195e+02 -2.5152e+02
# New trial
-1.7952e+02 -1.7548e+02 -1.5004e+02 -1.2733e+02
-1.7940e+02 -1.7445e+02 -1.4811e+02 -1.2561e+02
-1.7937e+02 -1.7417e+02 -1.4969e+02 -2.2136e+02
-1.7979e+02 -1.7801e+02 -1.6719e+02 -3.2196e+02
# New trial
-1.7980e+02 -1.7810e+02 -1.6233e+02 -1.2650e+02
-1.7970e+02 -1.7712e+02 -1.5564e+02 -1.2671e+02
-1.7949e+02 -1.7511e+02 -1.4230e+02 -1.3120e+02
-1.7967e+02 -1.7681e+02 -1.5136e+02 -1.2901e+02
# New trial
-1.7984e+02 -1.7849e+02 -1.6591e+02 -1.5824e+02
-1.7979e+02 -1.7799e+02 -1.6181e+02 -1.5635e+02
-1.7965e+02 -1.7662e+02 -1.5278e+02 -1.7902e+02
-1.7973e+02 -1.7743e+02 -1.5870e+02 -2.7587e+02
# New trial
-1.7981e+02 -1.7821e+02 -1.6317e+02 -1.3636e+02
-1.7972e+02 -1.7731e+02 -1.5654e+02 -1.3473e+02
-1.7951e+02 -1.7531e+02 -1.4754e+02 -1.8218e+02
-1.7951e+02 -1.7531e+02 -1.5306e+02 -2.7951e+02
# New trial
-1.7980e+02 -1.7812e+02 -1.6218e+02 -1.3081e+02
-1.7971e+02 -1.7719e+02 -1.5472e+02 -1.2698e+02
-1.7949e+02 -1.7510e+02 -1.4082e+02 -1.3137e+02
-1.7955e+02 -1.7560e+02 -1.4428e+02 -1.7129e+02
# New trial
-1.7985e+02 -1.7856e+02 -1.6628e+02 -1.3470e+02
-1.7981e+02 -1.7821e+02 -1.6320e+02 -1.3689e+02
-1.7971e+02 -1.7723e+02 -1.5510e+02 -1.7236e+02
-1.7978e+02 -1.7788e+02 -1.6141e+02 -2.6963e+02
# New trial
-1.7974e+02 -1.7757e+02 -1.5936e+02 -1.4375e+02
-1.7968e+02 -1.7698e+02 -1.5572e+02 -1.5464e+02
-1.7954e+02 -1.7561e+02 -1.5017e+02 -2.3008e+02
-1.7972e+02 -1.7728e+02 -1.6118e+02 -3.5160e+02
# New trial
