# 0.01sig - Array shape (trial/sig/alpha): (30, 4, 4)
-1.4289e+02 -1.4130e+02 -1.2865e+02 -1.1301e+02
-1.4286e+02 -1.4101e+02 -1.2709e+02 -1.1629e+02
-1.4282e+02 -1.4068e+02 -1.2650e+02 -1.5269e+02
-1.4297e+02 -1.4207e+02 -1.3503e+02 -2.0757e+02
# New trial
-1.4287e+02 -1.4116e+02 -1.2811e+02 -1.1414e+02
-1.4282e+02 -1.4068e+02 -1.2680e+02 -1.2235e+02
-1.4276e+02 -1.4005e+02 -1.2406e+02 -1.3135e+02
-1.4293e+02 -1.4174e+02 -1.3274e+02 -2.0883e+02
# New trial
-1.4289e+02 -1.4126e+02 -1.2791e+02 -1.1114e+02
-1.4281e+02 -1.4053e+02 -1.2407e+02 -1.1115e+02
-1.4265e+02 -1.3895e+02 -1.1658e+02 -1.1104e+02
-1.4281e+02 -1.4045e+02 -1.2187e+02 -1.1925e+02
# New trial
-1.4282e+02 -1.4058e+02 -1.2411e+02 -1.1176e+02
-1.4274e+02 -1.3987e+02 -1.2164e+02 -1.1449e+02
-1.4265e+02 -1.3905e+02 -1.1998e+02 -1.5741e+02
-1.4289e+02 -1.4135e+02 -1.3103e+02 -2.4251e+02
# New trial
-1.4291e+02 -1.4151e+02 -1.2922e+02 -1.1243e+02
-1.4287e+02 -1.4106e+02 -1.2661e+02 -1.2500e+02
-1.4276e+02 -1.4007e+02 -1.2658e+02 -2.1205e+02
-1.4281e+02 -1.4058e+02 -1.3307e+02 -2.7576e+02
# New trial
-1.4292e+02 -1.4159e+02 -1.2985e+02 -1.1323e+02
-1.4283e+02 -1.4077e+02 -1.2583e+02 -1.1771e+02
-1.4268e+02 -1.3928e+02 -1.2165e+02 -1.5103e+02
-1.4283e+02 -1.4067e+02 -1.2730e+02 -2.1975e+02
# New trial
-1.4292e+02 -1.4157e+02 -1.3070e+02 -1.1493e+02
-1.4287e+02 -1.4111e+02 -1.2864e+02 -1.1531e+02
-1.4282e+02 -1.4065e+02 -1.2673e+02 -1.4647e+02
-1.4296e+02 -1.4195e+02 -1.3403e+02 -1.9831e+02
# New trial
-1.4290e+02 -1.4139e+02 -1.2867e+02 -1.1272e+02
-1.4285e+02 -1.4091e+02 -1.2525e+02 -1.1152e+02
-1.4273e+02 -1.3969e+02 -1.1926e+02 -1.1452e+02
-1.4283e+02 -1.4074e+02 -1.2918e+02 -2.2981e+02
# New trial
-1.4289e+02 -1.4126e+02 -1.2749e+02 -1.1131e+02
-1.4281e+02 -1.4051e+02 -1.2239e+02 -1.1086e+02
-1.4261e+02 -1.3853e+02 -1.1338e+02 -1.1076e+02
-1.4274e+02 -1.3985e+02 -1.1730e+02 -1.1076e+02
# New trial
-1.4288e+02 -1.4125e+02 -1.2918e+02 -1.1876e+02
-1.4284e+02 -1.4084e+02 -1.2785e+02 -1.1844e+02
-1.4282e+02 -1.4069e+02 -1.3143e+02 -2.2191e+02
-1.4299e+02 -1.4228e+02 -1.4015e+02 -3.1444e+02
# New trial
-1.4284e+02 -1.4084e+02 -1.2742e+02 -1.1197e+02
-1.4279e+02 -1.4039e+02 -1.2720e+02 -1.3767e+02
-1.4273e+02 -1.3988e+02 -1.2623e+02 -1.6961e+02
-1.4296e+02 -1.4200e+02 -1.3524e+02 -2.5413e+02
# New trial
-1.4295e+02 -1.4193e+02 -1.3243e+02 -1.1307e+02
-1.4293e+02 -1.4172e+02 -1.3071e+02 -1.1209e+02
-1.4289e+02 -1.4129e+02 -1.2723e+02 -1.1260e+02
-1.4296e+02 -1.4199e+02 -1.3298e+02 -1.5261e+02
# New trial
-1.4291e+02 -1.4149e+02 -1.2871e+02 -1.1090e+02
-1.4284e+02 -1.4079e+02 -1.2397e+02 -1.1091e+02
-1.4266e+02 -1.3905e+02 -1.1517e+02 -1.1077e+02
-1.4276e+02 -1.4000e+02 -1.2154e+02 -1.6948e+02
# New trial
-1.4295e+02 -1.4190e+02 -1.3220e+02 -1.1187e+02
-1.4292e+02 -1.4155e+02 -1.2945e+02 -1.1238e+02
-1.4282e+02 -1.4055e+02 -1.2244e+02 -1.1166e+02
-1.4281e+02 -1.4049e+02 -1.2093e+02 -1.1208e+02
# New trial
-1.4295e+02 -1.4184e+02 -1.3143e+02 -1.1560e+02
-1.4291e+02 -1.4148e+02 -1.2836e+02 -1.1657e+02
-1.4283e+02 -1.4065e+02 -1.2214e+02 -1.2672e+02
-1.4288e+02 -1.4120e+02 -1.2637e+02 -1.2113e+02
# New trial
-1.4285e+02 -1.4097e+02 -1.2789e+02 -1.2376e+02
-1.4279e+02 -1.4041e+02 -1.2650e+02 -1.3304e+02
-1.4271e+02 -1.3967e+02 -1.2669e+02 -1.8807e+02
-1.4290e+02 -1.4146e+02 -1.3224e+02 -2.2990e+02
# New trial
-1.4288e+02 -1.4125e+02 -1.2868e+02 -1.2022e+02
-1.4283e+02 -1.4079e+02 -1.2708e+02 -1.2233e+02
-1.4276e+02 -1.4007e+02 -1.2200e+02 -1.1994e+02
-1.4290e+02 -1.4143e+02 -1.2860e+02 -1.4708e+02
# New trial
-1.4288e+02 -1.4119e+02 -1.2915e+02 -1.1952e+02
-1.4280e+02 -1.4050e+02 -1.2599e+02 -1.2540e+02
-1.4271e+02 -1.3967e+02 -1.2445e+02 -1.6211e+02
-1.4296e+02 -1.4199e+02 -1.3708e+02 -2.9088e+02
# New trial
-1.4295e+02 -1.4193e+02 -1.3379e+02 -1.2194e+02
-1.4292e+02 -1.4158e+02 -1.3148e+02 -1.2683e+02
-1.4286e+02 -1.4103e+02 -1.2718e+02 -1.6534e+02
-1.4290e+02 -1.4143e+02 -1.2900e+02 -1.8075e+02
# New trial
-1.4291e+02 -1.4149e+02 -1.3001e+02 -1.1303e+02
-1.4287e+02 -1.4112e+02 -1.2862e+02 -1.1809e+02
-1.4282e+02 -1.4063e+02 -1.2887e+02 -1.6921e+02
-1.4294e+02 -1.4182e+02 -1.3723e+02 -3.0792e+02
# New trial
-1.4278e+02 -1.4028e+02 -1.2663e+02 -1.1302e+02
-1.4273e+02 -1.3991e+02 -1.2819e+02 -1.4410e+02
-1.4277e+02 -1.4025e+02 -1.3266e+02 -2.5809e+02
-1.4301e+02 -1.4256e+02 -1.4071e+02 -2.8804e+02
# New trial
-1.4292e+02 -1.4156e+02 -1.3001e+02 -1.1452e+02
-1.4286e+02 -1.4104e+02 -1.2743e+02 -1.1631e+02
-1.4273e+02 -1.3980e+02 -1.2150e+02 -1.2647e+02
-1.4287e+02 -1.4110e+02 -1.2769e+02 -1.8469e+02
# New trial
-1.4299e+02 -1.4227e+02 -1.3538e+02 -1.1987e+02
-1.4296e+02 -1.4197e+02 -1.3284e+02 -1.2575e+02
-1.4289e+02 -1.4126e+02 -1.2786e+02 -1.4461e+02
-1.4288e+02 -1.4117e+02 -1.3062e+02 -2.2766e+02
# New trial
-1.4274e+02 -1.3997e+02 -1.2469e+02 -1.1161e+02
-1.4266e+02 -1.3924e+02 -1.2301e+02 -1.1247e+02
-1.4268e+02 -1.3944e+02 -1.2451e+02 -1.4885e+02
-1.4300e+02 -1.4244e+02 -1.3815e+02 -1.8213e+02
# New trial
-1.4294e+02 -1.4181e+02 -1.3196e+02 -1.2302e+02
-1.4288e+02 -1.4120e+02 -1.2880e+02 -1.3481e+02
-1.4276e+02 -1.4009e+02 -1.2450e+02 -1.6408e+02
-1.4290e+02 -1.4138e+02 -1.3176e+02 -2.4113e+02
# New trial
-1.4296e+02 -1.4194e+02 -1.3249e+02 -1.2391e+02
-1.4292e+02 -1.4158e+02 -1.2961e+02 -1.2736e+02
-1.4282e+02 -1.4065e+02 -1.2407e+02 -1.4196e+02
-1.4290e+02 -1.4137e+02 -1.2870e+02 -1.5094e+02
# New trial
-1.4295e+02 -1.4191e+02 -1.3248e+02 -1.1951e+02
-1.4289e+02 -1.4133e+02 -1.2877e+02 -1.2020e+02
-1.4279e+02 -1.4038e+02 -1.2600e+02 -1.6651e+02
-1.4287e+02 -1.4108e+02 -1.3423e+02 -2.8580e+02
# New trial
-1.4293e+02 -1.4169e+02 -1.3038e+02 -1.1262e+02
-1.4287e+02 -1.4107e+02 -1.2642e+02 -1.1186e+02
-1.4272e+02 -1.3969e+02 -1.2070e+02 -1.2397e+02
-1.4279e+02 -1.4036e+02 -1.2515e+02 -1.8149e+02
# New trial
-1.4297e+02 -1.4213e+02 -1.3444e+02 -1.1472e+02
-1.4296e+02 -1.4195e+02 -1.3296e+02 -1.1871e+02
-1.4291e+02 -1.4154e+02 -1.3016e+02 -1.5317e+02
-1.4297e+02 -1.4204e+02 -1.3442e+02 -2.0272e+02
# New trial
-1.4292e+02 -1.4155e+02 -1.3014e+02 -1.2791e+02
-1.4288e+02 -1.4118e+02 -1.2820e+02 -1.4223e+02
-1.4282e+02 -1.4068e+02 -1.2926e+02 -2.0810e+02
-1.4295e+02 -1.4195e+02 -1.3553e+02 -2.5886e+02
# New trial
