# 0.1sig - Array shape (trial/sig/alpha): (30, 4, 4)
-1.6519e+02 -1.5719e+02 -1.1718e+02 -2.3607e+02
-1.6507e+02 -1.5603e+02 -1.0734e+02 -1.2545e+02
-1.6490e+02 -1.5424e+02 -1.0927e+02 -4.1695e+02
-1.6559e+02 -1.6072e+02 -1.3199e+02 -5.4080e+02
# New trial
-1.6552e+02 -1.6024e+02 -1.3215e+02 -2.9459e+02
-1.6538e+02 -1.5885e+02 -1.1622e+02 -1.5097e+02
-1.6508e+02 -1.5574e+02 -8.9809e+01 -1.6062e+02
-1.6529e+02 -1.5767e+02 -1.0153e+02 -2.2149e+02
# New trial
-1.6557e+02 -1.6077e+02 -1.4988e+02 -4.5982e+02
-1.6528e+02 -1.5766e+02 -1.0531e+02 -1.5873e+02
-1.6471e+02 -1.5199e+02 -6.9436e+01 -1.2851e+02
-1.6475e+02 -1.5234e+02 -7.9452e+01 -1.6575e+02
# New trial
-1.6542e+02 -1.5910e+02 -1.2900e+02 -4.2597e+02
-1.6525e+02 -1.5737e+02 -9.9154e+01 -1.5627e+02
-1.6485e+02 -1.5331e+02 -8.7420e+01 -3.6811e+02
-1.6496e+02 -1.5436e+02 -9.5222e+01 -4.1948e+02
# New trial
-1.6562e+02 -1.6120e+02 -1.4046e+02 -3.8600e+02
-1.6548e+02 -1.5965e+02 -1.1505e+02 -7.5562e+01
-1.6523e+02 -1.5714e+02 -9.2766e+01 -9.8337e+01
-1.6549e+02 -1.5961e+02 -1.0860e+02 -1.0220e+02
# New trial
-1.6571e+02 -1.6197e+02 -1.3803e+02 -2.4772e+02
-1.6558e+02 -1.6059e+02 -1.2327e+02 -1.2832e+02
-1.6537e+02 -1.5849e+02 -1.0480e+02 -1.5408e+02
-1.6567e+02 -1.6144e+02 -1.2728e+02 -3.3944e+02
# New trial
-1.6558e+02 -1.6060e+02 -1.2470e+02 -1.4430e+02
-1.6542e+02 -1.5909e+02 -1.1175e+02 -1.0459e+02
-1.6513e+02 -1.5610e+02 -8.9542e+01 -1.0658e+02
-1.6536e+02 -1.5833e+02 -1.0447e+02 -1.8785e+02
# New trial
-1.6532e+02 -1.5823e+02 -1.3621e+02 -5.5493e+02
-1.6523e+02 -1.5727e+02 -1.0715e+02 -1.4927e+02
-1.6512e+02 -1.5601e+02 -9.1817e+01 -1.9146e+02
-1.6563e+02 -1.6103e+02 -1.2611e+02 -3.2395e+02
# New trial
-1.6507e+02 -1.5595e+02 -1.0112e+02 -6.8398e+01
-1.6485e+02 -1.5380e+02 -8.5764e+01 -7.5109e+01
-1.6471e+02 -1.5218e+02 -8.7764e+01 -2.6057e+02
-1.6548e+02 -1.5958e+02 -1.1353e+02 -2.6536e+02
# New trial
-1.6542e+02 -1.5913e+02 -1.1603e+02 -1.4195e+02
-1.6527e+02 -1.5761e+02 -1.0464e+02 -1.2592e+02
-1.6497e+02 -1.5455e+02 -8.4029e+01 -1.9856e+02
-1.6525e+02 -1.5727e+02 -1.0332e+02 -3.5510e+02
# New trial
-1.6556e+02 -1.6043e+02 -1.2265e+02 -1.1679e+02
-1.6534e+02 -1.5832e+02 -1.0746e+02 -9.1081e+01
-1.6487e+02 -1.5364e+02 -8.9055e+01 -2.6892e+02
-1.6502e+02 -1.5498e+02 -9.9646e+01 -4.2560e+02
# New trial
-1.6541e+02 -1.5917e+02 -1.3190e+02 -3.0502e+02
-1.6526e+02 -1.5765e+02 -1.1655e+02 -2.1421e+02
-1.6505e+02 -1.5552e+02 -1.1428e+02 -4.5287e+02
-1.6557e+02 -1.6052e+02 -1.2730e+02 -4.5091e+02
# New trial
-1.6545e+02 -1.5951e+02 -1.3215e+02 -3.8830e+02
-1.6539e+02 -1.5881e+02 -1.1167e+02 -1.5383e+02
-1.6518e+02 -1.5658e+02 -9.0696e+01 -1.8210e+02
-1.6559e+02 -1.6067e+02 -1.1779e+02 -1.5713e+02
# New trial
-1.6579e+02 -1.6279e+02 -1.5145e+02 -3.3945e+02
-1.6556e+02 -1.6042e+02 -1.1702e+02 -1.0494e+02
-1.6521e+02 -1.5688e+02 -9.0482e+01 -1.7545e+02
-1.6517e+02 -1.5645e+02 -9.2826e+01 -2.3043e+02
# New trial
-1.6521e+02 -1.5763e+02 -1.3156e+02 -2.9241e+02
-1.6488e+02 -1.5411e+02 -9.6101e+01 -1.6187e+02
-1.6447e+02 -1.4995e+02 -7.7686e+01 -1.8132e+02
-1.6521e+02 -1.5701e+02 -1.0363e+02 -3.5975e+02
# New trial
-1.6523e+02 -1.5784e+02 -1.5600e+02 -8.0374e+02
-1.6498e+02 -1.5506e+02 -1.0755e+02 -2.3737e+02
-1.6455e+02 -1.5072e+02 -1.0677e+02 -5.4902e+02
-1.6514e+02 -1.5638e+02 -1.4014e+02 -9.4146e+02
# New trial
-1.6545e+02 -1.5947e+02 -1.2520e+02 -2.2680e+02
-1.6528e+02 -1.5777e+02 -1.0788e+02 -1.6130e+02
-1.6496e+02 -1.5454e+02 -9.0475e+01 -2.2587e+02
-1.6520e+02 -1.5684e+02 -1.0684e+02 -3.8245e+02
# New trial
-1.6566e+02 -1.6138e+02 -1.3241e+02 -2.4524e+02
-1.6547e+02 -1.5943e+02 -1.0849e+02 -1.0659e+02
-1.6507e+02 -1.5548e+02 -7.5067e+01 -5.4308e+01
-1.6507e+02 -1.5540e+02 -8.0531e+01 -5.4033e+01
# New trial
-1.6559e+02 -1.6069e+02 -1.2179e+02 -1.2051e+02
-1.6546e+02 -1.5942e+02 -1.1137e+02 -9.0183e+01
-1.6523e+02 -1.5707e+02 -9.0753e+01 -1.2516e+02
-1.6547e+02 -1.5941e+02 -1.0601e+02 -1.4906e+02
# New trial
-1.6557e+02 -1.6075e+02 -1.5117e+02 -6.3193e+02
-1.6534e+02 -1.5833e+02 -1.1140e+02 -1.2214e+02
-1.6488e+02 -1.5379e+02 -8.7747e+01 -2.6699e+02
-1.6522e+02 -1.5703e+02 -9.6944e+01 -2.6365e+02
# New trial
-1.6549e+02 -1.5994e+02 -1.4153e+02 -4.3272e+02
-1.6534e+02 -1.5839e+02 -1.1332e+02 -1.7049e+02
-1.6513e+02 -1.5615e+02 -9.7834e+01 -2.8010e+02
-1.6553e+02 -1.6009e+02 -1.2058e+02 -4.5264e+02
# New trial
-1.6557e+02 -1.6067e+02 -1.3869e+02 -5.1004e+02
-1.6543e+02 -1.5919e+02 -1.1682e+02 -1.4341e+02
-1.6519e+02 -1.5684e+02 -9.9466e+01 -2.1918e+02
-1.6553e+02 -1.6011e+02 -1.2545e+02 -4.8796e+02
# New trial
-1.6552e+02 -1.6003e+02 -1.2161e+02 -1.6978e+02
-1.6536e+02 -1.5844e+02 -1.0797e+02 -1.3230e+02
-1.6508e+02 -1.5564e+02 -8.9532e+01 -1.8651e+02
-1.6534e+02 -1.5820e+02 -1.0205e+02 -2.2331e+02
# New trial
-1.6550e+02 -1.5979e+02 -1.1959e+02 -1.3713e+02
-1.6539e+02 -1.5874e+02 -1.0693e+02 -1.0020e+02
-1.6521e+02 -1.5694e+02 -9.6780e+01 -2.3138e+02
-1.6554e+02 -1.6013e+02 -1.1710e+02 -3.1691e+02
# New trial
-1.6562e+02 -1.6105e+02 -1.3572e+02 -5.0445e+02
-1.6559e+02 -1.6070e+02 -1.2185e+02 -9.2150e+01
-1.6547e+02 -1.5946e+02 -1.0769e+02 -1.3911e+02
-1.6570e+02 -1.6169e+02 -1.2895e+02 -4.6175e+02
# New trial
-1.6546e+02 -1.5994e+02 -1.5594e+02 -5.7744e+02
-1.6520e+02 -1.5690e+02 -1.0040e+02 -1.5320e+02
-1.6490e+02 -1.5387e+02 -8.0838e+01 -1.8579e+02
-1.6515e+02 -1.5630e+02 -1.0379e+02 -3.2165e+02
# New trial
-1.6554e+02 -1.6028e+02 -1.2679e+02 -2.0089e+02
-1.6556e+02 -1.6047e+02 -1.2328e+02 -1.2651e+02
-1.6557e+02 -1.6046e+02 -1.2193e+02 -2.3035e+02
-1.6585e+02 -1.6328e+02 -1.4185e+02 -3.2239e+02
# New trial
-1.6549e+02 -1.6001e+02 -1.3786e+02 -3.7284e+02
-1.6524e+02 -1.5738e+02 -1.0643e+02 -2.2342e+02
-1.6475e+02 -1.5243e+02 -8.0129e+01 -1.8135e+02
-1.6505e+02 -1.5541e+02 -1.0733e+02 -4.0256e+02
# New trial
-1.6554e+02 -1.6026e+02 -1.3011e+02 -2.7402e+02
-1.6535e+02 -1.5837e+02 -1.1011e+02 -1.8599e+02
-1.6495e+02 -1.5434e+02 -8.6573e+01 -2.3490e+02
-1.6509e+02 -1.5568e+02 -9.9593e+01 -3.9850e+02
# New trial
-1.6558e+02 -1.6057e+02 -1.2540e+02 -1.9596e+02
-1.6556e+02 -1.6040e+02 -1.1893e+02 -1.4213e+02
-1.6558e+02 -1.6055e+02 -1.1776e+02 -1.8998e+02
-1.6583e+02 -1.6303e+02 -1.3814e+02 -2.5142e+02
# New trial
