# 0.1sig - Array shape (trial/sig/alpha): (30L, 4L, 4L)
-9.6377e+01 -9.2655e+01 -1.2014e+02 -8.5008e+02
-9.6354e+01 -9.1904e+01 -8.4019e+01 -3.3845e+02
-9.6374e+01 -9.1850e+01 -8.0326e+01 -4.3764e+02
-9.6757e+01 -9.5442e+01 -9.2234e+01 -4.7404e+02
# New trial
-9.6507e+01 -9.3115e+01 -8.2897e+01 -2.8587e+02
-9.6482e+01 -9.2865e+01 -7.5813e+01 -1.7782e+02
-9.6449e+01 -9.2446e+01 -6.9969e+01 -1.9837e+02
-9.6672e+01 -9.4539e+01 -8.3948e+01 -2.8291e+02
# New trial
-9.6545e+01 -9.3694e+01 -1.0850e+02 -5.9044e+02
-9.6438e+01 -9.2312e+01 -7.2533e+01 -3.0272e+02
-9.6215e+01 -8.9965e+01 -5.3873e+01 -1.7210e+02
-9.6417e+01 -9.1947e+01 -6.3724e+01 -6.5521e+01
# New trial
-9.6540e+01 -9.3494e+01 -1.1338e+02 -9.2695e+02
-9.6446e+01 -9.2374e+01 -7.6086e+01 -4.4022e+02
-9.6288e+01 -9.0711e+01 -6.0622e+01 -3.6089e+02
-9.6452e+01 -9.2301e+01 -6.9204e+01 -2.2539e+02
# New trial
-9.6635e+01 -9.4569e+01 -1.0883e+02 -6.0785e+02
-9.6570e+01 -9.3683e+01 -8.1105e+01 -2.2319e+02
-9.6522e+01 -9.3062e+01 -7.1531e+01 -2.5023e+02
-9.6726e+01 -9.5023e+01 -8.0996e+01 -1.9389e+02
# New trial
-9.6632e+01 -9.4277e+01 -9.0090e+01 -3.5520e+02
-9.6595e+01 -9.3857e+01 -7.9789e+01 -1.8890e+02
-9.6572e+01 -9.3538e+01 -7.1271e+01 -1.5037e+02
-9.6771e+01 -9.5464e+01 -8.3829e+01 -1.0619e+02
# New trial
-9.6440e+01 -9.2525e+01 -8.1894e+01 -3.3631e+02
-9.6440e+01 -9.2402e+01 -7.1562e+01 -2.1809e+02
-9.6411e+01 -9.1963e+01 -6.1483e+01 -1.7583e+02
-9.6662e+01 -9.4383e+01 -7.5189e+01 -7.2589e+01
# New trial
-9.6484e+01 -9.3172e+01 -1.2395e+02 -8.8482e+02
-9.6495e+01 -9.2963e+01 -8.4461e+01 -3.2876e+02
-9.6515e+01 -9.2969e+01 -7.0440e+01 -2.6911e+02
-9.6773e+01 -9.5478e+01 -8.3950e+01 -1.1575e+02
# New trial
-9.6352e+01 -9.2239e+01 -1.0017e+02 -5.2833e+02
-9.6298e+01 -9.1413e+01 -7.9829e+01 -3.4889e+02
-9.6343e+01 -9.1434e+01 -7.3432e+01 -3.0934e+02
-9.6784e+01 -9.5630e+01 -9.2335e+01 -4.0709e+02
# New trial
-9.6427e+01 -9.2440e+01 -8.9260e+01 -4.1770e+02
-9.6403e+01 -9.2069e+01 -7.5628e+01 -2.8658e+02
-9.6376e+01 -9.1626e+01 -6.3870e+01 -2.1404e+02
-9.6624e+01 -9.4006e+01 -7.3750e+01 -1.4442e+02
# New trial
-9.6680e+01 -9.4788e+01 -9.4339e+01 -3.5340e+02
-9.6593e+01 -9.3887e+01 -8.4376e+01 -3.1828e+02
-9.6364e+01 -9.1526e+01 -6.9859e+01 -2.6812e+02
-9.6566e+01 -9.3449e+01 -8.3941e+01 -3.6700e+02
# New trial
-9.6495e+01 -9.3350e+01 -1.1516e+02 -7.4247e+02
-9.6411e+01 -9.2305e+01 -8.7227e+01 -4.1000e+02
-9.6457e+01 -9.2474e+01 -6.9750e+01 -2.8285e+02
-9.6783e+01 -9.5610e+01 -8.6066e+01 -1.5526e+02
# New trial
-9.6476e+01 -9.3190e+01 -1.2073e+02 -8.3425e+02
-9.6479e+01 -9.2880e+01 -8.4063e+01 -3.7411e+02
-9.6498e+01 -9.2831e+01 -7.2842e+01 -3.3796e+02
-9.6792e+01 -9.5671e+01 -8.5983e+01 -1.7593e+02
# New trial
-9.6726e+01 -9.5410e+01 -1.1232e+02 -5.6011e+02
-9.6601e+01 -9.3867e+01 -7.6937e+01 -2.0303e+02
-9.6463e+01 -9.2420e+01 -6.2475e+01 -2.0315e+02
-9.6552e+01 -9.3285e+01 -6.9332e+01 -7.8503e+01
# New trial
-9.6469e+01 -9.3609e+01 -1.1740e+02 -6.5491e+02
-9.6266e+01 -9.1144e+01 -8.2896e+01 -4.5497e+02
-9.6199e+01 -9.0042e+01 -6.5075e+01 -3.0014e+02
-9.6706e+01 -9.4839e+01 -8.1419e+01 -2.6363e+02
# New trial
-9.6410e+01 -9.3048e+01 -1.3542e+02 -9.7111e+02
-9.6295e+01 -9.1359e+01 -9.3801e+01 -5.7139e+02
-9.6214e+01 -9.0261e+01 -9.0697e+01 -6.7309e+02
-9.6667e+01 -9.4553e+01 -9.9570e+01 -7.3582e+02
# New trial
-9.6389e+01 -9.2577e+01 -1.0639e+02 -6.0945e+02
-9.6390e+01 -9.2104e+01 -8.4033e+01 -3.9281e+02
-9.6417e+01 -9.2063e+01 -7.1142e+01 -2.8461e+02
-9.6676e+01 -9.4524e+01 -8.0581e+01 -3.1540e+02
# New trial
-9.6577e+01 -9.3759e+01 -9.4473e+01 -5.4053e+02
-9.6520e+01 -9.3068e+01 -7.3055e+01 -2.7128e+02
-9.6427e+01 -9.2067e+01 -6.1893e+01 -2.3959e+02
-9.6604e+01 -9.3801e+01 -7.2153e+01 -1.9354e+02
# New trial
-9.6579e+01 -9.3701e+01 -8.2677e+01 -3.1155e+02
-9.6507e+01 -9.2974e+01 -7.3242e+01 -2.2599e+02
-9.6490e+01 -9.2729e+01 -6.7230e+01 -1.9340e+02
-9.6707e+01 -9.4840e+01 -8.3528e+01 -3.2086e+02
# New trial
-9.6450e+01 -9.3065e+01 -1.1593e+02 -7.9177e+02
-9.6396e+01 -9.2191e+01 -7.9806e+01 -3.1129e+02
-9.6284e+01 -9.0874e+01 -6.6350e+01 -3.0627e+02
-9.6588e+01 -9.3722e+01 -7.9481e+01 -2.7822e+02
# New trial
-9.6486e+01 -9.3189e+01 -1.0913e+02 -6.5647e+02
-9.6454e+01 -9.2579e+01 -7.9180e+01 -3.1716e+02
-9.6479e+01 -9.2663e+01 -7.1109e+01 -2.4770e+02
-9.6786e+01 -9.5617e+01 -8.5851e+01 -1.4691e+02
# New trial
-9.6579e+01 -9.3823e+01 -9.7503e+01 -5.9738e+02
-9.6504e+01 -9.3071e+01 -8.2185e+01 -3.0939e+02
-9.6506e+01 -9.2935e+01 -7.2562e+01 -2.6133e+02
-9.6784e+01 -9.5594e+01 -8.6648e+01 -2.3029e+02
# New trial
-9.6491e+01 -9.2860e+01 -7.8437e+01 -2.7856e+02
-9.6487e+01 -9.2771e+01 -7.3319e+01 -2.4734e+02
-9.6448e+01 -9.2328e+01 -6.7879e+01 -2.1935e+02
-9.6680e+01 -9.4570e+01 -7.9428e+01 -1.7737e+02
# New trial
-9.6385e+01 -9.2180e+01 -8.1056e+01 -3.1873e+02
-9.6456e+01 -9.2520e+01 -7.2120e+01 -1.9268e+02
-9.6533e+01 -9.3141e+01 -7.0293e+01 -2.0261e+02
-9.6759e+01 -9.5344e+01 -8.2951e+01 -1.1769e+02
# New trial
-9.6638e+01 -9.4345e+01 -9.4470e+01 -4.3139e+02
-9.6651e+01 -9.4372e+01 -8.3362e+01 -2.1757e+02
-9.6615e+01 -9.3941e+01 -7.3597e+01 -1.6327e+02
-9.6703e+01 -9.4778e+01 -7.7519e+01 -6.9781e+01
# New trial
-9.6561e+01 -9.4173e+01 -1.2216e+02 -7.3072e+02
-9.6457e+01 -9.2541e+01 -7.6935e+01 -3.5579e+02
-9.6409e+01 -9.1931e+01 -6.7711e+01 -2.5820e+02
-9.6685e+01 -9.4618e+01 -8.1783e+01 -2.8886e+02
# New trial
-9.6519e+01 -9.3134e+01 -8.5589e+01 -4.1714e+02
-9.6598e+01 -9.3837e+01 -7.9315e+01 -2.5096e+02
-9.6711e+01 -9.4895e+01 -8.2617e+01 -2.5050e+02
-9.6873e+01 -9.6484e+01 -9.3539e+01 -2.4100e+02
# New trial
-9.6521e+01 -9.3784e+01 -1.2442e+02 -7.7699e+02
-9.6410e+01 -9.2234e+01 -8.4573e+01 -4.6071e+02
-9.6371e+01 -9.1643e+01 -7.3945e+01 -3.4631e+02
-9.6724e+01 -9.5009e+01 -8.9423e+01 -4.4039e+02
# New trial
-9.6471e+01 -9.2705e+01 -9.0164e+01 -4.6022e+02
-9.6435e+01 -9.2279e+01 -7.7947e+01 -3.4661e+02
-9.6347e+01 -9.1319e+01 -6.2837e+01 -2.3900e+02
-9.6585e+01 -9.3638e+01 -7.3688e+01 -2.9790e+02
# New trial
-9.6464e+01 -9.2699e+01 -8.2681e+01 -3.7245e+02
-9.6540e+01 -9.3298e+01 -7.4966e+01 -2.2889e+02
-9.6698e+01 -9.4763e+01 -7.9767e+01 -2.1099e+02
-9.6860e+01 -9.6350e+01 -9.1739e+01 -1.9056e+02
# New trial
