# 0.1sig - Array shape (trial/sig/alpha): (30L, 4L, 4L)
-6.4466e+01 -6.3281e+01 -6.2109e+01 -1.3276e+02
-6.4442e+01 -6.3049e+01 -5.6922e+01 -5.1550e+01
-6.4489e+01 -6.3464e+01 -5.9179e+01 -1.0036e+02
-6.4599e+01 -6.4498e+01 -6.4759e+01 -1.5239e+02
# New trial
-6.4493e+01 -6.3486e+01 -5.9332e+01 -9.2601e+01
-6.4491e+01 -6.3477e+01 -5.8257e+01 -5.1593e+01
-6.4541e+01 -6.3947e+01 -6.1050e+01 -9.1659e+01
-6.4604e+01 -6.4543e+01 -6.4461e+01 -1.1918e+02
# New trial
-6.4495e+01 -6.3489e+01 -5.9477e+01 -8.8053e+01
-6.4466e+01 -6.3197e+01 -5.5722e+01 -5.1154e+01
-6.4425e+01 -6.2779e+01 -5.5942e+01 -9.4023e+01
-6.4528e+01 -6.3783e+01 -6.1274e+01 -1.3859e+02
# New trial
-6.4484e+01 -6.3393e+01 -6.1519e+01 -1.2800e+02
-6.4471e+01 -6.3236e+01 -5.5523e+01 -5.1037e+01
-6.4468e+01 -6.3202e+01 -5.6020e+01 -6.9663e+01
-6.4561e+01 -6.4109e+01 -6.1246e+01 -1.1228e+02
# New trial
-6.4559e+01 -6.4123e+01 -6.4306e+01 -1.3512e+02
-6.4527e+01 -6.3802e+01 -5.8999e+01 -5.2452e+01
-6.4511e+01 -6.3629e+01 -5.6728e+01 -5.9597e+01
-6.4581e+01 -6.4306e+01 -6.1740e+01 -6.0811e+01
# New trial
-6.4546e+01 -6.3978e+01 -6.0803e+01 -8.0609e+01
-6.4528e+01 -6.3799e+01 -5.8795e+01 -5.0921e+01
-6.4509e+01 -6.3607e+01 -5.6955e+01 -6.1991e+01
-6.4569e+01 -6.4190e+01 -6.1054e+01 -8.7797e+01
# New trial
-6.4510e+01 -6.3622e+01 -5.7755e+01 -5.5511e+01
-6.4494e+01 -6.3460e+01 -5.6499e+01 -5.1771e+01
-6.4488e+01 -6.3394e+01 -5.5510e+01 -5.4857e+01
-6.4573e+01 -6.4231e+01 -6.1089e+01 -6.4045e+01
# New trial
-6.4473e+01 -6.3335e+01 -6.3676e+01 -1.4215e+02
-6.4473e+01 -6.3287e+01 -5.7125e+01 -5.0937e+01
-6.4492e+01 -6.3434e+01 -5.5501e+01 -6.3949e+01
-6.4588e+01 -6.4373e+01 -6.2375e+01 -6.4962e+01
# New trial
-6.4441e+01 -6.3021e+01 -5.6246e+01 -5.1436e+01
-6.4417e+01 -6.2808e+01 -5.5521e+01 -5.4332e+01
-6.4487e+01 -6.3439e+01 -6.1133e+01 -1.2897e+02
-6.4602e+01 -6.4528e+01 -6.4852e+01 -1.4926e+02
# New trial
-6.4486e+01 -6.3388e+01 -5.6859e+01 -5.3013e+01
-6.4461e+01 -6.3148e+01 -5.5309e+01 -5.0836e+01
-6.4465e+01 -6.3168e+01 -5.4911e+01 -7.1529e+01
-6.4568e+01 -6.4178e+01 -6.0555e+01 -5.7904e+01
# New trial
-6.4526e+01 -6.3784e+01 -5.8933e+01 -5.5456e+01
-6.4483e+01 -6.3354e+01 -5.5583e+01 -5.1138e+01
-6.4423e+01 -6.2751e+01 -5.2611e+01 -5.1584e+01
-6.4531e+01 -6.3810e+01 -5.7577e+01 -5.0770e+01
# New trial
-6.4489e+01 -6.3444e+01 -5.8682e+01 -6.8853e+01
-6.4468e+01 -6.3262e+01 -5.7499e+01 -5.2024e+01
-6.4516e+01 -6.3704e+01 -5.9926e+01 -8.7633e+01
-6.4601e+01 -6.4516e+01 -6.4585e+01 -1.4095e+02
# New trial
-6.4483e+01 -6.3402e+01 -6.1941e+01 -1.2984e+02
-6.4486e+01 -6.3402e+01 -5.6801e+01 -5.1180e+01
-6.4501e+01 -6.3525e+01 -5.6361e+01 -6.0470e+01
-6.4590e+01 -6.4398e+01 -6.2596e+01 -5.9838e+01
# New trial
-6.4559e+01 -6.4136e+01 -6.5244e+01 -1.3215e+02
-6.4526e+01 -6.3774e+01 -5.8093e+01 -5.1557e+01
-6.4505e+01 -6.3558e+01 -5.5961e+01 -6.0166e+01
-6.4570e+01 -6.4194e+01 -6.0688e+01 -6.6079e+01
# New trial
-6.4423e+01 -6.2882e+01 -5.7848e+01 -6.1577e+01
-6.4376e+01 -6.2402e+01 -5.2930e+01 -5.0768e+01
-6.4405e+01 -6.2631e+01 -5.3170e+01 -5.5604e+01
-6.4581e+01 -6.4319e+01 -6.2200e+01 -7.4541e+01
# New trial
-6.4436e+01 -6.3085e+01 -6.4850e+01 -1.5423e+02
-6.4399e+01 -6.2649e+01 -5.5587e+01 -5.1050e+01
-6.4394e+01 -6.2543e+01 -5.9121e+01 -1.1608e+02
-6.4573e+01 -6.4237e+01 -6.4075e+01 -1.4563e+02
# New trial
-6.4482e+01 -6.3391e+01 -5.9755e+01 -7.6976e+01
-6.4464e+01 -6.3201e+01 -5.6164e+01 -5.0803e+01
-6.4521e+01 -6.3741e+01 -5.9261e+01 -8.3945e+01
-6.4606e+01 -6.4555e+01 -6.4494e+01 -1.2661e+02
# New trial
-6.4502e+01 -6.3543e+01 -5.7988e+01 -7.7377e+01
-6.4488e+01 -6.3401e+01 -5.5884e+01 -5.0938e+01
-6.4468e+01 -6.3187e+01 -5.4313e+01 -6.3533e+01
-6.4552e+01 -6.4019e+01 -5.9328e+01 -6.8968e+01
# New trial
-6.4525e+01 -6.3762e+01 -5.8265e+01 -5.3826e+01
-6.4504e+01 -6.3563e+01 -5.7069e+01 -5.0971e+01
-6.4513e+01 -6.3650e+01 -5.7471e+01 -6.4207e+01
-6.4595e+01 -6.4448e+01 -6.3155e+01 -8.0826e+01
# New trial
-6.4502e+01 -6.3591e+01 -6.2794e+01 -1.3236e+02
-6.4475e+01 -6.3299e+01 -5.6014e+01 -5.0791e+01
-6.4461e+01 -6.3152e+01 -5.7446e+01 -9.4837e+01
-6.4575e+01 -6.4251e+01 -6.2303e+01 -1.1821e+02
# New trial
-6.4484e+01 -6.3444e+01 -6.2799e+01 -1.1373e+02
-6.4478e+01 -6.3339e+01 -5.7224e+01 -5.1508e+01
-6.4509e+01 -6.3608e+01 -5.7509e+01 -7.5080e+01
-6.4597e+01 -6.4473e+01 -6.3503e+01 -9.1914e+01
# New trial
-6.4518e+01 -6.3739e+01 -6.3019e+01 -1.3948e+02
-6.4494e+01 -6.3485e+01 -5.7850e+01 -5.1456e+01
-6.4495e+01 -6.3471e+01 -5.5851e+01 -5.2598e+01
-6.4594e+01 -6.4437e+01 -6.3171e+01 -1.0356e+02
# New trial
-6.4488e+01 -6.3405e+01 -5.7054e+01 -6.6055e+01
-6.4472e+01 -6.3244e+01 -5.5615e+01 -5.1408e+01
-6.4473e+01 -6.3257e+01 -5.6778e+01 -8.1841e+01
-6.4578e+01 -6.4277e+01 -6.2112e+01 -1.0110e+02
# New trial
-6.4494e+01 -6.3473e+01 -5.8212e+01 -6.8521e+01
-6.4492e+01 -6.3455e+01 -5.7219e+01 -5.2195e+01
-6.4532e+01 -6.3826e+01 -5.8469e+01 -6.6619e+01
-6.4599e+01 -6.4491e+01 -6.3703e+01 -1.0929e+02
# New trial
-6.4538e+01 -6.3895e+01 -5.9808e+01 -9.0015e+01
-6.4529e+01 -6.3806e+01 -5.8634e+01 -5.1712e+01
-6.4535e+01 -6.3856e+01 -5.8299e+01 -6.5352e+01
-6.4594e+01 -6.4436e+01 -6.2979e+01 -7.2752e+01
# New trial
-6.4481e+01 -6.3463e+01 -6.3130e+01 -1.0989e+02
-6.4448e+01 -6.3030e+01 -5.5234e+01 -5.0915e+01
-6.4464e+01 -6.3163e+01 -5.4620e+01 -5.8768e+01
-6.4589e+01 -6.4390e+01 -6.2763e+01 -1.0397e+02
# New trial
-6.4466e+01 -6.3185e+01 -5.6068e+01 -7.9312e+01
-6.4517e+01 -6.3686e+01 -5.7767e+01 -5.1391e+01
-6.4588e+01 -6.4385e+01 -6.3191e+01 -9.5441e+01
-6.4611e+01 -6.4604e+01 -6.4598e+01 -7.9716e+01
# New trial
-6.4474e+01 -6.3323e+01 -5.9079e+01 -7.2985e+01
-6.4442e+01 -6.2981e+01 -5.5087e+01 -5.1418e+01
-6.4475e+01 -6.3281e+01 -5.5781e+01 -5.7029e+01
-6.4595e+01 -6.4446e+01 -6.3312e+01 -1.0115e+02
# New trial
-6.4487e+01 -6.3414e+01 -5.8679e+01 -7.0771e+01
-6.4460e+01 -6.3132e+01 -5.5157e+01 -5.0788e+01
-6.4452e+01 -6.3036e+01 -5.3875e+01 -5.5754e+01
-6.4574e+01 -6.4242e+01 -6.2005e+01 -1.2556e+02
# New trial
-6.4510e+01 -6.3625e+01 -5.8578e+01 -7.1506e+01
-6.4535e+01 -6.3864e+01 -5.9001e+01 -5.2121e+01
-6.4583e+01 -6.4326e+01 -6.2243e+01 -6.8363e+01
-6.4611e+01 -6.4605e+01 -6.4576e+01 -8.3790e+01
# New trial
