# 0.01sig - Array shape (trial/sig/alpha): (30, 4, 4)
-1.5141e+02 -1.4376e+02 -9.6513e+01 -7.6761e+01
-1.5138e+02 -1.4340e+02 -9.5093e+01 -1.2344e+02
-1.5145e+02 -1.4407e+02 -1.0642e+02 -4.0371e+02
-1.5203e+02 -1.4969e+02 -1.4057e+02 -6.4716e+02
# New trial
-1.5140e+02 -1.4362e+02 -9.8695e+01 -1.2998e+02
-1.5132e+02 -1.4291e+02 -9.8677e+01 -1.5260e+02
-1.5139e+02 -1.4351e+02 -9.8960e+01 -2.5285e+02
-1.5199e+02 -1.4924e+02 -1.2543e+02 -1.9255e+02
# New trial
-1.5141e+02 -1.4370e+02 -9.3525e+01 -5.5357e+01
-1.5127e+02 -1.4238e+02 -8.9934e+01 -1.0921e+02
-1.5108e+02 -1.4046e+02 -9.2337e+01 -3.5817e+02
-1.5170e+02 -1.4637e+02 -1.0818e+02 -2.9098e+02
# New trial
-1.5139e+02 -1.4378e+02 -1.0259e+02 -1.3987e+02
-1.5132e+02 -1.4315e+02 -1.0221e+02 -2.0231e+02
-1.5146e+02 -1.4434e+02 -1.1727e+02 -4.8281e+02
-1.5207e+02 -1.5011e+02 -1.4546e+02 -6.9944e+02
# New trial
-1.5160e+02 -1.4556e+02 -1.0311e+02 -1.0075e+02
-1.5144e+02 -1.4389e+02 -9.2737e+01 -1.0477e+02
-1.5126e+02 -1.4210e+02 -8.9708e+01 -2.7418e+02
-1.5166e+02 -1.4601e+02 -1.1438e+02 -4.1681e+02
# New trial
-1.5147e+02 -1.4424e+02 -9.9029e+01 -1.2200e+02
-1.5132e+02 -1.4282e+02 -9.1250e+01 -1.2159e+02
-1.5116e+02 -1.4125e+02 -8.9314e+01 -2.7122e+02
-1.5176e+02 -1.4697e+02 -1.1848e+02 -4.1661e+02
# New trial
-1.5152e+02 -1.4479e+02 -1.0177e+02 -1.2130e+02
-1.5143e+02 -1.4392e+02 -9.8862e+01 -1.3937e+02
-1.5157e+02 -1.4520e+02 -9.9969e+01 -2.0873e+02
-1.5207e+02 -1.5007e+02 -1.3325e+02 -2.9086e+02
# New trial
-1.5140e+02 -1.4372e+02 -9.5758e+01 -4.7377e+01
-1.5136e+02 -1.4320e+02 -9.0922e+01 -8.5695e+01
-1.5133e+02 -1.4275e+02 -9.5933e+01 -2.9402e+02
-1.5185e+02 -1.4790e+02 -1.1879e+02 -3.4303e+02
# New trial
-1.5142e+02 -1.4386e+02 -1.0081e+02 -1.5438e+02
-1.5125e+02 -1.4215e+02 -9.0693e+01 -1.7649e+02
-1.5097e+02 -1.3933e+02 -8.4426e+01 -3.1277e+02
-1.5168e+02 -1.4623e+02 -1.0610e+02 -2.9100e+02
# New trial
-1.5137e+02 -1.4334e+02 -9.7404e+01 -1.2243e+02
-1.5137e+02 -1.4337e+02 -1.0027e+02 -1.7144e+02
-1.5149e+02 -1.4448e+02 -1.1161e+02 -4.2357e+02
-1.5206e+02 -1.4999e+02 -1.3902e+02 -6.4362e+02
# New trial
-1.5135e+02 -1.4344e+02 -1.0472e+02 -1.4058e+02
-1.5132e+02 -1.4329e+02 -1.1218e+02 -3.1023e+02
-1.5148e+02 -1.4473e+02 -1.3294e+02 -6.4418e+02
-1.5213e+02 -1.5073e+02 -1.4264e+02 -4.7474e+02
# New trial
-1.5174e+02 -1.4679e+02 -1.0558e+02 -6.1153e+01
-1.5178e+02 -1.4712e+02 -1.0700e+02 -6.8493e+01
-1.5181e+02 -1.4745e+02 -1.0953e+02 -1.4177e+02
-1.5207e+02 -1.4999e+02 -1.3081e+02 -2.5536e+02
# New trial
-1.5153e+02 -1.4475e+02 -9.9323e+01 -1.1964e+02
-1.5137e+02 -1.4324e+02 -8.9417e+01 -1.4404e+02
-1.5106e+02 -1.4012e+02 -8.0341e+01 -2.8241e+02
-1.5158e+02 -1.4516e+02 -9.6831e+01 -1.9264e+02
# New trial
-1.5176e+02 -1.4703e+02 -1.0995e+02 -8.5893e+01
-1.5166e+02 -1.4601e+02 -1.0244e+02 -8.9170e+01
-1.5151e+02 -1.4454e+02 -9.1361e+01 -1.4408e+02
-1.5176e+02 -1.4689e+02 -1.0498e+02 -1.2746e+02
# New trial
-1.5168e+02 -1.4619e+02 -1.0289e+02 -1.0038e+02
-1.5167e+02 -1.4604e+02 -1.0131e+02 -1.1300e+02
-1.5160e+02 -1.4539e+02 -9.8327e+01 -1.9164e+02
-1.5187e+02 -1.4807e+02 -1.1935e+02 -3.0607e+02
# New trial
-1.5110e+02 -1.4082e+02 -8.3622e+01 -4.7949e+01
-1.5105e+02 -1.4046e+02 -8.7011e+01 -1.3672e+02
-1.5123e+02 -1.4208e+02 -1.0033e+02 -3.6683e+02
-1.5199e+02 -1.4933e+02 -1.3692e+02 -6.0785e+02
# New trial
-1.5149e+02 -1.4451e+02 -1.0070e+02 -9.6197e+01
-1.5141e+02 -1.4380e+02 -1.0172e+02 -1.5805e+02
-1.5145e+02 -1.4410e+02 -1.0652e+02 -3.3837e+02
-1.5197e+02 -1.4905e+02 -1.2850e+02 -4.1762e+02
# New trial
-1.5135e+02 -1.4354e+02 -1.0614e+02 -1.6366e+02
-1.5128e+02 -1.4283e+02 -1.0371e+02 -2.3528e+02
-1.5135e+02 -1.4332e+02 -1.1498e+02 -4.9517e+02
-1.5203e+02 -1.4974e+02 -1.4654e+02 -8.4001e+02
# New trial
-1.5176e+02 -1.4700e+02 -1.0963e+02 -9.4130e+01
-1.5168e+02 -1.4624e+02 -1.0419e+02 -9.5254e+01
-1.5161e+02 -1.4549e+02 -9.9405e+01 -1.7529e+02
-1.5192e+02 -1.4857e+02 -1.2379e+02 -4.1877e+02
# New trial
-1.5156e+02 -1.4511e+02 -1.0187e+02 -1.2751e+02
-1.5155e+02 -1.4497e+02 -1.0228e+02 -1.3698e+02
-1.5155e+02 -1.4496e+02 -1.0142e+02 -2.2255e+02
-1.5199e+02 -1.4923e+02 -1.2523e+02 -2.1500e+02
# New trial
-1.5096e+02 -1.3970e+02 -8.5687e+01 -9.4636e+01
-1.5092e+02 -1.3958e+02 -9.3686e+01 -1.5324e+02
-1.5135e+02 -1.4342e+02 -1.1533e+02 -3.9715e+02
-1.5213e+02 -1.5073e+02 -1.3973e+02 -2.3874e+02
# New trial
-1.5151e+02 -1.4462e+02 -1.0251e+02 -1.4831e+02
-1.5148e+02 -1.4439e+02 -1.0079e+02 -1.4742e+02
-1.5149e+02 -1.4443e+02 -1.0651e+02 -3.3704e+02
-1.5200e+02 -1.4936e+02 -1.2951e+02 -3.4317e+02
# New trial
-1.5183e+02 -1.4772e+02 -1.1775e+02 -1.3772e+02
-1.5176e+02 -1.4697e+02 -1.1066e+02 -1.3840e+02
-1.5163e+02 -1.4573e+02 -1.0008e+02 -1.7535e+02
-1.5181e+02 -1.4744e+02 -1.1792e+02 -4.0692e+02
# New trial
-1.5097e+02 -1.4000e+02 -9.3536e+01 -1.5094e+02
-1.5097e+02 -1.4029e+02 -1.0324e+02 -2.4878e+02
-1.5145e+02 -1.4467e+02 -1.3077e+02 -5.7946e+02
-1.5216e+02 -1.5100e+02 -1.4526e+02 -4.4710e+02
# New trial
-1.5167e+02 -1.4618e+02 -1.0944e+02 -1.3523e+02
-1.5151e+02 -1.4471e+02 -1.0411e+02 -1.6012e+02
-1.5138e+02 -1.4339e+02 -1.0572e+02 -3.7832e+02
-1.5197e+02 -1.4903e+02 -1.3159e+02 -5.4152e+02
# New trial
-1.5162e+02 -1.4564e+02 -1.0550e+02 -1.3650e+02
-1.5161e+02 -1.4553e+02 -1.0263e+02 -1.4110e+02
-1.5159e+02 -1.4528e+02 -9.8866e+01 -2.3510e+02
-1.5199e+02 -1.4922e+02 -1.2549e+02 -2.7367e+02
# New trial
-1.5171e+02 -1.4656e+02 -1.0918e+02 -1.2116e+02
-1.5156e+02 -1.4510e+02 -9.9966e+01 -1.0314e+02
-1.5141e+02 -1.4359e+02 -9.6499e+01 -2.9094e+02
-1.5172e+02 -1.4664e+02 -1.1710e+02 -4.5290e+02
# New trial
-1.5170e+02 -1.4644e+02 -1.0535e+02 -7.9777e+01
-1.5149e+02 -1.4441e+02 -9.4210e+01 -7.9210e+01
-1.5123e+02 -1.4184e+02 -8.1707e+01 -1.4164e+02
-1.5168e+02 -1.4620e+02 -1.0384e+02 -2.6382e+02
# New trial
-1.5169e+02 -1.4628e+02 -1.0904e+02 -1.1564e+02
-1.5172e+02 -1.4659e+02 -1.0658e+02 -8.8669e+01
-1.5173e+02 -1.4664e+02 -1.0604e+02 -2.0825e+02
-1.5202e+02 -1.4956e+02 -1.2719e+02 -2.4812e+02
# New trial
-1.5141e+02 -1.4365e+02 -9.7284e+01 -1.7329e+02
-1.5140e+02 -1.4357e+02 -9.2696e+01 -1.6542e+02
-1.5148e+02 -1.4421e+02 -9.6382e+01 -2.5216e+02
-1.5201e+02 -1.4950e+02 -1.2811e+02 -1.1469e+02
# New trial
