# 0.01sig - Array shape (trial/sig/alpha): (30, 4, 4)
-1.2919e+02 -1.2892e+02 -1.2670e+02 -1.2463e+02
-1.2919e+02 -1.2885e+02 -1.2627e+02 -1.2461e+02
-1.2917e+02 -1.2870e+02 -1.2557e+02 -1.2461e+02
-1.2920e+02 -1.2898e+02 -1.2733e+02 -1.3510e+02
# New trial
-1.2920e+02 -1.2897e+02 -1.2718e+02 -1.2480e+02
-1.2919e+02 -1.2893e+02 -1.2713e+02 -1.2525e+02
-1.2920e+02 -1.2898e+02 -1.2803e+02 -1.3950e+02
-1.2922e+02 -1.2917e+02 -1.2931e+02 -1.5276e+02
# New trial
-1.2920e+02 -1.2897e+02 -1.2707e+02 -1.2482e+02
-1.2919e+02 -1.2887e+02 -1.2655e+02 -1.2480e+02
-1.2917e+02 -1.2869e+02 -1.2585e+02 -1.2461e+02
-1.2920e+02 -1.2897e+02 -1.2751e+02 -1.4587e+02
# New trial
-1.2919e+02 -1.2890e+02 -1.2671e+02 -1.2462e+02
-1.2918e+02 -1.2881e+02 -1.2640e+02 -1.2466e+02
-1.2916e+02 -1.2859e+02 -1.2527e+02 -1.2461e+02
-1.2918e+02 -1.2875e+02 -1.2535e+02 -1.2461e+02
# New trial
-1.2920e+02 -1.2900e+02 -1.2721e+02 -1.2468e+02
-1.2919e+02 -1.2891e+02 -1.2663e+02 -1.2462e+02
-1.2917e+02 -1.2870e+02 -1.2552e+02 -1.2461e+02
-1.2918e+02 -1.2875e+02 -1.2562e+02 -1.2461e+02
# New trial
-1.2920e+02 -1.2899e+02 -1.2714e+02 -1.2461e+02
-1.2919e+02 -1.2888e+02 -1.2652e+02 -1.2461e+02
-1.2916e+02 -1.2857e+02 -1.2522e+02 -1.2461e+02
-1.2917e+02 -1.2869e+02 -1.2534e+02 -1.2461e+02
# New trial
-1.2920e+02 -1.2900e+02 -1.2729e+02 -1.2482e+02
-1.2919e+02 -1.2891e+02 -1.2678e+02 -1.2467e+02
-1.2919e+02 -1.2887e+02 -1.2669e+02 -1.2651e+02
-1.2922e+02 -1.2915e+02 -1.2860e+02 -1.4270e+02
# New trial
-1.2920e+02 -1.2901e+02 -1.2742e+02 -1.2602e+02
-1.2919e+02 -1.2894e+02 -1.2700e+02 -1.2576e+02
-1.2918e+02 -1.2880e+02 -1.2670e+02 -1.3120e+02
-1.2920e+02 -1.2902e+02 -1.2810e+02 -1.4755e+02
# New trial
-1.2920e+02 -1.2898e+02 -1.2718e+02 -1.2525e+02
-1.2919e+02 -1.2886e+02 -1.2631e+02 -1.2461e+02
-1.2917e+02 -1.2868e+02 -1.2551e+02 -1.2461e+02
-1.2920e+02 -1.2903e+02 -1.2766e+02 -1.3932e+02
# New trial
-1.2920e+02 -1.2899e+02 -1.2748e+02 -1.2739e+02
-1.2919e+02 -1.2891e+02 -1.2716e+02 -1.2659e+02
-1.2917e+02 -1.2875e+02 -1.2630e+02 -1.2514e+02
-1.2920e+02 -1.2903e+02 -1.2768e+02 -1.3902e+02
# New trial
-1.2918e+02 -1.2884e+02 -1.2644e+02 -1.2500e+02
-1.2917e+02 -1.2874e+02 -1.2620e+02 -1.2502e+02
-1.2916e+02 -1.2858e+02 -1.2567e+02 -1.2550e+02
-1.2920e+02 -1.2904e+02 -1.2776e+02 -1.3152e+02
# New trial
-1.2921e+02 -1.2906e+02 -1.2773e+02 -1.2470e+02
-1.2920e+02 -1.2904e+02 -1.2747e+02 -1.2466e+02
-1.2920e+02 -1.2898e+02 -1.2704e+02 -1.2494e+02
-1.2921e+02 -1.2911e+02 -1.2820e+02 -1.3404e+02
# New trial
-1.2920e+02 -1.2900e+02 -1.2724e+02 -1.2475e+02
-1.2919e+02 -1.2888e+02 -1.2641e+02 -1.2462e+02
-1.2917e+02 -1.2865e+02 -1.2563e+02 -1.2603e+02
-1.2920e+02 -1.2900e+02 -1.2837e+02 -1.5847e+02
# New trial
-1.2921e+02 -1.2905e+02 -1.2760e+02 -1.2465e+02
-1.2920e+02 -1.2900e+02 -1.2719e+02 -1.2464e+02
-1.2918e+02 -1.2884e+02 -1.2608e+02 -1.2462e+02
-1.2918e+02 -1.2878e+02 -1.2566e+02 -1.2461e+02
# New trial
-1.2920e+02 -1.2903e+02 -1.2738e+02 -1.2462e+02
-1.2920e+02 -1.2899e+02 -1.2703e+02 -1.2462e+02
-1.2918e+02 -1.2884e+02 -1.2604e+02 -1.2462e+02
-1.2918e+02 -1.2877e+02 -1.2557e+02 -1.2461e+02
# New trial
-1.2919e+02 -1.2893e+02 -1.2699e+02 -1.2468e+02
-1.2918e+02 -1.2883e+02 -1.2659e+02 -1.2463e+02
-1.2916e+02 -1.2864e+02 -1.2562e+02 -1.2462e+02
-1.2919e+02 -1.2893e+02 -1.2687e+02 -1.3130e+02
# New trial
-1.2920e+02 -1.2897e+02 -1.2709e+02 -1.2486e+02
-1.2919e+02 -1.2890e+02 -1.2681e+02 -1.2483e+02
-1.2919e+02 -1.2885e+02 -1.2668e+02 -1.2787e+02
-1.2921e+02 -1.2908e+02 -1.2823e+02 -1.4252e+02
# New trial
-1.2919e+02 -1.2890e+02 -1.2684e+02 -1.2462e+02
-1.2918e+02 -1.2880e+02 -1.2639e+02 -1.2461e+02
-1.2915e+02 -1.2849e+02 -1.2509e+02 -1.2461e+02
-1.2918e+02 -1.2875e+02 -1.2544e+02 -1.2461e+02
# New trial
-1.2921e+02 -1.2911e+02 -1.2811e+02 -1.2475e+02
-1.2921e+02 -1.2906e+02 -1.2764e+02 -1.2465e+02
-1.2919e+02 -1.2890e+02 -1.2632e+02 -1.2461e+02
-1.2919e+02 -1.2893e+02 -1.2676e+02 -1.3295e+02
# New trial
-1.2920e+02 -1.2898e+02 -1.2717e+02 -1.2501e+02
-1.2919e+02 -1.2890e+02 -1.2674e+02 -1.2499e+02
-1.2918e+02 -1.2884e+02 -1.2651e+02 -1.2547e+02
-1.2921e+02 -1.2911e+02 -1.2829e+02 -1.3919e+02
# New trial
-1.2918e+02 -1.2884e+02 -1.2687e+02 -1.2464e+02
-1.2919e+02 -1.2888e+02 -1.2775e+02 -1.3348e+02
-1.2920e+02 -1.2900e+02 -1.2913e+02 -1.5115e+02
-1.2922e+02 -1.2920e+02 -1.2940e+02 -1.4909e+02
# New trial
-1.2920e+02 -1.2903e+02 -1.2755e+02 -1.2522e+02
-1.2920e+02 -1.2896e+02 -1.2712e+02 -1.2533e+02
-1.2918e+02 -1.2881e+02 -1.2645e+02 -1.2497e+02
-1.2920e+02 -1.2902e+02 -1.2744e+02 -1.2692e+02
# New trial
-1.2921e+02 -1.2909e+02 -1.2796e+02 -1.2462e+02
-1.2921e+02 -1.2905e+02 -1.2759e+02 -1.2465e+02
-1.2919e+02 -1.2891e+02 -1.2646e+02 -1.2461e+02
-1.2918e+02 -1.2875e+02 -1.2531e+02 -1.2461e+02
# New trial
-1.2918e+02 -1.2882e+02 -1.2689e+02 -1.2477e+02
-1.2917e+02 -1.2871e+02 -1.2649e+02 -1.2472e+02
-1.2917e+02 -1.2869e+02 -1.2615e+02 -1.2470e+02
-1.2921e+02 -1.2914e+02 -1.2860e+02 -1.3751e+02
# New trial
-1.2920e+02 -1.2903e+02 -1.2746e+02 -1.2468e+02
-1.2920e+02 -1.2895e+02 -1.2706e+02 -1.2571e+02
-1.2917e+02 -1.2873e+02 -1.2617e+02 -1.2700e+02
-1.2918e+02 -1.2879e+02 -1.2564e+02 -1.2461e+02
# New trial
-1.2922e+02 -1.2915e+02 -1.2851e+02 -1.3200e+02
-1.2921e+02 -1.2911e+02 -1.2821e+02 -1.3323e+02
-1.2921e+02 -1.2907e+02 -1.2816e+02 -1.4190e+02
-1.2922e+02 -1.2921e+02 -1.2913e+02 -1.3947e+02
# New trial
-1.2921e+02 -1.2908e+02 -1.2785e+02 -1.2535e+02
-1.2920e+02 -1.2898e+02 -1.2717e+02 -1.2508e+02
-1.2919e+02 -1.2889e+02 -1.2682e+02 -1.3302e+02
-1.2921e+02 -1.2908e+02 -1.2826e+02 -1.4844e+02
# New trial
-1.2921e+02 -1.2907e+02 -1.2789e+02 -1.2621e+02
-1.2920e+02 -1.2898e+02 -1.2727e+02 -1.2553e+02
-1.2919e+02 -1.2889e+02 -1.2729e+02 -1.3770e+02
-1.2921e+02 -1.2912e+02 -1.2875e+02 -1.5455e+02
# New trial
-1.2921e+02 -1.2911e+02 -1.2814e+02 -1.2520e+02
-1.2921e+02 -1.2908e+02 -1.2791e+02 -1.2484e+02
-1.2921e+02 -1.2905e+02 -1.2767e+02 -1.2762e+02
-1.2922e+02 -1.2918e+02 -1.2882e+02 -1.3700e+02
# New trial
-1.2921e+02 -1.2911e+02 -1.2845e+02 -1.3918e+02
-1.2921e+02 -1.2912e+02 -1.2884e+02 -1.4605e+02
-1.2922e+02 -1.2916e+02 -1.3031e+02 -1.6750e+02
-1.2922e+02 -1.2922e+02 -1.3010e+02 -1.7191e+02
# New trial
