# 0.01sig - Array shape (trial/sig/alpha): (30L, 4L, 4L)
-1.0589e+02 -1.0360e+02 -8.7771e+01 -7.1688e+01
-1.0583e+02 -1.0302e+02 -8.4734e+01 -8.0827e+01
-1.0579e+02 -1.0267e+02 -8.5895e+01 -1.4681e+02
-1.0605e+02 -1.0522e+02 -1.0097e+02 -2.5427e+02
# New trial
-1.0586e+02 -1.0332e+02 -8.6685e+01 -9.4025e+01
-1.0580e+02 -1.0274e+02 -8.5777e+01 -1.0929e+02
-1.0579e+02 -1.0266e+02 -8.7147e+01 -1.7561e+02
-1.0605e+02 -1.0522e+02 -1.0016e+02 -2.4229e+02
# New trial
-1.0587e+02 -1.0340e+02 -8.7259e+01 -7.0742e+01
-1.0578e+02 -1.0263e+02 -8.4791e+01 -7.5447e+01
-1.0573e+02 -1.0207e+02 -8.6893e+01 -1.7343e+02
-1.0601e+02 -1.0479e+02 -9.6500e+01 -1.9311e+02
# New trial
-1.0575e+02 -1.0230e+02 -8.2433e+01 -7.0012e+01
-1.0576e+02 -1.0252e+02 -8.7258e+01 -1.2324e+02
-1.0588e+02 -1.0365e+02 -9.5667e+01 -2.1605e+02
-1.0611e+02 -1.0575e+02 -1.0376e+02 -1.9110e+02
# New trial
-1.0591e+02 -1.0379e+02 -8.6409e+01 -6.9700e+01
-1.0583e+02 -1.0306e+02 -8.1761e+01 -6.9559e+01
-1.0574e+02 -1.0216e+02 -8.3098e+01 -1.4231e+02
-1.0593e+02 -1.0401e+02 -9.1009e+01 -1.8602e+02
# New trial
-1.0589e+02 -1.0357e+02 -8.6282e+01 -7.5759e+01
-1.0579e+02 -1.0266e+02 -8.5300e+01 -1.0410e+02
-1.0570e+02 -1.0181e+02 -8.5039e+01 -1.5821e+02
-1.0600e+02 -1.0467e+02 -9.5093e+01 -1.6731e+02
# New trial
-1.0589e+02 -1.0363e+02 -8.7840e+01 -7.1537e+01
-1.0584e+02 -1.0319e+02 -8.7223e+01 -8.1340e+01
-1.0590e+02 -1.0372e+02 -8.8917e+01 -1.1166e+02
-1.0611e+02 -1.0576e+02 -1.0307e+02 -1.4333e+02
# New trial
-1.0587e+02 -1.0340e+02 -8.5979e+01 -8.0947e+01
-1.0581e+02 -1.0285e+02 -8.3415e+01 -9.0495e+01
-1.0575e+02 -1.0225e+02 -8.3556e+01 -1.4781e+02
-1.0601e+02 -1.0478e+02 -9.4800e+01 -1.6993e+02
# New trial
-1.0582e+02 -1.0294e+02 -8.2929e+01 -7.1507e+01
-1.0576e+02 -1.0235e+02 -8.1771e+01 -1.0633e+02
-1.0566e+02 -1.0143e+02 -8.8923e+01 -2.4107e+02
-1.0601e+02 -1.0478e+02 -9.9369e+01 -2.9157e+02
# New trial
-1.0582e+02 -1.0302e+02 -8.5989e+01 -7.4514e+01
-1.0576e+02 -1.0240e+02 -8.4296e+01 -9.9886e+01
-1.0578e+02 -1.0264e+02 -9.0619e+01 -1.9449e+02
-1.0608e+02 -1.0552e+02 -1.0305e+02 -2.4118e+02
# New trial
-1.0579e+02 -1.0273e+02 -8.7559e+01 -7.7515e+01
-1.0577e+02 -1.0267e+02 -9.2258e+01 -1.8304e+02
-1.0589e+02 -1.0375e+02 -1.0812e+02 -3.7004e+02
-1.0613e+02 -1.0600e+02 -1.0657e+02 -2.6854e+02
# New trial
-1.0597e+02 -1.0434e+02 -9.0231e+01 -7.0483e+01
-1.0595e+02 -1.0423e+02 -8.9551e+01 -7.7083e+01
-1.0597e+02 -1.0440e+02 -9.1158e+01 -1.3384e+02
-1.0608e+02 -1.0552e+02 -1.0017e+02 -1.1389e+02
# New trial
-1.0589e+02 -1.0365e+02 -8.6607e+01 -7.1476e+01
-1.0581e+02 -1.0288e+02 -8.3304e+01 -9.2476e+01
-1.0567e+02 -1.0143e+02 -8.1066e+01 -1.5499e+02
-1.0593e+02 -1.0396e+02 -9.1920e+01 -1.9309e+02
# New trial
-1.0597e+02 -1.0436e+02 -9.0258e+01 -7.0215e+01
-1.0592e+02 -1.0389e+02 -8.6740e+01 -6.9682e+01
-1.0585e+02 -1.0318e+02 -8.1892e+01 -7.0548e+01
-1.0597e+02 -1.0435e+02 -9.0677e+01 -1.4719e+02
# New trial
-1.0592e+02 -1.0387e+02 -8.7426e+01 -7.7337e+01
-1.0588e+02 -1.0348e+02 -8.5836e+01 -8.6748e+01
-1.0583e+02 -1.0305e+02 -8.4631e+01 -1.2451e+02
-1.0602e+02 -1.0489e+02 -9.6583e+01 -1.7275e+02
# New trial
-1.0577e+02 -1.0254e+02 -8.3393e+01 -7.3575e+01
-1.0571e+02 -1.0195e+02 -8.3016e+01 -9.0328e+01
-1.0576e+02 -1.0242e+02 -8.9024e+01 -1.8834e+02
-1.0608e+02 -1.0544e+02 -1.0200e+02 -2.3107e+02
# New trial
-1.0583e+02 -1.0303e+02 -8.3558e+01 -7.0900e+01
-1.0578e+02 -1.0263e+02 -8.4638e+01 -8.6536e+01
-1.0581e+02 -1.0293e+02 -8.9299e+01 -1.7295e+02
-1.0606e+02 -1.0526e+02 -9.9542e+01 -1.9394e+02
# New trial
-1.0577e+02 -1.0254e+02 -8.3595e+01 -7.0490e+01
-1.0571e+02 -1.0205e+02 -8.2923e+01 -8.9800e+01
-1.0576e+02 -1.0249e+02 -8.8732e+01 -1.9289e+02
-1.0607e+02 -1.0543e+02 -1.0376e+02 -3.0800e+02
# New trial
-1.0600e+02 -1.0468e+02 -9.2542e+01 -7.3448e+01
-1.0596e+02 -1.0425e+02 -8.9598e+01 -7.8152e+01
-1.0591e+02 -1.0381e+02 -8.7709e+01 -1.2561e+02
-1.0603e+02 -1.0497e+02 -9.6756e+01 -2.1927e+02
# New trial
-1.0588e+02 -1.0350e+02 -8.6116e+01 -8.6570e+01
-1.0583e+02 -1.0307e+02 -8.4847e+01 -9.9732e+01
-1.0582e+02 -1.0290e+02 -8.5323e+01 -1.5909e+02
-1.0604e+02 -1.0513e+02 -9.8268e+01 -1.9746e+02
# New trial
-1.0564e+02 -1.0145e+02 -8.2860e+01 -7.0292e+01
-1.0559e+02 -1.0105e+02 -8.4899e+01 -9.5709e+01
-1.0576e+02 -1.0256e+02 -9.0634e+01 -1.7727e+02
-1.0611e+02 -1.0582e+02 -1.0468e+02 -2.6152e+02
# New trial
-1.0589e+02 -1.0357e+02 -8.6356e+01 -7.2834e+01
-1.0583e+02 -1.0301e+02 -8.4714e+01 -7.7134e+01
-1.0582e+02 -1.0303e+02 -8.6008e+01 -1.2072e+02
-1.0607e+02 -1.0542e+02 -1.0153e+02 -2.1921e+02
# New trial
-1.0599e+02 -1.0459e+02 -9.1919e+01 -6.9761e+01
-1.0593e+02 -1.0402e+02 -8.8308e+01 -7.1400e+01
-1.0583e+02 -1.0305e+02 -8.2454e+01 -8.2075e+01
-1.0595e+02 -1.0422e+02 -8.8669e+01 -7.7398e+01
# New trial
-1.0564e+02 -1.0146e+02 -8.2105e+01 -6.9753e+01
-1.0567e+02 -1.0186e+02 -9.0755e+01 -1.4875e+02
-1.0589e+02 -1.0389e+02 -1.0665e+02 -3.3942e+02
-1.0612e+02 -1.0593e+02 -1.0592e+02 -1.6914e+02
# New trial
-1.0591e+02 -1.0384e+02 -8.7981e+01 -7.2741e+01
-1.0583e+02 -1.0304e+02 -8.5238e+01 -8.1748e+01
-1.0578e+02 -1.0258e+02 -8.8188e+01 -1.9025e+02
-1.0606e+02 -1.0525e+02 -9.9082e+01 -1.7618e+02
# New trial
-1.0592e+02 -1.0393e+02 -8.7363e+01 -7.2530e+01
-1.0589e+02 -1.0358e+02 -8.5945e+01 -8.0404e+01
-1.0586e+02 -1.0330e+02 -8.5859e+01 -1.3843e+02
-1.0607e+02 -1.0537e+02 -9.8983e+01 -1.3194e+02
# New trial
-1.0595e+02 -1.0419e+02 -8.9280e+01 -7.0983e+01
-1.0587e+02 -1.0343e+02 -8.5484e+01 -7.1583e+01
-1.0578e+02 -1.0250e+02 -8.1067e+01 -9.7226e+01
-1.0595e+02 -1.0417e+02 -9.0397e+01 -1.4653e+02
# New trial
-1.0594e+02 -1.0414e+02 -8.9227e+01 -7.0352e+01
-1.0586e+02 -1.0337e+02 -8.5723e+01 -7.1446e+01
-1.0573e+02 -1.0207e+02 -7.9553e+01 -9.1266e+01
-1.0594e+02 -1.0414e+02 -8.9297e+01 -1.0645e+02
# New trial
-1.0597e+02 -1.0439e+02 -9.0859e+01 -7.0319e+01
-1.0593e+02 -1.0403e+02 -8.8135e+01 -6.9790e+01
-1.0589e+02 -1.0356e+02 -8.3671e+01 -6.9902e+01
-1.0604e+02 -1.0509e+02 -9.6209e+01 -9.6405e+01
# New trial
-1.0587e+02 -1.0338e+02 -8.5533e+01 -7.4365e+01
-1.0580e+02 -1.0276e+02 -8.2413e+01 -8.6146e+01
-1.0579e+02 -1.0265e+02 -8.3542e+01 -1.3961e+02
-1.0606e+02 -1.0532e+02 -9.8964e+01 -1.0234e+02
# New trial
