# 0.1sig - Array shape (trial/sig/alpha): (30, 4, 4)
-1.7028e+02 -1.6603e+02 -1.3732e+02 -1.9944e+02
-1.7016e+02 -1.6495e+02 -1.2985e+02 -9.5060e+01
-1.6987e+02 -1.6213e+02 -1.1758e+02 -1.6389e+02
-1.7021e+02 -1.6538e+02 -1.3471e+02 -3.3834e+02
# New trial
-1.7045e+02 -1.6773e+02 -1.4544e+02 -1.2329e+02
-1.7034e+02 -1.6665e+02 -1.3743e+02 -1.0602e+02
-1.7005e+02 -1.6381e+02 -1.2046e+02 -1.3336e+02
-1.7004e+02 -1.6371e+02 -1.3794e+02 -4.1959e+02
# New trial
-1.7042e+02 -1.6742e+02 -1.4275e+02 -1.1711e+02
-1.7025e+02 -1.6570e+02 -1.2611e+02 -9.2344e+01
-1.6989e+02 -1.6216e+02 -1.1005e+02 -1.5975e+02
-1.6978e+02 -1.6106e+02 -1.1392e+02 -2.5424e+02
# New trial
-1.7039e+02 -1.6715e+02 -1.4468e+02 -2.9656e+02
-1.7029e+02 -1.6612e+02 -1.3061e+02 -9.3724e+01
-1.6999e+02 -1.6309e+02 -1.0937e+02 -9.3269e+01
-1.6991e+02 -1.6231e+02 -1.1036e+02 -1.1771e+02
# New trial
-1.7052e+02 -1.6837e+02 -1.5230e+02 -1.9291e+02
-1.7040e+02 -1.6722e+02 -1.3969e+02 -9.4539e+01
-1.7016e+02 -1.6480e+02 -1.2232e+02 -1.0097e+02
-1.7020e+02 -1.6523e+02 -1.2256e+02 -9.9334e+01
# New trial
-1.7052e+02 -1.6836e+02 -1.4887e+02 -1.0960e+02
-1.7041e+02 -1.6731e+02 -1.3906e+02 -9.4746e+01
-1.7021e+02 -1.6529e+02 -1.2260e+02 -9.6490e+01
-1.7035e+02 -1.6667e+02 -1.3296e+02 -9.9073e+01
# New trial
-1.7046e+02 -1.6783e+02 -1.4373e+02 -9.5850e+01
-1.7038e+02 -1.6697e+02 -1.3614e+02 -9.2591e+01
-1.7014e+02 -1.6458e+02 -1.1950e+02 -1.1868e+02
-1.7015e+02 -1.6471e+02 -1.2438e+02 -2.6684e+02
# New trial
-1.7039e+02 -1.6715e+02 -1.4378e+02 -2.2203e+02
-1.7030e+02 -1.6621e+02 -1.3521e+02 -9.9703e+01
-1.7010e+02 -1.6427e+02 -1.2363e+02 -1.8719e+02
-1.7034e+02 -1.6661e+02 -1.3926e+02 -3.3912e+02
# New trial
-1.7028e+02 -1.6612e+02 -1.3611e+02 -1.3986e+02
-1.7012e+02 -1.6454e+02 -1.2666e+02 -9.4282e+01
-1.6984e+02 -1.6181e+02 -1.1835e+02 -1.4771e+02
-1.7022e+02 -1.6545e+02 -1.4062e+02 -4.7719e+02
# New trial
-1.7044e+02 -1.6760e+02 -1.4237e+02 -9.6409e+01
-1.7033e+02 -1.6655e+02 -1.3437e+02 -9.4822e+01
-1.7005e+02 -1.6374e+02 -1.1444e+02 -9.6046e+01
-1.7007e+02 -1.6390e+02 -1.1643e+02 -1.3601e+02
# New trial
-1.7048e+02 -1.6800e+02 -1.4551e+02 -1.1321e+02
-1.7035e+02 -1.6668e+02 -1.3445e+02 -9.5361e+01
-1.6998e+02 -1.6300e+02 -1.1381e+02 -1.1808e+02
-1.6984e+02 -1.6167e+02 -1.1161e+02 -1.8138e+02
# New trial
-1.7035e+02 -1.6674e+02 -1.3791e+02 -1.0261e+02
-1.7024e+02 -1.6567e+02 -1.3138e+02 -1.0302e+02
-1.6996e+02 -1.6289e+02 -1.2020e+02 -1.9359e+02
-1.7022e+02 -1.6545e+02 -1.2790e+02 -2.2300e+02
# New trial
-1.7044e+02 -1.6759e+02 -1.4262e+02 -1.0235e+02
-1.7036e+02 -1.6677e+02 -1.3599e+02 -1.0410e+02
-1.7013e+02 -1.6452e+02 -1.2632e+02 -1.9772e+02
-1.7028e+02 -1.6608e+02 -1.3676e+02 -3.3479e+02
# New trial
-1.7053e+02 -1.6844e+02 -1.4971e+02 -1.0242e+02
-1.7043e+02 -1.6743e+02 -1.3894e+02 -9.2332e+01
-1.7020e+02 -1.6522e+02 -1.2110e+02 -9.3652e+01
-1.7006e+02 -1.6381e+02 -1.1512e+02 -1.1072e+02
# New trial
-1.7037e+02 -1.6711e+02 -1.5255e+02 -2.8638e+02
-1.7017e+02 -1.6507e+02 -1.3196e+02 -9.4966e+01
-1.6978e+02 -1.6125e+02 -1.1305e+02 -1.3932e+02
-1.7004e+02 -1.6366e+02 -1.1801e+02 -1.6644e+02
# New trial
-1.7034e+02 -1.6673e+02 -1.5208e+02 -3.4531e+02
-1.7016e+02 -1.6496e+02 -1.2895e+02 -1.0088e+02
-1.6972e+02 -1.6069e+02 -1.1374e+02 -1.2852e+02
-1.6988e+02 -1.6207e+02 -1.1639e+02 -2.0398e+02
# New trial
-1.7045e+02 -1.6770e+02 -1.4303e+02 -9.5960e+01
-1.7032e+02 -1.6643e+02 -1.3308e+02 -9.3371e+01
-1.7000e+02 -1.6327e+02 -1.1761e+02 -1.2558e+02
-1.6997e+02 -1.6293e+02 -1.1243e+02 -1.0755e+02
# New trial
-1.7054e+02 -1.6861e+02 -1.5142e+02 -1.6331e+02
-1.7042e+02 -1.6740e+02 -1.3975e+02 -9.2961e+01
-1.7010e+02 -1.6414e+02 -1.1210e+02 -9.2302e+01
-1.6989e+02 -1.6205e+02 -1.0319e+02 -9.2302e+01
# New trial
-1.7049e+02 -1.6813e+02 -1.4665e+02 -1.2812e+02
-1.7041e+02 -1.6725e+02 -1.3922e+02 -9.7239e+01
-1.7018e+02 -1.6504e+02 -1.2349e+02 -1.4436e+02
-1.7021e+02 -1.6532e+02 -1.2777e+02 -2.6421e+02
# New trial
-1.7050e+02 -1.6820e+02 -1.5528e+02 -2.8694e+02
-1.7035e+02 -1.6678e+02 -1.3829e+02 -9.4337e+01
-1.6999e+02 -1.6320e+02 -1.1624e+02 -1.3092e+02
-1.7001e+02 -1.6338e+02 -1.1489e+02 -1.5505e+02
# New trial
-1.7041e+02 -1.6729e+02 -1.4385e+02 -1.4574e+02
-1.7029e+02 -1.6614e+02 -1.3238e+02 -9.4062e+01
-1.7003e+02 -1.6357e+02 -1.1251e+02 -9.2304e+01
-1.7018e+02 -1.6500e+02 -1.1899e+02 -9.3840e+01
# New trial
-1.7046e+02 -1.6778e+02 -1.4768e+02 -1.9665e+02
-1.7036e+02 -1.6680e+02 -1.3793e+02 -9.8457e+01
-1.7011e+02 -1.6440e+02 -1.2396e+02 -1.4857e+02
-1.7021e+02 -1.6530e+02 -1.2777e+02 -1.9711e+02
# New trial
-1.7046e+02 -1.6778e+02 -1.4427e+02 -1.0916e+02
-1.7036e+02 -1.6678e+02 -1.3637e+02 -9.5050e+01
-1.7008e+02 -1.6409e+02 -1.2095e+02 -1.2538e+02
-1.7009e+02 -1.6415e+02 -1.2374e+02 -2.3603e+02
# New trial
-1.7049e+02 -1.6813e+02 -1.4827e+02 -1.3991e+02
-1.7040e+02 -1.6720e+02 -1.4016e+02 -1.0653e+02
-1.7020e+02 -1.6523e+02 -1.2639e+02 -1.4289e+02
-1.7029e+02 -1.6614e+02 -1.3608e+02 -3.5008e+02
# New trial
-1.7050e+02 -1.6816e+02 -1.4875e+02 -2.4849e+02
-1.7046e+02 -1.6779e+02 -1.4365e+02 -9.7728e+01
-1.7034e+02 -1.6659e+02 -1.3340e+02 -1.3212e+02
-1.7045e+02 -1.6765e+02 -1.4353e+02 -2.6580e+02
# New trial
-1.7042e+02 -1.6748e+02 -1.5126e+02 -2.7070e+02
-1.7028e+02 -1.6602e+02 -1.2906e+02 -9.2388e+01
-1.6998e+02 -1.6301e+02 -1.0853e+02 -9.2302e+01
-1.6992e+02 -1.6241e+02 -1.0927e+02 -9.2304e+01
# New trial
-1.7050e+02 -1.6814e+02 -1.4683e+02 -1.0695e+02
-1.7046e+02 -1.6776e+02 -1.4387e+02 -1.0327e+02
-1.7035e+02 -1.6669e+02 -1.3557e+02 -1.6265e+02
-1.7048e+02 -1.6803e+02 -1.4617e+02 -1.9763e+02
# New trial
-1.7042e+02 -1.6744e+02 -1.4659e+02 -2.2018e+02
-1.7027e+02 -1.6594e+02 -1.3040e+02 -9.5353e+01
-1.6985e+02 -1.6180e+02 -1.1861e+02 -1.7060e+02
-1.6985e+02 -1.6180e+02 -1.2450e+02 -3.3325e+02
# New trial
-1.7049e+02 -1.6807e+02 -1.4745e+02 -1.2346e+02
-1.7038e+02 -1.6694e+02 -1.3658e+02 -9.4124e+01
-1.7005e+02 -1.6368e+02 -1.1233e+02 -9.2965e+01
-1.6990e+02 -1.6221e+02 -1.0649e+02 -1.0084e+02
# New trial
-1.7051e+02 -1.6832e+02 -1.4772e+02 -1.1553e+02
-1.7046e+02 -1.6780e+02 -1.4330e+02 -1.0737e+02
-1.7038e+02 -1.6694e+02 -1.3549e+02 -1.0434e+02
-1.7048e+02 -1.6795e+02 -1.4417e+02 -1.0985e+02
# New trial
