# 0.1sig - Array shape (trial/sig/alpha): (30L, 4L, 4L)
-9.1804e+01 -8.8426e+01 -1.1573e+02 -7.8701e+02
-9.1797e+01 -8.7865e+01 -8.3163e+01 -3.3993e+02
-9.1848e+01 -8.8090e+01 -7.9213e+01 -4.3121e+02
-9.2207e+01 -9.1385e+01 -8.8187e+01 -4.0199e+02
# New trial
-9.1911e+01 -8.8703e+01 -8.1275e+01 -2.8455e+02
-9.1891e+01 -8.8467e+01 -7.2221e+01 -1.7140e+02
-9.1884e+01 -8.8265e+01 -6.5082e+01 -1.3050e+02
-9.2108e+01 -9.0368e+01 -7.6236e+01 -7.0213e+01
# New trial
-9.1928e+01 -8.9007e+01 -1.0073e+02 -5.8600e+02
-9.1843e+01 -8.7915e+01 -7.2200e+01 -3.0968e+02
-9.1641e+01 -8.5783e+01 -5.4764e+01 -2.1331e+02
-9.1836e+01 -8.7680e+01 -6.3474e+01 -1.2842e+02
# New trial
-9.1980e+01 -8.9478e+01 -1.1668e+02 -8.6045e+02
-9.1895e+01 -8.8427e+01 -7.9292e+01 -4.4609e+02
-9.1756e+01 -8.6966e+01 -6.8800e+01 -4.1905e+02
-9.1917e+01 -8.8515e+01 -8.1113e+01 -5.6615e+02
# New trial
-9.2039e+01 -9.0189e+01 -1.1101e+02 -6.5023e+02
-9.1967e+01 -8.9188e+01 -7.6943e+01 -1.9470e+02
-9.1927e+01 -8.8682e+01 -6.8757e+01 -2.1705e+02
-9.2138e+01 -9.0683e+01 -7.9549e+01 -1.9980e+02
# New trial
-9.2037e+01 -8.9861e+01 -8.8041e+01 -3.3329e+02
-9.2015e+01 -8.9579e+01 -7.7637e+01 -1.8552e+02
-9.2004e+01 -8.9384e+01 -6.9223e+01 -1.4551e+02
-9.2175e+01 -9.1046e+01 -8.1210e+01 -1.6230e+02
# New trial
-9.1865e+01 -8.8316e+01 -8.1134e+01 -3.2502e+02
-9.1869e+01 -8.8239e+01 -7.1380e+01 -2.1266e+02
-9.1843e+01 -8.7845e+01 -6.3405e+01 -2.0919e+02
-9.2067e+01 -8.9986e+01 -7.4436e+01 -2.2229e+02
# New trial
-9.1899e+01 -8.8873e+01 -1.2172e+02 -8.7725e+02
-9.1911e+01 -8.8636e+01 -8.0519e+01 -3.2732e+02
-9.1951e+01 -8.8872e+01 -7.3004e+01 -2.7987e+02
-9.2195e+01 -9.1249e+01 -8.6795e+01 -2.8727e+02
# New trial
-9.1800e+01 -8.8171e+01 -9.5471e+01 -4.9892e+02
-9.1766e+01 -8.7563e+01 -7.8516e+01 -3.3913e+02
-9.1818e+01 -8.7665e+01 -7.1610e+01 -3.6294e+02
-9.2191e+01 -9.1201e+01 -8.5154e+01 -3.2686e+02
# New trial
-9.1822e+01 -8.7957e+01 -8.6719e+01 -4.2891e+02
-9.1805e+01 -8.7658e+01 -7.3834e+01 -2.9529e+02
-9.1810e+01 -8.7529e+01 -6.4160e+01 -2.1151e+02
-9.2063e+01 -8.9936e+01 -7.3020e+01 -1.0123e+02
# New trial
-9.2060e+01 -9.0135e+01 -8.9767e+01 -3.5667e+02
-9.1980e+01 -8.9271e+01 -7.9031e+01 -3.1589e+02
-9.1801e+01 -8.7427e+01 -6.5994e+01 -2.3709e+02
-9.2016e+01 -8.9497e+01 -8.7384e+01 -4.6625e+02
# New trial
-9.1907e+01 -8.8981e+01 -1.1094e+02 -7.1567e+02
-9.1830e+01 -8.8026e+01 -8.5006e+01 -4.0980e+02
-9.1893e+01 -8.8348e+01 -6.8688e+01 -2.3798e+02
-9.2196e+01 -9.1245e+01 -8.2806e+01 -1.1812e+02
# New trial
-9.1927e+01 -8.9321e+01 -1.3162e+02 -9.3755e+02
-9.1925e+01 -8.8852e+01 -8.2678e+01 -3.6389e+02
-9.1935e+01 -8.8737e+01 -7.1180e+01 -3.1296e+02
-9.2199e+01 -9.1278e+01 -8.3164e+01 -1.1548e+02
# New trial
-9.2115e+01 -9.0771e+01 -1.0353e+02 -5.3851e+02
-9.2008e+01 -8.9466e+01 -7.4567e+01 -2.3247e+02
-9.1881e+01 -8.8138e+01 -6.1794e+01 -2.3181e+02
-9.1961e+01 -8.8909e+01 -6.6828e+01 -6.7699e+01
# New trial
-9.1824e+01 -8.8719e+01 -1.1198e+02 -6.1360e+02
-9.1659e+01 -8.6616e+01 -7.9724e+01 -4.5518e+02
-9.1654e+01 -8.6112e+01 -6.6122e+01 -3.1997e+02
-9.2120e+01 -9.0504e+01 -8.0808e+01 -3.6826e+02
# New trial
-9.1802e+01 -8.8422e+01 -1.2636e+02 -9.0436e+02
-9.1716e+01 -8.7171e+01 -9.5918e+01 -5.8573e+02
-9.1693e+01 -8.6680e+01 -9.3801e+01 -6.4643e+02
-9.2114e+01 -9.0502e+01 -9.4081e+01 -5.5910e+02
# New trial
-9.1816e+01 -8.8346e+01 -1.0531e+02 -6.1922e+02
-9.1830e+01 -8.8008e+01 -8.0792e+01 -3.8589e+02
-9.1867e+01 -8.8119e+01 -7.1479e+01 -3.1260e+02
-9.2129e+01 -9.0586e+01 -7.9188e+01 -2.2027e+02
# New trial
-9.1974e+01 -8.9257e+01 -9.1417e+01 -5.4912e+02
-9.1937e+01 -8.8774e+01 -7.2722e+01 -2.7241e+02
-9.1868e+01 -8.8003e+01 -5.9083e+01 -1.3321e+02
-9.2035e+01 -8.9635e+01 -6.9776e+01 -5.0869e+01
# New trial
-9.1993e+01 -8.9406e+01 -8.3263e+01 -3.1709e+02
-9.1926e+01 -8.8713e+01 -7.3580e+01 -2.2132e+02
-9.1919e+01 -8.8548e+01 -6.5249e+01 -1.3269e+02
-9.2139e+01 -9.0675e+01 -7.8254e+01 -1.3447e+02
# New trial
-9.1844e+01 -8.8564e+01 -1.1508e+02 -7.7633e+02
-9.1800e+01 -8.7725e+01 -7.5575e+01 -2.9864e+02
-9.1745e+01 -8.6964e+01 -6.7968e+01 -3.6030e+02
-9.2054e+01 -8.9880e+01 -7.5057e+01 -2.4314e+02
# New trial
-9.1884e+01 -8.8658e+01 -1.0467e+02 -6.7379e+02
-9.1875e+01 -8.8351e+01 -7.8855e+01 -3.3096e+02
-9.1921e+01 -8.8631e+01 -7.2474e+01 -3.3856e+02
-9.2209e+01 -9.1390e+01 -8.5546e+01 -3.0322e+02
# New trial
-9.2005e+01 -8.9651e+01 -9.8575e+01 -5.5727e+02
-9.1940e+01 -8.8961e+01 -8.1366e+01 -3.0099e+02
-9.1942e+01 -8.8834e+01 -6.9937e+01 -2.4095e+02
-9.2203e+01 -9.1324e+01 -8.3794e+01 -1.3892e+02
# New trial
-9.1886e+01 -8.8375e+01 -7.8892e+01 -3.0779e+02
-9.1884e+01 -8.8289e+01 -7.1251e+01 -2.4115e+02
-9.1877e+01 -8.8143e+01 -6.5242e+01 -2.3877e+02
-9.2113e+01 -9.0432e+01 -7.6343e+01 -1.3025e+02
# New trial
-9.1797e+01 -8.7805e+01 -7.9147e+01 -3.3045e+02
-9.1865e+01 -8.8091e+01 -6.5252e+01 -1.6431e+02
-9.1928e+01 -8.8600e+01 -6.3762e+01 -2.1807e+02
-9.2149e+01 -9.0774e+01 -7.8409e+01 -1.7387e+02
# New trial
-9.2034e+01 -8.9891e+01 -1.0006e+02 -5.8658e+02
-9.2039e+01 -8.9789e+01 -7.9499e+01 -2.1691e+02
-9.2023e+01 -8.9561e+01 -7.1960e+01 -1.8867e+02
-9.2127e+01 -9.0568e+01 -7.8495e+01 -1.9987e+02
# New trial
-9.1978e+01 -8.9904e+01 -1.1981e+02 -7.1530e+02
-9.1861e+01 -8.8115e+01 -7.4918e+01 -3.5904e+02
-9.1828e+01 -8.7642e+01 -6.6278e+01 -2.8927e+02
-9.2099e+01 -9.0282e+01 -7.9686e+01 -2.7848e+02
# New trial
-9.1931e+01 -8.8798e+01 -8.5795e+01 -4.8780e+02
-9.1999e+01 -8.9376e+01 -7.5637e+01 -2.3901e+02
-9.2115e+01 -9.0478e+01 -8.0406e+01 -2.6367e+02
-9.2264e+01 -9.1931e+01 -8.9725e+01 -2.4424e+02
# New trial
-9.1886e+01 -8.8825e+01 -1.1030e+02 -7.1697e+02
-9.1806e+01 -8.7694e+01 -7.7093e+01 -4.2440e+02
-9.1787e+01 -8.7321e+01 -6.6680e+01 -3.0522e+02
-9.2107e+01 -9.0395e+01 -7.6884e+01 -1.2827e+02
# New trial
-9.1892e+01 -8.8470e+01 -8.7778e+01 -4.4182e+02
-9.1848e+01 -8.7944e+01 -7.6038e+01 -3.6003e+02
-9.1776e+01 -8.7150e+01 -6.6601e+01 -2.8720e+02
-9.2025e+01 -8.9563e+01 -7.6115e+01 -2.6469e+02
# New trial
-9.1856e+01 -8.8163e+01 -7.9848e+01 -3.9625e+02
-9.1932e+01 -8.8762e+01 -7.1212e+01 -2.0918e+02
-9.2087e+01 -9.0202e+01 -7.5405e+01 -1.4877e+02
-9.2242e+01 -9.1706e+01 -8.6792e+01 -1.4923e+02
# New trial
