# 0.01sig - Array shape (trial/sig/alpha): (30, 4, 4)
-1.6148e+02 -1.6107e+02 -1.5775e+02 -1.5249e+02
-1.6147e+02 -1.6096e+02 -1.5714e+02 -1.5240e+02
-1.6146e+02 -1.6086e+02 -1.5722e+02 -1.6227e+02
-1.6151e+02 -1.6132e+02 -1.6074e+02 -2.1043e+02
# New trial
-1.6148e+02 -1.6106e+02 -1.5772e+02 -1.5414e+02
-1.6147e+02 -1.6090e+02 -1.5692e+02 -1.5312e+02
-1.6145e+02 -1.6079e+02 -1.5721e+02 -1.7300e+02
-1.6151e+02 -1.6131e+02 -1.6069e+02 -2.0600e+02
# New trial
-1.6149e+02 -1.6113e+02 -1.5805e+02 -1.5263e+02
-1.6147e+02 -1.6096e+02 -1.5696e+02 -1.5258e+02
-1.6142e+02 -1.6048e+02 -1.5484e+02 -1.5627e+02
-1.6145e+02 -1.6070e+02 -1.5604e+02 -1.7085e+02
# New trial
-1.6148e+02 -1.6102e+02 -1.5733e+02 -1.5236e+02
-1.6146e+02 -1.6085e+02 -1.5666e+02 -1.5240e+02
-1.6143e+02 -1.6057e+02 -1.5590e+02 -1.5680e+02
-1.6147e+02 -1.6098e+02 -1.5813e+02 -1.9150e+02
# New trial
-1.6149e+02 -1.6116e+02 -1.5811e+02 -1.5244e+02
-1.6148e+02 -1.6100e+02 -1.5699e+02 -1.5237e+02
-1.6143e+02 -1.6052e+02 -1.5440e+02 -1.5230e+02
-1.6141e+02 -1.6035e+02 -1.5306e+02 -1.5230e+02
# New trial
-1.6149e+02 -1.6118e+02 -1.5820e+02 -1.5245e+02
-1.6148e+02 -1.6099e+02 -1.5698e+02 -1.5303e+02
-1.6142e+02 -1.6048e+02 -1.5430e+02 -1.5347e+02
-1.6141e+02 -1.6035e+02 -1.5340e+02 -1.5230e+02
# New trial
-1.6149e+02 -1.6115e+02 -1.5794e+02 -1.5241e+02
-1.6148e+02 -1.6101e+02 -1.5697e+02 -1.5250e+02
-1.6145e+02 -1.6075e+02 -1.5517e+02 -1.5230e+02
-1.6148e+02 -1.6100e+02 -1.5650e+02 -1.5230e+02
# New trial
-1.6149e+02 -1.6115e+02 -1.5806e+02 -1.5302e+02
-1.6148e+02 -1.6106e+02 -1.5750e+02 -1.5524e+02
-1.6146e+02 -1.6089e+02 -1.5713e+02 -1.7492e+02
-1.6148e+02 -1.6105e+02 -1.5878e+02 -1.9101e+02
# New trial
-1.6149e+02 -1.6111e+02 -1.5769e+02 -1.5260e+02
-1.6147e+02 -1.6094e+02 -1.5660e+02 -1.5401e+02
-1.6142e+02 -1.6044e+02 -1.5448e+02 -1.5425e+02
-1.6143e+02 -1.6051e+02 -1.5362e+02 -1.5230e+02
# New trial
-1.6148e+02 -1.6107e+02 -1.5769e+02 -1.5348e+02
-1.6147e+02 -1.6094e+02 -1.5706e+02 -1.5533e+02
-1.6145e+02 -1.6072e+02 -1.5672e+02 -1.6668e+02
-1.6149e+02 -1.6111e+02 -1.5920e+02 -1.9019e+02
# New trial
-1.6147e+02 -1.6098e+02 -1.5712e+02 -1.5236e+02
-1.6146e+02 -1.6081e+02 -1.5649e+02 -1.5233e+02
-1.6143e+02 -1.6057e+02 -1.5565e+02 -1.6154e+02
-1.6149e+02 -1.6111e+02 -1.5811e+02 -1.7355e+02
# New trial
-1.6150e+02 -1.6126e+02 -1.5894e+02 -1.5292e+02
-1.6150e+02 -1.6121e+02 -1.5854e+02 -1.5307e+02
-1.6148e+02 -1.6103e+02 -1.5711e+02 -1.5342e+02
-1.6147e+02 -1.6096e+02 -1.5635e+02 -1.5333e+02
# New trial
-1.6150e+02 -1.6120e+02 -1.5838e+02 -1.5278e+02
-1.6148e+02 -1.6103e+02 -1.5709e+02 -1.5252e+02
-1.6145e+02 -1.6070e+02 -1.5542e+02 -1.6340e+02
-1.6146e+02 -1.6084e+02 -1.5608e+02 -1.6327e+02
# New trial
-1.6150e+02 -1.6125e+02 -1.5880e+02 -1.5233e+02
-1.6149e+02 -1.6115e+02 -1.5797e+02 -1.5232e+02
-1.6146e+02 -1.6088e+02 -1.5583e+02 -1.5230e+02
-1.6146e+02 -1.6087e+02 -1.5582e+02 -1.5399e+02
# New trial
-1.6150e+02 -1.6121e+02 -1.5849e+02 -1.5262e+02
-1.6149e+02 -1.6114e+02 -1.5782e+02 -1.5259e+02
-1.6146e+02 -1.6086e+02 -1.5566e+02 -1.5244e+02
-1.6144e+02 -1.6065e+02 -1.5432e+02 -1.5231e+02
# New trial
-1.6148e+02 -1.6101e+02 -1.5718e+02 -1.5237e+02
-1.6146e+02 -1.6086e+02 -1.5647e+02 -1.5230e+02
-1.6142e+02 -1.6051e+02 -1.5439e+02 -1.5230e+02
-1.6146e+02 -1.6083e+02 -1.5577e+02 -1.5313e+02
# New trial
-1.6149e+02 -1.6110e+02 -1.5783e+02 -1.5318e+02
-1.6147e+02 -1.6097e+02 -1.5723e+02 -1.5606e+02
-1.6146e+02 -1.6081e+02 -1.5693e+02 -1.6473e+02
-1.6148e+02 -1.6109e+02 -1.5813e+02 -1.7538e+02
# New trial
-1.6148e+02 -1.6106e+02 -1.5773e+02 -1.5273e+02
-1.6147e+02 -1.6091e+02 -1.5708e+02 -1.5300e+02
-1.6143e+02 -1.6058e+02 -1.5585e+02 -1.6050e+02
-1.6146e+02 -1.6083e+02 -1.5657e+02 -1.7022e+02
# New trial
-1.6147e+02 -1.6092e+02 -1.5706e+02 -1.5551e+02
-1.6146e+02 -1.6089e+02 -1.5774e+02 -1.8012e+02
-1.6145e+02 -1.6080e+02 -1.5852e+02 -2.0745e+02
-1.6151e+02 -1.6129e+02 -1.5937e+02 -1.7340e+02
# New trial
-1.6149e+02 -1.6110e+02 -1.5782e+02 -1.5286e+02
-1.6148e+02 -1.6101e+02 -1.5739e+02 -1.5279e+02
-1.6146e+02 -1.6086e+02 -1.5678e+02 -1.6534e+02
-1.6148e+02 -1.6105e+02 -1.5801e+02 -1.8568e+02
# New trial
-1.6146e+02 -1.6086e+02 -1.5717e+02 -1.5246e+02
-1.6144e+02 -1.6073e+02 -1.5706e+02 -1.5302e+02
-1.6142e+02 -1.6050e+02 -1.5573e+02 -1.5341e+02
-1.6147e+02 -1.6093e+02 -1.5657e+02 -1.5247e+02
# New trial
-1.6150e+02 -1.6120e+02 -1.5853e+02 -1.5285e+02
-1.6148e+02 -1.6105e+02 -1.5740e+02 -1.5241e+02
-1.6144e+02 -1.6069e+02 -1.5502e+02 -1.5231e+02
-1.6148e+02 -1.6103e+02 -1.5733e+02 -1.7268e+02
# New trial
-1.6151e+02 -1.6131e+02 -1.5941e+02 -1.5252e+02
-1.6150e+02 -1.6122e+02 -1.5854e+02 -1.5262e+02
-1.6147e+02 -1.6098e+02 -1.5675e+02 -1.5603e+02
-1.6146e+02 -1.6087e+02 -1.5617e+02 -1.6469e+02
# New trial
-1.6146e+02 -1.6086e+02 -1.5722e+02 -1.5243e+02
-1.6144e+02 -1.6070e+02 -1.5703e+02 -1.5324e+02
-1.6144e+02 -1.6069e+02 -1.5745e+02 -1.6675e+02
-1.6150e+02 -1.6128e+02 -1.6020e+02 -2.0715e+02
# New trial
-1.6150e+02 -1.6126e+02 -1.5897e+02 -1.5252e+02
-1.6149e+02 -1.6110e+02 -1.5781e+02 -1.5236e+02
-1.6145e+02 -1.6075e+02 -1.5539e+02 -1.5235e+02
-1.6147e+02 -1.6097e+02 -1.5653e+02 -1.5243e+02
# New trial
-1.6151e+02 -1.6129e+02 -1.5927e+02 -1.5379e+02
-1.6150e+02 -1.6122e+02 -1.5864e+02 -1.5332e+02
-1.6148e+02 -1.6100e+02 -1.5714e+02 -1.5336e+02
-1.6148e+02 -1.6101e+02 -1.5708e+02 -1.6809e+02
# New trial
-1.6150e+02 -1.6125e+02 -1.5891e+02 -1.5343e+02
-1.6149e+02 -1.6110e+02 -1.5771e+02 -1.5273e+02
-1.6145e+02 -1.6076e+02 -1.5568e+02 -1.5375e+02
-1.6146e+02 -1.6081e+02 -1.5630e+02 -1.7550e+02
# New trial
-1.6150e+02 -1.6121e+02 -1.5853e+02 -1.5237e+02
-1.6148e+02 -1.6108e+02 -1.5755e+02 -1.5237e+02
-1.6144e+02 -1.6067e+02 -1.5508e+02 -1.5250e+02
-1.6143e+02 -1.6052e+02 -1.5371e+02 -1.5230e+02
# New trial
-1.6150e+02 -1.6126e+02 -1.5896e+02 -1.5236e+02
-1.6150e+02 -1.6120e+02 -1.5840e+02 -1.5235e+02
-1.6147e+02 -1.6097e+02 -1.5643e+02 -1.5234e+02
-1.6147e+02 -1.6096e+02 -1.5629e+02 -1.5230e+02
# New trial
-1.6149e+02 -1.6112e+02 -1.5810e+02 -1.5507e+02
-1.6147e+02 -1.6098e+02 -1.5713e+02 -1.5431e+02
-1.6144e+02 -1.6066e+02 -1.5578e+02 -1.5967e+02
-1.6148e+02 -1.6102e+02 -1.5766e+02 -1.7698e+02
# New trial
