# 0.1sig - Array shape (trial/sig/alpha): (30, 4, 4)
-1.5131e+02 -1.4336e+02 -1.3287e+02 -6.8171e+02
-1.5123e+02 -1.4230e+02 -1.0329e+02 -2.5860e+02
-1.5111e+02 -1.4092e+02 -1.0391e+02 -5.6262e+02
-1.5181e+02 -1.4748e+02 -1.2724e+02 -5.8200e+02
# New trial
-1.5173e+02 -1.4697e+02 -1.2454e+02 -3.4446e+02
-1.5165e+02 -1.4607e+02 -1.1047e+02 -1.8039e+02
-1.5140e+02 -1.4352e+02 -8.8548e+01 -2.1834e+02
-1.5161e+02 -1.4548e+02 -1.0408e+02 -3.5525e+02
# New trial
-1.5173e+02 -1.4700e+02 -1.4196e+02 -5.7463e+02
-1.5146e+02 -1.4415e+02 -9.7334e+01 -2.7704e+02
-1.5098e+02 -1.3922e+02 -6.6258e+01 -2.0952e+02
-1.5114e+02 -1.4080e+02 -8.4989e+01 -2.3214e+02
# New trial
-1.5165e+02 -1.4610e+02 -1.2876e+02 -6.2414e+02
-1.5150e+02 -1.4455e+02 -1.0574e+02 -3.5041e+02
-1.5113e+02 -1.4076e+02 -7.7679e+01 -3.0182e+02
-1.5126e+02 -1.4202e+02 -8.0732e+01 -1.5692e+02
# New trial
-1.5180e+02 -1.4789e+02 -1.5220e+02 -7.5257e+02
-1.5165e+02 -1.4611e+02 -1.0888e+02 -1.7424e+02
-1.5143e+02 -1.4378e+02 -8.5340e+01 -2.0616e+02
-1.5171e+02 -1.4645e+02 -1.0515e+02 -4.0497e+02
# New trial
-1.5189e+02 -1.4839e+02 -1.2974e+02 -3.0145e+02
-1.5176e+02 -1.4707e+02 -1.1384e+02 -1.8094e+02
-1.5159e+02 -1.4536e+02 -9.8181e+01 -2.0975e+02
-1.5192e+02 -1.4852e+02 -1.2171e+02 -3.4807e+02
# New trial
-1.5173e+02 -1.4678e+02 -1.1697e+02 -2.2796e+02
-1.5160e+02 -1.4551e+02 -1.0266e+02 -1.8617e+02
-1.5135e+02 -1.4293e+02 -7.6113e+01 -1.1968e+02
-1.5159e+02 -1.4530e+02 -9.3794e+01 -2.6700e+02
# New trial
-1.5156e+02 -1.4541e+02 -1.4758e+02 -8.0582e+02
-1.5151e+02 -1.4464e+02 -1.0694e+02 -2.5068e+02
-1.5140e+02 -1.4348e+02 -8.5404e+01 -1.6941e+02
-1.5185e+02 -1.4784e+02 -1.1388e+02 -1.3886e+02
# New trial
-1.5134e+02 -1.4364e+02 -1.1539e+02 -3.7703e+02
-1.5114e+02 -1.4150e+02 -9.4072e+01 -2.7768e+02
-1.5097e+02 -1.3957e+02 -7.8806e+01 -3.0709e+02
-1.5170e+02 -1.4646e+02 -1.0640e+02 -2.6702e+02
# New trial
-1.5159e+02 -1.4557e+02 -1.1459e+02 -2.7927e+02
-1.5148e+02 -1.4437e+02 -1.0196e+02 -2.4720e+02
-1.5122e+02 -1.4172e+02 -7.8743e+01 -2.0521e+02
-1.5153e+02 -1.4464e+02 -9.2790e+01 -2.6224e+02
# New trial
-1.5185e+02 -1.4810e+02 -1.3198e+02 -3.5122e+02
-1.5166e+02 -1.4617e+02 -1.1289e+02 -3.1734e+02
-1.5116e+02 -1.4118e+02 -8.5375e+01 -2.9298e+02
-1.5133e+02 -1.4270e+02 -1.0444e+02 -5.4825e+02
# New trial
-1.5158e+02 -1.4568e+02 -1.3702e+02 -6.6849e+02
-1.5141e+02 -1.4392e+02 -1.0982e+02 -3.1575e+02
-1.5125e+02 -1.4206e+02 -8.6325e+01 -2.9726e+02
-1.5181e+02 -1.4747e+02 -1.1272e+02 -2.7794e+02
# New trial
-1.5165e+02 -1.4645e+02 -1.5030e+02 -7.2178e+02
-1.5159e+02 -1.4551e+02 -1.1073e+02 -2.6879e+02
-1.5145e+02 -1.4392e+02 -9.3861e+01 -3.2840e+02
-1.5188e+02 -1.4812e+02 -1.1853e+02 -3.4492e+02
# New trial
-1.5189e+02 -1.4845e+02 -1.3799e+02 -4.0627e+02
-1.5174e+02 -1.4680e+02 -1.0679e+02 -1.6244e+02
-1.5142e+02 -1.4358e+02 -7.7828e+01 -1.3778e+02
-1.5139e+02 -1.4321e+02 -8.1704e+01 -5.6080e+01
# New trial
-1.5139e+02 -1.4433e+02 -1.3568e+02 -5.2502e+02
-1.5109e+02 -1.4109e+02 -1.0010e+02 -3.2778e+02
-1.5079e+02 -1.3780e+02 -8.0134e+01 -2.5494e+02
-1.5153e+02 -1.4479e+02 -1.0214e+02 -4.7003e+02
# New trial
-1.5154e+02 -1.4586e+02 -1.6537e+02 -8.9780e+02
-1.5127e+02 -1.4277e+02 -1.1691e+02 -4.4013e+02
-1.5084e+02 -1.3824e+02 -8.7605e+01 -4.1658e+02
-1.5136e+02 -1.4306e+02 -9.2056e+01 -3.2666e+02
# New trial
-1.5172e+02 -1.4702e+02 -1.4264e+02 -5.1427e+02
-1.5153e+02 -1.4503e+02 -1.1317e+02 -3.4514e+02
-1.5125e+02 -1.4206e+02 -8.9643e+01 -3.3224e+02
-1.5154e+02 -1.4481e+02 -1.0550e+02 -4.1704e+02
# New trial
-1.5185e+02 -1.4792e+02 -1.2853e+02 -4.0922e+02
-1.5168e+02 -1.4626e+02 -1.0738e+02 -2.4707e+02
-1.5135e+02 -1.4289e+02 -8.5506e+01 -2.6469e+02
-1.5136e+02 -1.4306e+02 -9.6598e+01 -5.1060e+02
# New trial
-1.5180e+02 -1.4745e+02 -1.1779e+02 -2.0826e+02
-1.5168e+02 -1.4624e+02 -1.0684e+02 -1.6953e+02
-1.5150e+02 -1.4445e+02 -9.5356e+01 -3.0057e+02
-1.5174e+02 -1.4674e+02 -1.0569e+02 -2.6277e+02
# New trial
-1.5179e+02 -1.4777e+02 -1.6125e+02 -8.5655e+02
-1.5157e+02 -1.4530e+02 -1.0824e+02 -2.6317e+02
-1.5113e+02 -1.4090e+02 -7.7412e+01 -2.3903e+02
-1.5151e+02 -1.4445e+02 -9.0619e+01 -2.1330e+02
# New trial
-1.5166e+02 -1.4649e+02 -1.4267e+02 -6.0089e+02
-1.5154e+02 -1.4502e+02 -1.1022e+02 -2.9390e+02
-1.5138e+02 -1.4329e+02 -8.7773e+01 -2.4431e+02
-1.5179e+02 -1.4722e+02 -1.0709e+02 -1.7882e+02
# New trial
-1.5175e+02 -1.4707e+02 -1.3468e+02 -6.7368e+02
-1.5161e+02 -1.4566e+02 -1.0918e+02 -2.2768e+02
-1.5143e+02 -1.4378e+02 -8.8868e+01 -2.3099e+02
-1.5178e+02 -1.4714e+02 -1.0774e+02 -1.9103e+02
# New trial
-1.5167e+02 -1.4621e+02 -1.1292e+02 -2.5669e+02
-1.5156e+02 -1.4511e+02 -1.0270e+02 -2.1650e+02
-1.5134e+02 -1.4289e+02 -8.4715e+01 -2.3125e+02
-1.5162e+02 -1.4563e+02 -1.0791e+02 -4.5514e+02
# New trial
-1.5163e+02 -1.4585e+02 -1.1272e+02 -2.2387e+02
-1.5157e+02 -1.4515e+02 -9.8960e+01 -1.6428e+02
-1.5145e+02 -1.4389e+02 -8.9039e+01 -3.2360e+02
-1.5175e+02 -1.4683e+02 -1.0450e+02 -1.8284e+02
# New trial
-1.5181e+02 -1.4760e+02 -1.3076e+02 -5.7288e+02
-1.5179e+02 -1.4726e+02 -1.1425e+02 -1.8216e+02
-1.5169e+02 -1.4623e+02 -1.0025e+02 -1.6152e+02
-1.5189e+02 -1.4827e+02 -1.1531e+02 -1.4079e+02
# New trial
-1.5164e+02 -1.4645e+02 -1.4956e+02 -6.8276e+02
-1.5141e+02 -1.4364e+02 -9.5142e+01 -2.4725e+02
-1.5115e+02 -1.4093e+02 -7.3195e+01 -1.8549e+02
-1.5144e+02 -1.4376e+02 -9.1935e+01 -2.1901e+02
# New trial
-1.5173e+02 -1.4681e+02 -1.2093e+02 -3.7031e+02
-1.5176e+02 -1.4700e+02 -1.1335e+02 -2.2903e+02
-1.5178e+02 -1.4719e+02 -1.1204e+02 -3.0328e+02
-1.5209e+02 -1.5021e+02 -1.3429e+02 -3.2106e+02
# New trial
-1.5168e+02 -1.4674e+02 -1.4546e+02 -6.9089e+02
-1.5146e+02 -1.4438e+02 -1.1172e+02 -3.9261e+02
-1.5107e+02 -1.4035e+02 -8.7013e+01 -3.5338e+02
-1.5138e+02 -1.4329e+02 -9.8834e+01 -4.1366e+02
# New trial
-1.5168e+02 -1.4632e+02 -1.2409e+02 -3.9975e+02
-1.5153e+02 -1.4479e+02 -1.0342e+02 -3.0255e+02
-1.5120e+02 -1.4137e+02 -7.0860e+01 -1.7617e+02
-1.5140e+02 -1.4333e+02 -8.3219e+01 -9.6712e+01
# New trial
-1.5174e+02 -1.4693e+02 -1.1980e+02 -2.8579e+02
-1.5174e+02 -1.4688e+02 -1.1181e+02 -1.7178e+02
-1.5180e+02 -1.4733e+02 -1.0973e+02 -1.6586e+02
-1.5204e+02 -1.4975e+02 -1.2824e+02 -1.3615e+02
# New trial
