# 0.01sig - Array shape (trial/sig/alpha): (30, 4, 4)
-1.7441e+02 -1.6615e+02 -1.2217e+02 -2.9063e+02
-1.7433e+02 -1.6531e+02 -1.1549e+02 -3.2522e+02
-1.7433e+02 -1.6517e+02 -1.1722e+02 -4.8256e+02
-1.7501e+02 -1.7178e+02 -1.5178e+02 -6.9591e+02
# New trial
-1.7432e+02 -1.6533e+02 -1.2504e+02 -3.3507e+02
-1.7423e+02 -1.6443e+02 -1.1683e+02 -2.7090e+02
-1.7427e+02 -1.6467e+02 -1.0958e+02 -3.1229e+02
-1.7497e+02 -1.7137e+02 -1.4155e+02 -3.8358e+02
# New trial
-1.7447e+02 -1.6684e+02 -1.2916e+02 -3.1411e+02
-1.7426e+02 -1.6469e+02 -1.1312e+02 -2.7159e+02
-1.7393e+02 -1.6130e+02 -1.1011e+02 -5.1626e+02
-1.7459e+02 -1.6766e+02 -1.3059e+02 -5.8347e+02
# New trial
-1.7412e+02 -1.6374e+02 -1.1970e+02 -3.6298e+02
-1.7397e+02 -1.6237e+02 -1.1538e+02 -3.7717e+02
-1.7413e+02 -1.6351e+02 -1.1730e+02 -4.8552e+02
-1.7498e+02 -1.7150e+02 -1.5149e+02 -6.5349e+02
# New trial
-1.7465e+02 -1.6840e+02 -1.2821e+02 -2.7552e+02
-1.7444e+02 -1.6631e+02 -1.1178e+02 -2.5638e+02
-1.7413e+02 -1.6310e+02 -9.1741e+01 -2.6473e+02
-1.7450e+02 -1.6670e+02 -1.0916e+02 -2.5824e+02
# New trial
-1.7444e+02 -1.6644e+02 -1.2638e+02 -3.2518e+02
-1.7429e+02 -1.6490e+02 -1.0972e+02 -2.5474e+02
-1.7401e+02 -1.6213e+02 -1.0462e+02 -4.4379e+02
-1.7458e+02 -1.6760e+02 -1.2284e+02 -4.1435e+02
# New trial
-1.7438e+02 -1.6589e+02 -1.2293e+02 -2.2302e+02
-1.7433e+02 -1.6535e+02 -1.1871e+02 -2.1527e+02
-1.7448e+02 -1.6670e+02 -1.2007e+02 -3.4051e+02
-1.7504e+02 -1.7205e+02 -1.4591e+02 -3.6567e+02
# New trial
-1.7437e+02 -1.6595e+02 -1.2192e+02 -2.5360e+02
-1.7432e+02 -1.6520e+02 -1.1018e+02 -2.1890e+02
-1.7419e+02 -1.6375e+02 -9.8946e+01 -2.9604e+02
-1.7471e+02 -1.6877e+02 -1.2071e+02 -2.8605e+02
# New trial
-1.7446e+02 -1.6674e+02 -1.3123e+02 -3.6874e+02
-1.7429e+02 -1.6510e+02 -1.2269e+02 -4.2348e+02
-1.7389e+02 -1.6101e+02 -1.1759e+02 -6.2267e+02
-1.7456e+02 -1.6738e+02 -1.3214e+02 -6.7563e+02
# New trial
-1.7440e+02 -1.6612e+02 -1.2729e+02 -2.9586e+02
-1.7436e+02 -1.6568e+02 -1.2440e+02 -3.7609e+02
-1.7439e+02 -1.6590e+02 -1.3641e+02 -7.2254e+02
-1.7500e+02 -1.7178e+02 -1.6065e+02 -7.6844e+02
# New trial
-1.7402e+02 -1.6258e+02 -1.0758e+02 -1.8602e+02
-1.7398e+02 -1.6232e+02 -1.1126e+02 -2.8059e+02
-1.7416e+02 -1.6393e+02 -1.3324e+02 -6.8186e+02
-1.7505e+02 -1.7225e+02 -1.5133e+02 -4.5278e+02
# New trial
-1.7477e+02 -1.6939e+02 -1.2582e+02 -9.7243e+01
-1.7478e+02 -1.6954e+02 -1.2571e+02 -9.2720e+01
-1.7476e+02 -1.6930e+02 -1.2293e+02 -1.5348e+02
-1.7500e+02 -1.7168e+02 -1.4093e+02 -1.5133e+02
# New trial
-1.7450e+02 -1.6686e+02 -1.2630e+02 -3.4422e+02
-1.7432e+02 -1.6509e+02 -1.0370e+02 -2.4915e+02
-1.7394e+02 -1.6127e+02 -8.1075e+01 -2.4614e+02
-1.7442e+02 -1.6592e+02 -1.0158e+02 -2.0647e+02
# New trial
-1.7478e+02 -1.6957e+02 -1.2916e+02 -1.4790e+02
-1.7465e+02 -1.6820e+02 -1.1553e+02 -1.3427e+02
-1.7443e+02 -1.6604e+02 -1.0011e+02 -1.9047e+02
-1.7468e+02 -1.6846e+02 -1.2326e+02 -4.4645e+02
# New trial
-1.7472e+02 -1.6901e+02 -1.2845e+02 -2.2680e+02
-1.7468e+02 -1.6853e+02 -1.2073e+02 -2.0405e+02
-1.7454e+02 -1.6709e+02 -1.0817e+02 -2.1960e+02
-1.7478e+02 -1.6943e+02 -1.2422e+02 -2.1902e+02
# New trial
-1.7420e+02 -1.6429e+02 -1.1936e+02 -3.6073e+02
-1.7410e+02 -1.6333e+02 -1.1324e+02 -3.2350e+02
-1.7415e+02 -1.6359e+02 -1.1821e+02 -4.8366e+02
-1.7495e+02 -1.7124e+02 -1.4319e+02 -4.4970e+02
# New trial
-1.7439e+02 -1.6594e+02 -1.1641e+02 -1.6769e+02
-1.7431e+02 -1.6522e+02 -1.1703e+02 -2.2200e+02
-1.7434e+02 -1.6542e+02 -1.1773e+02 -3.8995e+02
-1.7490e+02 -1.7073e+02 -1.3840e+02 -4.3179e+02
# New trial
-1.7425e+02 -1.6528e+02 -1.4482e+02 -5.2159e+02
-1.7408e+02 -1.6337e+02 -1.2406e+02 -4.3039e+02
-1.7409e+02 -1.6320e+02 -1.2213e+02 -6.1969e+02
-1.7494e+02 -1.7113e+02 -1.4246e+02 -4.6113e+02
# New trial
-1.7468e+02 -1.6858e+02 -1.2336e+02 -1.8728e+02
-1.7458e+02 -1.6758e+02 -1.1372e+02 -1.6510e+02
-1.7453e+02 -1.6702e+02 -1.0835e+02 -2.0435e+02
-1.7496e+02 -1.7125e+02 -1.3722e+02 -1.7820e+02
# New trial
-1.7454e+02 -1.6721e+02 -1.2063e+02 -2.3576e+02
-1.7449e+02 -1.6678e+02 -1.1716e+02 -2.1115e+02
-1.7445e+02 -1.6633e+02 -1.2030e+02 -4.0198e+02
-1.7494e+02 -1.7112e+02 -1.5428e+02 -7.1914e+02
# New trial
-1.7390e+02 -1.6144e+02 -1.0294e+02 -2.2476e+02
-1.7377e+02 -1.6051e+02 -1.0235e+02 -1.9519e+02
-1.7406e+02 -1.6318e+02 -1.2513e+02 -5.0995e+02
-1.7505e+02 -1.7228e+02 -1.5642e+02 -5.0960e+02
# New trial
-1.7443e+02 -1.6642e+02 -1.3002e+02 -2.9815e+02
-1.7443e+02 -1.6633e+02 -1.2287e+02 -2.6125e+02
-1.7439e+02 -1.6595e+02 -1.2579e+02 -4.9864e+02
-1.7495e+02 -1.7124e+02 -1.4389e+02 -4.8776e+02
# New trial
-1.7486e+02 -1.7036e+02 -1.4481e+02 -3.0849e+02
-1.7478e+02 -1.6953e+02 -1.3323e+02 -2.4825e+02
-1.7461e+02 -1.6784e+02 -1.1865e+02 -2.7755e+02
-1.7474e+02 -1.6909e+02 -1.2954e+02 -4.7671e+02
# New trial
-1.7386e+02 -1.6155e+02 -1.2388e+02 -4.2434e+02
-1.7374e+02 -1.6064e+02 -1.1888e+02 -3.8879e+02
-1.7417e+02 -1.6428e+02 -1.3406e+02 -6.8284e+02
-1.7511e+02 -1.7281e+02 -1.5585e+02 -3.9752e+02
# New trial
-1.7461e+02 -1.6799e+02 -1.2722e+02 -2.7377e+02
-1.7443e+02 -1.6628e+02 -1.1630e+02 -2.1502e+02
-1.7421e+02 -1.6414e+02 -1.1100e+02 -4.8532e+02
-1.7485e+02 -1.7022e+02 -1.3375e+02 -3.3290e+02
# New trial
-1.7461e+02 -1.6801e+02 -1.3180e+02 -3.2660e+02
-1.7457e+02 -1.6755e+02 -1.2114e+02 -2.2824e+02
-1.7449e+02 -1.6673e+02 -1.1108e+02 -2.5030e+02
-1.7496e+02 -1.7129e+02 -1.3940e+02 -3.0438e+02
# New trial
-1.7471e+02 -1.6903e+02 -1.3668e+02 -2.9944e+02
-1.7452e+02 -1.6715e+02 -1.1974e+02 -2.4890e+02
-1.7426e+02 -1.6444e+02 -1.0038e+02 -3.3237e+02
-1.7457e+02 -1.6744e+02 -1.1443e+02 -3.5821e+02
# New trial
-1.7462e+02 -1.6811e+02 -1.2857e+02 -2.5212e+02
-1.7440e+02 -1.6597e+02 -1.1340e+02 -2.1270e+02
-1.7407e+02 -1.6270e+02 -1.0140e+02 -3.3335e+02
-1.7455e+02 -1.6726e+02 -1.1948e+02 -4.4163e+02
# New trial
-1.7468e+02 -1.6870e+02 -1.3738e+02 -3.0455e+02
-1.7473e+02 -1.6905e+02 -1.2881e+02 -2.0564e+02
-1.7470e+02 -1.6874e+02 -1.2336e+02 -2.8026e+02
-1.7502e+02 -1.7184e+02 -1.4829e+02 -4.4903e+02
# New trial
-1.7456e+02 -1.6779e+02 -1.5055e+02 -5.6629e+02
-1.7449e+02 -1.6689e+02 -1.2477e+02 -3.4198e+02
-1.7443e+02 -1.6618e+02 -1.1832e+02 -3.9309e+02
-1.7496e+02 -1.7125e+02 -1.4052e+02 -2.8784e+02
# New trial
