# 0.01sig - Array shape (trial/sig/alpha): (30, 4, 4)
-1.6130e+02 -1.5929e+02 -1.4336e+02 -1.2196e+02
-1.6127e+02 -1.5896e+02 -1.4176e+02 -1.2743e+02
-1.6123e+02 -1.5860e+02 -1.4048e+02 -1.7266e+02
-1.6142e+02 -1.6044e+02 -1.5267e+02 -2.6686e+02
# New trial
-1.6130e+02 -1.5931e+02 -1.4354e+02 -1.2139e+02
-1.6124e+02 -1.5873e+02 -1.4123e+02 -1.2575e+02
-1.6115e+02 -1.5781e+02 -1.3609e+02 -1.4508e+02
-1.6134e+02 -1.5965e+02 -1.4527e+02 -1.9545e+02
# New trial
-1.6132e+02 -1.5943e+02 -1.4317e+02 -1.2052e+02
-1.6123e+02 -1.5860e+02 -1.3807e+02 -1.2118e+02
-1.6102e+02 -1.5649e+02 -1.2701e+02 -1.2000e+02
-1.6114e+02 -1.5768e+02 -1.3290e+02 -1.8013e+02
# New trial
-1.6126e+02 -1.5888e+02 -1.4043e+02 -1.2318e+02
-1.6118e+02 -1.5809e+02 -1.3752e+02 -1.3336e+02
-1.6105e+02 -1.5693e+02 -1.3438e+02 -1.7486e+02
-1.6132e+02 -1.5949e+02 -1.4667e+02 -2.5139e+02
# New trial
-1.6136e+02 -1.5980e+02 -1.4614e+02 -1.2189e+02
-1.6129e+02 -1.5919e+02 -1.4216e+02 -1.2803e+02
-1.6113e+02 -1.5766e+02 -1.3588e+02 -1.6164e+02
-1.6116e+02 -1.5785e+02 -1.3439e+02 -1.7712e+02
# New trial
-1.6135e+02 -1.5977e+02 -1.4529e+02 -1.2126e+02
-1.6126e+02 -1.5883e+02 -1.3951e+02 -1.2056e+02
-1.6102e+02 -1.5654e+02 -1.2938e+02 -1.2554e+02
-1.6110e+02 -1.5723e+02 -1.3260e+02 -1.8615e+02
# New trial
-1.6134e+02 -1.5969e+02 -1.4522e+02 -1.2106e+02
-1.6128e+02 -1.5908e+02 -1.4198e+02 -1.2263e+02
-1.6118e+02 -1.5812e+02 -1.3629e+02 -1.2213e+02
-1.6133e+02 -1.5961e+02 -1.4459e+02 -1.5467e+02
# New trial
-1.6134e+02 -1.5963e+02 -1.4447e+02 -1.2093e+02
-1.6129e+02 -1.5913e+02 -1.4074e+02 -1.2158e+02
-1.6117e+02 -1.5794e+02 -1.3454e+02 -1.5663e+02
-1.6128e+02 -1.5905e+02 -1.4235e+02 -2.1229e+02
# New trial
-1.6132e+02 -1.5943e+02 -1.4296e+02 -1.2022e+02
-1.6123e+02 -1.5858e+02 -1.3733e+02 -1.2169e+02
-1.6101e+02 -1.5643e+02 -1.3038e+02 -1.4529e+02
-1.6112e+02 -1.5751e+02 -1.3178e+02 -1.6203e+02
# New trial
-1.6131e+02 -1.5933e+02 -1.4374e+02 -1.2718e+02
-1.6125e+02 -1.5876e+02 -1.4140e+02 -1.2720e+02
-1.6114e+02 -1.5780e+02 -1.3866e+02 -1.6820e+02
-1.6134e+02 -1.5965e+02 -1.4691e+02 -2.0536e+02
# New trial
-1.6124e+02 -1.5871e+02 -1.4123e+02 -1.2158e+02
-1.6115e+02 -1.5789e+02 -1.3900e+02 -1.3107e+02
-1.6103e+02 -1.5681e+02 -1.3480e+02 -1.4689e+02
-1.6137e+02 -1.5993e+02 -1.5018e+02 -2.9358e+02
# New trial
-1.6140e+02 -1.6019e+02 -1.4906e+02 -1.2855e+02
-1.6137e+02 -1.5995e+02 -1.4708e+02 -1.2909e+02
-1.6131e+02 -1.5931e+02 -1.4259e+02 -1.4782e+02
-1.6135e+02 -1.5972e+02 -1.4549e+02 -1.9233e+02
# New trial
-1.6135e+02 -1.5976e+02 -1.4516e+02 -1.2212e+02
-1.6127e+02 -1.5897e+02 -1.3968e+02 -1.2318e+02
-1.6106e+02 -1.5687e+02 -1.2969e+02 -1.4543e+02
-1.6109e+02 -1.5720e+02 -1.3103e+02 -1.7642e+02
# New trial
-1.6140e+02 -1.6019e+02 -1.4886e+02 -1.2078e+02
-1.6135e+02 -1.5977e+02 -1.4518e+02 -1.2056e+02
-1.6122e+02 -1.5847e+02 -1.3507e+02 -1.2009e+02
-1.6119e+02 -1.5813e+02 -1.3148e+02 -1.1999e+02
# New trial
-1.6137e+02 -1.5999e+02 -1.4682e+02 -1.2842e+02
-1.6133e+02 -1.5959e+02 -1.4347e+02 -1.2911e+02
-1.6121e+02 -1.5833e+02 -1.3491e+02 -1.3868e+02
-1.6119e+02 -1.5815e+02 -1.3437e+02 -1.6870e+02
# New trial
-1.6126e+02 -1.5893e+02 -1.4125e+02 -1.2099e+02
-1.6118e+02 -1.5816e+02 -1.3852e+02 -1.2161e+02
-1.6106e+02 -1.5703e+02 -1.3561e+02 -1.6239e+02
-1.6129e+02 -1.5918e+02 -1.4218e+02 -1.8318e+02
# New trial
-1.6129e+02 -1.5918e+02 -1.4037e+02 -1.2001e+02
-1.6122e+02 -1.5847e+02 -1.3655e+02 -1.2002e+02
-1.6111e+02 -1.5744e+02 -1.3000e+02 -1.2010e+02
-1.6130e+02 -1.5927e+02 -1.4108e+02 -1.5325e+02
# New trial
-1.6128e+02 -1.5911e+02 -1.4271e+02 -1.2088e+02
-1.6119e+02 -1.5825e+02 -1.3869e+02 -1.2104e+02
-1.6103e+02 -1.5675e+02 -1.3437e+02 -1.4782e+02
-1.6130e+02 -1.5926e+02 -1.4681e+02 -2.7053e+02
# New trial
-1.6132e+02 -1.5949e+02 -1.4599e+02 -1.3488e+02
-1.6126e+02 -1.5896e+02 -1.4430e+02 -1.6188e+02
-1.6123e+02 -1.5861e+02 -1.4260e+02 -2.0629e+02
-1.6140e+02 -1.6022e+02 -1.4946e+02 -1.7707e+02
# New trial
-1.6133e+02 -1.5953e+02 -1.4397e+02 -1.2068e+02
-1.6128e+02 -1.5911e+02 -1.4184e+02 -1.2196e+02
-1.6122e+02 -1.5847e+02 -1.3821e+02 -1.5566e+02
-1.6136e+02 -1.5983e+02 -1.4656e+02 -2.0699e+02
# New trial
-1.6117e+02 -1.5806e+02 -1.3991e+02 -1.2200e+02
-1.6109e+02 -1.5740e+02 -1.3962e+02 -1.4917e+02
-1.6106e+02 -1.5714e+02 -1.4061e+02 -2.1056e+02
-1.6137e+02 -1.5999e+02 -1.5165e+02 -2.8533e+02
# New trial
-1.6135e+02 -1.5979e+02 -1.4583e+02 -1.2122e+02
-1.6129e+02 -1.5913e+02 -1.4162e+02 -1.2197e+02
-1.6113e+02 -1.5763e+02 -1.3254e+02 -1.2946e+02
-1.6129e+02 -1.5914e+02 -1.3995e+02 -1.2975e+02
# New trial
-1.6144e+02 -1.6059e+02 -1.5236e+02 -1.2700e+02
-1.6140e+02 -1.6025e+02 -1.4937e+02 -1.3803e+02
-1.6132e+02 -1.5942e+02 -1.4309e+02 -1.8128e+02
-1.6128e+02 -1.5902e+02 -1.3981e+02 -1.7705e+02
# New trial
-1.6115e+02 -1.5792e+02 -1.4053e+02 -1.2135e+02
-1.6107e+02 -1.5721e+02 -1.3956e+02 -1.2200e+02
-1.6110e+02 -1.5755e+02 -1.4342e+02 -2.1136e+02
-1.6143e+02 -1.6056e+02 -1.5768e+02 -3.3494e+02
# New trial
-1.6138e+02 -1.6008e+02 -1.4853e+02 -1.3199e+02
-1.6131e+02 -1.5939e+02 -1.4470e+02 -1.4372e+02
-1.6116e+02 -1.5796e+02 -1.3907e+02 -1.8134e+02
-1.6128e+02 -1.5906e+02 -1.4191e+02 -1.6983e+02
# New trial
-1.6141e+02 -1.6030e+02 -1.4981e+02 -1.2382e+02
-1.6136e+02 -1.5990e+02 -1.4645e+02 -1.2548e+02
-1.6125e+02 -1.5878e+02 -1.3859e+02 -1.3428e+02
-1.6131e+02 -1.5933e+02 -1.4166e+02 -1.4093e+02
# New trial
-1.6138e+02 -1.6008e+02 -1.4776e+02 -1.2247e+02
-1.6131e+02 -1.5936e+02 -1.4243e+02 -1.2412e+02
-1.6116e+02 -1.5791e+02 -1.3467e+02 -1.6374e+02
-1.6119e+02 -1.5813e+02 -1.3632e+02 -2.1827e+02
# New trial
-1.6137e+02 -1.5996e+02 -1.4680e+02 -1.2318e+02
-1.6130e+02 -1.5927e+02 -1.4193e+02 -1.2478e+02
-1.6112e+02 -1.5753e+02 -1.3009e+02 -1.2007e+02
-1.6114e+02 -1.5768e+02 -1.3039e+02 -1.2035e+02
# New trial
-1.6141e+02 -1.6034e+02 -1.5020e+02 -1.2835e+02
-1.6138e+02 -1.6009e+02 -1.4813e+02 -1.3241e+02
-1.6131e+02 -1.5938e+02 -1.4324e+02 -1.5735e+02
-1.6136e+02 -1.5986e+02 -1.4765e+02 -2.4397e+02
# New trial
-1.6134e+02 -1.5966e+02 -1.4544e+02 -1.4471e+02
-1.6130e+02 -1.5931e+02 -1.4381e+02 -1.7175e+02
-1.6125e+02 -1.5879e+02 -1.4370e+02 -2.4562e+02
-1.6140e+02 -1.6029e+02 -1.5068e+02 -1.9643e+02
# New trial
