# 0.1sig - Array shape (trial/sig/alpha): (30L, 4L, 4L)
-1.0106e+02 -9.7116e+01 -8.5391e+01 -2.8215e+02
-1.0097e+02 -9.6277e+01 -7.2935e+01 -5.2584e+01
-1.0095e+02 -9.6005e+01 -7.7481e+01 -2.2804e+02
-1.0139e+02 -1.0016e+02 -9.4796e+01 -3.2472e+02
# New trial
-1.0121e+02 -9.8415e+01 -8.1741e+01 -1.0799e+02
-1.0114e+02 -9.7711e+01 -7.4686e+01 -5.3608e+01
-1.0105e+02 -9.6810e+01 -7.0384e+01 -1.0087e+02
-1.0124e+02 -9.8649e+01 -8.0512e+01 -1.7954e+02
# New trial
-1.0119e+02 -9.8243e+01 -8.4834e+01 -1.8699e+02
-1.0106e+02 -9.6865e+01 -6.7528e+01 -5.0803e+01
-1.0083e+02 -9.4586e+01 -6.2148e+01 -1.2509e+02
-1.0102e+02 -9.6488e+01 -8.7672e+01 -3.9498e+02
# New trial
-1.0116e+02 -9.7964e+01 -8.9275e+01 -3.0268e+02
-1.0108e+02 -9.7050e+01 -6.7887e+01 -5.1671e+01
-1.0090e+02 -9.5217e+01 -5.8437e+01 -6.2085e+01
-1.0104e+02 -9.6678e+01 -6.8788e+01 -7.7006e+01
# New trial
-1.0132e+02 -9.9481e+01 -8.9103e+01 -1.6876e+02
-1.0124e+02 -9.8650e+01 -7.8744e+01 -5.1161e+01
-1.0112e+02 -9.7529e+01 -7.0478e+01 -9.3589e+01
-1.0132e+02 -9.9400e+01 -8.2612e+01 -1.0878e+02
# New trial
-1.0135e+02 -9.9732e+01 -8.8986e+01 -1.5026e+02
-1.0127e+02 -9.8966e+01 -8.1227e+01 -5.2877e+01
-1.0119e+02 -9.8184e+01 -7.4832e+01 -9.2049e+01
-1.0137e+02 -9.9958e+01 -8.7925e+01 -1.8781e+02
# New trial
-1.0124e+02 -9.8628e+01 -7.9746e+01 -6.1788e+01
-1.0116e+02 -9.7877e+01 -7.4363e+01 -5.6006e+01
-1.0104e+02 -9.6643e+01 -6.7693e+01 -1.0623e+02
-1.0123e+02 -9.8579e+01 -8.1946e+01 -2.3656e+02
# New trial
-1.0113e+02 -9.7667e+01 -8.7270e+01 -2.6004e+02
-1.0111e+02 -9.7450e+01 -7.5369e+01 -5.7676e+01
-1.0112e+02 -9.7511e+01 -7.5971e+01 -1.9766e+02
-1.0139e+02 -1.0009e+02 -9.3057e+01 -3.2918e+02
# New trial
-1.0107e+02 -9.7133e+01 -7.5629e+01 -6.2416e+01
-1.0095e+02 -9.6033e+01 -6.9229e+01 -5.6860e+01
-1.0094e+02 -9.5831e+01 -6.9316e+01 -1.2169e+02
-1.0138e+02 -1.0006e+02 -9.2230e+01 -2.9689e+02
# New trial
-1.0118e+02 -9.8036e+01 -7.6382e+01 -5.5861e+01
-1.0108e+02 -9.7149e+01 -7.0697e+01 -5.1682e+01
-1.0097e+02 -9.5945e+01 -6.2752e+01 -6.8927e+01
-1.0121e+02 -9.8349e+01 -7.6767e+01 -1.1220e+02
# New trial
-1.0127e+02 -9.8968e+01 -8.1421e+01 -6.5708e+01
-1.0115e+02 -9.7780e+01 -7.2894e+01 -5.1271e+01
-1.0092e+02 -9.5462e+01 -6.2436e+01 -8.4682e+01
-1.0113e+02 -9.7552e+01 -7.8422e+01 -2.3734e+02
# New trial
-1.0116e+02 -9.7980e+01 -8.2677e+01 -2.2769e+02
-1.0109e+02 -9.7256e+01 -7.5602e+01 -5.5957e+01
-1.0109e+02 -9.7226e+01 -7.4009e+01 -1.1319e+02
-1.0140e+02 -1.0028e+02 -9.1486e+01 -1.7155e+02
# New trial
-1.0117e+02 -9.8065e+01 -8.6525e+01 -2.1976e+02
-1.0116e+02 -9.7878e+01 -7.5339e+01 -5.3849e+01
-1.0113e+02 -9.7571e+01 -7.6334e+01 -2.0854e+02
-1.0140e+02 -1.0024e+02 -9.3662e+01 -3.0702e+02
# New trial
-1.0132e+02 -9.9475e+01 -9.1918e+01 -2.0282e+02
-1.0123e+02 -9.8505e+01 -7.5665e+01 -5.2389e+01
-1.0108e+02 -9.7089e+01 -6.7445e+01 -9.2064e+01
-1.0114e+02 -9.7650e+01 -7.2684e+01 -9.7981e+01
# New trial
-1.0110e+02 -9.7616e+01 -8.5996e+01 -1.4316e+02
-1.0093e+02 -9.5903e+01 -6.9740e+01 -5.3399e+01
-1.0082e+02 -9.4626e+01 -6.7071e+01 -1.2494e+02
-1.0131e+02 -9.9330e+01 -8.7051e+01 -2.4671e+02
# New trial
-1.0111e+02 -9.7831e+01 -1.0477e+02 -3.8894e+02
-1.0095e+02 -9.6029e+01 -7.0393e+01 -5.2791e+01
-1.0081e+02 -9.4487e+01 -6.5737e+01 -1.1644e+02
-1.0124e+02 -9.8678e+01 -8.0247e+01 -1.2705e+02
# New trial
-1.0119e+02 -9.8174e+01 -7.9210e+01 -7.7316e+01
-1.0109e+02 -9.7256e+01 -7.2565e+01 -5.3183e+01
-1.0102e+02 -9.6542e+01 -7.0907e+01 -1.2519e+02
-1.0126e+02 -9.8833e+01 -8.0835e+01 -1.1592e+02
# New trial
-1.0127e+02 -9.8953e+01 -8.3065e+01 -1.0712e+02
-1.0118e+02 -9.8090e+01 -7.4899e+01 -5.3936e+01
-1.0104e+02 -9.6681e+01 -6.5681e+01 -8.9649e+01
-1.0120e+02 -9.8199e+01 -7.6767e+01 -1.9491e+02
# New trial
-1.0129e+02 -9.9104e+01 -8.1863e+01 -6.6001e+01
-1.0121e+02 -9.8396e+01 -7.7052e+01 -5.2903e+01
-1.0111e+02 -9.7413e+01 -7.1440e+01 -1.1038e+02
-1.0130e+02 -9.9200e+01 -8.1902e+01 -1.6109e+02
# New trial
-1.0125e+02 -9.8888e+01 -9.9317e+01 -3.3539e+02
-1.0112e+02 -9.7500e+01 -7.3917e+01 -5.2395e+01
-1.0092e+02 -9.5586e+01 -6.9498e+01 -1.5334e+02
-1.0122e+02 -9.8500e+01 -8.8557e+01 -3.5079e+02
# New trial
-1.0119e+02 -9.8318e+01 -8.9613e+01 -2.1413e+02
-1.0113e+02 -9.7668e+01 -7.5875e+01 -5.3386e+01
-1.0111e+02 -9.7385e+01 -7.5502e+01 -1.5592e+02
-1.0138e+02 -1.0005e+02 -8.9025e+01 -1.6231e+02
# New trial
-1.0126e+02 -9.8961e+01 -9.0142e+01 -2.0644e+02
-1.0119e+02 -9.8210e+01 -7.8641e+01 -5.4946e+01
-1.0113e+02 -9.7645e+01 -7.7231e+01 -1.8363e+02
-1.0138e+02 -9.9984e+01 -8.9146e+01 -2.1780e+02
# New trial
-1.0120e+02 -9.8270e+01 -7.7453e+01 -6.0990e+01
-1.0112e+02 -9.7522e+01 -7.2572e+01 -5.2524e+01
-1.0102e+02 -9.6510e+01 -7.1236e+01 -1.6159e+02
-1.0125e+02 -9.8774e+01 -8.4208e+01 -2.6016e+02
# New trial
-1.0120e+02 -9.8243e+01 -7.6855e+01 -6.7656e+01
-1.0114e+02 -9.7656e+01 -7.1513e+01 -5.9635e+01
-1.0110e+02 -9.7237e+01 -6.7260e+01 -7.3074e+01
-1.0132e+02 -9.9407e+01 -8.2854e+01 -1.3458e+02
# New trial
-1.0133e+02 -9.9583e+01 -8.9453e+01 -2.4174e+02
-1.0128e+02 -9.9079e+01 -8.2063e+01 -5.5750e+01
-1.0119e+02 -9.8167e+01 -7.2999e+01 -6.3360e+01
-1.0129e+02 -9.9149e+01 -8.0778e+01 -1.1283e+02
# New trial
-1.0114e+02 -9.7934e+01 -9.3004e+01 -2.4280e+02
-1.0104e+02 -9.6657e+01 -6.7291e+01 -5.2150e+01
-1.0096e+02 -9.5851e+01 -6.5923e+01 -1.2180e+02
-1.0127e+02 -9.8898e+01 -9.0718e+01 -3.6719e+02
# New trial
-1.0117e+02 -9.7960e+01 -7.7376e+01 -1.6320e+02
-1.0121e+02 -9.8387e+01 -7.6506e+01 -5.7925e+01
-1.0129e+02 -9.9149e+01 -8.1877e+01 -1.2690e+02
-1.0147e+02 -1.0088e+02 -9.5604e+01 -1.2613e+02
# New trial
-1.0114e+02 -9.7777e+01 -8.0872e+01 -1.1293e+02
-1.0104e+02 -9.6732e+01 -6.9525e+01 -5.2157e+01
-1.0095e+02 -9.5897e+01 -7.6030e+01 -2.0081e+02
-1.0130e+02 -9.9264e+01 -8.5548e+01 -2.2444e+02
# New trial
-1.0118e+02 -9.8028e+01 -7.7598e+01 -9.3862e+01
-1.0108e+02 -9.7084e+01 -6.8154e+01 -5.0941e+01
-1.0093e+02 -9.5556e+01 -5.9287e+01 -6.2511e+01
-1.0118e+02 -9.8010e+01 -7.3524e+01 -8.4284e+01
# New trial
-1.0126e+02 -9.8893e+01 -8.1127e+01 -9.1762e+01
-1.0127e+02 -9.8970e+01 -8.0467e+01 -6.5211e+01
-1.0132e+02 -9.9431e+01 -8.4433e+01 -1.3926e+02
-1.0146e+02 -1.0083e+02 -9.4837e+01 -9.7270e+01
# New trial
