# 0.1sig - Array shape (trial/sig/alpha): (30, 4, 4)
-1.1924e+02 -1.1366e+02 -1.2996e+02 -9.0669e+02
-1.1919e+02 -1.1269e+02 -9.2502e+01 -3.3264e+02
-1.1921e+02 -1.1263e+02 -9.5831e+01 -5.4771e+02
-1.1977e+02 -1.1783e+02 -1.0808e+02 -4.4288e+02
# New trial
-1.1947e+02 -1.1504e+02 -9.8156e+01 -3.5359e+02
-1.1942e+02 -1.1452e+02 -8.6783e+01 -1.7346e+02
-1.1930e+02 -1.1329e+02 -7.3953e+01 -1.9577e+02
-1.1950e+02 -1.1512e+02 -8.6154e+01 -3.1826e+02
# New trial
-1.1950e+02 -1.1560e+02 -1.2122e+02 -6.1073e+02
-1.1936e+02 -1.1385e+02 -8.5638e+01 -2.9850e+02
-1.1905e+02 -1.1068e+02 -6.4943e+01 -2.8983e+02
-1.1928e+02 -1.1295e+02 -8.8638e+01 -3.6592e+02
# New trial
-1.1949e+02 -1.1529e+02 -1.2751e+02 -9.3326e+02
-1.1937e+02 -1.1391e+02 -8.6874e+01 -4.4495e+02
-1.1912e+02 -1.1134e+02 -6.2395e+01 -2.9900e+02
-1.1928e+02 -1.1289e+02 -7.1979e+01 -1.7262e+02
# New trial
-1.1963e+02 -1.1698e+02 -1.3486e+02 -7.8018e+02
-1.1950e+02 -1.1533e+02 -9.1439e+01 -1.9307e+02
-1.1937e+02 -1.1392e+02 -7.3472e+01 -1.7353e+02
-1.1963e+02 -1.1646e+02 -8.9261e+01 -1.3489e+02
# New trial
-1.1963e+02 -1.1660e+02 -1.0779e+02 -3.8959e+02
-1.1956e+02 -1.1588e+02 -9.3572e+01 -1.8744e+02
-1.1950e+02 -1.1517e+02 -8.2511e+01 -1.7461e+02
-1.1976e+02 -1.1773e+02 -1.0022e+02 -2.2647e+02
# New trial
-1.1943e+02 -1.1480e+02 -9.7460e+01 -3.0825e+02
-1.1940e+02 -1.1433e+02 -8.4806e+01 -2.2020e+02
-1.1929e+02 -1.1310e+02 -6.9379e+01 -1.7409e+02
-1.1955e+02 -1.1562e+02 -8.4569e+01 -1.6883e+02
# New trial
-1.1940e+02 -1.1476e+02 -1.4094e+02 -9.5499e+02
-1.1937e+02 -1.1408e+02 -9.1113e+01 -3.0698e+02
-1.1938e+02 -1.1399e+02 -7.8133e+01 -3.1400e+02
-1.1978e+02 -1.1789e+02 -1.0351e+02 -3.9658e+02
# New trial
-1.1928e+02 -1.1374e+02 -1.0796e+02 -5.0523e+02
-1.1920e+02 -1.1267e+02 -8.7687e+01 -3.3877e+02
-1.1918e+02 -1.1219e+02 -8.6382e+01 -4.5514e+02
-1.1973e+02 -1.1738e+02 -1.0918e+02 -5.7262e+02
# New trial
-1.1939e+02 -1.1442e+02 -1.0162e+02 -4.2550e+02
-1.1932e+02 -1.1355e+02 -8.3184e+01 -2.9279e+02
-1.1920e+02 -1.1224e+02 -6.4728e+01 -1.8968e+02
-1.1952e+02 -1.1530e+02 -8.1685e+01 -1.5480e+02
# New trial
-1.1965e+02 -1.1693e+02 -1.1149e+02 -3.5585e+02
-1.1951e+02 -1.1548e+02 -9.7528e+01 -3.1899e+02
-1.1917e+02 -1.1195e+02 -7.1640e+01 -2.0397e+02
-1.1937e+02 -1.1388e+02 -8.1290e+01 -2.1041e+02
# New trial
-1.1942e+02 -1.1489e+02 -1.2710e+02 -7.9481e+02
-1.1931e+02 -1.1366e+02 -9.6700e+01 -4.1615e+02
-1.1931e+02 -1.1348e+02 -9.1016e+01 -4.4832e+02
-1.1977e+02 -1.1782e+02 -1.1195e+02 -6.5032e+02
# New trial
-1.1945e+02 -1.1526e+02 -1.3661e+02 -9.1878e+02
-1.1944e+02 -1.1481e+02 -9.5374e+01 -3.6739e+02
-1.1940e+02 -1.1414e+02 -7.9110e+01 -3.1449e+02
-1.1977e+02 -1.1777e+02 -9.9751e+01 -1.7255e+02
# New trial
-1.1972e+02 -1.1771e+02 -1.2731e+02 -5.7344e+02
-1.1956e+02 -1.1581e+02 -8.8377e+01 -2.3089e+02
-1.1937e+02 -1.1381e+02 -7.3214e+01 -3.0214e+02
-1.1946e+02 -1.1473e+02 -8.4741e+01 -3.5463e+02
# New trial
-1.1928e+02 -1.1410e+02 -1.2783e+02 -6.9777e+02
-1.1905e+02 -1.1147e+02 -8.9834e+01 -4.1772e+02
-1.1895e+02 -1.1002e+02 -7.4056e+01 -3.5796e+02
-1.1961e+02 -1.1628e+02 -1.0147e+02 -5.8816e+02
# New trial
-1.1939e+02 -1.1517e+02 -1.5553e+02 -1.0393e+03
-1.1921e+02 -1.1288e+02 -1.0998e+02 -5.8428e+02
-1.1897e+02 -1.1037e+02 -9.3722e+01 -5.6854e+02
-1.1946e+02 -1.1474e+02 -9.1411e+01 -4.7758e+02
# New trial
-1.1933e+02 -1.1431e+02 -1.1955e+02 -6.1987e+02
-1.1929e+02 -1.1342e+02 -9.0696e+01 -3.7414e+02
-1.1922e+02 -1.1254e+02 -7.8151e+01 -3.4326e+02
-1.1955e+02 -1.1561e+02 -8.7026e+01 -2.3841e+02
# New trial
-1.1958e+02 -1.1614e+02 -1.1070e+02 -5.3168e+02
-1.1948e+02 -1.1504e+02 -8.6266e+01 -2.5994e+02
-1.1928e+02 -1.1294e+02 -6.2568e+01 -7.7346e+01
-1.1941e+02 -1.1422e+02 -7.3780e+01 -6.1265e+01
# New trial
-1.1957e+02 -1.1595e+02 -9.7945e+01 -3.2148e+02
-1.1948e+02 -1.1502e+02 -8.5817e+01 -2.3447e+02
-1.1941e+02 -1.1423e+02 -7.3350e+01 -1.5005e+02
-1.1965e+02 -1.1660e+02 -8.9287e+01 -6.2008e+01
# New trial
-1.1944e+02 -1.1530e+02 -1.3911e+02 -9.0990e+02
-1.1932e+02 -1.1373e+02 -8.6666e+01 -3.0200e+02
-1.1911e+02 -1.1140e+02 -6.3678e+01 -2.3647e+02
-1.1947e+02 -1.1481e+02 -7.8872e+01 -1.1620e+02
# New trial
-1.1943e+02 -1.1504e+02 -1.2688e+02 -7.2162e+02
-1.1936e+02 -1.1400e+02 -8.9241e+01 -3.4357e+02
-1.1931e+02 -1.1333e+02 -7.7858e+01 -3.2840e+02
-1.1971e+02 -1.1719e+02 -9.8471e+01 -3.2642e+02
# New trial
-1.1957e+02 -1.1610e+02 -1.1137e+02 -5.4761e+02
-1.1949e+02 -1.1525e+02 -9.5845e+01 -2.9251e+02
-1.1941e+02 -1.1431e+02 -8.0117e+01 -2.6627e+02
-1.1971e+02 -1.1715e+02 -9.5241e+01 -2.3669e+02
# New trial
-1.1945e+02 -1.1481e+02 -9.3698e+01 -3.2048e+02
-1.1941e+02 -1.1433e+02 -8.3051e+01 -2.5019e+02
-1.1931e+02 -1.1332e+02 -7.2108e+01 -2.1764e+02
-1.1959e+02 -1.1598e+02 -8.8682e+01 -3.0391e+02
# New trial
-1.1937e+02 -1.1434e+02 -9.8612e+01 -3.3867e+02
-1.1941e+02 -1.1434e+02 -8.2131e+01 -1.7360e+02
-1.1941e+02 -1.1425e+02 -7.5449e+01 -1.9609e+02
-1.1967e+02 -1.1674e+02 -9.1622e+01 -7.5782e+01
# New trial
-1.1962e+02 -1.1652e+02 -1.1343e+02 -5.2397e+02
-1.1962e+02 -1.1641e+02 -9.8416e+01 -2.1917e+02
-1.1957e+02 -1.1586e+02 -8.6503e+01 -2.0068e+02
-1.1973e+02 -1.1737e+02 -9.6755e+01 -1.5627e+02
# New trial
-1.1947e+02 -1.1567e+02 -1.3906e+02 -7.9099e+02
-1.1934e+02 -1.1375e+02 -8.5302e+01 -3.2191e+02
-1.1922e+02 -1.1239e+02 -7.3071e+01 -3.0176e+02
-1.1955e+02 -1.1562e+02 -8.5913e+01 -1.7161e+02
# New trial
-1.1949e+02 -1.1518e+02 -1.0100e+02 -4.3060e+02
-1.1956e+02 -1.1578e+02 -9.2531e+01 -2.4382e+02
-1.1966e+02 -1.1668e+02 -9.4518e+01 -2.6586e+02
-1.1989e+02 -1.1897e+02 -1.1158e+02 -2.9282e+02
# New trial
-1.1957e+02 -1.1658e+02 -1.4001e+02 -7.9601e+02
-1.1940e+02 -1.1456e+02 -1.0028e+02 -4.6862e+02
-1.1920e+02 -1.1231e+02 -8.2620e+01 -3.8691e+02
-1.1958e+02 -1.1587e+02 -9.9845e+01 -5.3865e+02
# New trial
-1.1945e+02 -1.1484e+02 -1.0533e+02 -4.7387e+02
-1.1937e+02 -1.1399e+02 -8.8971e+01 -3.4941e+02
-1.1919e+02 -1.1202e+02 -6.5765e+01 -2.1598e+02
-1.1943e+02 -1.1440e+02 -7.8399e+01 -1.3703e+02
# New trial
-1.1947e+02 -1.1509e+02 -1.0088e+02 -3.7853e+02
-1.1952e+02 -1.1542e+02 -8.9698e+01 -2.1862e+02
-1.1966e+02 -1.1674e+02 -9.3484e+01 -2.1795e+02
-1.1988e+02 -1.1885e+02 -1.0926e+02 -1.9745e+02
# New trial
