# 0.01sig - Array shape (trial/sig/alpha): (30L, 4L, 4L)
-6.8930e+01 -6.6580e+01 -6.8283e+01 -3.1068e+02
-6.8992e+01 -6.7113e+01 -6.8215e+01 -2.9635e+02
-6.9120e+01 -6.8232e+01 -6.6252e+01 -2.2887e+02
-6.9212e+01 -6.9089e+01 -6.8515e+01 -1.0826e+02
# New trial
-6.8877e+01 -6.6139e+01 -7.2132e+01 -3.8009e+02
-6.8961e+01 -6.6840e+01 -6.5857e+01 -2.4176e+02
-6.9142e+01 -6.8460e+01 -6.8161e+01 -2.3573e+02
-6.9223e+01 -6.9194e+01 -6.9272e+01 -8.9025e+01
# New trial
-6.8916e+01 -6.6640e+01 -7.0940e+01 -3.0865e+02
-6.8964e+01 -6.6936e+01 -6.6778e+01 -2.5727e+02
-6.9030e+01 -6.7339e+01 -6.2650e+01 -2.8508e+02
-6.9200e+01 -6.8977e+01 -7.0888e+01 -3.5481e+02
# New trial
-6.8952e+01 -6.7220e+01 -8.5942e+01 -4.6535e+02
-6.8922e+01 -6.6821e+01 -7.7482e+01 -3.9089e+02
-6.9059e+01 -6.7748e+01 -6.6965e+01 -2.9658e+02
-6.9208e+01 -6.9067e+01 -6.9476e+01 -2.2373e+02
# New trial
-6.9043e+01 -6.7637e+01 -7.2574e+01 -3.4503e+02
-6.8996e+01 -6.7127e+01 -6.5401e+01 -2.9717e+02
-6.9039e+01 -6.7431e+01 -5.9724e+01 -1.9264e+02
-6.9194e+01 -6.8913e+01 -6.7576e+01 -2.5293e+02
# New trial
-6.8854e+01 -6.6054e+01 -7.6695e+01 -3.8632e+02
-6.8952e+01 -6.6785e+01 -6.5824e+01 -2.4285e+02
-6.9128e+01 -6.8329e+01 -6.7858e+01 -2.6420e+02
-6.9217e+01 -6.9146e+01 -6.9008e+01 -1.0957e+02
# New trial
-6.8810e+01 -6.5495e+01 -6.9627e+01 -3.4036e+02
-6.8886e+01 -6.6144e+01 -6.3541e+01 -2.4590e+02
-6.9107e+01 -6.8154e+01 -6.7455e+01 -2.6038e+02
-6.9214e+01 -6.9117e+01 -6.9074e+01 -1.3609e+02
# New trial
-6.8793e+01 -6.5418e+01 -6.3462e+01 -2.7148e+02
-6.8901e+01 -6.6259e+01 -6.0483e+01 -2.1831e+02
-6.9090e+01 -6.7918e+01 -6.1460e+01 -1.7804e+02
-6.9218e+01 -6.9145e+01 -6.8869e+01 -1.5186e+02
# New trial
-6.8934e+01 -6.6685e+01 -7.2984e+01 -3.7279e+02
-6.8964e+01 -6.6912e+01 -7.1270e+01 -3.7219e+02
-6.9043e+01 -6.7500e+01 -6.5990e+01 -2.6733e+02
-6.9206e+01 -6.9034e+01 -6.8418e+01 -1.2589e+02
# New trial
-6.8929e+01 -6.6602e+01 -7.3726e+01 -3.6742e+02
-6.9047e+01 -6.7634e+01 -7.1738e+01 -3.1751e+02
-6.9173e+01 -6.8747e+01 -7.0054e+01 -2.9666e+02
-6.9219e+01 -6.9160e+01 -6.9037e+01 -9.6886e+01
# New trial
-6.8738e+01 -6.4865e+01 -6.0809e+01 -2.2683e+02
-6.8857e+01 -6.5882e+01 -5.7709e+01 -1.8092e+02
-6.9107e+01 -6.8141e+01 -6.9397e+01 -3.2778e+02
-6.9226e+01 -6.9226e+01 -7.0923e+01 -2.9440e+02
# New trial
-6.9023e+01 -6.7236e+01 -5.5451e+01 -1.0037e+02
-6.9099e+01 -6.7979e+01 -5.9705e+01 -8.5608e+01
-6.9181e+01 -6.8779e+01 -6.5534e+01 -1.0128e+02
-6.9221e+01 -6.9173e+01 -6.8762e+01 -6.6732e+01
# New trial
-6.8881e+01 -6.6071e+01 -7.2733e+01 -3.6847e+02
-6.8941e+01 -6.6575e+01 -6.4870e+01 -2.9877e+02
-6.9054e+01 -6.7591e+01 -6.3201e+01 -2.3121e+02
-6.9210e+01 -6.9065e+01 -6.8421e+01 -1.5263e+02
# New trial
-6.9007e+01 -6.7108e+01 -5.6757e+01 -1.3043e+02
-6.9016e+01 -6.7184e+01 -5.6727e+01 -1.2982e+02
-6.9084e+01 -6.7834e+01 -5.9712e+01 -1.6098e+02
-6.9200e+01 -6.8966e+01 -6.6867e+01 -9.5266e+01
# New trial
-6.8993e+01 -6.6996e+01 -6.0161e+01 -2.1253e+02
-6.9074e+01 -6.7757e+01 -6.1721e+01 -1.9076e+02
-6.9192e+01 -6.8895e+01 -6.8005e+01 -2.0709e+02
-6.9225e+01 -6.9214e+01 -6.9229e+01 -8.8456e+01
# New trial
-6.8858e+01 -6.6061e+01 -7.3762e+01 -3.5457e+02
-6.8955e+01 -6.6895e+01 -7.0382e+01 -2.7982e+02
-6.9123e+01 -6.8355e+01 -7.0743e+01 -2.9269e+02
-6.9211e+01 -6.9103e+01 -6.9216e+01 -1.2504e+02
# New trial
-6.8790e+01 -6.5271e+01 -5.4690e+01 -1.6232e+02
-6.8933e+01 -6.6611e+01 -6.2909e+01 -2.1568e+02
-6.9116e+01 -6.8270e+01 -7.2778e+01 -3.3276e+02
-6.9216e+01 -6.9132e+01 -6.9628e+01 -1.6765e+02
# New trial
-6.8870e+01 -6.6622e+01 -9.2108e+01 -5.3293e+02
-6.8964e+01 -6.7116e+01 -7.7069e+01 -3.9188e+02
-6.9152e+01 -6.8643e+01 -7.3613e+01 -3.2760e+02
-6.9218e+01 -6.9155e+01 -6.9499e+01 -1.6119e+02
# New trial
-6.9008e+01 -6.7117e+01 -5.7633e+01 -1.8120e+02
-6.9060e+01 -6.7602e+01 -5.7520e+01 -1.3083e+02
-6.9121e+01 -6.8179e+01 -6.0851e+01 -1.3328e+02
-6.9198e+01 -6.8938e+01 -6.6512e+01 -7.4894e+01
# New trial
-6.8994e+01 -6.7026e+01 -6.2296e+01 -2.6455e+02
-6.9075e+01 -6.7791e+01 -6.2934e+01 -1.7697e+02
-6.9175e+01 -6.8734e+01 -6.7267e+01 -2.5588e+02
-6.9224e+01 -6.9199e+01 -6.9205e+01 -1.5364e+02
# New trial
-6.8855e+01 -6.5782e+01 -5.5835e+01 -1.8731e+02
-6.8933e+01 -6.6565e+01 -5.9231e+01 -1.5466e+02
-6.9140e+01 -6.8451e+01 -6.7645e+01 -2.0693e+02
-6.9226e+01 -6.9222e+01 -6.9391e+01 -1.0225e+02
# New trial
-6.8818e+01 -6.5582e+01 -7.0579e+01 -3.6397e+02
-6.8965e+01 -6.6851e+01 -6.6208e+01 -2.4164e+02
-6.9137e+01 -6.8436e+01 -7.0690e+01 -2.8042e+02
-6.9222e+01 -6.9187e+01 -7.0566e+01 -3.0485e+02
# New trial
-6.9039e+01 -6.7507e+01 -7.2826e+01 -3.7185e+02
-6.9078e+01 -6.7847e+01 -6.6828e+01 -2.4063e+02
-6.9158e+01 -6.8573e+01 -6.6497e+01 -2.0522e+02
-6.9220e+01 -6.9163e+01 -6.8887e+01 -1.0825e+02
# New trial
-6.8776e+01 -6.5641e+01 -7.9462e+01 -4.1976e+02
-6.8864e+01 -6.6257e+01 -6.9974e+01 -3.0216e+02
-6.9114e+01 -6.8291e+01 -7.0545e+01 -2.7120e+02
-6.9223e+01 -6.9209e+01 -7.0546e+01 -2.2956e+02
# New trial
-6.8957e+01 -6.6731e+01 -6.4377e+01 -2.5245e+02
-6.8995e+01 -6.7090e+01 -6.2390e+01 -1.7775e+02
-6.9098e+01 -6.8030e+01 -6.5643e+01 -2.5915e+02
-6.9218e+01 -6.9145e+01 -6.9090e+01 -1.9046e+02
# New trial
-6.8890e+01 -6.6135e+01 -6.5855e+01 -3.0827e+02
-6.8990e+01 -6.7038e+01 -6.4144e+01 -2.2110e+02
-6.9148e+01 -6.8489e+01 -6.5602e+01 -1.5323e+02
-6.9221e+01 -6.9173e+01 -6.8923e+01 -7.8128e+01
# New trial
-6.9004e+01 -6.7375e+01 -7.6116e+01 -3.2912e+02
-6.9024e+01 -6.7479e+01 -7.0908e+01 -2.6558e+02
-6.9114e+01 -6.8186e+01 -6.6847e+01 -2.4279e+02
-6.9210e+01 -6.9066e+01 -6.8646e+01 -1.9098e+02
# New trial
-6.8983e+01 -6.7004e+01 -6.6868e+01 -2.7135e+02
-6.8987e+01 -6.7045e+01 -6.2785e+01 -2.0076e+02
-6.9070e+01 -6.7755e+01 -6.3134e+01 -2.1113e+02
-6.9212e+01 -6.9084e+01 -6.8790e+01 -1.8933e+02
# New trial
-6.8895e+01 -6.6217e+01 -6.6883e+01 -3.4339e+02
-6.9009e+01 -6.7141e+01 -5.8349e+01 -1.8970e+02
-6.9149e+01 -6.8476e+01 -6.4658e+01 -1.8085e+02
-6.9218e+01 -6.9142e+01 -6.8707e+01 -1.1085e+02
# New trial
-6.8914e+01 -6.6658e+01 -9.2197e+01 -5.9474e+02
-6.9001e+01 -6.7225e+01 -7.0900e+01 -3.2576e+02
-6.9147e+01 -6.8477e+01 -6.6876e+01 -2.3650e+02
-6.9221e+01 -6.9173e+01 -6.8909e+01 -9.2860e+01
# New trial
