# 0.01sig - Array shape (trial/sig/alpha): (30, 4, 4)
-1.2403e+02 -1.1901e+02 -8.5971e+01 -6.2863e+01
-1.2395e+02 -1.1820e+02 -8.3757e+01 -7.9467e+01
-1.2396e+02 -1.1832e+02 -9.3157e+01 -2.6935e+02
-1.2442e+02 -1.2276e+02 -1.1757e+02 -4.5063e+02
# New trial
-1.2404e+02 -1.1913e+02 -8.8853e+01 -6.7902e+01
-1.2396e+02 -1.1843e+02 -8.9368e+01 -9.9058e+01
-1.2401e+02 -1.1883e+02 -9.2475e+01 -2.0843e+02
-1.2444e+02 -1.2295e+02 -1.1225e+02 -2.9611e+02
# New trial
-1.2407e+02 -1.1938e+02 -8.7286e+01 -5.8976e+01
-1.2392e+02 -1.1790e+02 -8.0817e+01 -6.6885e+01
-1.2377e+02 -1.1642e+02 -8.1205e+01 -1.8995e+02
-1.2428e+02 -1.2141e+02 -1.0885e+02 -4.1009e+02
# New trial
-1.2389e+02 -1.1775e+02 -8.1677e+01 -5.7682e+01
-1.2382e+02 -1.1722e+02 -8.3501e+01 -1.1416e+02
-1.2397e+02 -1.1862e+02 -9.5578e+01 -2.6259e+02
-1.2449e+02 -1.2352e+02 -1.1719e+02 -3.2518e+02
# New trial
-1.2414e+02 -1.1997e+02 -8.7412e+01 -5.8166e+01
-1.2400e+02 -1.1863e+02 -8.0598e+01 -6.4008e+01
-1.2385e+02 -1.1717e+02 -8.0233e+01 -1.6932e+02
-1.2421e+02 -1.2063e+02 -9.9073e+01 -2.8405e+02
# New trial
-1.2409e+02 -1.1950e+02 -8.7383e+01 -6.5957e+01
-1.2395e+02 -1.1818e+02 -8.4724e+01 -1.0402e+02
-1.2387e+02 -1.1742e+02 -9.1763e+01 -2.3931e+02
-1.2439e+02 -1.2242e+02 -1.1301e+02 -3.5843e+02
# New trial
-1.2411e+02 -1.1975e+02 -9.1208e+01 -5.8103e+01
-1.2404e+02 -1.1918e+02 -9.2770e+01 -9.9523e+01
-1.2413e+02 -1.2006e+02 -9.8249e+01 -1.9694e+02
-1.2449e+02 -1.2351e+02 -1.1690e+02 -2.3786e+02
# New trial
-1.2405e+02 -1.1917e+02 -8.5294e+01 -5.6482e+01
-1.2395e+02 -1.1819e+02 -7.9384e+01 -5.7259e+01
-1.2387e+02 -1.1738e+02 -7.8197e+01 -1.8757e+02
-1.2431e+02 -1.2168e+02 -9.9258e+01 -1.6074e+02
# New trial
-1.2398e+02 -1.1850e+02 -8.2246e+01 -6.2237e+01
-1.2384e+02 -1.1720e+02 -8.0257e+01 -1.3065e+02
-1.2366e+02 -1.1542e+02 -9.5601e+01 -3.7834e+02
-1.2426e+02 -1.2119e+02 -1.0804e+02 -4.2486e+02
# New trial
-1.2399e+02 -1.1861e+02 -8.6128e+01 -6.9860e+01
-1.2393e+02 -1.1801e+02 -8.4329e+01 -9.8950e+01
-1.2407e+02 -1.1937e+02 -9.3330e+01 -2.5219e+02
-1.2452e+02 -1.2372e+02 -1.1804e+02 -2.7276e+02
# New trial
-1.2387e+02 -1.1763e+02 -8.5507e+01 -6.6589e+01
-1.2382e+02 -1.1727e+02 -9.1220e+01 -2.0072e+02
-1.2403e+02 -1.1924e+02 -1.0923e+02 -4.6531e+02
-1.2453e+02 -1.2388e+02 -1.2001e+02 -2.5611e+02
# New trial
-1.2426e+02 -1.2116e+02 -9.5475e+01 -6.4557e+01
-1.2425e+02 -1.2112e+02 -9.5542e+01 -8.7400e+01
-1.2430e+02 -1.2152e+02 -9.8873e+01 -1.6090e+02
-1.2449e+02 -1.2339e+02 -1.1416e+02 -2.3879e+02
# New trial
-1.2409e+02 -1.1955e+02 -8.6136e+01 -6.4552e+01
-1.2396e+02 -1.1822e+02 -8.1572e+01 -1.0793e+02
-1.2374e+02 -1.1606e+02 -8.4910e+01 -2.5556e+02
-1.2421e+02 -1.2073e+02 -9.6803e+01 -2.9065e+02
# New trial
-1.2425e+02 -1.2107e+02 -9.3643e+01 -5.9491e+01
-1.2416e+02 -1.2019e+02 -8.7103e+01 -6.0274e+01
-1.2405e+02 -1.1912e+02 -8.2067e+01 -1.5035e+02
-1.2431e+02 -1.2168e+02 -1.0266e+02 -3.4202e+02
# New trial
-1.2422e+02 -1.2074e+02 -9.4328e+01 -9.1713e+01
-1.2417e+02 -1.2030e+02 -9.3448e+01 -1.2013e+02
-1.2416e+02 -1.2021e+02 -9.6400e+01 -2.3974e+02
-1.2444e+02 -1.2290e+02 -1.1047e+02 -2.3912e+02
# New trial
-1.2389e+02 -1.1776e+02 -8.2043e+01 -5.7272e+01
-1.2379e+02 -1.1688e+02 -8.1656e+01 -9.0074e+01
-1.2393e+02 -1.1821e+02 -9.4103e+01 -2.6174e+02
-1.2448e+02 -1.2337e+02 -1.1860e+02 -4.1283e+02
# New trial
-1.2401e+02 -1.1873e+02 -8.2039e+01 -5.8115e+01
-1.2394e+02 -1.1816e+02 -8.4485e+01 -9.9664e+01
-1.2400e+02 -1.1871e+02 -8.7367e+01 -1.8180e+02
-1.2443e+02 -1.2289e+02 -1.0902e+02 -1.5571e+02
# New trial
-1.2394e+02 -1.1836e+02 -8.8606e+01 -7.1377e+01
-1.2389e+02 -1.1792e+02 -9.2146e+01 -1.6290e+02
-1.2397e+02 -1.1873e+02 -1.0880e+02 -4.1052e+02
-1.2448e+02 -1.2334e+02 -1.1594e+02 -3.0665e+02
# New trial
-1.2432e+02 -1.2170e+02 -9.7229e+01 -5.6487e+01
-1.2424e+02 -1.2092e+02 -9.0977e+01 -5.7008e+01
-1.2413e+02 -1.1981e+02 -8.2051e+01 -6.8758e+01
-1.2430e+02 -1.2158e+02 -9.7322e+01 -1.1734e+02
# New trial
-1.2409e+02 -1.1948e+02 -8.4720e+01 -6.7295e+01
-1.2404e+02 -1.1907e+02 -8.3851e+01 -7.9547e+01
-1.2409e+02 -1.1951e+02 -8.9932e+01 -2.0433e+02
-1.2443e+02 -1.2282e+02 -1.1115e+02 -2.5341e+02
# New trial
-1.2367e+02 -1.1579e+02 -7.8475e+01 -5.8519e+01
-1.2361e+02 -1.1546e+02 -8.2429e+01 -1.0140e+02
-1.2394e+02 -1.1839e+02 -9.8180e+01 -2.7248e+02
-1.2453e+02 -1.2386e+02 -1.2069e+02 -3.6962e+02
# New trial
-1.2408e+02 -1.1945e+02 -8.5658e+01 -6.2612e+01
-1.2401e+02 -1.1879e+02 -8.3973e+01 -7.0394e+01
-1.2404e+02 -1.1908e+02 -9.1259e+01 -2.1109e+02
-1.2445e+02 -1.2303e+02 -1.1240e+02 -2.4691e+02
# New trial
-1.2431e+02 -1.2162e+02 -9.9499e+01 -6.9274e+01
-1.2422e+02 -1.2078e+02 -9.3867e+01 -8.6772e+01
-1.2413e+02 -1.1989e+02 -8.7243e+01 -1.3189e+02
-1.2431e+02 -1.2166e+02 -1.0300e+02 -2.9119e+02
# New trial
-1.2369e+02 -1.1610e+02 -8.1486e+01 -6.2980e+01
-1.2370e+02 -1.1645e+02 -9.2027e+01 -1.6113e+02
-1.2410e+02 -1.2006e+02 -1.1446e+02 -4.2871e+02
-1.2454e+02 -1.2405e+02 -1.2199e+02 -3.3512e+02
# New trial
-1.2416e+02 -1.2019e+02 -9.1885e+01 -6.6356e+01
-1.2401e+02 -1.1878e+02 -8.5965e+01 -7.8445e+01
-1.2394e+02 -1.1812e+02 -9.2716e+01 -2.8984e+02
-1.2442e+02 -1.2275e+02 -1.1437e+02 -3.9011e+02
# New trial
-1.2416e+02 -1.2017e+02 -8.9486e+01 -6.2539e+01
-1.2413e+02 -1.1988e+02 -8.8411e+01 -9.6568e+01
-1.2412e+02 -1.1983e+02 -9.0392e+01 -1.9636e+02
-1.2444e+02 -1.2298e+02 -1.1099e+02 -2.2450e+02
# New trial
-1.2421e+02 -1.2072e+02 -9.1926e+01 -5.6316e+01
-1.2407e+02 -1.1934e+02 -8.4990e+01 -5.7981e+01
-1.2393e+02 -1.1799e+02 -7.7423e+01 -9.8136e+01
-1.2425e+02 -1.2100e+02 -9.3660e+01 -8.5077e+01
# New trial
-1.2420e+02 -1.2062e+02 -9.2853e+01 -6.5996e+01
-1.2406e+02 -1.1921e+02 -8.6835e+01 -6.7802e+01
-1.2385e+02 -1.1722e+02 -7.8894e+01 -1.3193e+02
-1.2421e+02 -1.2074e+02 -9.7704e+01 -2.3275e+02
# New trial
-1.2422e+02 -1.2075e+02 -9.2549e+01 -6.3496e+01
-1.2420e+02 -1.2054e+02 -9.0645e+01 -6.9395e+01
-1.2419e+02 -1.2042e+02 -8.9814e+01 -1.2963e+02
-1.2444e+02 -1.2290e+02 -1.0958e+02 -2.2869e+02
# New trial
-1.2408e+02 -1.1944e+02 -8.7381e+01 -6.2424e+01
-1.2400e+02 -1.1865e+02 -8.3247e+01 -8.5392e+01
-1.2401e+02 -1.1879e+02 -8.5931e+01 -1.7270e+02
-1.2442e+02 -1.2271e+02 -1.0809e+02 -1.2291e+02
# New trial
