# 0.1sig - Array shape (trial/sig/alpha): (30L, 4L, 4L)
-4.1577e+01 -4.2615e+01 -8.2033e+01 -6.0645e+02
-4.1586e+01 -4.2246e+01 -5.8843e+01 -3.0935e+02
-4.1552e+01 -4.1736e+01 -4.6857e+01 -1.8470e+02
-4.1536e+01 -4.1538e+01 -4.1654e+01 -6.1750e+01
# New trial
-4.1544e+01 -4.1727e+01 -5.1408e+01 -2.2492e+02
-4.1574e+01 -4.1970e+01 -4.9106e+01 -1.6818e+02
-4.1545e+01 -4.1637e+01 -4.3352e+01 -1.0357e+02
-4.1535e+01 -4.1530e+01 -4.1551e+01 -5.5019e+01
# New trial
-4.1489e+01 -4.1309e+01 -5.7435e+01 -3.5903e+02
-4.1531e+01 -4.1566e+01 -4.9673e+01 -2.5337e+02
-4.1529e+01 -4.1481e+01 -4.4228e+01 -1.9911e+02
-4.1534e+01 -4.1517e+01 -4.2144e+01 -1.3484e+02
# New trial
-4.1553e+01 -4.1932e+01 -6.9766e+01 -5.2172e+02
-4.1542e+01 -4.1702e+01 -5.4101e+01 -3.4292e+02
-4.1534e+01 -4.1541e+01 -4.3722e+01 -1.5193e+02
-4.1533e+01 -4.1510e+01 -4.1409e+01 -4.8676e+01
# New trial
-4.1555e+01 -4.2083e+01 -6.9100e+01 -4.6173e+02
-4.1516e+01 -4.1478e+01 -4.8703e+01 -1.9328e+02
-4.1523e+01 -4.1435e+01 -4.2518e+01 -1.2385e+02
-4.1532e+01 -4.1505e+01 -4.1554e+01 -6.9365e+01
# New trial
-4.1504e+01 -4.1343e+01 -4.9558e+01 -2.4414e+02
-4.1524e+01 -4.1476e+01 -4.5662e+01 -1.6611e+02
-4.1528e+01 -4.1468e+01 -4.1610e+01 -7.4459e+01
-4.1535e+01 -4.1523e+01 -4.1523e+01 -5.4003e+01
# New trial
-4.1386e+01 -4.0340e+01 -4.9211e+01 -2.8686e+02
-4.1450e+01 -4.0857e+01 -4.4243e+01 -1.7727e+02
-4.1515e+01 -4.1383e+01 -4.3531e+01 -1.6213e+02
-4.1536e+01 -4.1540e+01 -4.2207e+01 -1.2252e+02
# New trial
-4.1513e+01 -4.1564e+01 -6.8046e+01 -5.0206e+02
-4.1525e+01 -4.1512e+01 -4.9737e+01 -2.6222e+02
-4.1525e+01 -4.1445e+01 -4.2234e+01 -1.4621e+02
-4.1533e+01 -4.1511e+01 -4.1384e+01 -4.3093e+01
# New trial
-4.1434e+01 -4.1260e+01 -6.8934e+01 -4.5703e+02
-4.1486e+01 -4.1434e+01 -5.4770e+01 -3.1225e+02
-4.1509e+01 -4.1381e+01 -4.5117e+01 -2.3597e+02
-4.1526e+01 -4.1468e+01 -4.1818e+01 -1.0609e+02
# New trial
-4.1468e+01 -4.1177e+01 -6.0651e+01 -3.8710e+02
-4.1492e+01 -4.1252e+01 -4.9757e+01 -2.4634e+02
-4.1520e+01 -4.1422e+01 -4.3239e+01 -1.4115e+02
-4.1532e+01 -4.1508e+01 -4.1860e+01 -9.4408e+01
# New trial
-4.1583e+01 -4.2223e+01 -5.9644e+01 -3.0487e+02
-4.1601e+01 -4.2345e+01 -5.7619e+01 -2.8327e+02
-4.1556e+01 -4.1789e+01 -4.6030e+01 -1.2728e+02
-4.1531e+01 -4.1500e+01 -4.1597e+01 -7.2711e+01
# New trial
-4.1552e+01 -4.2125e+01 -7.7247e+01 -5.6903e+02
-4.1531e+01 -4.1718e+01 -5.8217e+01 -3.5067e+02
-4.1514e+01 -4.1359e+01 -4.3347e+01 -2.0280e+02
-4.1533e+01 -4.1512e+01 -4.1566e+01 -1.2049e+02
# New trial
-4.1532e+01 -4.1972e+01 -8.2878e+01 -6.5713e+02
-4.1518e+01 -4.1532e+01 -5.2879e+01 -2.8747e+02
-4.1524e+01 -4.1442e+01 -4.2574e+01 -1.4221e+02
-4.1536e+01 -4.1537e+01 -4.1640e+01 -5.9237e+01
# New trial
-4.1530e+01 -4.1705e+01 -5.5611e+01 -2.9044e+02
-4.1526e+01 -4.1478e+01 -4.5281e+01 -1.9250e+02
-4.1528e+01 -4.1464e+01 -4.1927e+01 -1.2446e+02
-4.1533e+01 -4.1505e+01 -4.1352e+01 -4.8307e+01
# New trial
-4.1453e+01 -4.1505e+01 -6.9589e+01 -4.6346e+02
-4.1451e+01 -4.1129e+01 -5.6716e+01 -3.5748e+02
-4.1504e+01 -4.1328e+01 -4.5656e+01 -2.1746e+02
-4.1530e+01 -4.1489e+01 -4.1675e+01 -1.1571e+02
# New trial
-4.1566e+01 -4.2290e+01 -7.6001e+01 -5.5253e+02
-4.1568e+01 -4.2064e+01 -6.5524e+01 -4.8031e+02
-4.1544e+01 -4.1677e+01 -4.9313e+01 -2.7643e+02
-4.1532e+01 -4.1505e+01 -4.1511e+01 -6.9687e+01
# New trial
-4.1373e+01 -4.0599e+01 -6.6375e+01 -4.8549e+02
-4.1469e+01 -4.1125e+01 -5.2730e+01 -2.9043e+02
-4.1529e+01 -4.1515e+01 -4.5077e+01 -1.9673e+02
-4.1535e+01 -4.1526e+01 -4.1617e+01 -6.6391e+01
# New trial
-4.1483e+01 -4.1185e+01 -5.4138e+01 -3.4128e+02
-4.1507e+01 -4.1315e+01 -4.5550e+01 -2.3038e+02
-4.1528e+01 -4.1467e+01 -4.2112e+01 -1.5961e+02
-4.1535e+01 -4.1530e+01 -4.1561e+01 -6.7594e+01
# New trial
-4.1476e+01 -4.1049e+01 -4.7428e+01 -2.4167e+02
-4.1472e+01 -4.0972e+01 -4.2795e+01 -1.9076e+02
-4.1504e+01 -4.1240e+01 -4.0139e+01 -8.9315e+01
-4.1531e+01 -4.1486e+01 -4.1282e+01 -4.1937e+01
# New trial
-4.1345e+01 -4.0202e+01 -6.0326e+01 -4.2389e+02
-4.1406e+01 -4.0548e+01 -4.5459e+01 -2.2743e+02
-4.1493e+01 -4.1188e+01 -4.2115e+01 -1.7906e+02
-4.1531e+01 -4.1494e+01 -4.1371e+01 -5.3311e+01
# New trial
-4.1490e+01 -4.1334e+01 -5.9286e+01 -3.9019e+02
-4.1513e+01 -4.1433e+01 -4.9898e+01 -2.7947e+02
-4.1524e+01 -4.1457e+01 -4.4370e+01 -1.9750e+02
-4.1534e+01 -4.1519e+01 -4.1596e+01 -8.1067e+01
# New trial
-4.1528e+01 -4.1605e+01 -5.5600e+01 -3.0416e+02
-4.1511e+01 -4.1399e+01 -4.8945e+01 -2.3936e+02
-4.1521e+01 -4.1426e+01 -4.3906e+01 -1.9507e+02
-4.1530e+01 -4.1487e+01 -4.1553e+01 -8.2086e+01
# New trial
-4.1453e+01 -4.0834e+01 -4.6362e+01 -2.2591e+02
-4.1512e+01 -4.1353e+01 -4.5087e+01 -1.9236e+02
-4.1538e+01 -4.1574e+01 -4.3663e+01 -1.6493e+02
-4.1535e+01 -4.1529e+01 -4.1776e+01 -9.7525e+01
# New trial
-4.1390e+01 -4.0568e+01 -5.1892e+01 -2.8585e+02
-4.1466e+01 -4.0932e+01 -4.1321e+01 -1.3538e+02
-4.1522e+01 -4.1413e+01 -4.1379e+01 -1.2516e+02
-4.1535e+01 -4.1525e+01 -4.1548e+01 -6.8512e+01
# New trial
-4.1468e+01 -4.1009e+01 -5.3439e+01 -3.5106e+02
-4.1506e+01 -4.1293e+01 -4.3999e+01 -1.6066e+02
-4.1532e+01 -4.1506e+01 -4.1966e+01 -1.0473e+02
-4.1535e+01 -4.1528e+01 -4.1511e+01 -4.6261e+01
# New trial
-4.1592e+01 -4.2442e+01 -6.8472e+01 -4.3342e+02
-4.1590e+01 -4.2157e+01 -5.2649e+01 -2.3886e+02
-4.1572e+01 -4.1909e+01 -4.5910e+01 -1.3957e+02
-4.1544e+01 -4.1615e+01 -4.2393e+01 -7.8991e+01
# New trial
-4.1532e+01 -4.1602e+01 -5.5620e+01 -3.4010e+02
-4.1538e+01 -4.1604e+01 -4.7793e+01 -2.0317e+02
-4.1536e+01 -4.1543e+01 -4.2437e+01 -1.0511e+02
-4.1535e+01 -4.1528e+01 -4.1533e+01 -5.6254e+01
# New trial
-4.1573e+01 -4.2448e+01 -7.9171e+01 -5.7126e+02
-4.1561e+01 -4.2034e+01 -6.0161e+01 -3.6414e+02
-4.1541e+01 -4.1657e+01 -4.8672e+01 -2.5465e+02
-4.1536e+01 -4.1548e+01 -4.2879e+01 -1.5175e+02
# New trial
-4.1475e+01 -4.1057e+01 -5.1860e+01 -3.0584e+02
-4.1517e+01 -4.1424e+01 -5.0531e+01 -2.8409e+02
-4.1531e+01 -4.1505e+01 -4.3193e+01 -1.4676e+02
-4.1535e+01 -4.1530e+01 -4.1539e+01 -5.3571e+01
# New trial
-4.1437e+01 -4.0805e+01 -5.2633e+01 -3.1139e+02
-4.1457e+01 -4.0854e+01 -4.2282e+01 -1.7365e+02
-4.1519e+01 -4.1381e+01 -4.1306e+01 -1.0985e+02
-4.1537e+01 -4.1549e+01 -4.1797e+01 -9.2969e+01
# New trial
