# 0.01sig - Array shape (trial/sig/alpha): (30, 4, 4)
-1.7952e+02 -1.7534e+02 -1.4182e+02 -9.6766e+01
-1.7942e+02 -1.7441e+02 -1.3657e+02 -1.0531e+02
-1.7931e+02 -1.7334e+02 -1.3861e+02 -2.6100e+02
-1.7968e+02 -1.7697e+02 -1.6281e+02 -5.3396e+02
# New trial
-1.7949e+02 -1.7509e+02 -1.4179e+02 -1.0630e+02
-1.7936e+02 -1.7382e+02 -1.3710e+02 -1.2365e+02
-1.7915e+02 -1.7178e+02 -1.2626e+02 -1.3770e+02
-1.7957e+02 -1.7593e+02 -1.5007e+02 -3.2847e+02
# New trial
-1.7953e+02 -1.7547e+02 -1.4198e+02 -9.7993e+01
-1.7935e+02 -1.7373e+02 -1.3290e+02 -1.0656e+02
-1.7895e+02 -1.6979e+02 -1.1190e+02 -1.2633e+02
-1.7925e+02 -1.7265e+02 -1.2119e+02 -1.0642e+02
# New trial
-1.7936e+02 -1.7388e+02 -1.3395e+02 -9.9472e+01
-1.7919e+02 -1.7229e+02 -1.2987e+02 -1.3716e+02
-1.7898e+02 -1.7022e+02 -1.2489e+02 -2.5511e+02
-1.7956e+02 -1.7578e+02 -1.4279e+02 -1.7311e+02
# New trial
-1.7958e+02 -1.7590e+02 -1.4335e+02 -9.5209e+01
-1.7943e+02 -1.7445e+02 -1.3268e+02 -9.9110e+01
-1.7909e+02 -1.7116e+02 -1.2269e+02 -1.9897e+02
-1.7917e+02 -1.7189e+02 -1.2967e+02 -3.1538e+02
# New trial
-1.7960e+02 -1.7609e+02 -1.4479e+02 -9.7841e+01
-1.7938e+02 -1.7394e+02 -1.3264e+02 -9.8712e+01
-1.7893e+02 -1.6957e+02 -1.1504e+02 -1.4760e+02
-1.7923e+02 -1.7245e+02 -1.2723e+02 -2.9714e+02
# New trial
-1.7957e+02 -1.7583e+02 -1.4358e+02 -9.7794e+01
-1.7943e+02 -1.7450e+02 -1.3568e+02 -9.4829e+01
-1.7928e+02 -1.7297e+02 -1.2720e+02 -1.4829e+02
-1.7964e+02 -1.7656e+02 -1.5088e+02 -3.1798e+02
# New trial
-1.7955e+02 -1.7567e+02 -1.4315e+02 -1.1548e+02
-1.7944e+02 -1.7456e+02 -1.3565e+02 -1.2489e+02
-1.7918e+02 -1.7201e+02 -1.2583e+02 -2.1960e+02
-1.7940e+02 -1.7416e+02 -1.4079e+02 -4.2618e+02
# New trial
-1.7951e+02 -1.7519e+02 -1.3759e+02 -9.3684e+01
-1.7932e+02 -1.7338e+02 -1.2539e+02 -1.0247e+02
-1.7885e+02 -1.6880e+02 -1.1106e+02 -1.6135e+02
-1.7914e+02 -1.7166e+02 -1.2525e+02 -2.6105e+02
# New trial
-1.7948e+02 -1.7493e+02 -1.3950e+02 -9.9065e+01
-1.7935e+02 -1.7371e+02 -1.3425e+02 -1.0844e+02
-1.7920e+02 -1.7227e+02 -1.2815e+02 -2.1904e+02
-1.7963e+02 -1.7646e+02 -1.4851e+02 -2.1159e+02
# New trial
-1.7932e+02 -1.7344e+02 -1.3315e+02 -9.7253e+01
-1.7915e+02 -1.7194e+02 -1.3007e+02 -1.3124e+02
-1.7900e+02 -1.7049e+02 -1.3501e+02 -3.0256e+02
-1.7966e+02 -1.7674e+02 -1.5633e+02 -3.4525e+02
# New trial
-1.7969e+02 -1.7705e+02 -1.5261e+02 -1.1671e+02
-1.7964e+02 -1.7652e+02 -1.4827e+02 -1.1841e+02
-1.7951e+02 -1.7521e+02 -1.3801e+02 -1.6710e+02
-1.7963e+02 -1.7641e+02 -1.4817e+02 -2.9741e+02
# New trial
-1.7959e+02 -1.7602e+02 -1.4340e+02 -9.2559e+01
-1.7942e+02 -1.7430e+02 -1.3073e+02 -9.3583e+01
-1.7894e+02 -1.6962e+02 -1.0891e+02 -1.1078e+02
-1.7907e+02 -1.7087e+02 -1.0990e+02 -1.0954e+02
# New trial
-1.7970e+02 -1.7710e+02 -1.5340e+02 -9.8761e+01
-1.7961e+02 -1.7619e+02 -1.4610e+02 -9.8031e+01
-1.7937e+02 -1.7382e+02 -1.2853e+02 -1.0013e+02
-1.7939e+02 -1.7406e+02 -1.2900e+02 -1.7863e+02
# New trial
-1.7965e+02 -1.7663e+02 -1.4821e+02 -9.6634e+01
-1.7956e+02 -1.7573e+02 -1.4084e+02 -9.5701e+01
-1.7933e+02 -1.7341e+02 -1.2488e+02 -1.1736e+02
-1.7942e+02 -1.7428e+02 -1.3204e+02 -2.3375e+02
# New trial
-1.7940e+02 -1.7423e+02 -1.3565e+02 -9.4537e+01
-1.7923e+02 -1.7264e+02 -1.3050e+02 -1.0278e+02
-1.7900e+02 -1.7049e+02 -1.2420e+02 -1.8615e+02
-1.7954e+02 -1.7557e+02 -1.4672e+02 -3.0071e+02
# New trial
-1.7948e+02 -1.7501e+02 -1.4009e+02 -1.0885e+02
-1.7934e+02 -1.7366e+02 -1.3607e+02 -1.2777e+02
-1.7913e+02 -1.7165e+02 -1.2670e+02 -1.5585e+02
-1.7950e+02 -1.7514e+02 -1.3885e+02 -2.1679e+02
# New trial
-1.7947e+02 -1.7491e+02 -1.4285e+02 -1.0623e+02
-1.7927e+02 -1.7310e+02 -1.3454e+02 -1.0945e+02
-1.7894e+02 -1.6996e+02 -1.2704e+02 -1.9591e+02
-1.7951e+02 -1.7529e+02 -1.5477e+02 -5.0263e+02
# New trial
-1.7957e+02 -1.7589e+02 -1.4696e+02 -1.0480e+02
-1.7945e+02 -1.7473e+02 -1.4165e+02 -1.4183e+02
-1.7938e+02 -1.7405e+02 -1.3994e+02 -3.0638e+02
-1.7967e+02 -1.7686e+02 -1.5733e+02 -4.8691e+02
# New trial
-1.7955e+02 -1.7559e+02 -1.4219e+02 -9.4034e+01
-1.7943e+02 -1.7451e+02 -1.3644e+02 -9.9795e+01
-1.7922e+02 -1.7237e+02 -1.2468e+02 -1.7579e+02
-1.7952e+02 -1.7534e+02 -1.4178e+02 -2.7760e+02
# New trial
-1.7916e+02 -1.7208e+02 -1.3178e+02 -9.4423e+01
-1.7896e+02 -1.7033e+02 -1.2765e+02 -1.2563e+02
-1.7894e+02 -1.7002e+02 -1.2423e+02 -1.9340e+02
-1.7966e+02 -1.7679e+02 -1.5325e+02 -2.7523e+02
# New trial
-1.7959e+02 -1.7604e+02 -1.4479e+02 -9.5319e+01
-1.7945e+02 -1.7463e+02 -1.3648e+02 -9.8697e+01
-1.7918e+02 -1.7204e+02 -1.2300e+02 -1.4265e+02
-1.7956e+02 -1.7573e+02 -1.4223e+02 -1.9058e+02
# New trial
-1.7977e+02 -1.7782e+02 -1.5896e+02 -1.0276e+02
-1.7968e+02 -1.7695e+02 -1.5152e+02 -1.1313e+02
-1.7948e+02 -1.7491e+02 -1.3588e+02 -1.5948e+02
-1.7944e+02 -1.7451e+02 -1.3271e+02 -1.9744e+02
# New trial
-1.7916e+02 -1.7202e+02 -1.3131e+02 -9.4635e+01
-1.7899e+02 -1.7066e+02 -1.3010e+02 -1.1941e+02
-1.7904e+02 -1.7105e+02 -1.3312e+02 -2.2267e+02
-1.7974e+02 -1.7755e+02 -1.6606e+02 -5.4719e+02
# New trial
-1.7965e+02 -1.7666e+02 -1.5055e+02 -1.1732e+02
-1.7948e+02 -1.7500e+02 -1.4035e+02 -1.2770e+02
-1.7915e+02 -1.7177e+02 -1.2837e+02 -2.7009e+02
-1.7953e+02 -1.7543e+02 -1.4742e+02 -3.8669e+02
# New trial
-1.7970e+02 -1.7706e+02 -1.5260e+02 -1.0440e+02
-1.7960e+02 -1.7613e+02 -1.4527e+02 -1.0294e+02
-1.7939e+02 -1.7401e+02 -1.2987e+02 -1.2071e+02
-1.7961e+02 -1.7618e+02 -1.4412e+02 -1.1242e+02
# New trial
-1.7967e+02 -1.7684e+02 -1.5136e+02 -1.1033e+02
-1.7952e+02 -1.7533e+02 -1.4179e+02 -1.0619e+02
-1.7920e+02 -1.7223e+02 -1.3105e+02 -1.9195e+02
-1.7928e+02 -1.7306e+02 -1.4344e+02 -3.8731e+02
# New trial
-1.7966e+02 -1.7667e+02 -1.4946e+02 -9.9925e+01
-1.7951e+02 -1.7522e+02 -1.3997e+02 -1.0108e+02
-1.7916e+02 -1.7181e+02 -1.2024e+02 -1.3230e+02
-1.7929e+02 -1.7306e+02 -1.2618e+02 -2.3124e+02
# New trial
-1.7974e+02 -1.7748e+02 -1.5693e+02 -1.0771e+02
-1.7968e+02 -1.7694e+02 -1.5257e+02 -1.1567e+02
-1.7953e+02 -1.7545e+02 -1.4149e+02 -1.6920e+02
-1.7965e+02 -1.7665e+02 -1.5057e+02 -2.4900e+02
# New trial
-1.7955e+02 -1.7565e+02 -1.4319e+02 -1.1887e+02
-1.7944e+02 -1.7453e+02 -1.3749e+02 -1.4296e+02
-1.7922e+02 -1.7244e+02 -1.3233e+02 -2.4863e+02
-1.7956e+02 -1.7576e+02 -1.4812e+02 -3.9422e+02
# New trial
