# 0.01sig - Array shape (trial/sig/alpha): (30, 4, 4)
-1.7517e+02 -1.7337e+02 -1.5894e+02 -1.3698e+02
-1.7513e+02 -1.7298e+02 -1.5680e+02 -1.4336e+02
-1.7507e+02 -1.7242e+02 -1.5693e+02 -2.0226e+02
-1.7524e+02 -1.7410e+02 -1.6768e+02 -2.9670e+02
# New trial
-1.7517e+02 -1.7332e+02 -1.5896e+02 -1.3823e+02
-1.7511e+02 -1.7275e+02 -1.5678e+02 -1.4358e+02
-1.7498e+02 -1.7155e+02 -1.4971e+02 -1.4312e+02
-1.7514e+02 -1.7309e+02 -1.5734e+02 -2.1892e+02
# New trial
-1.7519e+02 -1.7353e+02 -1.5917e+02 -1.3971e+02
-1.7511e+02 -1.7276e+02 -1.5474e+02 -1.4173e+02
-1.7491e+02 -1.7080e+02 -1.4800e+02 -1.5464e+02
-1.7496e+02 -1.7130e+02 -1.5030e+02 -2.4100e+02
# New trial
-1.7514e+02 -1.7309e+02 -1.5682e+02 -1.4080e+02
-1.7506e+02 -1.7229e+02 -1.5295e+02 -1.3892e+02
-1.7490e+02 -1.7082e+02 -1.4669e+02 -1.4574e+02
-1.7513e+02 -1.7302e+02 -1.6229e+02 -3.0132e+02
# New trial
-1.7521e+02 -1.7372e+02 -1.6016e+02 -1.3770e+02
-1.7515e+02 -1.7311e+02 -1.5563e+02 -1.4371e+02
-1.7499e+02 -1.7153e+02 -1.4860e+02 -1.9061e+02
-1.7497e+02 -1.7143e+02 -1.5442e+02 -2.8029e+02
# New trial
-1.7522e+02 -1.7387e+02 -1.6147e+02 -1.3968e+02
-1.7514e+02 -1.7307e+02 -1.5672e+02 -1.5064e+02
-1.7493e+02 -1.7100e+02 -1.4776e+02 -1.6399e+02
-1.7495e+02 -1.7120e+02 -1.4761e+02 -2.0714e+02
# New trial
-1.7520e+02 -1.7368e+02 -1.6031e+02 -1.3676e+02
-1.7514e+02 -1.7310e+02 -1.5719e+02 -1.4295e+02
-1.7504e+02 -1.7208e+02 -1.5156e+02 -1.4336e+02
-1.7515e+02 -1.7319e+02 -1.5710e+02 -1.9101e+02
# New trial
-1.7520e+02 -1.7363e+02 -1.5955e+02 -1.3728e+02
-1.7515e+02 -1.7318e+02 -1.5630e+02 -1.3889e+02
-1.7503e+02 -1.7196e+02 -1.5060e+02 -1.7699e+02
-1.7506e+02 -1.7227e+02 -1.5169e+02 -2.0526e+02
# New trial
-1.7518e+02 -1.7342e+02 -1.5793e+02 -1.3638e+02
-1.7510e+02 -1.7265e+02 -1.5268e+02 -1.3981e+02
-1.7488e+02 -1.7051e+02 -1.4631e+02 -1.7718e+02
-1.7492e+02 -1.7091e+02 -1.4667e+02 -2.0697e+02
# New trial
-1.7516e+02 -1.7330e+02 -1.5812e+02 -1.3620e+02
-1.7510e+02 -1.7269e+02 -1.5537e+02 -1.4562e+02
-1.7496e+02 -1.7136e+02 -1.4964e+02 -1.5065e+02
-1.7513e+02 -1.7298e+02 -1.5770e+02 -2.3364e+02
# New trial
-1.7511e+02 -1.7282e+02 -1.5592e+02 -1.3427e+02
-1.7503e+02 -1.7205e+02 -1.5281e+02 -1.3461e+02
-1.7489e+02 -1.7069e+02 -1.4866e+02 -1.5848e+02
-1.7516e+02 -1.7328e+02 -1.6008e+02 -2.4021e+02
# New trial
-1.7525e+02 -1.7415e+02 -1.6374e+02 -1.4311e+02
-1.7523e+02 -1.7391e+02 -1.6169e+02 -1.4254e+02
-1.7515e+02 -1.7316e+02 -1.5564e+02 -1.4218e+02
-1.7516e+02 -1.7319e+02 -1.5523e+02 -1.4999e+02
# New trial
-1.7522e+02 -1.7380e+02 -1.6074e+02 -1.3855e+02
-1.7515e+02 -1.7314e+02 -1.5592e+02 -1.3994e+02
-1.7495e+02 -1.7120e+02 -1.4718e+02 -1.6492e+02
-1.7490e+02 -1.7071e+02 -1.4688e+02 -1.8887e+02
# New trial
-1.7525e+02 -1.7418e+02 -1.6400e+02 -1.3873e+02
-1.7522e+02 -1.7380e+02 -1.6082e+02 -1.3920e+02
-1.7510e+02 -1.7262e+02 -1.5241e+02 -1.5089e+02
-1.7507e+02 -1.7234e+02 -1.5110e+02 -1.9251e+02
# New trial
-1.7524e+02 -1.7399e+02 -1.6186e+02 -1.3412e+02
-1.7520e+02 -1.7360e+02 -1.5838e+02 -1.3405e+02
-1.7507e+02 -1.7231e+02 -1.4753e+02 -1.3384e+02
-1.7503e+02 -1.7190e+02 -1.4434e+02 -1.3384e+02
# New trial
-1.7514e+02 -1.7306e+02 -1.5729e+02 -1.4144e+02
-1.7506e+02 -1.7231e+02 -1.5472e+02 -1.4455e+02
-1.7493e+02 -1.7106e+02 -1.5017e+02 -1.8714e+02
-1.7515e+02 -1.7312e+02 -1.5712e+02 -2.0871e+02
# New trial
-1.7516e+02 -1.7325e+02 -1.5701e+02 -1.3792e+02
-1.7509e+02 -1.7256e+02 -1.5357e+02 -1.3670e+02
-1.7498e+02 -1.7149e+02 -1.4833e+02 -1.4904e+02
-1.7509e+02 -1.7261e+02 -1.5603e+02 -2.7128e+02
# New trial
-1.7515e+02 -1.7321e+02 -1.5814e+02 -1.3552e+02
-1.7507e+02 -1.7242e+02 -1.5404e+02 -1.3469e+02
-1.7492e+02 -1.7093e+02 -1.4634e+02 -1.3902e+02
-1.7512e+02 -1.7290e+02 -1.5656e+02 -2.5276e+02
# New trial
-1.7510e+02 -1.7272e+02 -1.5599e+02 -1.5034e+02
-1.7503e+02 -1.7205e+02 -1.5454e+02 -1.8672e+02
-1.7508e+02 -1.7252e+02 -1.6410e+02 -3.2379e+02
-1.7532e+02 -1.7486e+02 -1.8534e+02 -6.2147e+02
# New trial
-1.7518e+02 -1.7348e+02 -1.5880e+02 -1.3572e+02
-1.7513e+02 -1.7300e+02 -1.5627e+02 -1.3875e+02
-1.7502e+02 -1.7193e+02 -1.5218e+02 -1.8892e+02
-1.7513e+02 -1.7296e+02 -1.5689e+02 -2.3484e+02
# New trial
-1.7506e+02 -1.7231e+02 -1.5505e+02 -1.3646e+02
-1.7497e+02 -1.7156e+02 -1.5234e+02 -1.4309e+02
-1.7489e+02 -1.7069e+02 -1.4887e+02 -1.6424e+02
-1.7516e+02 -1.7324e+02 -1.5917e+02 -2.4692e+02
# New trial
-1.7522e+02 -1.7383e+02 -1.6118e+02 -1.3572e+02
-1.7516e+02 -1.7321e+02 -1.5697e+02 -1.3630e+02
-1.7501e+02 -1.7184e+02 -1.5075e+02 -1.5683e+02
-1.7513e+02 -1.7294e+02 -1.5493e+02 -1.8408e+02
# New trial
-1.7528e+02 -1.7448e+02 -1.6659e+02 -1.4332e+02
-1.7524e+02 -1.7406e+02 -1.6284e+02 -1.4241e+02
-1.7514e+02 -1.7308e+02 -1.5520e+02 -1.5923e+02
-1.7510e+02 -1.7265e+02 -1.5355e+02 -2.3165e+02
# New trial
-1.7500e+02 -1.7178e+02 -1.5064e+02 -1.3400e+02
-1.7492e+02 -1.7100e+02 -1.4845e+02 -1.3529e+02
-1.7490e+02 -1.7088e+02 -1.4986e+02 -1.9922e+02
-1.7521e+02 -1.7373e+02 -1.6314e+02 -2.7037e+02
# New trial
-1.7524e+02 -1.7404e+02 -1.6323e+02 -1.4413e+02
-1.7517e+02 -1.7336e+02 -1.5905e+02 -1.5956e+02
-1.7502e+02 -1.7192e+02 -1.5326e+02 -1.8019e+02
-1.7514e+02 -1.7309e+02 -1.5778e+02 -2.6422e+02
# New trial
-1.7525e+02 -1.7418e+02 -1.6394e+02 -1.4095e+02
-1.7521e+02 -1.7378e+02 -1.6052e+02 -1.3916e+02
-1.7510e+02 -1.7268e+02 -1.5282e+02 -1.4530e+02
-1.7517e+02 -1.7338e+02 -1.5788e+02 -2.0406e+02
# New trial
-1.7524e+02 -1.7399e+02 -1.6200e+02 -1.3517e+02
-1.7517e+02 -1.7331e+02 -1.5672e+02 -1.3517e+02
-1.7498e+02 -1.7150e+02 -1.4434e+02 -1.3522e+02
-1.7495e+02 -1.7116e+02 -1.4178e+02 -1.3909e+02
# New trial
-1.7523e+02 -1.7389e+02 -1.6127e+02 -1.3702e+02
-1.7516e+02 -1.7321e+02 -1.5600e+02 -1.4138e+02
-1.7498e+02 -1.7145e+02 -1.4496e+02 -1.4504e+02
-1.7498e+02 -1.7147e+02 -1.4415e+02 -1.6043e+02
# New trial
-1.7527e+02 -1.7434e+02 -1.6557e+02 -1.5057e+02
-1.7525e+02 -1.7410e+02 -1.6353e+02 -1.5247e+02
-1.7517e+02 -1.7332e+02 -1.5788e+02 -1.7225e+02
-1.7520e+02 -1.7362e+02 -1.6128e+02 -2.4149e+02
# New trial
-1.7517e+02 -1.7332e+02 -1.5681e+02 -1.3463e+02
-1.7512e+02 -1.7281e+02 -1.5331e+02 -1.3442e+02
-1.7499e+02 -1.7156e+02 -1.4597e+02 -1.4015e+02
-1.7513e+02 -1.7296e+02 -1.5432e+02 -1.6511e+02
# New trial
