# 0.1sig - Array shape (trial/sig/alpha): (30L, 4L, 4L)
-7.8093e+01 -7.5819e+01 -1.0363e+02 -6.4216e+02
-7.8106e+01 -7.5481e+01 -7.7949e+01 -3.2021e+02
-7.8165e+01 -7.5781e+01 -7.0859e+01 -3.1542e+02
-7.8410e+01 -7.8009e+01 -7.7219e+01 -3.3374e+02
# New trial
-7.8185e+01 -7.6006e+01 -7.3852e+01 -2.6765e+02
-7.8206e+01 -7.6180e+01 -6.9752e+01 -1.7545e+02
-7.8272e+01 -7.6684e+01 -6.7444e+01 -1.8703e+02
-7.8416e+01 -7.8050e+01 -7.4665e+01 -9.0652e+01
# New trial
-7.8245e+01 -7.6666e+01 -9.2866e+01 -5.2171e+02
-7.8174e+01 -7.5806e+01 -7.2134e+01 -3.1690e+02
-7.8031e+01 -7.4278e+01 -5.7758e+01 -2.4570e+02
-7.8180e+01 -7.5712e+01 -6.3817e+01 -1.8046e+02
# New trial
-7.8211e+01 -7.6297e+01 -9.5899e+01 -6.4884e+02
-7.8155e+01 -7.5602e+01 -7.2487e+01 -3.4746e+02
-7.8112e+01 -7.5063e+01 -5.6369e+01 -1.8074e+02
-7.8283e+01 -7.6733e+01 -6.4648e+01 -6.9221e+01
# New trial
-7.8240e+01 -7.6803e+01 -9.7277e+01 -5.2355e+02
-7.8195e+01 -7.6062e+01 -6.8951e+01 -1.8614e+02
-7.8229e+01 -7.6238e+01 -6.2691e+01 -1.4749e+02
-7.8400e+01 -7.7891e+01 -7.3012e+01 -7.1906e+01
# New trial
-7.8280e+01 -7.6847e+01 -7.7930e+01 -3.1155e+02
-7.8248e+01 -7.6499e+01 -6.9826e+01 -1.8329e+02
-7.8243e+01 -7.6375e+01 -6.4782e+01 -1.9345e+02
-7.8376e+01 -7.7657e+01 -7.3998e+01 -2.7778e+02
# New trial
-7.8131e+01 -7.5452e+01 -6.8598e+01 -2.3898e+02
-7.8147e+01 -7.5553e+01 -6.4525e+01 -1.8903e+02
-7.8153e+01 -7.5509e+01 -6.0842e+01 -2.0632e+02
-7.8336e+01 -7.7278e+01 -6.9985e+01 -2.3409e+02
# New trial
-7.8116e+01 -7.5438e+01 -9.8224e+01 -6.8920e+02
-7.8135e+01 -7.5436e+01 -7.0607e+01 -2.9742e+02
-7.8165e+01 -7.5612e+01 -6.6550e+01 -3.0737e+02
-7.8372e+01 -7.7624e+01 -7.5320e+01 -2.5084e+02
# New trial
-7.7981e+01 -7.4567e+01 -7.9438e+01 -3.7843e+02
-7.7993e+01 -7.4471e+01 -6.9237e+01 -2.8058e+02
-7.8098e+01 -7.5110e+01 -6.6640e+01 -3.2949e+02
-7.8393e+01 -7.7829e+01 -7.3189e+01 -1.3596e+02
# New trial
-7.8124e+01 -7.5465e+01 -7.6921e+01 -3.6197e+02
-7.8114e+01 -7.5265e+01 -6.7809e+01 -2.7335e+02
-7.8161e+01 -7.5592e+01 -6.1260e+01 -1.9826e+02
-7.8374e+01 -7.7630e+01 -7.0950e+01 -1.3450e+02
# New trial
-7.8266e+01 -7.6838e+01 -8.1827e+01 -3.3447e+02
-7.8208e+01 -7.6176e+01 -7.1760e+01 -3.0505e+02
-7.8069e+01 -7.4686e+01 -5.6162e+01 -1.5722e+02
-7.8231e+01 -7.6233e+01 -6.2474e+01 -1.1680e+02
# New trial
-7.8184e+01 -7.6217e+01 -9.8298e+01 -6.0395e+02
-7.8137e+01 -7.5642e+01 -7.7684e+01 -3.5582e+02
-7.8209e+01 -7.6124e+01 -6.8454e+01 -2.7983e+02
-7.8417e+01 -7.8079e+01 -7.6442e+01 -2.4917e+02
# New trial
-7.8179e+01 -7.6331e+01 -1.0744e+02 -7.2939e+02
-7.8185e+01 -7.6060e+01 -7.7678e+01 -3.2657e+02
-7.8205e+01 -7.6055e+01 -6.6693e+01 -2.2442e+02
-7.8395e+01 -7.7864e+01 -7.6220e+01 -2.1386e+02
# New trial
-7.8321e+01 -7.7405e+01 -9.1353e+01 -4.5509e+02
-7.8254e+01 -7.6531e+01 -6.8838e+01 -2.1573e+02
-7.8168e+01 -7.5617e+01 -6.0177e+01 -2.3827e+02
-7.8253e+01 -7.6440e+01 -6.5439e+01 -2.2132e+02
# New trial
-7.8085e+01 -7.5772e+01 -9.6684e+01 -4.9893e+02
-7.7961e+01 -7.4142e+01 -7.4097e+01 -3.9646e+02
-7.8029e+01 -7.4354e+01 -5.9606e+01 -2.3189e+02
-7.8387e+01 -7.7768e+01 -7.2727e+01 -2.0137e+02
# New trial
-7.8160e+01 -7.6317e+01 -1.1316e+02 -8.2271e+02
-7.8041e+01 -7.4746e+01 -8.2839e+01 -5.1410e+02
-7.8023e+01 -7.4311e+01 -6.9544e+01 -4.1585e+02
-7.8360e+01 -7.7516e+01 -7.1367e+01 -2.2507e+02
# New trial
-7.8142e+01 -7.5871e+01 -9.5695e+01 -5.5945e+02
-7.8139e+01 -7.5622e+01 -7.6086e+01 -3.5037e+02
-7.8232e+01 -7.6313e+01 -7.0566e+01 -2.9886e+02
-7.8420e+01 -7.8094e+01 -7.6652e+01 -1.6690e+02
# New trial
-7.8229e+01 -7.6353e+01 -8.0234e+01 -4.1653e+02
-7.8200e+01 -7.6003e+01 -6.9452e+01 -2.5571e+02
-7.8163e+01 -7.5559e+01 -5.8135e+01 -1.5799e+02
-7.8309e+01 -7.6983e+01 -6.6746e+01 -9.3520e+01
# New trial
-7.8214e+01 -7.6126e+01 -6.7604e+01 -2.4520e+02
-7.8165e+01 -7.5644e+01 -6.2390e+01 -1.9399e+02
-7.8186e+01 -7.5810e+01 -5.9851e+01 -1.5929e+02
-7.8366e+01 -7.7565e+01 -7.0836e+01 -9.9293e+01
# New trial
-7.8150e+01 -7.5914e+01 -9.7419e+01 -6.2599e+02
-7.8096e+01 -7.5201e+01 -6.9211e+01 -2.7474e+02
-7.8057e+01 -7.4667e+01 -6.0676e+01 -2.4274e+02
-7.8306e+01 -7.7014e+01 -7.1599e+01 -2.5676e+02
# New trial
-7.8208e+01 -7.6465e+01 -9.8478e+01 -5.9082e+02
-7.8173e+01 -7.5862e+01 -7.2450e+01 -2.7507e+02
-7.8203e+01 -7.6002e+01 -6.3812e+01 -2.3933e+02
-7.8396e+01 -7.7851e+01 -7.2997e+01 -1.3671e+02
# New trial
-7.8276e+01 -7.6930e+01 -9.1183e+01 -5.2353e+02
-7.8224e+01 -7.6345e+01 -7.3740e+01 -2.7634e+02
-7.8247e+01 -7.6437e+01 -6.7111e+01 -2.9783e+02
-7.8417e+01 -7.8081e+01 -7.6814e+01 -2.9984e+02
# New trial
-7.8162e+01 -7.5671e+01 -6.9963e+01 -2.9799e+02
-7.8149e+01 -7.5505e+01 -6.4097e+01 -2.3467e+02
-7.8177e+01 -7.5727e+01 -6.2685e+01 -2.4400e+02
-7.8358e+01 -7.7474e+01 -7.1062e+01 -1.8015e+02
# New trial
-7.8079e+01 -7.4912e+01 -6.4742e+01 -2.2724e+02
-7.8126e+01 -7.5261e+01 -5.9346e+01 -1.7063e+02
-7.8201e+01 -7.5943e+01 -6.0518e+01 -2.0621e+02
-7.8377e+01 -7.7669e+01 -7.2064e+01 -2.5177e+02
# New trial
-7.8208e+01 -7.6141e+01 -7.8214e+01 -4.3634e+02
-7.8235e+01 -7.6328e+01 -6.7183e+01 -1.7377e+02
-7.8268e+01 -7.6604e+01 -6.3637e+01 -1.2330e+02
-7.8375e+01 -7.7644e+01 -7.0932e+01 -6.6874e+01
# New trial
-7.8220e+01 -7.6736e+01 -1.0215e+02 -5.8560e+02
-7.8100e+01 -7.5071e+01 -6.4909e+01 -2.7793e+02
-7.8108e+01 -7.5052e+01 -6.5247e+01 -3.0516e+02
-7.8363e+01 -7.7539e+01 -7.5426e+01 -2.8966e+02
# New trial
-7.8162e+01 -7.5662e+01 -7.1908e+01 -3.7860e+02
-7.8239e+01 -7.6371e+01 -6.8323e+01 -2.1950e+02
-7.8351e+01 -7.7428e+01 -7.1333e+01 -1.7985e+02
-7.8444e+01 -7.8325e+01 -7.7477e+01 -1.3631e+02
# New trial
-7.8324e+01 -7.7849e+01 -1.1250e+02 -6.8827e+02
-7.8196e+01 -7.6216e+01 -8.1481e+01 -4.2663e+02
-7.8122e+01 -7.5281e+01 -6.6222e+01 -2.8952e+02
-7.8342e+01 -7.7330e+01 -7.0646e+01 -2.1291e+02
# New trial
-7.8162e+01 -7.5730e+01 -8.0620e+01 -4.2538e+02
-7.8130e+01 -7.5339e+01 -6.9879e+01 -3.4813e+02
-7.8115e+01 -7.5105e+01 -5.9026e+01 -2.3487e+02
-7.8327e+01 -7.7173e+01 -6.8629e+01 -2.1411e+02
# New trial
-7.8165e+01 -7.5735e+01 -7.1201e+01 -3.0200e+02
-7.8206e+01 -7.6077e+01 -6.5992e+01 -1.7858e+02
-7.8325e+01 -7.7178e+01 -6.9435e+01 -1.5814e+02
-7.8428e+01 -7.8178e+01 -7.6215e+01 -1.0391e+02
# New trial
