# 0.01sig - Array shape (trial/sig/alpha): (30, 4, 4)
-1.4227e+02 -1.3545e+02 -9.8815e+01 -2.4057e+02
-1.4222e+02 -1.3492e+02 -9.3462e+01 -2.4344e+02
-1.4228e+02 -1.3532e+02 -9.1605e+01 -3.0514e+02
-1.4281e+02 -1.4054e+02 -1.2015e+02 -1.9551e+02
# New trial
-1.4217e+02 -1.3449e+02 -1.0074e+02 -2.5223e+02
-1.4215e+02 -1.3430e+02 -9.9199e+01 -2.3316e+02
-1.4225e+02 -1.3520e+02 -1.0068e+02 -3.3396e+02
-1.4282e+02 -1.4070e+02 -1.2676e+02 -4.3108e+02
# New trial
-1.4224e+02 -1.3518e+02 -9.8566e+01 -1.8970e+02
-1.4208e+02 -1.3359e+02 -8.6877e+01 -1.7885e+02
-1.4194e+02 -1.3209e+02 -8.6004e+01 -3.2719e+02
-1.4261e+02 -1.3856e+02 -1.1200e+02 -3.5080e+02
# New trial
-1.4215e+02 -1.3472e+02 -1.0685e+02 -3.0126e+02
-1.4206e+02 -1.3388e+02 -1.0277e+02 -3.1769e+02
-1.4221e+02 -1.3496e+02 -1.0258e+02 -4.0533e+02
-1.4283e+02 -1.4079e+02 -1.2806e+02 -4.1154e+02
# New trial
-1.4244e+02 -1.3699e+02 -1.0287e+02 -2.2740e+02
-1.4227e+02 -1.3532e+02 -8.8416e+01 -2.2246e+02
-1.4211e+02 -1.3360e+02 -8.1797e+01 -2.8048e+02
-1.4253e+02 -1.3774e+02 -1.0229e+02 -3.1201e+02
# New trial
-1.4232e+02 -1.3601e+02 -1.0682e+02 -2.9686e+02
-1.4220e+02 -1.3470e+02 -9.3293e+01 -2.0137e+02
-1.4208e+02 -1.3343e+02 -8.9875e+01 -3.0445e+02
-1.4263e+02 -1.3882e+02 -1.1045e+02 -3.4303e+02
# New trial
-1.4218e+02 -1.3458e+02 -9.5270e+01 -1.3947e+02
-1.4216e+02 -1.3439e+02 -9.5732e+01 -1.7058e+02
-1.4237e+02 -1.3631e+02 -1.0013e+02 -2.7038e+02
-1.4288e+02 -1.4125e+02 -1.2767e+02 -3.1006e+02
# New trial
-1.4212e+02 -1.3412e+02 -9.1173e+01 -1.5982e+02
-1.4209e+02 -1.3365e+02 -8.0073e+01 -1.3193e+02
-1.4210e+02 -1.3351e+02 -7.3811e+01 -1.7137e+02
-1.4264e+02 -1.3879e+02 -1.0485e+02 -1.3837e+02
# New trial
-1.4228e+02 -1.3560e+02 -1.0879e+02 -3.1916e+02
-1.4213e+02 -1.3413e+02 -1.0030e+02 -3.2906e+02
-1.4189e+02 -1.3168e+02 -9.2946e+01 -3.4949e+02
-1.4255e+02 -1.3800e+02 -1.1909e+02 -4.8626e+02
# New trial
-1.4219e+02 -1.3465e+02 -1.0033e+02 -2.4411e+02
-1.4219e+02 -1.3462e+02 -1.0209e+02 -3.0203e+02
-1.4234e+02 -1.3606e+02 -1.1658e+02 -5.4121e+02
-1.4290e+02 -1.4148e+02 -1.3613e+02 -5.5845e+02
# New trial
-1.4198e+02 -1.3295e+02 -9.3801e+01 -1.5236e+02
-1.4200e+02 -1.3313e+02 -1.0094e+02 -3.2357e+02
-1.4226e+02 -1.3544e+02 -1.2132e+02 -6.4859e+02
-1.4293e+02 -1.4175e+02 -1.3555e+02 -5.5516e+02
# New trial
-1.4254e+02 -1.3783e+02 -9.8972e+01 -7.6722e+01
-1.4258e+02 -1.3819e+02 -1.0052e+02 -8.1548e+01
-1.4262e+02 -1.3862e+02 -1.0321e+02 -1.0066e+02
-1.4287e+02 -1.4107e+02 -1.2416e+02 -1.1704e+02
# New trial
-1.4230e+02 -1.3562e+02 -1.0016e+02 -2.4553e+02
-1.4217e+02 -1.3433e+02 -8.7394e+01 -2.0174e+02
-1.4194e+02 -1.3201e+02 -7.9210e+01 -3.3482e+02
-1.4246e+02 -1.3707e+02 -9.5645e+01 -2.1349e+02
# New trial
-1.4257e+02 -1.3815e+02 -1.0500e+02 -1.2507e+02
-1.4247e+02 -1.3715e+02 -9.7009e+01 -1.1946e+02
-1.4235e+02 -1.3599e+02 -9.2218e+01 -1.9171e+02
-1.4259e+02 -1.3830e+02 -1.0782e+02 -3.5228e+02
# New trial
-1.4248e+02 -1.3724e+02 -9.9319e+01 -1.7577e+02
-1.4247e+02 -1.3712e+02 -9.4735e+01 -1.5270e+02
-1.4244e+02 -1.3679e+02 -9.2116e+01 -2.1374e+02
-1.4273e+02 -1.3971e+02 -1.1268e+02 -1.0990e+02
# New trial
-1.4209e+02 -1.3398e+02 -1.0073e+02 -2.6293e+02
-1.4206e+02 -1.3374e+02 -9.9455e+01 -2.6354e+02
-1.4217e+02 -1.3471e+02 -1.1265e+02 -5.2859e+02
-1.4278e+02 -1.4041e+02 -1.2734e+02 -4.0438e+02
# New trial
-1.4214e+02 -1.3413e+02 -8.5562e+01 -9.4499e+01
-1.4209e+02 -1.3371e+02 -8.8417e+01 -1.6073e+02
-1.4220e+02 -1.3479e+02 -1.0139e+02 -4.2200e+02
-1.4277e+02 -1.4012e+02 -1.2400e+02 -5.5772e+02
# New trial
-1.4218e+02 -1.3515e+02 -1.1712e+02 -3.8575e+02
-1.4209e+02 -1.3413e+02 -1.0540e+02 -3.4937e+02
-1.4220e+02 -1.3488e+02 -1.1338e+02 -5.7914e+02
-1.4286e+02 -1.4102e+02 -1.3762e+02 -7.6198e+02
# New trial
-1.4259e+02 -1.3838e+02 -1.0616e+02 -1.3904e+02
-1.4256e+02 -1.3800e+02 -1.0176e+02 -1.2551e+02
-1.4249e+02 -1.3732e+02 -9.5914e+01 -2.0048e+02
-1.4271e+02 -1.3953e+02 -1.1485e+02 -3.4036e+02
# New trial
-1.4235e+02 -1.3612e+02 -9.8194e+01 -1.9896e+02
-1.4234e+02 -1.3600e+02 -9.7207e+01 -1.8784e+02
-1.4238e+02 -1.3630e+02 -1.0087e+02 -3.5285e+02
-1.4281e+02 -1.4051e+02 -1.2500e+02 -3.6835e+02
# New trial
-1.4178e+02 -1.3101e+02 -8.4970e+01 -1.9872e+02
-1.4174e+02 -1.3081e+02 -8.7500e+01 -1.8956e+02
-1.4222e+02 -1.3512e+02 -1.1190e+02 -4.1416e+02
-1.4296e+02 -1.4204e+02 -1.3918e+02 -5.2430e+02
# New trial
-1.4228e+02 -1.3554e+02 -1.0555e+02 -2.7854e+02
-1.4227e+02 -1.3531e+02 -9.6640e+01 -2.0052e+02
-1.4227e+02 -1.3540e+02 -9.3791e+01 -2.3980e+02
-1.4278e+02 -1.4023e+02 -1.1901e+02 -2.6180e+02
# New trial
-1.4261e+02 -1.3861e+02 -1.1471e+02 -2.0449e+02
-1.4256e+02 -1.3808e+02 -1.0460e+02 -1.5085e+02
-1.4246e+02 -1.3703e+02 -9.1768e+01 -1.6728e+02
-1.4262e+02 -1.3860e+02 -1.0370e+02 -1.9256e+02
# New trial
-1.4179e+02 -1.3141e+02 -9.7670e+01 -2.9985e+02
-1.4178e+02 -1.3144e+02 -9.9507e+01 -2.9923e+02
-1.4230e+02 -1.3603e+02 -1.2506e+02 -5.9398e+02
-1.4300e+02 -1.4238e+02 -1.4229e+02 -6.0352e+02
# New trial
-1.4249e+02 -1.3745e+02 -1.0868e+02 -2.2842e+02
-1.4234e+02 -1.3610e+02 -1.0060e+02 -1.8720e+02
-1.4224e+02 -1.3506e+02 -9.7952e+01 -3.6640e+02
-1.4277e+02 -1.4016e+02 -1.2322e+02 -4.6548e+02
# New trial
-1.4239e+02 -1.3647e+02 -1.0188e+02 -2.0382e+02
-1.4240e+02 -1.3653e+02 -9.9321e+01 -1.8470e+02
-1.4244e+02 -1.3688e+02 -9.9402e+01 -2.9753e+02
-1.4281e+02 -1.4052e+02 -1.2250e+02 -3.1582e+02
# New trial
-1.4252e+02 -1.3778e+02 -1.1133e+02 -2.3588e+02
-1.4238e+02 -1.3645e+02 -1.0156e+02 -1.9894e+02
-1.4225e+02 -1.3504e+02 -9.2603e+01 -3.0048e+02
-1.4258e+02 -1.3827e+02 -1.0934e+02 -3.6628e+02
# New trial
-1.4242e+02 -1.3676e+02 -1.0050e+02 -1.5017e+02
-1.4226e+02 -1.3525e+02 -8.9129e+01 -1.1244e+02
-1.4209e+02 -1.3352e+02 -8.3132e+01 -2.1486e+02
-1.4256e+02 -1.3810e+02 -1.1367e+02 -4.5517e+02
# New trial
-1.4240e+02 -1.3662e+02 -1.0239e+02 -1.5931e+02
-1.4249e+02 -1.3739e+02 -1.0013e+02 -1.1204e+02
-1.4254e+02 -1.3780e+02 -9.9568e+01 -1.7303e+02
-1.4282e+02 -1.4059e+02 -1.2055e+02 -2.3568e+02
# New trial
-1.4229e+02 -1.3567e+02 -1.0980e+02 -3.7296e+02
-1.4229e+02 -1.3556e+02 -9.8590e+01 -2.7299e+02
-1.4235e+02 -1.3602e+02 -1.0132e+02 -4.2526e+02
-1.4282e+02 -1.4064e+02 -1.2563e+02 -4.1917e+02
# New trial
