# 0.1sig - Array shape (trial/sig/alpha): (30L, 4L, 4L)
-1.0091e+02 -9.6519e+01 -1.2645e+02 -9.1758e+02
-1.0087e+02 -9.5498e+01 -8.1035e+01 -3.1334e+02
-1.0090e+02 -9.5631e+01 -7.7406e+01 -3.9785e+02
-1.0138e+02 -1.0006e+02 -8.9912e+01 -2.5440e+02
# New trial
-1.0111e+02 -9.7604e+01 -8.5087e+01 -2.6672e+02
-1.0109e+02 -9.7380e+01 -7.9805e+01 -1.7534e+02
-1.0105e+02 -9.6863e+01 -7.3758e+01 -2.0488e+02
-1.0124e+02 -9.8679e+01 -8.4664e+01 -2.5249e+02
# New trial
-1.0115e+02 -9.8167e+01 -1.1132e+02 -5.9376e+02
-1.0105e+02 -9.6943e+01 -8.1698e+01 -3.1752e+02
-1.0082e+02 -9.4497e+01 -6.3593e+01 -2.8953e+02
-1.0103e+02 -9.6553e+01 -8.3238e+01 -3.8456e+02
# New trial
-1.0110e+02 -9.7518e+01 -1.1156e+02 -8.4495e+02
-1.0102e+02 -9.6622e+01 -7.9797e+01 -4.1746e+02
-1.0087e+02 -9.5047e+01 -6.4595e+01 -3.4689e+02
-1.0105e+02 -9.6769e+01 -8.4499e+01 -6.2109e+02
# New trial
-1.0124e+02 -9.9100e+01 -1.1835e+02 -7.1889e+02
-1.0115e+02 -9.7902e+01 -8.0678e+01 -1.8841e+02
-1.0108e+02 -9.7087e+01 -6.9394e+01 -2.0043e+02
-1.0131e+02 -9.9320e+01 -8.4653e+01 -2.6760e+02
# New trial
-1.0124e+02 -9.8834e+01 -9.5146e+01 -3.7429e+02
-1.0120e+02 -9.8352e+01 -8.4044e+01 -1.8968e+02
-1.0116e+02 -9.7860e+01 -7.3145e+01 -1.6259e+02
-1.0137e+02 -9.9874e+01 -8.5862e+01 -9.3839e+01
# New trial
-1.0104e+02 -9.6985e+01 -8.5749e+01 -3.1971e+02
-1.0103e+02 -9.6829e+01 -7.5590e+01 -2.1573e+02
-1.0100e+02 -9.6320e+01 -7.0454e+01 -2.6310e+02
-1.0124e+02 -9.8669e+01 -8.4159e+01 -3.4423e+02
# New trial
-1.0105e+02 -9.7296e+01 -1.2498e+02 -8.6973e+02
-1.0105e+02 -9.6999e+01 -8.5407e+01 -3.3191e+02
-1.0109e+02 -9.7194e+01 -7.3307e+01 -2.7759e+02
-1.0138e+02 -1.0001e+02 -8.8464e+01 -1.5798e+02
# New trial
-1.0092e+02 -9.6337e+01 -9.8191e+01 -4.8300e+02
-1.0085e+02 -9.5532e+01 -8.1889e+01 -3.3613e+02
-1.0090e+02 -9.5581e+01 -7.6094e+01 -4.1949e+02
-1.0139e+02 -1.0009e+02 -9.4137e+01 -5.1058e+02
# New trial
-1.0103e+02 -9.6939e+01 -9.0982e+01 -4.2185e+02
-1.0100e+02 -9.6512e+01 -7.8523e+01 -2.9436e+02
-1.0097e+02 -9.6009e+01 -6.9188e+01 -2.6652e+02
-1.0123e+02 -9.8493e+01 -8.1181e+01 -2.1100e+02
# New trial
-1.0127e+02 -9.9260e+01 -9.8494e+01 -3.6066e+02
-1.0116e+02 -9.8111e+01 -8.7121e+01 -3.2428e+02
-1.0090e+02 -9.5351e+01 -6.8336e+01 -2.5661e+02
-1.0113e+02 -9.7551e+01 -8.5564e+01 -4.2145e+02
# New trial
-1.0109e+02 -9.7792e+01 -1.1994e+02 -7.8247e+02
-1.0101e+02 -9.6811e+01 -9.2054e+01 -4.2949e+02
-1.0106e+02 -9.6954e+01 -7.3381e+01 -2.8431e+02
-1.0141e+02 -1.0034e+02 -9.3368e+01 -4.0750e+02
# New trial
-1.0113e+02 -9.8219e+01 -1.3030e+02 -9.4409e+02
-1.0113e+02 -9.7803e+01 -9.0044e+01 -3.9080e+02
-1.0111e+02 -9.7413e+01 -7.8585e+01 -3.2635e+02
-1.0140e+02 -1.0023e+02 -9.1683e+01 -2.8251e+02
# New trial
-1.0131e+02 -9.9712e+01 -1.1300e+02 -5.4695e+02
-1.0118e+02 -9.8108e+01 -7.7278e+01 -1.7484e+02
-1.0103e+02 -9.6549e+01 -5.9926e+01 -9.3589e+01
-1.0113e+02 -9.7569e+01 -7.0582e+01 -7.9660e+01
# New trial
-1.0090e+02 -9.6474e+01 -1.1500e+02 -6.3712e+02
-1.0074e+02 -9.4399e+01 -8.1649e+01 -4.2263e+02
-1.0074e+02 -9.3958e+01 -6.7913e+01 -3.3984e+02
-1.0131e+02 -9.9310e+01 -8.6811e+01 -4.1211e+02
# New trial
-1.0098e+02 -9.7065e+01 -1.3183e+02 -9.5650e+02
-1.0086e+02 -9.5466e+01 -9.8568e+01 -5.9516e+02
-1.0078e+02 -9.4479e+01 -9.0009e+01 -5.3853e+02
-1.0126e+02 -9.8912e+01 -1.1049e+02 -8.7212e+02
# New trial
-1.0103e+02 -9.7441e+01 -1.1229e+02 -5.9596e+02
-1.0102e+02 -9.6839e+01 -8.5965e+01 -3.9083e+02
-1.0099e+02 -9.6259e+01 -7.3205e+01 -3.4140e+02
-1.0125e+02 -9.8753e+01 -8.1638e+01 -2.8531e+02
# New trial
-1.0120e+02 -9.8421e+01 -1.0057e+02 -5.2679e+02
-1.0115e+02 -9.7801e+01 -8.1109e+01 -2.8463e+02
-1.0103e+02 -9.6581e+01 -7.0330e+01 -2.9981e+02
-1.0119e+02 -9.8191e+01 -8.3084e+01 -3.0360e+02
# New trial
-1.0119e+02 -9.8240e+01 -8.7929e+01 -3.2934e+02
-1.0112e+02 -9.7520e+01 -7.7651e+01 -2.3613e+02
-1.0108e+02 -9.7132e+01 -6.7863e+01 -1.3814e+02
-1.0129e+02 -9.9129e+01 -8.0847e+01 -1.1058e+02
# New trial
-1.0104e+02 -9.7427e+01 -1.2432e+02 -8.5210e+02
-1.0098e+02 -9.6499e+01 -8.2925e+01 -3.0354e+02
-1.0089e+02 -9.5339e+01 -7.0285e+01 -3.0039e+02
-1.0121e+02 -9.8416e+01 -8.2061e+01 -3.4546e+02
# New trial
-1.0102e+02 -9.6955e+01 -1.0819e+02 -6.5312e+02
-1.0099e+02 -9.6436e+01 -7.9501e+01 -3.3146e+02
-1.0103e+02 -9.6709e+01 -7.4404e+01 -3.5055e+02
-1.0138e+02 -1.0003e+02 -9.0171e+01 -2.9480e+02
# New trial
-1.0118e+02 -9.8327e+01 -1.0024e+02 -5.9336e+02
-1.0111e+02 -9.7611e+01 -8.4262e+01 -3.0743e+02
-1.0110e+02 -9.7346e+01 -7.4423e+01 -2.7259e+02
-1.0137e+02 -9.9954e+01 -8.9202e+01 -3.2000e+02
# New trial
-1.0106e+02 -9.7091e+01 -8.1583e+01 -2.8213e+02
-1.0104e+02 -9.6780e+01 -7.2849e+01 -2.4169e+02
-1.0099e+02 -9.6192e+01 -6.2851e+01 -1.7373e+02
-1.0125e+02 -9.8713e+01 -7.7054e+01 -1.0718e+02
# New trial
-1.0097e+02 -9.6503e+01 -8.5080e+01 -3.1668e+02
-1.0103e+02 -9.6747e+01 -7.2428e+01 -1.8715e+02
-1.0109e+02 -9.7168e+01 -7.0201e+01 -2.3884e+02
-1.0133e+02 -9.9496e+01 -8.4490e+01 -2.3649e+02
# New trial
-1.0125e+02 -9.8955e+01 -1.0259e+02 -5.0138e+02
-1.0125e+02 -9.8843e+01 -8.6666e+01 -2.1737e+02
-1.0120e+02 -9.8264e+01 -7.4979e+01 -1.6060e+02
-1.0130e+02 -9.9184e+01 -8.0380e+01 -1.1412e+02
# New trial
-1.0121e+02 -9.9172e+01 -1.3070e+02 -7.8069e+02
-1.0107e+02 -9.7133e+01 -8.3060e+01 -3.4118e+02
-1.0099e+02 -9.6250e+01 -7.5397e+01 -2.7316e+02
-1.0128e+02 -9.9040e+01 -9.1837e+01 -3.5370e+02
# New trial
-1.0110e+02 -9.7401e+01 -9.0288e+01 -5.0965e+02
-1.0117e+02 -9.7970e+01 -7.8921e+01 -2.2396e+02
-1.0127e+02 -9.8947e+01 -8.1345e+01 -1.7211e+02
-1.0147e+02 -1.0087e+02 -9.5693e+01 -1.6827e+02
# New trial
-1.0112e+02 -9.8319e+01 -1.2574e+02 -7.6593e+02
-1.0101e+02 -9.6803e+01 -9.0374e+01 -4.7518e+02
-1.0093e+02 -9.5757e+01 -7.9516e+01 -4.1806e+02
-1.0130e+02 -9.9225e+01 -8.8349e+01 -4.2355e+02
# New trial
-1.0107e+02 -9.7188e+01 -8.9572e+01 -4.2459e+02
-1.0102e+02 -9.6572e+01 -7.4079e+01 -3.0633e+02
-1.0092e+02 -9.5440e+01 -5.8320e+01 -1.7637e+02
-1.0119e+02 -9.8077e+01 -7.3410e+01 -6.1491e+01
# New trial
-1.0107e+02 -9.7292e+01 -8.9105e+01 -3.9484e+02
-1.0113e+02 -9.7707e+01 -7.9107e+01 -2.2985e+02
-1.0128e+02 -9.9047e+01 -8.3664e+01 -2.4963e+02
-1.0146e+02 -1.0086e+02 -9.6733e+01 -2.9892e+02
# New trial
