# 0.1sig - Array shape (trial/sig/alpha): (30L, 4L, 4L)
-2.7759e+01 -2.8650e+01 -4.8110e+01 -2.8243e+02
-2.7721e+01 -2.8068e+01 -3.4750e+01 -1.3010e+02
-2.7691e+01 -2.7705e+01 -2.8768e+01 -7.2621e+01
-2.7691e+01 -2.7692e+01 -2.7765e+01 -4.3740e+01
# New trial
-2.7699e+01 -2.7803e+01 -3.0843e+01 -8.1893e+01
-2.7687e+01 -2.7654e+01 -2.7681e+01 -3.7212e+01
-2.7688e+01 -2.7667e+01 -2.7568e+01 -3.7870e+01
-2.7690e+01 -2.7687e+01 -2.7670e+01 -3.0427e+01
# New trial
-2.7653e+01 -2.7346e+01 -2.7089e+01 -5.3412e+01
-2.7680e+01 -2.7594e+01 -2.8120e+01 -7.2773e+01
-2.7689e+01 -2.7680e+01 -2.7801e+01 -5.4195e+01
-2.7690e+01 -2.7688e+01 -2.7673e+01 -2.7841e+01
# New trial
-2.7661e+01 -2.7411e+01 -2.9199e+01 -1.0861e+02
-2.7662e+01 -2.7421e+01 -2.8832e+01 -1.0232e+02
-2.7683e+01 -2.7618e+01 -2.7672e+01 -6.9357e+01
-2.7689e+01 -2.7679e+01 -2.7633e+01 -2.7690e+01
# New trial
-2.7730e+01 -2.8141e+01 -3.6661e+01 -1.5354e+02
-2.7715e+01 -2.7950e+01 -3.1565e+01 -8.3428e+01
-2.7694e+01 -2.7730e+01 -2.8305e+01 -4.1798e+01
-2.7690e+01 -2.7685e+01 -2.7655e+01 -2.7692e+01
# New trial
-2.7692e+01 -2.7723e+01 -2.9561e+01 -7.6388e+01
-2.7686e+01 -2.7648e+01 -2.8092e+01 -5.5502e+01
-2.7688e+01 -2.7670e+01 -2.7636e+01 -4.5726e+01
-2.7691e+01 -2.7693e+01 -2.7722e+01 -3.2420e+01
# New trial
-2.7608e+01 -2.6972e+01 -2.6950e+01 -6.8839e+01
-2.7648e+01 -2.7330e+01 -2.6683e+01 -4.1880e+01
-2.7682e+01 -2.7618e+01 -2.7687e+01 -4.9113e+01
-2.7690e+01 -2.7688e+01 -2.7784e+01 -5.1130e+01
# New trial
-2.7710e+01 -2.7947e+01 -3.7298e+01 -1.7622e+02
-2.7697e+01 -2.7783e+01 -3.1350e+01 -1.1510e+02
-2.7686e+01 -2.7651e+01 -2.8013e+01 -7.7126e+01
-2.7690e+01 -2.7683e+01 -2.7669e+01 -4.0128e+01
# New trial
-2.7701e+01 -2.7934e+01 -3.7049e+01 -1.6456e+02
-2.7737e+01 -2.8226e+01 -3.6323e+01 -1.4907e+02
-2.7694e+01 -2.7746e+01 -2.9358e+01 -8.3825e+01
-2.7690e+01 -2.7684e+01 -2.7724e+01 -3.4225e+01
# New trial
-2.7715e+01 -2.8018e+01 -3.7051e+01 -1.6121e+02
-2.7688e+01 -2.7701e+01 -3.0124e+01 -8.0285e+01
-2.7688e+01 -2.7672e+01 -2.7919e+01 -4.6092e+01
-2.7690e+01 -2.7686e+01 -2.7674e+01 -2.7747e+01
# New trial
-2.7687e+01 -2.7702e+01 -3.0725e+01 -8.4790e+01
-2.7681e+01 -2.7621e+01 -2.8404e+01 -5.5914e+01
-2.7690e+01 -2.7688e+01 -2.7913e+01 -3.8379e+01
-2.7691e+01 -2.7691e+01 -2.7710e+01 -3.0431e+01
# New trial
-2.7704e+01 -2.7996e+01 -3.9748e+01 -1.9391e+02
-2.7675e+01 -2.7637e+01 -3.2415e+01 -1.2294e+02
-2.7682e+01 -2.7621e+01 -2.8164e+01 -6.5536e+01
-2.7690e+01 -2.7685e+01 -2.7675e+01 -2.9088e+01
# New trial
-2.7758e+01 -2.8532e+01 -4.7401e+01 -2.8777e+02
-2.7725e+01 -2.8099e+01 -3.5492e+01 -1.4359e+02
-2.7692e+01 -2.7719e+01 -2.8831e+01 -7.6079e+01
-2.7691e+01 -2.7689e+01 -2.7707e+01 -3.2078e+01
# New trial
-2.7643e+01 -2.7339e+01 -3.0692e+01 -9.5563e+01
-2.7668e+01 -2.7480e+01 -2.7163e+01 -6.3943e+01
-2.7684e+01 -2.7628e+01 -2.7950e+01 -8.7792e+01
-2.7691e+01 -2.7695e+01 -2.7942e+01 -7.2680e+01
# New trial
-2.7803e+01 -2.9014e+01 -4.8081e+01 -2.7030e+02
-2.7739e+01 -2.8259e+01 -3.8284e+01 -1.9021e+02
-2.7695e+01 -2.7744e+01 -2.9362e+01 -7.9155e+01
-2.7691e+01 -2.7693e+01 -2.7720e+01 -3.0060e+01
# New trial
-2.7746e+01 -2.8338e+01 -4.0051e+01 -1.9064e+02
-2.7742e+01 -2.8244e+01 -3.6014e+01 -1.5429e+02
-2.7712e+01 -2.7918e+01 -3.2315e+01 -1.2820e+02
-2.7691e+01 -2.7699e+01 -2.8533e+01 -8.9077e+01
# New trial
-2.7670e+01 -2.7647e+01 -3.5513e+01 -1.6333e+02
-2.7680e+01 -2.7669e+01 -3.2419e+01 -1.1969e+02
-2.7688e+01 -2.7679e+01 -2.8556e+01 -7.0030e+01
-2.7691e+01 -2.7690e+01 -2.7706e+01 -3.3870e+01
# New trial
-2.7667e+01 -2.7507e+01 -3.1247e+01 -1.2300e+02
-2.7687e+01 -2.7680e+01 -2.9781e+01 -8.6042e+01
-2.7690e+01 -2.7686e+01 -2.8067e+01 -6.0529e+01
-2.7691e+01 -2.7689e+01 -2.7689e+01 -3.4068e+01
# New trial
-2.7699e+01 -2.7791e+01 -3.1753e+01 -1.1676e+02
-2.7689e+01 -2.7691e+01 -2.9984e+01 -9.8366e+01
-2.7687e+01 -2.7661e+01 -2.7956e+01 -6.9987e+01
-2.7691e+01 -2.7693e+01 -2.7863e+01 -6.2563e+01
# New trial
-2.7594e+01 -2.6889e+01 -3.0453e+01 -1.1826e+02
-2.7622e+01 -2.7107e+01 -2.5979e+01 -4.6193e+01
-2.7675e+01 -2.7562e+01 -2.7519e+01 -5.8219e+01
-2.7690e+01 -2.7688e+01 -2.7710e+01 -3.1217e+01
# New trial
-2.7702e+01 -2.7871e+01 -3.4925e+01 -1.5305e+02
-2.7680e+01 -2.7621e+01 -2.9671e+01 -9.2175e+01
-2.7682e+01 -2.7609e+01 -2.7668e+01 -7.0995e+01
-2.7691e+01 -2.7692e+01 -2.7766e+01 -4.7511e+01
# New trial
-2.7707e+01 -2.7902e+01 -3.3218e+01 -1.1746e+02
-2.7700e+01 -2.7816e+01 -3.1189e+01 -1.0624e+02
-2.7688e+01 -2.7670e+01 -2.8186e+01 -7.7805e+01
-2.7690e+01 -2.7683e+01 -2.7672e+01 -3.1786e+01
# New trial
-2.7692e+01 -2.7735e+01 -3.0186e+01 -8.3499e+01
-2.7688e+01 -2.7685e+01 -2.9086e+01 -7.5364e+01
-2.7689e+01 -2.7676e+01 -2.7955e+01 -5.1065e+01
-2.7690e+01 -2.7688e+01 -2.7734e+01 -5.0841e+01
# New trial
-2.7629e+01 -2.7207e+01 -2.9489e+01 -8.4023e+01
-2.7651e+01 -2.7329e+01 -2.5967e+01 -3.2295e+01
-2.7682e+01 -2.7607e+01 -2.7245e+01 -4.5363e+01
-2.7691e+01 -2.7690e+01 -2.7711e+01 -3.2737e+01
# New trial
-2.7652e+01 -2.7337e+01 -2.7368e+01 -6.9862e+01
-2.7668e+01 -2.7474e+01 -2.6439e+01 -3.9330e+01
-2.7687e+01 -2.7656e+01 -2.7492e+01 -4.1048e+01
-2.7690e+01 -2.7686e+01 -2.7662e+01 -2.8151e+01
# New trial
-2.7756e+01 -2.8428e+01 -3.9629e+01 -1.8920e+02
-2.7723e+01 -2.8043e+01 -3.2784e+01 -1.0727e+02
-2.7691e+01 -2.7699e+01 -2.8058e+01 -5.0115e+01
-2.7690e+01 -2.7684e+01 -2.7663e+01 -2.9386e+01
# New trial
-2.7680e+01 -2.7612e+01 -3.0447e+01 -1.0878e+02
-2.7687e+01 -2.7662e+01 -2.8439e+01 -7.0346e+01
-2.7689e+01 -2.7676e+01 -2.7702e+01 -4.0040e+01
-2.7690e+01 -2.7686e+01 -2.7662e+01 -2.8146e+01
# New trial
-2.7706e+01 -2.8032e+01 -4.0906e+01 -2.0359e+02
-2.7688e+01 -2.7725e+01 -3.1753e+01 -1.0847e+02
-2.7689e+01 -2.7688e+01 -2.9004e+01 -9.5784e+01
-2.7691e+01 -2.7693e+01 -2.7794e+01 -4.9324e+01
# New trial
-2.7658e+01 -2.7393e+01 -2.8214e+01 -7.3294e+01
-2.7682e+01 -2.7618e+01 -2.8890e+01 -7.4378e+01
-2.7688e+01 -2.7670e+01 -2.7977e+01 -5.4075e+01
-2.7691e+01 -2.7691e+01 -2.7704e+01 -2.9733e+01
# New trial
-2.7676e+01 -2.7594e+01 -3.1205e+01 -1.1293e+02
-2.7668e+01 -2.7505e+01 -2.8069e+01 -6.5257e+01
-2.7680e+01 -2.7593e+01 -2.7360e+01 -3.6316e+01
-2.7689e+01 -2.7675e+01 -2.7674e+01 -4.6830e+01
# New trial
