# 0.1sig - Array shape (trial/sig/alpha): (30, 4, 4)
-1.3800e+02 -1.3405e+02 -1.1141e+02 -2.1069e+02
-1.3793e+02 -1.3342e+02 -1.0523e+02 -8.4363e+01
-1.3778e+02 -1.3202e+02 -1.0895e+02 -3.0943e+02
-1.3815e+02 -1.3551e+02 -1.2477e+02 -4.5144e+02
# New trial
-1.3818e+02 -1.3575e+02 -1.1763e+02 -1.1493e+02
-1.3808e+02 -1.3477e+02 -1.0881e+02 -7.9053e+01
-1.3782e+02 -1.3220e+02 -8.9819e+01 -7.9948e+01
-1.3787e+02 -1.3264e+02 -9.3082e+01 -1.0383e+02
# New trial
-1.3816e+02 -1.3557e+02 -1.1768e+02 -1.4094e+02
-1.3801e+02 -1.3406e+02 -1.0179e+02 -7.8559e+01
-1.3773e+02 -1.3131e+02 -8.8132e+01 -7.9145e+01
-1.3778e+02 -1.3175e+02 -9.5725e+01 -1.6971e+02
# New trial
-1.3811e+02 -1.3507e+02 -1.1472e+02 -2.6699e+02
-1.3803e+02 -1.3422e+02 -1.0311e+02 -7.8810e+01
-1.3776e+02 -1.3161e+02 -8.8761e+01 -8.3596e+01
-1.3776e+02 -1.3151e+02 -8.9821e+01 -7.8465e+01
# New trial
-1.3823e+02 -1.3631e+02 -1.2376e+02 -2.2191e+02
-1.3813e+02 -1.3531e+02 -1.1148e+02 -7.9519e+01
-1.3793e+02 -1.3324e+02 -9.7047e+01 -1.0243e+02
-1.3803e+02 -1.3421e+02 -1.0316e+02 -1.5791e+02
# New trial
-1.3828e+02 -1.3671e+02 -1.2386e+02 -1.2240e+02
-1.3819e+02 -1.3590e+02 -1.1656e+02 -9.0479e+01
-1.3807e+02 -1.3470e+02 -1.0882e+02 -1.2573e+02
-1.3822e+02 -1.3614e+02 -1.1809e+02 -1.9619e+02
# New trial
-1.3820e+02 -1.3592e+02 -1.1640e+02 -9.3121e+01
-1.3812e+02 -1.3520e+02 -1.1093e+02 -8.8892e+01
-1.3795e+02 -1.3343e+02 -1.0174e+02 -1.1776e+02
-1.3804e+02 -1.3438e+02 -1.1685e+02 -3.5843e+02
# New trial
-1.3809e+02 -1.3487e+02 -1.1251e+02 -1.7903e+02
-1.3804e+02 -1.3440e+02 -1.0789e+02 -8.2673e+01
-1.3797e+02 -1.3369e+02 -1.0724e+02 -2.2441e+02
-1.3821e+02 -1.3603e+02 -1.2313e+02 -4.0309e+02
# New trial
-1.3805e+02 -1.3449e+02 -1.0970e+02 -8.6161e+01
-1.3791e+02 -1.3319e+02 -1.0128e+02 -7.9126e+01
-1.3772e+02 -1.3124e+02 -9.0244e+01 -8.2255e+01
-1.3811e+02 -1.3507e+02 -1.0971e+02 -1.4967e+02
# New trial
-1.3816e+02 -1.3551e+02 -1.1269e+02 -8.2401e+01
-1.3806e+02 -1.3451e+02 -1.0516e+02 -7.8660e+01
-1.3780e+02 -1.3201e+02 -8.8769e+01 -7.8571e+01
-1.3791e+02 -1.3301e+02 -9.3748e+01 -7.9466e+01
# New trial
-1.3821e+02 -1.3604e+02 -1.1713e+02 -9.1625e+01
-1.3810e+02 -1.3492e+02 -1.0813e+02 -7.9285e+01
-1.3783e+02 -1.3227e+02 -9.6812e+01 -1.1181e+02
-1.3786e+02 -1.3265e+02 -1.0450e+02 -2.6148e+02
# New trial
-1.3812e+02 -1.3516e+02 -1.1347e+02 -1.3054e+02
-1.3804e+02 -1.3441e+02 -1.0801e+02 -7.9606e+01
-1.3786e+02 -1.3265e+02 -9.8832e+01 -1.2534e+02
-1.3813e+02 -1.3525e+02 -1.1272e+02 -2.3707e+02
# New trial
-1.3816e+02 -1.3557e+02 -1.1612e+02 -1.1219e+02
-1.3810e+02 -1.3502e+02 -1.1158e+02 -1.1422e+02
-1.3797e+02 -1.3376e+02 -1.1256e+02 -2.6678e+02
-1.3818e+02 -1.3578e+02 -1.2158e+02 -3.3372e+02
# New trial
-1.3826e+02 -1.3658e+02 -1.2301e+02 -1.1720e+02
-1.3817e+02 -1.3563e+02 -1.1232e+02 -7.8760e+01
-1.3798e+02 -1.3378e+02 -9.9011e+01 -9.0094e+01
-1.3792e+02 -1.3319e+02 -9.8877e+01 -1.3225e+02
# New trial
-1.3809e+02 -1.3500e+02 -1.2238e+02 -2.3254e+02
-1.3790e+02 -1.3314e+02 -1.0200e+02 -7.8610e+01
-1.3759e+02 -1.3004e+02 -8.7056e+01 -8.3953e+01
-1.3794e+02 -1.3337e+02 -1.0297e+02 -2.1285e+02
# New trial
-1.3806e+02 -1.3469e+02 -1.2695e+02 -3.1807e+02
-1.3792e+02 -1.3324e+02 -1.0178e+02 -7.9143e+01
-1.3761e+02 -1.3036e+02 -1.0280e+02 -2.2711e+02
-1.3782e+02 -1.3225e+02 -1.0735e+02 -3.0213e+02
# New trial
-1.3819e+02 -1.3587e+02 -1.1661e+02 -8.3387e+01
-1.3807e+02 -1.3468e+02 -1.0692e+02 -7.8883e+01
-1.3780e+02 -1.3196e+02 -9.2125e+01 -9.4192e+01
-1.3792e+02 -1.3321e+02 -9.8308e+01 -1.4679e+02
# New trial
-1.3825e+02 -1.3646e+02 -1.2086e+02 -1.4418e+02
-1.3815e+02 -1.3544e+02 -1.1152e+02 -7.8680e+01
-1.3789e+02 -1.3284e+02 -9.1749e+01 -8.2770e+01
-1.3780e+02 -1.3193e+02 -8.7958e+01 -7.9312e+01
# New trial
-1.3821e+02 -1.3599e+02 -1.1540e+02 -8.3315e+01
-1.3813e+02 -1.3525e+02 -1.0981e+02 -8.1771e+01
-1.3798e+02 -1.3376e+02 -1.0066e+02 -1.0344e+02
-1.3808e+02 -1.3471e+02 -1.0628e+02 -1.1839e+02
# New trial
-1.3823e+02 -1.3631e+02 -1.2998e+02 -2.9715e+02
-1.3810e+02 -1.3497e+02 -1.1124e+02 -8.1674e+01
-1.3781e+02 -1.3211e+02 -9.2825e+01 -1.0528e+02
-1.3794e+02 -1.3335e+02 -1.0275e+02 -2.2924e+02
# New trial
-1.3813e+02 -1.3533e+02 -1.1685e+02 -1.5214e+02
-1.3804e+02 -1.3443e+02 -1.0794e+02 -8.4063e+01
-1.3790e+02 -1.3305e+02 -1.0100e+02 -1.3128e+02
-1.3811e+02 -1.3509e+02 -1.1035e+02 -1.7909e+02
# New trial
-1.3818e+02 -1.3579e+02 -1.2108e+02 -2.3395e+02
-1.3810e+02 -1.3493e+02 -1.0992e+02 -8.1278e+01
-1.3790e+02 -1.3303e+02 -9.6801e+01 -9.4596e+01
-1.3806e+02 -1.3458e+02 -1.0902e+02 -2.1759e+02
# New trial
-1.3817e+02 -1.3568e+02 -1.1426e+02 -8.3460e+01
-1.3809e+02 -1.3482e+02 -1.0744e+02 -8.0021e+01
-1.3789e+02 -1.3291e+02 -9.6568e+01 -1.1463e+02
-1.3801e+02 -1.3408e+02 -1.0546e+02 -2.2554e+02
# New trial
-1.3820e+02 -1.3599e+02 -1.1758e+02 -8.9381e+01
-1.3813e+02 -1.3526e+02 -1.1232e+02 -8.6507e+01
-1.3800e+02 -1.3394e+02 -1.0652e+02 -1.5946e+02
-1.3812e+02 -1.3518e+02 -1.1890e+02 -3.7274e+02
# New trial
-1.3824e+02 -1.3634e+02 -1.2070e+02 -1.8386e+02
-1.3821e+02 -1.3599e+02 -1.1653e+02 -8.4587e+01
-1.3810e+02 -1.3490e+02 -1.0627e+02 -8.3417e+01
-1.3817e+02 -1.3563e+02 -1.1267e+02 -1.2397e+02
# New trial
-1.3815e+02 -1.3549e+02 -1.2409e+02 -2.4991e+02
-1.3803e+02 -1.3431e+02 -1.0371e+02 -7.9042e+01
-1.3782e+02 -1.3225e+02 -1.0115e+02 -1.9892e+02
-1.3788e+02 -1.3284e+02 -1.1050e+02 -3.2912e+02
# New trial
-1.3821e+02 -1.3604e+02 -1.1722e+02 -1.0936e+02
-1.3818e+02 -1.3578e+02 -1.1519e+02 -9.6185e+01
-1.3813e+02 -1.3524e+02 -1.1216e+02 -1.5127e+02
-1.3830e+02 -1.3697e+02 -1.2519e+02 -1.6956e+02
# New trial
-1.3813e+02 -1.3526e+02 -1.1712e+02 -1.6775e+02
-1.3802e+02 -1.3416e+02 -1.0508e+02 -7.9907e+01
-1.3772e+02 -1.3128e+02 -9.7215e+01 -1.6591e+02
-1.3784e+02 -1.3243e+02 -1.0443e+02 -2.8800e+02
# New trial
-1.3820e+02 -1.3590e+02 -1.1795e+02 -1.3003e+02
-1.3810e+02 -1.3494e+02 -1.0831e+02 -7.9141e+01
-1.3784e+02 -1.3234e+02 -9.1037e+01 -7.8488e+01
-1.3781e+02 -1.3201e+02 -9.0733e+01 -7.9719e+01
# New trial
-1.3824e+02 -1.3632e+02 -1.1891e+02 -9.2681e+01
-1.3821e+02 -1.3603e+02 -1.1676e+02 -9.4214e+01
-1.3818e+02 -1.3570e+02 -1.1451e+02 -1.3734e+02
-1.3829e+02 -1.3680e+02 -1.2351e+02 -1.8779e+02
# New trial
