# 0.01sig - Array shape (trial/sig/alpha): (30L, 4L, 4L)
-5.5253e+01 -5.4301e+01 -5.9321e+01 -2.2514e+02
-5.5313e+01 -5.4830e+01 -5.9920e+01 -2.2074e+02
-5.5380e+01 -5.5409e+01 -5.9642e+01 -2.2322e+02
-5.5382e+01 -5.5392e+01 -5.5877e+01 -1.1411e+02
# New trial
-5.5174e+01 -5.3594e+01 -5.8969e+01 -2.3286e+02
-5.5268e+01 -5.4411e+01 -5.8188e+01 -1.9335e+02
-5.5355e+01 -5.5159e+01 -5.6111e+01 -1.4255e+02
-5.5380e+01 -5.5371e+01 -5.5786e+01 -1.2531e+02
# New trial
-5.5195e+01 -5.3756e+01 -5.6541e+01 -1.9179e+02
-5.5261e+01 -5.4314e+01 -5.5788e+01 -1.7629e+02
-5.5351e+01 -5.5111e+01 -5.6562e+01 -2.0176e+02
-5.5382e+01 -5.5388e+01 -5.6735e+01 -1.7752e+02
# New trial
-5.5174e+01 -5.3774e+01 -6.5268e+01 -2.9254e+02
-5.5190e+01 -5.3857e+01 -6.1934e+01 -2.4260e+02
-5.5322e+01 -5.4891e+01 -5.6863e+01 -1.8352e+02
-5.5376e+01 -5.5342e+01 -5.6076e+01 -1.6043e+02
# New trial
-5.5317e+01 -5.4901e+01 -6.1422e+01 -2.2569e+02
-5.5323e+01 -5.4920e+01 -6.0241e+01 -2.2219e+02
-5.5348e+01 -5.5080e+01 -5.5199e+01 -1.5294e+02
-5.5376e+01 -5.5337e+01 -5.5387e+01 -1.0477e+02
# New trial
-5.5249e+01 -5.4326e+01 -6.5545e+01 -3.0833e+02
-5.5315e+01 -5.4883e+01 -5.9991e+01 -1.8754e+02
-5.5367e+01 -5.5288e+01 -5.7757e+01 -1.7608e+02
-5.5379e+01 -5.5364e+01 -5.5519e+01 -9.3040e+01
# New trial
-5.5127e+01 -5.3105e+01 -5.1066e+01 -1.3192e+02
-5.5214e+01 -5.3893e+01 -5.2764e+01 -1.2984e+02
-5.5349e+01 -5.5098e+01 -5.5279e+01 -1.3200e+02
-5.5381e+01 -5.5384e+01 -5.5670e+01 -1.1581e+02
# New trial
-5.5126e+01 -5.3240e+01 -5.4511e+01 -1.6344e+02
-5.5226e+01 -5.4033e+01 -5.3832e+01 -1.4187e+02
-5.5360e+01 -5.5190e+01 -5.5480e+01 -1.3712e+02
-5.5382e+01 -5.5392e+01 -5.5837e+01 -1.3290e+02
# New trial
-5.5296e+01 -5.4727e+01 -6.6517e+01 -3.2665e+02
-5.5331e+01 -5.5040e+01 -6.4536e+01 -2.9798e+02
-5.5363e+01 -5.5244e+01 -5.7990e+01 -2.2252e+02
-5.5382e+01 -5.5392e+01 -5.5892e+01 -1.4071e+02
# New trial
-5.5274e+01 -5.4503e+01 -6.2319e+01 -2.5419e+02
-5.5356e+01 -5.5212e+01 -6.0657e+01 -2.1813e+02
-5.5387e+01 -5.5453e+01 -5.7620e+01 -1.5435e+02
-5.5381e+01 -5.5380e+01 -5.5673e+01 -1.2346e+02
# New trial
-5.5154e+01 -5.3400e+01 -5.2566e+01 -1.3916e+02
-5.5264e+01 -5.4396e+01 -5.6456e+01 -1.7730e+02
-5.5359e+01 -5.5213e+01 -6.0432e+01 -2.4553e+02
-5.5384e+01 -5.5411e+01 -5.6237e+01 -1.2726e+02
# New trial
-5.5281e+01 -5.4414e+01 -4.9786e+01 -8.0250e+01
-5.5340e+01 -5.4982e+01 -5.2955e+01 -9.2386e+01
-5.5376e+01 -5.5334e+01 -5.5273e+01 -8.9202e+01
-5.5382e+01 -5.5387e+01 -5.5468e+01 -6.4825e+01
# New trial
-5.5222e+01 -5.3942e+01 -6.0356e+01 -2.4267e+02
-5.5262e+01 -5.4300e+01 -5.5219e+01 -1.8561e+02
-5.5345e+01 -5.5050e+01 -5.4988e+01 -1.7258e+02
-5.5380e+01 -5.5371e+01 -5.5337e+01 -6.8174e+01
# New trial
-5.5290e+01 -5.4515e+01 -5.1944e+01 -1.2002e+02
-5.5297e+01 -5.4583e+01 -5.1677e+01 -1.0436e+02
-5.5353e+01 -5.5113e+01 -5.3919e+01 -1.1808e+02
-5.5380e+01 -5.5364e+01 -5.5321e+01 -7.5660e+01
# New trial
-5.5270e+01 -5.4324e+01 -5.2501e+01 -1.6308e+02
-5.5328e+01 -5.4869e+01 -5.3174e+01 -1.3036e+02
-5.5369e+01 -5.5265e+01 -5.5016e+01 -1.2231e+02
-5.5380e+01 -5.5368e+01 -5.5357e+01 -8.2228e+01
# New trial
-5.5175e+01 -5.3648e+01 -5.9075e+01 -2.3139e+02
-5.5273e+01 -5.4501e+01 -5.8227e+01 -1.9016e+02
-5.5358e+01 -5.5209e+01 -5.7611e+01 -1.9052e+02
-5.5378e+01 -5.5360e+01 -5.5639e+01 -8.3451e+01
# New trial
-5.5158e+01 -5.3337e+01 -4.8318e+01 -9.3453e+01
-5.5210e+01 -5.3839e+01 -4.9732e+01 -9.2738e+01
-5.5336e+01 -5.4989e+01 -5.5723e+01 -1.6932e+02
-5.5378e+01 -5.5358e+01 -5.5614e+01 -1.0985e+02
# New trial
-5.5309e+01 -5.5223e+01 -7.7844e+01 -3.8744e+02
-5.5308e+01 -5.4918e+01 -6.5173e+01 -2.7845e+02
-5.5366e+01 -5.5287e+01 -5.9918e+01 -2.3679e+02
-5.5386e+01 -5.5430e+01 -5.9209e+01 -2.6466e+02
# New trial
-5.5258e+01 -5.4203e+01 -5.1077e+01 -1.3141e+02
-5.5317e+01 -5.4766e+01 -5.2355e+01 -9.2325e+01
-5.5367e+01 -5.5246e+01 -5.4517e+01 -7.5990e+01
-5.5379e+01 -5.5356e+01 -5.5208e+01 -5.5838e+01
# New trial
-5.5270e+01 -5.4346e+01 -5.3995e+01 -1.8019e+02
-5.5331e+01 -5.4926e+01 -5.5257e+01 -1.4610e+02
-5.5367e+01 -5.5256e+01 -5.5879e+01 -1.6342e+02
-5.5380e+01 -5.5364e+01 -5.5357e+01 -8.8309e+01
# New trial
-5.5262e+01 -5.4269e+01 -5.5353e+01 -1.9172e+02
-5.5314e+01 -5.4766e+01 -5.3735e+01 -1.0594e+02
-5.5368e+01 -5.5267e+01 -5.6072e+01 -1.2336e+02
-5.5378e+01 -5.5356e+01 -5.5344e+01 -7.0148e+01
# New trial
-5.5206e+01 -5.3834e+01 -6.2228e+01 -2.7092e+02
-5.5293e+01 -5.4614e+01 -5.7438e+01 -1.7842e+02
-5.5360e+01 -5.5208e+01 -5.7441e+01 -1.9465e+02
-5.5378e+01 -5.5351e+01 -5.5280e+01 -6.6533e+01
# New trial
-5.5265e+01 -5.4310e+01 -5.6673e+01 -1.9858e+02
-5.5321e+01 -5.4837e+01 -5.5776e+01 -1.4187e+02
-5.5369e+01 -5.5276e+01 -5.5991e+01 -1.3242e+02
-5.5379e+01 -5.5362e+01 -5.5291e+01 -6.1613e+01
# New trial
-5.5256e+01 -5.4477e+01 -6.6219e+01 -2.9147e+02
-5.5293e+01 -5.4753e+01 -6.2667e+01 -2.2196e+02
-5.5351e+01 -5.5129e+01 -5.5945e+01 -1.3376e+02
-5.5380e+01 -5.5370e+01 -5.5483e+01 -8.5291e+01
# New trial
-5.5320e+01 -5.4855e+01 -5.8993e+01 -2.2100e+02
-5.5357e+01 -5.5213e+01 -5.9387e+01 -1.7919e+02
-5.5373e+01 -5.5331e+01 -5.6832e+01 -1.4312e+02
-5.5377e+01 -5.5342e+01 -5.5324e+01 -6.6541e+01
# New trial
-5.5209e+01 -5.3808e+01 -5.5989e+01 -2.1977e+02
-5.5267e+01 -5.4329e+01 -5.3232e+01 -1.4241e+02
-5.5356e+01 -5.5157e+01 -5.5414e+01 -1.3059e+02
-5.5380e+01 -5.5367e+01 -5.5408e+01 -7.2596e+01
# New trial
-5.5284e+01 -5.4589e+01 -6.1093e+01 -2.2835e+02
-5.5319e+01 -5.4887e+01 -5.9230e+01 -1.8573e+02
-5.5362e+01 -5.5227e+01 -5.8009e+01 -1.8468e+02
-5.5379e+01 -5.5360e+01 -5.5806e+01 -1.3606e+02
# New trial
-5.5205e+01 -5.3770e+01 -5.2518e+01 -1.3605e+02
-5.5230e+01 -5.4006e+01 -5.0872e+01 -1.0635e+02
-5.5333e+01 -5.4944e+01 -5.4241e+01 -1.3354e+02
-5.5381e+01 -5.5374e+01 -5.5412e+01 -9.4663e+01
# New trial
-5.5146e+01 -5.3174e+01 -4.9138e+01 -1.4086e+02
-5.5268e+01 -5.4308e+01 -5.0569e+01 -9.9945e+01
-5.5365e+01 -5.5231e+01 -5.5460e+01 -1.2737e+02
-5.5382e+01 -5.5386e+01 -5.5700e+01 -1.3305e+02
# New trial
-5.5228e+01 -5.4215e+01 -7.3563e+01 -4.0004e+02
-5.5309e+01 -5.4820e+01 -6.1263e+01 -2.2351e+02
-5.5363e+01 -5.5238e+01 -5.7197e+01 -1.8340e+02
-5.5378e+01 -5.5349e+01 -5.6319e+01 -1.9703e+02
# New trial
