# 0.01sig - Array shape (trial/sig/alpha): (30, 4, 4)
-1.2851e+02 -1.2231e+02 -8.4615e+01 -7.4886e+01
-1.2849e+02 -1.2216e+02 -8.4302e+01 -1.1093e+02
-1.2857e+02 -1.2283e+02 -9.1245e+01 -2.8740e+02
-1.2903e+02 -1.2734e+02 -1.1760e+02 -5.0039e+02
# New trial
-1.2848e+02 -1.2215e+02 -9.0610e+01 -1.4926e+02
-1.2844e+02 -1.2180e+02 -9.2086e+01 -1.7455e+02
-1.2857e+02 -1.2299e+02 -9.5764e+01 -2.8704e+02
-1.2904e+02 -1.2744e+02 -1.1699e+02 -3.6798e+02
# New trial
-1.2848e+02 -1.2209e+02 -8.2958e+01 -5.4215e+01
-1.2839e+02 -1.2116e+02 -8.0124e+01 -9.5746e+01
-1.2831e+02 -1.2039e+02 -8.6657e+01 -3.2569e+02
-1.2888e+02 -1.2583e+02 -1.1185e+02 -4.2042e+02
# New trial
-1.2835e+02 -1.2096e+02 -8.4374e+01 -1.3623e+02
-1.2831e+02 -1.2066e+02 -8.7107e+01 -1.9710e+02
-1.2854e+02 -1.2276e+02 -9.7444e+01 -2.9409e+02
-1.2906e+02 -1.2762e+02 -1.1691e+02 -2.8208e+02
# New trial
-1.2866e+02 -1.2375e+02 -9.0433e+01 -1.0082e+02
-1.2851e+02 -1.2233e+02 -8.1567e+01 -1.0495e+02
-1.2840e+02 -1.2115e+02 -8.3612e+01 -2.6302e+02
-1.2877e+02 -1.2472e+02 -1.0398e+02 -4.1564e+02
# New trial
-1.2853e+02 -1.2253e+02 -8.6581e+01 -1.1878e+02
-1.2845e+02 -1.2181e+02 -8.2564e+01 -1.1575e+02
-1.2842e+02 -1.2136e+02 -8.1026e+01 -2.4482e+02
-1.2895e+02 -1.2652e+02 -1.0516e+02 -1.2788e+02
# New trial
-1.2857e+02 -1.2296e+02 -9.3798e+01 -1.2639e+02
-1.2851e+02 -1.2245e+02 -9.5149e+01 -1.6810e+02
-1.2870e+02 -1.2422e+02 -1.0558e+02 -3.2326e+02
-1.2912e+02 -1.2820e+02 -1.2284e+02 -3.2065e+02
# New trial
-1.2847e+02 -1.2204e+02 -8.5114e+01 -6.1635e+01
-1.2846e+02 -1.2189e+02 -8.4687e+01 -1.0554e+02
-1.2848e+02 -1.2203e+02 -9.4472e+01 -3.1732e+02
-1.2894e+02 -1.2642e+02 -1.1306e+02 -3.7690e+02
# New trial
-1.2847e+02 -1.2205e+02 -8.7807e+01 -1.5487e+02
-1.2836e+02 -1.2090e+02 -8.3917e+01 -1.9337e+02
-1.2822e+02 -1.1949e+02 -8.5887e+01 -3.2708e+02
-1.2888e+02 -1.2587e+02 -1.0734e+02 -3.7803e+02
# New trial
-1.2845e+02 -1.2186e+02 -8.7806e+01 -1.1898e+02
-1.2848e+02 -1.2216e+02 -9.1944e+01 -2.0393e+02
-1.2865e+02 -1.2376e+02 -1.0620e+02 -4.3866e+02
-1.2911e+02 -1.2815e+02 -1.2480e+02 -4.2699e+02
# New trial
-1.2837e+02 -1.2132e+02 -8.9999e+01 -1.3817e+02
-1.2837e+02 -1.2136e+02 -9.9605e+01 -3.2342e+02
-1.2860e+02 -1.2346e+02 -1.2369e+02 -6.5824e+02
-1.2915e+02 -1.2855e+02 -1.2903e+02 -4.9624e+02
# New trial
-1.2875e+02 -1.2460e+02 -9.2369e+01 -7.0003e+01
-1.2880e+02 -1.2506e+02 -9.5157e+01 -1.0453e+02
-1.2886e+02 -1.2562e+02 -9.9135e+01 -1.7583e+02
-1.2907e+02 -1.2773e+02 -1.1602e+02 -1.9796e+02
# New trial
-1.2852e+02 -1.2237e+02 -8.3539e+01 -1.1412e+02
-1.2841e+02 -1.2132e+02 -7.7310e+01 -1.3562e+02
-1.2825e+02 -1.1964e+02 -7.5076e+01 -2.1697e+02
-1.2880e+02 -1.2502e+02 -9.8264e+01 -2.7613e+02
# New trial
-1.2879e+02 -1.2498e+02 -9.6224e+01 -8.2350e+01
-1.2870e+02 -1.2408e+02 -8.8316e+01 -7.6189e+01
-1.2862e+02 -1.2325e+02 -8.2168e+01 -1.2584e+02
-1.2888e+02 -1.2576e+02 -9.8229e+01 -1.0622e+02
# New trial
-1.2869e+02 -1.2401e+02 -8.8388e+01 -1.0667e+02
-1.2870e+02 -1.2407e+02 -8.7713e+01 -1.0641e+02
-1.2872e+02 -1.2423e+02 -8.9864e+01 -2.0549e+02
-1.2901e+02 -1.2707e+02 -1.1196e+02 -3.2124e+02
# New trial
-1.2828e+02 -1.2032e+02 -7.9082e+01 -7.7796e+01
-1.2830e+02 -1.2060e+02 -8.6107e+01 -1.7341e+02
-1.2852e+02 -1.2256e+02 -1.0841e+02 -4.8351e+02
-1.2908e+02 -1.2781e+02 -1.2270e+02 -4.1291e+02
# New trial
-1.2849e+02 -1.2205e+02 -8.0311e+01 -9.6781e+01
-1.2844e+02 -1.2165e+02 -8.3204e+01 -1.5510e+02
-1.2854e+02 -1.2262e+02 -8.8909e+01 -2.5887e+02
-1.2902e+02 -1.2723e+02 -1.1505e+02 -2.6225e+02
# New trial
-1.2841e+02 -1.2173e+02 -9.2504e+01 -1.5735e+02
-1.2840e+02 -1.2163e+02 -9.3953e+01 -2.5576e+02
-1.2855e+02 -1.2288e+02 -1.0509e+02 -4.8762e+02
-1.2906e+02 -1.2765e+02 -1.2010e+02 -4.8207e+02
# New trial
-1.2882e+02 -1.2526e+02 -9.6233e+01 -8.8061e+01
-1.2879e+02 -1.2492e+02 -9.2223e+01 -7.7069e+01
-1.2870e+02 -1.2406e+02 -8.4695e+01 -1.1624e+02
-1.2890e+02 -1.2595e+02 -9.9214e+01 -1.1601e+02
# New trial
-1.2860e+02 -1.2311e+02 -8.9063e+01 -1.3126e+02
-1.2859e+02 -1.2310e+02 -8.8353e+01 -1.3977e+02
-1.2866e+02 -1.2377e+02 -9.8570e+01 -3.3243e+02
-1.2902e+02 -1.2728e+02 -1.1836e+02 -4.1343e+02
# New trial
-1.2815e+02 -1.1925e+02 -7.9312e+01 -9.2300e+01
-1.2814e+02 -1.1937e+02 -8.6515e+01 -1.5337e+02
-1.2851e+02 -1.2271e+02 -1.0281e+02 -3.5033e+02
-1.2912e+02 -1.2832e+02 -1.2628e+02 -4.3209e+02
# New trial
-1.2851e+02 -1.2230e+02 -8.7736e+01 -1.3281e+02
-1.2850e+02 -1.2222e+02 -8.5614e+01 -1.3562e+02
-1.2857e+02 -1.2292e+02 -9.1398e+01 -2.5176e+02
-1.2904e+02 -1.2742e+02 -1.1567e+02 -3.0704e+02
# New trial
-1.2882e+02 -1.2528e+02 -1.0057e+02 -1.2266e+02
-1.2878e+02 -1.2489e+02 -9.8113e+01 -1.4366e+02
-1.2872e+02 -1.2428e+02 -9.2658e+01 -1.7749e+02
-1.2888e+02 -1.2583e+02 -1.0408e+02 -3.0535e+02
# New trial
-1.2813e+02 -1.1920e+02 -8.4185e+01 -1.4594e+02
-1.2817e+02 -1.1980e+02 -9.3266e+01 -2.1952e+02
-1.2863e+02 -1.2387e+02 -1.1367e+02 -4.7196e+02
-1.2914e+02 -1.2848e+02 -1.2449e+02 -2.7170e+02
# New trial
-1.2867e+02 -1.2387e+02 -9.3375e+01 -1.2299e+02
-1.2855e+02 -1.2281e+02 -9.1670e+01 -1.4343e+02
-1.2847e+02 -1.2203e+02 -9.3226e+01 -3.1368e+02
-1.2897e+02 -1.2677e+02 -1.1190e+02 -3.4315e+02
# New trial
-1.2864e+02 -1.2360e+02 -9.4324e+01 -1.5783e+02
-1.2866e+02 -1.2380e+02 -9.4676e+01 -1.6797e+02
-1.2871e+02 -1.2419e+02 -9.8256e+01 -2.9401e+02
-1.2906e+02 -1.2759e+02 -1.1627e+02 -2.9197e+02
# New trial
-1.2872e+02 -1.2429e+02 -9.3743e+01 -1.1680e+02
-1.2861e+02 -1.2326e+02 -8.8236e+01 -1.0406e+02
-1.2856e+02 -1.2270e+02 -9.1190e+01 -2.9964e+02
-1.2888e+02 -1.2582e+02 -1.1579e+02 -5.0612e+02
# New trial
-1.2871e+02 -1.2423e+02 -9.1010e+01 -8.2836e+01
-1.2855e+02 -1.2272e+02 -8.3468e+01 -7.6537e+01
-1.2841e+02 -1.2129e+02 -8.1986e+01 -2.0823e+02
-1.2882e+02 -1.2526e+02 -1.0727e+02 -4.4657e+02
# New trial
-1.2870e+02 -1.2411e+02 -9.4045e+01 -1.0654e+02
-1.2874e+02 -1.2452e+02 -9.4234e+01 -9.6182e+01
-1.2878e+02 -1.2486e+02 -9.5445e+01 -1.8521e+02
-1.2904e+02 -1.2743e+02 -1.1447e+02 -3.2024e+02
# New trial
-1.2856e+02 -1.2290e+02 -9.6591e+01 -2.1295e+02
-1.2857e+02 -1.2293e+02 -9.2171e+01 -2.0035e+02
-1.2865e+02 -1.2369e+02 -1.0107e+02 -3.6304e+02
-1.2905e+02 -1.2755e+02 -1.1889e+02 -4.0538e+02
# New trial
