# 0.01sig - Array shape (trial/sig/alpha): (30L, 4L, 4L)
-9.6857e+01 -9.6319e+01 -9.2305e+01 -8.7845e+01
-9.6852e+01 -9.6273e+01 -9.2252e+01 -9.3932e+01
-9.6856e+01 -9.6317e+01 -9.3444e+01 -1.2902e+02
-9.6895e+01 -9.6695e+01 -9.5219e+01 -1.2647e+02
# New trial
-9.6849e+01 -9.6244e+01 -9.1842e+01 -8.8163e+01
-9.6836e+01 -9.6123e+01 -9.1578e+01 -8.8538e+01
-9.6834e+01 -9.6102e+01 -9.1384e+01 -9.2980e+01
-9.6896e+01 -9.6707e+01 -9.5196e+01 -1.0822e+02
# New trial
-9.6845e+01 -9.6211e+01 -9.1767e+01 -8.7845e+01
-9.6822e+01 -9.5988e+01 -9.0928e+01 -8.7818e+01
-9.6789e+01 -9.5665e+01 -9.0353e+01 -9.7159e+01
-9.6860e+01 -9.6354e+01 -9.3529e+01 -1.3011e+02
# New trial
-9.6809e+01 -9.5862e+01 -9.0150e+01 -8.7689e+01
-9.6810e+01 -9.5902e+01 -9.2117e+01 -1.1123e+02
-9.6843e+01 -9.6226e+01 -9.5673e+01 -1.4983e+02
-9.6910e+01 -9.6855e+01 -9.7186e+01 -1.4450e+02
# New trial
-9.6855e+01 -9.6299e+01 -9.1763e+01 -8.7693e+01
-9.6834e+01 -9.6092e+01 -9.0416e+01 -8.7694e+01
-9.6802e+01 -9.5780e+01 -8.9265e+01 -8.8582e+01
-9.6858e+01 -9.6322e+01 -9.1732e+01 -9.8560e+01
# New trial
-9.6853e+01 -9.6280e+01 -9.1465e+01 -8.7688e+01
-9.6820e+01 -9.5963e+01 -9.0155e+01 -8.7696e+01
-9.6781e+01 -9.5574e+01 -8.8583e+01 -8.7687e+01
-9.6879e+01 -9.6535e+01 -9.3884e+01 -1.2077e+02
# New trial
-9.6858e+01 -9.6333e+01 -9.2333e+01 -8.7991e+01
-9.6843e+01 -9.6189e+01 -9.1955e+01 -8.8090e+01
-9.6834e+01 -9.6105e+01 -9.0797e+01 -8.7691e+01
-9.6897e+01 -9.6716e+01 -9.5024e+01 -9.4316e+01
# New trial
-9.6852e+01 -9.6270e+01 -9.1773e+01 -8.7784e+01
-9.6839e+01 -9.6147e+01 -9.1103e+01 -8.8078e+01
-9.6832e+01 -9.6080e+01 -9.1218e+01 -9.6355e+01
-9.6890e+01 -9.6648e+01 -9.5430e+01 -1.4636e+02
# New trial
-9.6843e+01 -9.6181e+01 -9.1153e+01 -8.7727e+01
-9.6812e+01 -9.5885e+01 -8.9569e+01 -8.7692e+01
-9.6742e+01 -9.5201e+01 -8.8349e+01 -8.7687e+01
-9.6845e+01 -9.6197e+01 -9.1700e+01 -1.1248e+02
# New trial
-9.6850e+01 -9.6258e+01 -9.2283e+01 -8.8018e+01
-9.6824e+01 -9.6011e+01 -9.0960e+01 -8.7806e+01
-9.6794e+01 -9.5715e+01 -9.0031e+01 -8.8215e+01
-9.6887e+01 -9.6622e+01 -9.4910e+01 -1.2906e+02
# New trial
-9.6825e+01 -9.6038e+01 -9.1923e+01 -8.7762e+01
-9.6809e+01 -9.5905e+01 -9.1937e+01 -9.8477e+01
-9.6823e+01 -9.6032e+01 -9.3962e+01 -1.3546e+02
-9.6909e+01 -9.6833e+01 -9.6459e+01 -1.2721e+02
# New trial
-9.6871e+01 -9.6456e+01 -9.2782e+01 -8.7696e+01
-9.6869e+01 -9.6439e+01 -9.2713e+01 -8.7912e+01
-9.6875e+01 -9.6501e+01 -9.3355e+01 -9.4198e+01
-9.6910e+01 -9.6847e+01 -9.6384e+01 -1.2240e+02
# New trial
-9.6860e+01 -9.6350e+01 -9.2421e+01 -9.0537e+01
-9.6841e+01 -9.6169e+01 -9.2054e+01 -9.6282e+01
-9.6803e+01 -9.5802e+01 -9.2656e+01 -1.1816e+02
-9.6858e+01 -9.6336e+01 -9.3612e+01 -1.3109e+02
# New trial
-9.6876e+01 -9.6504e+01 -9.3393e+01 -9.0972e+01
-9.6863e+01 -9.6381e+01 -9.2562e+01 -9.0161e+01
-9.6855e+01 -9.6302e+01 -9.2798e+01 -1.1796e+02
-9.6899e+01 -9.6733e+01 -9.6900e+01 -1.6951e+02
# New trial
-9.6863e+01 -9.6375e+01 -9.2150e+01 -8.8687e+01
-9.6852e+01 -9.6266e+01 -9.1490e+01 -8.9789e+01
-9.6827e+01 -9.6021e+01 -9.0900e+01 -1.0634e+02
-9.6867e+01 -9.6415e+01 -9.3100e+01 -1.1998e+02
# New trial
-9.6825e+01 -9.6023e+01 -9.0836e+01 -8.7705e+01
-9.6809e+01 -9.5880e+01 -9.0736e+01 -8.8033e+01
-9.6796e+01 -9.5762e+01 -9.0449e+01 -9.1982e+01
-9.6887e+01 -9.6622e+01 -9.4925e+01 -1.3140e+02
# New trial
-9.6849e+01 -9.6249e+01 -9.1931e+01 -8.8326e+01
-9.6844e+01 -9.6208e+01 -9.2526e+01 -9.5229e+01
-9.6853e+01 -9.6304e+01 -9.4074e+01 -1.2870e+02
-9.6902e+01 -9.6770e+01 -9.5822e+01 -1.1148e+02
# New trial
-9.6822e+01 -9.5993e+01 -9.0654e+01 -8.7690e+01
-9.6797e+01 -9.5765e+01 -8.9635e+01 -8.7687e+01
-9.6793e+01 -9.5730e+01 -9.0770e+01 -1.0217e+02
-9.6899e+01 -9.6747e+01 -9.6000e+01 -1.3471e+02
# New trial
-9.6882e+01 -9.6568e+01 -9.3566e+01 -8.7953e+01
-9.6874e+01 -9.6480e+01 -9.2842e+01 -8.8964e+01
-9.6854e+01 -9.6283e+01 -9.1579e+01 -9.5248e+01
-9.6875e+01 -9.6492e+01 -9.3073e+01 -1.0017e+02
# New trial
-9.6850e+01 -9.6252e+01 -9.2091e+01 -8.8384e+01
-9.6832e+01 -9.6086e+01 -9.1313e+01 -8.8364e+01
-9.6825e+01 -9.6010e+01 -9.1217e+01 -1.0376e+02
-9.6891e+01 -9.6654e+01 -9.4611e+01 -1.0244e+02
# New trial
-9.6800e+01 -9.5816e+01 -9.1127e+01 -8.7791e+01
-9.6773e+01 -9.5585e+01 -9.0631e+01 -8.8145e+01
-9.6786e+01 -9.5663e+01 -8.9717e+01 -8.7694e+01
-9.6900e+01 -9.6747e+01 -9.5671e+01 -1.3050e+02
# New trial
-9.6866e+01 -9.6409e+01 -9.3225e+01 -9.8252e+01
-9.6853e+01 -9.6291e+01 -9.3359e+01 -1.1070e+02
-9.6857e+01 -9.6334e+01 -9.4523e+01 -1.2981e+02
-9.6907e+01 -9.6818e+01 -9.6202e+01 -1.1955e+02
# New trial
-9.6882e+01 -9.6562e+01 -9.3594e+01 -8.8613e+01
-9.6869e+01 -9.6433e+01 -9.2609e+01 -8.8099e+01
-9.6846e+01 -9.6210e+01 -9.1191e+01 -9.6875e+01
-9.6871e+01 -9.6458e+01 -9.4060e+01 -1.4025e+02
# New trial
-9.6788e+01 -9.5700e+01 -9.0409e+01 -8.7764e+01
-9.6788e+01 -9.5738e+01 -9.2416e+01 -1.0661e+02
-9.6855e+01 -9.6371e+01 -9.6501e+01 -1.4669e+02
-9.6911e+01 -9.6876e+01 -9.7268e+01 -1.4445e+02
# New trial
-9.6871e+01 -9.6463e+01 -9.3345e+01 -9.1898e+01
-9.6848e+01 -9.6240e+01 -9.2343e+01 -9.4305e+01
-9.6836e+01 -9.6130e+01 -9.2504e+01 -1.0515e+02
-9.6902e+01 -9.6767e+01 -9.6043e+01 -1.4046e+02
# New trial
-9.6870e+01 -9.6445e+01 -9.2876e+01 -8.9131e+01
-9.6857e+01 -9.6322e+01 -9.2221e+01 -8.9295e+01
-9.6845e+01 -9.6207e+01 -9.2223e+01 -1.1012e+02
-9.6893e+01 -9.6674e+01 -9.4901e+01 -1.1729e+02
# New trial
-9.6874e+01 -9.6490e+01 -9.3207e+01 -8.8609e+01
-9.6854e+01 -9.6295e+01 -9.2167e+01 -8.8608e+01
-9.6821e+01 -9.5974e+01 -9.0578e+01 -9.3623e+01
-9.6860e+01 -9.6347e+01 -9.2501e+01 -1.0656e+02
# New trial
-9.6873e+01 -9.6472e+01 -9.3041e+01 -8.8833e+01
-9.6855e+01 -9.6307e+01 -9.2251e+01 -9.0043e+01
-9.6847e+01 -9.6234e+01 -9.4000e+01 -1.3377e+02
-9.6898e+01 -9.6732e+01 -9.6112e+01 -1.4049e+02
# New trial
-9.6880e+01 -9.6549e+01 -9.3658e+01 -8.8074e+01
-9.6871e+01 -9.6456e+01 -9.2883e+01 -8.7872e+01
-9.6850e+01 -9.6250e+01 -9.1183e+01 -8.7720e+01
-9.6884e+01 -9.6580e+01 -9.3773e+01 -9.5943e+01
# New trial
-9.6864e+01 -9.6396e+01 -9.3021e+01 -1.0412e+02
-9.6850e+01 -9.6253e+01 -9.2609e+01 -1.1018e+02
-9.6851e+01 -9.6276e+01 -9.5912e+01 -1.6231e+02
-9.6906e+01 -9.6806e+01 -9.6452e+01 -1.3924e+02
# New trial
