# 0.01sig - Array shape (trial/sig/alpha): (30, 4, 4)
-1.4760e+02 -1.4689e+02 -1.4128e+02 -1.3438e+02
-1.4759e+02 -1.4676e+02 -1.4075e+02 -1.3832e+02
-1.4758e+02 -1.4663e+02 -1.4136e+02 -1.6388e+02
-1.4764e+02 -1.4726e+02 -1.4474e+02 -1.8858e+02
# New trial
-1.4761e+02 -1.4698e+02 -1.4210e+02 -1.3484e+02
-1.4759e+02 -1.4679e+02 -1.4139e+02 -1.3563e+02
-1.4755e+02 -1.4635e+02 -1.3842e+02 -1.3406e+02
-1.4760e+02 -1.4682e+02 -1.4028e+02 -1.3969e+02
# New trial
-1.4761e+02 -1.4698e+02 -1.4143e+02 -1.3389e+02
-1.4758e+02 -1.4670e+02 -1.3973e+02 -1.3394e+02
-1.4751e+02 -1.4601e+02 -1.3738e+02 -1.4010e+02
-1.4754e+02 -1.4628e+02 -1.3777e+02 -1.5277e+02
# New trial
-1.4759e+02 -1.4672e+02 -1.3997e+02 -1.3416e+02
-1.4755e+02 -1.4638e+02 -1.3856e+02 -1.3398e+02
-1.4750e+02 -1.4586e+02 -1.3653e+02 -1.3395e+02
-1.4760e+02 -1.4688e+02 -1.4117e+02 -1.5344e+02
# New trial
-1.4763e+02 -1.4710e+02 -1.4240e+02 -1.3503e+02
-1.4761e+02 -1.4694e+02 -1.4144e+02 -1.4362e+02
-1.4758e+02 -1.4662e+02 -1.4198e+02 -1.9436e+02
-1.4761e+02 -1.4695e+02 -1.4449e+02 -2.2136e+02
# New trial
-1.4763e+02 -1.4710e+02 -1.4219e+02 -1.3461e+02
-1.4759e+02 -1.4679e+02 -1.4012e+02 -1.3423e+02
-1.4752e+02 -1.4604e+02 -1.3647e+02 -1.3388e+02
-1.4754e+02 -1.4622e+02 -1.3824e+02 -1.6026e+02
# New trial
-1.4762e+02 -1.4708e+02 -1.4233e+02 -1.3430e+02
-1.4760e+02 -1.4690e+02 -1.4144e+02 -1.3453e+02
-1.4757e+02 -1.4661e+02 -1.4017e+02 -1.4168e+02
-1.4762e+02 -1.4707e+02 -1.4255e+02 -1.5681e+02
# New trial
-1.4762e+02 -1.4705e+02 -1.4206e+02 -1.3503e+02
-1.4760e+02 -1.4685e+02 -1.4066e+02 -1.3451e+02
-1.4755e+02 -1.4632e+02 -1.3760e+02 -1.3426e+02
-1.4758e+02 -1.4661e+02 -1.3903e+02 -1.5046e+02
# New trial
-1.4761e+02 -1.4699e+02 -1.4177e+02 -1.3427e+02
-1.4758e+02 -1.4670e+02 -1.3977e+02 -1.3408e+02
-1.4749e+02 -1.4580e+02 -1.3655e+02 -1.3394e+02
-1.4751e+02 -1.4601e+02 -1.3675e+02 -1.3558e+02
# New trial
-1.4760e+02 -1.4690e+02 -1.4112e+02 -1.3392e+02
-1.4758e+02 -1.4665e+02 -1.3974e+02 -1.3397e+02
-1.4752e+02 -1.4608e+02 -1.3667e+02 -1.3384e+02
-1.4759e+02 -1.4680e+02 -1.4041e+02 -1.5035e+02
# New trial
-1.4759e+02 -1.4677e+02 -1.4137e+02 -1.3785e+02
-1.4756e+02 -1.4651e+02 -1.4086e+02 -1.4123e+02
-1.4752e+02 -1.4616e+02 -1.4024e+02 -1.5986e+02
-1.4762e+02 -1.4711e+02 -1.4343e+02 -1.8660e+02
# New trial
-1.4764e+02 -1.4723e+02 -1.4337e+02 -1.3399e+02
-1.4763e+02 -1.4715e+02 -1.4262e+02 -1.3398e+02
-1.4761e+02 -1.4691e+02 -1.4061e+02 -1.3405e+02
-1.4762e+02 -1.4708e+02 -1.4193e+02 -1.3401e+02
# New trial
-1.4762e+02 -1.4707e+02 -1.4202e+02 -1.3431e+02
-1.4760e+02 -1.4682e+02 -1.4023e+02 -1.3427e+02
-1.4752e+02 -1.4603e+02 -1.3660e+02 -1.3416e+02
-1.4750e+02 -1.4582e+02 -1.3601e+02 -1.3621e+02
# New trial
-1.4764e+02 -1.4724e+02 -1.4347e+02 -1.3445e+02
-1.4763e+02 -1.4710e+02 -1.4225e+02 -1.3497e+02
-1.4758e+02 -1.4665e+02 -1.3894e+02 -1.3407e+02
-1.4757e+02 -1.4653e+02 -1.3771e+02 -1.3408e+02
# New trial
-1.4763e+02 -1.4718e+02 -1.4289e+02 -1.3488e+02
-1.4762e+02 -1.4705e+02 -1.4176e+02 -1.3500e+02
-1.4757e+02 -1.4660e+02 -1.3846e+02 -1.3551e+02
-1.4756e+02 -1.4644e+02 -1.3741e+02 -1.3790e+02
# New trial
-1.4760e+02 -1.4685e+02 -1.4113e+02 -1.3449e+02
-1.4757e+02 -1.4660e+02 -1.4024e+02 -1.3471e+02
-1.4753e+02 -1.4617e+02 -1.3851e+02 -1.4016e+02
-1.4761e+02 -1.4696e+02 -1.4172e+02 -1.5197e+02
# New trial
-1.4761e+02 -1.4691e+02 -1.4081e+02 -1.3385e+02
-1.4758e+02 -1.4667e+02 -1.3962e+02 -1.3386e+02
-1.4754e+02 -1.4625e+02 -1.3707e+02 -1.3432e+02
-1.4759e+02 -1.4673e+02 -1.3924e+02 -1.3439e+02
# New trial
-1.4761e+02 -1.4693e+02 -1.4184e+02 -1.3460e+02
-1.4758e+02 -1.4664e+02 -1.4047e+02 -1.3410e+02
-1.4753e+02 -1.4617e+02 -1.3884e+02 -1.3788e+02
-1.4763e+02 -1.4717e+02 -1.4390e+02 -1.8283e+02
# New trial
-1.4759e+02 -1.4679e+02 -1.4170e+02 -1.4646e+02
-1.4757e+02 -1.4656e+02 -1.4118e+02 -1.5130e+02
-1.4761e+02 -1.4693e+02 -1.4537e+02 -2.1548e+02
-1.4768e+02 -1.4762e+02 -1.5285e+02 -3.1179e+02
# New trial
-1.4761e+02 -1.4700e+02 -1.4164e+02 -1.3419e+02
-1.4760e+02 -1.4682e+02 -1.4052e+02 -1.3391e+02
-1.4755e+02 -1.4637e+02 -1.3796e+02 -1.3503e+02
-1.4759e+02 -1.4680e+02 -1.4002e+02 -1.3906e+02
# New trial
-1.4755e+02 -1.4640e+02 -1.3952e+02 -1.3386e+02
-1.4751e+02 -1.4605e+02 -1.3871e+02 -1.3385e+02
-1.4751e+02 -1.4602e+02 -1.3949e+02 -1.4941e+02
-1.4764e+02 -1.4724e+02 -1.4424e+02 -1.7263e+02
# New trial
-1.4763e+02 -1.4712e+02 -1.4246e+02 -1.3390e+02
-1.4761e+02 -1.4691e+02 -1.4098e+02 -1.3387e+02
-1.4757e+02 -1.4654e+02 -1.3895e+02 -1.3670e+02
-1.4761e+02 -1.4697e+02 -1.4154e+02 -1.4864e+02
# New trial
-1.4766e+02 -1.4740e+02 -1.4486e+02 -1.3465e+02
-1.4764e+02 -1.4724e+02 -1.4343e+02 -1.3439e+02
-1.4761e+02 -1.4698e+02 -1.4121e+02 -1.4134e+02
-1.4762e+02 -1.4701e+02 -1.4165e+02 -1.3954e+02
# New trial
-1.4756e+02 -1.4653e+02 -1.4033e+02 -1.3395e+02
-1.4754e+02 -1.4633e+02 -1.4021e+02 -1.3860e+02
-1.4754e+02 -1.4638e+02 -1.4181e+02 -1.8301e+02
-1.4764e+02 -1.4721e+02 -1.4406e+02 -1.8285e+02
# New trial
-1.4764e+02 -1.4722e+02 -1.4356e+02 -1.4021e+02
-1.4761e+02 -1.4698e+02 -1.4225e+02 -1.4671e+02
-1.4756e+02 -1.4650e+02 -1.4057e+02 -1.5615e+02
-1.4761e+02 -1.4700e+02 -1.4338e+02 -2.0594e+02
# New trial
-1.4765e+02 -1.4730e+02 -1.4405e+02 -1.3662e+02
-1.4763e+02 -1.4715e+02 -1.4289e+02 -1.3725e+02
-1.4759e+02 -1.4677e+02 -1.4027e+02 -1.4054e+02
-1.4762e+02 -1.4704e+02 -1.4183e+02 -1.4376e+02
# New trial
-1.4763e+02 -1.4719e+02 -1.4303e+02 -1.3410e+02
-1.4761e+02 -1.4698e+02 -1.4154e+02 -1.3459e+02
-1.4755e+02 -1.4635e+02 -1.3734e+02 -1.3384e+02
-1.4752e+02 -1.4609e+02 -1.3546e+02 -1.3384e+02
# New trial
-1.4763e+02 -1.4713e+02 -1.4248e+02 -1.3518e+02
-1.4760e+02 -1.4688e+02 -1.4065e+02 -1.3765e+02
-1.4754e+02 -1.4624e+02 -1.3717e+02 -1.3440e+02
-1.4755e+02 -1.4640e+02 -1.3793e+02 -1.4292e+02
# New trial
-1.4764e+02 -1.4728e+02 -1.4380e+02 -1.3422e+02
-1.4763e+02 -1.4718e+02 -1.4289e+02 -1.3395e+02
-1.4760e+02 -1.4682e+02 -1.3973e+02 -1.3384e+02
-1.4760e+02 -1.4681e+02 -1.3976e+02 -1.3613e+02
# New trial
-1.4761e+02 -1.4693e+02 -1.4106e+02 -1.3385e+02
-1.4759e+02 -1.4676e+02 -1.3988e+02 -1.3396e+02
-1.4756e+02 -1.4643e+02 -1.3793e+02 -1.3408e+02
-1.4763e+02 -1.4711e+02 -1.4245e+02 -1.5301e+02
# New trial
