# 0.01sig - Array shape (trial/sig/alpha): (30, 4, 4)
-1.7435e+02 -1.6558e+02 -1.2218e+02 -3.6318e+02
-1.7429e+02 -1.6497e+02 -1.1448e+02 -3.4734e+02
-1.7431e+02 -1.6500e+02 -1.0993e+02 -3.8491e+02
-1.7500e+02 -1.7165e+02 -1.4821e+02 -6.1199e+02
# New trial
-1.7429e+02 -1.6528e+02 -1.3464e+02 -4.8249e+02
-1.7425e+02 -1.6466e+02 -1.1839e+02 -3.0474e+02
-1.7428e+02 -1.6486e+02 -1.1223e+02 -3.5595e+02
-1.7496e+02 -1.7127e+02 -1.4117e+02 -3.3776e+02
# New trial
-1.7428e+02 -1.6534e+02 -1.3169e+02 -4.5148e+02
-1.7412e+02 -1.6343e+02 -1.0900e+02 -3.5923e+02
-1.7382e+02 -1.6029e+02 -1.0091e+02 -5.5948e+02
-1.7452e+02 -1.6702e+02 -1.1401e+02 -3.7015e+02
# New trial
-1.7415e+02 -1.6412e+02 -1.3041e+02 -5.2014e+02
-1.7403e+02 -1.6286e+02 -1.1805e+02 -4.6522e+02
-1.7414e+02 -1.6358e+02 -1.1374e+02 -5.4292e+02
-1.7497e+02 -1.7138e+02 -1.4064e+02 -3.0895e+02
# New trial
-1.7466e+02 -1.6862e+02 -1.3754e+02 -4.0485e+02
-1.7443e+02 -1.6630e+02 -1.1858e+02 -3.4631e+02
-1.7412e+02 -1.6310e+02 -9.9373e+01 -3.5609e+02
-1.7445e+02 -1.6629e+02 -1.0707e+02 -1.9280e+02
# New trial
-1.7440e+02 -1.6647e+02 -1.3544e+02 -4.7330e+02
-1.7426e+02 -1.6475e+02 -1.1065e+02 -2.7374e+02
-1.7399e+02 -1.6181e+02 -9.0502e+01 -2.9635e+02
-1.7458e+02 -1.6753e+02 -1.2670e+02 -5.4326e+02
# New trial
-1.7437e+02 -1.6594e+02 -1.3253e+02 -4.0709e+02
-1.7431e+02 -1.6519e+02 -1.1958e+02 -3.1567e+02
-1.7448e+02 -1.6662e+02 -1.1657e+02 -3.8953e+02
-1.7503e+02 -1.7197e+02 -1.4418e+02 -2.1988e+02
# New trial
-1.7430e+02 -1.6529e+02 -1.2120e+02 -3.4319e+02
-1.7428e+02 -1.6481e+02 -1.0728e+02 -2.6960e+02
-1.7418e+02 -1.6362e+02 -9.2606e+01 -2.9674e+02
-1.7470e+02 -1.6873e+02 -1.2285e+02 -3.2471e+02
# New trial
-1.7440e+02 -1.6638e+02 -1.3822e+02 -5.5302e+02
-1.7420e+02 -1.6421e+02 -1.1521e+02 -4.8855e+02
-1.7378e+02 -1.5979e+02 -8.6955e+01 -3.7639e+02
-1.7450e+02 -1.6678e+02 -1.1467e+02 -3.5781e+02
# New trial
-1.7440e+02 -1.6630e+02 -1.3961e+02 -4.9143e+02
-1.7437e+02 -1.6581e+02 -1.2897e+02 -4.4745e+02
-1.7442e+02 -1.6617e+02 -1.2945e+02 -5.3925e+02
-1.7505e+02 -1.7213e+02 -1.5277e+02 -4.9136e+02
# New trial
-1.7409e+02 -1.6348e+02 -1.2129e+02 -3.3134e+02
-1.7406e+02 -1.6316e+02 -1.1851e+02 -3.9833e+02
-1.7420e+02 -1.6432e+02 -1.3452e+02 -7.4520e+02
-1.7507e+02 -1.7244e+02 -1.5570e+02 -5.5614e+02
# New trial
-1.7474e+02 -1.6911e+02 -1.2358e+02 -1.2244e+02
-1.7477e+02 -1.6936e+02 -1.2402e+02 -1.1856e+02
-1.7477e+02 -1.6936e+02 -1.2435e+02 -2.3234e+02
-1.7500e+02 -1.7165e+02 -1.4216e+02 -2.9133e+02
# New trial
-1.7445e+02 -1.6661e+02 -1.3529e+02 -4.5562e+02
-1.7431e+02 -1.6509e+02 -1.1535e+02 -3.9432e+02
-1.7395e+02 -1.6140e+02 -9.9553e+01 -4.2328e+02
-1.7444e+02 -1.6610e+02 -1.1264e+02 -3.7516e+02
# New trial
-1.7475e+02 -1.6928e+02 -1.2756e+02 -1.7260e+02
-1.7464e+02 -1.6818e+02 -1.1660e+02 -1.3992e+02
-1.7444e+02 -1.6615e+02 -1.0235e+02 -2.0686e+02
-1.7467e+02 -1.6837e+02 -1.2090e+02 -3.8314e+02
# New trial
-1.7463e+02 -1.6816e+02 -1.2646e+02 -2.9315e+02
-1.7463e+02 -1.6808e+02 -1.1799e+02 -2.3498e+02
-1.7452e+02 -1.6696e+02 -1.1134e+02 -3.1954e+02
-1.7479e+02 -1.6958e+02 -1.3364e+02 -4.5809e+02
# New trial
-1.7421e+02 -1.6445e+02 -1.2526e+02 -3.7525e+02
-1.7409e+02 -1.6339e+02 -1.1750e+02 -2.9726e+02
-1.7410e+02 -1.6334e+02 -1.1886e+02 -4.4323e+02
-1.7495e+02 -1.7122e+02 -1.4429e+02 -3.8555e+02
# New trial
-1.7425e+02 -1.6475e+02 -1.1119e+02 -2.4543e+02
-1.7423e+02 -1.6444e+02 -1.0821e+02 -2.6610e+02
-1.7424e+02 -1.6441e+02 -1.0531e+02 -3.6964e+02
-1.7487e+02 -1.7044e+02 -1.3764e+02 -4.5493e+02
# New trial
-1.7436e+02 -1.6677e+02 -1.6670e+02 -7.4806e+02
-1.7424e+02 -1.6512e+02 -1.3644e+02 -5.6082e+02
-1.7416e+02 -1.6394e+02 -1.3302e+02 -7.8866e+02
-1.7490e+02 -1.7085e+02 -1.4505e+02 -5.6306e+02
# New trial
-1.7467e+02 -1.6861e+02 -1.3349e+02 -3.2495e+02
-1.7457e+02 -1.6756e+02 -1.2060e+02 -2.2742e+02
-1.7454e+02 -1.6715e+02 -1.2034e+02 -3.7100e+02
-1.7497e+02 -1.7137e+02 -1.4788e+02 -5.2286e+02
# New trial
-1.7452e+02 -1.6705e+02 -1.1902e+02 -3.3984e+02
-1.7448e+02 -1.6668e+02 -1.1461e+02 -2.4850e+02
-1.7444e+02 -1.6621e+02 -1.1149e+02 -3.7602e+02
-1.7492e+02 -1.7088e+02 -1.3747e+02 -3.6672e+02
# New trial
-1.7384e+02 -1.6100e+02 -1.0604e+02 -2.5002e+02
-1.7371e+02 -1.6009e+02 -1.0777e+02 -2.1530e+02
-1.7406e+02 -1.6319e+02 -1.2206e+02 -4.1905e+02
-1.7506e+02 -1.7233e+02 -1.5557e+02 -5.0818e+02
# New trial
-1.7448e+02 -1.6701e+02 -1.4591e+02 -5.5549e+02
-1.7443e+02 -1.6630e+02 -1.2270e+02 -3.1753e+02
-1.7434e+02 -1.6540e+02 -1.1596e+02 -4.1079e+02
-1.7494e+02 -1.7109e+02 -1.4201e+02 -5.1103e+02
# New trial
-1.7484e+02 -1.7022e+02 -1.4999e+02 -4.0438e+02
-1.7477e+02 -1.6945e+02 -1.3231e+02 -2.6726e+02
-1.7459e+02 -1.6765e+02 -1.1053e+02 -2.5223e+02
-1.7472e+02 -1.6885e+02 -1.1790e+02 -1.8179e+02
# New trial
-1.7372e+02 -1.6077e+02 -1.3627e+02 -5.4904e+02
-1.7369e+02 -1.6041e+02 -1.2803e+02 -4.7428e+02
-1.7422e+02 -1.6492e+02 -1.4902e+02 -7.2338e+02
-1.7515e+02 -1.7325e+02 -1.6871e+02 -7.7681e+02
# New trial
-1.7459e+02 -1.6774e+02 -1.2559e+02 -2.6361e+02
-1.7443e+02 -1.6628e+02 -1.1641e+02 -1.9785e+02
-1.7423e+02 -1.6428e+02 -1.0490e+02 -3.4624e+02
-1.7486e+02 -1.7034e+02 -1.3667e+02 -4.6579e+02
# New trial
-1.7456e+02 -1.6769e+02 -1.3776e+02 -4.1862e+02
-1.7457e+02 -1.6764e+02 -1.2630e+02 -2.8171e+02
-1.7454e+02 -1.6724e+02 -1.1662e+02 -3.6322e+02
-1.7496e+02 -1.7126e+02 -1.4072e+02 -3.3946e+02
# New trial
-1.7470e+02 -1.6899e+02 -1.4192e+02 -4.1473e+02
-1.7453e+02 -1.6729e+02 -1.2466e+02 -3.4137e+02
-1.7428e+02 -1.6464e+02 -1.0661e+02 -3.9929e+02
-1.7460e+02 -1.6772e+02 -1.2903e+02 -6.1437e+02
# New trial
-1.7464e+02 -1.6833e+02 -1.3455e+02 -3.5361e+02
-1.7445e+02 -1.6645e+02 -1.1472e+02 -2.2408e+02
-1.7409e+02 -1.6285e+02 -8.8374e+01 -1.9259e+02
-1.7453e+02 -1.6701e+02 -1.0647e+02 -2.2857e+02
# New trial
-1.7472e+02 -1.6925e+02 -1.5287e+02 -5.2342e+02
-1.7472e+02 -1.6896e+02 -1.2989e+02 -2.7742e+02
-1.7468e+02 -1.6852e+02 -1.1978e+02 -3.0148e+02
-1.7499e+02 -1.7160e+02 -1.4359e+02 -3.9569e+02
# New trial
-1.7446e+02 -1.6700e+02 -1.6342e+02 -7.8574e+02
-1.7440e+02 -1.6604e+02 -1.2930e+02 -5.2101e+02
-1.7435e+02 -1.6543e+02 -1.2721e+02 -6.5252e+02
-1.7495e+02 -1.7123e+02 -1.5277e+02 -6.3349e+02
# New trial
