# 0.1sig - Array shape (trial/sig/alpha): (30, 4, 4)
-1.7003e+02 -1.6380e+02 -1.3538e+02 -4.3890e+02
-1.6988e+02 -1.6236e+02 -1.1805e+02 -6.8956e+01
-1.6960e+02 -1.5962e+02 -1.1332e+02 -3.4264e+02
-1.7018e+02 -1.6506e+02 -1.2958e+02 -3.8844e+02
# New trial
-1.7026e+02 -1.6583e+02 -1.3114e+02 -9.6199e+01
-1.7008e+02 -1.6411e+02 -1.1685e+02 -6.1624e+01
-1.6970e+02 -1.6033e+02 -8.8933e+01 -6.8118e+01
-1.6983e+02 -1.6159e+02 -9.7492e+01 -7.6754e+01
# New trial
-1.7023e+02 -1.6563e+02 -1.3643e+02 -2.0682e+02
-1.6997e+02 -1.6298e+02 -1.0868e+02 -6.1398e+01
-1.6945e+02 -1.5778e+02 -8.4956e+01 -1.5378e+02
-1.6942e+02 -1.5749e+02 -1.0259e+02 -4.0554e+02
# New trial
-1.7014e+02 -1.6466e+02 -1.2724e+02 -2.6041e+02
-1.6999e+02 -1.6317e+02 -1.0773e+02 -6.7626e+01
-1.6955e+02 -1.5876e+02 -8.3060e+01 -9.0755e+01
-1.6955e+02 -1.5873e+02 -8.7714e+01 -1.3650e+02
# New trial
-1.7039e+02 -1.6721e+02 -1.4952e+02 -3.5584e+02
-1.7023e+02 -1.6552e+02 -1.2691e+02 -6.5193e+01
-1.6991e+02 -1.6237e+02 -1.0563e+02 -1.2631e+02
-1.7009e+02 -1.6411e+02 -1.1467e+02 -1.7842e+02
# New trial
-1.7042e+02 -1.6736e+02 -1.4149e+02 -1.1152e+02
-1.7026e+02 -1.6587e+02 -1.2867e+02 -7.5825e+01
-1.7000e+02 -1.6325e+02 -1.0825e+02 -9.6462e+01
-1.7025e+02 -1.6569e+02 -1.2425e+02 -1.3889e+02
# New trial
-1.7028e+02 -1.6603e+02 -1.3035e+02 -7.5024e+01
-1.7015e+02 -1.6472e+02 -1.2023e+02 -6.3387e+01
-1.6984e+02 -1.6166e+02 -1.0273e+02 -1.8019e+02
-1.6997e+02 -1.6288e+02 -1.0606e+02 -2.0802e+02
# New trial
-1.7010e+02 -1.6425e+02 -1.2432e+02 -1.4453e+02
-1.7001e+02 -1.6341e+02 -1.1486e+02 -6.5024e+01
-1.6985e+02 -1.6185e+02 -1.0802e+02 -2.4192e+02
-1.7025e+02 -1.6568e+02 -1.2819e+02 -3.1319e+02
# New trial
-1.6998e+02 -1.6326e+02 -1.1970e+02 -8.3535e+01
-1.6975e+02 -1.6104e+02 -1.0787e+02 -6.1987e+01
-1.6941e+02 -1.5775e+02 -9.3550e+01 -1.2959e+02
-1.7008e+02 -1.6413e+02 -1.2651e+02 -4.6761e+02
# New trial
-1.7021e+02 -1.6531e+02 -1.2539e+02 -7.1632e+01
-1.7004e+02 -1.6362e+02 -1.1351e+02 -6.6393e+01
-1.6967e+02 -1.6004e+02 -9.1065e+01 -8.8976e+01
-1.6986e+02 -1.6188e+02 -1.0517e+02 -2.5337e+02
# New trial
-1.7033e+02 -1.6648e+02 -1.3435e+02 -9.3579e+01
-1.7012e+02 -1.6443e+02 -1.1882e+02 -6.2450e+01
-1.6959e+02 -1.5922e+02 -9.3154e+01 -1.0751e+02
-1.6960e+02 -1.5935e+02 -1.1614e+02 -4.8271e+02
# New trial
-1.7020e+02 -1.6529e+02 -1.3379e+02 -2.3405e+02
-1.7003e+02 -1.6371e+02 -1.2094e+02 -6.9902e+01
-1.6973e+02 -1.6076e+02 -1.1397e+02 -3.0046e+02
-1.7015e+02 -1.6476e+02 -1.2831e+02 -3.3813e+02
# New trial
-1.7017e+02 -1.6493e+02 -1.2532e+02 -1.6215e+02
-1.7006e+02 -1.6388e+02 -1.1256e+02 -6.5571e+01
-1.6980e+02 -1.6128e+02 -1.0064e+02 -2.1230e+02
-1.7017e+02 -1.6494e+02 -1.1919e+02 -1.4063e+02
# New trial
-1.7043e+02 -1.6756e+02 -1.4601e+02 -1.4829e+02
-1.7025e+02 -1.6574e+02 -1.2503e+02 -6.1753e+01
-1.6990e+02 -1.6219e+02 -9.7497e+01 -6.1932e+01
-1.6976e+02 -1.6082e+02 -9.4235e+01 -1.3075e+02
# New trial
-1.7011e+02 -1.6463e+02 -1.4031e+02 -3.0334e+02
-1.6980e+02 -1.6152e+02 -1.0623e+02 -6.0795e+01
-1.6930e+02 -1.5650e+02 -8.2429e+01 -9.8395e+01
-1.6988e+02 -1.6207e+02 -1.0538e+02 -2.3663e+02
# New trial
-1.7008e+02 -1.6451e+02 -1.6107e+02 -5.8755e+02
-1.6979e+02 -1.6145e+02 -1.0975e+02 -6.2239e+01
-1.6930e+02 -1.5660e+02 -1.0623e+02 -3.2868e+02
-1.6972e+02 -1.6062e+02 -1.1895e+02 -4.9508e+02
# New trial
-1.7025e+02 -1.6572e+02 -1.2981e+02 -7.1903e+01
-1.7004e+02 -1.6371e+02 -1.1314e+02 -6.2949e+01
-1.6965e+02 -1.5978e+02 -9.4368e+01 -1.5351e+02
-1.6981e+02 -1.6131e+02 -9.9513e+01 -1.7822e+02
# New trial
-1.7038e+02 -1.6700e+02 -1.3813e+02 -1.5294e+02
-1.7019e+02 -1.6507e+02 -1.2018e+02 -6.1470e+01
-1.6976e+02 -1.6080e+02 -8.6345e+01 -6.0689e+01
-1.6965e+02 -1.5971e+02 -8.3187e+01 -6.4257e+01
# New trial
-1.7033e+02 -1.6653e+02 -1.3302e+02 -8.7866e+01
-1.7019e+02 -1.6516e+02 -1.2249e+02 -6.2336e+01
-1.6989e+02 -1.6212e+02 -9.9787e+01 -8.1337e+01
-1.7005e+02 -1.6373e+02 -1.0945e+02 -1.3408e+02
# New trial
-1.7033e+02 -1.6664e+02 -1.5591e+02 -4.8137e+02
-1.7008e+02 -1.6410e+02 -1.1966e+02 -6.4164e+01
-1.6957e+02 -1.5904e+02 -9.1464e+01 -1.6017e+02
-1.6981e+02 -1.6140e+02 -1.1212e+02 -4.2716e+02
# New trial
-1.7017e+02 -1.6508e+02 -1.3462e+02 -2.0424e+02
-1.7003e+02 -1.6356e+02 -1.1492e+02 -6.3849e+01
-1.6977e+02 -1.6105e+02 -1.0169e+02 -1.4286e+02
-1.7012e+02 -1.6442e+02 -1.1895e+02 -2.4146e+02
# New trial
-1.7026e+02 -1.6592e+02 -1.3988e+02 -3.8218e+02
-1.7012e+02 -1.6448e+02 -1.2076e+02 -7.8891e+01
-1.6985e+02 -1.6186e+02 -1.0630e+02 -2.1991e+02
-1.7012e+02 -1.6447e+02 -1.1951e+02 -2.8831e+02
# New trial
-1.7023e+02 -1.6556e+02 -1.2455e+02 -6.3764e+01
-1.7008e+02 -1.6402e+02 -1.1276e+02 -6.3630e+01
-1.6976e+02 -1.6091e+02 -9.8273e+01 -1.7723e+02
-1.6993e+02 -1.6253e+02 -1.1905e+02 -4.8959e+02
# New trial
-1.7029e+02 -1.6616e+02 -1.3151e+02 -9.4399e+01
-1.7015e+02 -1.6477e+02 -1.1965e+02 -6.8936e+01
-1.6989e+02 -1.6215e+02 -9.8435e+01 -8.4209e+01
-1.7013e+02 -1.6453e+02 -1.1491e+02 -7.7860e+01
# New trial
-1.7036e+02 -1.6678e+02 -1.3549e+02 -1.2163e+02
-1.7030e+02 -1.6621e+02 -1.3018e+02 -6.8137e+01
-1.7012e+02 -1.6445e+02 -1.1548e+02 -1.1444e+02
-1.7028e+02 -1.6594e+02 -1.2674e+02 -1.6497e+02
# New trial
-1.7021e+02 -1.6558e+02 -1.4608e+02 -3.4308e+02
-1.6998e+02 -1.6304e+02 -1.0906e+02 -6.3067e+01
-1.6959e+02 -1.5918e+02 -9.5562e+01 -2.1230e+02
-1.6972e+02 -1.6054e+02 -1.0960e+02 -3.9341e+02
# New trial
-1.7029e+02 -1.6610e+02 -1.3233e+02 -1.3943e+02
-1.7025e+02 -1.6574e+02 -1.2834e+02 -9.8531e+01
-1.7018e+02 -1.6507e+02 -1.2521e+02 -2.4190e+02
-1.7046e+02 -1.6784e+02 -1.4652e+02 -3.8532e+02
# New trial
-1.7017e+02 -1.6503e+02 -1.3146e+02 -1.8101e+02
-1.6996e+02 -1.6286e+02 -1.0825e+02 -6.1753e+01
-1.6943e+02 -1.5771e+02 -8.8870e+01 -1.0973e+02
-1.6970e+02 -1.6028e+02 -1.2044e+02 -4.9281e+02
# New trial
-1.7029e+02 -1.6611e+02 -1.3502e+02 -1.4634e+02
-1.7010e+02 -1.6421e+02 -1.1477e+02 -6.0074e+01
-1.6966e+02 -1.5978e+02 -8.2626e+01 -6.7200e+01
-1.6966e+02 -1.5980e+02 -8.6449e+01 -6.4379e+01
# New trial
-1.7036e+02 -1.6684e+02 -1.3689e+02 -1.2028e+02
-1.7030e+02 -1.6623e+02 -1.3109e+02 -8.9297e+01
-1.7022e+02 -1.6544e+02 -1.2442e+02 -1.2964e+02
-1.7044e+02 -1.6753e+02 -1.4030e+02 -1.4760e+02
# New trial
