# 0.1sig - Array shape (trial/sig/alpha): (30, 4, 4)
-1.2902e+02 -1.2728e+02 -1.1606e+02 -1.4568e+02
-1.2900e+02 -1.2706e+02 -1.1532e+02 -1.0225e+02
-1.2893e+02 -1.2645e+02 -1.1379e+02 -1.3115e+02
-1.2908e+02 -1.2786e+02 -1.1860e+02 -1.4583e+02
# New trial
-1.2910e+02 -1.2801e+02 -1.1907e+02 -1.0490e+02
-1.2906e+02 -1.2762e+02 -1.1629e+02 -1.0361e+02
-1.2895e+02 -1.2657e+02 -1.0995e+02 -1.0866e+02
-1.2895e+02 -1.2647e+02 -1.1059e+02 -1.5465e+02
# New trial
-1.2910e+02 -1.2797e+02 -1.1939e+02 -1.1777e+02
-1.2903e+02 -1.2732e+02 -1.1323e+02 -1.0161e+02
-1.2892e+02 -1.2619e+02 -1.0867e+02 -1.1644e+02
-1.2894e+02 -1.2640e+02 -1.1430e+02 -1.8841e+02
# New trial
-1.2907e+02 -1.2774e+02 -1.1879e+02 -1.6592e+02
-1.2904e+02 -1.2739e+02 -1.1318e+02 -1.0176e+02
-1.2894e+02 -1.2645e+02 -1.0737e+02 -1.0460e+02
-1.2895e+02 -1.2647e+02 -1.0907e+02 -1.0276e+02
# New trial
-1.2913e+02 -1.2830e+02 -1.2229e+02 -1.6633e+02
-1.2909e+02 -1.2787e+02 -1.1735e+02 -1.0231e+02
-1.2899e+02 -1.2696e+02 -1.1084e+02 -1.1384e+02
-1.2902e+02 -1.2718e+02 -1.1392e+02 -1.7391e+02
# New trial
-1.2913e+02 -1.2825e+02 -1.2055e+02 -1.0889e+02
-1.2908e+02 -1.2785e+02 -1.1723e+02 -1.0495e+02
-1.2902e+02 -1.2724e+02 -1.1338e+02 -1.2060e+02
-1.2910e+02 -1.2797e+02 -1.1788e+02 -1.2666e+02
# New trial
-1.2911e+02 -1.2807e+02 -1.1872e+02 -1.0155e+02
-1.2908e+02 -1.2776e+02 -1.1604e+02 -1.0154e+02
-1.2900e+02 -1.2703e+02 -1.1109e+02 -1.0250e+02
-1.2904e+02 -1.2741e+02 -1.1552e+02 -1.8330e+02
# New trial
-1.2907e+02 -1.2774e+02 -1.1769e+02 -1.2940e+02
-1.2904e+02 -1.2737e+02 -1.1504e+02 -1.0185e+02
-1.2898e+02 -1.2683e+02 -1.1207e+02 -1.2580e+02
-1.2910e+02 -1.2805e+02 -1.1903e+02 -1.3935e+02
# New trial
-1.2905e+02 -1.2756e+02 -1.1737e+02 -1.1134e+02
-1.2899e+02 -1.2695e+02 -1.1341e+02 -1.0192e+02
-1.2889e+02 -1.2600e+02 -1.1143e+02 -1.2500e+02
-1.2905e+02 -1.2756e+02 -1.2319e+02 -2.5381e+02
# New trial
-1.2909e+02 -1.2793e+02 -1.1753e+02 -1.0232e+02
-1.2905e+02 -1.2749e+02 -1.1434e+02 -1.0175e+02
-1.2895e+02 -1.2653e+02 -1.0961e+02 -1.1210e+02
-1.2902e+02 -1.2717e+02 -1.1358e+02 -1.5003e+02
# New trial
-1.2912e+02 -1.2816e+02 -1.1947e+02 -1.0318e+02
-1.2907e+02 -1.2767e+02 -1.1575e+02 -1.0178e+02
-1.2893e+02 -1.2632e+02 -1.1005e+02 -1.2266e+02
-1.2889e+02 -1.2594e+02 -1.0864e+02 -1.4446e+02
# New trial
-1.2907e+02 -1.2768e+02 -1.1771e+02 -1.1597e+02
-1.2902e+02 -1.2720e+02 -1.1467e+02 -1.0235e+02
-1.2889e+02 -1.2597e+02 -1.0678e+02 -1.0370e+02
-1.2901e+02 -1.2710e+02 -1.1104e+02 -1.0651e+02
# New trial
-1.2910e+02 -1.2804e+02 -1.1888e+02 -1.0525e+02
-1.2908e+02 -1.2776e+02 -1.1704e+02 -1.1409e+02
-1.2902e+02 -1.2721e+02 -1.1704e+02 -1.7776e+02
-1.2912e+02 -1.2820e+02 -1.2214e+02 -2.3832e+02
# New trial
-1.2913e+02 -1.2833e+02 -1.2122e+02 -1.0765e+02
-1.2910e+02 -1.2795e+02 -1.1736e+02 -1.0216e+02
-1.2901e+02 -1.2710e+02 -1.1121e+02 -1.0677e+02
-1.2897e+02 -1.2671e+02 -1.1295e+02 -1.8316e+02
# New trial
-1.2907e+02 -1.2776e+02 -1.2279e+02 -1.8279e+02
-1.2899e+02 -1.2700e+02 -1.1452e+02 -1.0292e+02
-1.2885e+02 -1.2562e+02 -1.0868e+02 -1.1521e+02
-1.2897e+02 -1.2675e+02 -1.1664e+02 -2.0166e+02
# New trial
-1.2906e+02 -1.2771e+02 -1.2380e+02 -2.0933e+02
-1.2899e+02 -1.2697e+02 -1.1275e+02 -1.0153e+02
-1.2881e+02 -1.2520e+02 -1.0693e+02 -1.0682e+02
-1.2887e+02 -1.2571e+02 -1.0934e+02 -1.4080e+02
# New trial
-1.2910e+02 -1.2800e+02 -1.1841e+02 -1.0227e+02
-1.2905e+02 -1.2753e+02 -1.1476e+02 -1.0208e+02
-1.2894e+02 -1.2647e+02 -1.0904e+02 -1.0182e+02
-1.2900e+02 -1.2699e+02 -1.1264e+02 -1.5498e+02
# New trial
-1.2913e+02 -1.2833e+02 -1.2132e+02 -1.3431e+02
-1.2909e+02 -1.2789e+02 -1.1736e+02 -1.0232e+02
-1.2897e+02 -1.2666e+02 -1.0821e+02 -1.0158e+02
-1.2888e+02 -1.2579e+02 -1.0474e+02 -1.0243e+02
# New trial
-1.2912e+02 -1.2817e+02 -1.1961e+02 -1.1611e+02
-1.2909e+02 -1.2786e+02 -1.1723e+02 -1.0173e+02
-1.2903e+02 -1.2730e+02 -1.1444e+02 -1.2147e+02
-1.2908e+02 -1.2782e+02 -1.1704e+02 -1.3258e+02
# New trial
-1.2912e+02 -1.2819e+02 -1.2369e+02 -1.9345e+02
-1.2907e+02 -1.2766e+02 -1.1651e+02 -1.0221e+02
-1.2895e+02 -1.2648e+02 -1.0900e+02 -1.1302e+02
-1.2900e+02 -1.2699e+02 -1.1204e+02 -1.4328e+02
# New trial
-1.2909e+02 -1.2793e+02 -1.1894e+02 -1.0436e+02
-1.2905e+02 -1.2755e+02 -1.1589e+02 -1.0197e+02
-1.2896e+02 -1.2663e+02 -1.0951e+02 -1.0156e+02
-1.2901e+02 -1.2712e+02 -1.1287e+02 -1.4152e+02
# New trial
-1.2910e+02 -1.2804e+02 -1.2084e+02 -1.6185e+02
-1.2907e+02 -1.2769e+02 -1.1677e+02 -1.0363e+02
-1.2899e+02 -1.2689e+02 -1.1288e+02 -1.3187e+02
-1.2904e+02 -1.2746e+02 -1.1693e+02 -1.7873e+02
# New trial
-1.2910e+02 -1.2805e+02 -1.1860e+02 -1.0341e+02
-1.2906e+02 -1.2765e+02 -1.1542e+02 -1.0156e+02
-1.2898e+02 -1.2683e+02 -1.0965e+02 -1.0401e+02
-1.2904e+02 -1.2744e+02 -1.1411e+02 -1.3786e+02
# New trial
-1.2912e+02 -1.2821e+02 -1.2080e+02 -1.1566e+02
-1.2908e+02 -1.2781e+02 -1.1752e+02 -1.0503e+02
-1.2901e+02 -1.2713e+02 -1.1347e+02 -1.2424e+02
-1.2909e+02 -1.2788e+02 -1.2227e+02 -2.4163e+02
# New trial
-1.2912e+02 -1.2815e+02 -1.1967e+02 -1.2720e+02
-1.2911e+02 -1.2809e+02 -1.1919e+02 -1.0670e+02
-1.2908e+02 -1.2782e+02 -1.1749e+02 -1.2799e+02
-1.2914e+02 -1.2838e+02 -1.2152e+02 -1.2503e+02
# New trial
-1.2910e+02 -1.2799e+02 -1.2164e+02 -1.6851e+02
-1.2904e+02 -1.2739e+02 -1.1317e+02 -1.0156e+02
-1.2891e+02 -1.2615e+02 -1.0958e+02 -1.4252e+02
-1.2891e+02 -1.2616e+02 -1.1152e+02 -1.7521e+02
# New trial
-1.2912e+02 -1.2820e+02 -1.2008e+02 -1.0986e+02
-1.2911e+02 -1.2812e+02 -1.1969e+02 -1.2192e+02
-1.2909e+02 -1.2795e+02 -1.1998e+02 -1.8187e+02
-1.2915e+02 -1.2852e+02 -1.2416e+02 -2.1582e+02
# New trial
-1.2909e+02 -1.2791e+02 -1.1951e+02 -1.4468e+02
-1.2903e+02 -1.2732e+02 -1.1424e+02 -1.0627e+02
-1.2886e+02 -1.2564e+02 -1.0914e+02 -1.1688e+02
-1.2887e+02 -1.2579e+02 -1.1455e+02 -1.9297e+02
# New trial
-1.2911e+02 -1.2807e+02 -1.1898e+02 -1.0634e+02
-1.2907e+02 -1.2767e+02 -1.1527e+02 -1.0170e+02
-1.2895e+02 -1.2653e+02 -1.0857e+02 -1.0405e+02
-1.2891e+02 -1.2615e+02 -1.0798e+02 -1.2381e+02
# New trial
-1.2913e+02 -1.2831e+02 -1.2063e+02 -1.1497e+02
-1.2911e+02 -1.2813e+02 -1.1917e+02 -1.1429e+02
-1.2910e+02 -1.2796e+02 -1.1790e+02 -1.2647e+02
-1.2915e+02 -1.2850e+02 -1.2251e+02 -1.4710e+02
# New trial
