# 0.01sig - Array shape (trial/sig/alpha): (30, 4, 4)
-1.4766e+02 -1.4742e+02 -1.4550e+02 -1.4341e+02
-1.4765e+02 -1.4736e+02 -1.4520e+02 -1.4328e+02
-1.4764e+02 -1.4726e+02 -1.4472e+02 -1.4314e+02
-1.4766e+02 -1.4745e+02 -1.4567e+02 -1.4376e+02
# New trial
-1.4766e+02 -1.4746e+02 -1.4587e+02 -1.4322e+02
-1.4766e+02 -1.4741e+02 -1.4567e+02 -1.4341e+02
-1.4764e+02 -1.4727e+02 -1.4480e+02 -1.4307e+02
-1.4766e+02 -1.4740e+02 -1.4526e+02 -1.4334e+02
# New trial
-1.4766e+02 -1.4746e+02 -1.4565e+02 -1.4307e+02
-1.4765e+02 -1.4738e+02 -1.4519e+02 -1.4307e+02
-1.4763e+02 -1.4712e+02 -1.4393e+02 -1.4307e+02
-1.4762e+02 -1.4706e+02 -1.4333e+02 -1.4307e+02
# New trial
-1.4766e+02 -1.4742e+02 -1.4553e+02 -1.4310e+02
-1.4764e+02 -1.4730e+02 -1.4499e+02 -1.4308e+02
-1.4762e+02 -1.4711e+02 -1.4407e+02 -1.4307e+02
-1.4766e+02 -1.4746e+02 -1.4583e+02 -1.4319e+02
# New trial
-1.4766e+02 -1.4750e+02 -1.4597e+02 -1.4334e+02
-1.4766e+02 -1.4742e+02 -1.4548e+02 -1.4343e+02
-1.4764e+02 -1.4728e+02 -1.4506e+02 -1.5200e+02
-1.4765e+02 -1.4736e+02 -1.4618e+02 -1.6904e+02
# New trial
-1.4766e+02 -1.4749e+02 -1.4585e+02 -1.4308e+02
-1.4765e+02 -1.4740e+02 -1.4533e+02 -1.4354e+02
-1.4763e+02 -1.4715e+02 -1.4433e+02 -1.4317e+02
-1.4762e+02 -1.4704e+02 -1.4331e+02 -1.4307e+02
# New trial
-1.4766e+02 -1.4748e+02 -1.4588e+02 -1.4311e+02
-1.4766e+02 -1.4743e+02 -1.4560e+02 -1.4318e+02
-1.4765e+02 -1.4738e+02 -1.4556e+02 -1.4563e+02
-1.4767e+02 -1.4757e+02 -1.4670e+02 -1.5659e+02
# New trial
-1.4766e+02 -1.4748e+02 -1.4586e+02 -1.4402e+02
-1.4766e+02 -1.4742e+02 -1.4547e+02 -1.4374e+02
-1.4764e+02 -1.4725e+02 -1.4475e+02 -1.4418e+02
-1.4764e+02 -1.4729e+02 -1.4511e+02 -1.5234e+02
# New trial
-1.4766e+02 -1.4745e+02 -1.4566e+02 -1.4311e+02
-1.4765e+02 -1.4736e+02 -1.4508e+02 -1.4307e+02
-1.4762e+02 -1.4708e+02 -1.4412e+02 -1.4307e+02
-1.4763e+02 -1.4712e+02 -1.4450e+02 -1.4592e+02
# New trial
-1.4766e+02 -1.4742e+02 -1.4552e+02 -1.4325e+02
-1.4765e+02 -1.4734e+02 -1.4510e+02 -1.4317e+02
-1.4763e+02 -1.4712e+02 -1.4395e+02 -1.4307e+02
-1.4765e+02 -1.4732e+02 -1.4481e+02 -1.4811e+02
# New trial
-1.4765e+02 -1.4739e+02 -1.4543e+02 -1.4337e+02
-1.4764e+02 -1.4726e+02 -1.4485e+02 -1.4310e+02
-1.4763e+02 -1.4713e+02 -1.4450e+02 -1.4363e+02
-1.4767e+02 -1.4754e+02 -1.4699e+02 -1.6966e+02
# New trial
-1.4767e+02 -1.4755e+02 -1.4643e+02 -1.4360e+02
-1.4767e+02 -1.4752e+02 -1.4618e+02 -1.4349e+02
-1.4766e+02 -1.4747e+02 -1.4573e+02 -1.4418e+02
-1.4767e+02 -1.4755e+02 -1.4644e+02 -1.4887e+02
# New trial
-1.4766e+02 -1.4749e+02 -1.4588e+02 -1.4314e+02
-1.4766e+02 -1.4740e+02 -1.4524e+02 -1.4309e+02
-1.4763e+02 -1.4712e+02 -1.4395e+02 -1.4307e+02
-1.4763e+02 -1.4712e+02 -1.4361e+02 -1.4307e+02
# New trial
-1.4767e+02 -1.4755e+02 -1.4639e+02 -1.4375e+02
-1.4766e+02 -1.4749e+02 -1.4592e+02 -1.4365e+02
-1.4765e+02 -1.4733e+02 -1.4478e+02 -1.4346e+02
-1.4766e+02 -1.4742e+02 -1.4545e+02 -1.4805e+02
# New trial
-1.4767e+02 -1.4752e+02 -1.4618e+02 -1.4387e+02
-1.4766e+02 -1.4749e+02 -1.4590e+02 -1.4451e+02
-1.4765e+02 -1.4736e+02 -1.4507e+02 -1.4708e+02
-1.4764e+02 -1.4725e+02 -1.4430e+02 -1.4366e+02
# New trial
-1.4766e+02 -1.4744e+02 -1.4578e+02 -1.4325e+02
-1.4765e+02 -1.4735e+02 -1.4544e+02 -1.4312e+02
-1.4763e+02 -1.4720e+02 -1.4464e+02 -1.4314e+02
-1.4766e+02 -1.4750e+02 -1.4665e+02 -1.6831e+02
# New trial
-1.4766e+02 -1.4744e+02 -1.4553e+02 -1.4307e+02
-1.4765e+02 -1.4737e+02 -1.4518e+02 -1.4307e+02
-1.4764e+02 -1.4724e+02 -1.4434e+02 -1.4307e+02
-1.4765e+02 -1.4739e+02 -1.4519e+02 -1.4511e+02
# New trial
-1.4765e+02 -1.4740e+02 -1.4546e+02 -1.4310e+02
-1.4765e+02 -1.4731e+02 -1.4509e+02 -1.4308e+02
-1.4763e+02 -1.4717e+02 -1.4458e+02 -1.4611e+02
-1.4766e+02 -1.4749e+02 -1.4625e+02 -1.5906e+02
# New trial
-1.4765e+02 -1.4732e+02 -1.4519e+02 -1.4346e+02
-1.4763e+02 -1.4720e+02 -1.4482e+02 -1.4372e+02
-1.4764e+02 -1.4729e+02 -1.4617e+02 -1.6375e+02
-1.4768e+02 -1.4765e+02 -1.5024e+02 -2.0771e+02
# New trial
-1.4766e+02 -1.4746e+02 -1.4569e+02 -1.4307e+02
-1.4765e+02 -1.4740e+02 -1.4527e+02 -1.4307e+02
-1.4764e+02 -1.4721e+02 -1.4392e+02 -1.4307e+02
-1.4765e+02 -1.4732e+02 -1.4447e+02 -1.4307e+02
# New trial
-1.4764e+02 -1.4729e+02 -1.4501e+02 -1.4307e+02
-1.4763e+02 -1.4720e+02 -1.4478e+02 -1.4307e+02
-1.4762e+02 -1.4711e+02 -1.4413e+02 -1.4307e+02
-1.4766e+02 -1.4746e+02 -1.4574e+02 -1.4548e+02
# New trial
-1.4767e+02 -1.4751e+02 -1.4609e+02 -1.4380e+02
-1.4766e+02 -1.4743e+02 -1.4550e+02 -1.4372e+02
-1.4765e+02 -1.4739e+02 -1.4558e+02 -1.4565e+02
-1.4768e+02 -1.4764e+02 -1.4739e+02 -1.5873e+02
# New trial
-1.4768e+02 -1.4763e+02 -1.4719e+02 -1.4761e+02
-1.4767e+02 -1.4759e+02 -1.4685e+02 -1.4912e+02
-1.4768e+02 -1.4762e+02 -1.4729e+02 -1.6396e+02
-1.4768e+02 -1.4769e+02 -1.4796e+02 -1.7602e+02
# New trial
-1.4764e+02 -1.4730e+02 -1.4539e+02 -1.4322e+02
-1.4763e+02 -1.4722e+02 -1.4534e+02 -1.4343e+02
-1.4762e+02 -1.4706e+02 -1.4439e+02 -1.4308e+02
-1.4765e+02 -1.4732e+02 -1.4496e+02 -1.4443e+02
# New trial
-1.4767e+02 -1.4751e+02 -1.4613e+02 -1.4366e+02
-1.4766e+02 -1.4741e+02 -1.4541e+02 -1.4309e+02
-1.4764e+02 -1.4723e+02 -1.4437e+02 -1.4309e+02
-1.4766e+02 -1.4746e+02 -1.4623e+02 -1.6717e+02
# New trial
-1.4767e+02 -1.4756e+02 -1.4653e+02 -1.4410e+02
-1.4767e+02 -1.4751e+02 -1.4609e+02 -1.4353e+02
-1.4765e+02 -1.4738e+02 -1.4512e+02 -1.4308e+02
-1.4767e+02 -1.4754e+02 -1.4638e+02 -1.5246e+02
# New trial
-1.4767e+02 -1.4751e+02 -1.4607e+02 -1.4310e+02
-1.4766e+02 -1.4744e+02 -1.4558e+02 -1.4315e+02
-1.4764e+02 -1.4724e+02 -1.4430e+02 -1.4307e+02
-1.4763e+02 -1.4715e+02 -1.4350e+02 -1.4307e+02
# New trial
-1.4767e+02 -1.4752e+02 -1.4611e+02 -1.4324e+02
-1.4766e+02 -1.4743e+02 -1.4548e+02 -1.4310e+02
-1.4763e+02 -1.4718e+02 -1.4425e+02 -1.4308e+02
-1.4764e+02 -1.4727e+02 -1.4488e+02 -1.5024e+02
# New trial
-1.4767e+02 -1.4757e+02 -1.4660e+02 -1.4353e+02
-1.4767e+02 -1.4754e+02 -1.4631e+02 -1.4339e+02
-1.4766e+02 -1.4741e+02 -1.4525e+02 -1.4307e+02
-1.4766e+02 -1.4742e+02 -1.4520e+02 -1.4313e+02
# New trial
-1.4766e+02 -1.4747e+02 -1.4590e+02 -1.4368e+02
-1.4766e+02 -1.4743e+02 -1.4574e+02 -1.4441e+02
-1.4765e+02 -1.4737e+02 -1.4559e+02 -1.4990e+02
-1.4767e+02 -1.4755e+02 -1.4647e+02 -1.4985e+02
# New trial
