# 0.01sig - Array shape (trial/sig/alpha): (30L, 4L, 4L)
-1.1059e+02 -1.0908e+02 -9.7812e+01 -8.3818e+01
-1.1055e+02 -1.0871e+02 -9.5730e+01 -9.1588e+01
-1.1053e+02 -1.0850e+02 -9.6547e+01 -1.6056e+02
-1.1067e+02 -1.0990e+02 -1.0440e+02 -1.8318e+02
# New trial
-1.1056e+02 -1.0874e+02 -9.6142e+01 -8.9098e+01
-1.1051e+02 -1.0831e+02 -9.5293e+01 -9.7146e+01
-1.1048e+02 -1.0803e+02 -9.2819e+01 -9.8275e+01
-1.1067e+02 -1.0983e+02 -1.0268e+02 -8.8899e+01
# New trial
-1.1057e+02 -1.0891e+02 -9.7304e+01 -8.4207e+01
-1.1051e+02 -1.0830e+02 -9.5020e+01 -9.0773e+01
-1.1043e+02 -1.0757e+02 -9.5414e+01 -1.5346e+02
-1.1064e+02 -1.0952e+02 -1.0454e+02 -2.5391e+02
# New trial
-1.1048e+02 -1.0805e+02 -9.3072e+01 -8.3410e+01
-1.1047e+02 -1.0795e+02 -9.5913e+01 -1.3074e+02
-1.1051e+02 -1.0838e+02 -1.0010e+02 -1.8676e+02
-1.1072e+02 -1.1033e+02 -1.0733e+02 -1.6234e+02
# New trial
-1.1060e+02 -1.0911e+02 -9.6858e+01 -8.3242e+01
-1.1054e+02 -1.0857e+02 -9.3712e+01 -8.8029e+01
-1.1046e+02 -1.0775e+02 -9.4275e+01 -1.4518e+02
-1.1058e+02 -1.0892e+02 -1.0212e+02 -2.4725e+02
# New trial
-1.1058e+02 -1.0899e+02 -9.6075e+01 -8.3443e+01
-1.1050e+02 -1.0815e+02 -9.3139e+01 -8.5651e+01
-1.1036e+02 -1.0686e+02 -8.7634e+01 -8.3145e+01
-1.1061e+02 -1.0923e+02 -9.7453e+01 -1.1319e+02
# New trial
-1.1059e+02 -1.0908e+02 -9.7590e+01 -8.4008e+01
-1.1054e+02 -1.0861e+02 -9.6172e+01 -8.6233e+01
-1.1054e+02 -1.0857e+02 -9.5877e+01 -1.1913e+02
-1.1072e+02 -1.1029e+02 -1.0663e+02 -1.6175e+02
# New trial
-1.1057e+02 -1.0891e+02 -9.6142e+01 -8.7447e+01
-1.1053e+02 -1.0852e+02 -9.4115e+01 -9.3607e+01
-1.1047e+02 -1.0788e+02 -9.2638e+01 -1.2179e+02
-1.1062e+02 -1.0940e+02 -9.9020e+01 -1.1765e+02
# New trial
-1.1056e+02 -1.0873e+02 -9.4550e+01 -8.3819e+01
-1.1049e+02 -1.0810e+02 -9.0904e+01 -8.5029e+01
-1.1037e+02 -1.0688e+02 -8.9274e+01 -1.1047e+02
-1.1061e+02 -1.0921e+02 -1.0029e+02 -1.9328e+02
# New trial
-1.1055e+02 -1.0873e+02 -9.6899e+01 -8.7587e+01
-1.1050e+02 -1.0820e+02 -9.4881e+01 -1.0035e+02
-1.1047e+02 -1.0793e+02 -9.7583e+01 -1.5758e+02
-1.1070e+02 -1.1012e+02 -1.0752e+02 -2.2006e+02
# New trial
-1.1050e+02 -1.0822e+02 -9.5551e+01 -8.5205e+01
-1.1047e+02 -1.0802e+02 -9.7065e+01 -1.1981e+02
-1.1051e+02 -1.0846e+02 -1.0456e+02 -2.3892e+02
-1.1073e+02 -1.1046e+02 -1.0880e+02 -1.8646e+02
# New trial
-1.1063e+02 -1.0948e+02 -9.9382e+01 -8.3403e+01
-1.1062e+02 -1.0933e+02 -9.8389e+01 -8.4328e+01
-1.1060e+02 -1.0911e+02 -9.6443e+01 -9.0727e+01
-1.1068e+02 -1.0998e+02 -1.0335e+02 -9.1954e+01
# New trial
-1.1058e+02 -1.0898e+02 -9.5833e+01 -8.6138e+01
-1.1052e+02 -1.0835e+02 -9.3738e+01 -9.1472e+01
-1.1037e+02 -1.0690e+02 -9.0779e+01 -1.1715e+02
-1.1051e+02 -1.0829e+02 -9.3816e+01 -1.4534e+02
# New trial
-1.1064e+02 -1.0955e+02 -9.9891e+01 -8.4669e+01
-1.1061e+02 -1.0921e+02 -9.7317e+01 -8.5484e+01
-1.1055e+02 -1.0864e+02 -9.3784e+01 -9.9027e+01
-1.1062e+02 -1.0936e+02 -9.8287e+01 -9.8210e+01
# New trial
-1.1062e+02 -1.0930e+02 -9.8064e+01 -8.7690e+01
-1.1058e+02 -1.0899e+02 -9.6315e+01 -9.0761e+01
-1.1052e+02 -1.0839e+02 -9.3821e+01 -1.2327e+02
-1.1063e+02 -1.0949e+02 -9.9946e+01 -1.4058e+02
# New trial
-1.1052e+02 -1.0837e+02 -9.4905e+01 -8.8224e+01
-1.1046e+02 -1.0784e+02 -9.3564e+01 -9.7404e+01
-1.1044e+02 -1.0765e+02 -9.4744e+01 -1.3184e+02
-1.1069e+02 -1.1002e+02 -1.0499e+02 -1.5094e+02
# New trial
-1.1055e+02 -1.0867e+02 -9.5047e+01 -8.3376e+01
-1.1051e+02 -1.0828e+02 -9.4471e+01 -8.7582e+01
-1.1047e+02 -1.0791e+02 -9.2951e+01 -1.2494e+02
-1.1065e+02 -1.0969e+02 -1.0165e+02 -1.3770e+02
# New trial
-1.1053e+02 -1.0854e+02 -9.6333e+01 -1.0134e+02
-1.1048e+02 -1.0808e+02 -9.5891e+01 -1.1761e+02
-1.1043e+02 -1.0756e+02 -9.5624e+01 -1.4466e+02
-1.1067e+02 -1.0987e+02 -1.0497e+02 -2.0693e+02
# New trial
-1.1066e+02 -1.0979e+02 -1.0152e+02 -8.6248e+01
-1.1064e+02 -1.0949e+02 -9.9293e+01 -9.0995e+01
-1.1058e+02 -1.0890e+02 -9.5252e+01 -1.0873e+02
-1.1062e+02 -1.0937e+02 -9.8217e+01 -1.0557e+02
# New trial
-1.1059e+02 -1.0904e+02 -9.7510e+01 -9.7413e+01
-1.1055e+02 -1.0863e+02 -9.5696e+01 -1.0511e+02
-1.1050e+02 -1.0815e+02 -9.2328e+01 -1.1042e+02
-1.1065e+02 -1.0967e+02 -1.0079e+02 -9.2553e+01
# New trial
-1.1043e+02 -1.0766e+02 -9.4084e+01 -8.4073e+01
-1.1036e+02 -1.0705e+02 -9.2875e+01 -8.6328e+01
-1.1041e+02 -1.0744e+02 -9.3382e+01 -1.1400e+02
-1.1071e+02 -1.1032e+02 -1.0861e+02 -2.1802e+02
# New trial
-1.1060e+02 -1.0912e+02 -9.7947e+01 -9.0128e+01
-1.1054e+02 -1.0863e+02 -9.6311e+01 -9.8514e+01
-1.1050e+02 -1.0822e+02 -9.6652e+01 -1.5466e+02
-1.1070e+02 -1.1015e+02 -1.0699e+02 -2.2957e+02
# New trial
-1.1066e+02 -1.0972e+02 -1.0089e+02 -8.3707e+01
-1.1062e+02 -1.0931e+02 -9.7496e+01 -8.3717e+01
-1.1053e+02 -1.0847e+02 -9.0831e+01 -8.3541e+01
-1.1057e+02 -1.0889e+02 -9.4456e+01 -9.8328e+01
# New trial
-1.1039e+02 -1.0728e+02 -9.1995e+01 -8.4313e+01
-1.1039e+02 -1.0736e+02 -9.5865e+01 -1.2933e+02
-1.1054e+02 -1.0880e+02 -1.0579e+02 -2.3582e+02
-1.1073e+02 -1.1048e+02 -1.0994e+02 -1.9490e+02
# New trial
-1.1062e+02 -1.0935e+02 -9.9260e+01 -9.5925e+01
-1.1055e+02 -1.0869e+02 -9.6260e+01 -9.8482e+01
-1.1047e+02 -1.0790e+02 -9.5979e+01 -1.6303e+02
-1.1066e+02 -1.0978e+02 -1.0449e+02 -2.2334e+02
# New trial
-1.1064e+02 -1.0950e+02 -9.9451e+01 -8.7443e+01
-1.1060e+02 -1.0911e+02 -9.6823e+01 -8.6710e+01
-1.1055e+02 -1.0864e+02 -9.4596e+01 -1.1462e+02
-1.1069e+02 -1.1009e+02 -1.0532e+02 -1.7699e+02
# New trial
-1.1063e+02 -1.0940e+02 -9.8189e+01 -8.3746e+01
-1.1057e+02 -1.0882e+02 -9.4597e+01 -8.3960e+01
-1.1047e+02 -1.0789e+02 -8.8810e+01 -8.3116e+01
-1.1057e+02 -1.0880e+02 -9.4655e+01 -1.0539e+02
# New trial
-1.1062e+02 -1.0936e+02 -9.8825e+01 -8.7113e+01
-1.1056e+02 -1.0880e+02 -9.6185e+01 -8.6593e+01
-1.1047e+02 -1.0790e+02 -9.5058e+01 -1.3270e+02
-1.1061e+02 -1.0925e+02 -1.0292e+02 -2.2501e+02
# New trial
-1.1065e+02 -1.0967e+02 -1.0115e+02 -8.4029e+01
-1.1063e+02 -1.0940e+02 -9.8841e+01 -8.3183e+01
-1.1057e+02 -1.0884e+02 -9.4494e+01 -9.2735e+01
-1.1065e+02 -1.0966e+02 -1.0068e+02 -1.2199e+02
# New trial
-1.1059e+02 -1.0909e+02 -9.8038e+01 -9.6103e+01
-1.1055e+02 -1.0872e+02 -9.7322e+01 -1.1216e+02
-1.1053e+02 -1.0854e+02 -1.0109e+02 -1.9472e+02
-1.1068e+02 -1.0993e+02 -1.0430e+02 -1.9336e+02
# New trial
