# 0.1sig - Array shape (trial/sig/alpha): (30L, 4L, 4L)
-5.5322e+01 -5.4830e+01 -5.3735e+01 -7.2476e+01
-5.5320e+01 -5.4807e+01 -5.2212e+01 -5.0766e+01
-5.5355e+01 -5.5140e+01 -5.4326e+01 -6.7886e+01
-5.5381e+01 -5.5377e+01 -5.5645e+01 -8.3346e+01
# New trial
-5.5332e+01 -5.4913e+01 -5.2678e+01 -5.0867e+01
-5.5344e+01 -5.5038e+01 -5.3573e+01 -5.1720e+01
-5.5361e+01 -5.5187e+01 -5.4186e+01 -6.2294e+01
-5.5379e+01 -5.5364e+01 -5.5337e+01 -6.7188e+01
# New trial
-5.5333e+01 -5.4915e+01 -5.2873e+01 -5.2372e+01
-5.5330e+01 -5.4883e+01 -5.2296e+01 -5.0790e+01
-5.5333e+01 -5.4905e+01 -5.1747e+01 -5.0766e+01
-5.5371e+01 -5.5280e+01 -5.4390e+01 -5.1181e+01
# New trial
-5.5343e+01 -5.5027e+01 -5.5375e+01 -8.6842e+01
-5.5328e+01 -5.4862e+01 -5.1894e+01 -5.0788e+01
-5.5326e+01 -5.4829e+01 -5.1218e+01 -5.0766e+01
-5.5367e+01 -5.5240e+01 -5.4021e+01 -5.0807e+01
# New trial
-5.5369e+01 -5.5275e+01 -5.6394e+01 -9.2560e+01
-5.5357e+01 -5.5148e+01 -5.3816e+01 -5.1153e+01
-5.5352e+01 -5.5091e+01 -5.2879e+01 -5.0767e+01
-5.5375e+01 -5.5319e+01 -5.4781e+01 -5.1064e+01
# New trial
-5.5350e+01 -5.5078e+01 -5.3554e+01 -5.4697e+01
-5.5350e+01 -5.5075e+01 -5.3227e+01 -5.0770e+01
-5.5362e+01 -5.5195e+01 -5.3823e+01 -5.1860e+01
-5.5380e+01 -5.5364e+01 -5.5242e+01 -5.9312e+01
# New trial
-5.5338e+01 -5.4957e+01 -5.2518e+01 -5.0918e+01
-5.5336e+01 -5.4943e+01 -5.2479e+01 -5.0802e+01
-5.5353e+01 -5.5103e+01 -5.3585e+01 -6.7558e+01
-5.5378e+01 -5.5350e+01 -5.5100e+01 -6.3127e+01
# New trial
-5.5332e+01 -5.4916e+01 -5.4970e+01 -8.2954e+01
-5.5330e+01 -5.4892e+01 -5.2678e+01 -5.0892e+01
-5.5336e+01 -5.4938e+01 -5.2169e+01 -5.5220e+01
-5.5374e+01 -5.5306e+01 -5.4672e+01 -5.5692e+01
# New trial
-5.5321e+01 -5.4819e+01 -5.2325e+01 -5.0880e+01
-5.5316e+01 -5.4773e+01 -5.1955e+01 -5.0770e+01
-5.5342e+01 -5.5006e+01 -5.3064e+01 -6.0905e+01
-5.5379e+01 -5.5362e+01 -5.5449e+01 -7.4767e+01
# New trial
-5.5334e+01 -5.4926e+01 -5.2635e+01 -5.1470e+01
-5.5332e+01 -5.4903e+01 -5.2530e+01 -5.0934e+01
-5.5357e+01 -5.5144e+01 -5.3866e+01 -7.1318e+01
-5.5379e+01 -5.5362e+01 -5.5236e+01 -6.1616e+01
# New trial
-5.5349e+01 -5.5071e+01 -5.3420e+01 -5.1053e+01
-5.5336e+01 -5.4937e+01 -5.2552e+01 -5.0777e+01
-5.5324e+01 -5.4821e+01 -5.2302e+01 -5.9291e+01
-5.5366e+01 -5.5231e+01 -5.4204e+01 -7.2240e+01
# New trial
-5.5330e+01 -5.4891e+01 -5.2982e+01 -6.2259e+01
-5.5328e+01 -5.4873e+01 -5.2618e+01 -5.0907e+01
-5.5352e+01 -5.5100e+01 -5.3673e+01 -6.1609e+01
-5.5379e+01 -5.5363e+01 -5.5561e+01 -8.2814e+01
# New trial
-5.5333e+01 -5.4940e+01 -5.4977e+01 -8.1156e+01
-5.5335e+01 -5.4943e+01 -5.2889e+01 -5.0860e+01
-5.5352e+01 -5.5097e+01 -5.3351e+01 -6.0880e+01
-5.5380e+01 -5.5368e+01 -5.5314e+01 -6.5432e+01
# New trial
-5.5358e+01 -5.5173e+01 -5.6384e+01 -8.9592e+01
-5.5346e+01 -5.5043e+01 -5.3063e+01 -5.0783e+01
-5.5340e+01 -5.4968e+01 -5.2137e+01 -5.1734e+01
-5.5368e+01 -5.5243e+01 -5.4066e+01 -5.1691e+01
# New trial
-5.5322e+01 -5.4856e+01 -5.3263e+01 -5.1132e+01
-5.5309e+01 -5.4711e+01 -5.2040e+01 -5.0769e+01
-5.5322e+01 -5.4813e+01 -5.2376e+01 -5.5604e+01
-5.5378e+01 -5.5346e+01 -5.5396e+01 -7.9985e+01
# New trial
-5.5302e+01 -5.4687e+01 -5.4131e+01 -7.2494e+01
-5.5308e+01 -5.4704e+01 -5.2263e+01 -5.1066e+01
-5.5341e+01 -5.4999e+01 -5.4457e+01 -8.2114e+01
-5.5379e+01 -5.5360e+01 -5.5275e+01 -7.0390e+01
# New trial
-5.5333e+01 -5.4931e+01 -5.3513e+01 -5.9474e+01
-5.5335e+01 -5.4939e+01 -5.3080e+01 -5.1534e+01
-5.5364e+01 -5.5216e+01 -5.4526e+01 -6.6755e+01
-5.5381e+01 -5.5375e+01 -5.5376e+01 -6.7547e+01
# New trial
-5.5339e+01 -5.4965e+01 -5.2901e+01 -5.5848e+01
-5.5338e+01 -5.4952e+01 -5.2435e+01 -5.0849e+01
-5.5337e+01 -5.4942e+01 -5.1724e+01 -5.0766e+01
-5.5370e+01 -5.5272e+01 -5.4318e+01 -5.0799e+01
# New trial
-5.5352e+01 -5.5101e+01 -5.3500e+01 -5.1057e+01
-5.5346e+01 -5.5045e+01 -5.3173e+01 -5.0831e+01
-5.5356e+01 -5.5134e+01 -5.3616e+01 -5.4983e+01
-5.5379e+01 -5.5358e+01 -5.5213e+01 -6.3759e+01
# New trial
-5.5326e+01 -5.4862e+01 -5.3780e+01 -6.9004e+01
-5.5330e+01 -5.4894e+01 -5.2513e+01 -5.0850e+01
-5.5342e+01 -5.5008e+01 -5.4333e+01 -8.3547e+01
-5.5377e+01 -5.5334e+01 -5.5163e+01 -7.7234e+01
# New trial
-5.5339e+01 -5.4994e+01 -5.5571e+01 -8.6709e+01
-5.5326e+01 -5.4855e+01 -5.2392e+01 -5.0769e+01
-5.5326e+01 -5.4842e+01 -5.1624e+01 -5.0766e+01
-5.5373e+01 -5.5300e+01 -5.4625e+01 -6.0248e+01
# New trial
-5.5351e+01 -5.5097e+01 -5.4697e+01 -7.3682e+01
-5.5343e+01 -5.5014e+01 -5.3240e+01 -5.1606e+01
-5.5345e+01 -5.5032e+01 -5.2880e+01 -5.3100e+01
-5.5377e+01 -5.5342e+01 -5.5050e+01 -5.7863e+01
# New trial
-5.5332e+01 -5.4903e+01 -5.2220e+01 -5.0767e+01
-5.5334e+01 -5.4916e+01 -5.2453e+01 -5.0828e+01
-5.5345e+01 -5.5024e+01 -5.2545e+01 -5.0821e+01
-5.5376e+01 -5.5331e+01 -5.4936e+01 -5.5129e+01
# New trial
-5.5332e+01 -5.4914e+01 -5.3367e+01 -6.0688e+01
-5.5341e+01 -5.4996e+01 -5.3257e+01 -5.2332e+01
-5.5369e+01 -5.5262e+01 -5.5376e+01 -8.6190e+01
-5.5381e+01 -5.5378e+01 -5.5468e+01 -7.3707e+01
# New trial
-5.5358e+01 -5.5156e+01 -5.4554e+01 -7.3503e+01
-5.5352e+01 -5.5093e+01 -5.3226e+01 -5.0899e+01
-5.5360e+01 -5.5170e+01 -5.3480e+01 -5.0782e+01
-5.5379e+01 -5.5358e+01 -5.5156e+01 -5.8170e+01
# New trial
-5.5323e+01 -5.4872e+01 -5.4447e+01 -7.0238e+01
-5.5317e+01 -5.4762e+01 -5.1935e+01 -5.1136e+01
-5.5334e+01 -5.4919e+01 -5.2273e+01 -5.5762e+01
-5.5377e+01 -5.5335e+01 -5.4930e+01 -5.5933e+01
# New trial
-5.5328e+01 -5.4861e+01 -5.2324e+01 -5.1572e+01
-5.5350e+01 -5.5075e+01 -5.3155e+01 -5.1388e+01
-5.5376e+01 -5.5329e+01 -5.5058e+01 -6.2720e+01
-5.5381e+01 -5.5382e+01 -5.5407e+01 -6.2566e+01
# New trial
-5.5335e+01 -5.4946e+01 -5.3534e+01 -5.9558e+01
-5.5321e+01 -5.4809e+01 -5.2342e+01 -5.1298e+01
-5.5344e+01 -5.5023e+01 -5.3612e+01 -6.5297e+01
-5.5378e+01 -5.5350e+01 -5.5243e+01 -6.6691e+01
# New trial
-5.5328e+01 -5.4864e+01 -5.2706e+01 -5.7301e+01
-5.5327e+01 -5.4846e+01 -5.2225e+01 -5.0790e+01
-5.5335e+01 -5.4929e+01 -5.2134e+01 -5.0783e+01
-5.5373e+01 -5.5300e+01 -5.4595e+01 -5.1933e+01
# New trial
-5.5346e+01 -5.5036e+01 -5.3403e+01 -5.7073e+01
-5.5353e+01 -5.5110e+01 -5.3474e+01 -5.1411e+01
-5.5372e+01 -5.5291e+01 -5.4661e+01 -5.7554e+01
-5.5381e+01 -5.5379e+01 -5.5357e+01 -5.5348e+01
# New trial
