# 0.1sig - Array shape (trial/sig/alpha): (30, 4, 4)
-1.4677e+02 -1.3901e+02 -1.0118e+02 -1.8755e+02
-1.4668e+02 -1.3817e+02 -9.2310e+01 -8.4299e+01
-1.4658e+02 -1.3720e+02 -9.8034e+01 -3.4056e+02
-1.4725e+02 -1.4354e+02 -1.2793e+02 -6.0585e+02
# New trial
-1.4712e+02 -1.4223e+02 -1.1160e+02 -1.4898e+02
-1.4701e+02 -1.4117e+02 -9.9949e+01 -5.7566e+01
-1.4683e+02 -1.3928e+02 -8.7273e+01 -2.1145e+02
-1.4703e+02 -1.4116e+02 -1.1056e+02 -4.7653e+02
# New trial
-1.4712e+02 -1.4224e+02 -1.1898e+02 -2.9191e+02
-1.4688e+02 -1.3977e+02 -9.0220e+01 -9.7432e+01
-1.4642e+02 -1.3521e+02 -7.0484e+01 -1.9389e+02
-1.4656e+02 -1.3664e+02 -1.1015e+02 -5.8424e+02
# New trial
-1.4707e+02 -1.4176e+02 -1.2710e+02 -5.6585e+02
-1.4692e+02 -1.4020e+02 -9.2504e+01 -1.1250e+02
-1.4657e+02 -1.3670e+02 -6.8757e+01 -8.9665e+01
-1.4673e+02 -1.3820e+02 -8.0034e+01 -9.9328e+01
# New trial
-1.4721e+02 -1.4315e+02 -1.2499e+02 -3.9944e+02
-1.4710e+02 -1.4199e+02 -1.0280e+02 -7.2511e+01
-1.4690e+02 -1.3998e+02 -9.1001e+01 -2.0763e+02
-1.4715e+02 -1.4238e+02 -1.0591e+02 -3.4151e+02
# New trial
-1.4723e+02 -1.4324e+02 -1.1545e+02 -1.7850e+02
-1.4710e+02 -1.4198e+02 -1.0103e+02 -6.1664e+01
-1.4696e+02 -1.4055e+02 -8.6994e+01 -7.7397e+01
-1.4729e+02 -1.4380e+02 -1.1140e+02 -9.6868e+01
# New trial
-1.4715e+02 -1.4245e+02 -1.0720e+02 -9.0391e+01
-1.4702e+02 -1.4115e+02 -9.6342e+01 -8.4517e+01
-1.4678e+02 -1.3879e+02 -8.3039e+01 -1.7171e+02
-1.4704e+02 -1.4137e+02 -1.0623e+02 -3.8783e+02
# New trial
-1.4696e+02 -1.4078e+02 -1.1907e+02 -3.6337e+02
-1.4691e+02 -1.4012e+02 -9.7807e+01 -1.1553e+02
-1.4685e+02 -1.3947e+02 -9.8159e+01 -3.7810e+02
-1.4730e+02 -1.4393e+02 -1.2618e+02 -6.2787e+02
# New trial
-1.4687e+02 -1.3998e+02 -1.0106e+02 -8.6501e+01
-1.4665e+02 -1.3791e+02 -8.9263e+01 -6.9998e+01
-1.4651e+02 -1.3634e+02 -9.0048e+01 -2.8223e+02
-1.4720e+02 -1.4297e+02 -1.1866e+02 -4.8183e+02
# New trial
-1.4702e+02 -1.4120e+02 -1.0109e+02 -7.0495e+01
-1.4689e+02 -1.3994e+02 -9.3134e+01 -7.7868e+01
-1.4665e+02 -1.3753e+02 -7.5690e+01 -1.3222e+02
-1.4693e+02 -1.4019e+02 -8.8495e+01 -1.7459e+02
# New trial
-1.4721e+02 -1.4303e+02 -1.1165e+02 -8.6915e+01
-1.4701e+02 -1.4105e+02 -9.6812e+01 -7.6789e+01
-1.4656e+02 -1.3667e+02 -7.2576e+01 -1.2078e+02
-1.4677e+02 -1.3862e+02 -9.0130e+01 -3.0055e+02
# New trial
-1.4698e+02 -1.4089e+02 -1.1348e+02 -3.9144e+02
-1.4684e+02 -1.3960e+02 -9.7552e+01 -1.1307e+02
-1.4673e+02 -1.3844e+02 -9.2989e+01 -3.1147e+02
-1.4726e+02 -1.4349e+02 -1.1819e+02 -4.4595e+02
# New trial
-1.4709e+02 -1.4203e+02 -1.2326e+02 -3.4893e+02
-1.4705e+02 -1.4150e+02 -1.0419e+02 -1.4544e+02
-1.4691e+02 -1.4012e+02 -1.0202e+02 -3.4723e+02
-1.4730e+02 -1.4395e+02 -1.2521e+02 -5.1674e+02
# New trial
-1.4735e+02 -1.4453e+02 -1.3485e+02 -3.3276e+02
-1.4716e+02 -1.4256e+02 -1.0407e+02 -7.6549e+01
-1.4685e+02 -1.3943e+02 -7.6399e+01 -5.6859e+01
-1.4684e+02 -1.3932e+02 -8.1830e+01 -5.5938e+01
# New trial
-1.4700e+02 -1.4151e+02 -1.2616e+02 -3.4578e+02
-1.4667e+02 -1.3808e+02 -9.0006e+01 -1.3885e+02
-1.4629e+02 -1.3419e+02 -7.0697e+01 -1.3955e+02
-1.4698e+02 -1.4070e+02 -9.6791e+01 -2.9517e+02
# New trial
-1.4682e+02 -1.3993e+02 -1.3877e+02 -6.5395e+02
-1.4659e+02 -1.3731e+02 -9.2874e+01 -1.3126e+02
-1.4624e+02 -1.3382e+02 -1.0184e+02 -4.8804e+02
-1.4681e+02 -1.3915e+02 -1.1956e+02 -7.1146e+02
# New trial
-1.4712e+02 -1.4229e+02 -1.1400e+02 -1.8543e+02
-1.4696e+02 -1.4060e+02 -9.7369e+01 -1.3054e+02
-1.4670e+02 -1.3804e+02 -8.0028e+01 -1.4562e+02
-1.4699e+02 -1.4077e+02 -9.4787e+01 -1.5830e+02
# New trial
-1.4723e+02 -1.4320e+02 -1.1327e+02 -1.8103e+02
-1.4707e+02 -1.4155e+02 -9.5796e+01 -8.8384e+01
-1.4674e+02 -1.3833e+02 -7.3565e+01 -9.8299e+01
-1.4677e+02 -1.3862e+02 -8.3055e+01 -2.1619e+02
# New trial
-1.4721e+02 -1.4303e+02 -1.1005e+02 -1.0561e+02
-1.4709e+02 -1.4184e+02 -1.0080e+02 -7.8271e+01
-1.4692e+02 -1.4017e+02 -8.6528e+01 -8.7341e+01
-1.4716e+02 -1.4251e+02 -1.0229e+02 -1.6814e+02
# New trial
-1.4725e+02 -1.4362e+02 -1.4059e+02 -6.0563e+02
-1.4703e+02 -1.4142e+02 -1.0364e+02 -1.2503e+02
-1.4658e+02 -1.3692e+02 -8.1137e+01 -2.3307e+02
-1.4692e+02 -1.4018e+02 -1.0829e+02 -5.2509e+02
# New trial
-1.4701e+02 -1.4127e+02 -1.1931e+02 -3.3807e+02
-1.4691e+02 -1.4016e+02 -1.0069e+02 -1.1889e+02
-1.4678e+02 -1.3890e+02 -9.5976e+01 -2.5112e+02
-1.4721e+02 -1.4299e+02 -1.1357e+02 -3.1543e+02
# New trial
-1.4719e+02 -1.4296e+02 -1.2774e+02 -4.4334e+02
-1.4706e+02 -1.4167e+02 -1.0413e+02 -1.1900e+02
-1.4688e+02 -1.3979e+02 -8.5129e+01 -1.1006e+02
-1.4724e+02 -1.4323e+02 -1.0999e+02 -2.3374e+02
# New trial
-1.4710e+02 -1.4195e+02 -1.0556e+02 -1.4775e+02
-1.4697e+02 -1.4063e+02 -9.2784e+01 -9.2356e+01
-1.4675e+02 -1.3848e+02 -7.4575e+01 -6.3596e+01
-1.4705e+02 -1.4142e+02 -9.4447e+01 -1.3183e+02
# New trial
-1.4710e+02 -1.4190e+02 -1.0345e+02 -9.3168e+01
-1.4701e+02 -1.4107e+02 -9.3790e+01 -6.9210e+01
-1.4687e+02 -1.3964e+02 -8.0394e+01 -1.0482e+02
-1.4717e+02 -1.4253e+02 -1.0223e+02 -1.2830e+02
# New trial
-1.4728e+02 -1.4370e+02 -1.1713e+02 -1.7333e+02
-1.4724e+02 -1.4327e+02 -1.1221e+02 -1.0120e+02
-1.4711e+02 -1.4202e+02 -1.0019e+02 -1.5397e+02
-1.4729e+02 -1.4379e+02 -1.1380e+02 -2.4565e+02
# New trial
-1.4708e+02 -1.4217e+02 -1.3657e+02 -4.9331e+02
-1.4685e+02 -1.3957e+02 -9.2844e+01 -1.4113e+02
-1.4662e+02 -1.3720e+02 -8.4109e+01 -2.5286e+02
-1.4691e+02 -1.4003e+02 -1.1721e+02 -5.6630e+02
# New trial
-1.4711e+02 -1.4206e+02 -1.1066e+02 -2.4010e+02
-1.4715e+02 -1.4243e+02 -1.0539e+02 -8.2818e+01
-1.4720e+02 -1.4286e+02 -1.0589e+02 -1.4011e+02
-1.4749e+02 -1.4572e+02 -1.2927e+02 -1.4755e+02
# New trial
-1.4709e+02 -1.4210e+02 -1.2302e+02 -3.3939e+02
-1.4688e+02 -1.3982e+02 -9.3918e+01 -1.4363e+02
-1.4650e+02 -1.3615e+02 -7.8799e+01 -2.0354e+02
-1.4683e+02 -1.3928e+02 -8.9381e+01 -1.7547e+02
# New trial
-1.4708e+02 -1.4175e+02 -1.0508e+02 -1.6270e+02
-1.4693e+02 -1.4020e+02 -9.0926e+01 -1.0893e+02
-1.4663e+02 -1.3720e+02 -7.1017e+01 -1.1693e+02
-1.4684e+02 -1.3932e+02 -8.5664e+01 -2.1580e+02
# New trial
-1.4716e+02 -1.4258e+02 -1.0812e+02 -1.0391e+02
-1.4718e+02 -1.4268e+02 -1.0666e+02 -1.0733e+02
-1.4722e+02 -1.4310e+02 -1.0992e+02 -2.0590e+02
-1.4745e+02 -1.4536e+02 -1.2819e+02 -3.4571e+02
# New trial
