# 0.01sig - Array shape (trial/sig/alpha): (30, 4, 4)
-1.4299e+02 -1.4229e+02 -1.3697e+02 -1.3076e+02
-1.4298e+02 -1.4217e+02 -1.3637e+02 -1.3271e+02
-1.4297e+02 -1.4210e+02 -1.3757e+02 -1.6373e+02
-1.4303e+02 -1.4273e+02 -1.4162e+02 -2.1105e+02
# New trial
-1.4299e+02 -1.4231e+02 -1.3716e+02 -1.3074e+02
-1.4297e+02 -1.4210e+02 -1.3646e+02 -1.3151e+02
-1.4293e+02 -1.4173e+02 -1.3494e+02 -1.3644e+02
-1.4300e+02 -1.4238e+02 -1.3806e+02 -1.6136e+02
# New trial
-1.4300e+02 -1.4236e+02 -1.3700e+02 -1.2955e+02
-1.4297e+02 -1.4206e+02 -1.3514e+02 -1.2931e+02
-1.4289e+02 -1.4136e+02 -1.3282e+02 -1.3616e+02
-1.4296e+02 -1.4199e+02 -1.3698e+02 -1.7900e+02
# New trial
-1.4297e+02 -1.4214e+02 -1.3560e+02 -1.2934e+02
-1.4295e+02 -1.4188e+02 -1.3469e+02 -1.3205e+02
-1.4290e+02 -1.4148e+02 -1.3346e+02 -1.4338e+02
-1.4299e+02 -1.4234e+02 -1.3739e+02 -1.4882e+02
# New trial
-1.4301e+02 -1.4248e+02 -1.3788e+02 -1.3088e+02
-1.4300e+02 -1.4234e+02 -1.3711e+02 -1.3527e+02
-1.4297e+02 -1.4208e+02 -1.3720e+02 -1.5977e+02
-1.4300e+02 -1.4240e+02 -1.4065e+02 -2.2819e+02
# New trial
-1.4301e+02 -1.4247e+02 -1.3751e+02 -1.3016e+02
-1.4298e+02 -1.4215e+02 -1.3564e+02 -1.3009e+02
-1.4290e+02 -1.4138e+02 -1.3236e+02 -1.3068e+02
-1.4293e+02 -1.4166e+02 -1.3316e+02 -1.4071e+02
# New trial
-1.4301e+02 -1.4244e+02 -1.3764e+02 -1.2954e+02
-1.4298e+02 -1.4225e+02 -1.3669e+02 -1.2947e+02
-1.4295e+02 -1.4187e+02 -1.3448e+02 -1.2939e+02
-1.4300e+02 -1.4236e+02 -1.3669e+02 -1.3385e+02
# New trial
-1.4300e+02 -1.4243e+02 -1.3757e+02 -1.3106e+02
-1.4298e+02 -1.4224e+02 -1.3625e+02 -1.3110e+02
-1.4293e+02 -1.4167e+02 -1.3340e+02 -1.3461e+02
-1.4295e+02 -1.4193e+02 -1.3476e+02 -1.5545e+02
# New trial
-1.4300e+02 -1.4237e+02 -1.3719e+02 -1.3015e+02
-1.4297e+02 -1.4210e+02 -1.3558e+02 -1.2951e+02
-1.4288e+02 -1.4124e+02 -1.3237e+02 -1.2925e+02
-1.4290e+02 -1.4139e+02 -1.3194e+02 -1.2925e+02
# New trial
-1.4299e+02 -1.4225e+02 -1.3642e+02 -1.2958e+02
-1.4296e+02 -1.4203e+02 -1.3546e+02 -1.2939e+02
-1.4293e+02 -1.4171e+02 -1.3434e+02 -1.4138e+02
-1.4301e+02 -1.4248e+02 -1.3840e+02 -1.6304e+02
# New trial
-1.4297e+02 -1.4215e+02 -1.3646e+02 -1.3112e+02
-1.4295e+02 -1.4190e+02 -1.3585e+02 -1.3660e+02
-1.4291e+02 -1.4157e+02 -1.3545e+02 -1.4989e+02
-1.4301e+02 -1.4249e+02 -1.3912e+02 -1.8422e+02
# New trial
-1.4302e+02 -1.4259e+02 -1.3850e+02 -1.2926e+02
-1.4301e+02 -1.4250e+02 -1.3775e+02 -1.2925e+02
-1.4299e+02 -1.4228e+02 -1.3581e+02 -1.2929e+02
-1.4301e+02 -1.4251e+02 -1.3774e+02 -1.3634e+02
# New trial
-1.4301e+02 -1.4249e+02 -1.3775e+02 -1.2946e+02
-1.4299e+02 -1.4226e+02 -1.3629e+02 -1.2944e+02
-1.4291e+02 -1.4155e+02 -1.3303e+02 -1.3005e+02
-1.4290e+02 -1.4137e+02 -1.3101e+02 -1.2958e+02
# New trial
-1.4302e+02 -1.4261e+02 -1.3873e+02 -1.2945e+02
-1.4301e+02 -1.4248e+02 -1.3766e+02 -1.2935e+02
-1.4297e+02 -1.4205e+02 -1.3420e+02 -1.2922e+02
-1.4293e+02 -1.4172e+02 -1.3151e+02 -1.2922e+02
# New trial
-1.4301e+02 -1.4252e+02 -1.3787e+02 -1.2952e+02
-1.4300e+02 -1.4237e+02 -1.3666e+02 -1.2964e+02
-1.4295e+02 -1.4190e+02 -1.3346e+02 -1.2977e+02
-1.4296e+02 -1.4196e+02 -1.3372e+02 -1.3191e+02
# New trial
-1.4298e+02 -1.4220e+02 -1.3650e+02 -1.2955e+02
-1.4295e+02 -1.4195e+02 -1.3559e+02 -1.2949e+02
-1.4290e+02 -1.4146e+02 -1.3365e+02 -1.2994e+02
-1.4297e+02 -1.4212e+02 -1.3660e+02 -1.6432e+02
# New trial
-1.4299e+02 -1.4229e+02 -1.3639e+02 -1.2965e+02
-1.4296e+02 -1.4205e+02 -1.3524e+02 -1.2935e+02
-1.4292e+02 -1.4156e+02 -1.3250e+02 -1.2923e+02
-1.4296e+02 -1.4204e+02 -1.3479e+02 -1.4353e+02
# New trial
-1.4299e+02 -1.4227e+02 -1.3691e+02 -1.2972e+02
-1.4296e+02 -1.4197e+02 -1.3534e+02 -1.2942e+02
-1.4292e+02 -1.4167e+02 -1.3580e+02 -1.5595e+02
-1.4303e+02 -1.4266e+02 -1.4011e+02 -1.7710e+02
# New trial
-1.4301e+02 -1.4245e+02 -1.3844e+02 -1.3770e+02
-1.4299e+02 -1.4230e+02 -1.3781e+02 -1.4274e+02
-1.4300e+02 -1.4243e+02 -1.3899e+02 -1.8201e+02
-1.4304e+02 -1.4276e+02 -1.4088e+02 -1.9351e+02
# New trial
-1.4300e+02 -1.4243e+02 -1.3778e+02 -1.3023e+02
-1.4299e+02 -1.4227e+02 -1.3693e+02 -1.3203e+02
-1.4295e+02 -1.4192e+02 -1.3480e+02 -1.3451e+02
-1.4300e+02 -1.4243e+02 -1.3876e+02 -1.8936e+02
# New trial
-1.4295e+02 -1.4193e+02 -1.3611e+02 -1.2948e+02
-1.4292e+02 -1.4169e+02 -1.3591e+02 -1.3586e+02
-1.4294e+02 -1.4185e+02 -1.3832e+02 -1.8181e+02
-1.4304e+02 -1.4283e+02 -1.4200e+02 -2.0057e+02
# New trial
-1.4301e+02 -1.4248e+02 -1.3789e+02 -1.2975e+02
-1.4299e+02 -1.4228e+02 -1.3681e+02 -1.3051e+02
-1.4294e+02 -1.4177e+02 -1.3415e+02 -1.3522e+02
-1.4297e+02 -1.4212e+02 -1.3571e+02 -1.5442e+02
# New trial
-1.4303e+02 -1.4272e+02 -1.3971e+02 -1.3097e+02
-1.4302e+02 -1.4256e+02 -1.3832e+02 -1.3087e+02
-1.4298e+02 -1.4219e+02 -1.3538e+02 -1.3036e+02
-1.4298e+02 -1.4217e+02 -1.3510e+02 -1.3590e+02
# New trial
-1.4294e+02 -1.4183e+02 -1.3535e+02 -1.2937e+02
-1.4290e+02 -1.4153e+02 -1.3463e+02 -1.3319e+02
-1.4293e+02 -1.4179e+02 -1.3756e+02 -1.8565e+02
-1.4305e+02 -1.4286e+02 -1.4181e+02 -1.9511e+02
# New trial
-1.4302e+02 -1.4263e+02 -1.3917e+02 -1.3217e+02
-1.4300e+02 -1.4241e+02 -1.3779e+02 -1.3090e+02
-1.4296e+02 -1.4202e+02 -1.3603e+02 -1.4654e+02
-1.4301e+02 -1.4251e+02 -1.3961e+02 -1.8264e+02
# New trial
-1.4302e+02 -1.4262e+02 -1.3883e+02 -1.2955e+02
-1.4301e+02 -1.4248e+02 -1.3765e+02 -1.2944e+02
-1.4297e+02 -1.4205e+02 -1.3449e+02 -1.2923e+02
-1.4298e+02 -1.4220e+02 -1.3503e+02 -1.2944e+02
# New trial
-1.4302e+02 -1.4261e+02 -1.3872e+02 -1.3486e+02
-1.4300e+02 -1.4238e+02 -1.3706e+02 -1.3475e+02
-1.4295e+02 -1.4194e+02 -1.3525e+02 -1.5338e+02
-1.4296e+02 -1.4198e+02 -1.3724e+02 -1.8224e+02
# New trial
-1.4302e+02 -1.4254e+02 -1.3804e+02 -1.2931e+02
-1.4299e+02 -1.4230e+02 -1.3642e+02 -1.2938e+02
-1.4294e+02 -1.4180e+02 -1.3404e+02 -1.2988e+02
-1.4296e+02 -1.4198e+02 -1.3455e+02 -1.4025e+02
# New trial
-1.4303e+02 -1.4266e+02 -1.3919e+02 -1.3060e+02
-1.4302e+02 -1.4255e+02 -1.3829e+02 -1.3031e+02
-1.4298e+02 -1.4223e+02 -1.3582e+02 -1.3306e+02
-1.4300e+02 -1.4237e+02 -1.3692e+02 -1.5198e+02
# New trial
-1.4300e+02 -1.4236e+02 -1.3705e+02 -1.3080e+02
-1.4298e+02 -1.4217e+02 -1.3575e+02 -1.3156e+02
-1.4295e+02 -1.4190e+02 -1.3529e+02 -1.5368e+02
-1.4302e+02 -1.4260e+02 -1.4022e+02 -2.0229e+02
# New trial
