# 0.01sig - Array shape (trial/sig/alpha): (30, 4, 4)
-1.6090e+02 -1.5532e+02 -1.1384e+02 -6.9923e+01
-1.6077e+02 -1.5414e+02 -1.0772e+02 -9.0474e+01
-1.6068e+02 -1.5320e+02 -1.1041e+02 -2.8865e+02
-1.6124e+02 -1.5867e+02 -1.4572e+02 -6.1463e+02
# New trial
-1.6088e+02 -1.5513e+02 -1.1452e+02 -6.8580e+01
-1.6073e+02 -1.5374e+02 -1.1038e+02 -7.4986e+01
-1.6063e+02 -1.5273e+02 -1.0184e+02 -1.4256e+02
-1.6120e+02 -1.5825e+02 -1.3389e+02 -2.5819e+02
# New trial
-1.6090e+02 -1.5536e+02 -1.1372e+02 -7.2522e+01
-1.6069e+02 -1.5332e+02 -1.0478e+02 -8.6412e+01
-1.6031e+02 -1.4959e+02 -9.5101e+01 -2.2334e+02
-1.6085e+02 -1.5477e+02 -1.0814e+02 -1.8605e+02
# New trial
-1.6071e+02 -1.5359e+02 -1.0696e+02 -7.1268e+01
-1.6059e+02 -1.5258e+02 -1.0655e+02 -1.3864e+02
-1.6060e+02 -1.5262e+02 -1.1846e+02 -3.8405e+02
-1.6126e+02 -1.5887e+02 -1.4914e+02 -6.2310e+02
# New trial
-1.6101e+02 -1.5643e+02 -1.1722e+02 -6.8184e+01
-1.6084e+02 -1.5468e+02 -1.0546e+02 -8.5629e+01
-1.6052e+02 -1.5161e+02 -1.0165e+02 -2.6926e+02
-1.6083e+02 -1.5460e+02 -1.3195e+02 -5.7280e+02
# New trial
-1.6096e+02 -1.5586e+02 -1.1321e+02 -6.7653e+01
-1.6070e+02 -1.5335e+02 -1.0125e+02 -7.1534e+01
-1.6035e+02 -1.5003e+02 -9.4805e+01 -1.7589e+02
-1.6087e+02 -1.5510e+02 -1.1925e+02 -3.6732e+02
# New trial
-1.6097e+02 -1.5605e+02 -1.1733e+02 -6.6358e+01
-1.6084e+02 -1.5476e+02 -1.1242e+02 -7.2246e+01
-1.6081e+02 -1.5450e+02 -1.1277e+02 -1.4399e+02
-1.6127e+02 -1.5900e+02 -1.3966e+02 -2.1037e+02
# New trial
-1.6091e+02 -1.5538e+02 -1.1230e+02 -6.8142e+01
-1.6078e+02 -1.5418e+02 -1.0525e+02 -7.7342e+01
-1.6057e+02 -1.5205e+02 -9.9889e+01 -2.2090e+02
-1.6102e+02 -1.5649e+02 -1.1961e+02 -2.4223e+02
# New trial
-1.6084e+02 -1.5475e+02 -1.0918e+02 -6.7316e+01
-1.6064e+02 -1.5283e+02 -1.0000e+02 -9.6209e+01
-1.6025e+02 -1.4900e+02 -9.9962e+01 -2.8560e+02
-1.6081e+02 -1.5451e+02 -1.1182e+02 -2.8101e+02
# New trial
-1.6084e+02 -1.5474e+02 -1.1175e+02 -8.2913e+01
-1.6068e+02 -1.5329e+02 -1.0600e+02 -1.2250e+02
-1.6065e+02 -1.5293e+02 -1.0632e+02 -2.7932e+02
-1.6124e+02 -1.5872e+02 -1.4081e+02 -4.3081e+02
# New trial
-1.6074e+02 -1.5394e+02 -1.1161e+02 -6.7937e+01
-1.6061e+02 -1.5290e+02 -1.1372e+02 -1.6588e+02
-1.6060e+02 -1.5277e+02 -1.2311e+02 -3.7957e+02
-1.6128e+02 -1.5911e+02 -1.4409e+02 -3.2909e+02
# New trial
-1.6113e+02 -1.5755e+02 -1.2557e+02 -6.6538e+01
-1.6108e+02 -1.5705e+02 -1.2164e+02 -7.0176e+01
-1.6102e+02 -1.5643e+02 -1.1605e+02 -1.0112e+02
-1.6123e+02 -1.5857e+02 -1.3329e+02 -8.5395e+01
# New trial
-1.6096e+02 -1.5588e+02 -1.1286e+02 -6.5240e+01
-1.6076e+02 -1.5395e+02 -1.0103e+02 -8.6214e+01
-1.6032e+02 -1.4957e+02 -7.8805e+01 -1.0235e+02
-1.6073e+02 -1.5356e+02 -9.8433e+01 -8.1546e+01
# New trial
-1.6113e+02 -1.5757e+02 -1.2618e+02 -7.0839e+01
-1.6102e+02 -1.5646e+02 -1.1772e+02 -7.1334e+01
-1.6078e+02 -1.5415e+02 -1.0442e+02 -1.1905e+02
-1.6094e+02 -1.5572e+02 -1.1490e+02 -2.6107e+02
# New trial
-1.6105e+02 -1.5679e+02 -1.1895e+02 -6.9633e+01
-1.6096e+02 -1.5588e+02 -1.1256e+02 -7.5910e+01
-1.6079e+02 -1.5422e+02 -1.0134e+02 -1.3574e+02
-1.6103e+02 -1.5653e+02 -1.1689e+02 -1.3300e+02
# New trial
-1.6071e+02 -1.5355e+02 -1.0434e+02 -6.5230e+01
-1.6052e+02 -1.5186e+02 -9.9360e+01 -7.1514e+01
-1.6048e+02 -1.5138e+02 -9.8725e+01 -1.7823e+02
-1.6118e+02 -1.5805e+02 -1.3075e+02 -1.8971e+02
# New trial
-1.6084e+02 -1.5472e+02 -1.0953e+02 -7.1430e+01
-1.6070e+02 -1.5345e+02 -1.0795e+02 -9.4369e+01
-1.6065e+02 -1.5297e+02 -1.0754e+02 -2.0223e+02
-1.6114e+02 -1.5774e+02 -1.2907e+02 -2.0964e+02
# New trial
-1.6072e+02 -1.5376e+02 -1.1038e+02 -7.1660e+01
-1.6056e+02 -1.5228e+02 -1.0666e+02 -9.8413e+01
-1.6047e+02 -1.5149e+02 -1.1364e+02 -3.1006e+02
-1.6117e+02 -1.5805e+02 -1.3698e+02 -4.2222e+02
# New trial
-1.6109e+02 -1.5717e+02 -1.2450e+02 -7.9196e+01
-1.6096e+02 -1.5595e+02 -1.1747e+02 -1.0779e+02
-1.6080e+02 -1.5434e+02 -1.0396e+02 -1.5217e+02
-1.6111e+02 -1.5740e+02 -1.2396e+02 -1.1739e+02
# New trial
-1.6094e+02 -1.5576e+02 -1.1736e+02 -8.3116e+01
-1.6082e+02 -1.5461e+02 -1.1373e+02 -1.1556e+02
-1.6073e+02 -1.5376e+02 -1.1880e+02 -3.4580e+02
-1.6118e+02 -1.5810e+02 -1.4076e+02 -5.3789e+02
# New trial
-1.6037e+02 -1.5061e+02 -9.8995e+01 -6.8192e+01
-1.6018e+02 -1.4907e+02 -9.9000e+01 -1.0677e+02
-1.6039e+02 -1.5094e+02 -1.1259e+02 -3.2640e+02
-1.6126e+02 -1.5907e+02 -1.4579e+02 -4.5229e+02
# New trial
-1.6097e+02 -1.5602e+02 -1.1754e+02 -7.7334e+01
-1.6082e+02 -1.5461e+02 -1.1275e+02 -1.0360e+02
-1.6064e+02 -1.5291e+02 -1.0817e+02 -1.9627e+02
-1.6115e+02 -1.5785e+02 -1.3484e+02 -4.1189e+02
# New trial
-1.6121e+02 -1.5831e+02 -1.3132e+02 -7.9303e+01
-1.6109e+02 -1.5712e+02 -1.2214e+02 -8.8881e+01
-1.6087e+02 -1.5498e+02 -1.0599e+02 -1.1764e+02
-1.6098e+02 -1.5603e+02 -1.1470e+02 -2.0590e+02
# New trial
-1.6047e+02 -1.5161e+02 -1.0789e+02 -6.9056e+01
-1.6038e+02 -1.5116e+02 -1.1687e+02 -1.9688e+02
-1.6065e+02 -1.5365e+02 -1.3795e+02 -5.0503e+02
-1.6135e+02 -1.5995e+02 -1.5709e+02 -5.9845e+02
# New trial
-1.6104e+02 -1.5669e+02 -1.2225e+02 -9.6256e+01
-1.6084e+02 -1.5480e+02 -1.1344e+02 -1.0333e+02
-1.6062e+02 -1.5277e+02 -1.1593e+02 -3.2250e+02
-1.6116e+02 -1.5791e+02 -1.4257e+02 -5.6001e+02
# New trial
-1.6109e+02 -1.5722e+02 -1.2504e+02 -8.9824e+01
-1.6099e+02 -1.5626e+02 -1.1948e+02 -1.0555e+02
-1.6084e+02 -1.5476e+02 -1.1140e+02 -1.7929e+02
-1.6118e+02 -1.5810e+02 -1.2960e+02 -1.4251e+02
# New trial
-1.6109e+02 -1.5721e+02 -1.2335e+02 -6.9706e+01
-1.6090e+02 -1.5536e+02 -1.1300e+02 -7.2897e+01
-1.6060e+02 -1.5235e+02 -9.4755e+01 -1.0225e+02
-1.6087e+02 -1.5497e+02 -1.0851e+02 -1.6616e+02
# New trial
-1.6106e+02 -1.5688e+02 -1.2127e+02 -7.1303e+01
-1.6086e+02 -1.5497e+02 -1.1024e+02 -6.9878e+01
-1.6051e+02 -1.5155e+02 -9.3918e+01 -1.4450e+02
-1.6086e+02 -1.5487e+02 -1.1312e+02 -3.4914e+02
# New trial
-1.6115e+02 -1.5774e+02 -1.2815e+02 -7.6923e+01
-1.6107e+02 -1.5702e+02 -1.2269e+02 -8.0764e+01
-1.6094e+02 -1.5567e+02 -1.1210e+02 -1.2371e+02
-1.6120e+02 -1.5822e+02 -1.3245e+02 -2.4188e+02
# New trial
-1.6096e+02 -1.5592e+02 -1.1843e+02 -9.1949e+01
-1.6083e+02 -1.5466e+02 -1.1357e+02 -1.2674e+02
-1.6074e+02 -1.5380e+02 -1.1736e+02 -2.9962e+02
-1.6125e+02 -1.5878e+02 -1.4287e+02 -4.7585e+02
# New trial
