# 0.1sig - Array shape (trial/sig/alpha): (30, 4, 4)
-1.2433e+02 -1.2192e+02 -1.0921e+02 -1.9099e+02
-1.2430e+02 -1.2163e+02 -1.0453e+02 -8.7789e+01
-1.2423e+02 -1.2096e+02 -1.0367e+02 -1.6602e+02
-1.2445e+02 -1.2305e+02 -1.1774e+02 -3.4245e+02
# New trial
-1.2443e+02 -1.2290e+02 -1.1087e+02 -1.2374e+02
-1.2438e+02 -1.2235e+02 -1.0655e+02 -8.9316e+01
-1.2422e+02 -1.2074e+02 -9.5127e+01 -8.7974e+01
-1.2421e+02 -1.2065e+02 -9.5091e+01 -8.7729e+01
# New trial
-1.2442e+02 -1.2277e+02 -1.1073e+02 -1.1513e+02
-1.2433e+02 -1.2187e+02 -1.0170e+02 -8.9016e+01
-1.2419e+02 -1.2041e+02 -9.4097e+01 -8.7812e+01
-1.2425e+02 -1.2101e+02 -1.0132e+02 -1.7502e+02
# New trial
-1.2441e+02 -1.2264e+02 -1.1080e+02 -2.0336e+02
-1.2436e+02 -1.2213e+02 -1.0482e+02 -9.0822e+01
-1.2420e+02 -1.2062e+02 -1.0079e+02 -1.5170e+02
-1.2419e+02 -1.2052e+02 -1.0523e+02 -2.2984e+02
# New trial
-1.2448e+02 -1.2339e+02 -1.1604e+02 -1.7760e+02
-1.2443e+02 -1.2283e+02 -1.0971e+02 -9.1867e+01
-1.2432e+02 -1.2172e+02 -1.0346e+02 -1.1657e+02
-1.2438e+02 -1.2233e+02 -1.1017e+02 -2.1929e+02
# New trial
-1.2448e+02 -1.2336e+02 -1.1367e+02 -1.0696e+02
-1.2443e+02 -1.2280e+02 -1.0845e+02 -8.7706e+01
-1.2435e+02 -1.2201e+02 -1.0216e+02 -8.8643e+01
-1.2446e+02 -1.2313e+02 -1.1056e+02 -9.2287e+01
# New trial
-1.2445e+02 -1.2299e+02 -1.1050e+02 -8.9356e+01
-1.2440e+02 -1.2258e+02 -1.0747e+02 -8.8466e+01
-1.2430e+02 -1.2156e+02 -1.0121e+02 -9.5997e+01
-1.2434e+02 -1.2199e+02 -1.0434e+02 -1.6168e+02
# New trial
-1.2438e+02 -1.2235e+02 -1.0835e+02 -1.4274e+02
-1.2434e+02 -1.2196e+02 -1.0449e+02 -8.8688e+01
-1.2431e+02 -1.2168e+02 -1.0412e+02 -1.3682e+02
-1.2448e+02 -1.2335e+02 -1.1642e+02 -2.7074e+02
# New trial
-1.2436e+02 -1.2221e+02 -1.0781e+02 -9.4668e+01
-1.2428e+02 -1.2141e+02 -1.0279e+02 -8.8424e+01
-1.2417e+02 -1.2037e+02 -9.8751e+01 -1.0510e+02
-1.2441e+02 -1.2270e+02 -1.1239e+02 -2.4857e+02
# New trial
-1.2443e+02 -1.2286e+02 -1.0995e+02 -9.0741e+01
-1.2437e+02 -1.2227e+02 -1.0606e+02 -8.8510e+01
-1.2423e+02 -1.2083e+02 -9.7031e+01 -9.3334e+01
-1.2429e+02 -1.2145e+02 -9.9192e+01 -1.0287e+02
# New trial
-1.2445e+02 -1.2309e+02 -1.1119e+02 -9.4775e+01
-1.2438e+02 -1.2239e+02 -1.0576e+02 -8.8068e+01
-1.2420e+02 -1.2057e+02 -9.7139e+01 -1.2301e+02
-1.2419e+02 -1.2048e+02 -9.6016e+01 -1.1310e+02
# New trial
-1.2438e+02 -1.2240e+02 -1.0828e+02 -1.1845e+02
-1.2434e+02 -1.2198e+02 -1.0580e+02 -8.9049e+01
-1.2423e+02 -1.2091e+02 -9.9725e+01 -1.0893e+02
-1.2440e+02 -1.2257e+02 -1.0800e+02 -1.4532e+02
# New trial
-1.2443e+02 -1.2281e+02 -1.0954e+02 -1.0323e+02
-1.2439e+02 -1.2248e+02 -1.0700e+02 -9.7813e+01
-1.2431e+02 -1.2170e+02 -1.0536e+02 -1.7526e+02
-1.2445e+02 -1.2309e+02 -1.1254e+02 -2.0918e+02
# New trial
-1.2448e+02 -1.2336e+02 -1.1394e+02 -1.0426e+02
-1.2443e+02 -1.2284e+02 -1.0867e+02 -9.2025e+01
-1.2432e+02 -1.2171e+02 -1.0175e+02 -1.2734e+02
-1.2428e+02 -1.2132e+02 -1.0651e+02 -2.3639e+02
# New trial
-1.2440e+02 -1.2260e+02 -1.1516e+02 -1.8668e+02
-1.2428e+02 -1.2146e+02 -1.0405e+02 -8.8826e+01
-1.2409e+02 -1.1958e+02 -9.7311e+01 -1.1730e+02
-1.2429e+02 -1.2155e+02 -1.1136e+02 -2.9056e+02
# New trial
-1.2438e+02 -1.2239e+02 -1.1708e+02 -2.3214e+02
-1.2427e+02 -1.2132e+02 -1.0307e+02 -8.7856e+01
-1.2400e+02 -1.1866e+02 -9.1065e+01 -8.9014e+01
-1.2411e+02 -1.1964e+02 -9.3520e+01 -8.7688e+01
# New trial
-1.2443e+02 -1.2287e+02 -1.0943e+02 -9.2176e+01
-1.2436e+02 -1.2217e+02 -1.0443e+02 -9.1069e+01
-1.2419e+02 -1.2052e+02 -9.8356e+01 -1.1528e+02
-1.2425e+02 -1.2106e+02 -1.0670e+02 -2.4829e+02
# New trial
-1.2448e+02 -1.2329e+02 -1.1234e+02 -9.2095e+01
-1.2441e+02 -1.2266e+02 -1.0644e+02 -8.7720e+01
-1.2426e+02 -1.2117e+02 -9.5148e+01 -8.7689e+01
-1.2422e+02 -1.2074e+02 -9.4814e+01 -8.7696e+01
# New trial
-1.2446e+02 -1.2310e+02 -1.1097e+02 -1.0833e+02
-1.2441e+02 -1.2263e+02 -1.0709e+02 -8.8214e+01
-1.2431e+02 -1.2168e+02 -1.0052e+02 -9.4059e+01
-1.2439e+02 -1.2242e+02 -1.0596e+02 -1.5699e+02
# New trial
-1.2447e+02 -1.2327e+02 -1.1880e+02 -2.1309e+02
-1.2439e+02 -1.2246e+02 -1.0757e+02 -8.8277e+01
-1.2422e+02 -1.2073e+02 -9.5317e+01 -8.9424e+01
-1.2428e+02 -1.2134e+02 -1.0012e+02 -1.3950e+02
# New trial
-1.2441e+02 -1.2272e+02 -1.1193e+02 -1.3355e+02
-1.2436e+02 -1.2216e+02 -1.0647e+02 -8.9122e+01
-1.2425e+02 -1.2107e+02 -9.7665e+01 -9.6103e+01
-1.2436e+02 -1.2214e+02 -1.0310e+02 -9.4652e+01
# New trial
-1.2443e+02 -1.2282e+02 -1.1103e+02 -2.0130e+02
-1.2438e+02 -1.2236e+02 -1.0605e+02 -9.0217e+01
-1.2427e+02 -1.2129e+02 -1.0049e+02 -1.1089e+02
-1.2438e+02 -1.2231e+02 -1.0679e+02 -1.7791e+02
# New trial
-1.2444e+02 -1.2294e+02 -1.1024e+02 -9.0457e+01
-1.2438e+02 -1.2237e+02 -1.0559e+02 -8.7813e+01
-1.2425e+02 -1.2110e+02 -9.7570e+01 -1.0851e+02
-1.2433e+02 -1.2181e+02 -1.0146e+02 -1.2934e+02
# New trial
-1.2445e+02 -1.2309e+02 -1.1155e+02 -1.0691e+02
-1.2441e+02 -1.2262e+02 -1.0771e+02 -9.6917e+01
-1.2433e+02 -1.2183e+02 -1.0317e+02 -1.4478e+02
-1.2441e+02 -1.2266e+02 -1.0860e+02 -1.5948e+02
# New trial
-1.2447e+02 -1.2329e+02 -1.1360e+02 -1.9273e+02
-1.2446e+02 -1.2312e+02 -1.1136e+02 -9.0858e+01
-1.2440e+02 -1.2254e+02 -1.0646e+02 -1.1695e+02
-1.2444e+02 -1.2296e+02 -1.1219e+02 -2.4476e+02
# New trial
-1.2443e+02 -1.2288e+02 -1.1630e+02 -1.8103e+02
-1.2435e+02 -1.2201e+02 -1.0264e+02 -8.8309e+01
-1.2420e+02 -1.2060e+02 -9.6049e+01 -8.8177e+01
-1.2424e+02 -1.2092e+02 -9.9600e+01 -1.1669e+02
# New trial
-1.2444e+02 -1.2298e+02 -1.1006e+02 -9.8817e+01
-1.2444e+02 -1.2292e+02 -1.0979e+02 -9.5670e+01
-1.2441e+02 -1.2268e+02 -1.0832e+02 -1.3207e+02
-1.2451e+02 -1.2363e+02 -1.1542e+02 -1.3588e+02
# New trial
-1.2440e+02 -1.2259e+02 -1.1068e+02 -1.3683e+02
-1.2433e+02 -1.2187e+02 -1.0222e+02 -8.8569e+01
-1.2415e+02 -1.2008e+02 -9.9444e+01 -1.5021e+02
-1.2426e+02 -1.2113e+02 -1.0496e+02 -2.2605e+02
# New trial
-1.2444e+02 -1.2295e+02 -1.1026e+02 -1.1555e+02
-1.2438e+02 -1.2234e+02 -1.0399e+02 -8.7689e+01
-1.2421e+02 -1.2061e+02 -9.2503e+01 -8.7687e+01
-1.2418e+02 -1.2035e+02 -9.3576e+01 -8.7687e+01
# New trial
-1.2448e+02 -1.2335e+02 -1.1291e+02 -1.0599e+02
-1.2446e+02 -1.2313e+02 -1.1122e+02 -1.0586e+02
-1.2444e+02 -1.2296e+02 -1.1028e+02 -1.2896e+02
-1.2453e+02 -1.2381e+02 -1.1704e+02 -1.3377e+02
# New trial
