# 0.01sig - Array shape (trial/sig/alpha): (30L, 4L, 4L)
-1.1476e+02 -1.0951e+02 -8.9626e+01 -2.9805e+02
-1.1474e+02 -1.0933e+02 -8.5449e+01 -2.8408e+02
-1.1483e+02 -1.1010e+02 -8.7302e+01 -3.2901e+02
-1.1523e+02 -1.1395e+02 -1.0595e+02 -3.5717e+02
# New trial
-1.1468e+02 -1.0883e+02 -9.0665e+01 -3.2171e+02
-1.1470e+02 -1.0896e+02 -8.7275e+01 -2.4615e+02
-1.1484e+02 -1.1023e+02 -8.5942e+01 -2.8328e+02
-1.1525e+02 -1.1410e+02 -1.0396e+02 -1.5692e+02
# New trial
-1.1479e+02 -1.0999e+02 -9.6130e+01 -3.1394e+02
-1.1471e+02 -1.0910e+02 -8.8033e+01 -2.7449e+02
-1.1466e+02 -1.0845e+02 -9.0313e+01 -4.6334e+02
-1.1516e+02 -1.1329e+02 -1.1112e+02 -5.6494e+02
# New trial
-1.1461e+02 -1.0846e+02 -9.4367e+01 -3.6147e+02
-1.1457e+02 -1.0818e+02 -9.3189e+01 -3.7656e+02
-1.1478e+02 -1.0995e+02 -9.4326e+01 -3.8946e+02
-1.1525e+02 -1.1423e+02 -1.0972e+02 -3.6874e+02
# New trial
-1.1490e+02 -1.1090e+02 -9.3102e+01 -2.7966e+02
-1.1478e+02 -1.0961e+02 -8.2536e+01 -2.6909e+02
-1.1468e+02 -1.0857e+02 -7.9397e+01 -2.8168e+02
-1.1503e+02 -1.1199e+02 -1.0182e+02 -4.4012e+02
# New trial
-1.1470e+02 -1.0905e+02 -9.0313e+01 -3.1659e+02
-1.1469e+02 -1.0885e+02 -8.3793e+01 -2.7063e+02
-1.1475e+02 -1.0931e+02 -8.6978e+01 -3.6158e+02
-1.1520e+02 -1.1362e+02 -1.0213e+02 -3.4086e+02
# New trial
-1.1465e+02 -1.0853e+02 -8.6086e+01 -2.3892e+02
-1.1468e+02 -1.0879e+02 -8.5926e+01 -2.3043e+02
-1.1491e+02 -1.1094e+02 -9.5312e+01 -3.5998e+02
-1.1527e+02 -1.1435e+02 -1.0883e+02 -2.3207e+02
# New trial
-1.1464e+02 -1.0866e+02 -8.8583e+01 -2.6345e+02
-1.1467e+02 -1.0869e+02 -8.4146e+01 -2.2859e+02
-1.1476e+02 -1.0936e+02 -8.3869e+01 -3.1539e+02
-1.1519e+02 -1.1352e+02 -1.0354e+02 -4.2190e+02
# New trial
-1.1469e+02 -1.0899e+02 -8.9371e+01 -3.5472e+02
-1.1464e+02 -1.0839e+02 -8.5504e+01 -3.5137e+02
-1.1456e+02 -1.0743e+02 -7.9466e+01 -2.9497e+02
-1.1511e+02 -1.1278e+02 -9.5951e+01 -3.0777e+02
# New trial
-1.1468e+02 -1.0879e+02 -8.9158e+01 -3.2188e+02
-1.1473e+02 -1.0920e+02 -8.7801e+01 -3.5275e+02
-1.1490e+02 -1.1082e+02 -9.9696e+01 -5.1987e+02
-1.1529e+02 -1.1456e+02 -1.1243e+02 -4.4590e+02
# New trial
-1.1448e+02 -1.0710e+02 -8.0449e+01 -1.8365e+02
-1.1454e+02 -1.0765e+02 -8.3372e+01 -2.7062e+02
-1.1484e+02 -1.1044e+02 -1.0488e+02 -5.2586e+02
-1.1533e+02 -1.1493e+02 -1.1831e+02 -5.8408e+02
# New trial
-1.1496e+02 -1.1130e+02 -8.4350e+01 -9.3290e+01
-1.1502e+02 -1.1185e+02 -8.7630e+01 -1.1460e+02
-1.1510e+02 -1.1262e+02 -9.2956e+01 -1.7789e+02
-1.1527e+02 -1.1434e+02 -1.0595e+02 -1.3218e+02
# New trial
-1.1478e+02 -1.0972e+02 -9.4255e+01 -3.4311e+02
-1.1473e+02 -1.0916e+02 -8.8348e+01 -3.1921e+02
-1.1464e+02 -1.0828e+02 -9.1224e+01 -4.5192e+02
-1.1508e+02 -1.1246e+02 -1.0302e+02 -5.6854e+02
# New trial
-1.1499e+02 -1.1155e+02 -8.7672e+01 -1.3572e+02
-1.1492e+02 -1.1092e+02 -8.2631e+01 -1.2817e+02
-1.1489e+02 -1.1060e+02 -8.0985e+01 -2.1228e+02
-1.1514e+02 -1.1305e+02 -9.8225e+01 -3.3388e+02
# New trial
-1.1489e+02 -1.1059e+02 -8.1402e+01 -1.8580e+02
-1.1491e+02 -1.1075e+02 -8.0564e+01 -1.6232e+02
-1.1495e+02 -1.1117e+02 -8.6275e+01 -2.9150e+02
-1.1522e+02 -1.1381e+02 -1.0447e+02 -3.4665e+02
# New trial
-1.1464e+02 -1.0856e+02 -8.8807e+01 -3.2810e+02
-1.1466e+02 -1.0878e+02 -8.9365e+01 -3.0858e+02
-1.1487e+02 -1.1061e+02 -1.0085e+02 -4.9524e+02
-1.1530e+02 -1.1461e+02 -1.1216e+02 -3.6083e+02
# New trial
-1.1471e+02 -1.0904e+02 -8.2206e+01 -1.8078e+02
-1.1471e+02 -1.0918e+02 -8.6324e+01 -2.3256e+02
-1.1486e+02 -1.1051e+02 -9.4165e+01 -3.9915e+02
-1.1523e+02 -1.1401e+02 -1.0772e+02 -4.7153e+02
# New trial
-1.1460e+02 -1.0851e+02 -1.0749e+02 -5.2350e+02
-1.1459e+02 -1.0824e+02 -9.4676e+01 -4.1046e+02
-1.1482e+02 -1.1023e+02 -1.0075e+02 -5.5180e+02
-1.1527e+02 -1.1437e+02 -1.0937e+02 -3.8891e+02
# New trial
-1.1501e+02 -1.1183e+02 -8.9991e+01 -1.7339e+02
-1.1501e+02 -1.1173e+02 -8.6198e+01 -1.3832e+02
-1.1497e+02 -1.1137e+02 -8.2264e+01 -1.7093e+02
-1.1515e+02 -1.1309e+02 -9.7213e+01 -2.5029e+02
# New trial
-1.1482e+02 -1.1001e+02 -8.4959e+01 -2.4316e+02
-1.1485e+02 -1.1025e+02 -8.3575e+01 -2.0940e+02
-1.1492e+02 -1.1090e+02 -8.9306e+01 -2.9594e+02
-1.1521e+02 -1.1374e+02 -1.0381e+02 -3.6246e+02
# New trial
-1.1445e+02 -1.0681e+02 -7.7306e+01 -2.2963e+02
-1.1446e+02 -1.0702e+02 -7.8541e+01 -1.6941e+02
-1.1482e+02 -1.1024e+02 -9.4112e+01 -3.1620e+02
-1.1532e+02 -1.1483e+02 -1.1293e+02 -3.2837e+02
# New trial
-1.1459e+02 -1.0782e+02 -7.8611e+01 -2.6521e+02
-1.1468e+02 -1.0862e+02 -7.5607e+01 -1.9461e+02
-1.1484e+02 -1.1018e+02 -8.6789e+01 -3.5097e+02
-1.1524e+02 -1.1404e+02 -1.0512e+02 -2.2908e+02
# New trial
-1.1499e+02 -1.1165e+02 -9.8659e+01 -2.9922e+02
-1.1497e+02 -1.1140e+02 -9.0262e+01 -2.1268e+02
-1.1493e+02 -1.1101e+02 -8.3918e+01 -2.1476e+02
-1.1509e+02 -1.1254e+02 -9.3530e+01 -2.3274e+02
# New trial
-1.1445e+02 -1.0722e+02 -9.7715e+01 -3.9668e+02
-1.1448e+02 -1.0749e+02 -9.6048e+01 -3.5755e+02
-1.1491e+02 -1.1115e+02 -1.0488e+02 -4.8904e+02
-1.1534e+02 -1.1503e+02 -1.1677e+02 -5.1131e+02
# New trial
-1.1484e+02 -1.1023e+02 -8.7748e+01 -2.4248e+02
-1.1477e+02 -1.0960e+02 -8.3462e+01 -1.9631e+02
-1.1477e+02 -1.0958e+02 -8.7676e+01 -3.5308e+02
-1.1522e+02 -1.1382e+02 -1.0501e+02 -3.3549e+02
# New trial
-1.1483e+02 -1.1020e+02 -9.3617e+01 -3.1627e+02
-1.1487e+02 -1.1051e+02 -8.9248e+01 -2.3503e+02
-1.1497e+02 -1.1146e+02 -9.1175e+01 -2.8301e+02
-1.1526e+02 -1.1427e+02 -1.0772e+02 -3.4666e+02
# New trial
-1.1493e+02 -1.1115e+02 -9.7857e+01 -3.0429e+02
-1.1485e+02 -1.1033e+02 -8.9076e+01 -2.5255e+02
-1.1481e+02 -1.0989e+02 -8.4211e+01 -3.0879e+02
-1.1511e+02 -1.1277e+02 -1.0070e+02 -4.4924e+02
# New trial
-1.1488e+02 -1.1062e+02 -9.0809e+01 -2.5064e+02
-1.1478e+02 -1.0967e+02 -8.2107e+01 -1.9624e+02
-1.1467e+02 -1.0854e+02 -7.2624e+01 -2.2059e+02
-1.1508e+02 -1.1241e+02 -8.9716e+01 -1.4989e+02
# New trial
-1.1484e+02 -1.1024e+02 -9.1228e+01 -2.8173e+02
-1.1492e+02 -1.1092e+02 -8.5674e+01 -1.6206e+02
-1.1501e+02 -1.1172e+02 -8.9325e+01 -2.0786e+02
-1.1524e+02 -1.1398e+02 -1.0451e+02 -2.3832e+02
# New trial
-1.1477e+02 -1.0983e+02 -1.0831e+02 -5.3407e+02
-1.1478e+02 -1.0974e+02 -8.8364e+01 -3.1574e+02
-1.1486e+02 -1.1035e+02 -8.7216e+01 -3.4555e+02
-1.1524e+02 -1.1398e+02 -1.0463e+02 -3.2534e+02
# New trial
