# 0.1sig - Array shape (trial/sig/alpha): (30, 4, 4)
-1.4219e+02 -1.3548e+02 -1.3755e+02 -7.3860e+02
-1.4212e+02 -1.3431e+02 -1.0648e+02 -3.3797e+02
-1.4203e+02 -1.3322e+02 -9.6806e+01 -4.1190e+02
-1.4268e+02 -1.3924e+02 -1.1576e+02 -3.2236e+02
# New trial
-1.4244e+02 -1.3711e+02 -1.1162e+02 -2.8320e+02
-1.4235e+02 -1.3618e+02 -9.9706e+01 -1.8036e+02
-1.4215e+02 -1.3414e+02 -8.4753e+01 -2.5486e+02
-1.4240e+02 -1.3646e+02 -9.5856e+01 -2.7383e+02
# New trial
-1.4243e+02 -1.3721e+02 -1.3517e+02 -6.4041e+02
-1.4223e+02 -1.3489e+02 -8.8632e+01 -2.9624e+02
-1.4180e+02 -1.3052e+02 -5.7929e+01 -1.7391e+02
-1.4201e+02 -1.3258e+02 -7.2560e+01 -1.2333e+02
# New trial
-1.4245e+02 -1.3729e+02 -1.3814e+02 -8.5324e+02
-1.4232e+02 -1.3579e+02 -1.0267e+02 -4.3751e+02
-1.4199e+02 -1.3243e+02 -7.2164e+01 -3.3124e+02
-1.4215e+02 -1.3391e+02 -7.7858e+01 -1.4402e+02
# New trial
-1.4263e+02 -1.3918e+02 -1.4250e+02 -6.6406e+02
-1.4249e+02 -1.3759e+02 -1.0891e+02 -2.1674e+02
-1.4230e+02 -1.3561e+02 -8.9293e+01 -2.6131e+02
-1.4255e+02 -1.3791e+02 -9.9660e+01 -1.7493e+02
# New trial
-1.4265e+02 -1.3907e+02 -1.2500e+02 -3.7130e+02
-1.4255e+02 -1.3802e+02 -1.0844e+02 -1.9697e+02
-1.4240e+02 -1.3651e+02 -9.0689e+01 -1.7167e+02
-1.4271e+02 -1.3949e+02 -1.0994e+02 -1.5944e+02
# New trial
-1.4242e+02 -1.3700e+02 -1.1344e+02 -3.2526e+02
-1.4237e+02 -1.3642e+02 -1.0049e+02 -2.2820e+02
-1.4222e+02 -1.3473e+02 -8.6783e+01 -2.8171e+02
-1.4248e+02 -1.3727e+02 -1.0408e+02 -4.6246e+02
# New trial
-1.4233e+02 -1.3616e+02 -1.4069e+02 -8.2602e+02
-1.4229e+02 -1.3561e+02 -1.0187e+02 -3.1242e+02
-1.4225e+02 -1.3504e+02 -9.0410e+01 -3.6418e+02
-1.4271e+02 -1.3954e+02 -1.1460e+02 -2.9777e+02
# New trial
-1.4207e+02 -1.3417e+02 -1.1711e+02 -5.0306e+02
-1.4192e+02 -1.3249e+02 -9.4668e+01 -3.3592e+02
-1.4189e+02 -1.3173e+02 -8.9375e+01 -4.3250e+02
-1.4261e+02 -1.3864e+02 -1.2046e+02 -5.7266e+02
# New trial
-1.4236e+02 -1.3643e+02 -1.1421e+02 -4.1670e+02
-1.4226e+02 -1.3533e+02 -9.5011e+01 -2.7661e+02
-1.4207e+02 -1.3327e+02 -8.0377e+01 -2.8521e+02
-1.4238e+02 -1.3627e+02 -9.8722e+01 -4.8825e+02
# New trial
-1.4264e+02 -1.3906e+02 -1.2414e+02 -3.3999e+02
-1.4245e+02 -1.3714e+02 -1.0654e+02 -3.1858e+02
-1.4201e+02 -1.3273e+02 -8.0836e+01 -2.6365e+02
-1.4223e+02 -1.3475e+02 -9.1460e+01 -4.3832e+02
# New trial
-1.4247e+02 -1.3772e+02 -1.4820e+02 -8.4497e+02
-1.4235e+02 -1.3638e+02 -1.1683e+02 -4.3614e+02
-1.4221e+02 -1.3484e+02 -1.0763e+02 -5.4384e+02
-1.4268e+02 -1.3925e+02 -1.2188e+02 -5.6719e+02
# New trial
-1.4247e+02 -1.3780e+02 -1.5653e+02 -9.5877e+02
-1.4241e+02 -1.3691e+02 -1.1293e+02 -4.0133e+02
-1.4229e+02 -1.3551e+02 -1.0330e+02 -5.1515e+02
-1.4267e+02 -1.3916e+02 -1.1443e+02 -3.9381e+02
# New trial
-1.4272e+02 -1.3999e+02 -1.4351e+02 -5.6816e+02
-1.4253e+02 -1.3785e+02 -1.0354e+02 -2.4598e+02
-1.4226e+02 -1.3505e+02 -7.8388e+01 -2.0362e+02
-1.4229e+02 -1.3531e+02 -9.1868e+01 -2.8218e+02
# New trial
-1.4234e+02 -1.3721e+02 -1.5286e+02 -7.8169e+02
-1.4203e+02 -1.3367e+02 -1.0704e+02 -4.3851e+02
-1.4175e+02 -1.3043e+02 -7.9918e+01 -3.5459e+02
-1.4244e+02 -1.3693e+02 -1.1463e+02 -7.1159e+02
# New trial
-1.4229e+02 -1.3654e+02 -1.6782e+02 -1.1208e+03
-1.4209e+02 -1.3416e+02 -1.1815e+02 -5.6328e+02
-1.4173e+02 -1.3038e+02 -9.6131e+01 -5.3239e+02
-1.4222e+02 -1.3484e+02 -1.0305e+02 -5.5975e+02
# New trial
-1.4237e+02 -1.3701e+02 -1.3656e+02 -6.2424e+02
-1.4230e+02 -1.3587e+02 -1.0710e+02 -3.5267e+02
-1.4212e+02 -1.3385e+02 -8.5499e+01 -3.2082e+02
-1.4244e+02 -1.3682e+02 -9.4062e+01 -2.2661e+02
# New trial
-1.4259e+02 -1.3855e+02 -1.2837e+02 -5.6833e+02
-1.4247e+02 -1.3729e+02 -1.0545e+02 -2.9062e+02
-1.4219e+02 -1.3442e+02 -8.6137e+01 -3.3467e+02
-1.4223e+02 -1.3476e+02 -9.4720e+01 -3.9919e+02
# New trial
-1.4254e+02 -1.3797e+02 -1.1093e+02 -3.0858e+02
-1.4241e+02 -1.3665e+02 -9.6885e+01 -2.1733e+02
-1.4227e+02 -1.3517e+02 -8.0507e+01 -1.8791e+02
-1.4256e+02 -1.3806e+02 -9.8720e+01 -6.0155e+01
# New trial
-1.4243e+02 -1.3754e+02 -1.5507e+02 -9.7352e+02
-1.4226e+02 -1.3551e+02 -9.9050e+01 -2.9647e+02
-1.4195e+02 -1.3216e+02 -6.9939e+01 -2.8423e+02
-1.4234e+02 -1.3586e+02 -8.5471e+01 -1.4813e+02
# New trial
-1.4236e+02 -1.3652e+02 -1.2681e+02 -5.9891e+02
-1.4230e+02 -1.3574e+02 -1.0263e+02 -3.2459e+02
-1.4219e+02 -1.3453e+02 -8.4126e+01 -2.9333e+02
-1.4262e+02 -1.3864e+02 -1.0393e+02 -2.0091e+02
# New trial
-1.4258e+02 -1.3859e+02 -1.3988e+02 -7.7690e+02
-1.4245e+02 -1.3717e+02 -1.1051e+02 -3.1047e+02
-1.4229e+02 -1.3550e+02 -9.7615e+01 -3.7666e+02
-1.4263e+02 -1.3881e+02 -1.1243e+02 -4.4660e+02
# New trial
-1.4244e+02 -1.3702e+02 -1.0693e+02 -2.8143e+02
-1.4237e+02 -1.3624e+02 -9.4720e+01 -2.4582e+02
-1.4220e+02 -1.3449e+02 -7.8386e+01 -2.2571e+02
-1.4251e+02 -1.3756e+02 -9.9668e+01 -3.5527e+02
# New trial
-1.4237e+02 -1.3672e+02 -1.1429e+02 -3.6120e+02
-1.4237e+02 -1.3634e+02 -9.6403e+01 -1.8715e+02
-1.4230e+02 -1.3553e+02 -8.7876e+01 -2.8850e+02
-1.4261e+02 -1.3852e+02 -1.0483e+02 -2.4382e+02
# New trial
-1.4260e+02 -1.3864e+02 -1.2978e+02 -7.0683e+02
-1.4260e+02 -1.3845e+02 -1.0921e+02 -2.1547e+02
-1.4252e+02 -1.3761e+02 -9.6354e+01 -1.8941e+02
-1.4270e+02 -1.3939e+02 -1.0964e+02 -1.4717e+02
# New trial
-1.4253e+02 -1.3858e+02 -1.5963e+02 -8.7028e+02
-1.4232e+02 -1.3585e+02 -9.9059e+01 -3.2991e+02
-1.4209e+02 -1.3348e+02 -8.5100e+01 -3.5945e+02
-1.4235e+02 -1.3597e+02 -1.0354e+02 -4.1037e+02
# New trial
-1.4249e+02 -1.3742e+02 -1.1203e+02 -3.9952e+02
-1.4254e+02 -1.3788e+02 -1.0444e+02 -2.3024e+02
-1.4261e+02 -1.3850e+02 -1.0808e+02 -3.0712e+02
-1.4289e+02 -1.4132e+02 -1.2892e+02 -3.9539e+02
# New trial
-1.4248e+02 -1.3809e+02 -1.5228e+02 -8.2992e+02
-1.4228e+02 -1.3565e+02 -1.0520e+02 -4.4305e+02
-1.4192e+02 -1.3185e+02 -7.5435e+01 -3.0542e+02
-1.4227e+02 -1.3517e+02 -9.0056e+01 -3.7395e+02
# New trial
-1.4246e+02 -1.3734e+02 -1.2488e+02 -4.8692e+02
-1.4235e+02 -1.3607e+02 -1.0509e+02 -3.6678e+02
-1.4206e+02 -1.3314e+02 -7.7461e+01 -2.4029e+02
-1.4227e+02 -1.3514e+02 -8.9992e+01 -2.7937e+02
# New trial
-1.4245e+02 -1.3728e+02 -1.1693e+02 -4.1006e+02
-1.4248e+02 -1.3738e+02 -1.0298e+02 -2.2797e+02
-1.4259e+02 -1.3832e+02 -1.0391e+02 -2.2938e+02
-1.4284e+02 -1.4082e+02 -1.2233e+02 -2.5795e+02
# New trial
