# 0.1sig - Array shape (trial/sig/alpha): (30, 4, 4)
-1.5654e+02 -1.5325e+02 -1.2960e+02 -1.3846e+02
-1.5645e+02 -1.5241e+02 -1.2480e+02 -1.0268e+02
-1.5626e+02 -1.5054e+02 -1.1935e+02 -1.5369e+02
-1.5654e+02 -1.5328e+02 -1.3342e+02 -3.2583e+02
# New trial
-1.5670e+02 -1.5484e+02 -1.3920e+02 -1.1163e+02
-1.5662e+02 -1.5403e+02 -1.3286e+02 -1.0395e+02
-1.5643e+02 -1.5217e+02 -1.2293e+02 -1.4244e+02
-1.5647e+02 -1.5257e+02 -1.3317e+02 -3.2962e+02
# New trial
-1.5669e+02 -1.5469e+02 -1.3925e+02 -1.4582e+02
-1.5656e+02 -1.5340e+02 -1.2685e+02 -1.0215e+02
-1.5629e+02 -1.5073e+02 -1.1610e+02 -1.4772e+02
-1.5620e+02 -1.4992e+02 -1.3027e+02 -3.3265e+02
# New trial
-1.5666e+02 -1.5437e+02 -1.3822e+02 -2.1322e+02
-1.5658e+02 -1.5360e+02 -1.2809e+02 -1.0165e+02
-1.5637e+02 -1.5147e+02 -1.1429e+02 -1.0761e+02
-1.5632e+02 -1.5103e+02 -1.1929e+02 -2.2080e+02
# New trial
-1.5674e+02 -1.5523e+02 -1.4297e+02 -1.4779e+02
-1.5667e+02 -1.5447e+02 -1.3542e+02 -1.0775e+02
-1.5649e+02 -1.5277e+02 -1.2482e+02 -1.3113e+02
-1.5652e+02 -1.5305e+02 -1.2831e+02 -2.3787e+02
# New trial
-1.5675e+02 -1.5527e+02 -1.4253e+02 -1.2779e+02
-1.5667e+02 -1.5455e+02 -1.3657e+02 -1.2084e+02
-1.5655e+02 -1.5329e+02 -1.2993e+02 -1.6430e+02
-1.5666e+02 -1.5444e+02 -1.4050e+02 -3.0332e+02
# New trial
-1.5671e+02 -1.5489e+02 -1.3855e+02 -1.0898e+02
-1.5665e+02 -1.5428e+02 -1.3337e+02 -1.0460e+02
-1.5649e+02 -1.5268e+02 -1.2219e+02 -1.0643e+02
-1.5650e+02 -1.5278e+02 -1.2474e+02 -1.9951e+02
# New trial
-1.5664e+02 -1.5420e+02 -1.3583e+02 -2.2912e+02
-1.5657e+02 -1.5352e+02 -1.2899e+02 -1.0180e+02
-1.5643e+02 -1.5211e+02 -1.2000e+02 -1.2481e+02
-1.5661e+02 -1.5387e+02 -1.3377e+02 -2.9123e+02
# New trial
-1.5658e+02 -1.5363e+02 -1.3149e+02 -1.0616e+02
-1.5645e+02 -1.5242e+02 -1.2361e+02 -1.0180e+02
-1.5621e+02 -1.5003e+02 -1.1237e+02 -1.0874e+02
-1.5647e+02 -1.5251e+02 -1.3066e+02 -3.1865e+02
# New trial
-1.5669e+02 -1.5465e+02 -1.3680e+02 -1.0734e+02
-1.5661e+02 -1.5389e+02 -1.3152e+02 -1.0367e+02
-1.5641e+02 -1.5190e+02 -1.2026e+02 -1.2325e+02
-1.5642e+02 -1.5200e+02 -1.2790e+02 -2.8333e+02
# New trial
-1.5673e+02 -1.5504e+02 -1.4014e+02 -1.1237e+02
-1.5663e+02 -1.5411e+02 -1.3255e+02 -1.0329e+02
-1.5637e+02 -1.5155e+02 -1.2130e+02 -1.3646e+02
-1.5629e+02 -1.5076e+02 -1.2176e+02 -2.1873e+02
# New trial
-1.5663e+02 -1.5409e+02 -1.3468e+02 -1.3657e+02
-1.5653e+02 -1.5316e+02 -1.2833e+02 -1.0327e+02
-1.5631e+02 -1.5099e+02 -1.1410e+02 -1.0230e+02
-1.5652e+02 -1.5301e+02 -1.2348e+02 -1.2633e+02
# New trial
-1.5670e+02 -1.5478e+02 -1.3848e+02 -1.2015e+02
-1.5663e+02 -1.5415e+02 -1.3376e+02 -1.1688e+02
-1.5647e+02 -1.5255e+02 -1.2798e+02 -1.8249e+02
-1.5659e+02 -1.5376e+02 -1.3455e+02 -2.5302e+02
# New trial
-1.5676e+02 -1.5536e+02 -1.4308e+02 -1.1685e+02
-1.5668e+02 -1.5458e+02 -1.3488e+02 -1.0584e+02
-1.5650e+02 -1.5281e+02 -1.2039e+02 -1.0647e+02
-1.5638e+02 -1.5156e+02 -1.1548e+02 -1.1820e+02
# New trial
-1.5662e+02 -1.5410e+02 -1.4122e+02 -2.4542e+02
-1.5647e+02 -1.5262e+02 -1.2662e+02 -1.0184e+02
-1.5617e+02 -1.4961e+02 -1.1080e+02 -1.0996e+02
-1.5636e+02 -1.5138e+02 -1.1481e+02 -1.3276e+02
# New trial
-1.5664e+02 -1.5429e+02 -1.4688e+02 -2.7624e+02
-1.5651e+02 -1.5292e+02 -1.2758e+02 -1.0225e+02
-1.5618e+02 -1.4979e+02 -1.1810e+02 -1.7763e+02
-1.5628e+02 -1.5071e+02 -1.3999e+02 -4.1693e+02
# New trial
-1.5669e+02 -1.5466e+02 -1.3603e+02 -1.0189e+02
-1.5659e+02 -1.5372e+02 -1.2811e+02 -1.0171e+02
-1.5635e+02 -1.5134e+02 -1.1312e+02 -1.0359e+02
-1.5636e+02 -1.5139e+02 -1.1468e+02 -1.0356e+02
# New trial
-1.5675e+02 -1.5533e+02 -1.4216e+02 -1.2227e+02
-1.5667e+02 -1.5447e+02 -1.3412e+02 -1.0264e+02
-1.5644e+02 -1.5223e+02 -1.1854e+02 -1.0731e+02
-1.5630e+02 -1.5082e+02 -1.1900e+02 -1.9397e+02
# New trial
-1.5673e+02 -1.5507e+02 -1.4002e+02 -1.2443e+02
-1.5667e+02 -1.5445e+02 -1.3508e+02 -1.0399e+02
-1.5652e+02 -1.5298e+02 -1.2510e+02 -1.4895e+02
-1.5657e+02 -1.5348e+02 -1.3010e+02 -2.4205e+02
# New trial
-1.5672e+02 -1.5505e+02 -1.4511e+02 -2.6469e+02
-1.5663e+02 -1.5408e+02 -1.3372e+02 -1.0738e+02
-1.5637e+02 -1.5159e+02 -1.1977e+02 -1.4318e+02
-1.5642e+02 -1.5207e+02 -1.2413e+02 -2.3721e+02
# New trial
-1.5669e+02 -1.5469e+02 -1.4044e+02 -1.5064e+02
-1.5660e+02 -1.5384e+02 -1.3134e+02 -1.0212e+02
-1.5642e+02 -1.5201e+02 -1.1937e+02 -1.0609e+02
-1.5651e+02 -1.5288e+02 -1.2457e+02 -1.6753e+02
# New trial
-1.5669e+02 -1.5465e+02 -1.3837e+02 -1.7043e+02
-1.5662e+02 -1.5396e+02 -1.3161e+02 -1.0378e+02
-1.5645e+02 -1.5231e+02 -1.2065e+02 -1.1997e+02
-1.5654e+02 -1.5321e+02 -1.2515e+02 -1.4268e+02
# New trial
-1.5669e+02 -1.5471e+02 -1.3699e+02 -1.0948e+02
-1.5662e+02 -1.5399e+02 -1.3128e+02 -1.0292e+02
-1.5645e+02 -1.5227e+02 -1.1879e+02 -1.0932e+02
-1.5647e+02 -1.5255e+02 -1.2033e+02 -1.3060e+02
# New trial
-1.5671e+02 -1.5491e+02 -1.3914e+02 -1.3401e+02
-1.5664e+02 -1.5423e+02 -1.3361e+02 -1.1191e+02
-1.5650e+02 -1.5285e+02 -1.2514e+02 -1.4328e+02
-1.5657e+02 -1.5353e+02 -1.3243e+02 -3.0330e+02
# New trial
-1.5671e+02 -1.5489e+02 -1.3869e+02 -1.2426e+02
-1.5669e+02 -1.5470e+02 -1.3704e+02 -1.0893e+02
-1.5663e+02 -1.5407e+02 -1.3338e+02 -1.6902e+02
-1.5673e+02 -1.5505e+02 -1.4292e+02 -3.0204e+02
# New trial
-1.5667e+02 -1.5455e+02 -1.4078e+02 -2.5019e+02
-1.5657e+02 -1.5347e+02 -1.2529e+02 -1.0153e+02
-1.5634e+02 -1.5122e+02 -1.1452e+02 -1.2030e+02
-1.5630e+02 -1.5086e+02 -1.2455e+02 -2.8868e+02
# New trial
-1.5674e+02 -1.5517e+02 -1.4097e+02 -1.2575e+02
-1.5671e+02 -1.5491e+02 -1.3922e+02 -1.3298e+02
-1.5665e+02 -1.5429e+02 -1.3708e+02 -1.9872e+02
-1.5675e+02 -1.5530e+02 -1.4458e+02 -3.1931e+02
# New trial
-1.5668e+02 -1.5465e+02 -1.3996e+02 -1.9273e+02
-1.5656e+02 -1.5345e+02 -1.2659e+02 -1.0154e+02
-1.5621e+02 -1.4998e+02 -1.0775e+02 -1.0153e+02
-1.5617e+02 -1.4952e+02 -1.1033e+02 -1.4155e+02
# New trial
-1.5671e+02 -1.5490e+02 -1.3859e+02 -1.3200e+02
-1.5663e+02 -1.5411e+02 -1.3068e+02 -1.0155e+02
-1.5640e+02 -1.5178e+02 -1.1481e+02 -1.0203e+02
-1.5630e+02 -1.5085e+02 -1.1381e+02 -1.4277e+02
# New trial
-1.5674e+02 -1.5523e+02 -1.4111e+02 -1.2123e+02
-1.5671e+02 -1.5486e+02 -1.3822e+02 -1.1732e+02
-1.5665e+02 -1.5428e+02 -1.3363e+02 -1.3117e+02
-1.5673e+02 -1.5511e+02 -1.4071e+02 -2.2255e+02
# New trial
