# 0.01sig - Array shape (trial/sig/alpha): (30, 4, 4)
-1.3339e+02 -1.2944e+02 -1.0191e+02 -7.2964e+01
-1.3329e+02 -1.2855e+02 -9.7457e+01 -9.0748e+01
-1.3319e+02 -1.2753e+02 -9.1967e+01 -1.6606e+02
-1.3360e+02 -1.3152e+02 -1.1400e+02 -1.9990e+02
# New trial
-1.3330e+02 -1.2858e+02 -9.7225e+01 -7.5671e+01
-1.3318e+02 -1.2743e+02 -9.4654e+01 -8.3429e+01
-1.3315e+02 -1.2717e+02 -9.3855e+01 -1.3965e+02
-1.3362e+02 -1.3178e+02 -1.1932e+02 -2.4467e+02
# New trial
-1.3331e+02 -1.2870e+02 -9.6179e+01 -6.7578e+01
-1.3315e+02 -1.2715e+02 -9.0601e+01 -7.5802e+01
-1.3294e+02 -1.2515e+02 -9.4847e+01 -2.1317e+02
-1.3348e+02 -1.3029e+02 -1.2230e+02 -5.2396e+02
# New trial
-1.3314e+02 -1.2708e+02 -8.9818e+01 -6.5846e+01
-1.3306e+02 -1.2646e+02 -9.0889e+01 -1.1442e+02
-1.3315e+02 -1.2723e+02 -9.7141e+01 -2.1230e+02
-1.3366e+02 -1.3209e+02 -1.2196e+02 -3.2775e+02
# New trial
-1.3342e+02 -1.2971e+02 -9.9574e+01 -6.8082e+01
-1.3328e+02 -1.2835e+02 -9.0829e+01 -7.1709e+01
-1.3308e+02 -1.2635e+02 -8.7639e+01 -1.7705e+02
-1.3337e+02 -1.2923e+02 -1.0610e+02 -3.5238e+02
# New trial
-1.3339e+02 -1.2940e+02 -9.8409e+01 -7.1118e+01
-1.3319e+02 -1.2756e+02 -9.4407e+01 -1.0997e+02
-1.3299e+02 -1.2563e+02 -9.0296e+01 -1.8905e+02
-1.3350e+02 -1.3047e+02 -1.0652e+02 -1.7000e+02
# New trial
-1.3339e+02 -1.2944e+02 -1.0086e+02 -6.7104e+01
-1.3329e+02 -1.2848e+02 -9.8613e+01 -8.0094e+01
-1.3332e+02 -1.2881e+02 -9.9388e+01 -1.4586e+02
-1.3371e+02 -1.3254e+02 -1.2242e+02 -1.8187e+02
# New trial
-1.3334e+02 -1.2899e+02 -9.7598e+01 -7.4591e+01
-1.3325e+02 -1.2805e+02 -9.2769e+01 -8.9551e+01
-1.3311e+02 -1.2672e+02 -9.5714e+01 -2.1372e+02
-1.3350e+02 -1.3050e+02 -1.0822e+02 -2.2832e+02
# New trial
-1.3331e+02 -1.2865e+02 -9.4385e+01 -6.6224e+01
-1.3317e+02 -1.2730e+02 -8.9241e+01 -1.0570e+02
-1.3293e+02 -1.2500e+02 -9.7178e+01 -2.8918e+02
-1.3346e+02 -1.3018e+02 -1.1913e+02 -4.5582e+02
# New trial
-1.3331e+02 -1.2875e+02 -1.0066e+02 -8.7896e+01
-1.3321e+02 -1.2782e+02 -9.8245e+01 -1.1429e+02
-1.3330e+02 -1.2863e+02 -1.1284e+02 -3.7920e+02
-1.3375e+02 -1.3297e+02 -1.3049e+02 -4.0690e+02
# New trial
-1.3322e+02 -1.2791e+02 -9.7362e+01 -6.9683e+01
-1.3315e+02 -1.2742e+02 -1.0087e+02 -1.6798e+02
-1.3324e+02 -1.2825e+02 -1.1941e+02 -4.9758e+02
-1.3374e+02 -1.3289e+02 -1.2908e+02 -4.1842e+02
# New trial
-1.3353e+02 -1.3077e+02 -1.0722e+02 -6.8765e+01
-1.3350e+02 -1.3045e+02 -1.0516e+02 -7.5057e+01
-1.3348e+02 -1.3035e+02 -1.0627e+02 -1.6113e+02
-1.3369e+02 -1.3240e+02 -1.2216e+02 -2.4545e+02
# New trial
-1.3340e+02 -1.2949e+02 -9.7599e+01 -6.5322e+01
-1.3326e+02 -1.2815e+02 -9.0472e+01 -7.2267e+01
-1.3296e+02 -1.2524e+02 -8.1031e+01 -1.3508e+02
-1.3337e+02 -1.2923e+02 -9.6262e+01 -1.0911e+02
# New trial
-1.3353e+02 -1.3075e+02 -1.0645e+02 -6.9114e+01
-1.3345e+02 -1.2996e+02 -1.0074e+02 -7.3700e+01
-1.3330e+02 -1.2855e+02 -9.3025e+01 -1.1994e+02
-1.3347e+02 -1.3020e+02 -1.0485e+02 -2.1635e+02
# New trial
-1.3346e+02 -1.3009e+02 -9.9690e+01 -6.5985e+01
-1.3339e+02 -1.2941e+02 -9.4598e+01 -6.5035e+01
-1.3331e+02 -1.2855e+02 -8.8293e+01 -7.6237e+01
-1.3358e+02 -1.3127e+02 -1.1008e+02 -7.9527e+01
# New trial
-1.3321e+02 -1.2775e+02 -9.3255e+01 -6.7548e+01
-1.3307e+02 -1.2648e+02 -8.9310e+01 -8.0386e+01
-1.3307e+02 -1.2651e+02 -8.9272e+01 -1.4341e+02
-1.3363e+02 -1.3183e+02 -1.1710e+02 -1.9727e+02
# New trial
-1.3329e+02 -1.2849e+02 -9.4013e+01 -7.4950e+01
-1.3320e+02 -1.2764e+02 -9.2217e+01 -8.0971e+01
-1.3321e+02 -1.2772e+02 -9.2806e+01 -1.3738e+02
-1.3363e+02 -1.3173e+02 -1.1667e+02 -2.7248e+02
# New trial
-1.3322e+02 -1.2793e+02 -9.7116e+01 -7.5429e+01
-1.3311e+02 -1.2699e+02 -9.5291e+01 -9.9096e+01
-1.3313e+02 -1.2719e+02 -1.0892e+02 -3.1990e+02
-1.3366e+02 -1.3218e+02 -1.3259e+02 -5.1719e+02
# New trial
-1.3359e+02 -1.3136e+02 -1.1093e+02 -7.8901e+01
-1.3351e+02 -1.3055e+02 -1.0498e+02 -7.9400e+01
-1.3335e+02 -1.2898e+02 -9.5998e+01 -1.5471e+02
-1.3350e+02 -1.3049e+02 -1.0996e+02 -2.9229e+02
# New trial
-1.3336e+02 -1.2914e+02 -9.7957e+01 -8.4387e+01
-1.3327e+02 -1.2823e+02 -9.4998e+01 -1.0996e+02
-1.3324e+02 -1.2796e+02 -1.0051e+02 -2.7571e+02
-1.3363e+02 -1.3173e+02 -1.1747e+02 -3.2805e+02
# New trial
-1.3296e+02 -1.2575e+02 -9.3827e+01 -6.9557e+01
-1.3287e+02 -1.2503e+02 -9.6998e+01 -1.2803e+02
-1.3316e+02 -1.2757e+02 -1.1085e+02 -3.2082e+02
-1.3377e+02 -1.3315e+02 -1.3151e+02 -4.3185e+02
# New trial
-1.3339e+02 -1.2946e+02 -9.9524e+01 -7.2862e+01
-1.3329e+02 -1.2847e+02 -9.6414e+01 -7.9235e+01
-1.3320e+02 -1.2761e+02 -9.2301e+01 -1.2325e+02
-1.3363e+02 -1.3181e+02 -1.1587e+02 -1.7204e+02
# New trial
-1.3358e+02 -1.3129e+02 -1.1021e+02 -6.9741e+01
-1.3349e+02 -1.3039e+02 -1.0387e+02 -7.9598e+01
-1.3333e+02 -1.2880e+02 -9.1945e+01 -8.9467e+01
-1.3346e+02 -1.3008e+02 -1.0028e+02 -8.0981e+01
# New trial
-1.3297e+02 -1.2571e+02 -9.0769e+01 -7.1765e+01
-1.3294e+02 -1.2562e+02 -9.8658e+01 -1.6632e+02
-1.3325e+02 -1.2841e+02 -1.1374e+02 -3.7633e+02
-1.3376e+02 -1.3317e+02 -1.3168e+02 -4.2522e+02
# New trial
-1.3344e+02 -1.2993e+02 -1.0312e+02 -8.3887e+01
-1.3328e+02 -1.2845e+02 -9.6488e+01 -9.2513e+01
-1.3315e+02 -1.2710e+02 -9.6376e+01 -2.6369e+02
-1.3360e+02 -1.3150e+02 -1.1518e+02 -3.3410e+02
# New trial
-1.3347e+02 -1.3022e+02 -1.0349e+02 -8.3070e+01
-1.3340e+02 -1.2951e+02 -9.9551e+01 -9.0997e+01
-1.3332e+02 -1.2875e+02 -9.4301e+01 -1.3290e+02
-1.3363e+02 -1.3181e+02 -1.1504e+02 -1.2249e+02
# New trial
-1.3349e+02 -1.3041e+02 -1.0315e+02 -6.6166e+01
-1.3335e+02 -1.2898e+02 -9.4519e+01 -6.8518e+01
-1.3316e+02 -1.2712e+02 -8.4985e+01 -1.2774e+02
-1.3346e+02 -1.3009e+02 -1.0177e+02 -1.4577e+02
# New trial
-1.3348e+02 -1.3030e+02 -1.0383e+02 -6.7801e+01
-1.3333e+02 -1.2889e+02 -9.6540e+01 -6.7293e+01
-1.3310e+02 -1.2668e+02 -8.9860e+01 -1.3037e+02
-1.3344e+02 -1.2995e+02 -1.0886e+02 -3.2206e+02
# New trial
-1.3353e+02 -1.3080e+02 -1.0689e+02 -6.7227e+01
-1.3348e+02 -1.3025e+02 -1.0255e+02 -6.8600e+01
-1.3340e+02 -1.2948e+02 -9.5263e+01 -7.4288e+01
-1.3365e+02 -1.3191e+02 -1.1562e+02 -8.8716e+01
# New trial
-1.3339e+02 -1.2944e+02 -1.0117e+02 -9.7209e+01
-1.3328e+02 -1.2841e+02 -9.7753e+01 -1.2669e+02
-1.3326e+02 -1.2818e+02 -1.0605e+02 -3.1478e+02
-1.3365e+02 -1.3201e+02 -1.2294e+02 -3.8482e+02
# New trial
