# 0.01sig - Array shape (trial/sig/alpha): (30L, 4L, 4L)
-6.9180e+01 -6.8780e+01 -6.6374e+01 -6.4715e+01
-6.9177e+01 -6.8752e+01 -6.6454e+01 -6.8461e+01
-6.9181e+01 -6.8778e+01 -6.6787e+01 -8.0162e+01
-6.9220e+01 -6.9158e+01 -6.8686e+01 -8.1606e+01
# New trial
-6.9174e+01 -6.8714e+01 -6.6023e+01 -6.4653e+01
-6.9165e+01 -6.8632e+01 -6.5882e+01 -6.4644e+01
-6.9191e+01 -6.8879e+01 -6.6692e+01 -6.4812e+01
-6.9225e+01 -6.9212e+01 -6.9205e+01 -8.5734e+01
# New trial
-6.9178e+01 -6.8753e+01 -6.6187e+01 -6.4615e+01
-6.9160e+01 -6.8580e+01 -6.5395e+01 -6.4612e+01
-6.9133e+01 -6.8306e+01 -6.4719e+01 -6.4612e+01
-6.9203e+01 -6.8992e+01 -6.7280e+01 -7.7198e+01
# New trial
-6.9178e+01 -6.8767e+01 -6.6591e+01 -6.4620e+01
-6.9165e+01 -6.8645e+01 -6.5602e+01 -6.4612e+01
-6.9167e+01 -6.8651e+01 -6.5271e+01 -6.4612e+01
-6.9217e+01 -6.9131e+01 -6.8366e+01 -6.9548e+01
# New trial
-6.9193e+01 -6.8892e+01 -6.6582e+01 -6.4613e+01
-6.9178e+01 -6.8748e+01 -6.5584e+01 -6.4612e+01
-6.9164e+01 -6.8609e+01 -6.4965e+01 -6.4612e+01
-6.9211e+01 -6.9064e+01 -6.7661e+01 -6.5672e+01
# New trial
-6.9182e+01 -6.8786e+01 -6.6239e+01 -6.4828e+01
-6.9169e+01 -6.8669e+01 -6.6166e+01 -6.7967e+01
-6.9193e+01 -6.8901e+01 -6.7595e+01 -8.8634e+01
-6.9225e+01 -6.9212e+01 -6.9101e+01 -7.3730e+01
# New trial
-6.9185e+01 -6.8823e+01 -6.6751e+01 -6.4703e+01
-6.9176e+01 -6.8742e+01 -6.6375e+01 -6.4636e+01
-6.9194e+01 -6.8911e+01 -6.7132e+01 -6.7064e+01
-6.9225e+01 -6.9210e+01 -6.9146e+01 -7.8454e+01
# New trial
-6.9184e+01 -6.8810e+01 -6.6644e+01 -6.4752e+01
-6.9185e+01 -6.8822e+01 -6.6722e+01 -6.5208e+01
-6.9206e+01 -6.9028e+01 -6.8730e+01 -9.6877e+01
-6.9225e+01 -6.9215e+01 -6.9399e+01 -9.4338e+01
# New trial
-6.9174e+01 -6.8726e+01 -6.6406e+01 -6.4666e+01
-6.9164e+01 -6.8631e+01 -6.6162e+01 -6.4810e+01
-6.9187e+01 -6.8852e+01 -6.8655e+01 -9.7153e+01
-6.9223e+01 -6.9194e+01 -6.9149e+01 -8.5884e+01
# New trial
-6.9184e+01 -6.8818e+01 -6.7187e+01 -7.5745e+01
-6.9181e+01 -6.8794e+01 -6.7303e+01 -8.2991e+01
-6.9205e+01 -6.9017e+01 -6.7993e+01 -7.8630e+01
-6.9226e+01 -6.9215e+01 -6.9156e+01 -6.9522e+01
# New trial
-6.9170e+01 -6.8693e+01 -6.6589e+01 -6.4709e+01
-6.9168e+01 -6.8682e+01 -6.6915e+01 -7.8666e+01
-6.9197e+01 -6.8956e+01 -6.9958e+01 -1.1633e+02
-6.9225e+01 -6.9213e+01 -6.9243e+01 -7.9084e+01
# New trial
-6.9197e+01 -6.8934e+01 -6.6756e+01 -6.4621e+01
-6.9195e+01 -6.8913e+01 -6.6614e+01 -6.4620e+01
-6.9204e+01 -6.9002e+01 -6.7204e+01 -6.4633e+01
-6.9224e+01 -6.9199e+01 -6.8970e+01 -7.3337e+01
# New trial
-6.9182e+01 -6.8790e+01 -6.6178e+01 -6.4627e+01
-6.9183e+01 -6.8801e+01 -6.6662e+01 -6.9212e+01
-6.9192e+01 -6.8888e+01 -6.8604e+01 -1.0170e+02
-6.9224e+01 -6.9196e+01 -6.9227e+01 -9.5140e+01
# New trial
-6.9198e+01 -6.8941e+01 -6.6892e+01 -6.5512e+01
-6.9190e+01 -6.8863e+01 -6.6366e+01 -6.5416e+01
-6.9183e+01 -6.8797e+01 -6.5912e+01 -6.5553e+01
-6.9217e+01 -6.9124e+01 -6.8253e+01 -6.9114e+01
# New trial
-6.9192e+01 -6.8883e+01 -6.6608e+01 -6.4994e+01
-6.9197e+01 -6.8937e+01 -6.7213e+01 -7.4978e+01
-6.9216e+01 -6.9121e+01 -6.8605e+01 -8.8377e+01
-6.9226e+01 -6.9220e+01 -6.9193e+01 -7.0705e+01
# New trial
-6.9171e+01 -6.8702e+01 -6.6377e+01 -6.4748e+01
-6.9161e+01 -6.8614e+01 -6.6257e+01 -6.4898e+01
-6.9187e+01 -6.8846e+01 -6.6908e+01 -7.0035e+01
-6.9225e+01 -6.9212e+01 -6.9151e+01 -7.7157e+01
# New trial
-6.9180e+01 -6.8776e+01 -6.6346e+01 -6.4977e+01
-6.9185e+01 -6.8831e+01 -6.6935e+01 -6.5851e+01
-6.9216e+01 -6.9125e+01 -6.9189e+01 -9.4281e+01
-6.9227e+01 -6.9232e+01 -6.9431e+01 -9.4283e+01
# New trial
-6.9160e+01 -6.8609e+01 -6.6238e+01 -6.4987e+01
-6.9174e+01 -6.8759e+01 -6.7316e+01 -7.2313e+01
-6.9217e+01 -6.9158e+01 -7.1342e+01 -1.2906e+02
-6.9226e+01 -6.9220e+01 -6.9382e+01 -9.3083e+01
# New trial
-6.9203e+01 -6.8991e+01 -6.7090e+01 -6.4688e+01
-6.9196e+01 -6.8921e+01 -6.6615e+01 -6.4661e+01
-6.9178e+01 -6.8744e+01 -6.5371e+01 -6.4612e+01
-6.9204e+01 -6.9003e+01 -6.7086e+01 -6.4613e+01
# New trial
-6.9184e+01 -6.8810e+01 -6.6308e+01 -6.4736e+01
-6.9176e+01 -6.8734e+01 -6.6019e+01 -6.4764e+01
-6.9199e+01 -6.8955e+01 -6.7223e+01 -6.8910e+01
-6.9225e+01 -6.9212e+01 -6.9123e+01 -7.5617e+01
# New trial
-6.9141e+01 -6.8452e+01 -6.5833e+01 -6.4688e+01
-6.9137e+01 -6.8423e+01 -6.5973e+01 -6.4752e+01
-6.9190e+01 -6.8891e+01 -6.7696e+01 -7.5059e+01
-6.9226e+01 -6.9223e+01 -6.9352e+01 -8.7196e+01
# New trial
-6.9177e+01 -6.8743e+01 -6.6134e+01 -6.4625e+01
-6.9181e+01 -6.8791e+01 -6.6823e+01 -6.5150e+01
-6.9198e+01 -6.8953e+01 -6.7940e+01 -8.1754e+01
-6.9225e+01 -6.9210e+01 -6.9291e+01 -8.3863e+01
# New trial
-6.9201e+01 -6.8969e+01 -6.6982e+01 -6.4812e+01
-6.9193e+01 -6.8897e+01 -6.6535e+01 -6.4842e+01
-6.9199e+01 -6.8953e+01 -6.6925e+01 -7.0298e+01
-6.9223e+01 -6.9193e+01 -6.8918e+01 -7.1566e+01
# New trial
-6.9152e+01 -6.8552e+01 -6.6180e+01 -6.4614e+01
-6.9168e+01 -6.8718e+01 -6.8034e+01 -8.7569e+01
-6.9215e+01 -6.9155e+01 -7.0729e+01 -1.1324e+02
-6.9224e+01 -6.9214e+01 -6.9434e+01 -8.8758e+01
# New trial
-6.9182e+01 -6.8787e+01 -6.6230e+01 -6.4614e+01
-6.9173e+01 -6.8706e+01 -6.5950e+01 -6.4612e+01
-6.9191e+01 -6.8887e+01 -6.7533e+01 -8.8419e+01
-6.9224e+01 -6.9203e+01 -6.9068e+01 -7.7304e+01
# New trial
-6.9182e+01 -6.8782e+01 -6.5942e+01 -6.4612e+01
-6.9175e+01 -6.8724e+01 -6.5762e+01 -6.4612e+01
-6.9199e+01 -6.8959e+01 -6.7101e+01 -6.4636e+01
-6.9226e+01 -6.9218e+01 -6.9151e+01 -6.9238e+01
# New trial
-6.9195e+01 -6.8910e+01 -6.6854e+01 -6.5140e+01
-6.9182e+01 -6.8795e+01 -6.6400e+01 -6.5005e+01
-6.9176e+01 -6.8733e+01 -6.6103e+01 -6.9843e+01
-6.9215e+01 -6.9107e+01 -6.8142e+01 -7.1273e+01
# New trial
-6.9190e+01 -6.8869e+01 -6.6504e+01 -6.4685e+01
-6.9179e+01 -6.8758e+01 -6.6136e+01 -6.4676e+01
-6.9181e+01 -6.8789e+01 -6.7081e+01 -7.8498e+01
-6.9220e+01 -6.9161e+01 -6.8963e+01 -9.1632e+01
# New trial
-6.9192e+01 -6.8883e+01 -6.6529e+01 -6.4618e+01
-6.9190e+01 -6.8863e+01 -6.6493e+01 -6.4690e+01
-6.9196e+01 -6.8925e+01 -6.6706e+01 -6.4656e+01
-6.9223e+01 -6.9193e+01 -6.8941e+01 -7.5703e+01
# New trial
-6.9176e+01 -6.8728e+01 -6.6035e+01 -6.5202e+01
-6.9166e+01 -6.8632e+01 -6.5694e+01 -6.5201e+01
-6.9192e+01 -6.8885e+01 -6.6619e+01 -6.5827e+01
-6.9224e+01 -6.9204e+01 -6.9098e+01 -8.0319e+01
# New trial
