# 0.1sig - Array shape (trial/sig/alpha): (30L, 4L, 4L)
-6.8832e+01 -6.5738e+01 -6.4315e+01 -2.5269e+02
-6.8923e+01 -6.6472e+01 -5.8778e+01 -1.3284e+02
-6.9056e+01 -6.7676e+01 -6.4643e+01 -2.2626e+02
-6.9210e+01 -6.9071e+01 -6.8459e+01 -1.3175e+02
# New trial
-6.8982e+01 -6.7020e+01 -6.5398e+01 -2.1697e+02
-6.9018e+01 -6.7357e+01 -6.3904e+01 -1.5162e+02
-6.9101e+01 -6.8057e+01 -6.4258e+01 -1.8136e+02
-6.9210e+01 -6.9068e+01 -6.8165e+01 -1.3178e+02
# New trial
-6.9078e+01 -6.7987e+01 -8.1877e+01 -3.9020e+02
-6.9008e+01 -6.7179e+01 -6.3882e+01 -2.1121e+02
-6.8916e+01 -6.6176e+01 -5.3168e+01 -1.4136e+02
-6.9047e+01 -6.7445e+01 -5.7618e+01 -8.5285e+01
# New trial
-6.9055e+01 -6.7711e+01 -8.1382e+01 -4.3958e+02
-6.8993e+01 -6.6968e+01 -5.6837e+01 -1.7026e+02
-6.8939e+01 -6.6379e+01 -4.9187e+01 -7.6076e+01
-6.9086e+01 -6.7828e+01 -5.8622e+01 -5.5429e+01
# New trial
-6.8983e+01 -6.7060e+01 -7.1074e+01 -2.9919e+02
-6.8994e+01 -6.7026e+01 -5.6190e+01 -8.8885e+01
-6.9044e+01 -6.7459e+01 -5.6361e+01 -1.0651e+02
-6.9174e+01 -6.8708e+01 -6.4738e+01 -7.9597e+01
# New trial
-6.9076e+01 -6.7858e+01 -6.8643e+01 -2.1971e+02
-6.9059e+01 -6.7663e+01 -6.2833e+01 -1.3709e+02
-6.9061e+01 -6.7615e+01 -5.7602e+01 -1.1508e+02
-6.9164e+01 -6.8601e+01 -6.3643e+01 -1.0021e+02
# New trial
-6.9075e+01 -6.7854e+01 -6.7871e+01 -1.9807e+02
-6.9041e+01 -6.7498e+01 -6.3772e+01 -1.7268e+02
-6.9037e+01 -6.7384e+01 -5.8046e+01 -1.4203e+02
-6.9177e+01 -6.8733e+01 -6.5046e+01 -1.1925e+02
# New trial
-6.8978e+01 -6.7078e+01 -8.4146e+01 -4.3876e+02
-6.9005e+01 -6.7158e+01 -6.3104e+01 -1.7242e+02
-6.9042e+01 -6.7429e+01 -5.9076e+01 -1.6842e+02
-6.9186e+01 -6.8833e+01 -6.7138e+01 -1.6934e+02
# New trial
-6.8917e+01 -6.6593e+01 -6.5453e+01 -2.0518e+02
-6.8907e+01 -6.6412e+01 -6.0436e+01 -1.5852e+02
-6.9027e+01 -6.7347e+01 -6.1450e+01 -2.0841e+02
-6.9212e+01 -6.9082e+01 -6.8555e+01 -2.0204e+02
# New trial
-6.9020e+01 -6.7350e+01 -6.6060e+01 -2.2849e+02
-6.9002e+01 -6.7148e+01 -6.3153e+01 -1.9801e+02
-6.9034e+01 -6.7354e+01 -5.7548e+01 -1.2489e+02
-6.9173e+01 -6.8697e+01 -6.4440e+01 -6.4541e+01
# New trial
-6.9039e+01 -6.7543e+01 -6.5162e+01 -1.7011e+02
-6.9003e+01 -6.7153e+01 -6.2291e+01 -1.8655e+02
-6.8952e+01 -6.6587e+01 -5.7379e+01 -1.8417e+02
-6.9112e+01 -6.8088e+01 -5.9905e+01 -1.3172e+02
# New trial
-6.8954e+01 -6.6763e+01 -7.3248e+01 -3.2074e+02
-6.8962e+01 -6.6798e+01 -6.3823e+01 -2.0053e+02
-6.9070e+01 -6.7728e+01 -6.2357e+01 -1.8918e+02
-6.9213e+01 -6.9091e+01 -6.9577e+01 -2.6725e+02
# New trial
-6.9005e+01 -6.7389e+01 -8.3017e+01 -4.5840e+02
-6.9034e+01 -6.7484e+01 -6.4921e+01 -1.7769e+02
-6.9062e+01 -6.7640e+01 -5.9983e+01 -1.5176e+02
-6.9186e+01 -6.8824e+01 -6.6124e+01 -1.5442e+02
# New trial
-6.9115e+01 -6.8242e+01 -7.4425e+01 -3.0329e+02
-6.9063e+01 -6.7645e+01 -5.9246e+01 -1.3056e+02
-6.9021e+01 -6.7194e+01 -5.3246e+01 -1.0060e+02
-6.9113e+01 -6.8093e+01 -6.0219e+01 -6.4852e+01
# New trial
-6.8885e+01 -6.6408e+01 -6.6269e+01 -1.9047e+02
-6.8827e+01 -6.5666e+01 -5.7107e+01 -1.6593e+02
-6.8929e+01 -6.6425e+01 -5.5465e+01 -1.5298e+02
-6.9188e+01 -6.8867e+01 -6.7085e+01 -1.5163e+02
# New trial
-6.8965e+01 -6.7244e+01 -8.9209e+01 -4.7472e+02
-6.8907e+01 -6.6431e+01 -7.2163e+01 -3.1119e+02
-6.8902e+01 -6.6185e+01 -6.6618e+01 -3.0703e+02
-6.9167e+01 -6.8645e+01 -6.9321e+01 -2.9776e+02
# New trial
-6.8979e+01 -6.7074e+01 -7.2828e+01 -2.7977e+02
-6.8992e+01 -6.7077e+01 -6.3282e+01 -1.9646e+02
-6.9089e+01 -6.7909e+01 -6.1918e+01 -1.8626e+02
-6.9216e+01 -6.9120e+01 -6.8855e+01 -2.0816e+02
# New trial
-6.9069e+01 -6.7722e+01 -6.6887e+01 -2.6774e+02
-6.9043e+01 -6.7445e+01 -6.0041e+01 -1.6946e+02
-6.9027e+01 -6.7250e+01 -5.4137e+01 -7.8989e+01
-6.9147e+01 -6.8434e+01 -6.1984e+01 -5.2082e+01
# New trial
-6.9026e+01 -6.7298e+01 -5.8532e+01 -1.1159e+02
-6.9008e+01 -6.7125e+01 -5.6952e+01 -1.0310e+02
-6.9049e+01 -6.7491e+01 -5.6720e+01 -1.2652e+02
-6.9175e+01 -6.8714e+01 -6.4548e+01 -7.1542e+01
# New trial
-6.9051e+01 -6.7746e+01 -8.2115e+01 -4.0224e+02
-6.9010e+01 -6.7228e+01 -6.2207e+01 -1.6968e+02
-6.9015e+01 -6.7221e+01 -6.0013e+01 -1.7825e+02
-6.9172e+01 -6.8707e+01 -6.8772e+01 -3.0797e+02
# New trial
-6.9063e+01 -6.7906e+01 -8.2054e+01 -4.0527e+02
-6.9041e+01 -6.7556e+01 -6.6812e+01 -2.0400e+02
-6.9063e+01 -6.7665e+01 -6.2486e+01 -1.9811e+02
-6.9194e+01 -6.8904e+01 -6.6716e+01 -1.5532e+02
# New trial
-6.9090e+01 -6.8046e+01 -7.6511e+01 -3.4312e+02
-6.9060e+01 -6.7711e+01 -6.5945e+01 -1.8500e+02
-6.9093e+01 -6.7949e+01 -6.2601e+01 -1.6745e+02
-6.9212e+01 -6.9088e+01 -6.9000e+01 -2.1780e+02
# New trial
-6.8969e+01 -6.6779e+01 -6.1366e+01 -1.9567e+02
-6.8969e+01 -6.6738e+01 -5.6394e+01 -1.4509e+02
-6.9030e+01 -6.7302e+01 -5.6536e+01 -1.3890e+02
-6.9182e+01 -6.8788e+01 -6.5673e+01 -1.1477e+02
# New trial
-6.9007e+01 -6.7131e+01 -6.1253e+01 -1.5371e+02
-6.9026e+01 -6.7295e+01 -5.8977e+01 -1.3712e+02
-6.9092e+01 -6.7908e+01 -5.9868e+01 -1.6841e+02
-6.9204e+01 -6.9004e+01 -6.7348e+01 -1.4351e+02
# New trial
-6.9051e+01 -6.7586e+01 -7.0005e+01 -3.1172e+02
-6.9075e+01 -6.7776e+01 -6.1969e+01 -1.3698e+02
-6.9123e+01 -6.8213e+01 -6.1372e+01 -1.1490e+02
-6.9201e+01 -6.8969e+01 -6.6810e+01 -6.4118e+01
# New trial
-6.9034e+01 -6.7803e+01 -8.4843e+01 -3.8914e+02
-6.8945e+01 -6.6544e+01 -5.7569e+01 -1.7970e+02
-6.8970e+01 -6.6703e+01 -5.4605e+01 -1.5749e+02
-6.9162e+01 -6.8589e+01 -6.4943e+01 -2.3439e+02
# New trial
-6.9011e+01 -6.7188e+01 -6.5280e+01 -2.5388e+02
-6.9076e+01 -6.7782e+01 -6.2318e+01 -1.4760e+02
-6.9176e+01 -6.8739e+01 -6.6325e+01 -1.5002e+02
-6.9225e+01 -6.9208e+01 -6.9378e+01 -1.6509e+02
# New trial
-6.9042e+01 -6.7759e+01 -7.9597e+01 -3.4729e+02
-6.8995e+01 -6.7169e+01 -6.8619e+01 -2.6115e+02
-6.9039e+01 -6.7470e+01 -6.5994e+01 -2.6259e+02
-6.9200e+01 -6.8971e+01 -6.8072e+01 -1.9577e+02
# New trial
-6.9006e+01 -6.7143e+01 -6.9014e+01 -2.9689e+02
-6.8973e+01 -6.6789e+01 -6.2469e+01 -2.4391e+02
-6.9008e+01 -6.7086e+01 -5.9043e+01 -2.0612e+02
-6.9180e+01 -6.8768e+01 -6.7766e+01 -2.6800e+02
# New trial
-6.8968e+01 -6.6746e+01 -5.6806e+01 -1.5322e+02
-6.9032e+01 -6.7345e+01 -5.7877e+01 -1.1602e+02
-6.9151e+01 -6.8493e+01 -6.4095e+01 -1.2552e+02
-6.9218e+01 -6.9142e+01 -6.8632e+01 -9.7141e+01
# New trial
