# 0.1sig - Array shape (trial/sig/alpha): (30, 4, 4)
-1.4741e+02 -1.4495e+02 -1.2663e+02 -1.1448e+02
-1.4735e+02 -1.4439e+02 -1.2428e+02 -1.0682e+02
-1.4721e+02 -1.4307e+02 -1.1888e+02 -1.2412e+02
-1.4742e+02 -1.4506e+02 -1.2702e+02 -1.7442e+02
# New trial
-1.4751e+02 -1.4600e+02 -1.3299e+02 -1.1486e+02
-1.4745e+02 -1.4539e+02 -1.2825e+02 -1.0638e+02
-1.4731e+02 -1.4397e+02 -1.1775e+02 -1.0684e+02
-1.4732e+02 -1.4411e+02 -1.1918e+02 -1.0710e+02
# New trial
-1.4751e+02 -1.4598e+02 -1.3425e+02 -1.4184e+02
-1.4741e+02 -1.4500e+02 -1.2476e+02 -1.0636e+02
-1.4720e+02 -1.4289e+02 -1.1420e+02 -1.1968e+02
-1.4713e+02 -1.4216e+02 -1.1444e+02 -1.4193e+02
# New trial
-1.4748e+02 -1.4566e+02 -1.3052e+02 -1.4472e+02
-1.4742e+02 -1.4508e+02 -1.2453e+02 -1.0840e+02
-1.4726e+02 -1.4346e+02 -1.1805e+02 -1.6270e+02
-1.4725e+02 -1.4336e+02 -1.2601e+02 -2.7927e+02
# New trial
-1.4756e+02 -1.4645e+02 -1.3852e+02 -1.7804e+02
-1.4750e+02 -1.4584e+02 -1.3163e+02 -1.0940e+02
-1.4737e+02 -1.4455e+02 -1.2343e+02 -1.2446e+02
-1.4738e+02 -1.4470e+02 -1.2341e+02 -1.4515e+02
# New trial
-1.4754e+02 -1.4629e+02 -1.3516e+02 -1.1407e+02
-1.4749e+02 -1.4574e+02 -1.3079e+02 -1.1233e+02
-1.4738e+02 -1.4469e+02 -1.2549e+02 -1.3897e+02
-1.4748e+02 -1.4569e+02 -1.3325e+02 -2.4673e+02
# New trial
-1.4753e+02 -1.4613e+02 -1.3342e+02 -1.1096e+02
-1.4748e+02 -1.4566e+02 -1.2940e+02 -1.0739e+02
-1.4735e+02 -1.4442e+02 -1.1995e+02 -1.0648e+02
-1.4738e+02 -1.4466e+02 -1.2173e+02 -1.1633e+02
# New trial
-1.4748e+02 -1.4563e+02 -1.3189e+02 -2.1297e+02
-1.4743e+02 -1.4516e+02 -1.2740e+02 -1.0731e+02
-1.4733e+02 -1.4420e+02 -1.2315e+02 -1.5690e+02
-1.4747e+02 -1.4554e+02 -1.3279e+02 -2.6036e+02
# New trial
-1.4744e+02 -1.4529e+02 -1.2921e+02 -1.1088e+02
-1.4735e+02 -1.4441e+02 -1.2347e+02 -1.0617e+02
-1.4716e+02 -1.4260e+02 -1.1340e+02 -1.0639e+02
-1.4737e+02 -1.4459e+02 -1.2283e+02 -1.3208e+02
# New trial
-1.4751e+02 -1.4597e+02 -1.3219e+02 -1.0855e+02
-1.4745e+02 -1.4537e+02 -1.2752e+02 -1.0662e+02
-1.4729e+02 -1.4383e+02 -1.1665e+02 -1.1045e+02
-1.4730e+02 -1.4389e+02 -1.1890e+02 -1.6706e+02
# New trial
-1.4753e+02 -1.4618e+02 -1.3364e+02 -1.0663e+02
-1.4746e+02 -1.4546e+02 -1.2767e+02 -1.0666e+02
-1.4726e+02 -1.4349e+02 -1.1590e+02 -1.0703e+02
-1.4720e+02 -1.4289e+02 -1.1315e+02 -1.0687e+02
# New trial
-1.4750e+02 -1.4584e+02 -1.3377e+02 -1.4762e+02
-1.4743e+02 -1.4518e+02 -1.2884e+02 -1.0762e+02
-1.4725e+02 -1.4347e+02 -1.1642e+02 -1.0812e+02
-1.4739e+02 -1.4473e+02 -1.2203e+02 -1.2545e+02
# New trial
-1.4752e+02 -1.4608e+02 -1.3339e+02 -1.1363e+02
-1.4748e+02 -1.4564e+02 -1.2991e+02 -1.2067e+02
-1.4737e+02 -1.4457e+02 -1.2588e+02 -1.9046e+02
-1.4746e+02 -1.4548e+02 -1.3435e+02 -3.1202e+02
# New trial
-1.4756e+02 -1.4649e+02 -1.3700e+02 -1.1432e+02
-1.4750e+02 -1.4589e+02 -1.3085e+02 -1.0781e+02
-1.4736e+02 -1.4450e+02 -1.1974e+02 -1.1165e+02
-1.4726e+02 -1.4349e+02 -1.1516e+02 -1.0662e+02
# New trial
-1.4747e+02 -1.4564e+02 -1.3626e+02 -2.0767e+02
-1.4736e+02 -1.4455e+02 -1.2556e+02 -1.0646e+02
-1.4713e+02 -1.4230e+02 -1.1534e+02 -1.1829e+02
-1.4721e+02 -1.4308e+02 -1.1434e+02 -1.2592e+02
# New trial
-1.4745e+02 -1.4541e+02 -1.3654e+02 -2.6674e+02
-1.4736e+02 -1.4447e+02 -1.2370e+02 -1.0641e+02
-1.4711e+02 -1.4212e+02 -1.1995e+02 -1.9419e+02
-1.4720e+02 -1.4289e+02 -1.2387e+02 -2.6327e+02
# New trial
-1.4752e+02 -1.4601e+02 -1.3255e+02 -1.1001e+02
-1.4744e+02 -1.4527e+02 -1.2669e+02 -1.0898e+02
-1.4726e+02 -1.4346e+02 -1.1688e+02 -1.1389e+02
-1.4728e+02 -1.4369e+02 -1.1641e+02 -1.0635e+02
# New trial
-1.4757e+02 -1.4651e+02 -1.3693e+02 -1.4741e+02
-1.4750e+02 -1.4589e+02 -1.3152e+02 -1.0845e+02
-1.4732e+02 -1.4407e+02 -1.1793e+02 -1.0615e+02
-1.4716e+02 -1.4248e+02 -1.0965e+02 -1.0615e+02
# New trial
-1.4754e+02 -1.4620e+02 -1.3396e+02 -1.1738e+02
-1.4749e+02 -1.4572e+02 -1.3013e+02 -1.0710e+02
-1.4738e+02 -1.4465e+02 -1.2331e+02 -1.2782e+02
-1.4741e+02 -1.4501e+02 -1.2912e+02 -2.3968e+02
# New trial
-1.4754e+02 -1.4634e+02 -1.4084e+02 -2.3395e+02
-1.4745e+02 -1.4541e+02 -1.2837e+02 -1.0775e+02
-1.4723e+02 -1.4322e+02 -1.1500e+02 -1.2258e+02
-1.4726e+02 -1.4348e+02 -1.2163e+02 -2.1088e+02
# New trial
-1.4750e+02 -1.4589e+02 -1.3419e+02 -1.4415e+02
-1.4744e+02 -1.4526e+02 -1.2817e+02 -1.0645e+02
-1.4730e+02 -1.4394e+02 -1.1938e+02 -1.0840e+02
-1.4740e+02 -1.4483e+02 -1.2466e+02 -1.7593e+02
# New trial
-1.4751e+02 -1.4599e+02 -1.3386e+02 -1.8516e+02
-1.4747e+02 -1.4552e+02 -1.2923e+02 -1.1020e+02
-1.4735e+02 -1.4443e+02 -1.2300e+02 -1.3557e+02
-1.4742e+02 -1.4509e+02 -1.3094e+02 -2.8601e+02
# New trial
-1.4752e+02 -1.4601e+02 -1.3210e+02 -1.0854e+02
-1.4746e+02 -1.4549e+02 -1.2810e+02 -1.0847e+02
-1.4733e+02 -1.4419e+02 -1.2065e+02 -1.4378e+02
-1.4736e+02 -1.4451e+02 -1.2154e+02 -1.4061e+02
# New trial
-1.4753e+02 -1.4621e+02 -1.3437e+02 -1.1830e+02
-1.4748e+02 -1.4565e+02 -1.2945e+02 -1.0693e+02
-1.4735e+02 -1.4442e+02 -1.2033e+02 -1.0617e+02
-1.4740e+02 -1.4491e+02 -1.2407e+02 -1.2321e+02
# New trial
-1.4753e+02 -1.4612e+02 -1.3384e+02 -1.7726e+02
-1.4751e+02 -1.4600e+02 -1.3243e+02 -1.0722e+02
-1.4746e+02 -1.4544e+02 -1.2828e+02 -1.3800e+02
-1.4753e+02 -1.4616e+02 -1.3525e+02 -2.5643e+02
# New trial
-1.4750e+02 -1.4588e+02 -1.3687e+02 -2.0258e+02
-1.4742e+02 -1.4504e+02 -1.2353e+02 -1.0616e+02
-1.4724e+02 -1.4327e+02 -1.1292e+02 -1.0615e+02
-1.4719e+02 -1.4279e+02 -1.1344e+02 -1.0615e+02
# New trial
-1.4755e+02 -1.4635e+02 -1.3545e+02 -1.1609e+02
-1.4753e+02 -1.4614e+02 -1.3378e+02 -1.2154e+02
-1.4748e+02 -1.4569e+02 -1.3095e+02 -1.7282e+02
-1.4758e+02 -1.4664e+02 -1.3879e+02 -2.3962e+02
# New trial
-1.4751e+02 -1.4598e+02 -1.3556e+02 -1.7399e+02
-1.4742e+02 -1.4507e+02 -1.2556e+02 -1.0646e+02
-1.4715e+02 -1.4244e+02 -1.1322e+02 -1.0616e+02
-1.4714e+02 -1.4230e+02 -1.1433e+02 -1.4996e+02
# New trial
-1.4754e+02 -1.4622e+02 -1.3471e+02 -1.3544e+02
-1.4747e+02 -1.4560e+02 -1.2873e+02 -1.0636e+02
-1.4729e+02 -1.4379e+02 -1.1595e+02 -1.0663e+02
-1.4722e+02 -1.4309e+02 -1.1421e+02 -1.1329e+02
# New trial
-1.4755e+02 -1.4638e+02 -1.3536e+02 -1.1649e+02
-1.4752e+02 -1.4608e+02 -1.3294e+02 -1.1681e+02
-1.4747e+02 -1.4555e+02 -1.2853e+02 -1.2698e+02
-1.4752e+02 -1.4603e+02 -1.3250e+02 -1.6611e+02
# New trial
