# 0.01sig - Array shape (trial/sig/alpha): (30, 4, 4)
-1.1934e+02 -1.1375e+02 -8.8769e+01 -2.4215e+02
-1.1932e+02 -1.1355e+02 -8.5267e+01 -2.3501e+02
-1.1939e+02 -1.1412e+02 -8.4985e+01 -3.0917e+02
-1.1981e+02 -1.1818e+02 -1.0513e+02 -3.2496e+02
# New trial
-1.1926e+02 -1.1304e+02 -8.7320e+01 -2.3308e+02
-1.1928e+02 -1.1323e+02 -8.6050e+01 -2.0697e+02
-1.1941e+02 -1.1438e+02 -8.7641e+01 -2.8196e+02
-1.1986e+02 -1.1866e+02 -1.1178e+02 -4.3977e+02
# New trial
-1.1929e+02 -1.1340e+02 -8.6034e+01 -1.8988e+02
-1.1920e+02 -1.1245e+02 -7.9674e+01 -1.8566e+02
-1.1916e+02 -1.1193e+02 -7.9693e+01 -2.9616e+02
-1.1971e+02 -1.1722e+02 -1.0500e+02 -5.1113e+02
# New trial
-1.1915e+02 -1.1236e+02 -9.2297e+01 -2.9796e+02
-1.1910e+02 -1.1193e+02 -8.9787e+01 -3.0475e+02
-1.1933e+02 -1.1386e+02 -9.5475e+01 -3.6632e+02
-1.1986e+02 -1.1870e+02 -1.1231e+02 -3.4690e+02
# New trial
-1.1948e+02 -1.1506e+02 -8.9625e+01 -2.1741e+02
-1.1936e+02 -1.1390e+02 -8.2700e+01 -2.1763e+02
-1.1926e+02 -1.1283e+02 -7.5010e+01 -2.3436e+02
-1.1963e+02 -1.1635e+02 -9.1214e+01 -1.5432e+02
# New trial
-1.1935e+02 -1.1390e+02 -9.2373e+01 -2.9179e+02
-1.1929e+02 -1.1327e+02 -8.4388e+01 -2.1688e+02
-1.1930e+02 -1.1325e+02 -8.6005e+01 -2.9175e+02
-1.1978e+02 -1.1792e+02 -1.0723e+02 -4.1504e+02
# New trial
-1.1926e+02 -1.1309e+02 -8.4877e+01 -1.4025e+02
-1.1930e+02 -1.1344e+02 -8.8420e+01 -1.7104e+02
-1.1954e+02 -1.1570e+02 -9.7385e+01 -3.1270e+02
-1.1991e+02 -1.1917e+02 -1.1396e+02 -2.2374e+02
# New trial
-1.1920e+02 -1.1260e+02 -8.3000e+01 -1.6762e+02
-1.1921e+02 -1.1248e+02 -7.7339e+01 -1.4863e+02
-1.1929e+02 -1.1312e+02 -8.0624e+01 -2.5727e+02
-1.1974e+02 -1.1753e+02 -1.0245e+02 -3.0028e+02
# New trial
-1.1935e+02 -1.1396e+02 -9.4136e+01 -3.2026e+02
-1.1926e+02 -1.1307e+02 -9.0980e+01 -3.6095e+02
-1.1914e+02 -1.1176e+02 -1.0055e+02 -5.6588e+02
-1.1972e+02 -1.1727e+02 -1.0451e+02 -4.1695e+02
# New trial
-1.1929e+02 -1.1329e+02 -8.8417e+01 -2.4763e+02
-1.1932e+02 -1.1362e+02 -8.9156e+01 -3.0752e+02
-1.1950e+02 -1.1525e+02 -9.3442e+01 -3.8685e+02
-1.1991e+02 -1.1914e+02 -1.1314e+02 -2.2238e+02
# New trial
-1.1913e+02 -1.1203e+02 -8.3139e+01 -1.3907e+02
-1.1921e+02 -1.1286e+02 -9.4016e+01 -2.8923e+02
-1.1950e+02 -1.1555e+02 -1.2193e+02 -6.6961e+02
-1.1995e+02 -1.1958e+02 -1.2055e+02 -5.5812e+02
# New trial
-1.1955e+02 -1.1561e+02 -8.5186e+01 -8.4344e+01
-1.1960e+02 -1.1610e+02 -8.7970e+01 -1.0467e+02
-1.1967e+02 -1.1683e+02 -9.3748e+01 -1.7533e+02
-1.1988e+02 -1.1887e+02 -1.1041e+02 -1.9342e+02
# New trial
-1.1933e+02 -1.1361e+02 -8.4195e+01 -2.3527e+02
-1.1925e+02 -1.1274e+02 -7.5466e+01 -2.0477e+02
-1.1913e+02 -1.1153e+02 -6.9821e+01 -2.7432e+02
-1.1963e+02 -1.1641e+02 -8.9839e+01 -1.1969e+02
# New trial
-1.1960e+02 -1.1615e+02 -9.2025e+01 -1.2539e+02
-1.1953e+02 -1.1541e+02 -8.5566e+01 -1.1727e+02
-1.1947e+02 -1.1487e+02 -8.0448e+01 -1.7263e+02
-1.1972e+02 -1.1728e+02 -9.5512e+01 -1.4011e+02
# New trial
-1.1949e+02 -1.1509e+02 -8.6898e+01 -1.7991e+02
-1.1950e+02 -1.1520e+02 -8.5488e+01 -1.7432e+02
-1.1955e+02 -1.1558e+02 -8.7973e+01 -2.2932e+02
-1.1982e+02 -1.1831e+02 -1.0470e+02 -1.3186e+02
# New trial
-1.1915e+02 -1.1216e+02 -8.4701e+01 -2.2975e+02
-1.1916e+02 -1.1229e+02 -8.3612e+01 -2.1972e+02
-1.1935e+02 -1.1396e+02 -9.0691e+01 -3.5559e+02
-1.1987e+02 -1.1879e+02 -1.1101e+02 -3.0152e+02
# New trial
-1.1924e+02 -1.1283e+02 -7.6856e+01 -9.8493e+01
-1.1925e+02 -1.1295e+02 -8.2603e+01 -1.7735e+02
-1.1942e+02 -1.1456e+02 -9.8637e+01 -4.6186e+02
-1.1983e+02 -1.1846e+02 -1.1062e+02 -4.5578e+02
# New trial
-1.1925e+02 -1.1349e+02 -1.0578e+02 -3.9176e+02
-1.1921e+02 -1.1297e+02 -9.4539e+01 -3.2608e+02
-1.1937e+02 -1.1425e+02 -1.0171e+02 -5.4428e+02
-1.1987e+02 -1.1884e+02 -1.1782e+02 -6.0812e+02
# New trial
-1.1960e+02 -1.1617e+02 -9.0874e+01 -1.3532e+02
-1.1959e+02 -1.1603e+02 -8.7529e+01 -1.1276e+02
-1.1955e+02 -1.1556e+02 -8.4313e+01 -1.9215e+02
-1.1973e+02 -1.1738e+02 -9.8305e+01 -2.2146e+02
# New trial
-1.1941e+02 -1.1432e+02 -8.7283e+01 -2.2605e+02
-1.1943e+02 -1.1454e+02 -8.7671e+01 -1.9704e+02
-1.1950e+02 -1.1520e+02 -9.6732e+01 -3.9242e+02
-1.1982e+02 -1.1831e+02 -1.1062e+02 -3.8533e+02
# New trial
-1.1897e+02 -1.1052e+02 -7.8150e+01 -2.0219e+02
-1.1896e+02 -1.1057e+02 -7.8454e+01 -1.5118e+02
-1.1933e+02 -1.1393e+02 -9.8559e+01 -3.5965e+02
-1.1990e+02 -1.1921e+02 -1.1708e+02 -3.5905e+02
# New trial
-1.1934e+02 -1.1377e+02 -9.2160e+01 -2.7533e+02
-1.1937e+02 -1.1405e+02 -8.8215e+01 -2.0007e+02
-1.1948e+02 -1.1505e+02 -8.9450e+01 -2.4479e+02
-1.1985e+02 -1.1864e+02 -1.0815e+02 -1.2421e+02
# New trial
-1.1958e+02 -1.1597e+02 -9.5568e+01 -2.0155e+02
-1.1955e+02 -1.1571e+02 -8.9884e+01 -1.6286e+02
-1.1952e+02 -1.1529e+02 -8.2469e+01 -1.5968e+02
-1.1969e+02 -1.1696e+02 -9.3066e+01 -9.9601e+01
# New trial
-1.1896e+02 -1.1061e+02 -8.7829e+01 -2.9792e+02
-1.1900e+02 -1.1111e+02 -9.4614e+01 -3.6441e+02
-1.1949e+02 -1.1542e+02 -1.1268e+02 -5.2734e+02
-1.1995e+02 -1.1958e+02 -1.1797e+02 -3.3648e+02
# New trial
-1.1951e+02 -1.1541e+02 -9.4090e+01 -2.3122e+02
-1.1941e+02 -1.1446e+02 -8.9840e+01 -2.0804e+02
-1.1938e+02 -1.1412e+02 -8.6351e+01 -2.6253e+02
-1.1984e+02 -1.1848e+02 -1.0927e+02 -3.4663e+02
# New trial
-1.1940e+02 -1.1424e+02 -8.7369e+01 -2.1247e+02
-1.1943e+02 -1.1455e+02 -8.5413e+01 -1.8163e+02
-1.1952e+02 -1.1541e+02 -8.7860e+01 -2.3711e+02
-1.1985e+02 -1.1861e+02 -1.0786e+02 -1.6971e+02
# New trial
-1.1952e+02 -1.1548e+02 -9.7982e+01 -2.4043e+02
-1.1942e+02 -1.1452e+02 -9.0144e+01 -2.0223e+02
-1.1938e+02 -1.1399e+02 -8.3300e+01 -2.5905e+02
-1.1970e+02 -1.1709e+02 -1.0123e+02 -3.7195e+02
# New trial
-1.1943e+02 -1.1455e+02 -8.5710e+01 -1.4655e+02
-1.1932e+02 -1.1347e+02 -7.8606e+01 -1.1757e+02
-1.1924e+02 -1.1270e+02 -8.2817e+01 -2.9609e+02
-1.1964e+02 -1.1659e+02 -9.6099e+01 -3.2014e+02
# New trial
-1.1936e+02 -1.1388e+02 -8.1561e+01 -1.4633e+02
-1.1947e+02 -1.1482e+02 -7.9278e+01 -9.8897e+01
-1.1955e+02 -1.1565e+02 -8.2791e+01 -1.1733e+02
-1.1981e+02 -1.1816e+02 -1.0308e+02 -1.1643e+02
# New trial
-1.1932e+02 -1.1376e+02 -1.0237e+02 -4.3108e+02
-1.1934e+02 -1.1370e+02 -8.6003e+01 -2.5157e+02
-1.1942e+02 -1.1439e+02 -9.2016e+01 -3.7314e+02
-1.1982e+02 -1.1824e+02 -1.0644e+02 -2.6068e+02
# New trial
