# 0.01sig - Array shape (trial/sig/alpha): (30, 4, 4)
-1.6126e+02 -1.5886e+02 -1.3990e+02 -1.1596e+02
-1.6121e+02 -1.5837e+02 -1.3762e+02 -1.2694e+02
-1.6116e+02 -1.5796e+02 -1.4068e+02 -2.1997e+02
-1.6139e+02 -1.6014e+02 -1.5420e+02 -4.0171e+02
# New trial
-1.6125e+02 -1.5877e+02 -1.3898e+02 -1.1370e+02
-1.6118e+02 -1.5807e+02 -1.3577e+02 -1.1493e+02
-1.6107e+02 -1.5706e+02 -1.3101e+02 -1.3858e+02
-1.6132e+02 -1.5946e+02 -1.4565e+02 -2.7369e+02
# New trial
-1.6125e+02 -1.5878e+02 -1.3792e+02 -1.1168e+02
-1.6114e+02 -1.5766e+02 -1.3120e+02 -1.1157e+02
-1.6087e+02 -1.5503e+02 -1.2072e+02 -1.1146e+02
-1.6105e+02 -1.5674e+02 -1.2609e+02 -1.6032e+02
# New trial
-1.6118e+02 -1.5814e+02 -1.3569e+02 -1.1186e+02
-1.6107e+02 -1.5711e+02 -1.3180e+02 -1.1477e+02
-1.6093e+02 -1.5579e+02 -1.2877e+02 -1.6741e+02
-1.6129e+02 -1.5912e+02 -1.4715e+02 -3.6601e+02
# New trial
-1.6130e+02 -1.5928e+02 -1.4163e+02 -1.1334e+02
-1.6123e+02 -1.5855e+02 -1.3685e+02 -1.2198e+02
-1.6104e+02 -1.5673e+02 -1.3237e+02 -2.0873e+02
-1.6107e+02 -1.5699e+02 -1.3294e+02 -2.5954e+02
# New trial
-1.6131e+02 -1.5939e+02 -1.4244e+02 -1.1380e+02
-1.6119e+02 -1.5824e+02 -1.3657e+02 -1.1603e+02
-1.6094e+02 -1.5579e+02 -1.2835e+02 -1.4052e+02
-1.6108e+02 -1.5709e+02 -1.3620e+02 -2.5316e+02
# New trial
-1.6129e+02 -1.5915e+02 -1.4021e+02 -1.1252e+02
-1.6121e+02 -1.5839e+02 -1.3590e+02 -1.1298e+02
-1.6111e+02 -1.5745e+02 -1.3034e+02 -1.2880e+02
-1.6132e+02 -1.5946e+02 -1.4267e+02 -1.6498e+02
# New trial
-1.6127e+02 -1.5898e+02 -1.3885e+02 -1.1305e+02
-1.6120e+02 -1.5831e+02 -1.3390e+02 -1.1798e+02
-1.6105e+02 -1.5680e+02 -1.2876e+02 -1.6191e+02
-1.6120e+02 -1.5828e+02 -1.3971e+02 -2.7690e+02
# New trial
-1.6126e+02 -1.5883e+02 -1.3838e+02 -1.1509e+02
-1.6115e+02 -1.5778e+02 -1.3227e+02 -1.1946e+02
-1.6088e+02 -1.5513e+02 -1.2621e+02 -1.6473e+02
-1.6105e+02 -1.5682e+02 -1.3524e+02 -2.7282e+02
# New trial
-1.6124e+02 -1.5870e+02 -1.3852e+02 -1.1298e+02
-1.6117e+02 -1.5802e+02 -1.3600e+02 -1.1700e+02
-1.6109e+02 -1.5728e+02 -1.3469e+02 -2.1035e+02
-1.6134e+02 -1.5964e+02 -1.4532e+02 -2.4285e+02
# New trial
-1.6118e+02 -1.5812e+02 -1.3875e+02 -1.3764e+02
-1.6108e+02 -1.5724e+02 -1.3755e+02 -1.6229e+02
-1.6097e+02 -1.5628e+02 -1.4043e+02 -2.5404e+02
-1.6135e+02 -1.5985e+02 -1.5289e+02 -3.4261e+02
# New trial
-1.6136e+02 -1.5986e+02 -1.4587e+02 -1.1342e+02
-1.6133e+02 -1.5954e+02 -1.4327e+02 -1.1327e+02
-1.6126e+02 -1.5884e+02 -1.3778e+02 -1.1328e+02
-1.6133e+02 -1.5954e+02 -1.4288e+02 -1.3962e+02
# New trial
-1.6130e+02 -1.5926e+02 -1.4053e+02 -1.1105e+02
-1.6120e+02 -1.5823e+02 -1.3298e+02 -1.1083e+02
-1.6094e+02 -1.5567e+02 -1.1844e+02 -1.1511e+02
-1.6103e+02 -1.5662e+02 -1.2358e+02 -1.3030e+02
# New trial
-1.6135e+02 -1.5976e+02 -1.4444e+02 -1.1077e+02
-1.6129e+02 -1.5918e+02 -1.3898e+02 -1.1076e+02
-1.6113e+02 -1.5752e+02 -1.2514e+02 -1.1076e+02
-1.6112e+02 -1.5745e+02 -1.2519e+02 -1.1076e+02
# New trial
-1.6134e+02 -1.5964e+02 -1.4345e+02 -1.1975e+02
-1.6129e+02 -1.5911e+02 -1.3893e+02 -1.1723e+02
-1.6114e+02 -1.5770e+02 -1.2866e+02 -1.3379e+02
-1.6117e+02 -1.5793e+02 -1.3222e+02 -2.1243e+02
# New trial
-1.6120e+02 -1.5833e+02 -1.3692e+02 -1.1460e+02
-1.6111e+02 -1.5742e+02 -1.3375e+02 -1.2021e+02
-1.6095e+02 -1.5596e+02 -1.3087e+02 -1.8929e+02
-1.6125e+02 -1.5876e+02 -1.4424e+02 -3.4253e+02
# New trial
-1.6124e+02 -1.5863e+02 -1.3697e+02 -1.1130e+02
-1.6115e+02 -1.5779e+02 -1.3318e+02 -1.1110e+02
-1.6102e+02 -1.5659e+02 -1.2633e+02 -1.4066e+02
-1.6125e+02 -1.5877e+02 -1.3977e+02 -2.6510e+02
# New trial
-1.6122e+02 -1.5855e+02 -1.3861e+02 -1.2083e+02
-1.6111e+02 -1.5752e+02 -1.3409e+02 -1.2609e+02
-1.6096e+02 -1.5600e+02 -1.2863e+02 -1.6714e+02
-1.6129e+02 -1.5921e+02 -1.4637e+02 -3.6100e+02
# New trial
-1.6128e+02 -1.5911e+02 -1.4221e+02 -1.2156e+02
-1.6121e+02 -1.5842e+02 -1.3859e+02 -1.4783e+02
-1.6114e+02 -1.5771e+02 -1.3542e+02 -2.1800e+02
-1.6132e+02 -1.5944e+02 -1.4324e+02 -2.2999e+02
# New trial
-1.6128e+02 -1.5907e+02 -1.4065e+02 -1.1366e+02
-1.6122e+02 -1.5849e+02 -1.3701e+02 -1.1239e+02
-1.6113e+02 -1.5758e+02 -1.3259e+02 -1.4733e+02
-1.6130e+02 -1.5923e+02 -1.4554e+02 -3.0134e+02
# New trial
-1.6108e+02 -1.5725e+02 -1.3473e+02 -1.1787e+02
-1.6101e+02 -1.5663e+02 -1.3537e+02 -1.5980e+02
-1.6101e+02 -1.5662e+02 -1.4189e+02 -2.9914e+02
-1.6137e+02 -1.5996e+02 -1.5267e+02 -3.3793e+02
# New trial
-1.6132e+02 -1.5941e+02 -1.4261e+02 -1.1303e+02
-1.6124e+02 -1.5865e+02 -1.3774e+02 -1.1314e+02
-1.6106e+02 -1.5696e+02 -1.2740e+02 -1.1652e+02
-1.6125e+02 -1.5875e+02 -1.3738e+02 -1.8391e+02
# New trial
-1.6141e+02 -1.6035e+02 -1.5012e+02 -1.2614e+02
-1.6136e+02 -1.5988e+02 -1.4636e+02 -1.3776e+02
-1.6126e+02 -1.5889e+02 -1.3917e+02 -1.5694e+02
-1.6123e+02 -1.5851e+02 -1.3499e+02 -1.5478e+02
# New trial
-1.6108e+02 -1.5722e+02 -1.3576e+02 -1.1461e+02
-1.6097e+02 -1.5630e+02 -1.3408e+02 -1.2601e+02
-1.6099e+02 -1.5650e+02 -1.3647e+02 -2.3398e+02
-1.6140e+02 -1.6026e+02 -1.5169e+02 -2.4612e+02
# New trial
-1.6135e+02 -1.5978e+02 -1.4599e+02 -1.2879e+02
-1.6127e+02 -1.5896e+02 -1.4147e+02 -1.3845e+02
-1.6110e+02 -1.5739e+02 -1.3503e+02 -1.7726e+02
-1.6127e+02 -1.5895e+02 -1.4394e+02 -3.1052e+02
# New trial
-1.6137e+02 -1.5991e+02 -1.4638e+02 -1.4370e+02
-1.6131e+02 -1.5939e+02 -1.4226e+02 -1.4493e+02
-1.6117e+02 -1.5799e+02 -1.3384e+02 -1.6939e+02
-1.6126e+02 -1.5887e+02 -1.3862e+02 -2.1519e+02
# New trial
-1.6135e+02 -1.5973e+02 -1.4471e+02 -1.1585e+02
-1.6126e+02 -1.5885e+02 -1.3868e+02 -1.1766e+02
-1.6109e+02 -1.5716e+02 -1.3114e+02 -1.6832e+02
-1.6114e+02 -1.5770e+02 -1.3415e+02 -2.2920e+02
# New trial
-1.6133e+02 -1.5956e+02 -1.4306e+02 -1.1195e+02
-1.6124e+02 -1.5870e+02 -1.3717e+02 -1.1392e+02
-1.6101e+02 -1.5645e+02 -1.2508e+02 -1.4540e+02
-1.6106e+02 -1.5686e+02 -1.2393e+02 -1.4721e+02
# New trial
-1.6138e+02 -1.6005e+02 -1.4766e+02 -1.1335e+02
-1.6135e+02 -1.5974e+02 -1.4496e+02 -1.1461e+02
-1.6126e+02 -1.5886e+02 -1.3714e+02 -1.2174e+02
-1.6133e+02 -1.5953e+02 -1.4260e+02 -1.3585e+02
# New trial
-1.6130e+02 -1.5931e+02 -1.4343e+02 -1.3419e+02
-1.6125e+02 -1.5876e+02 -1.4101e+02 -1.5733e+02
-1.6115e+02 -1.5786e+02 -1.4103e+02 -2.4951e+02
-1.6135e+02 -1.5979e+02 -1.5045e+02 -3.4975e+02
# New trial
