# 0.1sig - Array shape (trial/sig/alpha): (30, 4, 4)
-1.6057e+02 -1.5237e+02 -1.0793e+02 -1.3762e+02
-1.6043e+02 -1.5106e+02 -9.8763e+01 -5.3276e+01
-1.6026e+02 -1.4941e+02 -1.0515e+02 -3.6977e+02
-1.6100e+02 -1.5641e+02 -1.4067e+02 -6.3787e+02
# New trial
-1.6092e+02 -1.5564e+02 -1.1937e+02 -1.3836e+02
-1.6077e+02 -1.5414e+02 -1.0688e+02 -5.3988e+01
-1.6051e+02 -1.5157e+02 -8.9252e+01 -1.3323e+02
-1.6074e+02 -1.5373e+02 -1.1301e+02 -4.7808e+02
# New trial
-1.6090e+02 -1.5547e+02 -1.2407e+02 -2.0802e+02
-1.6064e+02 -1.5282e+02 -9.7352e+01 -5.0582e+01
-1.6013e+02 -1.4769e+02 -6.8716e+01 -6.6695e+01
-1.6023e+02 -1.4864e+02 -8.0629e+01 -1.4325e+02
# New trial
-1.6079e+02 -1.5428e+02 -1.1539e+02 -4.3479e+02
-1.6064e+02 -1.5277e+02 -9.0731e+01 -4.9479e+01
-1.6026e+02 -1.4901e+02 -8.0441e+01 -1.9922e+02
-1.6043e+02 -1.5064e+02 -1.1688e+02 -6.1539e+02
# New trial
-1.6111e+02 -1.5752e+02 -1.4233e+02 -4.2642e+02
-1.6094e+02 -1.5578e+02 -1.1539e+02 -6.2983e+01
-1.6068e+02 -1.5315e+02 -1.0133e+02 -1.8861e+02
-1.6090e+02 -1.5528e+02 -1.0954e+02 -2.5311e+02
# New trial
-1.6109e+02 -1.5717e+02 -1.2711e+02 -1.1981e+02
-1.6095e+02 -1.5586e+02 -1.1387e+02 -5.3532e+01
-1.6077e+02 -1.5398e+02 -9.7119e+01 -7.4440e+01
-1.6107e+02 -1.5695e+02 -1.1951e+02 -1.4460e+02
# New trial
-1.6095e+02 -1.5583e+02 -1.1429e+02 -6.2589e+01
-1.6081e+02 -1.5441e+02 -1.0271e+02 -5.2266e+01
-1.6052e+02 -1.5157e+02 -8.3354e+01 -8.0615e+01
-1.6077e+02 -1.5396e+02 -9.9186e+01 -1.9829e+02
# New trial
-1.6076e+02 -1.5410e+02 -1.2255e+02 -3.3644e+02
-1.6069e+02 -1.5336e+02 -1.0299e+02 -5.4405e+01
-1.6059e+02 -1.5231e+02 -9.6369e+01 -2.1920e+02
-1.6106e+02 -1.5684e+02 -1.2379e+02 -4.3918e+02
# New trial
-1.6055e+02 -1.5210e+02 -9.9169e+01 -5.4011e+01
-1.6031e+02 -1.4986e+02 -8.7641e+01 -4.9358e+01
-1.6014e+02 -1.4800e+02 -8.8272e+01 -2.5528e+02
-1.6092e+02 -1.5546e+02 -1.1970e+02 -4.4754e+02
# New trial
-1.6088e+02 -1.5516e+02 -1.1347e+02 -5.9279e+01
-1.6071e+02 -1.5355e+02 -1.0268e+02 -5.3721e+01
-1.6042e+02 -1.5060e+02 -8.5393e+01 -1.3678e+02
-1.6066e+02 -1.5297e+02 -1.0845e+02 -3.7494e+02
# New trial
-1.6102e+02 -1.5653e+02 -1.2131e+02 -8.6552e+01
-1.6078e+02 -1.5417e+02 -1.0258e+02 -5.4623e+01
-1.6029e+02 -1.4925e+02 -7.5117e+01 -1.0387e+02
-1.6046e+02 -1.5096e+02 -1.0197e+02 -3.7765e+02
# New trial
-1.6079e+02 -1.5436e+02 -1.1560e+02 -1.9506e+02
-1.6066e+02 -1.5310e+02 -1.0432e+02 -4.8544e+01
-1.6050e+02 -1.5154e+02 -9.8132e+01 -2.4625e+02
-1.6100e+02 -1.5636e+02 -1.2776e+02 -5.2920e+02
# New trial
-1.6086e+02 -1.5506e+02 -1.2630e+02 -2.4491e+02
-1.6080e+02 -1.5436e+02 -1.0802e+02 -6.8149e+01
-1.6063e+02 -1.5274e+02 -1.0461e+02 -2.7875e+02
-1.6105e+02 -1.5682e+02 -1.2703e+02 -4.2963e+02
# New trial
-1.6114e+02 -1.5775e+02 -1.3899e+02 -2.5439e+02
-1.6095e+02 -1.5579e+02 -1.1096e+02 -4.8329e+01
-1.6062e+02 -1.5245e+02 -8.4310e+01 -7.1414e+01
-1.6057e+02 -1.5197e+02 -9.1494e+01 -1.8797e+02
# New trial
-1.6073e+02 -1.5412e+02 -1.2752e+02 -2.5748e+02
-1.6038e+02 -1.5064e+02 -9.3535e+01 -4.7917e+01
-1.5999e+02 -1.4663e+02 -7.8144e+01 -1.4583e+02
-1.6073e+02 -1.5368e+02 -1.1747e+02 -5.2122e+02
# New trial
-1.6068e+02 -1.5386e+02 -1.4811e+02 -6.2062e+02
-1.6040e+02 -1.5070e+02 -9.3510e+01 -4.8697e+01
-1.5997e+02 -1.4641e+02 -7.9131e+01 -1.7215e+02
-1.6053e+02 -1.5177e+02 -1.1804e+02 -5.9774e+02
# New trial
-1.6086e+02 -1.5501e+02 -1.1140e+02 -7.0533e+01
-1.6067e+02 -1.5307e+02 -9.2776e+01 -4.6580e+01
-1.6037e+02 -1.5011e+02 -7.4296e+01 -1.0116e+02
-1.6064e+02 -1.5268e+02 -9.3609e+01 -1.3848e+02
# New trial
-1.6104e+02 -1.5675e+02 -1.2423e+02 -1.6808e+02
-1.6087e+02 -1.5498e+02 -1.0579e+02 -5.1282e+01
-1.6051e+02 -1.5139e+02 -7.9449e+01 -6.5322e+01
-1.6051e+02 -1.5145e+02 -8.7168e+01 -1.7005e+02
# New trial
-1.6101e+02 -1.5640e+02 -1.1832e+02 -8.4091e+01
-1.6087e+02 -1.5503e+02 -1.0842e+02 -4.9579e+01
-1.6065e+02 -1.5286e+02 -9.6215e+01 -1.5492e+02
-1.6090e+02 -1.5531e+02 -1.1105e+02 -2.7401e+02
# New trial
-1.6103e+02 -1.5687e+02 -1.4918e+02 -4.9808e+02
-1.6076e+02 -1.5408e+02 -1.0587e+02 -5.0252e+01
-1.6028e+02 -1.4926e+02 -7.7798e+01 -9.1152e+01
-1.6061e+02 -1.5249e+02 -9.2431e+01 -1.4438e+02
# New trial
-1.6079e+02 -1.5446e+02 -1.2313e+02 -2.7199e+02
-1.6067e+02 -1.5316e+02 -1.0375e+02 -5.0468e+01
-1.6051e+02 -1.5152e+02 -9.2081e+01 -1.3177e+02
-1.6093e+02 -1.5567e+02 -1.1532e+02 -2.6761e+02
# New trial
-1.6095e+02 -1.5597e+02 -1.3336e+02 -4.6863e+02
-1.6081e+02 -1.5445e+02 -1.0664e+02 -5.6672e+01
-1.6060e+02 -1.5243e+02 -9.6315e+01 -2.2953e+02
-1.6096e+02 -1.5586e+02 -1.1532e+02 -2.9495e+02
# New trial
-1.6090e+02 -1.5531e+02 -1.1338e+02 -7.7721e+01
-1.6075e+02 -1.5381e+02 -9.9768e+01 -5.1860e+01
-1.6047e+02 -1.5109e+02 -7.9017e+01 -8.4158e+01
-1.6074e+02 -1.5369e+02 -9.6647e+01 -1.2654e+02
# New trial
-1.6094e+02 -1.5577e+02 -1.1887e+02 -1.1900e+02
-1.6082e+02 -1.5458e+02 -1.0512e+02 -5.0114e+01
-1.6065e+02 -1.5279e+02 -8.7673e+01 -8.7810e+01
-1.6096e+02 -1.5582e+02 -1.1067e+02 -1.5073e+02
# New trial
-1.6108e+02 -1.5718e+02 -1.3254e+02 -3.9507e+02
-1.6102e+02 -1.5647e+02 -1.1867e+02 -5.4269e+01
-1.6086e+02 -1.5490e+02 -1.0244e+02 -8.2837e+01
-1.6107e+02 -1.5697e+02 -1.2117e+02 -2.5044e+02
# New trial
-1.6084e+02 -1.5509e+02 -1.3709e+02 -3.7942e+02
-1.6060e+02 -1.5241e+02 -9.2514e+01 -5.0230e+01
-1.6034e+02 -1.4974e+02 -8.2977e+01 -1.6070e+02
-1.6063e+02 -1.5265e+02 -1.0937e+02 -4.3873e+02
# New trial
-1.6091e+02 -1.5550e+02 -1.1765e+02 -1.5473e+02
-1.6096e+02 -1.5589e+02 -1.1529e+02 -8.9047e+01
-1.6098e+02 -1.5614e+02 -1.1782e+02 -2.6933e+02
-1.6127e+02 -1.5898e+02 -1.3945e+02 -3.4934e+02
# New trial
-1.6083e+02 -1.5477e+02 -1.1999e+02 -2.3049e+02
-1.6061e+02 -1.5254e+02 -9.6341e+01 -4.9564e+01
-1.6017e+02 -1.4827e+02 -8.2299e+01 -1.4531e+02
-1.6050e+02 -1.5136e+02 -9.7325e+01 -3.2160e+02
# New trial
-1.6090e+02 -1.5532e+02 -1.1703e+02 -1.5145e+02
-1.6072e+02 -1.5354e+02 -9.9121e+01 -5.0275e+01
-1.6036e+02 -1.4999e+02 -8.1284e+01 -1.5298e+02
-1.6053e+02 -1.5164e+02 -1.0311e+02 -4.3076e+02
# New trial
-1.6102e+02 -1.5656e+02 -1.2159e+02 -9.9139e+01
-1.6102e+02 -1.5649e+02 -1.1973e+02 -8.0784e+01
-1.6103e+02 -1.5665e+02 -1.2154e+02 -2.1249e+02
-1.6126e+02 -1.5882e+02 -1.3940e+02 -3.8743e+02
# New trial
