# 0.01sig - Array shape (trial/sig/alpha): (30L, 4L, 4L)
-6.4312e+01 -6.1934e+01 -6.5567e+01 -3.5491e+02
-6.4395e+01 -6.2666e+01 -6.5552e+01 -3.2483e+02
-6.4542e+01 -6.3980e+01 -6.4120e+01 -2.5374e+02
-6.4600e+01 -6.4513e+01 -6.4289e+01 -9.2291e+01
# New trial
-6.4229e+01 -6.1403e+01 -7.7416e+01 -4.6753e+02
-6.4353e+01 -6.2331e+01 -6.3936e+01 -2.6199e+02
-6.4551e+01 -6.4092e+01 -6.6183e+01 -2.5794e+02
-6.4613e+01 -6.4635e+01 -6.6457e+01 -2.6056e+02
# New trial
-6.4248e+01 -6.1766e+01 -7.6507e+01 -4.4050e+02
-6.4352e+01 -6.2489e+01 -6.7764e+01 -3.3736e+02
-6.4482e+01 -6.3456e+01 -6.5773e+01 -3.7257e+02
-6.4602e+01 -6.4525e+01 -6.5442e+01 -3.0218e+02
# New trial
-6.4325e+01 -6.2513e+01 -8.3430e+01 -5.1189e+02
-6.4350e+01 -6.2556e+01 -7.5676e+01 -4.3323e+02
-6.4527e+01 -6.3891e+01 -6.7709e+01 -3.5800e+02
-6.4614e+01 -6.4640e+01 -6.5818e+01 -2.2214e+02
# New trial
-6.4463e+01 -6.3400e+01 -7.3230e+01 -4.0463e+02
-6.4433e+01 -6.3031e+01 -6.4780e+01 -3.1739e+02
-6.4487e+01 -6.3455e+01 -6.0412e+01 -2.5765e+02
-6.4593e+01 -6.4439e+01 -6.3725e+01 -1.7264e+02
# New trial
-6.4229e+01 -6.1540e+01 -7.6853e+01 -4.7777e+02
-6.4370e+01 -6.2552e+01 -6.3832e+01 -2.6338e+02
-6.4547e+01 -6.4074e+01 -6.6891e+01 -3.1233e+02
-6.4606e+01 -6.4566e+01 -6.5097e+01 -1.7814e+02
# New trial
-6.4236e+01 -6.1319e+01 -6.9696e+01 -4.1068e+02
-6.4334e+01 -6.2132e+01 -6.2533e+01 -2.8346e+02
-6.4536e+01 -6.3938e+01 -6.3073e+01 -1.8938e+02
-6.4606e+01 -6.4557e+01 -6.4375e+01 -7.8242e+01
# New trial
-6.4237e+01 -6.1489e+01 -6.7147e+01 -3.5584e+02
-6.4341e+01 -6.2255e+01 -6.2561e+01 -2.6319e+02
-6.4495e+01 -6.3531e+01 -6.1440e+01 -2.5229e+02
-6.4601e+01 -6.4509e+01 -6.4253e+01 -1.4230e+02
# New trial
-6.4352e+01 -6.2678e+01 -8.4367e+01 -5.3665e+02
-6.4359e+01 -6.2561e+01 -7.5976e+01 -4.7361e+02
-6.4414e+01 -6.2801e+01 -5.9549e+01 -3.0184e+02
-6.4586e+01 -6.4378e+01 -6.3750e+01 -1.9617e+02
# New trial
-6.4306e+01 -6.2016e+01 -7.5565e+01 -4.4527e+02
-6.4450e+01 -6.3206e+01 -6.9481e+01 -3.7350e+02
-6.4583e+01 -6.4380e+01 -6.7382e+01 -3.3420e+02
-6.4610e+01 -6.4601e+01 -6.4689e+01 -9.3544e+01
# New trial
-6.4183e+01 -6.0890e+01 -6.2155e+01 -2.8248e+02
-6.4300e+01 -6.1875e+01 -5.9137e+01 -2.3043e+02
-6.4518e+01 -6.3794e+01 -6.6025e+01 -3.0935e+02
-6.4614e+01 -6.4644e+01 -6.6107e+01 -2.3963e+02
# New trial
-6.4429e+01 -6.2839e+01 -5.3652e+01 -1.1729e+02
-6.4515e+01 -6.3673e+01 -5.8511e+01 -1.1802e+02
-6.4594e+01 -6.4440e+01 -6.3895e+01 -1.4580e+02
-6.4613e+01 -6.4626e+01 -6.4849e+01 -8.8293e+01
# New trial
-6.4297e+01 -6.1894e+01 -7.5767e+01 -4.3856e+02
-6.4364e+01 -6.2404e+01 -6.7823e+01 -3.5957e+02
-6.4462e+01 -6.3192e+01 -6.0195e+01 -2.6905e+02
-6.4602e+01 -6.4521e+01 -6.4055e+01 -1.2661e+02
# New trial
-6.4405e+01 -6.2632e+01 -5.5441e+01 -1.7247e+02
-6.4417e+01 -6.2728e+01 -5.4282e+01 -1.2848e+02
-6.4496e+01 -6.3492e+01 -5.7995e+01 -1.6506e+02
-6.4591e+01 -6.4406e+01 -6.3080e+01 -9.5411e+01
# New trial
-6.4360e+01 -6.2280e+01 -6.0637e+01 -2.8134e+02
-6.4473e+01 -6.3304e+01 -5.9870e+01 -2.1775e+02
-6.4575e+01 -6.4266e+01 -6.3324e+01 -2.4080e+02
-6.4609e+01 -6.4584e+01 -6.4695e+01 -1.6089e+02
# New trial
-6.4317e+01 -6.2127e+01 -7.0418e+01 -3.6211e+02
-6.4422e+01 -6.3045e+01 -6.7676e+01 -2.6883e+02
-6.4557e+01 -6.4194e+01 -6.9314e+01 -2.9731e+02
-6.4609e+01 -6.4595e+01 -6.5115e+01 -1.5238e+02
# New trial
-6.4252e+01 -6.1502e+01 -6.0331e+01 -2.3838e+02
-6.4385e+01 -6.2678e+01 -6.2472e+01 -2.2879e+02
-6.4515e+01 -6.3785e+01 -6.4352e+01 -2.4383e+02
-6.4597e+01 -6.4497e+01 -6.5880e+01 -2.8977e+02
# New trial
-6.4419e+01 -6.3897e+01 -1.0886e+02 -7.5086e+02
-6.4494e+01 -6.3990e+01 -8.6210e+01 -5.3083e+02
-6.4578e+01 -6.4394e+01 -7.1593e+01 -3.7376e+02
-6.4610e+01 -6.4598e+01 -6.5089e+01 -1.4070e+02
# New trial
-6.4450e+01 -6.3155e+01 -6.4615e+01 -2.9825e+02
-6.4502e+01 -6.3579e+01 -6.0518e+01 -1.8013e+02
-6.4562e+01 -6.4129e+01 -6.1244e+01 -1.5551e+02
-6.4604e+01 -6.4541e+01 -6.4085e+01 -1.1139e+02
# New trial
-6.4409e+01 -6.2704e+01 -5.9844e+01 -2.7986e+02
-6.4500e+01 -6.3563e+01 -6.1136e+01 -2.2585e+02
-6.4590e+01 -6.4415e+01 -6.5271e+01 -2.6070e+02
-6.4611e+01 -6.4610e+01 -6.4820e+01 -1.1921e+02
# New trial
-6.4340e+01 -6.2097e+01 -5.5717e+01 -2.0809e+02
-6.4422e+01 -6.2896e+01 -5.8283e+01 -1.4103e+02
-6.4565e+01 -6.4202e+01 -6.3975e+01 -1.6308e+02
-6.4610e+01 -6.4600e+01 -6.4747e+01 -1.1893e+02
# New trial
-6.4309e+01 -6.2098e+01 -8.2171e+01 -5.3131e+02
-6.4422e+01 -6.2942e+01 -6.6274e+01 -2.9675e+02
-6.4549e+01 -6.4074e+01 -6.7901e+01 -3.0007e+02
-6.4609e+01 -6.4596e+01 -6.5193e+01 -2.0548e+02
# New trial
-6.4415e+01 -6.2866e+01 -7.0821e+01 -3.9505e+02
-6.4477e+01 -6.3381e+01 -6.3364e+01 -2.3255e+02
-6.4562e+01 -6.4153e+01 -6.3078e+01 -1.9345e+02
-6.4609e+01 -6.4591e+01 -6.5119e+01 -2.0562e+02
# New trial
-6.4194e+01 -6.1535e+01 -8.4380e+01 -5.4299e+02
-6.4295e+01 -6.2108e+01 -6.9473e+01 -3.2409e+02
-6.4514e+01 -6.3792e+01 -6.5067e+01 -2.4488e+02
-6.4607e+01 -6.4585e+01 -6.5818e+01 -2.0374e+02
# New trial
-6.4351e+01 -6.2178e+01 -5.8640e+01 -2.4050e+02
-6.4409e+01 -6.2740e+01 -5.8709e+01 -1.6519e+02
-6.4501e+01 -6.3576e+01 -5.9898e+01 -1.4504e+02
-6.4602e+01 -6.4528e+01 -6.4258e+01 -1.0901e+02
# New trial
-6.4270e+01 -6.1582e+01 -7.0894e+01 -4.2703e+02
-6.4390e+01 -6.2601e+01 -6.2016e+01 -2.3142e+02
-6.4555e+01 -6.4101e+01 -6.4454e+01 -2.3101e+02
-6.4605e+01 -6.4556e+01 -6.4427e+01 -7.9667e+01
# New trial
-6.4417e+01 -6.2997e+01 -7.4128e+01 -4.0574e+02
-6.4464e+01 -6.3383e+01 -6.9994e+01 -3.3862e+02
-6.4560e+01 -6.4188e+01 -6.7889e+01 -3.1570e+02
-6.4606e+01 -6.4562e+01 -6.5426e+01 -2.2853e+02
# New trial
-6.4382e+01 -6.2594e+01 -6.8782e+01 -3.5388e+02
-6.4408e+01 -6.2792e+01 -6.1148e+01 -2.2209e+02
-6.4491e+01 -6.3501e+01 -6.1481e+01 -2.3647e+02
-6.4592e+01 -6.4436e+01 -6.3900e+01 -1.4195e+02
# New trial
-6.4374e+01 -6.2667e+01 -7.7093e+01 -4.6701e+02
-6.4456e+01 -6.3175e+01 -6.1594e+01 -2.4612e+02
-6.4571e+01 -6.4225e+01 -6.2685e+01 -1.7036e+02
-6.4609e+01 -6.4589e+01 -6.4452e+01 -7.2665e+01
# New trial
-6.4312e+01 -6.2010e+01 -8.3527e+01 -6.4356e+02
-6.4431e+01 -6.3026e+01 -6.9722e+01 -4.0714e+02
-6.4561e+01 -6.4168e+01 -6.7290e+01 -3.5588e+02
-6.4605e+01 -6.4557e+01 -6.4629e+01 -1.5758e+02
# New trial
