# 0.1sig - Array shape (trial/sig/alpha): (30, 4, 4)
-1.7979e+02 -1.7798e+02 -1.6477e+02 -2.2966e+02
-1.7971e+02 -1.7722e+02 -1.5922e+02 -1.4013e+02
-1.7951e+02 -1.7528e+02 -1.4918e+02 -1.4834e+02
-1.7964e+02 -1.7657e+02 -1.5508e+02 -2.2943e+02
# New trial
-1.7985e+02 -1.7862e+02 -1.6764e+02 -1.4419e+02
-1.7980e+02 -1.7811e+02 -1.6388e+02 -1.4971e+02
-1.7966e+02 -1.7674e+02 -1.5504e+02 -1.4808e+02
-1.7963e+02 -1.7645e+02 -1.5283e+02 -1.7316e+02
# New trial
-1.7985e+02 -1.7858e+02 -1.6744e+02 -1.5836e+02
-1.7976e+02 -1.7775e+02 -1.5926e+02 -1.3864e+02
-1.7955e+02 -1.7565e+02 -1.4657e+02 -1.4784e+02
-1.7936e+02 -1.7379e+02 -1.4299e+02 -1.6268e+02
# New trial
-1.7983e+02 -1.7842e+02 -1.6648e+02 -2.2493e+02
-1.7978e+02 -1.7792e+02 -1.6095e+02 -1.3940e+02
-1.7964e+02 -1.7649e+02 -1.5156e+02 -1.5488e+02
-1.7956e+02 -1.7577e+02 -1.5190e+02 -1.9899e+02
# New trial
-1.7988e+02 -1.7893e+02 -1.7112e+02 -1.8202e+02
-1.7983e+02 -1.7838e+02 -1.6516e+02 -1.4350e+02
-1.7970e+02 -1.7713e+02 -1.5584e+02 -1.6154e+02
-1.7969e+02 -1.7699e+02 -1.5349e+02 -1.5711e+02
# New trial
-1.7989e+02 -1.7895e+02 -1.7019e+02 -1.4699e+02
-1.7984e+02 -1.7852e+02 -1.6631e+02 -1.4577e+02
-1.7973e+02 -1.7737e+02 -1.5775e+02 -1.5930e+02
-1.7974e+02 -1.7750e+02 -1.6013e+02 -2.1429e+02
# New trial
-1.7986e+02 -1.7871e+02 -1.6804e+02 -1.4813e+02
-1.7982e+02 -1.7831e+02 -1.6457e+02 -1.3965e+02
-1.7969e+02 -1.7700e+02 -1.5474e+02 -1.4406e+02
-1.7960e+02 -1.7615e+02 -1.4974e+02 -1.6318e+02
# New trial
-1.7983e+02 -1.7838e+02 -1.6600e+02 -1.6966e+02
-1.7978e+02 -1.7797e+02 -1.6307e+02 -1.4062e+02
-1.7967e+02 -1.7688e+02 -1.5670e+02 -1.8134e+02
-1.7974e+02 -1.7751e+02 -1.6260e+02 -2.8073e+02
# New trial
-1.7978e+02 -1.7789e+02 -1.6323e+02 -1.4337e+02
-1.7970e+02 -1.7718e+02 -1.5975e+02 -1.4204e+02
-1.7953e+02 -1.7556e+02 -1.5313e+02 -1.5653e+02
-1.7965e+02 -1.7659e+02 -1.5553e+02 -2.0894e+02
# New trial
-1.7984e+02 -1.7855e+02 -1.6650e+02 -1.4020e+02
-1.7980e+02 -1.7807e+02 -1.6262e+02 -1.3991e+02
-1.7965e+02 -1.7661e+02 -1.5310e+02 -1.6364e+02
-1.7959e+02 -1.7602e+02 -1.5172e+02 -2.0005e+02
# New trial
-1.7987e+02 -1.7880e+02 -1.6863e+02 -1.4380e+02
-1.7981e+02 -1.7815e+02 -1.6315e+02 -1.4061e+02
-1.7961e+02 -1.7625e+02 -1.5205e+02 -1.4806e+02
-1.7948e+02 -1.7495e+02 -1.4458e+02 -1.5035e+02
# New trial
-1.7983e+02 -1.7837e+02 -1.6642e+02 -1.5041e+02
-1.7977e+02 -1.7778e+02 -1.6212e+02 -1.3945e+02
-1.7959e+02 -1.7608e+02 -1.5052e+02 -1.4427e+02
-1.7964e+02 -1.7652e+02 -1.5352e+02 -2.0502e+02
# New trial
-1.7986e+02 -1.7866e+02 -1.6749e+02 -1.4263e+02
-1.7981e+02 -1.7817e+02 -1.6342e+02 -1.4188e+02
-1.7966e+02 -1.7669e+02 -1.5478e+02 -1.5330e+02
-1.7969e+02 -1.7698e+02 -1.5746e+02 -2.1606e+02
# New trial
-1.7989e+02 -1.7896e+02 -1.7024e+02 -1.3993e+02
-1.7984e+02 -1.7849e+02 -1.6541e+02 -1.3846e+02
-1.7972e+02 -1.7735e+02 -1.5555e+02 -1.3885e+02
-1.7962e+02 -1.7633e+02 -1.5218e+02 -2.0267e+02
# New trial
-1.7978e+02 -1.7798e+02 -1.6516e+02 -1.9023e+02
-1.7971e+02 -1.7724e+02 -1.5896e+02 -1.3906e+02
-1.7953e+02 -1.7548e+02 -1.5128e+02 -1.6603e+02
-1.7958e+02 -1.7591e+02 -1.4924e+02 -1.6354e+02
# New trial
-1.7979e+02 -1.7800e+02 -1.6690e+02 -2.3996e+02
-1.7971e+02 -1.7721e+02 -1.5799e+02 -1.4018e+02
-1.7949e+02 -1.7511e+02 -1.5156e+02 -1.7859e+02
-1.7951e+02 -1.7524e+02 -1.4968e+02 -1.9040e+02
# New trial
-1.7985e+02 -1.7862e+02 -1.6713e+02 -1.4061e+02
-1.7979e+02 -1.7803e+02 -1.6210e+02 -1.3885e+02
-1.7961e+02 -1.7625e+02 -1.5041e+02 -1.4538e+02
-1.7952e+02 -1.7533e+02 -1.5173e+02 -2.3035e+02
# New trial
-1.7990e+02 -1.7909e+02 -1.7141e+02 -1.5076e+02
-1.7984e+02 -1.7854e+02 -1.6616e+02 -1.4268e+02
-1.7970e+02 -1.7710e+02 -1.5439e+02 -1.4399e+02
-1.7958e+02 -1.7593e+02 -1.5086e+02 -1.9928e+02
# New trial
-1.7987e+02 -1.7877e+02 -1.6820e+02 -1.3982e+02
-1.7982e+02 -1.7832e+02 -1.6428e+02 -1.3931e+02
-1.7969e+02 -1.7699e+02 -1.5412e+02 -1.4014e+02
-1.7965e+02 -1.7659e+02 -1.5099e+02 -1.5071e+02
# New trial
-1.7987e+02 -1.7885e+02 -1.7193e+02 -2.2836e+02
-1.7980e+02 -1.7809e+02 -1.6315e+02 -1.3941e+02
-1.7959e+02 -1.7608e+02 -1.5091e+02 -1.4734e+02
-1.7954e+02 -1.7555e+02 -1.4744e+02 -1.6598e+02
# New trial
-1.7983e+02 -1.7842e+02 -1.6688e+02 -1.5781e+02
-1.7978e+02 -1.7792e+02 -1.6252e+02 -1.3967e+02
-1.7965e+02 -1.7660e+02 -1.5302e+02 -1.3912e+02
-1.7966e+02 -1.7671e+02 -1.5218e+02 -1.6266e+02
# New trial
-1.7986e+02 -1.7872e+02 -1.7043e+02 -2.2342e+02
-1.7981e+02 -1.7818e+02 -1.6389e+02 -1.3945e+02
-1.7968e+02 -1.7689e+02 -1.5543e+02 -1.5201e+02
-1.7967e+02 -1.7679e+02 -1.5307e+02 -1.5889e+02
# New trial
-1.7986e+02 -1.7865e+02 -1.6734e+02 -1.4871e+02
-1.7981e+02 -1.7817e+02 -1.6327e+02 -1.4779e+02
-1.7965e+02 -1.7664e+02 -1.5277e+02 -1.5668e+02
-1.7959e+02 -1.7607e+02 -1.5124e+02 -1.8650e+02
# New trial
-1.7986e+02 -1.7874e+02 -1.6873e+02 -1.6245e+02
-1.7982e+02 -1.7833e+02 -1.6514e+02 -1.4438e+02
-1.7971e+02 -1.7726e+02 -1.5777e+02 -1.7442e+02
-1.7973e+02 -1.7739e+02 -1.6000e+02 -2.5062e+02
# New trial
-1.7987e+02 -1.7879e+02 -1.6910e+02 -1.9113e+02
-1.7985e+02 -1.7859e+02 -1.6691e+02 -1.4129e+02
-1.7978e+02 -1.7791e+02 -1.6092e+02 -1.4735e+02
-1.7981e+02 -1.7816e+02 -1.6395e+02 -2.4265e+02
# New trial
-1.7983e+02 -1.7841e+02 -1.6812e+02 -2.1493e+02
-1.7977e+02 -1.7779e+02 -1.5929e+02 -1.3846e+02
-1.7963e+02 -1.7641e+02 -1.5109e+02 -1.4589e+02
-1.7956e+02 -1.7573e+02 -1.4937e+02 -1.7545e+02
# New trial
-1.7988e+02 -1.7889e+02 -1.6951e+02 -1.4392e+02
-1.7985e+02 -1.7859e+02 -1.6669e+02 -1.4049e+02
-1.7976e+02 -1.7770e+02 -1.5874e+02 -1.3996e+02
-1.7980e+02 -1.7807e+02 -1.6192e+02 -1.6251e+02
# New trial
-1.7983e+02 -1.7846e+02 -1.6715e+02 -1.8761e+02
-1.7977e+02 -1.7778e+02 -1.5994e+02 -1.3853e+02
-1.7956e+02 -1.7574e+02 -1.4985e+02 -1.5432e+02
-1.7951e+02 -1.7530e+02 -1.5356e+02 -2.3701e+02
# New trial
-1.7987e+02 -1.7879e+02 -1.6877e+02 -1.5395e+02
-1.7982e+02 -1.7828e+02 -1.6387e+02 -1.4055e+02
-1.7965e+02 -1.7662e+02 -1.5229e+02 -1.4509e+02
-1.7953e+02 -1.7544e+02 -1.4775e+02 -1.5994e+02
# New trial
-1.7987e+02 -1.7885e+02 -1.6912e+02 -1.5077e+02
-1.7984e+02 -1.7855e+02 -1.6653e+02 -1.4680e+02
-1.7978e+02 -1.7790e+02 -1.6118e+02 -1.5662e+02
-1.7982e+02 -1.7828e+02 -1.6496e+02 -2.3931e+02
# New trial
