# 0.01sig - Array shape (trial/sig/alpha): (30, 4, 4)
-1.1953e+02 -1.1552e+02 -8.7664e+01 -6.2666e+01
-1.1944e+02 -1.1466e+02 -8.3489e+01 -7.1665e+01
-1.1941e+02 -1.1429e+02 -8.4432e+01 -1.8881e+02
-1.1980e+02 -1.1813e+02 -1.0544e+02 -2.7862e+02
# New trial
-1.1951e+02 -1.1532e+02 -8.9911e+01 -7.9877e+01
-1.1943e+02 -1.1456e+02 -9.0209e+01 -1.1164e+02
-1.1944e+02 -1.1474e+02 -9.4827e+01 -2.0631e+02
-1.1985e+02 -1.1862e+02 -1.1107e+02 -3.1019e+02
# New trial
-1.1952e+02 -1.1542e+02 -8.8087e+01 -7.5405e+01
-1.1938e+02 -1.1408e+02 -8.2778e+01 -8.4105e+01
-1.1925e+02 -1.1278e+02 -9.2550e+01 -3.3063e+02
-1.1974e+02 -1.1748e+02 -1.1281e+02 -5.1076e+02
# New trial
-1.1935e+02 -1.1382e+02 -8.1198e+01 -6.1074e+01
-1.1930e+02 -1.1349e+02 -8.4307e+01 -1.1299e+02
-1.1942e+02 -1.1460e+02 -9.3242e+01 -2.2739e+02
-1.1987e+02 -1.1887e+02 -1.1326e+02 -3.1832e+02
# New trial
-1.1962e+02 -1.1631e+02 -8.8919e+01 -6.0029e+01
-1.1949e+02 -1.1508e+02 -8.0967e+01 -6.1185e+01
-1.1934e+02 -1.1357e+02 -7.6768e+01 -9.6819e+01
-1.1964e+02 -1.1650e+02 -9.3183e+01 -1.7756e+02
# New trial
-1.1956e+02 -1.1575e+02 -8.7381e+01 -6.3435e+01
-1.1943e+02 -1.1449e+02 -8.3579e+01 -7.5333e+01
-1.1934e+02 -1.1364e+02 -8.4627e+01 -1.9034e+02
-1.1978e+02 -1.1793e+02 -1.0349e+02 -2.1971e+02
# New trial
-1.1957e+02 -1.1587e+02 -9.1666e+01 -6.5804e+01
-1.1949e+02 -1.1514e+02 -9.1166e+01 -8.9739e+01
-1.1957e+02 -1.1595e+02 -9.5247e+01 -1.7621e+02
-1.1992e+02 -1.1926e+02 -1.1452e+02 -2.8241e+02
# New trial
-1.1955e+02 -1.1567e+02 -8.7421e+01 -6.1615e+01
-1.1947e+02 -1.1487e+02 -8.2207e+01 -6.3442e+01
-1.1938e+02 -1.1395e+02 -7.7848e+01 -1.0945e+02
-1.1974e+02 -1.1744e+02 -9.7766e+01 -1.3066e+02
# New trial
-1.1949e+02 -1.1507e+02 -8.6734e+01 -6.5718e+01
-1.1937e+02 -1.1397e+02 -8.4673e+01 -1.0329e+02
-1.1922e+02 -1.1253e+02 -9.4434e+01 -2.8350e+02
-1.1972e+02 -1.1733e+02 -1.0883e+02 -3.7591e+02
# New trial
-1.1947e+02 -1.1488e+02 -8.6351e+01 -7.6470e+01
-1.1940e+02 -1.1422e+02 -8.5008e+01 -1.0982e+02
-1.1949e+02 -1.1510e+02 -8.9984e+01 -1.8967e+02
-1.1989e+02 -1.1903e+02 -1.1355e+02 -3.1568e+02
# New trial
-1.1945e+02 -1.1487e+02 -9.0883e+01 -6.5035e+01
-1.1941e+02 -1.1461e+02 -9.5317e+01 -1.7780e+02
-1.1955e+02 -1.1602e+02 -1.1763e+02 -4.6217e+02
-1.1995e+02 -1.1960e+02 -1.2152e+02 -4.1400e+02
# New trial
-1.1969e+02 -1.1702e+02 -9.3946e+01 -6.1606e+01
-1.1968e+02 -1.1685e+02 -9.2915e+01 -6.3756e+01
-1.1970e+02 -1.1704e+02 -9.4302e+01 -9.4692e+01
-1.1988e+02 -1.1891e+02 -1.0972e+02 -1.4215e+02
# New trial
-1.1956e+02 -1.1572e+02 -8.6053e+01 -6.3310e+01
-1.1943e+02 -1.1451e+02 -8.2282e+01 -1.0137e+02
-1.1921e+02 -1.1234e+02 -8.4382e+01 -2.0581e+02
-1.1963e+02 -1.1642e+02 -9.5139e+01 -2.4063e+02
# New trial
-1.1969e+02 -1.1696e+02 -9.3558e+01 -6.1494e+01
-1.1961e+02 -1.1618e+02 -8.7704e+01 -6.1734e+01
-1.1950e+02 -1.1507e+02 -8.1099e+01 -9.6950e+01
-1.1971e+02 -1.1723e+02 -9.7796e+01 -2.1986e+02
# New trial
-1.1963e+02 -1.1643e+02 -8.9465e+01 -6.2073e+01
-1.1958e+02 -1.1595e+02 -8.6213e+01 -6.2672e+01
-1.1956e+02 -1.1574e+02 -8.5558e+01 -1.0663e+02
-1.1983e+02 -1.1835e+02 -1.0637e+02 -2.6760e+02
# New trial
-1.1938e+02 -1.1414e+02 -8.3014e+01 -7.6524e+01
-1.1928e+02 -1.1326e+02 -8.1898e+01 -1.0384e+02
-1.1937e+02 -1.1411e+02 -9.6117e+01 -3.2883e+02
-1.1986e+02 -1.1870e+02 -1.1183e+02 -3.1257e+02
# New trial
-1.1953e+02 -1.1543e+02 -8.7375e+01 -6.9726e+01
-1.1950e+02 -1.1521e+02 -9.0591e+01 -1.1782e+02
-1.1954e+02 -1.1559e+02 -9.2719e+01 -1.8661e+02
-1.1986e+02 -1.1864e+02 -1.0840e+02 -2.1103e+02
# New trial
-1.1942e+02 -1.1459e+02 -8.7857e+01 -6.2442e+01
-1.1938e+02 -1.1431e+02 -8.9661e+01 -1.3126e+02
-1.1942e+02 -1.1469e+02 -1.0109e+02 -3.5116e+02
-1.1986e+02 -1.1874e+02 -1.1145e+02 -2.4845e+02
# New trial
-1.1974e+02 -1.1752e+02 -9.6588e+01 -6.3015e+01
-1.1967e+02 -1.1678e+02 -9.0642e+01 -6.4306e+01
-1.1956e+02 -1.1566e+02 -8.3524e+01 -1.1844e+02
-1.1972e+02 -1.1733e+02 -9.9134e+01 -2.6472e+02
# New trial
-1.1958e+02 -1.1598e+02 -9.0246e+01 -7.7665e+01
-1.1953e+02 -1.1545e+02 -8.9302e+01 -1.0088e+02
-1.1952e+02 -1.1542e+02 -9.2768e+01 -2.1510e+02
-1.1982e+02 -1.1832e+02 -1.0935e+02 -3.3458e+02
# New trial
-1.1911e+02 -1.1178e+02 -7.9236e+01 -6.1284e+01
-1.1903e+02 -1.1116e+02 -8.1463e+01 -9.7696e+01
-1.1937e+02 -1.1426e+02 -9.7817e+01 -3.0762e+02
-1.1993e+02 -1.1940e+02 -1.1726e+02 -3.4546e+02
# New trial
-1.1955e+02 -1.1558e+02 -8.5864e+01 -6.2408e+01
-1.1946e+02 -1.1473e+02 -8.3258e+01 -6.7411e+01
-1.1945e+02 -1.1473e+02 -8.4562e+01 -1.1134e+02
-1.1984e+02 -1.1854e+02 -1.1006e+02 -2.8152e+02
# New trial
-1.1973e+02 -1.1738e+02 -9.6547e+01 -6.1211e+01
-1.1964e+02 -1.1653e+02 -9.0705e+01 -6.1390e+01
-1.1954e+02 -1.1549e+02 -8.1695e+01 -6.6260e+01
-1.1970e+02 -1.1704e+02 -9.3470e+01 -8.9410e+01
# New trial
-1.1915e+02 -1.1214e+02 -8.1501e+01 -7.3244e+01
-1.1915e+02 -1.1230e+02 -8.8798e+01 -1.6276e+02
-1.1950e+02 -1.1555e+02 -1.0949e+02 -4.0343e+02
-1.1995e+02 -1.1965e+02 -1.2208e+02 -4.1169e+02
# New trial
-1.1959e+02 -1.1607e+02 -8.9533e+01 -6.5378e+01
-1.1945e+02 -1.1473e+02 -8.3497e+01 -6.9492e+01
-1.1937e+02 -1.1396e+02 -8.3965e+01 -1.9766e+02
-1.1983e+02 -1.1837e+02 -1.0842e+02 -3.2036e+02
# New trial
-1.1962e+02 -1.1630e+02 -9.0761e+01 -6.9882e+01
-1.1957e+02 -1.1588e+02 -8.9128e+01 -8.6890e+01
-1.1957e+02 -1.1580e+02 -9.1144e+01 -1.9228e+02
-1.1986e+02 -1.1869e+02 -1.0939e+02 -2.5152e+02
# New trial
-1.1966e+02 -1.1669e+02 -9.2281e+01 -6.7561e+01
-1.1954e+02 -1.1551e+02 -8.7338e+01 -6.9722e+01
-1.1941e+02 -1.1432e+02 -8.4285e+01 -1.6288e+02
-1.1969e+02 -1.1696e+02 -9.7814e+01 -2.1965e+02
# New trial
-1.1964e+02 -1.1654e+02 -9.1239e+01 -6.6458e+01
-1.1951e+02 -1.1525e+02 -8.4913e+01 -6.8715e+01
-1.1933e+02 -1.1350e+02 -8.1564e+01 -1.6758e+02
-1.1967e+02 -1.1681e+02 -9.7494e+01 -2.7742e+02
# New trial
-1.1969e+02 -1.1704e+02 -9.5443e+01 -6.6672e+01
-1.1965e+02 -1.1660e+02 -9.2493e+01 -6.6342e+01
-1.1960e+02 -1.1614e+02 -8.8885e+01 -1.0595e+02
-1.1983e+02 -1.1834e+02 -1.0492e+02 -1.2929e+02
# New trial
-1.1956e+02 -1.1571e+02 -8.8711e+01 -8.5479e+01
-1.1946e+02 -1.1477e+02 -8.5027e+01 -1.1125e+02
-1.1943e+02 -1.1454e+02 -9.2376e+01 -2.8489e+02
-1.1982e+02 -1.1825e+02 -1.0726e+02 -2.8612e+02
# New trial
