# 0.1sig - Array shape (trial/sig/alpha): (30, 4, 4)
-1.7487e+02 -1.7041e+02 -1.4017e+02 -1.8404e+02
-1.7474e+02 -1.6922e+02 -1.3355e+02 -9.9658e+01
-1.7443e+02 -1.6622e+02 -1.2572e+02 -2.5438e+02
-1.7483e+02 -1.6997e+02 -1.4071e+02 -3.6371e+02
# New trial
-1.7506e+02 -1.7222e+02 -1.4775e+02 -9.6726e+01
-1.7494e+02 -1.7113e+02 -1.3956e+02 -9.2888e+01
-1.7464e+02 -1.6812e+02 -1.1787e+02 -9.7014e+01
-1.7463e+02 -1.6798e+02 -1.2067e+02 -2.1469e+02
# New trial
-1.7502e+02 -1.7187e+02 -1.4642e+02 -1.2642e+02
-1.7484e+02 -1.7001e+02 -1.2714e+02 -9.3524e+01
-1.7445e+02 -1.6622e+02 -1.0422e+02 -9.2726e+01
-1.7432e+02 -1.6490e+02 -1.0642e+02 -9.6393e+01
# New trial
-1.7499e+02 -1.7157e+02 -1.4616e+02 -2.5608e+02
-1.7488e+02 -1.7051e+02 -1.3262e+02 -9.2859e+01
-1.7457e+02 -1.6736e+02 -1.0992e+02 -9.2303e+01
-1.7449e+02 -1.6657e+02 -1.1059e+02 -9.2309e+01
# New trial
-1.7512e+02 -1.7284e+02 -1.5527e+02 -2.0737e+02
-1.7500e+02 -1.7169e+02 -1.4252e+02 -9.2753e+01
-1.7474e+02 -1.6913e+02 -1.2271e+02 -9.4643e+01
-1.7479e+02 -1.6954e+02 -1.2365e+02 -1.0649e+02
# New trial
-1.7512e+02 -1.7286e+02 -1.5236e+02 -1.0598e+02
-1.7501e+02 -1.7179e+02 -1.4312e+02 -1.0145e+02
-1.7480e+02 -1.6969e+02 -1.2936e+02 -1.3175e+02
-1.7494e+02 -1.7110e+02 -1.4011e+02 -2.7857e+02
# New trial
-1.7507e+02 -1.7237e+02 -1.4836e+02 -1.0384e+02
-1.7498e+02 -1.7145e+02 -1.4058e+02 -1.0033e+02
-1.7472e+02 -1.6891e+02 -1.2224e+02 -1.0522e+02
-1.7473e+02 -1.6893e+02 -1.2677e+02 -2.5518e+02
# New trial
-1.7496e+02 -1.7132e+02 -1.4279e+02 -2.3751e+02
-1.7487e+02 -1.7036e+02 -1.3534e+02 -9.5982e+01
-1.7467e+02 -1.6841e+02 -1.2643e+02 -1.9142e+02
-1.7493e+02 -1.7098e+02 -1.4301e+02 -3.3341e+02
# New trial
-1.7489e+02 -1.7063e+02 -1.4025e+02 -1.0129e+02
-1.7471e+02 -1.6892e+02 -1.2903e+02 -9.3690e+01
-1.7441e+02 -1.6593e+02 -1.1616e+02 -1.4526e+02
-1.7480e+02 -1.6973e+02 -1.3994e+02 -3.9855e+02
# New trial
-1.7504e+02 -1.7202e+02 -1.4519e+02 -9.6040e+01
-1.7492e+02 -1.7084e+02 -1.3592e+02 -9.4141e+01
-1.7462e+02 -1.6788e+02 -1.1929e+02 -1.4013e+02
-1.7463e+02 -1.6805e+02 -1.3341e+02 -3.8419e+02
# New trial
-1.7508e+02 -1.7245e+02 -1.4821e+02 -9.7997e+01
-1.7494e+02 -1.7103e+02 -1.3655e+02 -9.4510e+01
-1.7454e+02 -1.6709e+02 -1.1609e+02 -1.2738e+02
-1.7439e+02 -1.6565e+02 -1.1761e+02 -2.5184e+02
# New trial
-1.7496e+02 -1.7127e+02 -1.4306e+02 -1.6518e+02
-1.7484e+02 -1.7015e+02 -1.3482e+02 -9.4009e+01
-1.7454e+02 -1.6718e+02 -1.1575e+02 -1.0561e+02
-1.7480e+02 -1.6969e+02 -1.2958e+02 -2.1970e+02
# New trial
-1.7504e+02 -1.7210e+02 -1.4603e+02 -1.0480e+02
-1.7495e+02 -1.7121e+02 -1.3845e+02 -1.0112e+02
-1.7470e+02 -1.6871e+02 -1.2231e+02 -1.5096e+02
-1.7487e+02 -1.7036e+02 -1.3617e+02 -3.1195e+02
# New trial
-1.7513e+02 -1.7290e+02 -1.5293e+02 -1.0732e+02
-1.7502e+02 -1.7182e+02 -1.4101e+02 -9.2303e+01
-1.7478e+02 -1.6940e+02 -1.2022e+02 -9.2302e+01
-1.7462e+02 -1.6787e+02 -1.1395e+02 -9.2302e+01
# New trial
-1.7495e+02 -1.7130e+02 -1.5041e+02 -1.9798e+02
-1.7474e+02 -1.6923e+02 -1.3068e+02 -9.5274e+01
-1.7434e+02 -1.6527e+02 -1.1262e+02 -1.4597e+02
-1.7462e+02 -1.6789e+02 -1.1966e+02 -1.9565e+02
# New trial
-1.7492e+02 -1.7099e+02 -1.5433e+02 -3.6373e+02
-1.7472e+02 -1.6900e+02 -1.2695e+02 -1.0224e+02
-1.7423e+02 -1.6417e+02 -1.0629e+02 -1.1317e+02
-1.7438e+02 -1.6555e+02 -1.0868e+02 -1.1389e+02
# New trial
-1.7505e+02 -1.7214e+02 -1.4589e+02 -1.0266e+02
-1.7491e+02 -1.7078e+02 -1.3472e+02 -9.8789e+01
-1.7458e+02 -1.6747e+02 -1.1620e+02 -1.2668e+02
-1.7458e+02 -1.6748e+02 -1.2574e+02 -2.9716e+02
# New trial
-1.7514e+02 -1.7305e+02 -1.5377e+02 -1.1674e+02
-1.7502e+02 -1.7182e+02 -1.4270e+02 -9.6837e+01
-1.7469e+02 -1.6858e+02 -1.1713e+02 -9.2547e+01
-1.7448e+02 -1.6653e+02 -1.0748e+02 -1.0903e+02
# New trial
-1.7509e+02 -1.7253e+02 -1.4926e+02 -1.4895e+02
-1.7499e+02 -1.7153e+02 -1.4026e+02 -9.7868e+01
-1.7475e+02 -1.6920e+02 -1.2307e+02 -1.0925e+02
-1.7480e+02 -1.6964e+02 -1.3030e+02 -2.3178e+02
# New trial
-1.7509e+02 -1.7262e+02 -1.6018e+02 -3.3843e+02
-1.7494e+02 -1.7104e+02 -1.3893e+02 -9.7750e+01
-1.7455e+02 -1.6726e+02 -1.1941e+02 -1.6561e+02
-1.7458e+02 -1.6754e+02 -1.3041e+02 -3.5081e+02
# New trial
-1.7504e+02 -1.7215e+02 -1.5180e+02 -1.7361e+02
-1.7492e+02 -1.7096e+02 -1.4047e+02 -9.7466e+01
-1.7466e+02 -1.6832e+02 -1.2486e+02 -1.0605e+02
-1.7478e+02 -1.6956e+02 -1.3390e+02 -2.6110e+02
# New trial
-1.7504e+02 -1.7205e+02 -1.5013e+02 -3.0545e+02
-1.7493e+02 -1.7100e+02 -1.3750e+02 -9.7289e+01
-1.7468e+02 -1.6850e+02 -1.2174e+02 -1.1698e+02
-1.7479e+02 -1.6953e+02 -1.2690e+02 -2.1487e+02
# New trial
-1.7505e+02 -1.7218e+02 -1.4597e+02 -9.5958e+01
-1.7495e+02 -1.7112e+02 -1.3739e+02 -9.3625e+01
-1.7465e+02 -1.6824e+02 -1.1684e+02 -9.9973e+01
-1.7466e+02 -1.6824e+02 -1.1707e+02 -1.4604e+02
# New trial
-1.7508e+02 -1.7245e+02 -1.4942e+02 -1.3972e+02
-1.7498e+02 -1.7144e+02 -1.4048e+02 -9.8951e+01
-1.7476e+02 -1.6927e+02 -1.2259e+02 -1.1292e+02
-1.7485e+02 -1.7019e+02 -1.2970e+02 -1.1630e+02
# New trial
-1.7510e+02 -1.7265e+02 -1.5194e+02 -2.1805e+02
-1.7506e+02 -1.7225e+02 -1.4696e+02 -1.0054e+02
-1.7493e+02 -1.7097e+02 -1.3605e+02 -1.4364e+02
-1.7505e+02 -1.7211e+02 -1.4778e+02 -3.3106e+02
# New trial
-1.7502e+02 -1.7193e+02 -1.5485e+02 -2.9070e+02
-1.7488e+02 -1.7047e+02 -1.3217e+02 -9.3209e+01
-1.7458e+02 -1.6746e+02 -1.1580e+02 -1.4437e+02
-1.7452e+02 -1.6694e+02 -1.2093e+02 -2.9547e+02
# New trial
-1.7510e+02 -1.7266e+02 -1.5079e+02 -1.2316e+02
-1.7506e+02 -1.7227e+02 -1.4780e+02 -1.2885e+02
-1.7494e+02 -1.7110e+02 -1.4002e+02 -2.1651e+02
-1.7509e+02 -1.7259e+02 -1.5230e+02 -3.5820e+02
# New trial
-1.7503e+02 -1.7197e+02 -1.5138e+02 -2.1927e+02
-1.7487e+02 -1.7036e+02 -1.3364e+02 -9.3897e+01
-1.7441e+02 -1.6591e+02 -1.0968e+02 -1.0834e+02
-1.7442e+02 -1.6599e+02 -1.2580e+02 -3.3121e+02
# New trial
-1.7508e+02 -1.7245e+02 -1.4957e+02 -1.4794e+02
-1.7496e+02 -1.7130e+02 -1.3778e+02 -9.2359e+01
-1.7462e+02 -1.6782e+02 -1.1037e+02 -9.2302e+01
-1.7445e+02 -1.6622e+02 -1.0608e+02 -9.6941e+01
# New trial
-1.7512e+02 -1.7288e+02 -1.5223e+02 -1.2799e+02
-1.7507e+02 -1.7236e+02 -1.4805e+02 -1.2135e+02
-1.7499e+02 -1.7154e+02 -1.4112e+02 -1.3796e+02
-1.7510e+02 -1.7264e+02 -1.4982e+02 -1.9656e+02
# New trial
