# 0.01sig - Array shape (trial/sig/alpha): (30, 4, 4)
-1.3363e+02 -1.3179e+02 -1.1815e+02 -1.0002e+02
-1.3358e+02 -1.3127e+02 -1.1446e+02 -1.0015e+02
-1.3351e+02 -1.3066e+02 -1.1291e+02 -1.7047e+02
-1.3370e+02 -1.3252e+02 -1.2669e+02 -3.3085e+02
# New trial
-1.3360e+02 -1.3152e+02 -1.1652e+02 -9.9446e+01
-1.3354e+02 -1.3097e+02 -1.1532e+02 -1.0548e+02
-1.3349e+02 -1.3046e+02 -1.1329e+02 -1.3711e+02
-1.3371e+02 -1.3260e+02 -1.2410e+02 -2.4288e+02
# New trial
-1.3361e+02 -1.3159e+02 -1.1635e+02 -1.0126e+02
-1.3353e+02 -1.3084e+02 -1.1372e+02 -1.0751e+02
-1.3340e+02 -1.2955e+02 -1.1340e+02 -1.8593e+02
-1.3360e+02 -1.3150e+02 -1.2232e+02 -2.8345e+02
# New trial
-1.3354e+02 -1.3090e+02 -1.1391e+02 -1.0285e+02
-1.3345e+02 -1.3015e+02 -1.1253e+02 -1.1727e+02
-1.3340e+02 -1.2964e+02 -1.1346e+02 -1.6370e+02
-1.3369e+02 -1.3240e+02 -1.2471e+02 -2.5405e+02
# New trial
-1.3365e+02 -1.3192e+02 -1.1697e+02 -9.7365e+01
-1.3358e+02 -1.3126e+02 -1.1249e+02 -9.7476e+01
-1.3343e+02 -1.2986e+02 -1.0968e+02 -1.4581e+02
-1.3350e+02 -1.3051e+02 -1.1243e+02 -1.8865e+02
# New trial
-1.3364e+02 -1.3190e+02 -1.1665e+02 -1.0335e+02
-1.3354e+02 -1.3086e+02 -1.1161e+02 -1.0034e+02
-1.3335e+02 -1.2904e+02 -1.0828e+02 -1.4773e+02
-1.3358e+02 -1.3125e+02 -1.1715e+02 -2.4319e+02
# New trial
-1.3364e+02 -1.3190e+02 -1.1815e+02 -1.0243e+02
-1.3357e+02 -1.3124e+02 -1.1533e+02 -1.0073e+02
-1.3352e+02 -1.3077e+02 -1.1316e+02 -1.4911e+02
-1.3373e+02 -1.3278e+02 -1.2460e+02 -1.6201e+02
# New trial
-1.3363e+02 -1.3176e+02 -1.1670e+02 -9.8977e+01
-1.3358e+02 -1.3127e+02 -1.1398e+02 -1.0505e+02
-1.3346e+02 -1.3014e+02 -1.0975e+02 -1.2290e+02
-1.3360e+02 -1.3143e+02 -1.1463e+02 -1.4174e+02
# New trial
-1.3361e+02 -1.3160e+02 -1.1602e+02 -9.8554e+01
-1.3353e+02 -1.3084e+02 -1.1310e+02 -1.0761e+02
-1.3335e+02 -1.2909e+02 -1.1256e+02 -1.6101e+02
-1.3357e+02 -1.3117e+02 -1.1893e+02 -2.3674e+02
# New trial
-1.3360e+02 -1.3151e+02 -1.1657e+02 -1.0503e+02
-1.3356e+02 -1.3113e+02 -1.1659e+02 -1.3093e+02
-1.3358e+02 -1.3136e+02 -1.2327e+02 -2.4610e+02
-1.3378e+02 -1.3323e+02 -1.3004e+02 -2.4569e+02
# New trial
-1.3354e+02 -1.3099e+02 -1.1538e+02 -9.8859e+01
-1.3349e+02 -1.3054e+02 -1.1520e+02 -1.1752e+02
-1.3348e+02 -1.3043e+02 -1.1933e+02 -2.2640e+02
-1.3377e+02 -1.3319e+02 -1.3038e+02 -2.7317e+02
# New trial
-1.3369e+02 -1.3240e+02 -1.2039e+02 -9.7718e+01
-1.3367e+02 -1.3212e+02 -1.1805e+02 -9.7990e+01
-1.3361e+02 -1.3156e+02 -1.1324e+02 -9.6987e+01
-1.3371e+02 -1.3257e+02 -1.2170e+02 -9.8691e+01
# New trial
-1.3364e+02 -1.3184e+02 -1.1606e+02 -9.7987e+01
-1.3355e+02 -1.3097e+02 -1.1092e+02 -1.0311e+02
-1.3335e+02 -1.2899e+02 -1.0378e+02 -1.0530e+02
-1.3352e+02 -1.3069e+02 -1.0817e+02 -1.0327e+02
# New trial
-1.3369e+02 -1.3240e+02 -1.2057e+02 -1.0149e+02
-1.3365e+02 -1.3200e+02 -1.1748e+02 -1.0200e+02
-1.3356e+02 -1.3105e+02 -1.1227e+02 -1.2666e+02
-1.3359e+02 -1.3142e+02 -1.1564e+02 -2.0749e+02
# New trial
-1.3368e+02 -1.3229e+02 -1.1950e+02 -1.0342e+02
-1.3364e+02 -1.3189e+02 -1.1629e+02 -1.0122e+02
-1.3357e+02 -1.3115e+02 -1.1129e+02 -1.1421e+02
-1.3368e+02 -1.3222e+02 -1.1901e+02 -1.2265e+02
# New trial
-1.3357e+02 -1.3124e+02 -1.1516e+02 -1.0873e+02
-1.3350e+02 -1.3061e+02 -1.1331e+02 -1.2053e+02
-1.3344e+02 -1.2998e+02 -1.1592e+02 -2.3755e+02
-1.3369e+02 -1.3240e+02 -1.2543e+02 -2.7927e+02
# New trial
-1.3359e+02 -1.3144e+02 -1.1517e+02 -9.9899e+01
-1.3353e+02 -1.3086e+02 -1.1354e+02 -1.0239e+02
-1.3344e+02 -1.3001e+02 -1.1039e+02 -1.2251e+02
-1.3365e+02 -1.3202e+02 -1.2024e+02 -2.0804e+02
# New trial
-1.3358e+02 -1.3137e+02 -1.1616e+02 -9.8095e+01
-1.3349e+02 -1.3053e+02 -1.1261e+02 -9.9160e+01
-1.3336e+02 -1.2929e+02 -1.0959e+02 -1.4951e+02
-1.3368e+02 -1.3227e+02 -1.2533e+02 -3.2026e+02
# New trial
-1.3373e+02 -1.3274e+02 -1.2310e+02 -9.7035e+01
-1.3369e+02 -1.3233e+02 -1.1929e+02 -9.7077e+01
-1.3357e+02 -1.3119e+02 -1.0935e+02 -9.6918e+01
-1.3359e+02 -1.3138e+02 -1.1116e+02 -9.6929e+01
# New trial
-1.3363e+02 -1.3178e+02 -1.1676e+02 -9.7388e+01
-1.3358e+02 -1.3128e+02 -1.1426e+02 -1.0047e+02
-1.3350e+02 -1.3051e+02 -1.1107e+02 -1.4066e+02
-1.3367e+02 -1.3214e+02 -1.2013e+02 -1.7815e+02
# New trial
-1.3350e+02 -1.3060e+02 -1.1416e+02 -1.0008e+02
-1.3345e+02 -1.3026e+02 -1.1612e+02 -1.4283e+02
-1.3352e+02 -1.3081e+02 -1.2248e+02 -2.5134e+02
-1.3379e+02 -1.3342e+02 -1.3319e+02 -3.4010e+02
# New trial
-1.3364e+02 -1.3184e+02 -1.1678e+02 -1.0118e+02
-1.3356e+02 -1.3112e+02 -1.1305e+02 -1.0289e+02
-1.3344e+02 -1.2998e+02 -1.0915e+02 -1.2507e+02
-1.3368e+02 -1.3226e+02 -1.1983e+02 -1.3727e+02
# New trial
-1.3373e+02 -1.3275e+02 -1.2337e+02 -1.0267e+02
-1.3369e+02 -1.3238e+02 -1.2046e+02 -1.1686e+02
-1.3360e+02 -1.3148e+02 -1.1415e+02 -1.3155e+02
-1.3359e+02 -1.3140e+02 -1.1288e+02 -1.1648e+02
# New trial
-1.3344e+02 -1.3006e+02 -1.1389e+02 -1.0077e+02
-1.3336e+02 -1.2946e+02 -1.1316e+02 -1.2229e+02
-1.3342e+02 -1.2991e+02 -1.1572e+02 -1.8376e+02
-1.3378e+02 -1.3324e+02 -1.3241e+02 -3.0176e+02
# New trial
-1.3367e+02 -1.3220e+02 -1.1951e+02 -1.0721e+02
-1.3360e+02 -1.3147e+02 -1.1551e+02 -1.0902e+02
-1.3346e+02 -1.3017e+02 -1.1038e+02 -1.5516e+02
-1.3365e+02 -1.3195e+02 -1.1986e+02 -2.3143e+02
# New trial
-1.3370e+02 -1.3246e+02 -1.2096e+02 -1.0543e+02
-1.3366e+02 -1.3202e+02 -1.1760e+02 -1.0812e+02
-1.3356e+02 -1.3111e+02 -1.1179e+02 -1.2591e+02
-1.3368e+02 -1.3229e+02 -1.2057e+02 -1.7914e+02
# New trial
-1.3369e+02 -1.3235e+02 -1.2035e+02 -1.0509e+02
-1.3362e+02 -1.3165e+02 -1.1609e+02 -1.0539e+02
-1.3350e+02 -1.3052e+02 -1.1184e+02 -1.7279e+02
-1.3361e+02 -1.3156e+02 -1.1970e+02 -2.6752e+02
# New trial
-1.3367e+02 -1.3216e+02 -1.1855e+02 -9.8942e+01
-1.3360e+02 -1.3143e+02 -1.1384e+02 -1.0040e+02
-1.3343e+02 -1.2982e+02 -1.0401e+02 -9.7516e+01
-1.3354e+02 -1.3088e+02 -1.0872e+02 -9.7523e+01
# New trial
-1.3371e+02 -1.3261e+02 -1.2253e+02 -9.9013e+01
-1.3369e+02 -1.3237e+02 -1.2060e+02 -1.0153e+02
-1.3363e+02 -1.3182e+02 -1.1624e+02 -1.2621e+02
-1.3372e+02 -1.3266e+02 -1.2347e+02 -2.0606e+02
# New trial
-1.3365e+02 -1.3195e+02 -1.1745e+02 -1.1299e+02
-1.3360e+02 -1.3149e+02 -1.1511e+02 -1.2809e+02
-1.3353e+02 -1.3084e+02 -1.1721e+02 -2.1383e+02
-1.3369e+02 -1.3243e+02 -1.2668e+02 -3.2012e+02
# New trial
