# 0.01sig - Array shape (trial/sig/alpha): (30, 4, 4)
-1.5212e+02 -1.5052e+02 -1.3785e+02 -1.2163e+02
-1.5209e+02 -1.5025e+02 -1.3655e+02 -1.2840e+02
-1.5206e+02 -1.5000e+02 -1.3675e+02 -1.7788e+02
-1.5220e+02 -1.5135e+02 -1.4518e+02 -2.4241e+02
# New trial
-1.5212e+02 -1.5055e+02 -1.3851e+02 -1.2318e+02
-1.5207e+02 -1.5011e+02 -1.3699e+02 -1.2569e+02
-1.5200e+02 -1.4938e+02 -1.3391e+02 -1.6461e+02
-1.5214e+02 -1.5076e+02 -1.4023e+02 -2.0362e+02
# New trial
-1.5214e+02 -1.5069e+02 -1.3826e+02 -1.2020e+02
-1.5207e+02 -1.5001e+02 -1.3401e+02 -1.2052e+02
-1.5189e+02 -1.4831e+02 -1.2659e+02 -1.2045e+02
-1.5198e+02 -1.4915e+02 -1.2866e+02 -1.3849e+02
# New trial
-1.5208e+02 -1.5014e+02 -1.3550e+02 -1.2093e+02
-1.5201e+02 -1.4951e+02 -1.3311e+02 -1.2108e+02
-1.5192e+02 -1.4867e+02 -1.2926e+02 -1.3764e+02
-1.5214e+02 -1.5071e+02 -1.3851e+02 -1.4176e+02
# New trial
-1.5215e+02 -1.5085e+02 -1.3915e+02 -1.2058e+02
-1.5210e+02 -1.5036e+02 -1.3587e+02 -1.2382e+02
-1.5199e+02 -1.4928e+02 -1.3259e+02 -1.6181e+02
-1.5204e+02 -1.4973e+02 -1.3850e+02 -2.4809e+02
# New trial
-1.5216e+02 -1.5090e+02 -1.3955e+02 -1.2110e+02
-1.5208e+02 -1.5013e+02 -1.3509e+02 -1.2196e+02
-1.5189e+02 -1.4831e+02 -1.2815e+02 -1.3560e+02
-1.5198e+02 -1.4911e+02 -1.3193e+02 -1.9647e+02
# New trial
-1.5214e+02 -1.5077e+02 -1.3887e+02 -1.2150e+02
-1.5209e+02 -1.5028e+02 -1.3649e+02 -1.2163e+02
-1.5203e+02 -1.4962e+02 -1.3455e+02 -1.3762e+02
-1.5216e+02 -1.5097e+02 -1.4109e+02 -1.8032e+02
# New trial
-1.5214e+02 -1.5077e+02 -1.3871e+02 -1.2066e+02
-1.5210e+02 -1.5034e+02 -1.3548e+02 -1.2183e+02
-1.5199e+02 -1.4928e+02 -1.2909e+02 -1.3098e+02
-1.5209e+02 -1.5022e+02 -1.3440e+02 -1.4868e+02
# New trial
-1.5213e+02 -1.5063e+02 -1.3805e+02 -1.2048e+02
-1.5206e+02 -1.4993e+02 -1.3300e+02 -1.2078e+02
-1.5188e+02 -1.4818e+02 -1.2513e+02 -1.3982e+02
-1.5199e+02 -1.4926e+02 -1.2887e+02 -1.2927e+02
# New trial
-1.5211e+02 -1.5046e+02 -1.3757e+02 -1.2265e+02
-1.5206e+02 -1.4996e+02 -1.3538e+02 -1.2617e+02
-1.5198e+02 -1.4919e+02 -1.3160e+02 -1.4882e+02
-1.5215e+02 -1.5084e+02 -1.4072e+02 -1.9511e+02
# New trial
-1.5206e+02 -1.4998e+02 -1.3534e+02 -1.2116e+02
-1.5199e+02 -1.4928e+02 -1.3312e+02 -1.2650e+02
-1.5190e+02 -1.4846e+02 -1.3026e+02 -1.3689e+02
-1.5218e+02 -1.5109e+02 -1.4315e+02 -2.1819e+02
# New trial
-1.5219e+02 -1.5124e+02 -1.4233e+02 -1.2203e+02
-1.5217e+02 -1.5104e+02 -1.4069e+02 -1.2204e+02
-1.5213e+02 -1.5057e+02 -1.3698e+02 -1.3146e+02
-1.5217e+02 -1.5105e+02 -1.4114e+02 -1.8024e+02
# New trial
-1.5216e+02 -1.5089e+02 -1.3965e+02 -1.2303e+02
-1.5209e+02 -1.5027e+02 -1.3586e+02 -1.2321e+02
-1.5192e+02 -1.4856e+02 -1.2889e+02 -1.2585e+02
-1.5195e+02 -1.4880e+02 -1.3122e+02 -1.9358e+02
# New trial
-1.5219e+02 -1.5123e+02 -1.4224e+02 -1.2167e+02
-1.5216e+02 -1.5090e+02 -1.3942e+02 -1.2117e+02
-1.5206e+02 -1.4988e+02 -1.3248e+02 -1.2174e+02
-1.5203e+02 -1.4961e+02 -1.3150e+02 -1.5476e+02
# New trial
-1.5218e+02 -1.5109e+02 -1.4099e+02 -1.2160e+02
-1.5215e+02 -1.5078e+02 -1.3850e+02 -1.2090e+02
-1.5205e+02 -1.4983e+02 -1.3257e+02 -1.2460e+02
-1.5205e+02 -1.4987e+02 -1.3471e+02 -1.6289e+02
# New trial
-1.5210e+02 -1.5034e+02 -1.3677e+02 -1.2134e+02
-1.5204e+02 -1.4978e+02 -1.3445e+02 -1.2881e+02
-1.5196e+02 -1.4900e+02 -1.3235e+02 -1.6769e+02
-1.5214e+02 -1.5073e+02 -1.4049e+02 -2.2977e+02
# New trial
-1.5211e+02 -1.5041e+02 -1.3575e+02 -1.2019e+02
-1.5205e+02 -1.4987e+02 -1.3328e+02 -1.2245e+02
-1.5197e+02 -1.4903e+02 -1.2908e+02 -1.3012e+02
-1.5211e+02 -1.5044e+02 -1.3568e+02 -1.2627e+02
# New trial
-1.5211e+02 -1.5044e+02 -1.3830e+02 -1.2125e+02
-1.5203e+02 -1.4975e+02 -1.3514e+02 -1.2292e+02
-1.5191e+02 -1.4853e+02 -1.2947e+02 -1.3979e+02
-1.5214e+02 -1.5070e+02 -1.3894e+02 -1.7336e+02
# New trial
-1.5215e+02 -1.5081e+02 -1.4091e+02 -1.3149e+02
-1.5209e+02 -1.5028e+02 -1.3813e+02 -1.3502e+02
-1.5207e+02 -1.5004e+02 -1.3625e+02 -1.7899e+02
-1.5219e+02 -1.5125e+02 -1.4636e+02 -3.1809e+02
# New trial
-1.5214e+02 -1.5073e+02 -1.3882e+02 -1.2082e+02
-1.5210e+02 -1.5036e+02 -1.3696e+02 -1.2576e+02
-1.5205e+02 -1.4982e+02 -1.3507e+02 -1.6608e+02
-1.5217e+02 -1.5105e+02 -1.4502e+02 -3.1439e+02
# New trial
-1.5201e+02 -1.4956e+02 -1.3410e+02 -1.2076e+02
-1.5196e+02 -1.4911e+02 -1.3422e+02 -1.3746e+02
-1.5196e+02 -1.4909e+02 -1.3697e+02 -2.1176e+02
-1.5220e+02 -1.5138e+02 -1.4703e+02 -2.3895e+02
# New trial
-1.5216e+02 -1.5096e+02 -1.4070e+02 -1.3115e+02
-1.5211e+02 -1.5048e+02 -1.3821e+02 -1.3193e+02
-1.5201e+02 -1.4944e+02 -1.3418e+02 -1.6114e+02
-1.5212e+02 -1.5049e+02 -1.3788e+02 -1.8269e+02
# New trial
-1.5223e+02 -1.5158e+02 -1.4528e+02 -1.2691e+02
-1.5220e+02 -1.5133e+02 -1.4313e+02 -1.3681e+02
-1.5214e+02 -1.5073e+02 -1.3827e+02 -1.5767e+02
-1.5212e+02 -1.5048e+02 -1.3617e+02 -1.4319e+02
# New trial
-1.5200e+02 -1.4944e+02 -1.3548e+02 -1.2175e+02
-1.5193e+02 -1.4888e+02 -1.3472e+02 -1.2582e+02
-1.5197e+02 -1.4919e+02 -1.3918e+02 -2.0672e+02
-1.5222e+02 -1.5159e+02 -1.5002e+02 -3.0329e+02
# New trial
-1.5218e+02 -1.5113e+02 -1.4177e+02 -1.2208e+02
-1.5212e+02 -1.5059e+02 -1.3855e+02 -1.2763e+02
-1.5200e+02 -1.4939e+02 -1.3185e+02 -1.4348e+02
-1.5210e+02 -1.5032e+02 -1.3571e+02 -1.5709e+02
# New trial
-1.5220e+02 -1.5131e+02 -1.4314e+02 -1.4880e+02
-1.5217e+02 -1.5097e+02 -1.4066e+02 -1.4932e+02
-1.5208e+02 -1.5009e+02 -1.3611e+02 -1.6776e+02
-1.5214e+02 -1.5070e+02 -1.3927e+02 -2.1547e+02
# New trial
-1.5218e+02 -1.5116e+02 -1.4165e+02 -1.2340e+02
-1.5213e+02 -1.5061e+02 -1.3778e+02 -1.2318e+02
-1.5202e+02 -1.4953e+02 -1.3192e+02 -1.3604e+02
-1.5203e+02 -1.4966e+02 -1.3422e+02 -2.1060e+02
# New trial
-1.5217e+02 -1.5104e+02 -1.4053e+02 -1.2188e+02
-1.5211e+02 -1.5047e+02 -1.3641e+02 -1.2084e+02
-1.5198e+02 -1.4919e+02 -1.2880e+02 -1.2482e+02
-1.5202e+02 -1.4958e+02 -1.3302e+02 -1.9550e+02
# New trial
-1.5221e+02 -1.5142e+02 -1.4415e+02 -1.2941e+02
-1.5219e+02 -1.5126e+02 -1.4287e+02 -1.3652e+02
-1.5215e+02 -1.5078e+02 -1.3943e+02 -1.6723e+02
-1.5219e+02 -1.5119e+02 -1.4229e+02 -1.8658e+02
# New trial
-1.5216e+02 -1.5091e+02 -1.4044e+02 -1.3171e+02
-1.5213e+02 -1.5067e+02 -1.3917e+02 -1.4519e+02
-1.5211e+02 -1.5047e+02 -1.4097e+02 -2.2875e+02
-1.5223e+02 -1.5163e+02 -1.4906e+02 -3.1694e+02
# New trial
