# 0.1sig - Array shape (trial/sig/alpha): (30, 4, 4)
-1.7524e+02 -1.7406e+02 -1.6484e+02 -1.6011e+02
-1.7519e+02 -1.7358e+02 -1.6228e+02 -1.4863e+02
-1.7507e+02 -1.7240e+02 -1.5805e+02 -1.5724e+02
-1.7516e+02 -1.7326e+02 -1.6057e+02 -2.1358e+02
# New trial
-1.7528e+02 -1.7443e+02 -1.6678e+02 -1.5146e+02
-1.7525e+02 -1.7411e+02 -1.6432e+02 -1.5081e+02
-1.7515e+02 -1.7316e+02 -1.5733e+02 -1.5110e+02
-1.7511e+02 -1.7279e+02 -1.5681e+02 -1.8194e+02
# New trial
-1.7528e+02 -1.7445e+02 -1.6727e+02 -1.6017e+02
-1.7523e+02 -1.7392e+02 -1.6229e+02 -1.4789e+02
-1.7510e+02 -1.7267e+02 -1.5473e+02 -1.5332e+02
-1.7499e+02 -1.7161e+02 -1.5387e+02 -1.9186e+02
# New trial
-1.7527e+02 -1.7435e+02 -1.6621e+02 -1.6964e+02
-1.7524e+02 -1.7401e+02 -1.6284e+02 -1.4863e+02
-1.7513e+02 -1.7297e+02 -1.5638e+02 -1.5922e+02
-1.7506e+02 -1.7230e+02 -1.5774e+02 -2.2358e+02
# New trial
-1.7530e+02 -1.7468e+02 -1.6916e+02 -1.6160e+02
-1.7527e+02 -1.7435e+02 -1.6609e+02 -1.4908e+02
-1.7519e+02 -1.7355e+02 -1.6057e+02 -1.5408e+02
-1.7518e+02 -1.7340e+02 -1.5986e+02 -1.8779e+02
# New trial
-1.7530e+02 -1.7465e+02 -1.6842e+02 -1.5258e+02
-1.7527e+02 -1.7437e+02 -1.6585e+02 -1.5009e+02
-1.7520e+02 -1.7361e+02 -1.5995e+02 -1.5318e+02
-1.7520e+02 -1.7359e+02 -1.5926e+02 -1.5776e+02
# New trial
-1.7529e+02 -1.7451e+02 -1.6717e+02 -1.4830e+02
-1.7526e+02 -1.7425e+02 -1.6494e+02 -1.4814e+02
-1.7518e+02 -1.7343e+02 -1.5864e+02 -1.4908e+02
-1.7513e+02 -1.7297e+02 -1.5506e+02 -1.5005e+02
# New trial
-1.7526e+02 -1.7428e+02 -1.6594e+02 -1.8652e+02
-1.7523e+02 -1.7399e+02 -1.6344e+02 -1.4983e+02
-1.7516e+02 -1.7324e+02 -1.5906e+02 -1.7592e+02
-1.7520e+02 -1.7368e+02 -1.6196e+02 -2.1504e+02
# New trial
-1.7523e+02 -1.7394e+02 -1.6334e+02 -1.4965e+02
-1.7518e+02 -1.7342e+02 -1.5948e+02 -1.4769e+02
-1.7507e+02 -1.7237e+02 -1.5340e+02 -1.5169e+02
-1.7516e+02 -1.7319e+02 -1.5747e+02 -1.6121e+02
# New trial
-1.7528e+02 -1.7446e+02 -1.6692e+02 -1.5188e+02
-1.7525e+02 -1.7416e+02 -1.6453e+02 -1.5259e+02
-1.7517e+02 -1.7336e+02 -1.6119e+02 -1.8225e+02
-1.7515e+02 -1.7315e+02 -1.6382e+02 -2.5267e+02
# New trial
-1.7530e+02 -1.7462e+02 -1.6833e+02 -1.4968e+02
-1.7526e+02 -1.7420e+02 -1.6451e+02 -1.4782e+02
-1.7513e+02 -1.7291e+02 -1.5567e+02 -1.4901e+02
-1.7502e+02 -1.7184e+02 -1.5066e+02 -1.5034e+02
# New trial
-1.7526e+02 -1.7421e+02 -1.6498e+02 -1.4855e+02
-1.7522e+02 -1.7381e+02 -1.6210e+02 -1.4782e+02
-1.7511e+02 -1.7272e+02 -1.5548e+02 -1.4800e+02
-1.7514e+02 -1.7306e+02 -1.5614e+02 -1.5641e+02
# New trial
-1.7528e+02 -1.7444e+02 -1.6649e+02 -1.4863e+02
-1.7525e+02 -1.7409e+02 -1.6345e+02 -1.4896e+02
-1.7514e+02 -1.7302e+02 -1.5638e+02 -1.4997e+02
-1.7515e+02 -1.7316e+02 -1.5733e+02 -1.7520e+02
# New trial
-1.7531e+02 -1.7469e+02 -1.6878e+02 -1.4842e+02
-1.7528e+02 -1.7438e+02 -1.6571e+02 -1.4769e+02
-1.7520e+02 -1.7364e+02 -1.5909e+02 -1.4768e+02
-1.7513e+02 -1.7297e+02 -1.5591e+02 -1.6775e+02
# New trial
-1.7525e+02 -1.7417e+02 -1.6708e+02 -1.8001e+02
-1.7520e+02 -1.7367e+02 -1.6198e+02 -1.4827e+02
-1.7509e+02 -1.7260e+02 -1.5713e+02 -1.7102e+02
-1.7513e+02 -1.7295e+02 -1.5660e+02 -1.6476e+02
# New trial
-1.7523e+02 -1.7401e+02 -1.6704e+02 -2.0567e+02
-1.7518e+02 -1.7345e+02 -1.5971e+02 -1.4784e+02
-1.7504e+02 -1.7213e+02 -1.5523e+02 -1.6002e+02
-1.7509e+02 -1.7254e+02 -1.5956e+02 -2.2829e+02
# New trial
-1.7529e+02 -1.7451e+02 -1.6723e+02 -1.5295e+02
-1.7525e+02 -1.7413e+02 -1.6401e+02 -1.4986e+02
-1.7514e+02 -1.7303e+02 -1.5631e+02 -1.5244e+02
-1.7508e+02 -1.7247e+02 -1.5325e+02 -1.4787e+02
# New trial
-1.7531e+02 -1.7476e+02 -1.6945e+02 -1.5891e+02
-1.7528e+02 -1.7440e+02 -1.6608e+02 -1.4835e+02
-1.7519e+02 -1.7353e+02 -1.5834e+02 -1.4769e+02
-1.7513e+02 -1.7292e+02 -1.5504e+02 -1.4769e+02
# New trial
-1.7530e+02 -1.7461e+02 -1.6807e+02 -1.6437e+02
-1.7527e+02 -1.7429e+02 -1.6515e+02 -1.4797e+02
-1.7517e+02 -1.7336e+02 -1.5788e+02 -1.4807e+02
-1.7515e+02 -1.7310e+02 -1.5627e+02 -1.5691e+02
# New trial
-1.7529e+02 -1.7457e+02 -1.6900e+02 -2.0142e+02
-1.7525e+02 -1.7410e+02 -1.6403e+02 -1.4964e+02
-1.7512e+02 -1.7284e+02 -1.5588e+02 -1.5503e+02
-1.7510e+02 -1.7262e+02 -1.5668e+02 -1.9243e+02
# New trial
-1.7527e+02 -1.7434e+02 -1.6670e+02 -1.6019e+02
-1.7524e+02 -1.7400e+02 -1.6356e+02 -1.4834e+02
-1.7515e+02 -1.7314e+02 -1.5691e+02 -1.4773e+02
-1.7516e+02 -1.7326e+02 -1.5669e+02 -1.4769e+02
# New trial
-1.7529e+02 -1.7451e+02 -1.6864e+02 -1.9984e+02
-1.7525e+02 -1.7415e+02 -1.6454e+02 -1.4952e+02
-1.7516e+02 -1.7323e+02 -1.5846e+02 -1.5287e+02
-1.7514e+02 -1.7307e+02 -1.5774e+02 -1.7113e+02
# New trial
-1.7529e+02 -1.7454e+02 -1.6758e+02 -1.5266e+02
-1.7526e+02 -1.7421e+02 -1.6470e+02 -1.4867e+02
-1.7515e+02 -1.7317e+02 -1.5736e+02 -1.4775e+02
-1.7511e+02 -1.7274e+02 -1.5594e+02 -1.5836e+02
# New trial
-1.7529e+02 -1.7451e+02 -1.6736e+02 -1.5609e+02
-1.7526e+02 -1.7424e+02 -1.6486e+02 -1.4807e+02
-1.7519e+02 -1.7357e+02 -1.5978e+02 -1.5984e+02
-1.7521e+02 -1.7373e+02 -1.6136e+02 -1.8708e+02
# New trial
-1.7530e+02 -1.7459e+02 -1.6781e+02 -1.4797e+02
-1.7528e+02 -1.7444e+02 -1.6652e+02 -1.4803e+02
-1.7523e+02 -1.7396e+02 -1.6259e+02 -1.6000e+02
-1.7525e+02 -1.7414e+02 -1.6460e+02 -1.9360e+02
# New trial
-1.7527e+02 -1.7439e+02 -1.6788e+02 -1.8821e+02
-1.7524e+02 -1.7401e+02 -1.6323e+02 -1.4955e+02
-1.7514e+02 -1.7307e+02 -1.5734e+02 -1.6306e+02
-1.7509e+02 -1.7259e+02 -1.5871e+02 -2.1547e+02
# New trial
-1.7530e+02 -1.7467e+02 -1.6871e+02 -1.5636e+02
-1.7528e+02 -1.7448e+02 -1.6713e+02 -1.5710e+02
-1.7523e+02 -1.7390e+02 -1.6247e+02 -1.6185e+02
-1.7524e+02 -1.7402e+02 -1.6348e+02 -1.8613e+02
# New trial
-1.7527e+02 -1.7436e+02 -1.6662e+02 -1.7553e+02
-1.7523e+02 -1.7395e+02 -1.6228e+02 -1.4768e+02
-1.7510e+02 -1.7267e+02 -1.5414e+02 -1.4773e+02
-1.7508e+02 -1.7246e+02 -1.5268e+02 -1.4768e+02
# New trial
-1.7530e+02 -1.7461e+02 -1.6832e+02 -1.5804e+02
-1.7527e+02 -1.7430e+02 -1.6536e+02 -1.4837e+02
-1.7515e+02 -1.7318e+02 -1.5726e+02 -1.4819e+02
-1.7504e+02 -1.7207e+02 -1.5365e+02 -1.4982e+02
# New trial
-1.7530e+02 -1.7462e+02 -1.6819e+02 -1.5291e+02
-1.7528e+02 -1.7442e+02 -1.6653e+02 -1.5135e+02
-1.7524e+02 -1.7404e+02 -1.6330e+02 -1.5367e+02
-1.7527e+02 -1.7436e+02 -1.6591e+02 -1.6391e+02
# New trial
