# 0.1sig - Array shape (trial/sig/alpha): (30, 4, 4)
-1.6141e+02 -1.6041e+02 -1.5333e+02 -1.8689e+02
-1.6137e+02 -1.6000e+02 -1.5040e+02 -1.4214e+02
-1.6127e+02 -1.5899e+02 -1.4633e+02 -1.5088e+02
-1.6135e+02 -1.5978e+02 -1.5020e+02 -1.9004e+02
# New trial
-1.6145e+02 -1.6073e+02 -1.5430e+02 -1.4247e+02
-1.6142e+02 -1.6040e+02 -1.5175e+02 -1.4426e+02
-1.6134e+02 -1.5965e+02 -1.4662e+02 -1.4552e+02
-1.6136e+02 -1.5980e+02 -1.4708e+02 -1.4796e+02
# New trial
-1.6145e+02 -1.6074e+02 -1.5477e+02 -1.4682e+02
-1.6140e+02 -1.6026e+02 -1.5013e+02 -1.3850e+02
-1.6128e+02 -1.5907e+02 -1.4349e+02 -1.4480e+02
-1.6118e+02 -1.5805e+02 -1.4275e+02 -1.6760e+02
# New trial
-1.6144e+02 -1.6062e+02 -1.5415e+02 -1.9319e+02
-1.6140e+02 -1.6029e+02 -1.5024e+02 -1.3865e+02
-1.6132e+02 -1.5941e+02 -1.4534e+02 -1.4578e+02
-1.6127e+02 -1.5897e+02 -1.4713e+02 -1.9603e+02
# New trial
-1.6147e+02 -1.6095e+02 -1.5665e+02 -1.7154e+02
-1.6144e+02 -1.6065e+02 -1.5350e+02 -1.3898e+02
-1.6137e+02 -1.6000e+02 -1.4877e+02 -1.4566e+02
-1.6138e+02 -1.6007e+02 -1.4917e+02 -1.6882e+02
# New trial
-1.6147e+02 -1.6096e+02 -1.5621e+02 -1.4916e+02
-1.6145e+02 -1.6071e+02 -1.5408e+02 -1.4897e+02
-1.6139e+02 -1.6010e+02 -1.4992e+02 -1.5891e+02
-1.6140e+02 -1.6025e+02 -1.5051e+02 -1.7397e+02
# New trial
-1.6145e+02 -1.6075e+02 -1.5417e+02 -1.3857e+02
-1.6143e+02 -1.6052e+02 -1.5218e+02 -1.3847e+02
-1.6135e+02 -1.5978e+02 -1.4652e+02 -1.3852e+02
-1.6130e+02 -1.5924e+02 -1.4289e+02 -1.3846e+02
# New trial
-1.6143e+02 -1.6058e+02 -1.5347e+02 -1.7573e+02
-1.6141e+02 -1.6031e+02 -1.5133e+02 -1.3881e+02
-1.6134e+02 -1.5963e+02 -1.4754e+02 -1.5528e+02
-1.6137e+02 -1.5992e+02 -1.4869e+02 -1.7451e+02
# New trial
-1.6141e+02 -1.6035e+02 -1.5222e+02 -1.4042e+02
-1.6137e+02 -1.5997e+02 -1.5001e+02 -1.3863e+02
-1.6127e+02 -1.5900e+02 -1.4498e+02 -1.4594e+02
-1.6131e+02 -1.5941e+02 -1.4705e+02 -1.7991e+02
# New trial
-1.6144e+02 -1.6067e+02 -1.5347e+02 -1.3942e+02
-1.6141e+02 -1.6038e+02 -1.5117e+02 -1.3894e+02
-1.6132e+02 -1.5947e+02 -1.4502e+02 -1.4313e+02
-1.6127e+02 -1.5899e+02 -1.4339e+02 -1.6366e+02
# New trial
-1.6146e+02 -1.6085e+02 -1.5520e+02 -1.4503e+02
-1.6142e+02 -1.6048e+02 -1.5190e+02 -1.3858e+02
-1.6131e+02 -1.5934e+02 -1.4417e+02 -1.3874e+02
-1.6124e+02 -1.5870e+02 -1.4175e+02 -1.4532e+02
# New trial
-1.6142e+02 -1.6050e+02 -1.5256e+02 -1.5371e+02
-1.6139e+02 -1.6015e+02 -1.4999e+02 -1.3866e+02
-1.6129e+02 -1.5920e+02 -1.4339e+02 -1.3846e+02
-1.6133e+02 -1.5957e+02 -1.4498e+02 -1.3880e+02
# New trial
-1.6145e+02 -1.6074e+02 -1.5402e+02 -1.3943e+02
-1.6142e+02 -1.6045e+02 -1.5164e+02 -1.3908e+02
-1.6134e+02 -1.5964e+02 -1.4664e+02 -1.4329e+02
-1.6137e+02 -1.5996e+02 -1.4896e+02 -1.7503e+02
# New trial
-1.6147e+02 -1.6096e+02 -1.5620e+02 -1.4217e+02
-1.6144e+02 -1.6068e+02 -1.5346e+02 -1.3970e+02
-1.6137e+02 -1.5999e+02 -1.4816e+02 -1.4467e+02
-1.6131e+02 -1.5936e+02 -1.4758e+02 -1.9196e+02
# New trial
-1.6143e+02 -1.6052e+02 -1.5454e+02 -1.8942e+02
-1.6137e+02 -1.5997e+02 -1.4923e+02 -1.3846e+02
-1.6125e+02 -1.5882e+02 -1.4327e+02 -1.4230e+02
-1.6131e+02 -1.5937e+02 -1.4704e+02 -1.8532e+02
# New trial
-1.6142e+02 -1.6043e+02 -1.5553e+02 -2.0617e+02
-1.6137e+02 -1.5997e+02 -1.4935e+02 -1.4215e+02
-1.6126e+02 -1.5887e+02 -1.4712e+02 -1.6833e+02
-1.6129e+02 -1.5915e+02 -1.4683e+02 -1.8776e+02
# New trial
-1.6145e+02 -1.6075e+02 -1.5431e+02 -1.4024e+02
-1.6142e+02 -1.6040e+02 -1.5148e+02 -1.3925e+02
-1.6130e+02 -1.5926e+02 -1.4503e+02 -1.3847e+02
-1.6120e+02 -1.5829e+02 -1.3928e+02 -1.3845e+02
# New trial
-1.6147e+02 -1.6098e+02 -1.5633e+02 -1.5488e+02
-1.6144e+02 -1.6067e+02 -1.5326e+02 -1.3852e+02
-1.6136e+02 -1.5984e+02 -1.4625e+02 -1.3850e+02
-1.6130e+02 -1.5928e+02 -1.4475e+02 -1.7008e+02
# New trial
-1.6146e+02 -1.6084e+02 -1.5503e+02 -1.4256e+02
-1.6143e+02 -1.6058e+02 -1.5281e+02 -1.3897e+02
-1.6136e+02 -1.5985e+02 -1.4755e+02 -1.3905e+02
-1.6135e+02 -1.5979e+02 -1.4654e+02 -1.3994e+02
# New trial
-1.6146e+02 -1.6081e+02 -1.5580e+02 -1.7713e+02
-1.6142e+02 -1.6043e+02 -1.5198e+02 -1.3869e+02
-1.6131e+02 -1.5935e+02 -1.4505e+02 -1.4341e+02
-1.6129e+02 -1.5917e+02 -1.4339e+02 -1.4706e+02
# New trial
-1.6144e+02 -1.6065e+02 -1.5444e+02 -1.4876e+02
-1.6141e+02 -1.6036e+02 -1.5170e+02 -1.3897e+02
-1.6134e+02 -1.5963e+02 -1.4684e+02 -1.3920e+02
-1.6135e+02 -1.5980e+02 -1.4743e+02 -1.5664e+02
# New trial
-1.6145e+02 -1.6079e+02 -1.5575e+02 -1.8351e+02
-1.6142e+02 -1.6049e+02 -1.5238e+02 -1.3930e+02
-1.6135e+02 -1.5981e+02 -1.4778e+02 -1.4906e+02
-1.6138e+02 -1.6003e+02 -1.5001e+02 -2.0469e+02
# New trial
-1.6145e+02 -1.6074e+02 -1.5416e+02 -1.4064e+02
-1.6142e+02 -1.6047e+02 -1.5191e+02 -1.4052e+02
-1.6134e+02 -1.5966e+02 -1.4714e+02 -1.4788e+02
-1.6131e+02 -1.5933e+02 -1.4569e+02 -1.5895e+02
# New trial
-1.6145e+02 -1.6076e+02 -1.5435e+02 -1.4288e+02
-1.6143e+02 -1.6053e+02 -1.5223e+02 -1.3899e+02
-1.6137e+02 -1.5994e+02 -1.4754e+02 -1.4404e+02
-1.6138e+02 -1.6002e+02 -1.4818e+02 -1.4451e+02
# New trial
-1.6146e+02 -1.6082e+02 -1.5498e+02 -1.6997e+02
-1.6145e+02 -1.6069e+02 -1.5367e+02 -1.3880e+02
-1.6141e+02 -1.6031e+02 -1.5041e+02 -1.4050e+02
-1.6144e+02 -1.6062e+02 -1.5346e+02 -1.8543e+02
# New trial
-1.6144e+02 -1.6063e+02 -1.5518e+02 -1.7880e+02
-1.6140e+02 -1.6028e+02 -1.5047e+02 -1.3883e+02
-1.6133e+02 -1.5951e+02 -1.4692e+02 -1.6464e+02
-1.6130e+02 -1.5927e+02 -1.5252e+02 -2.5026e+02
# New trial
-1.6147e+02 -1.6091e+02 -1.5567e+02 -1.5027e+02
-1.6145e+02 -1.6076e+02 -1.5435e+02 -1.5188e+02
-1.6141e+02 -1.6032e+02 -1.5086e+02 -1.6634e+02
-1.6143e+02 -1.6053e+02 -1.5279e+02 -1.8796e+02
# New trial
-1.6144e+02 -1.6067e+02 -1.5407e+02 -1.4989e+02
-1.6140e+02 -1.6026e+02 -1.5075e+02 -1.4232e+02
-1.6126e+02 -1.5893e+02 -1.4377e+02 -1.3968e+02
-1.6123e+02 -1.5859e+02 -1.4414e+02 -1.5748e+02
# New trial
-1.6146e+02 -1.6088e+02 -1.5563e+02 -1.4855e+02
-1.6143e+02 -1.6055e+02 -1.5241e+02 -1.3863e+02
-1.6133e+02 -1.5952e+02 -1.4418e+02 -1.3845e+02
-1.6129e+02 -1.5916e+02 -1.4324e+02 -1.4894e+02
# New trial
-1.6146e+02 -1.6087e+02 -1.5526e+02 -1.4588e+02
-1.6145e+02 -1.6070e+02 -1.5385e+02 -1.4447e+02
-1.6141e+02 -1.6035e+02 -1.5124e+02 -1.5576e+02
-1.6144e+02 -1.6061e+02 -1.5383e+02 -1.9637e+02
# New trial
