# 0.01sig - Array shape (trial/sig/alpha): (30, 4, 4)
-1.7439e+02 -1.6592e+02 -1.2431e+02 -3.2316e+02
-1.7431e+02 -1.6518e+02 -1.1890e+02 -3.3012e+02
-1.7430e+02 -1.6496e+02 -1.2157e+02 -5.2100e+02
-1.7499e+02 -1.7165e+02 -1.5763e+02 -7.0733e+02
# New trial
-1.7430e+02 -1.6524e+02 -1.2694e+02 -3.8789e+02
-1.7420e+02 -1.6416e+02 -1.1400e+02 -2.7509e+02
-1.7420e+02 -1.6407e+02 -1.0831e+02 -3.3682e+02
-1.7493e+02 -1.7099e+02 -1.4210e+02 -5.0638e+02
# New trial
-1.7436e+02 -1.6586e+02 -1.2479e+02 -3.2359e+02
-1.7420e+02 -1.6417e+02 -1.0946e+02 -2.7511e+02
-1.7390e+02 -1.6099e+02 -9.5544e+01 -3.8086e+02
-1.7457e+02 -1.6742e+02 -1.3430e+02 -6.9465e+02
# New trial
-1.7414e+02 -1.6399e+02 -1.2828e+02 -4.6900e+02
-1.7398e+02 -1.6248e+02 -1.2349e+02 -4.8625e+02
-1.7407e+02 -1.6299e+02 -1.1692e+02 -5.0441e+02
-1.7493e+02 -1.7109e+02 -1.4358e+02 -5.3958e+02
# New trial
-1.7467e+02 -1.6859e+02 -1.3282e+02 -3.5317e+02
-1.7444e+02 -1.6630e+02 -1.1232e+02 -3.0271e+02
-1.7409e+02 -1.6273e+02 -8.5725e+01 -2.5249e+02
-1.7448e+02 -1.6650e+02 -1.1967e+02 -4.7504e+02
# New trial
-1.7443e+02 -1.6642e+02 -1.2919e+02 -3.7546e+02
-1.7426e+02 -1.6466e+02 -1.0999e+02 -2.6732e+02
-1.7401e+02 -1.6206e+02 -1.0037e+02 -3.4525e+02
-1.7462e+02 -1.6791e+02 -1.1713e+02 -2.3022e+02
# New trial
-1.7440e+02 -1.6615e+02 -1.3232e+02 -3.7666e+02
-1.7431e+02 -1.6522e+02 -1.1947e+02 -2.6580e+02
-1.7446e+02 -1.6650e+02 -1.2190e+02 -4.3305e+02
-1.7504e+02 -1.7206e+02 -1.4902e+02 -4.0146e+02
# New trial
-1.7436e+02 -1.6588e+02 -1.2600e+02 -3.0336e+02
-1.7432e+02 -1.6529e+02 -1.1463e+02 -2.6043e+02
-1.7421e+02 -1.6403e+02 -1.1465e+02 -4.4264e+02
-1.7471e+02 -1.6884e+02 -1.3446e+02 -5.4243e+02
# New trial
-1.7441e+02 -1.6622e+02 -1.2818e+02 -3.8757e+02
-1.7424e+02 -1.6450e+02 -1.1522e+02 -3.9568e+02
-1.7383e+02 -1.6031e+02 -1.0492e+02 -4.8714e+02
-1.7453e+02 -1.6702e+02 -1.3039e+02 -6.0323e+02
# New trial
-1.7436e+02 -1.6577e+02 -1.2590e+02 -3.5467e+02
-1.7431e+02 -1.6519e+02 -1.1701e+02 -3.5749e+02
-1.7436e+02 -1.6549e+02 -1.1323e+02 -4.4425e+02
-1.7502e+02 -1.7188e+02 -1.4436e+02 -2.0981e+02
# New trial
-1.7392e+02 -1.6166e+02 -1.0544e+02 -2.3058e+02
-1.7388e+02 -1.6123e+02 -1.0476e+02 -2.7593e+02
-1.7410e+02 -1.6327e+02 -1.2436e+02 -5.5744e+02
-1.7503e+02 -1.7209e+02 -1.5288e+02 -5.6533e+02
# New trial
-1.7477e+02 -1.6943e+02 -1.2596e+02 -1.0248e+02
-1.7480e+02 -1.6965e+02 -1.2662e+02 -1.1806e+02
-1.7478e+02 -1.6945e+02 -1.2336e+02 -2.3403e+02
-1.7500e+02 -1.7163e+02 -1.4020e+02 -2.1666e+02
# New trial
-1.7449e+02 -1.6695e+02 -1.3411e+02 -3.8495e+02
-1.7433e+02 -1.6532e+02 -1.1799e+02 -3.4433e+02
-1.7394e+02 -1.6146e+02 -1.1124e+02 -4.9552e+02
-1.7447e+02 -1.6649e+02 -1.3531e+02 -6.2317e+02
# New trial
-1.7476e+02 -1.6934e+02 -1.2752e+02 -1.4000e+02
-1.7465e+02 -1.6822e+02 -1.1782e+02 -1.4070e+02
-1.7445e+02 -1.6623e+02 -1.0497e+02 -1.8805e+02
-1.7468e+02 -1.6845e+02 -1.1494e+02 -1.6133e+02
# New trial
-1.7466e+02 -1.6832e+02 -1.2187e+02 -2.0243e+02
-1.7462e+02 -1.6793e+02 -1.1493e+02 -1.8594e+02
-1.7450e+02 -1.6672e+02 -1.0805e+02 -2.8690e+02
-1.7477e+02 -1.6936e+02 -1.2951e+02 -4.1973e+02
# New trial
-1.7417e+02 -1.6403e+02 -1.2287e+02 -3.7688e+02
-1.7405e+02 -1.6285e+02 -1.1207e+02 -3.1087e+02
-1.7411e+02 -1.6322e+02 -1.1131e+02 -3.7102e+02
-1.7493e+02 -1.7109e+02 -1.4583e+02 -4.9203e+02
# New trial
-1.7424e+02 -1.6456e+02 -1.0590e+02 -1.5388e+02
-1.7423e+02 -1.6447e+02 -1.0904e+02 -2.3307e+02
-1.7429e+02 -1.6491e+02 -1.0802e+02 -3.7472e+02
-1.7487e+02 -1.7042e+02 -1.3430e+02 -3.5580e+02
# New trial
-1.7441e+02 -1.6686e+02 -1.5098e+02 -5.3923e+02
-1.7429e+02 -1.6554e+02 -1.3108e+02 -4.2859e+02
-1.7420e+02 -1.6435e+02 -1.2868e+02 -6.6354e+02
-1.7492e+02 -1.7097e+02 -1.4264e+02 -4.3078e+02
# New trial
-1.7467e+02 -1.6847e+02 -1.2652e+02 -2.0915e+02
-1.7457e+02 -1.6750e+02 -1.1905e+02 -1.9377e+02
-1.7453e+02 -1.6706e+02 -1.1939e+02 -3.5158e+02
-1.7496e+02 -1.7123e+02 -1.4165e+02 -3.5591e+02
# New trial
-1.7456e+02 -1.6739e+02 -1.2031e+02 -2.7335e+02
-1.7452e+02 -1.6705e+02 -1.1838e+02 -2.4158e+02
-1.7446e+02 -1.6643e+02 -1.1233e+02 -3.4552e+02
-1.7492e+02 -1.7087e+02 -1.3618e+02 -2.7381e+02
# New trial
-1.7393e+02 -1.6186e+02 -1.0662e+02 -2.4327e+02
-1.7383e+02 -1.6112e+02 -1.0834e+02 -2.1923e+02
-1.7414e+02 -1.6377e+02 -1.2003e+02 -4.6822e+02
-1.7508e+02 -1.7245e+02 -1.5292e+02 -4.8772e+02
# New trial
-1.7440e+02 -1.6612e+02 -1.3174e+02 -4.0730e+02
-1.7437e+02 -1.6564e+02 -1.1624e+02 -2.7872e+02
-1.7429e+02 -1.6488e+02 -1.1919e+02 -5.0135e+02
-1.7490e+02 -1.7075e+02 -1.4177e+02 -4.8864e+02
# New trial
-1.7487e+02 -1.7052e+02 -1.4952e+02 -3.7208e+02
-1.7477e+02 -1.6951e+02 -1.3266e+02 -2.6412e+02
-1.7459e+02 -1.6761e+02 -1.1214e+02 -2.1201e+02
-1.7472e+02 -1.6891e+02 -1.2349e+02 -3.6328e+02
# New trial
-1.7382e+02 -1.6138e+02 -1.2440e+02 -4.2342e+02
-1.7379e+02 -1.6127e+02 -1.2469e+02 -4.2495e+02
-1.7422e+02 -1.6476e+02 -1.3619e+02 -6.3527e+02
-1.7512e+02 -1.7292e+02 -1.6065e+02 -6.3209e+02
# New trial
-1.7460e+02 -1.6783e+02 -1.2357e+02 -2.2968e+02
-1.7443e+02 -1.6626e+02 -1.1401e+02 -2.1818e+02
-1.7422e+02 -1.6411e+02 -1.0756e+02 -4.8496e+02
-1.7488e+02 -1.7046e+02 -1.3365e+02 -3.0311e+02
# New trial
-1.7460e+02 -1.6797e+02 -1.3600e+02 -3.3543e+02
-1.7460e+02 -1.6784e+02 -1.2732e+02 -2.3763e+02
-1.7457e+02 -1.6746e+02 -1.1737e+02 -2.7044e+02
-1.7499e+02 -1.7152e+02 -1.4074e+02 -2.7236e+02
# New trial
-1.7469e+02 -1.6882e+02 -1.3801e+02 -3.3865e+02
-1.7451e+02 -1.6700e+02 -1.2028e+02 -2.6214e+02
-1.7427e+02 -1.6456e+02 -1.0259e+02 -3.6348e+02
-1.7460e+02 -1.6772e+02 -1.2750e+02 -6.3067e+02
# New trial
-1.7466e+02 -1.6854e+02 -1.3321e+02 -2.9187e+02
-1.7446e+02 -1.6655e+02 -1.1615e+02 -2.1194e+02
-1.7409e+02 -1.6287e+02 -9.2370e+01 -2.5279e+02
-1.7456e+02 -1.6726e+02 -1.1847e+02 -4.3840e+02
# New trial
-1.7470e+02 -1.6899e+02 -1.4079e+02 -3.3824e+02
-1.7474e+02 -1.6919e+02 -1.2870e+02 -2.0104e+02
-1.7471e+02 -1.6875e+02 -1.1814e+02 -1.9828e+02
-1.7500e+02 -1.7165e+02 -1.4016e+02 -1.8427e+02
# New trial
-1.7450e+02 -1.6725e+02 -1.5264e+02 -6.3032e+02
-1.7445e+02 -1.6646e+02 -1.2651e+02 -4.1766e+02
-1.7439e+02 -1.6581e+02 -1.2283e+02 -5.6098e+02
-1.7496e+02 -1.7125e+02 -1.4401e+02 -4.8263e+02
# New trial
