# 0.01sig - Array shape (trial/sig/alpha): (30, 4, 4)
-1.3770e+02 -1.3146e+02 -1.1350e+02 -4.6214e+02
-1.3769e+02 -1.3123e+02 -1.0798e+02 -4.2822e+02
-1.3774e+02 -1.3159e+02 -1.0553e+02 -5.3478e+02
-1.3823e+02 -1.3627e+02 -1.2357e+02 -3.7289e+02
# New trial
-1.3750e+02 -1.2975e+02 -1.1277e+02 -5.3218e+02
-1.3751e+02 -1.2953e+02 -9.3657e+01 -2.8004e+02
-1.3768e+02 -1.3098e+02 -9.2322e+01 -3.3191e+02
-1.3824e+02 -1.3636e+02 -1.2257e+02 -4.7281e+02
# New trial
-1.3756e+02 -1.3045e+02 -1.1514e+02 -5.1697e+02
-1.3747e+02 -1.2922e+02 -9.4864e+01 -3.7507e+02
-1.3737e+02 -1.2800e+02 -8.8042e+01 -4.9638e+02
-1.3805e+02 -1.3442e+02 -1.0909e+02 -4.5621e+02
# New trial
-1.3741e+02 -1.2914e+02 -1.1390e+02 -5.6184e+02
-1.3734e+02 -1.2834e+02 -1.0523e+02 -5.2394e+02
-1.3760e+02 -1.3047e+02 -1.0758e+02 -6.2401e+02
-1.3824e+02 -1.3645e+02 -1.2706e+02 -5.5971e+02
# New trial
-1.3782e+02 -1.3246e+02 -1.0874e+02 -4.2293e+02
-1.3766e+02 -1.3078e+02 -9.2862e+01 -3.3602e+02
-1.3751e+02 -1.2926e+02 -8.3193e+01 -3.3022e+02
-1.3793e+02 -1.3336e+02 -1.0851e+02 -4.9361e+02
# New trial
-1.3762e+02 -1.3096e+02 -1.1318e+02 -4.8892e+02
-1.3755e+02 -1.2992e+02 -9.1741e+01 -2.6479e+02
-1.3749e+02 -1.2908e+02 -8.7943e+01 -3.8707e+02
-1.3809e+02 -1.3483e+02 -1.1177e+02 -3.5366e+02
# New trial
-1.3762e+02 -1.3067e+02 -1.1054e+02 -4.2880e+02
-1.3761e+02 -1.3051e+02 -9.9714e+01 -3.0431e+02
-1.3785e+02 -1.3260e+02 -1.0197e+02 -3.4161e+02
-1.3830e+02 -1.3697e+02 -1.2572e+02 -2.9071e+02
# New trial
-1.3748e+02 -1.2947e+02 -9.8322e+01 -3.6434e+02
-1.3752e+02 -1.2954e+02 -8.5669e+01 -2.7035e+02
-1.3753e+02 -1.2941e+02 -7.7593e+01 -2.7398e+02
-1.3805e+02 -1.3448e+02 -1.0510e+02 -2.3648e+02
# New trial
-1.3755e+02 -1.3043e+02 -1.1614e+02 -5.5966e+02
-1.3745e+02 -1.2911e+02 -9.9358e+01 -4.9751e+02
-1.3725e+02 -1.2687e+02 -8.8647e+01 -5.0811e+02
-1.3798e+02 -1.3380e+02 -1.1230e+02 -5.3010e+02
# New trial
-1.3761e+02 -1.3069e+02 -1.1677e+02 -5.2167e+02
-1.3762e+02 -1.3058e+02 -1.0424e+02 -4.5016e+02
-1.3780e+02 -1.3224e+02 -1.1285e+02 -5.9439e+02
-1.3831e+02 -1.3706e+02 -1.3147e+02 -5.3954e+02
# New trial
-1.3732e+02 -1.2796e+02 -9.6763e+01 -3.2961e+02
-1.3736e+02 -1.2829e+02 -9.3449e+01 -3.6882e+02
-1.3769e+02 -1.3128e+02 -1.1555e+02 -6.4979e+02
-1.3832e+02 -1.3718e+02 -1.3155e+02 -5.0383e+02
# New trial
-1.3792e+02 -1.3322e+02 -9.7265e+01 -1.2465e+02
-1.3798e+02 -1.3379e+02 -1.0058e+02 -1.3251e+02
-1.3805e+02 -1.3450e+02 -1.0544e+02 -2.0275e+02
-1.3828e+02 -1.3676e+02 -1.2370e+02 -2.6681e+02
# New trial
-1.3768e+02 -1.3114e+02 -1.1000e+02 -4.6030e+02
-1.3761e+02 -1.3031e+02 -9.5008e+01 -3.7322e+02
-1.3739e+02 -1.2809e+02 -8.7260e+01 -4.2892e+02
-1.3792e+02 -1.3320e+02 -9.6491e+01 -1.7706e+02
# New trial
-1.3791e+02 -1.3316e+02 -9.8619e+01 -1.8636e+02
-1.3783e+02 -1.3227e+02 -8.7645e+01 -1.4582e+02
-1.3774e+02 -1.3136e+02 -8.2060e+01 -1.7997e+02
-1.3800e+02 -1.3392e+02 -1.0576e+02 -3.5181e+02
# New trial
-1.3784e+02 -1.3259e+02 -1.0383e+02 -3.3157e+02
-1.3787e+02 -1.3279e+02 -9.6285e+01 -2.4990e+02
-1.3787e+02 -1.3266e+02 -9.4101e+01 -3.0434e+02
-1.3815e+02 -1.3545e+02 -1.1304e+02 -2.2085e+02
# New trial
-1.3747e+02 -1.2935e+02 -1.0205e+02 -3.8972e+02
-1.3744e+02 -1.2904e+02 -9.8218e+01 -3.3611e+02
-1.3761e+02 -1.3045e+02 -1.0519e+02 -4.6033e+02
-1.3824e+02 -1.3639e+02 -1.2540e+02 -4.2043e+02
# New trial
-1.3755e+02 -1.3003e+02 -9.5693e+01 -2.3453e+02
-1.3759e+02 -1.3037e+02 -9.8475e+01 -2.8075e+02
-1.3771e+02 -1.3130e+02 -1.0107e+02 -3.8091e+02
-1.3819e+02 -1.3590e+02 -1.2041e+02 -4.4640e+02
# New trial
-1.3756e+02 -1.3109e+02 -1.4611e+02 -8.3699e+02
-1.3751e+02 -1.3014e+02 -1.1973e+02 -5.8977e+02
-1.3757e+02 -1.3038e+02 -1.1633e+02 -7.1084e+02
-1.3824e+02 -1.3637e+02 -1.2662e+02 -5.8339e+02
# New trial
-1.3802e+02 -1.3433e+02 -1.1569e+02 -3.3167e+02
-1.3800e+02 -1.3404e+02 -1.0425e+02 -2.1602e+02
-1.3791e+02 -1.3309e+02 -9.3478e+01 -2.0342e+02
-1.3810e+02 -1.3494e+02 -1.0794e+02 -1.8767e+02
# New trial
-1.3775e+02 -1.3162e+02 -9.6452e+01 -3.2926e+02
-1.3776e+02 -1.3168e+02 -9.3932e+01 -2.5817e+02
-1.3782e+02 -1.3218e+02 -9.3773e+01 -2.7297e+02
-1.3822e+02 -1.3618e+02 -1.1855e+02 -1.9889e+02
# New trial
-1.3734e+02 -1.2809e+02 -9.0524e+01 -2.7045e+02
-1.3732e+02 -1.2811e+02 -9.5969e+01 -2.3478e+02
-1.3772e+02 -1.3170e+02 -1.1187e+02 -3.8747e+02
-1.3836e+02 -1.3763e+02 -1.3487e+02 -4.5534e+02
# New trial
-1.3768e+02 -1.3139e+02 -1.2290e+02 -5.7375e+02
-1.3769e+02 -1.3126e+02 -1.0283e+02 -3.2245e+02
-1.3772e+02 -1.3147e+02 -1.0302e+02 -4.4311e+02
-1.3821e+02 -1.3613e+02 -1.2295e+02 -4.7541e+02
# New trial
-1.3799e+02 -1.3409e+02 -1.1964e+02 -4.3314e+02
-1.3796e+02 -1.3368e+02 -1.0552e+02 -2.6663e+02
-1.3788e+02 -1.3278e+02 -9.2383e+01 -2.1888e+02
-1.3805e+02 -1.3441e+02 -1.0263e+02 -1.3216e+02
# New trial
-1.3716e+02 -1.2707e+02 -1.1276e+02 -5.3827e+02
-1.3725e+02 -1.2777e+02 -1.0578e+02 -4.4425e+02
-1.3776e+02 -1.3217e+02 -1.2227e+02 -6.1913e+02
-1.3838e+02 -1.3778e+02 -1.3720e+02 -5.3517e+02
# New trial
-1.3780e+02 -1.3212e+02 -1.0272e+02 -2.7984e+02
-1.3770e+02 -1.3117e+02 -9.5307e+01 -2.1384e+02
-1.3762e+02 -1.3042e+02 -9.6713e+01 -3.5106e+02
-1.3816e+02 -1.3559e+02 -1.2277e+02 -5.0776e+02
# New trial
-1.3775e+02 -1.3183e+02 -1.1420e+02 -4.3357e+02
-1.3779e+02 -1.3212e+02 -1.0246e+02 -2.5399e+02
-1.3786e+02 -1.3272e+02 -1.0099e+02 -3.4001e+02
-1.3822e+02 -1.3618e+02 -1.2076e+02 -4.0788e+02
# New trial
-1.3788e+02 -1.3307e+02 -1.1539e+02 -3.9798e+02
-1.3778e+02 -1.3203e+02 -1.0345e+02 -3.3118e+02
-1.3769e+02 -1.3095e+02 -8.8264e+01 -3.5027e+02
-1.3802e+02 -1.3419e+02 -1.0306e+02 -2.8046e+02
# New trial
-1.3782e+02 -1.3241e+02 -1.0814e+02 -3.6907e+02
-1.3769e+02 -1.3117e+02 -9.3990e+01 -2.3180e+02
-1.3753e+02 -1.2950e+02 -8.0114e+01 -2.2391e+02
-1.3798e+02 -1.3381e+02 -1.0708e+02 -5.0680e+02
# New trial
-1.3789e+02 -1.3328e+02 -1.2516e+02 -5.2630e+02
-1.3791e+02 -1.3319e+02 -1.0311e+02 -2.5711e+02
-1.3794e+02 -1.3333e+02 -9.4944e+01 -2.1579e+02
-1.3823e+02 -1.3626e+02 -1.1844e+02 -2.6219e+02
# New trial
-1.3774e+02 -1.3185e+02 -1.3500e+02 -7.8931e+02
-1.3772e+02 -1.3145e+02 -1.0349e+02 -4.8048e+02
-1.3778e+02 -1.3188e+02 -1.0265e+02 -5.8232e+02
-1.3824e+02 -1.3633e+02 -1.2413e+02 -6.1242e+02
# New trial
