# 0.1sig - Array shape (trial/sig/alpha): (30, 4, 4)
-1.2873e+02 -1.2452e+02 -1.0197e+02 -2.1466e+02
-1.2866e+02 -1.2381e+02 -9.4663e+01 -6.8840e+01
-1.2852e+02 -1.2252e+02 -9.1307e+01 -1.7876e+02
-1.2896e+02 -1.2667e+02 -1.1189e+02 -3.5409e+02
# New trial
-1.2889e+02 -1.2597e+02 -1.0371e+02 -8.2726e+01
-1.2879e+02 -1.2500e+02 -9.6779e+01 -6.7953e+01
-1.2856e+02 -1.2273e+02 -8.1101e+01 -7.2074e+01
-1.2867e+02 -1.2371e+02 -8.9486e+01 -1.5458e+02
# New trial
-1.2887e+02 -1.2581e+02 -1.0663e+02 -1.4533e+02
-1.2870e+02 -1.2409e+02 -8.9152e+01 -6.6103e+01
-1.2840e+02 -1.2111e+02 -8.2839e+01 -1.4061e+02
-1.2852e+02 -1.2233e+02 -1.1109e+02 -4.3510e+02
# New trial
-1.2882e+02 -1.2531e+02 -1.0786e+02 -3.1048e+02
-1.2873e+02 -1.2435e+02 -9.1574e+01 -6.6701e+01
-1.2846e+02 -1.2172e+02 -8.2533e+01 -1.4935e+02
-1.2852e+02 -1.2225e+02 -8.9703e+01 -2.4841e+02
# New trial
-1.2898e+02 -1.2687e+02 -1.1474e+02 -2.4359e+02
-1.2888e+02 -1.2584e+02 -1.0189e+02 -7.4330e+01
-1.2869e+02 -1.2402e+02 -9.2591e+01 -1.4656e+02
-1.2884e+02 -1.2547e+02 -1.0684e+02 -3.4902e+02
# New trial
-1.2903e+02 -1.2731e+02 -1.1352e+02 -1.1825e+02
-1.2894e+02 -1.2639e+02 -1.0510e+02 -6.8153e+01
-1.2881e+02 -1.2512e+02 -9.6591e+01 -1.4415e+02
-1.2898e+02 -1.2678e+02 -1.0826e+02 -2.3874e+02
# New trial
-1.2891e+02 -1.2609e+02 -1.0195e+02 -6.5085e+01
-1.2882e+02 -1.2525e+02 -9.5327e+01 -6.4671e+01
-1.2864e+02 -1.2342e+02 -8.2743e+01 -6.4792e+01
-1.2879e+02 -1.2487e+02 -9.1575e+01 -8.2067e+01
# New trial
-1.2879e+02 -1.2494e+02 -1.0046e+02 -1.6599e+02
-1.2873e+02 -1.2437e+02 -9.2583e+01 -6.9725e+01
-1.2867e+02 -1.2378e+02 -8.8008e+01 -1.1570e+02
-1.2899e+02 -1.2686e+02 -1.0823e+02 -1.6845e+02
# New trial
-1.2872e+02 -1.2435e+02 -9.4547e+01 -6.7882e+01
-1.2857e+02 -1.2289e+02 -8.7232e+01 -6.5483e+01
-1.2840e+02 -1.2124e+02 -8.8305e+01 -1.7797e+02
-1.2888e+02 -1.2589e+02 -1.0892e+02 -3.7750e+02
# New trial
-1.2887e+02 -1.2571e+02 -1.0008e+02 -6.5195e+01
-1.2875e+02 -1.2459e+02 -9.2014e+01 -6.5091e+01
-1.2853e+02 -1.2235e+02 -7.8349e+01 -7.7908e+01
-1.2873e+02 -1.2433e+02 -8.8928e+01 -7.5196e+01
# New trial
-1.2894e+02 -1.2643e+02 -1.0616e+02 -9.2265e+01
-1.2881e+02 -1.2512e+02 -9.6501e+01 -7.0025e+01
-1.2849e+02 -1.2204e+02 -8.0900e+01 -9.2515e+01
-1.2858e+02 -1.2285e+02 -8.9888e+01 -2.0904e+02
# New trial
-1.2881e+02 -1.2518e+02 -1.0111e+02 -1.3235e+02
-1.2871e+02 -1.2423e+02 -9.5279e+01 -6.6262e+01
-1.2854e+02 -1.2258e+02 -8.9220e+01 -1.5713e+02
-1.2890e+02 -1.2602e+02 -1.1108e+02 -3.8926e+02
# New trial
-1.2884e+02 -1.2551e+02 -1.0370e+02 -1.3813e+02
-1.2880e+02 -1.2508e+02 -9.6531e+01 -7.7633e+01
-1.2871e+02 -1.2416e+02 -9.6067e+01 -2.2990e+02
-1.2900e+02 -1.2706e+02 -1.1277e+02 -3.0053e+02
# New trial
-1.2900e+02 -1.2703e+02 -1.1303e+02 -1.3999e+02
-1.2889e+02 -1.2586e+02 -9.8392e+01 -6.4880e+01
-1.2866e+02 -1.2361e+02 -8.1087e+01 -6.4613e+01
-1.2861e+02 -1.2309e+02 -8.2413e+01 -6.4612e+01
# New trial
-1.2877e+02 -1.2500e+02 -1.1126e+02 -2.4216e+02
-1.2857e+02 -1.2301e+02 -9.0683e+01 -6.6289e+01
-1.2830e+02 -1.2024e+02 -8.3356e+01 -1.2790e+02
-1.2878e+02 -1.2486e+02 -1.1034e+02 -3.6928e+02
# New trial
-1.2877e+02 -1.2508e+02 -1.2440e+02 -3.9689e+02
-1.2860e+02 -1.2328e+02 -9.1381e+01 -6.6228e+01
-1.2830e+02 -1.2033e+02 -8.9431e+01 -2.1767e+02
-1.2861e+02 -1.2318e+02 -9.8732e+01 -3.3473e+02
# New trial
-1.2888e+02 -1.2578e+02 -1.0006e+02 -6.7062e+01
-1.2874e+02 -1.2449e+02 -8.9777e+01 -6.5586e+01
-1.2851e+02 -1.2216e+02 -7.8340e+01 -7.6383e+01
-1.2873e+02 -1.2432e+02 -9.4627e+01 -1.8357e+02
# New trial
-1.2897e+02 -1.2672e+02 -1.0735e+02 -1.0871e+02
-1.2885e+02 -1.2557e+02 -9.7729e+01 -6.8877e+01
-1.2861e+02 -1.2315e+02 -8.2080e+01 -8.7310e+01
-1.2860e+02 -1.2303e+02 -8.5966e+01 -1.7940e+02
# New trial
-1.2894e+02 -1.2636e+02 -1.0366e+02 -7.2735e+01
-1.2885e+02 -1.2552e+02 -9.8207e+01 -7.0409e+01
-1.2870e+02 -1.2402e+02 -8.9079e+01 -1.0791e+02
-1.2886e+02 -1.2561e+02 -1.0235e+02 -2.7922e+02
# New trial
-1.2894e+02 -1.2652e+02 -1.1956e+02 -3.2967e+02
-1.2878e+02 -1.2492e+02 -9.7124e+01 -6.6955e+01
-1.2848e+02 -1.2196e+02 -8.3695e+01 -1.3660e+02
-1.2872e+02 -1.2428e+02 -1.0513e+02 -4.0286e+02
# New trial
-1.2884e+02 -1.2549e+02 -1.0678e+02 -2.0283e+02
-1.2874e+02 -1.2453e+02 -9.4207e+01 -6.4917e+01
-1.2860e+02 -1.2310e+02 -8.5476e+01 -1.0484e+02
-1.2888e+02 -1.2583e+02 -1.0167e+02 -2.0777e+02
# New trial
-1.2888e+02 -1.2591e+02 -1.0956e+02 -2.3989e+02
-1.2879e+02 -1.2497e+02 -9.6829e+01 -8.0545e+01
-1.2866e+02 -1.2370e+02 -9.5920e+01 -2.2603e+02
-1.2889e+02 -1.2597e+02 -1.0341e+02 -2.3365e+02
# New trial
-1.2889e+02 -1.2595e+02 -1.0208e+02 -7.0390e+01
-1.2880e+02 -1.2502e+02 -9.5928e+01 -6.7847e+01
-1.2862e+02 -1.2331e+02 -8.8754e+01 -1.3182e+02
-1.2881e+02 -1.2518e+02 -1.0491e+02 -3.4795e+02
# New trial
-1.2892e+02 -1.2621e+02 -1.0450e+02 -8.5688e+01
-1.2882e+02 -1.2529e+02 -9.7881e+01 -7.7164e+01
-1.2868e+02 -1.2382e+02 -8.9565e+01 -1.1294e+02
-1.2889e+02 -1.2595e+02 -1.0601e+02 -3.2416e+02
# New trial
-1.2898e+02 -1.2686e+02 -1.0965e+02 -1.7750e+02
-1.2894e+02 -1.2641e+02 -1.0482e+02 -6.9621e+01
-1.2882e+02 -1.2524e+02 -9.4561e+01 -1.0140e+02
-1.2893e+02 -1.2627e+02 -1.0417e+02 -2.4211e+02
# New trial
-1.2885e+02 -1.2568e+02 -1.1469e+02 -2.5819e+02
-1.2871e+02 -1.2416e+02 -8.9050e+01 -6.4932e+01
-1.2848e+02 -1.2189e+02 -8.0406e+01 -1.1380e+02
-1.2866e+02 -1.2366e+02 -9.3621e+01 -2.6539e+02
# New trial
-1.2890e+02 -1.2601e+02 -1.0200e+02 -8.9508e+01
-1.2889e+02 -1.2593e+02 -1.0172e+02 -9.4723e+01
-1.2888e+02 -1.2583e+02 -1.0327e+02 -2.3391e+02
-1.2908e+02 -1.2782e+02 -1.1757e+02 -2.7617e+02
# New trial
-1.2883e+02 -1.2538e+02 -1.0492e+02 -1.8609e+02
-1.2869e+02 -1.2397e+02 -8.5875e+01 -6.4633e+01
-1.2839e+02 -1.2099e+02 -7.3882e+01 -7.0293e+01
-1.2864e+02 -1.2344e+02 -8.6987e+01 -9.9551e+01
# New trial
-1.2888e+02 -1.2587e+02 -1.0195e+02 -9.4266e+01
-1.2878e+02 -1.2485e+02 -9.3623e+01 -6.6663e+01
-1.2853e+02 -1.2239e+02 -8.3927e+01 -1.2056e+02
-1.2862e+02 -1.2327e+02 -9.6735e+01 -2.8590e+02
# New trial
-1.2896e+02 -1.2664e+02 -1.0577e+02 -7.6914e+01
-1.2893e+02 -1.2630e+02 -1.0264e+02 -7.5711e+01
-1.2891e+02 -1.2611e+02 -1.0137e+02 -1.2231e+02
-1.2907e+02 -1.2773e+02 -1.1518e+02 -9.3284e+01
# New trial
