# 0.01sig - Array shape (trial/sig/alpha): (30, 4, 4)
-1.7948e+02 -1.7500e+02 -1.4015e+02 -9.6225e+01
-1.7938e+02 -1.7402e+02 -1.3569e+02 -1.2190e+02
-1.7925e+02 -1.7277e+02 -1.3746e+02 -3.0444e+02
-1.7967e+02 -1.7683e+02 -1.6334e+02 -5.9037e+02
# New trial
-1.7945e+02 -1.7463e+02 -1.3659e+02 -1.0831e+02
-1.7931e+02 -1.7328e+02 -1.3115e+02 -1.2455e+02
-1.7912e+02 -1.7144e+02 -1.1868e+02 -1.4779e+02
-1.7957e+02 -1.7588e+02 -1.4496e+02 -2.8005e+02
# New trial
-1.7951e+02 -1.7523e+02 -1.4010e+02 -9.1605e+01
-1.7932e+02 -1.7344e+02 -1.3020e+02 -9.4658e+01
-1.7893e+02 -1.6963e+02 -1.1314e+02 -1.3719e+02
-1.7926e+02 -1.7274e+02 -1.2345e+02 -1.8845e+02
# New trial
-1.7932e+02 -1.7341e+02 -1.3030e+02 -9.0124e+01
-1.7913e+02 -1.7174e+02 -1.2572e+02 -1.1656e+02
-1.7891e+02 -1.6965e+02 -1.1746e+02 -1.6686e+02
-1.7954e+02 -1.7554e+02 -1.4237e+02 -1.5085e+02
# New trial
-1.7955e+02 -1.7560e+02 -1.4016e+02 -8.8652e+01
-1.7939e+02 -1.7401e+02 -1.2737e+02 -8.9068e+01
-1.7902e+02 -1.7035e+02 -1.0486e+02 -8.9968e+01
-1.7911e+02 -1.7127e+02 -1.1232e+02 -1.0709e+02
# New trial
-1.7957e+02 -1.7577e+02 -1.4221e+02 -9.2812e+01
-1.7933e+02 -1.7352e+02 -1.3076e+02 -1.0705e+02
-1.7887e+02 -1.6898e+02 -1.1346e+02 -1.3238e+02
-1.7921e+02 -1.7221e+02 -1.1816e+02 -1.6371e+02
# New trial
-1.7954e+02 -1.7557e+02 -1.4154e+02 -9.1925e+01
-1.7940e+02 -1.7418e+02 -1.3406e+02 -9.0604e+01
-1.7924e+02 -1.7260e+02 -1.2245e+02 -1.1283e+02
-1.7961e+02 -1.7623e+02 -1.4595e+02 -1.5751e+02
# New trial
-1.7951e+02 -1.7527e+02 -1.4005e+02 -9.0214e+01
-1.7940e+02 -1.7418e+02 -1.3325e+02 -9.3787e+01
-1.7914e+02 -1.7166e+02 -1.2040e+02 -1.6620e+02
-1.7939e+02 -1.7409e+02 -1.3466e+02 -3.4393e+02
# New trial
-1.7946e+02 -1.7478e+02 -1.3657e+02 -9.0537e+01
-1.7926e+02 -1.7277e+02 -1.2415e+02 -9.6363e+01
-1.7874e+02 -1.6778e+02 -1.1361e+02 -1.6628e+02
-1.7912e+02 -1.7149e+02 -1.3052e+02 -3.1794e+02
# New trial
-1.7945e+02 -1.7470e+02 -1.3922e+02 -9.9028e+01
-1.7931e+02 -1.7337e+02 -1.3381e+02 -1.1209e+02
-1.7916e+02 -1.7191e+02 -1.3291e+02 -2.5872e+02
-1.7963e+02 -1.7646e+02 -1.5216e+02 -3.8450e+02
# New trial
-1.7932e+02 -1.7355e+02 -1.3531e+02 -9.6971e+01
-1.7917e+02 -1.7221e+02 -1.3340e+02 -1.5579e+02
-1.7901e+02 -1.7070e+02 -1.3606e+02 -3.0185e+02
-1.7966e+02 -1.7679e+02 -1.6217e+02 -4.9945e+02
# New trial
-1.7966e+02 -1.7669e+02 -1.4906e+02 -8.9815e+01
-1.7960e+02 -1.7615e+02 -1.4471e+02 -8.9622e+01
-1.7947e+02 -1.7488e+02 -1.3479e+02 -9.6476e+01
-1.7962e+02 -1.7633e+02 -1.4627e+02 -1.6071e+02
# New trial
-1.7957e+02 -1.7578e+02 -1.4244e+02 -9.6236e+01
-1.7939e+02 -1.7404e+02 -1.3133e+02 -1.0312e+02
-1.7893e+02 -1.6958e+02 -1.1660e+02 -1.6758e+02
-1.7910e+02 -1.7122e+02 -1.2884e+02 -3.1661e+02
# New trial
-1.7967e+02 -1.7682e+02 -1.5050e+02 -9.1926e+01
-1.7958e+02 -1.7588e+02 -1.4302e+02 -9.4681e+01
-1.7933e+02 -1.7350e+02 -1.2647e+02 -1.1899e+02
-1.7938e+02 -1.7397e+02 -1.2914e+02 -2.4839e+02
# New trial
-1.7963e+02 -1.7638e+02 -1.4645e+02 -9.7988e+01
-1.7953e+02 -1.7545e+02 -1.3898e+02 -9.5313e+01
-1.7930e+02 -1.7310e+02 -1.2240e+02 -1.4199e+02
-1.7940e+02 -1.7410e+02 -1.3461e+02 -3.5822e+02
# New trial
-1.7939e+02 -1.7415e+02 -1.3715e+02 -9.0277e+01
-1.7922e+02 -1.7262e+02 -1.3260e+02 -9.8488e+01
-1.7900e+02 -1.7051e+02 -1.2803e+02 -2.0215e+02
-1.7956e+02 -1.7582e+02 -1.5157e+02 -4.8555e+02
# New trial
-1.7945e+02 -1.7466e+02 -1.3628e+02 -9.2109e+01
-1.7931e+02 -1.7335e+02 -1.3189e+02 -9.8604e+01
-1.7911e+02 -1.7140e+02 -1.2531e+02 -1.6945e+02
-1.7948e+02 -1.7497e+02 -1.4207e+02 -3.6651e+02
# New trial
-1.7938e+02 -1.7407e+02 -1.3807e+02 -9.5474e+01
-1.7917e+02 -1.7209e+02 -1.3074e+02 -1.0281e+02
-1.7889e+02 -1.6944e+02 -1.2724e+02 -2.1091e+02
-1.7952e+02 -1.7542e+02 -1.5529e+02 -5.4018e+02
# New trial
-1.7955e+02 -1.7566e+02 -1.4572e+02 -1.0800e+02
-1.7943e+02 -1.7450e+02 -1.4087e+02 -1.4249e+02
-1.7934e+02 -1.7365e+02 -1.3978e+02 -3.3155e+02
-1.7965e+02 -1.7659e+02 -1.5404e+02 -4.7353e+02
# New trial
-1.7949e+02 -1.7508e+02 -1.3806e+02 -9.0732e+01
-1.7936e+02 -1.7381e+02 -1.3032e+02 -9.1612e+01
-1.7915e+02 -1.7173e+02 -1.2017e+02 -1.5643e+02
-1.7951e+02 -1.7524e+02 -1.4272e+02 -2.9824e+02
# New trial
-1.7910e+02 -1.7143e+02 -1.2558e+02 -9.1049e+01
-1.7890e+02 -1.6975e+02 -1.2386e+02 -1.1057e+02
-1.7889e+02 -1.6964e+02 -1.2714e+02 -2.0757e+02
-1.7964e+02 -1.7665e+02 -1.5732e+02 -3.7868e+02
# New trial
-1.7957e+02 -1.7588e+02 -1.4457e+02 -9.8459e+01
-1.7943e+02 -1.7447e+02 -1.3726e+02 -1.1028e+02
-1.7916e+02 -1.7193e+02 -1.2450e+02 -1.6693e+02
-1.7955e+02 -1.7562e+02 -1.4342e+02 -2.0546e+02
# New trial
-1.7975e+02 -1.7761e+02 -1.5691e+02 -9.3826e+01
-1.7966e+02 -1.7668e+02 -1.4888e+02 -1.0106e+02
-1.7944e+02 -1.7457e+02 -1.3099e+02 -1.3434e+02
-1.7942e+02 -1.7428e+02 -1.2928e+02 -1.2639e+02
# New trial
-1.7913e+02 -1.7181e+02 -1.3068e+02 -9.3726e+01
-1.7897e+02 -1.7052e+02 -1.2930e+02 -1.3241e+02
-1.7902e+02 -1.7094e+02 -1.3581e+02 -2.8523e+02
-1.7974e+02 -1.7755e+02 -1.6700e+02 -5.6770e+02
# New trial
-1.7963e+02 -1.7645e+02 -1.4857e+02 -9.1669e+01
-1.7946e+02 -1.7479e+02 -1.3882e+02 -9.5233e+01
-1.7915e+02 -1.7181e+02 -1.2022e+02 -1.2593e+02
-1.7953e+02 -1.7540e+02 -1.4020e+02 -2.1421e+02
# New trial
-1.7967e+02 -1.7677e+02 -1.5008e+02 -1.2819e+02
-1.7956e+02 -1.7575e+02 -1.4214e+02 -1.2787e+02
-1.7932e+02 -1.7340e+02 -1.2956e+02 -1.9712e+02
-1.7958e+02 -1.7590e+02 -1.4819e+02 -3.6012e+02
# New trial
-1.7964e+02 -1.7651e+02 -1.4736e+02 -9.8531e+01
-1.7947e+02 -1.7484e+02 -1.3567e+02 -1.0058e+02
-1.7912e+02 -1.7138e+02 -1.1809e+02 -1.3154e+02
-1.7923e+02 -1.7251e+02 -1.2882e+02 -3.3815e+02
# New trial
-1.7963e+02 -1.7638e+02 -1.4730e+02 -1.0300e+02
-1.7946e+02 -1.7477e+02 -1.3716e+02 -1.0892e+02
-1.7911e+02 -1.7136e+02 -1.2271e+02 -2.1031e+02
-1.7929e+02 -1.7305e+02 -1.2645e+02 -2.6782e+02
# New trial
-1.7972e+02 -1.7732e+02 -1.5534e+02 -9.6136e+01
-1.7966e+02 -1.7672e+02 -1.5033e+02 -9.9075e+01
-1.7950e+02 -1.7513e+02 -1.3729e+02 -1.4943e+02
-1.7964e+02 -1.7649e+02 -1.4786e+02 -1.6800e+02
# New trial
-1.7955e+02 -1.7560e+02 -1.4312e+02 -1.1814e+02
-1.7943e+02 -1.7450e+02 -1.3786e+02 -1.5404e+02
-1.7923e+02 -1.7252e+02 -1.3385e+02 -2.8513e+02
-1.7957e+02 -1.7586e+02 -1.4890e+02 -3.7326e+02
# New trial
