# 0.1sig - Array shape (trial/sig/alpha): (30, 4, 4)
-1.5644e+02 -1.5231e+02 -1.2505e+02 -1.4199e+02
-1.5635e+02 -1.5142e+02 -1.2036e+02 -8.9336e+01
-1.5612e+02 -1.4928e+02 -1.1411e+02 -1.6858e+02
-1.5650e+02 -1.5287e+02 -1.3082e+02 -3.1636e+02
# New trial
-1.5663e+02 -1.5407e+02 -1.3278e+02 -9.1886e+01
-1.5652e+02 -1.5307e+02 -1.2526e+02 -8.9506e+01
-1.5627e+02 -1.5060e+02 -1.1015e+02 -1.1201e+02
-1.5630e+02 -1.5085e+02 -1.1445e+02 -2.3174e+02
# New trial
-1.5662e+02 -1.5403e+02 -1.3577e+02 -1.6494e+02
-1.5646e+02 -1.5245e+02 -1.2018e+02 -8.9255e+01
-1.5614e+02 -1.4921e+02 -1.0491e+02 -1.5776e+02
-1.5608e+02 -1.4869e+02 -1.2523e+02 -4.2258e+02
# New trial
-1.5656e+02 -1.5344e+02 -1.2967e+02 -2.0577e+02
-1.5647e+02 -1.5251e+02 -1.1799e+02 -8.8816e+01
-1.5619e+02 -1.4977e+02 -1.0351e+02 -1.2164e+02
-1.5615e+02 -1.4932e+02 -1.0993e+02 -2.4289e+02
# New trial
-1.5669e+02 -1.5466e+02 -1.3945e+02 -1.9489e+02
-1.5659e+02 -1.5368e+02 -1.2943e+02 -9.5610e+01
-1.5637e+02 -1.5152e+02 -1.1597e+02 -1.3132e+02
-1.5643e+02 -1.5215e+02 -1.2193e+02 -2.7389e+02
# New trial
-1.5670e+02 -1.5477e+02 -1.3761e+02 -1.0699e+02
-1.5660e+02 -1.5382e+02 -1.2893e+02 -9.4247e+01
-1.5643e+02 -1.5214e+02 -1.1557e+02 -1.1138e+02
-1.5659e+02 -1.5365e+02 -1.2754e+02 -1.8314e+02
# New trial
-1.5665e+02 -1.5427e+02 -1.3319e+02 -1.0070e+02
-1.5657e+02 -1.5347e+02 -1.2646e+02 -9.4575e+01
-1.5636e+02 -1.5140e+02 -1.1321e+02 -1.1700e+02
-1.5639e+02 -1.5176e+02 -1.2334e+02 -3.4238e+02
# New trial
-1.5653e+02 -1.5314e+02 -1.2752e+02 -2.0867e+02
-1.5645e+02 -1.5238e+02 -1.2068e+02 -8.9951e+01
-1.5633e+02 -1.5118e+02 -1.1285e+02 -1.3762e+02
-1.5658e+02 -1.5358e+02 -1.2742e+02 -1.8239e+02
# New trial
-1.5646e+02 -1.5249e+02 -1.2315e+02 -1.0750e+02
-1.5632e+02 -1.5109e+02 -1.1510e+02 -8.8828e+01
-1.5607e+02 -1.4869e+02 -1.0297e+02 -9.2823e+01
-1.5643e+02 -1.5209e+02 -1.2031e+02 -1.9087e+02
# New trial
-1.5662e+02 -1.5395e+02 -1.3055e+02 -8.9712e+01
-1.5651e+02 -1.5291e+02 -1.2255e+02 -8.8552e+01
-1.5624e+02 -1.5026e+02 -1.0707e+02 -1.0999e+02
-1.5628e+02 -1.5061e+02 -1.1378e+02 -2.5275e+02
# New trial
-1.5665e+02 -1.5430e+02 -1.3290e+02 -9.0705e+01
-1.5652e+02 -1.5301e+02 -1.2116e+02 -8.7779e+01
-1.5618e+02 -1.4963e+02 -9.9775e+01 -8.7724e+01
-1.5613e+02 -1.4911e+02 -9.9728e+01 -8.7696e+01
# New trial
-1.5654e+02 -1.5325e+02 -1.2922e+02 -1.5789e+02
-1.5645e+02 -1.5234e+02 -1.2256e+02 -9.0554e+01
-1.5623e+02 -1.5017e+02 -1.1199e+02 -1.7201e+02
-1.5650e+02 -1.5281e+02 -1.2216e+02 -1.6934e+02
# New trial
-1.5662e+02 -1.5401e+02 -1.3199e+02 -9.6905e+01
-1.5654e+02 -1.5323e+02 -1.2623e+02 -1.0593e+02
-1.5634e+02 -1.5124e+02 -1.1984e+02 -2.1013e+02
-1.5652e+02 -1.5303e+02 -1.2796e+02 -2.9814e+02
# New trial
-1.5669e+02 -1.5468e+02 -1.3662e+02 -1.0462e+02
-1.5660e+02 -1.5381e+02 -1.2797e+02 -9.2487e+01
-1.5639e+02 -1.5173e+02 -1.1290e+02 -1.0856e+02
-1.5626e+02 -1.5037e+02 -1.0958e+02 -1.5036e+02
# New trial
-1.5652e+02 -1.5313e+02 -1.3617e+02 -2.7253e+02
-1.5633e+02 -1.5125e+02 -1.1697e+02 -8.7922e+01
-1.5597e+02 -1.4773e+02 -1.0095e+02 -9.5003e+01
-1.5627e+02 -1.5051e+02 -1.1190e+02 -2.1629e+02
# New trial
-1.5656e+02 -1.5360e+02 -1.4648e+02 -3.5061e+02
-1.5638e+02 -1.5176e+02 -1.2024e+02 -9.1789e+01
-1.5595e+02 -1.4752e+02 -1.1035e+02 -2.2516e+02
-1.5610e+02 -1.4885e+02 -1.1066e+02 -2.5696e+02
# New trial
-1.5662e+02 -1.5404e+02 -1.3104e+02 -9.6158e+01
-1.5651e+02 -1.5288e+02 -1.2236e+02 -9.1463e+01
-1.5619e+02 -1.4979e+02 -1.0336e+02 -9.3592e+01
-1.5622e+02 -1.4997e+02 -1.0429e+02 -9.3517e+01
# New trial
-1.5671e+02 -1.5485e+02 -1.3822e+02 -1.8539e+02
-1.5660e+02 -1.5375e+02 -1.2800e+02 -9.0174e+01
-1.5633e+02 -1.5108e+02 -1.0952e+02 -1.0085e+02
-1.5621e+02 -1.4990e+02 -1.0837e+02 -1.7754e+02
# New trial
-1.5666e+02 -1.5442e+02 -1.3363e+02 -1.0223e+02
-1.5658e+02 -1.5361e+02 -1.2719e+02 -9.0805e+01
-1.5640e+02 -1.5177e+02 -1.1365e+02 -8.9503e+01
-1.5647e+02 -1.5252e+02 -1.1810e+02 -1.1387e+02
# New trial
-1.5665e+02 -1.5436e+02 -1.4326e+02 -3.0468e+02
-1.5652e+02 -1.5298e+02 -1.2421e+02 -8.8324e+01
-1.5619e+02 -1.4975e+02 -1.0164e+02 -9.3823e+01
-1.5628e+02 -1.5061e+02 -1.0852e+02 -1.3529e+02
# New trial
-1.5661e+02 -1.5390e+02 -1.3542e+02 -1.6609e+02
-1.5651e+02 -1.5295e+02 -1.2665e+02 -9.0493e+01
-1.5632e+02 -1.5107e+02 -1.1623e+02 -1.3021e+02
-1.5645e+02 -1.5237e+02 -1.2080e+02 -2.1310e+02
# New trial
-1.5664e+02 -1.5420e+02 -1.3792e+02 -2.8579e+02
-1.5654e+02 -1.5327e+02 -1.2676e+02 -9.1685e+01
-1.5633e+02 -1.5114e+02 -1.1559e+02 -1.3302e+02
-1.5646e+02 -1.5240e+02 -1.2368e+02 -2.4200e+02
# New trial
-1.5662e+02 -1.5399e+02 -1.3012e+02 -8.8655e+01
-1.5652e+02 -1.5303e+02 -1.2216e+02 -8.8328e+01
-1.5629e+02 -1.5077e+02 -1.0959e+02 -1.1490e+02
-1.5636e+02 -1.5142e+02 -1.1776e+02 -2.1769e+02
# New trial
-1.5665e+02 -1.5429e+02 -1.3329e+02 -1.0846e+02
-1.5657e+02 -1.5347e+02 -1.2554e+02 -8.8461e+01
-1.5641e+02 -1.5186e+02 -1.1228e+02 -9.4825e+01
-1.5650e+02 -1.5275e+02 -1.2052e+02 -1.1256e+02
# New trial
-1.5668e+02 -1.5456e+02 -1.3692e+02 -2.8963e+02
-1.5664e+02 -1.5420e+02 -1.3219e+02 -9.1429e+01
-1.5653e+02 -1.5306e+02 -1.2157e+02 -9.5601e+01
-1.5662e+02 -1.5394e+02 -1.2918e+02 -1.0927e+02
# New trial
-1.5662e+02 -1.5403e+02 -1.4003e+02 -2.5934e+02
-1.5647e+02 -1.5252e+02 -1.1829e+02 -8.7884e+01
-1.5620e+02 -1.4980e+02 -1.0459e+02 -9.8052e+01
-1.5617e+02 -1.4954e+02 -1.0573e+02 -1.2734e+02
# New trial
-1.5666e+02 -1.5443e+02 -1.3432e+02 -1.0287e+02
-1.5663e+02 -1.5408e+02 -1.3147e+02 -1.0575e+02
-1.5655e+02 -1.5333e+02 -1.2737e+02 -1.9609e+02
-1.5672e+02 -1.5495e+02 -1.4080e+02 -3.0418e+02
# New trial
-1.5658e+02 -1.5367e+02 -1.3161e+02 -1.1978e+02
-1.5645e+02 -1.5228e+02 -1.1761e+02 -8.8220e+01
-1.5606e+02 -1.4848e+02 -1.0323e+02 -1.2076e+02
-1.5609e+02 -1.4875e+02 -1.0611e+02 -2.1431e+02
# New trial
-1.5666e+02 -1.5438e+02 -1.3632e+02 -1.4584e+02
-1.5655e+02 -1.5325e+02 -1.2363e+02 -8.7718e+01
-1.5623e+02 -1.5012e+02 -1.0040e+02 -8.7687e+01
-1.5616e+02 -1.4941e+02 -1.0050e+02 -8.8770e+01
# New trial
-1.5669e+02 -1.5467e+02 -1.3569e+02 -1.0697e+02
-1.5664e+02 -1.5420e+02 -1.3173e+02 -1.0694e+02
-1.5658e+02 -1.5357e+02 -1.2725e+02 -1.6793e+02
-1.5670e+02 -1.5484e+02 -1.3917e+02 -3.3155e+02
# New trial
