# 0.01sig - Array shape (trial/sig/alpha): (30, 4, 4)
-1.7479e+02 -1.6967e+02 -1.3028e+02 -8.5933e+01
-1.7467e+02 -1.6844e+02 -1.2343e+02 -1.0082e+02
-1.7452e+02 -1.6709e+02 -1.2747e+02 -3.3386e+02
-1.7504e+02 -1.7210e+02 -1.6274e+02 -7.1284e+02
# New trial
-1.7474e+02 -1.6912e+02 -1.2809e+02 -9.4990e+01
-1.7458e+02 -1.6759e+02 -1.2318e+02 -1.0513e+02
-1.7442e+02 -1.6606e+02 -1.1660e+02 -1.7968e+02
-1.7499e+02 -1.7155e+02 -1.4918e+02 -4.7192e+02
# New trial
-1.7477e+02 -1.6940e+02 -1.2809e+02 -8.3875e+01
-1.7455e+02 -1.6734e+02 -1.1870e+02 -8.8268e+01
-1.7416e+02 -1.6354e+02 -1.1359e+02 -2.0804e+02
-1.7462e+02 -1.6797e+02 -1.3555e+02 -5.0720e+02
# New trial
-1.7460e+02 -1.6784e+02 -1.2400e+02 -9.0257e+01
-1.7446e+02 -1.6668e+02 -1.2309e+02 -1.5278e+02
-1.7433e+02 -1.6547e+02 -1.2427e+02 -2.8127e+02
-1.7497e+02 -1.7146e+02 -1.5008e+02 -4.6935e+02
# New trial
-1.7488e+02 -1.7045e+02 -1.3360e+02 -7.9798e+01
-1.7470e+02 -1.6872e+02 -1.2258e+02 -8.3254e+01
-1.7434e+02 -1.6521e+02 -1.0842e+02 -1.5778e+02
-1.7456e+02 -1.6728e+02 -1.2135e+02 -3.2312e+02
# New trial
-1.7486e+02 -1.7030e+02 -1.3030e+02 -7.8761e+01
-1.7461e+02 -1.6780e+02 -1.1628e+02 -8.9618e+01
-1.7414e+02 -1.6325e+02 -1.0097e+02 -1.8420e+02
-1.7462e+02 -1.6785e+02 -1.1640e+02 -2.3112e+02
# New trial
-1.7485e+02 -1.7015e+02 -1.3161e+02 -7.7651e+01
-1.7469e+02 -1.6868e+02 -1.2522e+02 -8.6540e+01
-1.7459e+02 -1.6767e+02 -1.1990e+02 -1.4306e+02
-1.7504e+02 -1.7209e+02 -1.4638e+02 -2.5063e+02
# New trial
-1.7482e+02 -1.6993e+02 -1.3142e+02 -8.9992e+01
-1.7468e+02 -1.6859e+02 -1.2373e+02 -1.0033e+02
-1.7438e+02 -1.6564e+02 -1.1302e+02 -1.9197e+02
-1.7475e+02 -1.6916e+02 -1.3193e+02 -4.0005e+02
# New trial
-1.7473e+02 -1.6901e+02 -1.2442e+02 -7.6332e+01
-1.7452e+02 -1.6696e+02 -1.1388e+02 -8.3684e+01
-1.7401e+02 -1.6203e+02 -9.7339e+01 -1.5092e+02
-1.7452e+02 -1.6690e+02 -1.1008e+02 -1.5676e+02
# New trial
-1.7472e+02 -1.6901e+02 -1.2915e+02 -9.7033e+01
-1.7456e+02 -1.6746e+02 -1.2373e+02 -1.2896e+02
-1.7445e+02 -1.6639e+02 -1.3098e+02 -3.7282e+02
-1.7502e+02 -1.7193e+02 -1.5492e+02 -5.1145e+02
# New trial
-1.7453e+02 -1.6716e+02 -1.2059e+02 -8.5193e+01
-1.7438e+02 -1.6590e+02 -1.2305e+02 -2.1038e+02
-1.7431e+02 -1.6524e+02 -1.3434e+02 -4.6065e+02
-1.7507e+02 -1.7242e+02 -1.5451e+02 -4.3627e+02
# New trial
-1.7500e+02 -1.7168e+02 -1.4175e+02 -8.1790e+01
-1.7494e+02 -1.7111e+02 -1.3740e+02 -8.3278e+01
-1.7484e+02 -1.7005e+02 -1.2898e+02 -1.2186e+02
-1.7502e+02 -1.7181e+02 -1.4230e+02 -1.7527e+02
# New trial
-1.7486e+02 -1.7024e+02 -1.3124e+02 -7.9011e+01
-1.7467e+02 -1.6840e+02 -1.2145e+02 -1.0335e+02
-1.7420e+02 -1.6389e+02 -1.0649e+02 -1.9262e+02
-1.7448e+02 -1.6647e+02 -1.1411e+02 -2.8468e+02
# New trial
-1.7499e+02 -1.7152e+02 -1.3938e+02 -7.4266e+01
-1.7487e+02 -1.7038e+02 -1.2945e+02 -7.3999e+01
-1.7460e+02 -1.6771e+02 -1.0734e+02 -7.3856e+01
-1.7471e+02 -1.6872e+02 -1.1494e+02 -7.4097e+01
# New trial
-1.7492e+02 -1.7087e+02 -1.3376e+02 -7.9513e+01
-1.7481e+02 -1.6975e+02 -1.2528e+02 -8.1956e+01
-1.7457e+02 -1.6734e+02 -1.0791e+02 -1.0294e+02
-1.7477e+02 -1.6935e+02 -1.2179e+02 -9.7495e+01
# New trial
-1.7465e+02 -1.6830e+02 -1.2352e+02 -7.7068e+01
-1.7446e+02 -1.6658e+02 -1.1777e+02 -9.8829e+01
-1.7427e+02 -1.6473e+02 -1.1274e+02 -2.1176e+02
-1.7495e+02 -1.7118e+02 -1.3904e+02 -2.2616e+02
# New trial
-1.7472e+02 -1.6891e+02 -1.2604e+02 -8.4604e+01
-1.7456e+02 -1.6744e+02 -1.2278e+02 -1.0322e+02
-1.7442e+02 -1.6612e+02 -1.1920e+02 -1.9114e+02
-1.7489e+02 -1.7065e+02 -1.4074e+02 -3.7161e+02
# New trial
-1.7470e+02 -1.6882e+02 -1.2837e+02 -7.6155e+01
-1.7450e+02 -1.6703e+02 -1.2096e+02 -1.0280e+02
-1.7425e+02 -1.6465e+02 -1.1388e+02 -2.2838e+02
-1.7492e+02 -1.7093e+02 -1.4129e+02 -2.9516e+02
# New trial
-1.7488e+02 -1.7052e+02 -1.3591e+02 -9.5270e+01
-1.7474e+02 -1.6919e+02 -1.3030e+02 -1.3483e+02
-1.7465e+02 -1.6826e+02 -1.2834e+02 -2.7499e+02
-1.7499e+02 -1.7157e+02 -1.4134e+02 -2.2155e+02
# New trial
-1.7481e+02 -1.6980e+02 -1.3101e+02 -9.2241e+01
-1.7468e+02 -1.6860e+02 -1.2662e+02 -1.3131e+02
-1.7452e+02 -1.6701e+02 -1.2102e+02 -2.8809e+02
-1.7493e+02 -1.7098e+02 -1.3791e+02 -2.9189e+02
# New trial
-1.7430e+02 -1.6516e+02 -1.1436e+02 -7.7294e+01
-1.7412e+02 -1.6360e+02 -1.1356e+02 -1.1821e+02
-1.7423e+02 -1.6457e+02 -1.2143e+02 -2.9251e+02
-1.7505e+02 -1.7227e+02 -1.5311e+02 -4.4432e+02
# New trial
-1.7484e+02 -1.7007e+02 -1.3048e+02 -8.5358e+01
-1.7466e+02 -1.6835e+02 -1.2165e+02 -8.8076e+01
-1.7437e+02 -1.6563e+02 -1.1183e+02 -1.6476e+02
-1.7491e+02 -1.7076e+02 -1.3891e+02 -3.2288e+02
# New trial
-1.7507e+02 -1.7238e+02 -1.4657e+02 -7.6137e+01
-1.7495e+02 -1.7118e+02 -1.3621e+02 -8.0826e+01
-1.7470e+02 -1.6867e+02 -1.1497e+02 -9.7888e+01
-1.7473e+02 -1.6900e+02 -1.1824e+02 -8.7187e+01
# New trial
-1.7434e+02 -1.6550e+02 -1.1580e+02 -7.9433e+01
-1.7423e+02 -1.6473e+02 -1.1995e+02 -1.6468e+02
-1.7445e+02 -1.6673e+02 -1.3838e+02 -4.5513e+02
-1.7515e+02 -1.7327e+02 -1.6502e+02 -5.6338e+02
# New trial
-1.7493e+02 -1.7096e+02 -1.3824e+02 -1.0445e+02
-1.7471e+02 -1.6891e+02 -1.2819e+02 -1.2823e+02
-1.7437e+02 -1.6568e+02 -1.2401e+02 -2.9048e+02
-1.7487e+02 -1.7051e+02 -1.3955e+02 -3.1358e+02
# New trial
-1.7497e+02 -1.7138e+02 -1.3949e+02 -1.2767e+02
-1.7485e+02 -1.7022e+02 -1.3102e+02 -1.2661e+02
-1.7462e+02 -1.6794e+02 -1.1990e+02 -2.0750e+02
-1.7497e+02 -1.7138e+02 -1.4552e+02 -4.1451e+02
# New trial
-1.7495e+02 -1.7119e+02 -1.3687e+02 -7.6168e+01
-1.7476e+02 -1.6929e+02 -1.2423e+02 -7.7776e+01
-1.7444e+02 -1.6614e+02 -1.0666e+02 -1.0934e+02
-1.7466e+02 -1.6827e+02 -1.2318e+02 -3.4959e+02
# New trial
-1.7493e+02 -1.7096e+02 -1.3547e+02 -7.8621e+01
-1.7474e+02 -1.6906e+02 -1.2331e+02 -8.0744e+01
-1.7435e+02 -1.6524e+02 -1.0150e+02 -9.4702e+01
-1.7460e+02 -1.6774e+02 -1.1164e+02 -1.2452e+02
# New trial
-1.7504e+02 -1.7205e+02 -1.4561e+02 -8.8445e+01
-1.7497e+02 -1.7137e+02 -1.4046e+02 -9.4627e+01
-1.7481e+02 -1.6980e+02 -1.2895e+02 -1.3497e+02
-1.7501e+02 -1.7173e+02 -1.4266e+02 -2.4923e+02
# New trial
-1.7481e+02 -1.6983e+02 -1.2965e+02 -1.0479e+02
-1.7466e+02 -1.6837e+02 -1.2121e+02 -1.4048e+02
-1.7445e+02 -1.6631e+02 -1.1744e+02 -3.2543e+02
-1.7494e+02 -1.7103e+02 -1.3889e+02 -3.2546e+02
# New trial
