# 0.1sig - Array shape (trial/sig/alpha): (30, 4, 4)
-1.3293e+02 -1.2544e+02 -9.7556e+01 -2.6096e+02
-1.3292e+02 -1.2534e+02 -8.9850e+01 -1.4461e+02
-1.3288e+02 -1.2484e+02 -9.8233e+01 -4.4845e+02
-1.3349e+02 -1.3056e+02 -1.2173e+02 -6.1766e+02
# New trial
-1.3328e+02 -1.2851e+02 -1.0433e+02 -2.6375e+02
-1.3321e+02 -1.2781e+02 -9.6019e+01 -1.6111e+02
-1.3304e+02 -1.2602e+02 -7.7600e+01 -1.5315e+02
-1.3323e+02 -1.2783e+02 -8.9228e+01 -2.6915e+02
# New trial
-1.3336e+02 -1.2937e+02 -1.2416e+02 -4.4338e+02
-1.3311e+02 -1.2678e+02 -8.6701e+01 -2.0473e+02
-1.3272e+02 -1.2276e+02 -6.2745e+01 -1.5690e+02
-1.3294e+02 -1.2491e+02 -8.0589e+01 -1.9032e+02
# New trial
-1.3324e+02 -1.2812e+02 -1.0962e+02 -4.5228e+02
-1.3312e+02 -1.2683e+02 -8.6435e+01 -2.0742e+02
-1.3286e+02 -1.2420e+02 -8.1197e+01 -3.1649e+02
-1.3306e+02 -1.2618e+02 -1.1001e+02 -5.2518e+02
# New trial
-1.3337e+02 -1.2945e+02 -1.1664e+02 -3.2072e+02
-1.3328e+02 -1.2847e+02 -9.3880e+01 -8.0235e+01
-1.3315e+02 -1.2711e+02 -8.2257e+01 -1.6830e+02
-1.3342e+02 -1.2966e+02 -9.9408e+01 -2.3512e+02
# New trial
-1.3348e+02 -1.3044e+02 -1.1571e+02 -2.7597e+02
-1.3337e+02 -1.2933e+02 -1.0209e+02 -1.4717e+02
-1.3324e+02 -1.2799e+02 -8.9523e+01 -2.1001e+02
-1.3354e+02 -1.3086e+02 -1.1464e+02 -4.8171e+02
# New trial
-1.3341e+02 -1.2976e+02 -1.0871e+02 -1.9918e+02
-1.3329e+02 -1.2857e+02 -9.7727e+01 -1.7114e+02
-1.3308e+02 -1.2641e+02 -8.1326e+01 -1.6095e+02
-1.3334e+02 -1.2892e+02 -9.6856e+01 -3.4633e+02
# New trial
-1.3320e+02 -1.2788e+02 -1.2633e+02 -5.8773e+02
-1.3316e+02 -1.2735e+02 -9.5866e+01 -1.7758e+02
-1.3311e+02 -1.2667e+02 -8.3482e+01 -2.3481e+02
-1.3352e+02 -1.3073e+02 -1.0966e+02 -3.2927e+02
# New trial
-1.3302e+02 -1.2635e+02 -9.8792e+01 -2.1889e+02
-1.3286e+02 -1.2476e+02 -8.5527e+01 -1.6377e+02
-1.3280e+02 -1.2390e+02 -7.9922e+01 -2.4126e+02
-1.3348e+02 -1.3029e+02 -1.1626e+02 -5.6256e+02
# New trial
-1.3327e+02 -1.2833e+02 -9.8652e+01 -2.2144e+02
-1.3316e+02 -1.2722e+02 -9.0052e+01 -1.9985e+02
-1.3298e+02 -1.2537e+02 -7.3887e+01 -1.7370e+02
-1.3328e+02 -1.2826e+02 -9.0913e+01 -3.1052e+02
# New trial
-1.3338e+02 -1.2944e+02 -1.0487e+02 -1.6983e+02
-1.3321e+02 -1.2776e+02 -8.8771e+01 -1.7965e+02
-1.3286e+02 -1.2420e+02 -6.7495e+01 -1.5502e+02
-1.3308e+02 -1.2626e+02 -7.8728e+01 -1.8112e+02
# New trial
-1.3317e+02 -1.2758e+02 -1.1418e+02 -5.3354e+02
-1.3308e+02 -1.2668e+02 -9.8392e+01 -2.2854e+02
-1.3303e+02 -1.2602e+02 -9.6018e+01 -4.2907e+02
-1.3350e+02 -1.3053e+02 -1.0759e+02 -2.8661e+02
# New trial
-1.3324e+02 -1.2834e+02 -1.1958e+02 -4.8421e+02
-1.3323e+02 -1.2800e+02 -9.6859e+01 -1.8834e+02
-1.3315e+02 -1.2713e+02 -9.2206e+01 -3.4757e+02
-1.3355e+02 -1.3095e+02 -1.0969e+02 -2.8643e+02
# New trial
-1.3353e+02 -1.3094e+02 -1.2528e+02 -3.7582e+02
-1.3336e+02 -1.2914e+02 -9.6432e+01 -1.3997e+02
-1.3310e+02 -1.2652e+02 -7.6799e+01 -1.8692e+02
-1.3313e+02 -1.2687e+02 -9.7052e+01 -3.6543e+02
# New trial
-1.3304e+02 -1.2675e+02 -1.1118e+02 -3.2873e+02
-1.3279e+02 -1.2410e+02 -8.3915e+01 -1.5970e+02
-1.3260e+02 -1.2192e+02 -7.8230e+01 -2.5505e+02
-1.3329e+02 -1.2846e+02 -1.0812e+02 -4.7262e+02
# New trial
-1.3314e+02 -1.2776e+02 -1.4733e+02 -7.9295e+02
-1.3292e+02 -1.2522e+02 -9.9043e+01 -3.3695e+02
-1.3261e+02 -1.2212e+02 -9.7275e+01 -5.1468e+02
-1.3315e+02 -1.2715e+02 -1.1885e+02 -7.3833e+02
# New trial
-1.3327e+02 -1.2849e+02 -1.1012e+02 -2.8867e+02
-1.3315e+02 -1.2725e+02 -9.1795e+01 -1.9982e+02
-1.3299e+02 -1.2551e+02 -8.0798e+01 -2.1836e+02
-1.3331e+02 -1.2862e+02 -1.0435e+02 -4.2540e+02
# New trial
-1.3343e+02 -1.2983e+02 -1.0426e+02 -2.0325e+02
-1.3330e+02 -1.2853e+02 -9.3162e+01 -1.7174e+02
-1.3303e+02 -1.2579e+02 -7.0180e+01 -1.0722e+02
-1.3311e+02 -1.2659e+02 -8.0151e+01 -1.1727e+02
# New trial
-1.3338e+02 -1.2937e+02 -1.0199e+02 -1.3837e+02
-1.3328e+02 -1.2842e+02 -9.4508e+01 -1.0772e+02
-1.3318e+02 -1.2739e+02 -9.0419e+01 -2.2643e+02
-1.3345e+02 -1.2998e+02 -1.0481e+02 -2.8368e+02
# New trial
-1.3339e+02 -1.2982e+02 -1.3910e+02 -6.7513e+02
-1.3319e+02 -1.2763e+02 -9.5667e+01 -1.6812e+02
-1.3287e+02 -1.2435e+02 -7.0209e+01 -1.5089e+02
-1.3322e+02 -1.2773e+02 -8.7266e+01 -2.0494e+02
# New trial
-1.3333e+02 -1.2926e+02 -1.3280e+02 -5.3563e+02
-1.3320e+02 -1.2769e+02 -9.8924e+01 -2.1422e+02
-1.3306e+02 -1.2627e+02 -8.8639e+01 -3.1178e+02
-1.3345e+02 -1.3005e+02 -1.0318e+02 -2.4458e+02
# New trial
-1.3340e+02 -1.2973e+02 -1.2559e+02 -5.7978e+02
-1.3326e+02 -1.2830e+02 -9.7858e+01 -1.8993e+02
-1.3311e+02 -1.2675e+02 -8.2152e+01 -1.9171e+02
-1.3346e+02 -1.3009e+02 -1.0090e+02 -2.1990e+02
# New trial
-1.3323e+02 -1.2793e+02 -9.3508e+01 -1.7049e+02
-1.3314e+02 -1.2698e+02 -8.2510e+01 -1.4702e+02
-1.3301e+02 -1.2570e+02 -7.6233e+01 -2.3927e+02
-1.3334e+02 -1.2890e+02 -9.6832e+01 -3.4634e+02
# New trial
-1.3331e+02 -1.2863e+02 -9.8432e+01 -1.7214e+02
-1.3324e+02 -1.2794e+02 -9.0125e+01 -1.2851e+02
-1.3315e+02 -1.2701e+02 -8.1147e+01 -1.4827e+02
-1.3343e+02 -1.2984e+02 -1.0127e+02 -2.5344e+02
# New trial
-1.3344e+02 -1.3004e+02 -1.1731e+02 -4.9780e+02
-1.3343e+02 -1.2983e+02 -1.0385e+02 -1.4208e+02
-1.3335e+02 -1.2898e+02 -9.2061e+01 -1.3858e+02
-1.3351e+02 -1.3056e+02 -1.0429e+02 -1.4654e+02
# New trial
-1.3333e+02 -1.2944e+02 -1.3788e+02 -6.0154e+02
-1.3309e+02 -1.2656e+02 -8.6343e+01 -1.9591e+02
-1.3291e+02 -1.2464e+02 -7.4050e+01 -2.2076e+02
-1.3321e+02 -1.2757e+02 -9.5850e+01 -3.7001e+02
# New trial
-1.3332e+02 -1.2884e+02 -1.0362e+02 -2.6480e+02
-1.3337e+02 -1.2922e+02 -1.0044e+02 -1.6483e+02
-1.3343e+02 -1.2979e+02 -1.0167e+02 -2.3110e+02
-1.3369e+02 -1.3237e+02 -1.2072e+02 -2.4530e+02
# New trial
-1.3330e+02 -1.2892e+02 -1.2028e+02 -4.3752e+02
-1.3312e+02 -1.2700e+02 -9.4216e+01 -2.5233e+02
-1.3284e+02 -1.2415e+02 -8.0756e+01 -2.7019e+02
-1.3320e+02 -1.2750e+02 -9.3851e+01 -3.1050e+02
# New trial
-1.3332e+02 -1.2880e+02 -1.0815e+02 -2.7945e+02
-1.3316e+02 -1.2717e+02 -8.8135e+01 -2.4015e+02
-1.3290e+02 -1.2451e+02 -7.0787e+01 -2.2804e+02
-1.3311e+02 -1.2666e+02 -8.9701e+01 -2.9161e+02
# New trial
-1.3333e+02 -1.2890e+02 -1.0091e+02 -1.9306e+02
-1.3335e+02 -1.2905e+02 -9.7046e+01 -1.5091e+02
-1.3343e+02 -1.2984e+02 -9.9192e+01 -1.5432e+02
-1.3366e+02 -1.3211e+02 -1.1798e+02 -1.5301e+02
# New trial
