# 0.01sig - Array shape (trial/sig/alpha): (30L, 4L, 4L)
-1.1012e+02 -1.0460e+02 -7.5936e+01 -1.5021e+02
-1.1011e+02 -1.0449e+02 -7.4360e+01 -1.5511e+02
-1.1021e+02 -1.0539e+02 -7.4368e+01 -1.8567e+02
-1.1061e+02 -1.0923e+02 -9.7193e+01 -1.4563e+02
# New trial
-1.1005e+02 -1.0399e+02 -7.6627e+01 -1.4876e+02
-1.1010e+02 -1.0447e+02 -8.0082e+01 -1.8038e+02
-1.1028e+02 -1.0615e+02 -8.2169e+01 -2.1279e+02
-1.1066e+02 -1.0970e+02 -1.0219e+02 -3.0014e+02
# New trial
-1.1009e+02 -1.0439e+02 -7.5918e+01 -1.3318e+02
-1.1003e+02 -1.0375e+02 -7.3305e+01 -1.5376e+02
-1.1008e+02 -1.0409e+02 -8.5615e+01 -4.0277e+02
-1.1057e+02 -1.0893e+02 -1.0287e+02 -4.6542e+02
# New trial
-1.0994e+02 -1.0317e+02 -7.7748e+01 -1.9737e+02
-1.0993e+02 -1.0307e+02 -7.7315e+01 -2.2847e+02
-1.1027e+02 -1.0606e+02 -8.9285e+01 -3.4381e+02
-1.1071e+02 -1.1025e+02 -1.0780e+02 -3.3929e+02
# New trial
-1.1028e+02 -1.0617e+02 -8.1713e+01 -1.3981e+02
-1.1017e+02 -1.0509e+02 -7.4688e+01 -1.3676e+02
-1.1013e+02 -1.0455e+02 -7.0503e+01 -1.6046e+02
-1.1048e+02 -1.0797e+02 -8.8479e+01 -1.7237e+02
# New trial
-1.1018e+02 -1.0520e+02 -8.4542e+01 -2.3670e+02
-1.1015e+02 -1.0488e+02 -8.0874e+01 -2.1630e+02
-1.1017e+02 -1.0503e+02 -8.2785e+01 -2.9986e+02
-1.1059e+02 -1.0903e+02 -9.5545e+01 -1.6348e+02
# New trial
-1.1017e+02 -1.0510e+02 -8.0907e+01 -1.3226e+02
-1.1016e+02 -1.0510e+02 -8.5131e+01 -1.8349e+02
-1.1038e+02 -1.0715e+02 -9.4470e+01 -3.0591e+02
-1.1070e+02 -1.1017e+02 -1.0813e+02 -3.3503e+02
# New trial
-1.1005e+02 -1.0412e+02 -7.6790e+01 -1.1703e+02
-1.1007e+02 -1.0417e+02 -7.5184e+01 -1.2692e+02
-1.1019e+02 -1.0519e+02 -8.6792e+01 -3.1490e+02
-1.1059e+02 -1.0910e+02 -1.0112e+02 -3.1078e+02
# New trial
-1.1022e+02 -1.0570e+02 -8.9924e+01 -2.6621e+02
-1.1015e+02 -1.0502e+02 -8.6283e+01 -3.0759e+02
-1.1007e+02 -1.0406e+02 -8.5400e+01 -3.5880e+02
-1.1057e+02 -1.0887e+02 -1.0291e+02 -5.1516e+02
# New trial
-1.1010e+02 -1.0442e+02 -7.9614e+01 -2.0890e+02
-1.1015e+02 -1.0487e+02 -7.9520e+01 -2.2931e+02
-1.1030e+02 -1.0629e+02 -8.3673e+01 -2.0726e+02
-1.1067e+02 -1.0983e+02 -1.0335e+02 -1.5034e+02
# New trial
-1.0998e+02 -1.0364e+02 -8.1442e+01 -1.3718e+02
-1.1005e+02 -1.0427e+02 -9.0995e+01 -2.8537e+02
-1.1034e+02 -1.0696e+02 -1.1726e+02 -6.2360e+02
-1.1072e+02 -1.1042e+02 -1.1070e+02 -3.5710e+02
# New trial
-1.1036e+02 -1.0677e+02 -7.9222e+01 -7.3165e+01
-1.1042e+02 -1.0734e+02 -8.2593e+01 -9.1895e+01
-1.1050e+02 -1.0817e+02 -8.8651e+01 -1.6794e+02
-1.1067e+02 -1.0986e+02 -1.0217e+02 -8.5780e+01
# New trial
-1.1015e+02 -1.0488e+02 -7.8705e+01 -1.6158e+02
-1.1009e+02 -1.0430e+02 -7.4619e+01 -1.7142e+02
-1.1004e+02 -1.0374e+02 -8.2391e+01 -3.5404e+02
-1.1047e+02 -1.0791e+02 -9.2711e+01 -2.8382e+02
# New trial
-1.1039e+02 -1.0715e+02 -8.5598e+01 -1.0912e+02
-1.1033e+02 -1.0658e+02 -8.2423e+01 -1.0292e+02
-1.1032e+02 -1.0643e+02 -8.3298e+01 -1.9753e+02
-1.1055e+02 -1.0866e+02 -9.2920e+01 -1.5879e+02
# New trial
-1.1028e+02 -1.0601e+02 -7.6086e+01 -1.4524e+02
-1.1031e+02 -1.0629e+02 -7.4562e+01 -1.0577e+02
-1.1037e+02 -1.0688e+02 -7.9472e+01 -1.6818e+02
-1.1061e+02 -1.0925e+02 -9.6897e+01 -1.0448e+02
# New trial
-1.0990e+02 -1.0260e+02 -7.0134e+01 -1.5286e+02
-1.0993e+02 -1.0295e+02 -7.3034e+01 -1.6776e+02
-1.1019e+02 -1.0533e+02 -8.0023e+01 -2.3173e+02
-1.1066e+02 -1.0979e+02 -1.0354e+02 -1.9794e+02
# New trial
-1.1011e+02 -1.0451e+02 -7.3866e+01 -1.0287e+02
-1.1011e+02 -1.0453e+02 -7.8004e+01 -1.6909e+02
-1.1027e+02 -1.0609e+02 -9.1028e+01 -3.9455e+02
-1.1063e+02 -1.0944e+02 -1.0199e+02 -3.2749e+02
# New trial
-1.1003e+02 -1.0416e+02 -8.8993e+01 -2.6617e+02
-1.1005e+02 -1.0433e+02 -8.9320e+01 -3.0284e+02
-1.1026e+02 -1.0623e+02 -1.0363e+02 -5.0996e+02
-1.1066e+02 -1.0983e+02 -1.0649e+02 -3.2240e+02
# New trial
-1.1038e+02 -1.0699e+02 -7.9618e+01 -8.1513e+01
-1.1038e+02 -1.0702e+02 -7.8769e+01 -8.7117e+01
-1.1037e+02 -1.0690e+02 -7.7069e+01 -9.6533e+01
-1.1057e+02 -1.0881e+02 -9.2505e+01 -6.3907e+01
# New trial
-1.1028e+02 -1.0611e+02 -8.3861e+01 -2.0095e+02
-1.1030e+02 -1.0627e+02 -8.1970e+01 -1.7290e+02
-1.1036e+02 -1.0680e+02 -8.4062e+01 -2.6213e+02
-1.1064e+02 -1.0954e+02 -9.9464e+01 -1.1001e+02
# New trial
-1.0986e+02 -1.0246e+02 -7.1457e+01 -1.4505e+02
-1.0987e+02 -1.0268e+02 -7.4407e+01 -1.1841e+02
-1.1022e+02 -1.0584e+02 -9.0930e+01 -2.3816e+02
-1.1071e+02 -1.1022e+02 -1.0798e+02 -3.1211e+02
# New trial
-1.1020e+02 -1.0540e+02 -8.4798e+01 -2.2425e+02
-1.1023e+02 -1.0569e+02 -8.2716e+01 -1.8526e+02
-1.1035e+02 -1.0685e+02 -8.9444e+01 -3.2160e+02
-1.1069e+02 -1.1005e+02 -1.0515e+02 -2.3539e+02
# New trial
-1.1039e+02 -1.0710e+02 -8.6780e+01 -1.5765e+02
-1.1037e+02 -1.0690e+02 -8.2292e+01 -1.3629e+02
-1.1034e+02 -1.0661e+02 -7.9682e+01 -1.9813e+02
-1.1052e+02 -1.0840e+02 -9.3920e+01 -3.1872e+02
# New trial
-1.0983e+02 -1.0235e+02 -7.8972e+01 -1.9569e+02
-1.0991e+02 -1.0323e+02 -8.7181e+01 -2.5956e+02
-1.1037e+02 -1.0733e+02 -1.1247e+02 -5.5135e+02
-1.1074e+02 -1.1061e+02 -1.1384e+02 -4.2959e+02
# New trial
-1.1031e+02 -1.0641e+02 -8.5114e+01 -1.8753e+02
-1.1024e+02 -1.0574e+02 -8.3672e+01 -1.9582e+02
-1.1023e+02 -1.0563e+02 -8.9842e+01 -3.5429e+02
-1.1064e+02 -1.0953e+02 -1.0344e+02 -3.2854e+02
# New trial
-1.1027e+02 -1.0605e+02 -8.7339e+01 -2.1324e+02
-1.1030e+02 -1.0637e+02 -8.6092e+01 -1.8353e+02
-1.1039e+02 -1.0719e+02 -9.0422e+01 -2.8716e+02
-1.1068e+02 -1.0992e+02 -1.0391e+02 -2.0260e+02
# New trial
-1.1029e+02 -1.0623e+02 -7.9917e+01 -1.3050e+02
-1.1023e+02 -1.0556e+02 -7.4903e+01 -1.2351e+02
-1.1023e+02 -1.0550e+02 -7.4590e+01 -1.9700e+02
-1.1050e+02 -1.0815e+02 -8.8458e+01 -1.3390e+02
# New trial
-1.1027e+02 -1.0593e+02 -7.7268e+01 -7.7996e+01
-1.1018e+02 -1.0512e+02 -7.3655e+01 -8.9827e+01
-1.1013e+02 -1.0463e+02 -7.4163e+01 -1.9431e+02
-1.1053e+02 -1.0846e+02 -9.2447e+01 -2.3269e+02
# New trial
-1.1024e+02 -1.0570e+02 -7.8659e+01 -1.3315e+02
-1.1031e+02 -1.0637e+02 -7.8468e+01 -9.6232e+01
-1.1039e+02 -1.0709e+02 -8.0677e+01 -1.2505e+02
-1.1062e+02 -1.0931e+02 -9.7181e+01 -9.4150e+01
# New trial
-1.1012e+02 -1.0473e+02 -8.5240e+01 -2.5128e+02
-1.1016e+02 -1.0497e+02 -7.9477e+01 -2.0307e+02
-1.1028e+02 -1.0607e+02 -8.3328e+01 -2.6793e+02
-1.1063e+02 -1.0944e+02 -1.0080e+02 -2.2704e+02
# New trial
