# 0.01sig - Array shape (trial/sig/alpha): (30, 4, 4)
-1.2395e+02 -1.1833e+02 -9.3253e+01 -2.8196e+02
-1.2394e+02 -1.1821e+02 -9.1104e+01 -2.8419e+02
-1.2401e+02 -1.1884e+02 -9.1557e+01 -3.2138e+02
-1.2442e+02 -1.2276e+02 -1.1165e+02 -3.8805e+02
# New trial
-1.2383e+02 -1.1731e+02 -9.5577e+01 -3.2546e+02
-1.2382e+02 -1.1717e+02 -8.9865e+01 -2.4343e+02
-1.2394e+02 -1.1821e+02 -8.6682e+01 -2.4754e+02
-1.2442e+02 -1.2281e+02 -1.0910e+02 -1.6509e+02
# New trial
-1.2389e+02 -1.1793e+02 -9.7309e+01 -3.1288e+02
-1.2379e+02 -1.1686e+02 -8.7173e+01 -2.7359e+02
-1.2372e+02 -1.1598e+02 -7.8408e+01 -3.0468e+02
-1.2428e+02 -1.2135e+02 -9.8403e+01 -2.2739e+02
# New trial
-1.2376e+02 -1.1696e+02 -9.7321e+01 -3.6285e+02
-1.2372e+02 -1.1654e+02 -9.5618e+01 -3.7888e+02
-1.2395e+02 -1.1854e+02 -1.0352e+02 -4.8755e+02
-1.2448e+02 -1.2342e+02 -1.1970e+02 -4.4698e+02
# New trial
-1.2410e+02 -1.1977e+02 -9.7951e+01 -2.7503e+02
-1.2396e+02 -1.1834e+02 -8.6067e+01 -2.5525e+02
-1.2383e+02 -1.1703e+02 -7.6692e+01 -2.7137e+02
-1.2420e+02 -1.2052e+02 -9.2827e+01 -2.1495e+02
# New trial
-1.2388e+02 -1.1785e+02 -9.9645e+01 -3.2596e+02
-1.2383e+02 -1.1725e+02 -8.8944e+01 -2.5235e+02
-1.2386e+02 -1.1744e+02 -9.1949e+01 -3.8926e+02
-1.2439e+02 -1.2249e+02 -1.0912e+02 -3.6652e+02
# New trial
-1.2383e+02 -1.1729e+02 -9.0847e+01 -2.1805e+02
-1.2385e+02 -1.1742e+02 -9.0419e+01 -2.2481e+02
-1.2410e+02 -1.1977e+02 -9.9564e+01 -3.5804e+02
-1.2451e+02 -1.2366e+02 -1.1724e+02 -2.5165e+02
# New trial
-1.2383e+02 -1.1744e+02 -9.0523e+01 -2.5269e+02
-1.2383e+02 -1.1720e+02 -8.1486e+01 -2.0494e+02
-1.2385e+02 -1.1720e+02 -7.6572e+01 -2.4553e+02
-1.2431e+02 -1.2165e+02 -1.0013e+02 -2.1975e+02
# New trial
-1.2385e+02 -1.1745e+02 -9.3126e+01 -3.4462e+02
-1.2377e+02 -1.1669e+02 -9.0041e+01 -3.7540e+02
-1.2366e+02 -1.1543e+02 -8.8158e+01 -4.5119e+02
-1.2429e+02 -1.2150e+02 -1.0611e+02 -4.1048e+02
# New trial
-1.2385e+02 -1.1746e+02 -9.5501e+01 -3.0402e+02
-1.2389e+02 -1.1786e+02 -9.7887e+01 -3.6160e+02
-1.2409e+02 -1.1972e+02 -1.1115e+02 -5.2646e+02
-1.2451e+02 -1.2373e+02 -1.2373e+02 -4.2927e+02
# New trial
-1.2363e+02 -1.1558e+02 -8.4894e+01 -1.8673e+02
-1.2369e+02 -1.1622e+02 -9.2759e+01 -3.0768e+02
-1.2401e+02 -1.1904e+02 -1.1145e+02 -5.9207e+02
-1.2455e+02 -1.2403e+02 -1.2168e+02 -4.0427e+02
# New trial
-1.2416e+02 -1.2021e+02 -8.9579e+01 -8.4439e+01
-1.2421e+02 -1.2073e+02 -9.2868e+01 -9.1720e+01
-1.2429e+02 -1.2150e+02 -9.9288e+01 -2.0911e+02
-1.2449e+02 -1.2343e+02 -1.1420e+02 -2.6611e+02
# New trial
-1.2395e+02 -1.1824e+02 -9.3540e+01 -3.1923e+02
-1.2386e+02 -1.1743e+02 -8.6894e+01 -2.9650e+02
-1.2371e+02 -1.1589e+02 -8.1884e+01 -4.1454e+02
-1.2421e+02 -1.2071e+02 -1.0081e+02 -4.3826e+02
# New trial
-1.2416e+02 -1.2020e+02 -9.1496e+01 -1.4140e+02
-1.2408e+02 -1.1939e+02 -8.4023e+01 -1.1864e+02
-1.2403e+02 -1.1885e+02 -8.0486e+01 -1.7739e+02
-1.2431e+02 -1.2161e+02 -9.9929e+01 -2.9778e+02
# New trial
-1.2411e+02 -1.1973e+02 -9.1973e+01 -2.2452e+02
-1.2411e+02 -1.1969e+02 -8.7343e+01 -1.8225e+02
-1.2414e+02 -1.1999e+02 -9.0650e+01 -2.5427e+02
-1.2443e+02 -1.2285e+02 -1.1392e+02 -3.6209e+02
# New trial
-1.2370e+02 -1.1621e+02 -9.0962e+01 -3.1780e+02
-1.2369e+02 -1.1608e+02 -8.5167e+01 -2.6820e+02
-1.2392e+02 -1.1805e+02 -8.8034e+01 -3.2113e+02
-1.2449e+02 -1.2347e+02 -1.1431e+02 -1.9935e+02
# New trial
-1.2386e+02 -1.1755e+02 -8.5120e+01 -1.7407e+02
-1.2386e+02 -1.1756e+02 -8.7501e+01 -2.2304e+02
-1.2402e+02 -1.1902e+02 -9.7888e+01 -4.3133e+02
-1.2444e+02 -1.2298e+02 -1.1234e+02 -3.3788e+02
# New trial
-1.2382e+02 -1.1774e+02 -1.1740e+02 -5.2771e+02
-1.2375e+02 -1.1688e+02 -9.9128e+01 -4.0383e+02
-1.2392e+02 -1.1821e+02 -1.0766e+02 -5.8920e+02
-1.2449e+02 -1.2347e+02 -1.2358e+02 -6.2202e+02
# New trial
-1.2420e+02 -1.2063e+02 -9.5763e+01 -1.7543e+02
-1.2418e+02 -1.2039e+02 -9.0234e+01 -1.2825e+02
-1.2412e+02 -1.1973e+02 -8.3078e+01 -1.2430e+02
-1.2430e+02 -1.2159e+02 -9.7975e+01 -1.8492e+02
# New trial
-1.2399e+02 -1.1862e+02 -8.9389e+01 -2.4700e+02
-1.2400e+02 -1.1873e+02 -8.7554e+01 -2.1159e+02
-1.2408e+02 -1.1946e+02 -9.4662e+01 -3.7348e+02
-1.2443e+02 -1.2287e+02 -1.1430e+02 -3.9397e+02
# New trial
-1.2357e+02 -1.1497e+02 -7.7651e+01 -1.9984e+02
-1.2357e+02 -1.1506e+02 -8.0621e+01 -1.6775e+02
-1.2395e+02 -1.1850e+02 -9.8749e+01 -3.0687e+02
-1.2453e+02 -1.2393e+02 -1.2280e+02 -4.2734e+02
# New trial
-1.2383e+02 -1.1725e+02 -9.2908e+01 -2.9497e+02
-1.2390e+02 -1.1781e+02 -8.8440e+01 -2.2813e+02
-1.2399e+02 -1.1870e+02 -9.5537e+01 -3.7315e+02
-1.2443e+02 -1.2287e+02 -1.1105e+02 -2.2821e+02
# New trial
-1.2421e+02 -1.2077e+02 -1.0396e+02 -2.8316e+02
-1.2418e+02 -1.2045e+02 -9.5675e+01 -2.1580e+02
-1.2413e+02 -1.1985e+02 -8.7611e+01 -2.2109e+02
-1.2431e+02 -1.2166e+02 -1.0467e+02 -4.3554e+02
# New trial
-1.2360e+02 -1.1566e+02 -1.0050e+02 -4.1467e+02
-1.2359e+02 -1.1570e+02 -9.8685e+01 -3.7533e+02
-1.2403e+02 -1.1931e+02 -1.0788e+02 -4.5715e+02
-1.2455e+02 -1.2405e+02 -1.2201e+02 -4.0932e+02
# New trial
-1.2406e+02 -1.1932e+02 -9.3824e+01 -2.4904e+02
-1.2397e+02 -1.1851e+02 -8.8164e+01 -1.8878e+02
-1.2393e+02 -1.1802e+02 -8.3337e+01 -2.6262e+02
-1.2441e+02 -1.2267e+02 -1.0705e+02 -1.2754e+02
# New trial
-1.2401e+02 -1.1886e+02 -9.6546e+01 -3.1115e+02
-1.2403e+02 -1.1900e+02 -9.1371e+01 -2.4015e+02
-1.2410e+02 -1.1969e+02 -9.4253e+01 -3.0907e+02
-1.2445e+02 -1.2303e+02 -1.1212e+02 -2.9174e+02
# New trial
-1.2411e+02 -1.1988e+02 -1.0171e+02 -2.9629e+02
-1.2400e+02 -1.1880e+02 -9.1042e+01 -2.5705e+02
-1.2392e+02 -1.1793e+02 -8.3648e+01 -2.7924e+02
-1.2425e+02 -1.2111e+02 -1.0149e+02 -2.8059e+02
# New trial
-1.2408e+02 -1.1955e+02 -9.5434e+01 -2.3870e+02
-1.2397e+02 -1.1849e+02 -8.7521e+01 -1.9856e+02
-1.2381e+02 -1.1685e+02 -8.2763e+01 -3.2095e+02
-1.2421e+02 -1.2068e+02 -1.0133e+02 -3.9429e+02
# New trial
-1.2403e+02 -1.1912e+02 -9.6504e+01 -2.6909e+02
-1.2411e+02 -1.1975e+02 -8.9582e+01 -1.7571e+02
-1.2418e+02 -1.2043e+02 -9.2662e+01 -2.1552e+02
-1.2444e+02 -1.2299e+02 -1.1047e+02 -2.6507e+02
# New trial
-1.2387e+02 -1.1773e+02 -1.1358e+02 -5.6994e+02
-1.2387e+02 -1.1753e+02 -8.8489e+01 -3.2722e+02
-1.2398e+02 -1.1846e+02 -9.2293e+01 -4.2895e+02
-1.2441e+02 -1.2268e+02 -1.1174e+02 -4.0731e+02
# New trial
