# 0.1sig - Array shape (trial/sig/alpha): (30L, 4L, 4L)
-1.0098e+02 -9.6409e+01 -8.4326e+01 -3.0297e+02
-1.0093e+02 -9.5867e+01 -6.9719e+01 -5.1987e+01
-1.0097e+02 -9.6165e+01 -7.5243e+01 -2.0671e+02
-1.0138e+02 -1.0010e+02 -9.6318e+01 -3.5982e+02
# New trial
-1.0115e+02 -9.7906e+01 -7.9719e+01 -9.9864e+01
-1.0109e+02 -9.7329e+01 -7.3816e+01 -5.0572e+01
-1.0105e+02 -9.6817e+01 -7.0592e+01 -1.1963e+02
-1.0124e+02 -9.8661e+01 -8.4227e+01 -2.2638e+02
# New trial
-1.0116e+02 -9.7959e+01 -8.5054e+01 -1.9047e+02
-1.0102e+02 -9.6567e+01 -6.6594e+01 -4.6655e+01
-1.0081e+02 -9.4421e+01 -6.1799e+01 -1.4516e+02
-1.0103e+02 -9.6551e+01 -8.0145e+01 -3.3367e+02
# New trial
-1.0112e+02 -9.7515e+01 -8.3452e+01 -2.3118e+02
-1.0103e+02 -9.6623e+01 -6.5521e+01 -4.6818e+01
-1.0087e+02 -9.4998e+01 -6.5089e+01 -1.6653e+02
-1.0104e+02 -9.6708e+01 -7.4353e+01 -2.4638e+02
# New trial
-1.0127e+02 -9.9054e+01 -9.3970e+01 -3.1453e+02
-1.0119e+02 -9.8152e+01 -7.5464e+01 -4.8498e+01
-1.0110e+02 -9.7275e+01 -6.9489e+01 -1.2639e+02
-1.0133e+02 -9.9484e+01 -8.6809e+01 -2.7454e+02
# New trial
-1.0129e+02 -9.9204e+01 -8.6752e+01 -1.3094e+02
-1.0123e+02 -9.8610e+01 -7.9414e+01 -4.7924e+01
-1.0118e+02 -9.8094e+01 -7.2726e+01 -6.6411e+01
-1.0137e+02 -9.9898e+01 -8.6192e+01 -9.4688e+01
# New trial
-1.0119e+02 -9.8167e+01 -7.6468e+01 -6.6395e+01
-1.0111e+02 -9.7375e+01 -7.0453e+01 -5.1474e+01
-1.0100e+02 -9.6257e+01 -6.2466e+01 -6.6245e+01
-1.0123e+02 -9.8515e+01 -7.6808e+01 -1.0922e+02
# New trial
-1.0104e+02 -9.6846e+01 -8.5778e+01 -2.9117e+02
-1.0105e+02 -9.6860e+01 -7.1326e+01 -5.2952e+01
-1.0110e+02 -9.7255e+01 -7.2651e+01 -1.6321e+02
-1.0138e+02 -1.0004e+02 -8.9432e+01 -2.2719e+02
# New trial
-1.0099e+02 -9.6447e+01 -7.3073e+01 -6.0813e+01
-1.0088e+02 -9.5369e+01 -6.7183e+01 -4.8470e+01
-1.0092e+02 -9.5706e+01 -7.5836e+01 -2.2839e+02
-1.0139e+02 -1.0013e+02 -9.3381e+01 -3.1811e+02
# New trial
-1.0110e+02 -9.7361e+01 -7.1958e+01 -5.3236e+01
-1.0102e+02 -9.6488e+01 -6.5665e+01 -4.8954e+01
-1.0095e+02 -9.5744e+01 -6.2136e+01 -9.3889e+01
-1.0122e+02 -9.8390e+01 -7.7185e+01 -1.5775e+02
# New trial
-1.0123e+02 -9.8599e+01 -7.9279e+01 -6.3144e+01
-1.0110e+02 -9.7275e+01 -6.9671e+01 -4.9914e+01
-1.0089e+02 -9.5159e+01 -5.8543e+01 -5.4565e+01
-1.0113e+02 -9.7555e+01 -7.1393e+01 -7.5725e+01
# New trial
-1.0104e+02 -9.6764e+01 -7.8115e+01 -2.6513e+02
-1.0099e+02 -9.6335e+01 -6.9171e+01 -4.8930e+01
-1.0106e+02 -9.6910e+01 -7.0344e+01 -1.0488e+02
-1.0140e+02 -1.0019e+02 -9.0069e+01 -1.4858e+02
# New trial
-1.0106e+02 -9.7031e+01 -7.9174e+01 -1.7208e+02
-1.0108e+02 -9.7183e+01 -7.1344e+01 -4.9495e+01
-1.0112e+02 -9.7461e+01 -7.7550e+01 -2.0497e+02
-1.0141e+02 -1.0029e+02 -9.2461e+01 -2.5017e+02
# New trial
-1.0130e+02 -9.9371e+01 -9.3231e+01 -2.1140e+02
-1.0119e+02 -9.8189e+01 -7.3685e+01 -4.8236e+01
-1.0105e+02 -9.6712e+01 -6.1456e+01 -5.2971e+01
-1.0114e+02 -9.7633e+01 -7.2258e+01 -9.6967e+01
# New trial
-1.0099e+02 -9.6511e+01 -7.8509e+01 -1.0023e+02
-1.0081e+02 -9.4726e+01 -6.2195e+01 -4.7869e+01
-1.0074e+02 -9.3903e+01 -6.3070e+01 -1.1871e+02
-1.0128e+02 -9.9133e+01 -8.5512e+01 -2.5162e+02
# New trial
-1.0100e+02 -9.6887e+01 -1.0027e+02 -3.5625e+02
-1.0085e+02 -9.5155e+01 -6.7579e+01 -4.7404e+01
-1.0075e+02 -9.3960e+01 -7.0492e+01 -2.2101e+02
-1.0123e+02 -9.8617e+01 -8.6422e+01 -2.9171e+02
# New trial
-1.0112e+02 -9.7574e+01 -7.6559e+01 -7.7245e+01
-1.0103e+02 -9.6676e+01 -6.7807e+01 -4.7919e+01
-1.0101e+02 -9.6374e+01 -6.7856e+01 -1.3119e+02
-1.0126e+02 -9.8827e+01 -8.1793e+01 -2.0642e+02
# New trial
-1.0122e+02 -9.8452e+01 -8.0732e+01 -1.4551e+02
-1.0113e+02 -9.7560e+01 -7.0389e+01 -4.7197e+01
-1.0101e+02 -9.6389e+01 -6.6295e+01 -1.5942e+02
-1.0119e+02 -9.8161e+01 -8.0840e+01 -2.9164e+02
# New trial
-1.0123e+02 -9.8529e+01 -7.8417e+01 -6.7488e+01
-1.0116e+02 -9.7840e+01 -7.3761e+01 -4.8907e+01
-1.0110e+02 -9.7252e+01 -7.2798e+01 -1.3095e+02
-1.0130e+02 -9.9239e+01 -8.4592e+01 -2.1470e+02
# New trial
-1.0120e+02 -9.8458e+01 -9.6777e+01 -3.6426e+02
-1.0106e+02 -9.7006e+01 -7.2252e+01 -4.8825e+01
-1.0088e+02 -9.5212e+01 -6.5103e+01 -1.4797e+02
-1.0120e+02 -9.8294e+01 -7.9521e+01 -2.2574e+02
# New trial
-1.0109e+02 -9.7323e+01 -8.4872e+01 -2.2298e+02
-1.0104e+02 -9.6734e+01 -7.0448e+01 -4.7418e+01
-1.0104e+02 -9.6737e+01 -6.8582e+01 -1.2758e+02
-1.0136e+02 -9.9880e+01 -8.7479e+01 -1.4994e+02
# New trial
-1.0121e+02 -9.8490e+01 -9.0171e+01 -3.1353e+02
-1.0115e+02 -9.7877e+01 -7.5830e+01 -4.8077e+01
-1.0114e+02 -9.7667e+01 -7.6289e+01 -1.5468e+02
-1.0138e+02 -1.0007e+02 -9.1396e+01 -2.5114e+02
# New trial
-1.0113e+02 -9.7607e+01 -7.2451e+01 -5.4142e+01
-1.0106e+02 -9.6910e+01 -6.7473e+01 -4.8686e+01
-1.0100e+02 -9.6291e+01 -6.5975e+01 -1.1280e+02
-1.0125e+02 -9.8774e+01 -8.1402e+01 -2.1575e+02
# New trial
-1.0116e+02 -9.7851e+01 -7.6291e+01 -7.5351e+01
-1.0112e+02 -9.7467e+01 -7.2016e+01 -5.4260e+01
-1.0111e+02 -9.7350e+01 -7.1280e+01 -1.1855e+02
-1.0132e+02 -9.9460e+01 -8.4182e+01 -1.7047e+02
# New trial
-1.0129e+02 -9.9178e+01 -8.5069e+01 -1.5936e+02
-1.0126e+02 -9.8852e+01 -8.0882e+01 -5.6367e+01
-1.0120e+02 -9.8203e+01 -7.3983e+01 -8.1050e+01
-1.0130e+02 -9.9222e+01 -8.0800e+01 -9.9099e+01
# New trial
-1.0107e+02 -9.7234e+01 -8.6983e+01 -1.9217e+02
-1.0095e+02 -9.5826e+01 -6.1562e+01 -4.6640e+01
-1.0093e+02 -9.5614e+01 -6.4867e+01 -1.2008e+02
-1.0127e+02 -9.8906e+01 -8.2028e+01 -1.7790e+02
# New trial
-1.0111e+02 -9.7445e+01 -7.4546e+01 -1.1397e+02
-1.0118e+02 -9.8078e+01 -7.4782e+01 -5.3212e+01
-1.0128e+02 -9.9078e+01 -8.1463e+01 -1.5039e+02
-1.0147e+02 -1.0089e+02 -9.5994e+01 -1.8077e+02
# New trial
-1.0108e+02 -9.7236e+01 -8.0882e+01 -1.4680e+02
-1.0099e+02 -9.6274e+01 -6.7837e+01 -4.7755e+01
-1.0093e+02 -9.5766e+01 -7.6757e+01 -2.4526e+02
-1.0129e+02 -9.9159e+01 -9.3381e+01 -4.0034e+02
# New trial
-1.0111e+02 -9.7400e+01 -7.4923e+01 -8.7357e+01
-1.0102e+02 -9.6482e+01 -6.4222e+01 -4.6316e+01
-1.0091e+02 -9.5363e+01 -5.7378e+01 -5.9591e+01
-1.0118e+02 -9.8076e+01 -7.4401e+01 -1.3728e+02
# New trial
-1.0120e+02 -9.8263e+01 -7.7530e+01 -7.6504e+01
-1.0122e+02 -9.8508e+01 -7.7025e+01 -5.2172e+01
-1.0130e+02 -9.9279e+01 -8.2609e+01 -1.1304e+02
-1.0146e+02 -1.0078e+02 -9.4776e+01 -1.2371e+02
# New trial
