# 0.01sig - Array shape (trial/sig/alpha): (30, 4, 4)
-1.4744e+02 -1.4526e+02 -1.2767e+02 -1.0852e+02
-1.4739e+02 -1.4480e+02 -1.2515e+02 -1.1208e+02
-1.4732e+02 -1.4412e+02 -1.2163e+02 -1.4030e+02
-1.4751e+02 -1.4601e+02 -1.3247e+02 -1.4511e+02
# New trial
-1.4744e+02 -1.4528e+02 -1.2925e+02 -1.1188e+02
-1.4737e+02 -1.4467e+02 -1.2708e+02 -1.1260e+02
-1.4728e+02 -1.4376e+02 -1.2163e+02 -1.3463e+02
-1.4750e+02 -1.4589e+02 -1.3435e+02 -2.3769e+02
# New trial
-1.4745e+02 -1.4533e+02 -1.2797e+02 -1.0735e+02
-1.4735e+02 -1.4441e+02 -1.2293e+02 -1.0719e+02
-1.4714e+02 -1.4232e+02 -1.1590e+02 -1.2147e+02
-1.4732e+02 -1.4407e+02 -1.2255e+02 -1.7688e+02
# New trial
-1.4738e+02 -1.4475e+02 -1.2582e+02 -1.0753e+02
-1.4729e+02 -1.4387e+02 -1.2224e+02 -1.0819e+02
-1.4717e+02 -1.4277e+02 -1.1971e+02 -1.5728e+02
-1.4750e+02 -1.4584e+02 -1.3703e+02 -2.8431e+02
# New trial
-1.4749e+02 -1.4572e+02 -1.3026e+02 -1.0664e+02
-1.4742e+02 -1.4511e+02 -1.2666e+02 -1.1060e+02
-1.4729e+02 -1.4384e+02 -1.2402e+02 -1.8392e+02
-1.4738e+02 -1.4468e+02 -1.3355e+02 -3.1551e+02
# New trial
-1.4749e+02 -1.4572e+02 -1.2989e+02 -1.0826e+02
-1.4737e+02 -1.4460e+02 -1.2408e+02 -1.1430e+02
-1.4716e+02 -1.4256e+02 -1.1726e+02 -1.2544e+02
-1.4734e+02 -1.4431e+02 -1.2127e+02 -1.2791e+02
# New trial
-1.4748e+02 -1.4566e+02 -1.3094e+02 -1.1281e+02
-1.4741e+02 -1.4502e+02 -1.2825e+02 -1.1548e+02
-1.4734e+02 -1.4432e+02 -1.2618e+02 -1.4873e+02
-1.4754e+02 -1.4622e+02 -1.3513e+02 -1.7400e+02
# New trial
-1.4747e+02 -1.4560e+02 -1.3014e+02 -1.0939e+02
-1.4741e+02 -1.4499e+02 -1.2624e+02 -1.0753e+02
-1.4725e+02 -1.4343e+02 -1.1888e+02 -1.0897e+02
-1.4738e+02 -1.4463e+02 -1.2640e+02 -2.3184e+02
# New trial
-1.4744e+02 -1.4528e+02 -1.2659e+02 -1.0716e+02
-1.4734e+02 -1.4432e+02 -1.1973e+02 -1.0616e+02
-1.4708e+02 -1.4173e+02 -1.0956e+02 -1.0620e+02
-1.4725e+02 -1.4340e+02 -1.1439e+02 -1.1843e+02
# New trial
-1.4744e+02 -1.4528e+02 -1.2927e+02 -1.0795e+02
-1.4738e+02 -1.4468e+02 -1.2680e+02 -1.0892e+02
-1.4733e+02 -1.4425e+02 -1.2892e+02 -2.1928e+02
-1.4755e+02 -1.4639e+02 -1.3828e+02 -2.4027e+02
# New trial
-1.4738e+02 -1.4470e+02 -1.2736e+02 -1.1369e+02
-1.4730e+02 -1.4400e+02 -1.2652e+02 -1.3418e+02
-1.4722e+02 -1.4330e+02 -1.2738e+02 -1.8101e+02
-1.4756e+02 -1.4645e+02 -1.4022e+02 -3.0747e+02
# New trial
-1.4754e+02 -1.4628e+02 -1.3495e+02 -1.1090e+02
-1.4751e+02 -1.4600e+02 -1.3267e+02 -1.0958e+02
-1.4746e+02 -1.4543e+02 -1.2865e+02 -1.2180e+02
-1.4755e+02 -1.4638e+02 -1.3717e+02 -2.0991e+02
# New trial
-1.4748e+02 -1.4568e+02 -1.2958e+02 -1.0686e+02
-1.4739e+02 -1.4477e+02 -1.2335e+02 -1.0689e+02
-1.4715e+02 -1.4241e+02 -1.1382e+02 -1.1008e+02
-1.4726e+02 -1.4347e+02 -1.2112e+02 -1.9053e+02
# New trial
-1.4754e+02 -1.4621e+02 -1.3388e+02 -1.1033e+02
-1.4749e+02 -1.4577e+02 -1.3019e+02 -1.0915e+02
-1.4737e+02 -1.4458e+02 -1.2285e+02 -1.1917e+02
-1.4739e+02 -1.4478e+02 -1.2786e+02 -2.0865e+02
# New trial
-1.4752e+02 -1.4610e+02 -1.3280e+02 -1.1447e+02
-1.4748e+02 -1.4565e+02 -1.2914e+02 -1.1675e+02
-1.4737e+02 -1.4456e+02 -1.2228e+02 -1.5307e+02
-1.4743e+02 -1.4514e+02 -1.2518e+02 -1.3739e+02
# New trial
-1.4740e+02 -1.4491e+02 -1.2656e+02 -1.0870e+02
-1.4732e+02 -1.4413e+02 -1.2344e+02 -1.1566e+02
-1.4721e+02 -1.4313e+02 -1.2247e+02 -1.7299e+02
-1.4749e+02 -1.4577e+02 -1.3573e+02 -3.0856e+02
# New trial
-1.4742e+02 -1.4511e+02 -1.2657e+02 -1.0697e+02
-1.4735e+02 -1.4440e+02 -1.2424e+02 -1.0749e+02
-1.4724e+02 -1.4334e+02 -1.1819e+02 -1.1375e+02
-1.4745e+02 -1.4538e+02 -1.2785e+02 -1.5830e+02
# New trial
-1.4741e+02 -1.4507e+02 -1.2879e+02 -1.1441e+02
-1.4731e+02 -1.4409e+02 -1.2474e+02 -1.2262e+02
-1.4717e+02 -1.4275e+02 -1.1981e+02 -1.5467e+02
-1.4752e+02 -1.4603e+02 -1.3552e+02 -2.6099e+02
# New trial
-1.4751e+02 -1.4601e+02 -1.3394e+02 -1.1512e+02
-1.4746e+02 -1.4548e+02 -1.3069e+02 -1.1968e+02
-1.4740e+02 -1.4484e+02 -1.2483e+02 -1.4913e+02
-1.4747e+02 -1.4552e+02 -1.2876e+02 -1.8268e+02
# New trial
-1.4747e+02 -1.4559e+02 -1.3051e+02 -1.0848e+02
-1.4742e+02 -1.4507e+02 -1.2796e+02 -1.1093e+02
-1.4734e+02 -1.4429e+02 -1.2543e+02 -1.7443e+02
-1.4749e+02 -1.4582e+02 -1.3504e+02 -2.8051e+02
# New trial
-1.4728e+02 -1.4379e+02 -1.2455e+02 -1.0708e+02
-1.4720e+02 -1.4314e+02 -1.2576e+02 -1.4279e+02
-1.4724e+02 -1.4352e+02 -1.2963e+02 -2.1248e+02
-1.4758e+02 -1.4676e+02 -1.4194e+02 -3.0004e+02
# New trial
-1.4749e+02 -1.4576e+02 -1.3064e+02 -1.1072e+02
-1.4742e+02 -1.4508e+02 -1.2666e+02 -1.1040e+02
-1.4728e+02 -1.4375e+02 -1.2092e+02 -1.2859e+02
-1.4746e+02 -1.4549e+02 -1.2980e+02 -1.6702e+02
# New trial
-1.4758e+02 -1.4666e+02 -1.3781e+02 -1.1418e+02
-1.4754e+02 -1.4625e+02 -1.3453e+02 -1.2811e+02
-1.4745e+02 -1.4539e+02 -1.2867e+02 -1.6118e+02
-1.4744e+02 -1.4527e+02 -1.2686e+02 -1.5276e+02
# New trial
-1.4726e+02 -1.4361e+02 -1.2373e+02 -1.0880e+02
-1.4715e+02 -1.4270e+02 -1.2218e+02 -1.1704e+02
-1.4718e+02 -1.4296e+02 -1.2543e+02 -1.6863e+02
-1.4756e+02 -1.4660e+02 -1.4258e+02 -3.2354e+02
# New trial
-1.4751e+02 -1.4601e+02 -1.3278e+02 -1.1859e+02
-1.4743e+02 -1.4516e+02 -1.2794e+02 -1.1818e+02
-1.4726e+02 -1.4359e+02 -1.2206e+02 -1.5935e+02
-1.4746e+02 -1.4550e+02 -1.3363e+02 -3.0203e+02
# New trial
-1.4755e+02 -1.4634e+02 -1.3506e+02 -1.2232e+02
-1.4750e+02 -1.4587e+02 -1.3134e+02 -1.2319e+02
-1.4739e+02 -1.4478e+02 -1.2485e+02 -1.4256e+02
-1.4749e+02 -1.4581e+02 -1.3174e+02 -1.9650e+02
# New trial
-1.4752e+02 -1.4607e+02 -1.3261e+02 -1.1015e+02
-1.4744e+02 -1.4530e+02 -1.2727e+02 -1.0914e+02
-1.4729e+02 -1.4384e+02 -1.2130e+02 -1.5375e+02
-1.4736e+02 -1.4452e+02 -1.2952e+02 -2.8084e+02
# New trial
-1.4751e+02 -1.4598e+02 -1.3213e+02 -1.1101e+02
-1.4743e+02 -1.4520e+02 -1.2716e+02 -1.1202e+02
-1.4725e+02 -1.4341e+02 -1.1671e+02 -1.1887e+02
-1.4734e+02 -1.4429e+02 -1.2025e+02 -1.4978e+02
# New trial
-1.4755e+02 -1.4639e+02 -1.3574e+02 -1.1124e+02
-1.4753e+02 -1.4613e+02 -1.3363e+02 -1.1558e+02
-1.4746e+02 -1.4543e+02 -1.2840e+02 -1.4975e+02
-1.4752e+02 -1.4604e+02 -1.3337e+02 -2.0776e+02
# New trial
-1.4749e+02 -1.4576e+02 -1.3081e+02 -1.1224e+02
-1.4744e+02 -1.4531e+02 -1.2825e+02 -1.2827e+02
-1.4737e+02 -1.4456e+02 -1.2544e+02 -1.6676e+02
-1.4752e+02 -1.4610e+02 -1.3419e+02 -2.1997e+02
# New trial
