# 0.01sig - Array shape (trial/sig/alpha): (30, 4, 4)
-1.7531e+02 -1.7478e+02 -1.7038e+02 -1.6283e+02
-1.7529e+02 -1.7459e+02 -1.6904e+02 -1.6195e+02
-1.7525e+02 -1.7416e+02 -1.6656e+02 -1.6330e+02
-1.7531e+02 -1.7470e+02 -1.6974e+02 -1.8350e+02
# New trial
-1.7531e+02 -1.7469e+02 -1.6947e+02 -1.6235e+02
-1.7529e+02 -1.7450e+02 -1.6844e+02 -1.6200e+02
-1.7524e+02 -1.7405e+02 -1.6596e+02 -1.6233e+02
-1.7528e+02 -1.7447e+02 -1.6796e+02 -1.8534e+02
# New trial
-1.7532e+02 -1.7482e+02 -1.7039e+02 -1.6479e+02
-1.7530e+02 -1.7459e+02 -1.6904e+02 -1.6753e+02
-1.7524e+02 -1.7403e+02 -1.6711e+02 -1.7966e+02
-1.7524e+02 -1.7404e+02 -1.6574e+02 -1.8028e+02
# New trial
-1.7530e+02 -1.7460e+02 -1.6870e+02 -1.6203e+02
-1.7526e+02 -1.7429e+02 -1.6706e+02 -1.6179e+02
-1.7521e+02 -1.7375e+02 -1.6496e+02 -1.6501e+02
-1.7528e+02 -1.7446e+02 -1.6856e+02 -1.8815e+02
# New trial
-1.7533e+02 -1.7489e+02 -1.7085e+02 -1.6184e+02
-1.7531e+02 -1.7470e+02 -1.6945e+02 -1.6189e+02
-1.7525e+02 -1.7417e+02 -1.6698e+02 -1.6824e+02
-1.7523e+02 -1.7395e+02 -1.6549e+02 -1.7539e+02
# New trial
-1.7533e+02 -1.7494e+02 -1.7124e+02 -1.6212e+02
-1.7530e+02 -1.7465e+02 -1.6914e+02 -1.6287e+02
-1.7523e+02 -1.7396e+02 -1.6427e+02 -1.6154e+02
-1.7525e+02 -1.7415e+02 -1.6509e+02 -1.6153e+02
# New trial
-1.7532e+02 -1.7486e+02 -1.7054e+02 -1.6228e+02
-1.7531e+02 -1.7469e+02 -1.6946e+02 -1.6234e+02
-1.7528e+02 -1.7440e+02 -1.6769e+02 -1.6530e+02
-1.7530e+02 -1.7460e+02 -1.6839e+02 -1.6952e+02
# New trial
-1.7532e+02 -1.7479e+02 -1.6998e+02 -1.6155e+02
-1.7530e+02 -1.7464e+02 -1.6866e+02 -1.6154e+02
-1.7525e+02 -1.7410e+02 -1.6484e+02 -1.6153e+02
-1.7522e+02 -1.7388e+02 -1.6321e+02 -1.6153e+02
# New trial
-1.7532e+02 -1.7479e+02 -1.6988e+02 -1.6154e+02
-1.7529e+02 -1.7455e+02 -1.6809e+02 -1.6156e+02
-1.7521e+02 -1.7378e+02 -1.6390e+02 -1.6153e+02
-1.7521e+02 -1.7374e+02 -1.6291e+02 -1.6153e+02
# New trial
-1.7531e+02 -1.7472e+02 -1.6964e+02 -1.6240e+02
-1.7529e+02 -1.7453e+02 -1.6873e+02 -1.6507e+02
-1.7525e+02 -1.7414e+02 -1.6668e+02 -1.6604e+02
-1.7529e+02 -1.7449e+02 -1.6803e+02 -1.8510e+02
# New trial
-1.7529e+02 -1.7453e+02 -1.6865e+02 -1.6175e+02
-1.7526e+02 -1.7430e+02 -1.6810e+02 -1.6455e+02
-1.7521e+02 -1.7376e+02 -1.6558e+02 -1.6212e+02
-1.7528e+02 -1.7443e+02 -1.6745e+02 -1.6774e+02
# New trial
-1.7534e+02 -1.7501e+02 -1.7190e+02 -1.6196e+02
-1.7533e+02 -1.7494e+02 -1.7122e+02 -1.6191e+02
-1.7530e+02 -1.7468e+02 -1.6890e+02 -1.6154e+02
-1.7530e+02 -1.7460e+02 -1.6798e+02 -1.6153e+02
# New trial
-1.7533e+02 -1.7491e+02 -1.7099e+02 -1.6325e+02
-1.7531e+02 -1.7471e+02 -1.6967e+02 -1.6703e+02
-1.7524e+02 -1.7409e+02 -1.6740e+02 -1.7958e+02
-1.7521e+02 -1.7379e+02 -1.6484e+02 -1.7463e+02
# New trial
-1.7534e+02 -1.7504e+02 -1.7219e+02 -1.6380e+02
-1.7533e+02 -1.7492e+02 -1.7111e+02 -1.6314e+02
-1.7530e+02 -1.7460e+02 -1.6846e+02 -1.6397e+02
-1.7530e+02 -1.7459e+02 -1.6918e+02 -1.9175e+02
# New trial
-1.7534e+02 -1.7500e+02 -1.7173e+02 -1.6275e+02
-1.7532e+02 -1.7488e+02 -1.7060e+02 -1.6175e+02
-1.7528e+02 -1.7448e+02 -1.6716e+02 -1.6154e+02
-1.7528e+02 -1.7447e+02 -1.6757e+02 -1.7954e+02
# New trial
-1.7530e+02 -1.7466e+02 -1.6957e+02 -1.6304e+02
-1.7528e+02 -1.7442e+02 -1.6837e+02 -1.6444e+02
-1.7523e+02 -1.7399e+02 -1.6634e+02 -1.6566e+02
-1.7530e+02 -1.7465e+02 -1.6954e+02 -1.9183e+02
# New trial
-1.7531e+02 -1.7474e+02 -1.6978e+02 -1.6172e+02
-1.7529e+02 -1.7455e+02 -1.6881e+02 -1.6168e+02
-1.7525e+02 -1.7412e+02 -1.6573e+02 -1.6153e+02
-1.7526e+02 -1.7425e+02 -1.6577e+02 -1.6170e+02
# New trial
-1.7531e+02 -1.7476e+02 -1.7035e+02 -1.6167e+02
-1.7529e+02 -1.7453e+02 -1.6918e+02 -1.6238e+02
-1.7524e+02 -1.7409e+02 -1.6742e+02 -1.7184e+02
-1.7528e+02 -1.7449e+02 -1.7020e+02 -2.2520e+02
# New trial
-1.7528e+02 -1.7449e+02 -1.6904e+02 -1.6483e+02
-1.7526e+02 -1.7426e+02 -1.6850e+02 -1.7014e+02
-1.7529e+02 -1.7462e+02 -1.7462e+02 -2.4874e+02
-1.7536e+02 -1.7529e+02 -1.7873e+02 -3.0233e+02
# New trial
-1.7532e+02 -1.7482e+02 -1.7050e+02 -1.6281e+02
-1.7530e+02 -1.7466e+02 -1.6967e+02 -1.6286e+02
-1.7526e+02 -1.7425e+02 -1.6701e+02 -1.6416e+02
-1.7528e+02 -1.7447e+02 -1.6740e+02 -1.6731e+02
# New trial
-1.7527e+02 -1.7434e+02 -1.6830e+02 -1.6304e+02
-1.7524e+02 -1.7408e+02 -1.6757e+02 -1.6276e+02
-1.7520e+02 -1.7374e+02 -1.6586e+02 -1.6650e+02
-1.7529e+02 -1.7453e+02 -1.6932e+02 -1.9016e+02
# New trial
-1.7533e+02 -1.7489e+02 -1.7078e+02 -1.6166e+02
-1.7531e+02 -1.7471e+02 -1.6939e+02 -1.6173e+02
-1.7526e+02 -1.7426e+02 -1.6665e+02 -1.6194e+02
-1.7529e+02 -1.7452e+02 -1.6767e+02 -1.6224e+02
# New trial
-1.7535e+02 -1.7508e+02 -1.7250e+02 -1.6209e+02
-1.7533e+02 -1.7494e+02 -1.7120e+02 -1.6214e+02
-1.7529e+02 -1.7457e+02 -1.6798e+02 -1.6391e+02
-1.7527e+02 -1.7435e+02 -1.6625e+02 -1.6274e+02
# New trial
-1.7527e+02 -1.7432e+02 -1.6830e+02 -1.6209e+02
-1.7523e+02 -1.7403e+02 -1.6731e+02 -1.6221e+02
-1.7518e+02 -1.7354e+02 -1.6440e+02 -1.6153e+02
-1.7528e+02 -1.7447e+02 -1.6882e+02 -1.9550e+02
# New trial
-1.7533e+02 -1.7490e+02 -1.7093e+02 -1.6204e+02
-1.7530e+02 -1.7467e+02 -1.6937e+02 -1.6190e+02
-1.7525e+02 -1.7414e+02 -1.6625e+02 -1.6275e+02
-1.7529e+02 -1.7454e+02 -1.6900e+02 -1.9141e+02
# New trial
-1.7534e+02 -1.7500e+02 -1.7180e+02 -1.6260e+02
-1.7532e+02 -1.7487e+02 -1.7064e+02 -1.6218e+02
-1.7529e+02 -1.7454e+02 -1.6814e+02 -1.6654e+02
-1.7533e+02 -1.7489e+02 -1.7129e+02 -2.0292e+02
# New trial
-1.7533e+02 -1.7493e+02 -1.7099e+02 -1.6153e+02
-1.7531e+02 -1.7470e+02 -1.6896e+02 -1.6153e+02
-1.7525e+02 -1.7411e+02 -1.6458e+02 -1.6153e+02
-1.7525e+02 -1.7411e+02 -1.6464e+02 -1.6153e+02
# New trial
-1.7533e+02 -1.7493e+02 -1.7112e+02 -1.6304e+02
-1.7531e+02 -1.7470e+02 -1.6927e+02 -1.6259e+02
-1.7525e+02 -1.7418e+02 -1.6646e+02 -1.7079e+02
-1.7527e+02 -1.7432e+02 -1.6843e+02 -1.9952e+02
# New trial
-1.7535e+02 -1.7509e+02 -1.7259e+02 -1.6312e+02
-1.7534e+02 -1.7502e+02 -1.7202e+02 -1.6294e+02
-1.7532e+02 -1.7485e+02 -1.7053e+02 -1.6390e+02
-1.7534e+02 -1.7501e+02 -1.7189e+02 -1.7148e+02
# New trial
-1.7531e+02 -1.7476e+02 -1.6999e+02 -1.6171e+02
-1.7529e+02 -1.7458e+02 -1.6876e+02 -1.6159e+02
-1.7524e+02 -1.7402e+02 -1.6503e+02 -1.6153e+02
-1.7525e+02 -1.7418e+02 -1.6523e+02 -1.6153e+02
# New trial
