# 0.1sig - Array shape (trial/sig/alpha): (30L, 4L, 4L)
-1.1465e+02 -1.0861e+02 -8.8266e+01 -3.3207e+02
-1.1460e+02 -1.0811e+02 -7.7079e+01 -1.2072e+02
-1.1463e+02 -1.0825e+02 -8.0265e+01 -2.7824e+02
-1.1512e+02 -1.1296e+02 -1.0234e+02 -3.9532e+02
# New trial
-1.1494e+02 -1.1129e+02 -9.4932e+01 -2.2111e+02
-1.1489e+02 -1.1074e+02 -8.7396e+01 -1.5118e+02
-1.1476e+02 -1.0933e+02 -7.3702e+01 -1.6069e+02
-1.1495e+02 -1.1112e+02 -8.8413e+01 -3.1648e+02
# New trial
-1.1495e+02 -1.1136e+02 -1.0426e+02 -3.8852e+02
-1.1478e+02 -1.0949e+02 -7.5287e+01 -1.6137e+02
-1.1448e+02 -1.0648e+02 -6.0953e+01 -1.6356e+02
-1.1470e+02 -1.0864e+02 -8.1913e+01 -3.0072e+02
# New trial
-1.1490e+02 -1.1085e+02 -1.1078e+02 -5.2849e+02
-1.1479e+02 -1.0958e+02 -7.6189e+01 -1.5659e+02
-1.1456e+02 -1.0728e+02 -6.4874e+01 -2.0251e+02
-1.1473e+02 -1.0895e+02 -7.7281e+01 -2.5094e+02
# New trial
-1.1500e+02 -1.1187e+02 -1.0506e+02 -4.0712e+02
-1.1491e+02 -1.1089e+02 -8.3020e+01 -8.5611e+01
-1.1481e+02 -1.0983e+02 -7.5737e+01 -2.0051e+02
-1.1507e+02 -1.1231e+02 -9.3611e+01 -3.4394e+02
# New trial
-1.1511e+02 -1.1279e+02 -1.0156e+02 -2.2369e+02
-1.1502e+02 -1.1193e+02 -9.1031e+01 -1.1644e+02
-1.1494e+02 -1.1104e+02 -8.1171e+01 -1.3528e+02
-1.1519e+02 -1.1346e+02 -9.8419e+01 -2.1034e+02
# New trial
-1.1497e+02 -1.1145e+02 -8.8334e+01 -1.2405e+02
-1.1488e+02 -1.1048e+02 -7.9259e+01 -1.0477e+02
-1.1474e+02 -1.0906e+02 -7.0365e+01 -1.5916e+02
-1.1499e+02 -1.1156e+02 -8.5343e+01 -2.5823e+02
# New trial
-1.1484e+02 -1.1038e+02 -1.0951e+02 -4.5778e+02
-1.1480e+02 -1.0987e+02 -8.4827e+01 -1.4926e+02
-1.1482e+02 -1.0990e+02 -7.9346e+01 -2.2962e+02
-1.1519e+02 -1.1355e+02 -1.0382e+02 -4.5279e+02
# New trial
-1.1460e+02 -1.0807e+02 -7.4614e+01 -6.5788e+01
-1.1448e+02 -1.0693e+02 -6.6520e+01 -7.5042e+01
-1.1451e+02 -1.0708e+02 -7.3276e+01 -2.2700e+02
-1.1509e+02 -1.1254e+02 -9.4957e+01 -3.0108e+02
# New trial
-1.1485e+02 -1.1028e+02 -8.4458e+01 -1.5029e+02
-1.1477e+02 -1.0951e+02 -7.9560e+01 -1.3914e+02
-1.1466e+02 -1.0836e+02 -6.9509e+01 -1.5195e+02
-1.1495e+02 -1.1112e+02 -8.4902e+01 -2.1114e+02
# New trial
-1.1495e+02 -1.1124e+02 -8.6769e+01 -8.5551e+01
-1.1481e+02 -1.0988e+02 -7.8268e+01 -9.0051e+01
-1.1456e+02 -1.0741e+02 -7.2694e+01 -2.4634e+02
-1.1481e+02 -1.0972e+02 -8.5193e+01 -3.5114e+02
# New trial
-1.1487e+02 -1.1053e+02 -9.6873e+01 -3.1571e+02
-1.1479e+02 -1.0977e+02 -8.6513e+01 -1.7687e+02
-1.1477e+02 -1.0949e+02 -8.1716e+01 -2.3149e+02
-1.1516e+02 -1.1321e+02 -9.9082e+01 -2.8660e+02
# New trial
-1.1488e+02 -1.1078e+02 -1.0706e+02 -4.2515e+02
-1.1487e+02 -1.1050e+02 -8.5070e+01 -1.5359e+02
-1.1484e+02 -1.1004e+02 -7.5109e+01 -1.4629e+02
-1.1518e+02 -1.1346e+02 -9.8611e+01 -1.8864e+02
# New trial
-1.1510e+02 -1.1279e+02 -1.0864e+02 -3.3295e+02
-1.1496e+02 -1.1129e+02 -8.1724e+01 -9.8170e+01
-1.1477e+02 -1.0938e+02 -6.5937e+01 -1.1280e+02
-1.1486e+02 -1.1020e+02 -7.6497e+01 -1.6668e+02
# New trial
-1.1478e+02 -1.1009e+02 -1.0157e+02 -3.0906e+02
-1.1457e+02 -1.0791e+02 -7.8257e+01 -1.6533e+02
-1.1444e+02 -1.0640e+02 -7.2888e+01 -2.0819e+02
-1.1505e+02 -1.1223e+02 -1.0575e+02 -5.2798e+02
# New trial
-1.1478e+02 -1.1024e+02 -1.2426e+02 -6.3880e+02
-1.1462e+02 -1.0830e+02 -8.6107e+01 -2.4291e+02
-1.1444e+02 -1.0637e+02 -8.0520e+01 -3.2667e+02
-1.1496e+02 -1.1120e+02 -8.8236e+01 -2.8997e+02
# New trial
-1.1488e+02 -1.1071e+02 -9.5522e+01 -2.2845e+02
-1.1478e+02 -1.0964e+02 -8.1151e+01 -1.5937e+02
-1.1468e+02 -1.0859e+02 -7.1689e+01 -1.5388e+02
-1.1499e+02 -1.1156e+02 -8.5944e+01 -1.7804e+02
# New trial
-1.1503e+02 -1.1197e+02 -9.6484e+01 -2.8085e+02
-1.1491e+02 -1.1081e+02 -8.0484e+01 -1.1962e+02
-1.1473e+02 -1.0896e+02 -6.3917e+01 -7.6808e+01
-1.1487e+02 -1.1034e+02 -7.4392e+01 -6.8525e+01
# New trial
-1.1499e+02 -1.1158e+02 -8.7786e+01 -1.1110e+02
-1.1492e+02 -1.1088e+02 -8.1764e+01 -9.3240e+01
-1.1484e+02 -1.1006e+02 -7.3026e+01 -1.1794e+02
-1.1507e+02 -1.1236e+02 -8.9486e+01 -1.7434e+02
# New trial
-1.1499e+02 -1.1191e+02 -1.1968e+02 -5.6337e+02
-1.1483e+02 -1.1009e+02 -8.2342e+01 -1.2367e+02
-1.1459e+02 -1.0767e+02 -6.2009e+01 -8.9767e+01
-1.1492e+02 -1.1082e+02 -7.8676e+01 -9.6178e+01
# New trial
-1.1484e+02 -1.1028e+02 -9.8231e+01 -3.1437e+02
-1.1478e+02 -1.0962e+02 -8.1731e+01 -1.5579e+02
-1.1476e+02 -1.0936e+02 -7.4127e+01 -1.6309e+02
-1.1514e+02 -1.1306e+02 -9.6283e+01 -2.6692e+02
# New trial
-1.1499e+02 -1.1177e+02 -1.0508e+02 -3.9810e+02
-1.1490e+02 -1.1078e+02 -8.6511e+01 -1.5249e+02
-1.1481e+02 -1.0986e+02 -8.0940e+01 -2.7077e+02
-1.1511e+02 -1.1276e+02 -9.4981e+01 -2.5646e+02
# New trial
-1.1493e+02 -1.1101e+02 -8.6640e+01 -1.7508e+02
-1.1483e+02 -1.0998e+02 -7.6195e+01 -1.3333e+02
-1.1471e+02 -1.0878e+02 -6.7296e+01 -9.9469e+01
-1.1499e+02 -1.1151e+02 -8.5895e+01 -1.9995e+02
# New trial
-1.1492e+02 -1.1091e+02 -8.6169e+01 -1.2614e+02
-1.1488e+02 -1.1047e+02 -8.0600e+01 -1.1572e+02
-1.1485e+02 -1.1015e+02 -7.9940e+01 -2.3961e+02
-1.1512e+02 -1.1284e+02 -9.9803e+01 -3.6795e+02
# New trial
-1.1501e+02 -1.1183e+02 -9.6241e+01 -3.9284e+02
-1.1501e+02 -1.1179e+02 -8.8056e+01 -9.1514e+01
-1.1498e+02 -1.1144e+02 -8.1010e+01 -1.1131e+02
-1.1513e+02 -1.1288e+02 -9.2667e+01 -1.3554e+02
# New trial
-1.1485e+02 -1.1063e+02 -1.0922e+02 -4.1105e+02
-1.1472e+02 -1.0894e+02 -7.4845e+01 -1.5675e+02
-1.1463e+02 -1.0799e+02 -7.0672e+01 -1.8141e+02
-1.1496e+02 -1.1121e+02 -8.5180e+01 -2.5085e+02
# New trial
-1.1490e+02 -1.1078e+02 -8.8286e+01 -2.1099e+02
-1.1495e+02 -1.1119e+02 -8.4059e+01 -1.0378e+02
-1.1504e+02 -1.1206e+02 -8.7931e+01 -1.4286e+02
-1.1527e+02 -1.1432e+02 -1.0630e+02 -2.1215e+02
# New trial
-1.1491e+02 -1.1105e+02 -1.0453e+02 -3.5602e+02
-1.1477e+02 -1.0954e+02 -8.4587e+01 -2.3830e+02
-1.1460e+02 -1.0786e+02 -8.1848e+01 -2.8535e+02
-1.1500e+02 -1.1169e+02 -9.8509e+01 -4.0140e+02
# New trial
-1.1492e+02 -1.1092e+02 -9.2820e+01 -2.4207e+02
-1.1480e+02 -1.0977e+02 -8.0764e+01 -1.8936e+02
-1.1462e+02 -1.0788e+02 -6.7224e+01 -1.8499e+02
-1.1486e+02 -1.1022e+02 -8.2181e+01 -2.2319e+02
# New trial
-1.1497e+02 -1.1136e+02 -8.8631e+01 -1.6442e+02
-1.1499e+02 -1.1160e+02 -8.6464e+01 -1.2827e+02
-1.1508e+02 -1.1249e+02 -9.1728e+01 -1.8457e+02
-1.1526e+02 -1.1423e+02 -1.0463e+02 -1.0062e+02
# New trial
