# 0.01sig - Array shape (trial/sig/alpha): (30, 4, 4)
-1.7444e+02 -1.6648e+02 -1.2390e+02 -2.5365e+02
-1.7436e+02 -1.6566e+02 -1.1792e+02 -2.5367e+02
-1.7434e+02 -1.6538e+02 -1.1835e+02 -3.9132e+02
-1.7498e+02 -1.7154e+02 -1.4838e+02 -4.9242e+02
# New trial
-1.7432e+02 -1.6525e+02 -1.1871e+02 -2.7053e+02
-1.7424e+02 -1.6451e+02 -1.1499e+02 -2.5357e+02
-1.7421e+02 -1.6418e+02 -1.1289e+02 -3.7702e+02
-1.7491e+02 -1.7091e+02 -1.4190e+02 -3.8325e+02
# New trial
-1.7441e+02 -1.6624e+02 -1.2013e+02 -1.8867e+02
-1.7421e+02 -1.6414e+02 -1.0658e+02 -1.8313e+02
-1.7391e+02 -1.6107e+02 -1.0037e+02 -3.6922e+02
-1.7459e+02 -1.6758e+02 -1.1897e+02 -3.5530e+02
# New trial
-1.7418e+02 -1.6425e+02 -1.1969e+02 -2.7717e+02
-1.7402e+02 -1.6280e+02 -1.1514e+02 -3.2071e+02
-1.7411e+02 -1.6341e+02 -1.2051e+02 -4.9896e+02
-1.7497e+02 -1.7143e+02 -1.5057e+02 -5.3687e+02
# New trial
-1.7460e+02 -1.6789e+02 -1.2415e+02 -2.2183e+02
-1.7439e+02 -1.6582e+02 -1.0905e+02 -2.1736e+02
-1.7408e+02 -1.6261e+02 -8.7349e+01 -2.2373e+02
-1.7447e+02 -1.6644e+02 -1.0504e+02 -2.0752e+02
# New trial
-1.7452e+02 -1.6721e+02 -1.3064e+02 -3.1151e+02
-1.7433e+02 -1.6535e+02 -1.1376e+02 -2.2306e+02
-1.7406e+02 -1.6258e+02 -1.0359e+02 -3.5231e+02
-1.7463e+02 -1.6806e+02 -1.2335e+02 -4.1907e+02
# New trial
-1.7443e+02 -1.6630e+02 -1.1855e+02 -1.2895e+02
-1.7439e+02 -1.6597e+02 -1.1786e+02 -1.8374e+02
-1.7451e+02 -1.6702e+02 -1.1910e+02 -3.3819e+02
-1.7504e+02 -1.7203e+02 -1.4634e+02 -2.9469e+02
# New trial
-1.7435e+02 -1.6573e+02 -1.1843e+02 -1.7966e+02
-1.7430e+02 -1.6506e+02 -1.0937e+02 -1.7205e+02
-1.7421e+02 -1.6398e+02 -1.0081e+02 -2.6730e+02
-1.7473e+02 -1.6901e+02 -1.2855e+02 -4.6715e+02
# New trial
-1.7440e+02 -1.6598e+02 -1.2041e+02 -3.1242e+02
-1.7419e+02 -1.6393e+02 -1.0701e+02 -3.4166e+02
-1.7378e+02 -1.5979e+02 -1.0097e+02 -5.2734e+02
-1.7450e+02 -1.6675e+02 -1.1973e+02 -5.1029e+02
# New trial
-1.7438e+02 -1.6590e+02 -1.2353e+02 -2.7645e+02
-1.7433e+02 -1.6539e+02 -1.2136e+02 -3.3297e+02
-1.7437e+02 -1.6571e+02 -1.3015e+02 -5.5819e+02
-1.7502e+02 -1.7191e+02 -1.5229e+02 -5.2686e+02
# New trial
-1.7404e+02 -1.6279e+02 -1.0641e+02 -1.3897e+02
-1.7399e+02 -1.6232e+02 -1.0624e+02 -2.1880e+02
-1.7412e+02 -1.6350e+02 -1.1961e+02 -5.0332e+02
-1.7506e+02 -1.7228e+02 -1.5166e+02 -5.1877e+02
# New trial
-1.7477e+02 -1.6939e+02 -1.2574e+02 -8.2338e+01
-1.7479e+02 -1.6961e+02 -1.2684e+02 -1.1219e+02
-1.7478e+02 -1.6949e+02 -1.2552e+02 -2.1936e+02
-1.7501e+02 -1.7176e+02 -1.4266e+02 -3.1497e+02
# New trial
-1.7448e+02 -1.6662e+02 -1.2102e+02 -2.4281e+02
-1.7429e+02 -1.6484e+02 -1.0914e+02 -2.4434e+02
-1.7393e+02 -1.6126e+02 -1.0254e+02 -3.6757e+02
-1.7443e+02 -1.6608e+02 -1.1229e+02 -3.3980e+02
# New trial
-1.7478e+02 -1.6951e+02 -1.2699e+02 -1.3182e+02
-1.7465e+02 -1.6821e+02 -1.1552e+02 -1.1953e+02
-1.7444e+02 -1.6613e+02 -9.9210e+01 -1.7685e+02
-1.7467e+02 -1.6842e+02 -1.1814e+02 -3.2285e+02
# New trial
-1.7467e+02 -1.6841e+02 -1.1963e+02 -1.7648e+02
-1.7463e+02 -1.6805e+02 -1.1367e+02 -1.5759e+02
-1.7451e+02 -1.6678e+02 -1.0589e+02 -2.7487e+02
-1.7478e+02 -1.6942e+02 -1.2249e+02 -1.9154e+02
# New trial
-1.7414e+02 -1.6370e+02 -1.1260e+02 -2.2630e+02
-1.7404e+02 -1.6270e+02 -1.0725e+02 -2.1053e+02
-1.7412e+02 -1.6333e+02 -1.0653e+02 -2.8952e+02
-1.7493e+02 -1.7103e+02 -1.4335e+02 -4.0788e+02
# New trial
-1.7428e+02 -1.6471e+02 -1.0131e+02 -1.0289e+02
-1.7417e+02 -1.6378e+02 -1.0179e+02 -1.7528e+02
-1.7419e+02 -1.6395e+02 -1.0703e+02 -3.7727e+02
-1.7485e+02 -1.7025e+02 -1.3446e+02 -3.2599e+02
# New trial
-1.7428e+02 -1.6541e+02 -1.3489e+02 -3.9538e+02
-1.7412e+02 -1.6376e+02 -1.1895e+02 -3.4704e+02
-1.7411e+02 -1.6332e+02 -1.1675e+02 -5.5077e+02
-1.7495e+02 -1.7119e+02 -1.4656e+02 -5.7420e+02
# New trial
-1.7468e+02 -1.6856e+02 -1.2312e+02 -1.4903e+02
-1.7459e+02 -1.6764e+02 -1.1755e+02 -1.6877e+02
-1.7454e+02 -1.6718e+02 -1.1704e+02 -3.3667e+02
-1.7496e+02 -1.7133e+02 -1.5030e+02 -6.2604e+02
# New trial
-1.7454e+02 -1.6720e+02 -1.1807e+02 -2.1100e+02
-1.7449e+02 -1.6674e+02 -1.1371e+02 -2.0827e+02
-1.7444e+02 -1.6616e+02 -1.1020e+02 -2.9126e+02
-1.7493e+02 -1.7097e+02 -1.3907e+02 -2.7679e+02
# New trial
-1.7388e+02 -1.6121e+02 -9.5892e+01 -1.8101e+02
-1.7376e+02 -1.6031e+02 -9.6615e+01 -1.9005e+02
-1.7409e+02 -1.6327e+02 -1.1625e+02 -4.4391e+02
-1.7505e+02 -1.7224e+02 -1.5291e+02 -5.0330e+02
# New trial
-1.7444e+02 -1.6639e+02 -1.2543e+02 -2.6075e+02
-1.7437e+02 -1.6564e+02 -1.1545e+02 -2.1162e+02
-1.7428e+02 -1.6479e+02 -1.1389e+02 -3.8252e+02
-1.7492e+02 -1.7087e+02 -1.4334e+02 -5.1432e+02
# New trial
-1.7482e+02 -1.6988e+02 -1.3442e+02 -1.8089e+02
-1.7474e+02 -1.6912e+02 -1.2497e+02 -1.6080e+02
-1.7458e+02 -1.6749e+02 -1.0730e+02 -1.8221e+02
-1.7471e+02 -1.6877e+02 -1.1637e+02 -1.2336e+02
# New trial
-1.7380e+02 -1.6090e+02 -1.1416e+02 -3.0188e+02
-1.7370e+02 -1.6010e+02 -1.1488e+02 -3.3266e+02
-1.7418e+02 -1.6418e+02 -1.2974e+02 -5.9763e+02
-1.7511e+02 -1.7286e+02 -1.5582e+02 -4.7278e+02
# New trial
-1.7467e+02 -1.6853e+02 -1.2807e+02 -2.3013e+02
-1.7447e+02 -1.6664e+02 -1.1669e+02 -1.8561e+02
-1.7426e+02 -1.6447e+02 -1.0147e+02 -2.8852e+02
-1.7490e+02 -1.7071e+02 -1.3388e+02 -2.5888e+02
# New trial
-1.7460e+02 -1.6790e+02 -1.2777e+02 -2.3458e+02
-1.7458e+02 -1.6761e+02 -1.1841e+02 -1.7458e+02
-1.7454e+02 -1.6713e+02 -1.1004e+02 -2.6509e+02
-1.7497e+02 -1.7136e+02 -1.3870e+02 -2.0803e+02
# New trial
-1.7470e+02 -1.6881e+02 -1.3246e+02 -2.3347e+02
-1.7451e+02 -1.6694e+02 -1.1890e+02 -2.1683e+02
-1.7425e+02 -1.6441e+02 -1.0422e+02 -2.9601e+02
-1.7460e+02 -1.6768e+02 -1.2011e+02 -4.2292e+02
# New trial
-1.7461e+02 -1.6798e+02 -1.2363e+02 -1.4631e+02
-1.7441e+02 -1.6598e+02 -1.0918e+02 -1.1412e+02
-1.7412e+02 -1.6304e+02 -8.9305e+01 -1.7746e+02
-1.7457e+02 -1.6737e+02 -1.0978e+02 -3.0410e+02
# New trial
-1.7464e+02 -1.6826e+02 -1.2883e+02 -1.6822e+02
-1.7471e+02 -1.6889e+02 -1.2662e+02 -1.4722e+02
-1.7470e+02 -1.6873e+02 -1.2349e+02 -2.2805e+02
-1.7501e+02 -1.7176e+02 -1.4421e+02 -2.6583e+02
# New trial
-1.7448e+02 -1.6702e+02 -1.4072e+02 -4.5422e+02
-1.7444e+02 -1.6637e+02 -1.2179e+02 -3.2158e+02
-1.7439e+02 -1.6583e+02 -1.2303e+02 -5.0129e+02
-1.7495e+02 -1.7122e+02 -1.4730e+02 -5.6477e+02
# New trial
