# 0.1sig - Array shape (trial/sig/alpha): (30, 4, 4)
-1.1920e+02 -1.1284e+02 -1.0320e+02 -4.5603e+02
-1.1921e+02 -1.1280e+02 -8.3500e+01 -1.3628e+02
-1.1921e+02 -1.1260e+02 -8.7097e+01 -3.8348e+02
-1.1975e+02 -1.1759e+02 -1.0892e+02 -4.5929e+02
# New trial
-1.1949e+02 -1.1528e+02 -9.5972e+01 -2.8003e+02
-1.1944e+02 -1.1470e+02 -8.7281e+01 -1.5706e+02
-1.1930e+02 -1.1316e+02 -6.9087e+01 -1.0883e+02
-1.1949e+02 -1.1498e+02 -8.0651e+01 -8.7861e+01
# New trial
-1.1956e+02 -1.1593e+02 -1.1579e+02 -4.8067e+02
-1.1935e+02 -1.1379e+02 -8.1604e+01 -2.0863e+02
-1.1904e+02 -1.1060e+02 -6.5656e+01 -2.2792e+02
-1.1927e+02 -1.1279e+02 -8.0654e+01 -3.0596e+02
# New trial
-1.1950e+02 -1.1536e+02 -1.1700e+02 -6.6445e+02
-1.1936e+02 -1.1379e+02 -7.5895e+01 -2.0317e+02
-1.1910e+02 -1.1109e+02 -5.7837e+01 -1.1333e+02
-1.1927e+02 -1.1278e+02 -7.0069e+01 -5.6499e+01
# New trial
-1.1955e+02 -1.1591e+02 -1.0999e+02 -4.4876e+02
-1.1949e+02 -1.1515e+02 -8.5964e+01 -9.3041e+01
-1.1940e+02 -1.1419e+02 -7.5315e+01 -1.3700e+02
-1.1966e+02 -1.1668e+02 -9.1944e+01 -2.0265e+02
# New trial
-1.1969e+02 -1.1711e+02 -1.0670e+02 -2.8724e+02
-1.1960e+02 -1.1623e+02 -9.4788e+01 -1.3703e+02
-1.1952e+02 -1.1537e+02 -8.3312e+01 -1.3301e+02
-1.1977e+02 -1.1781e+02 -1.0002e+02 -1.7988e+02
# New trial
-1.1958e+02 -1.1604e+02 -9.5277e+01 -1.9832e+02
-1.1947e+02 -1.1492e+02 -8.4855e+01 -1.6961e+02
-1.1930e+02 -1.1319e+02 -7.2668e+01 -1.7895e+02
-1.1956e+02 -1.1568e+02 -8.9774e+01 -3.0881e+02
# New trial
-1.1940e+02 -1.1452e+02 -1.1469e+02 -5.9188e+02
-1.1940e+02 -1.1428e+02 -8.8044e+01 -1.7655e+02
-1.1940e+02 -1.1419e+02 -8.0451e+01 -2.1881e+02
-1.1978e+02 -1.1793e+02 -1.0243e+02 -1.9744e+02
# New trial
-1.1926e+02 -1.1327e+02 -8.8883e+01 -2.0160e+02
-1.1912e+02 -1.1191e+02 -7.8578e+01 -1.5598e+02
-1.1910e+02 -1.1154e+02 -8.0458e+01 -3.0254e+02
-1.1969e+02 -1.1705e+02 -1.0169e+02 -4.4175e+02
# New trial
-1.1947e+02 -1.1498e+02 -9.2192e+01 -2.2502e+02
-1.1937e+02 -1.1397e+02 -8.3707e+01 -2.0116e+02
-1.1924e+02 -1.1263e+02 -7.2815e+01 -1.9263e+02
-1.1955e+02 -1.1561e+02 -9.3688e+01 -3.9018e+02
# New trial
-1.1958e+02 -1.1609e+02 -9.5583e+01 -1.7600e+02
-1.1944e+02 -1.1468e+02 -8.4542e+01 -1.8141e+02
-1.1915e+02 -1.1166e+02 -6.3612e+01 -1.3256e+02
-1.1937e+02 -1.1383e+02 -7.3981e+01 -9.8563e+01
# New trial
-1.1938e+02 -1.1418e+02 -1.0198e+02 -4.4717e+02
-1.1931e+02 -1.1346e+02 -8.8178e+01 -2.0342e+02
-1.1930e+02 -1.1325e+02 -8.2058e+01 -2.8780e+02
-1.1974e+02 -1.1753e+02 -1.0631e+02 -5.0954e+02
# New trial
-1.1944e+02 -1.1488e+02 -1.0862e+02 -4.2410e+02
-1.1945e+02 -1.1480e+02 -8.8779e+01 -1.8907e+02
-1.1943e+02 -1.1452e+02 -8.9180e+01 -3.4497e+02
-1.1979e+02 -1.1796e+02 -1.1042e+02 -4.9435e+02
# New trial
-1.1969e+02 -1.1716e+02 -1.1084e+02 -3.6047e+02
-1.1956e+02 -1.1574e+02 -8.6694e+01 -1.2552e+02
-1.1936e+02 -1.1373e+02 -7.1374e+01 -1.4971e+02
-1.1945e+02 -1.1465e+02 -8.7786e+01 -2.2655e+02
# New trial
-1.1927e+02 -1.1363e+02 -1.0377e+02 -3.4511e+02
-1.1907e+02 -1.1139e+02 -7.7623e+01 -1.8698e+02
-1.1893e+02 -1.0980e+02 -6.7435e+01 -1.9735e+02
-1.1957e+02 -1.1585e+02 -9.0879e+01 -2.9279e+02
# New trial
-1.1936e+02 -1.1467e+02 -1.3656e+02 -7.4272e+02
-1.1917e+02 -1.1235e+02 -9.4741e+01 -3.3849e+02
-1.1895e+02 -1.1013e+02 -9.9166e+01 -5.6981e+02
-1.1947e+02 -1.1488e+02 -1.0272e+02 -5.0621e+02
# New trial
-1.1952e+02 -1.1561e+02 -1.0602e+02 -2.9532e+02
-1.1942e+02 -1.1452e+02 -8.8684e+01 -1.9667e+02
-1.1930e+02 -1.1322e+02 -7.7957e+01 -2.1301e+02
-1.1958e+02 -1.1591e+02 -9.3526e+01 -2.5791e+02
# New trial
-1.1963e+02 -1.1647e+02 -9.9213e+01 -3.3167e+02
-1.1951e+02 -1.1528e+02 -8.3351e+01 -1.6108e+02
-1.1930e+02 -1.1312e+02 -6.5024e+01 -1.3469e+02
-1.1943e+02 -1.1435e+02 -7.6289e+01 -2.2688e+02
# New trial
-1.1957e+02 -1.1588e+02 -9.0139e+01 -1.2242e+02
-1.1949e+02 -1.1506e+02 -8.3935e+01 -1.0241e+02
-1.1940e+02 -1.1417e+02 -7.5767e+01 -1.2730e+02
-1.1965e+02 -1.1659e+02 -9.4636e+01 -2.8033e+02
# New trial
-1.1958e+02 -1.1629e+02 -1.2649e+02 -6.3842e+02
-1.1941e+02 -1.1446e+02 -8.7608e+01 -1.7143e+02
-1.1915e+02 -1.1181e+02 -7.4034e+01 -2.3525e+02
-1.1949e+02 -1.1507e+02 -8.9990e+01 -3.7528e+02
# New trial
-1.1950e+02 -1.1543e+02 -1.1315e+02 -5.2837e+02
-1.1942e+02 -1.1454e+02 -9.0192e+01 -2.1787e+02
-1.1935e+02 -1.1373e+02 -8.0899e+01 -2.6042e+02
-1.1971e+02 -1.1722e+02 -9.7168e+01 -2.4461e+02
# New trial
-1.1961e+02 -1.1640e+02 -1.1465e+02 -4.9960e+02
-1.1948e+02 -1.1508e+02 -8.9237e+01 -1.9023e+02
-1.1938e+02 -1.1396e+02 -7.2456e+01 -1.2614e+02
-1.1971e+02 -1.1719e+02 -9.5480e+01 -2.4200e+02
# New trial
-1.1948e+02 -1.1503e+02 -8.7819e+01 -1.7756e+02
-1.1941e+02 -1.1423e+02 -7.6697e+01 -1.4261e+02
-1.1930e+02 -1.1314e+02 -6.6924e+01 -9.1473e+01
-1.1959e+02 -1.1597e+02 -8.5324e+01 -1.2113e+02
# New trial
-1.1951e+02 -1.1532e+02 -8.8537e+01 -1.6504e+02
-1.1946e+02 -1.1482e+02 -8.3078e+01 -1.5206e+02
-1.1942e+02 -1.1431e+02 -8.0917e+01 -2.4886e+02
-1.1969e+02 -1.1698e+02 -9.9394e+01 -3.6849e+02
# New trial
-1.1963e+02 -1.1652e+02 -1.0368e+02 -3.6181e+02
-1.1963e+02 -1.1643e+02 -9.4650e+01 -1.5058e+02
-1.1958e+02 -1.1594e+02 -8.7416e+01 -1.8453e+02
-1.1973e+02 -1.1738e+02 -9.7802e+01 -2.4800e+02
# New trial
-1.1950e+02 -1.1569e+02 -1.2158e+02 -5.1785e+02
-1.1933e+02 -1.1360e+02 -8.2246e+01 -1.9441e+02
-1.1923e+02 -1.1256e+02 -7.7943e+01 -2.5463e+02
-1.1957e+02 -1.1581e+02 -9.9932e+01 -4.3498e+02
# New trial
-1.1952e+02 -1.1542e+02 -9.7314e+01 -3.7694e+02
-1.1958e+02 -1.1593e+02 -9.1378e+01 -1.5533e+02
-1.1966e+02 -1.1672e+02 -9.3640e+01 -1.9714e+02
-1.1988e+02 -1.1887e+02 -1.0986e+02 -1.4873e+02
# New trial
-1.1949e+02 -1.1546e+02 -1.1050e+02 -4.0299e+02
-1.1935e+02 -1.1389e+02 -8.8418e+01 -2.6468e+02
-1.1918e+02 -1.1215e+02 -8.1282e+01 -2.7658e+02
-1.1958e+02 -1.1587e+02 -9.2125e+01 -3.3348e+02
# New trial
-1.1952e+02 -1.1544e+02 -1.0314e+02 -3.4902e+02
-1.1940e+02 -1.1425e+02 -8.8097e+01 -2.5051e+02
-1.1920e+02 -1.1218e+02 -7.2313e+01 -2.5706e+02
-1.1943e+02 -1.1448e+02 -9.0752e+01 -4.1479e+02
# New trial
-1.1954e+02 -1.1561e+02 -9.0820e+01 -1.8130e+02
-1.1957e+02 -1.1589e+02 -8.8795e+01 -1.2585e+02
-1.1967e+02 -1.1682e+02 -9.3263e+01 -1.8349e+02
-1.1988e+02 -1.1883e+02 -1.0902e+02 -1.5089e+02
# New trial
