# 0.1sig - Array shape (trial/sig/alpha): (30, 4, 4)
-1.2861e+02 -1.2334e+02 -1.0244e+02 -2.8645e+02
-1.2849e+02 -1.2223e+02 -8.7324e+01 -5.8310e+01
-1.2838e+02 -1.2114e+02 -8.6425e+01 -2.1094e+02
-1.2893e+02 -1.2643e+02 -1.1747e+02 -5.0018e+02
# New trial
-1.2882e+02 -1.2532e+02 -1.0226e+02 -1.0621e+02
-1.2869e+02 -1.2403e+02 -9.2104e+01 -5.8879e+01
-1.2848e+02 -1.2193e+02 -8.0086e+01 -1.1755e+02
-1.2865e+02 -1.2360e+02 -8.9706e+01 -1.8840e+02
# New trial
-1.2878e+02 -1.2490e+02 -9.8311e+01 -1.2465e+02
-1.2859e+02 -1.2297e+02 -7.9724e+01 -5.5701e+01
-1.2825e+02 -1.1957e+02 -6.8068e+01 -9.6994e+01
-1.2842e+02 -1.2128e+02 -8.0249e+01 -2.0167e+02
# New trial
-1.2872e+02 -1.2432e+02 -9.9767e+01 -2.2872e+02
-1.2863e+02 -1.2337e+02 -8.2056e+01 -5.7439e+01
-1.2837e+02 -1.2073e+02 -7.1494e+01 -8.3259e+01
-1.2848e+02 -1.2187e+02 -8.9177e+01 -2.8341e+02
# New trial
-1.2893e+02 -1.2643e+02 -1.1228e+02 -2.7238e+02
-1.2882e+02 -1.2522e+02 -9.6717e+01 -6.0885e+01
-1.2862e+02 -1.2331e+02 -8.3867e+01 -1.3028e+02
-1.2882e+02 -1.2524e+02 -9.6943e+01 -2.1125e+02
# New trial
-1.2898e+02 -1.2689e+02 -1.1102e+02 -1.5343e+02
-1.2887e+02 -1.2575e+02 -1.0057e+02 -6.1353e+01
-1.2871e+02 -1.2412e+02 -8.7828e+01 -1.0107e+02
-1.2894e+02 -1.2639e+02 -1.0511e+02 -2.2096e+02
# New trial
-1.2883e+02 -1.2534e+02 -9.6794e+01 -6.4220e+01
-1.2873e+02 -1.2432e+02 -8.8946e+01 -6.1261e+01
-1.2853e+02 -1.2234e+02 -7.5081e+01 -6.8166e+01
-1.2875e+02 -1.2453e+02 -8.9561e+01 -1.1448e+02
# New trial
-1.2870e+02 -1.2414e+02 -1.0311e+02 -2.5277e+02
-1.2864e+02 -1.2349e+02 -8.8442e+01 -5.9670e+01
-1.2859e+02 -1.2300e+02 -8.5559e+01 -1.9387e+02
-1.2896e+02 -1.2665e+02 -1.1027e+02 -3.7753e+02
# New trial
-1.2862e+02 -1.2343e+02 -9.2062e+01 -7.2065e+01
-1.2844e+02 -1.2178e+02 -8.2798e+01 -6.0663e+01
-1.2832e+02 -1.2055e+02 -8.6971e+01 -2.2372e+02
-1.2890e+02 -1.2608e+02 -1.1907e+02 -5.3077e+02
# New trial
-1.2877e+02 -1.2477e+02 -9.2347e+01 -5.5823e+01
-1.2864e+02 -1.2345e+02 -8.3477e+01 -5.5410e+01
-1.2839e+02 -1.2103e+02 -6.8272e+01 -5.7563e+01
-1.2868e+02 -1.2386e+02 -8.4587e+01 -6.2432e+01
# New trial
-1.2890e+02 -1.2603e+02 -1.0304e+02 -8.0090e+01
-1.2874e+02 -1.2442e+02 -8.9835e+01 -5.7495e+01
-1.2838e+02 -1.2087e+02 -6.8865e+01 -6.2677e+01
-1.2852e+02 -1.2222e+02 -8.1009e+01 -1.1890e+02
# New trial
-1.2874e+02 -1.2450e+02 -1.0096e+02 -2.1772e+02
-1.2861e+02 -1.2331e+02 -9.0969e+01 -5.8877e+01
-1.2847e+02 -1.2193e+02 -8.4792e+01 -1.9767e+02
-1.2889e+02 -1.2592e+02 -1.0192e+02 -1.8836e+02
# New trial
-1.2877e+02 -1.2482e+02 -1.0305e+02 -1.6815e+02
-1.2873e+02 -1.2438e+02 -9.3023e+01 -7.6525e+01
-1.2865e+02 -1.2360e+02 -9.4454e+01 -2.6621e+02
-1.2900e+02 -1.2705e+02 -1.1520e+02 -3.6001e+02
# New trial
-1.2896e+02 -1.2662e+02 -1.1124e+02 -1.7207e+02
-1.2883e+02 -1.2533e+02 -9.4746e+01 -5.7482e+01
-1.2860e+02 -1.2304e+02 -7.9710e+01 -8.8027e+01
-1.2859e+02 -1.2296e+02 -8.6111e+01 -2.2567e+02
# New trial
-1.2868e+02 -1.2421e+02 -1.0871e+02 -2.4486e+02
-1.2846e+02 -1.2192e+02 -8.3120e+01 -5.5608e+01
-1.2818e+02 -1.1909e+02 -7.1446e+01 -1.1586e+02
-1.2875e+02 -1.2452e+02 -9.2927e+01 -2.2125e+02
# New trial
-1.2867e+02 -1.2410e+02 -1.1852e+02 -4.0061e+02
-1.2846e+02 -1.2186e+02 -8.4263e+01 -5.8631e+01
-1.2812e+02 -1.1849e+02 -7.5036e+01 -1.6606e+02
-1.2857e+02 -1.2284e+02 -1.0555e+02 -4.2497e+02
# New trial
-1.2880e+02 -1.2511e+02 -9.8356e+01 -7.5437e+01
-1.2866e+02 -1.2369e+02 -8.7537e+01 -5.7857e+01
-1.2845e+02 -1.2167e+02 -7.8371e+01 -9.2700e+01
-1.2873e+02 -1.2431e+02 -9.9793e+01 -3.1458e+02
# New trial
-1.2890e+02 -1.2605e+02 -1.0319e+02 -8.4804e+01
-1.2877e+02 -1.2475e+02 -9.2700e+01 -5.9310e+01
-1.2851e+02 -1.2216e+02 -7.4877e+01 -7.1748e+01
-1.2856e+02 -1.2259e+02 -7.9305e+01 -1.0353e+02
# New trial
-1.2889e+02 -1.2596e+02 -1.0067e+02 -8.2211e+01
-1.2880e+02 -1.2502e+02 -9.3279e+01 -5.6388e+01
-1.2864e+02 -1.2346e+02 -8.2082e+01 -8.5387e+01
-1.2885e+02 -1.2552e+02 -9.7110e+01 -1.9364e+02
# New trial
-1.2889e+02 -1.2608e+02 -1.2137e+02 -3.8366e+02
-1.2870e+02 -1.2409e+02 -9.1264e+01 -5.6870e+01
-1.2836e+02 -1.2073e+02 -7.1579e+01 -7.6143e+01
-1.2867e+02 -1.2379e+02 -8.5425e+01 -1.3030e+02
# New trial
-1.2878e+02 -1.2499e+02 -1.0813e+02 -2.0401e+02
-1.2869e+02 -1.2400e+02 -9.0747e+01 -5.6869e+01
-1.2856e+02 -1.2274e+02 -8.3622e+01 -1.3653e+02
-1.2886e+02 -1.2568e+02 -9.9526e+01 -1.7436e+02
# New trial
-1.2881e+02 -1.2522e+02 -1.0244e+02 -2.2600e+02
-1.2872e+02 -1.2431e+02 -9.1980e+01 -5.6349e+01
-1.2860e+02 -1.2309e+02 -8.6155e+01 -1.5445e+02
-1.2888e+02 -1.2586e+02 -1.0046e+02 -1.7964e+02
# New trial
-1.2879e+02 -1.2498e+02 -9.3674e+01 -5.9690e+01
-1.2867e+02 -1.2377e+02 -8.4344e+01 -5.5410e+01
-1.2847e+02 -1.2179e+02 -7.0354e+01 -5.5382e+01
-1.2875e+02 -1.2448e+02 -8.8017e+01 -5.6530e+01
# New trial
-1.2883e+02 -1.2534e+02 -9.7794e+01 -7.6067e+01
-1.2873e+02 -1.2432e+02 -8.9976e+01 -6.2363e+01
-1.2860e+02 -1.2303e+02 -8.2659e+01 -1.4091e+02
-1.2886e+02 -1.2568e+02 -1.0492e+02 -3.5511e+02
# New trial
-1.2894e+02 -1.2646e+02 -1.0863e+02 -2.4984e+02
-1.2889e+02 -1.2595e+02 -1.0164e+02 -6.3977e+01
-1.2877e+02 -1.2474e+02 -8.9212e+01 -7.1384e+01
-1.2891e+02 -1.2611e+02 -1.0094e+02 -9.9341e+01
# New trial
-1.2876e+02 -1.2489e+02 -1.1333e+02 -2.9485e+02
-1.2860e+02 -1.2308e+02 -8.0260e+01 -5.5386e+01
-1.2837e+02 -1.2077e+02 -6.7892e+01 -5.9003e+01
-1.2864e+02 -1.2341e+02 -8.6981e+01 -1.8225e+02
# New trial
-1.2879e+02 -1.2497e+02 -9.3745e+01 -6.2075e+01
-1.2881e+02 -1.2518e+02 -9.5054e+01 -7.0992e+01
-1.2886e+02 -1.2558e+02 -9.8722e+01 -2.1148e+02
-1.2909e+02 -1.2790e+02 -1.1769e+02 -2.8246e+02
# New trial
-1.2873e+02 -1.2449e+02 -9.9395e+01 -1.5292e+02
-1.2859e+02 -1.2300e+02 -8.1954e+01 -5.8472e+01
-1.2831e+02 -1.2021e+02 -7.0819e+01 -8.2529e+01
-1.2866e+02 -1.2360e+02 -9.0655e+01 -2.4003e+02
# New trial
-1.2880e+02 -1.2508e+02 -9.6597e+01 -7.1804e+01
-1.2867e+02 -1.2377e+02 -8.4961e+01 -5.5500e+01
-1.2840e+02 -1.2111e+02 -7.2740e+01 -7.5491e+01
-1.2857e+02 -1.2280e+02 -8.4631e+01 -2.2548e+02
# New trial
-1.2890e+02 -1.2605e+02 -1.0313e+02 -1.1348e+02
-1.2888e+02 -1.2583e+02 -1.0017e+02 -8.4690e+01
-1.2889e+02 -1.2589e+02 -9.9827e+01 -1.1423e+02
-1.2907e+02 -1.2774e+02 -1.1537e+02 -1.1780e+02
# New trial
