# 0.01sig - Array shape (trial/sig/alpha): (30, 4, 4)
-1.5607e+02 -1.4898e+02 -1.2375e+02 -4.6156e+02
-1.5603e+02 -1.4846e+02 -1.1597e+02 -4.3637e+02
-1.5605e+02 -1.4850e+02 -1.0770e+02 -4.3695e+02
-1.5662e+02 -1.5405e+02 -1.3352e+02 -3.4689e+02
# New trial
-1.5592e+02 -1.4779e+02 -1.2684e+02 -5.4600e+02
-1.5593e+02 -1.4763e+02 -1.1095e+02 -3.3458e+02
-1.5601e+02 -1.4829e+02 -1.0607e+02 -3.1729e+02
-1.5659e+02 -1.5377e+02 -1.3071e+02 -3.3313e+02
# New trial
-1.5600e+02 -1.4861e+02 -1.2541e+02 -5.0895e+02
-1.5588e+02 -1.4724e+02 -1.0582e+02 -3.6996e+02
-1.5565e+02 -1.4454e+02 -9.0571e+01 -5.0629e+02
-1.5628e+02 -1.5060e+02 -1.1325e+02 -5.0302e+02
# New trial
-1.5582e+02 -1.4703e+02 -1.2627e+02 -5.7183e+02
-1.5571e+02 -1.4592e+02 -1.1334e+02 -4.9572e+02
-1.5586e+02 -1.4710e+02 -1.1720e+02 -6.3862e+02
-1.5663e+02 -1.5421e+02 -1.4627e+02 -7.8527e+02
# New trial
-1.5630e+02 -1.5117e+02 -1.2852e+02 -4.1586e+02
-1.5609e+02 -1.4900e+02 -1.0842e+02 -3.4030e+02
-1.5584e+02 -1.4642e+02 -9.3569e+01 -3.4929e+02
-1.5623e+02 -1.5022e+02 -1.1882e+02 -4.3135e+02
# New trial
-1.5605e+02 -1.4912e+02 -1.3028e+02 -4.9991e+02
-1.5595e+02 -1.4778e+02 -1.0613e+02 -2.9329e+02
-1.5580e+02 -1.4609e+02 -9.8495e+01 -4.0608e+02
-1.5635e+02 -1.5131e+02 -1.1461e+02 -4.2522e+02
# New trial
-1.5599e+02 -1.4831e+02 -1.2127e+02 -4.0363e+02
-1.5595e+02 -1.4778e+02 -1.1162e+02 -3.1666e+02
-1.5610e+02 -1.4906e+02 -1.0845e+02 -3.7513e+02
-1.5666e+02 -1.5441e+02 -1.3532e+02 -3.2356e+02
# New trial
-1.5588e+02 -1.4743e+02 -1.1594e+02 -3.9316e+02
-1.5592e+02 -1.4748e+02 -1.0799e+02 -3.2268e+02
-1.5589e+02 -1.4703e+02 -1.0925e+02 -4.5004e+02
-1.5642e+02 -1.5216e+02 -1.3596e+02 -6.1838e+02
# New trial
-1.5596e+02 -1.4828e+02 -1.2738e+02 -5.8641e+02
-1.5584e+02 -1.4678e+02 -1.0429e+02 -4.1970e+02
-1.5557e+02 -1.4379e+02 -9.0224e+01 -4.8292e+02
-1.5626e+02 -1.5048e+02 -1.1008e+02 -4.2411e+02
# New trial
-1.5598e+02 -1.4818e+02 -1.2792e+02 -5.3100e+02
-1.5596e+02 -1.4784e+02 -1.1533e+02 -4.4904e+02
-1.5607e+02 -1.4877e+02 -1.2484e+02 -6.8546e+02
-1.5668e+02 -1.5463e+02 -1.4399e+02 -5.7664e+02
# New trial
-1.5567e+02 -1.4542e+02 -1.0965e+02 -3.5120e+02
-1.5570e+02 -1.4572e+02 -1.1309e+02 -4.1539e+02
-1.5598e+02 -1.4829e+02 -1.4445e+02 -9.0257e+02
-1.5676e+02 -1.5539e+02 -1.4997e+02 -5.3794e+02
# New trial
-1.5633e+02 -1.5112e+02 -1.0924e+02 -1.2152e+02
-1.5637e+02 -1.5150e+02 -1.1013e+02 -1.0014e+02
-1.5640e+02 -1.5179e+02 -1.1137e+02 -1.5881e+02
-1.5664e+02 -1.5423e+02 -1.3181e+02 -1.4765e+02
# New trial
-1.5605e+02 -1.4873e+02 -1.2105e+02 -4.6634e+02
-1.5595e+02 -1.4757e+02 -1.0199e+02 -3.4736e+02
-1.5564e+02 -1.4446e+02 -8.2648e+01 -3.7596e+02
-1.5615e+02 -1.4932e+02 -9.8722e+01 -2.9179e+02
# New trial
-1.5635e+02 -1.5143e+02 -1.1612e+02 -2.0017e+02
-1.5625e+02 -1.5041e+02 -1.0639e+02 -1.4391e+02
-1.5611e+02 -1.4897e+02 -9.7604e+01 -1.6885e+02
-1.5634e+02 -1.5117e+02 -1.0666e+02 -1.6928e+02
# New trial
-1.5622e+02 -1.5018e+02 -1.1371e+02 -3.0131e+02
-1.5624e+02 -1.5029e+02 -1.0646e+02 -2.3903e+02
-1.5618e+02 -1.4962e+02 -9.7506e+01 -2.7061e+02
-1.5644e+02 -1.5221e+02 -1.1504e+02 -1.7225e+02
# New trial
-1.5583e+02 -1.4677e+02 -1.1228e+02 -3.8504e+02
-1.5575e+02 -1.4595e+02 -1.0435e+02 -3.2662e+02
-1.5585e+02 -1.4679e+02 -1.1124e+02 -5.3890e+02
-1.5657e+02 -1.5368e+02 -1.3545e+02 -4.6644e+02
# New trial
-1.5578e+02 -1.4619e+02 -9.6160e+01 -2.5710e+02
-1.5574e+02 -1.4577e+02 -9.4044e+01 -2.4923e+02
-1.5586e+02 -1.4681e+02 -9.3304e+01 -3.1587e+02
-1.5650e+02 -1.5296e+02 -1.2463e+02 -3.1856e+02
# New trial
-1.5611e+02 -1.5035e+02 -1.6505e+02 -8.5601e+02
-1.5602e+02 -1.4900e+02 -1.3658e+02 -6.3689e+02
-1.5600e+02 -1.4841e+02 -1.3104e+02 -7.6671e+02
-1.5663e+02 -1.5416e+02 -1.4604e+02 -7.1563e+02
# New trial
-1.5634e+02 -1.5141e+02 -1.2386e+02 -3.3651e+02
-1.5627e+02 -1.5062e+02 -1.1111e+02 -2.2066e+02
-1.5618e+02 -1.4968e+02 -1.0593e+02 -3.2238e+02
-1.5653e+02 -1.5314e+02 -1.2827e+02 -4.3795e+02
# New trial
-1.5612e+02 -1.4919e+02 -1.0620e+02 -3.0497e+02
-1.5611e+02 -1.4909e+02 -1.0334e+02 -2.4929e+02
-1.5611e+02 -1.4907e+02 -1.0513e+02 -3.2918e+02
-1.5655e+02 -1.5337e+02 -1.3414e+02 -4.3052e+02
# New trial
-1.5555e+02 -1.4418e+02 -9.5480e+01 -2.7775e+02
-1.5548e+02 -1.4365e+02 -9.5609e+01 -2.0910e+02
-1.5590e+02 -1.4744e+02 -1.1861e+02 -4.4187e+02
-1.5673e+02 -1.5515e+02 -1.4463e+02 -4.6538e+02
# New trial
-1.5607e+02 -1.4913e+02 -1.3365e+02 -5.6130e+02
-1.5607e+02 -1.4894e+02 -1.1552e+02 -3.3608e+02
-1.5607e+02 -1.4875e+02 -1.0811e+02 -4.4045e+02
-1.5657e+02 -1.5353e+02 -1.2999e+02 -4.1683e+02
# New trial
-1.5642e+02 -1.5218e+02 -1.3527e+02 -4.1819e+02
-1.5637e+02 -1.5159e+02 -1.1936e+02 -2.6298e+02
-1.5625e+02 -1.5039e+02 -1.0598e+02 -2.8691e+02
-1.5639e+02 -1.5174e+02 -1.1284e+02 -2.9042e+02
# New trial
-1.5543e+02 -1.4388e+02 -1.2414e+02 -5.5631e+02
-1.5544e+02 -1.4390e+02 -1.1816e+02 -4.4908e+02
-1.5594e+02 -1.4824e+02 -1.3840e+02 -7.2824e+02
-1.5675e+02 -1.5539e+02 -1.5136e+02 -5.8682e+02
# New trial
-1.5621e+02 -1.5010e+02 -1.1318e+02 -2.6607e+02
-1.5609e+02 -1.4895e+02 -1.0612e+02 -2.1068e+02
-1.5593e+02 -1.4742e+02 -9.4808e+01 -2.7483e+02
-1.5651e+02 -1.5295e+02 -1.2450e+02 -3.9861e+02
# New trial
-1.5616e+02 -1.4977e+02 -1.2508e+02 -4.6045e+02
-1.5617e+02 -1.4977e+02 -1.1151e+02 -2.7106e+02
-1.5618e+02 -1.4975e+02 -1.0662e+02 -3.4603e+02
-1.5657e+02 -1.5353e+02 -1.2859e+02 -3.2201e+02
# New trial
-1.5629e+02 -1.5101e+02 -1.3001e+02 -4.1087e+02
-1.5615e+02 -1.4959e+02 -1.1310e+02 -3.2979e+02
-1.5597e+02 -1.4774e+02 -9.8966e+01 -4.0209e+02
-1.5631e+02 -1.5100e+02 -1.2742e+02 -6.1685e+02
# New trial
-1.5619e+02 -1.5001e+02 -1.2081e+02 -3.7248e+02
-1.5601e+02 -1.4816e+02 -1.0066e+02 -2.2723e+02
-1.5575e+02 -1.4560e+02 -8.9487e+01 -2.9545e+02
-1.5626e+02 -1.5048e+02 -1.1855e+02 -5.3294e+02
# New trial
-1.5632e+02 -1.5149e+02 -1.4147e+02 -5.4248e+02
-1.5635e+02 -1.5143e+02 -1.2041e+02 -2.8072e+02
-1.5633e+02 -1.5121e+02 -1.1335e+02 -3.1558e+02
-1.5660e+02 -1.5385e+02 -1.3305e+02 -4.8473e+02
# New trial
-1.5609e+02 -1.4939e+02 -1.4995e+02 -8.0383e+02
-1.5606e+02 -1.4875e+02 -1.1460e+02 -4.6434e+02
-1.5610e+02 -1.4901e+02 -1.1198e+02 -4.5821e+02
-1.5664e+02 -1.5419e+02 -1.3433e+02 -2.9948e+02
# New trial
