# 0.01sig - Array shape (trial/sig/alpha): (30L, 4L, 4L)
-7.3468e+01 -7.0269e+01 -5.3798e+01 -4.6284e+01
-7.3509e+01 -7.0669e+01 -5.6818e+01 -6.2124e+01
-7.3642e+01 -7.1917e+01 -6.3333e+01 -1.3262e+02
-7.3810e+01 -7.3538e+01 -7.1702e+01 -1.3574e+02
# New trial
-7.3440e+01 -6.9956e+01 -5.2684e+01 -4.6725e+01
-7.3487e+01 -7.0449e+01 -5.7309e+01 -8.2265e+01
-7.3680e+01 -7.2313e+01 -6.5904e+01 -1.4570e+02
-7.3828e+01 -7.3724e+01 -7.4142e+01 -1.9367e+02
# New trial
-7.3514e+01 -7.0706e+01 -5.6091e+01 -4.6798e+01
-7.3521e+01 -7.0784e+01 -5.8076e+01 -7.9983e+01
-7.3609e+01 -7.1590e+01 -6.5709e+01 -1.9619e+02
-7.3807e+01 -7.3509e+01 -7.3061e+01 -2.3540e+02
# New trial
-7.3480e+01 -7.0492e+01 -5.7351e+01 -4.8262e+01
-7.3475e+01 -7.0464e+01 -5.6748e+01 -5.8822e+01
-7.3658e+01 -7.2118e+01 -6.6242e+01 -1.5356e+02
-7.3827e+01 -7.3699e+01 -7.3601e+01 -1.8521e+02
# New trial
-7.3568e+01 -7.1205e+01 -5.6865e+01 -4.6602e+01
-7.3539e+01 -7.0913e+01 -5.5250e+01 -4.9836e+01
-7.3627e+01 -7.1740e+01 -5.9298e+01 -8.5449e+01
-7.3805e+01 -7.3476e+01 -7.0680e+01 -9.3730e+01
# New trial
-7.3485e+01 -7.0435e+01 -5.5823e+01 -4.8106e+01
-7.3576e+01 -7.1331e+01 -6.1798e+01 -9.7973e+01
-7.3743e+01 -7.2915e+01 -7.1872e+01 -2.2210e+02
-7.3836e+01 -7.3791e+01 -7.3907e+01 -1.3850e+02
# New trial
-7.3514e+01 -7.0724e+01 -5.7332e+01 -4.6776e+01
-7.3555e+01 -7.1173e+01 -6.2931e+01 -9.1082e+01
-7.3737e+01 -7.2855e+01 -6.9964e+01 -1.7131e+02
-7.3837e+01 -7.3796e+01 -7.3586e+01 -9.2757e+01
# New trial
-7.3480e+01 -7.0417e+01 -5.5886e+01 -4.6738e+01
-7.3503e+01 -7.0591e+01 -5.5663e+01 -4.8163e+01
-7.3678e+01 -7.2238e+01 -6.2571e+01 -1.0904e+02
-7.3829e+01 -7.3718e+01 -7.2909e+01 -1.0042e+02
# New trial
-7.3484e+01 -7.0442e+01 -5.5546e+01 -4.6729e+01
-7.3487e+01 -7.0482e+01 -5.8115e+01 -8.5369e+01
-7.3616e+01 -7.1676e+01 -6.6577e+01 -1.7379e+02
-7.3822e+01 -7.3650e+01 -7.2792e+01 -1.3113e+02
# New trial
-7.3455e+01 -7.0166e+01 -5.4545e+01 -4.7294e+01
-7.3578e+01 -7.1342e+01 -6.0603e+01 -8.9850e+01
-7.3747e+01 -7.2943e+01 -6.8934e+01 -1.5865e+02
-7.3835e+01 -7.3781e+01 -7.3510e+01 -9.9110e+01
# New trial
-7.3427e+01 -7.0044e+01 -5.6795e+01 -4.7106e+01
-7.3482e+01 -7.0588e+01 -6.1608e+01 -1.2059e+02
-7.3673e+01 -7.2300e+01 -7.3182e+01 -2.5181e+02
-7.3836e+01 -7.3793e+01 -7.4556e+01 -1.9840e+02
# New trial
-7.3619e+01 -7.1661e+01 -5.8218e+01 -4.8072e+01
-7.3703e+01 -7.2484e+01 -6.3787e+01 -8.0008e+01
-7.3799e+01 -7.3424e+01 -7.0849e+01 -1.3297e+02
-7.3839e+01 -7.3815e+01 -7.3647e+01 -9.4431e+01
# New trial
-7.3517e+01 -7.0717e+01 -5.6717e+01 -4.7692e+01
-7.3529e+01 -7.0855e+01 -5.9646e+01 -8.7802e+01
-7.3607e+01 -7.1597e+01 -6.7110e+01 -1.6404e+02
-7.3820e+01 -7.3632e+01 -7.2786e+01 -1.6917e+02
# New trial
-7.3641e+01 -7.1882e+01 -5.9359e+01 -4.6807e+01
-7.3623e+01 -7.1696e+01 -5.7615e+01 -4.9406e+01
-7.3667e+01 -7.2119e+01 -5.9950e+01 -7.5904e+01
-7.3804e+01 -7.3465e+01 -7.0423e+01 -1.0946e+02
# New trial
-7.3611e+01 -7.1563e+01 -5.6791e+01 -5.2649e+01
-7.3682e+01 -7.2270e+01 -6.1742e+01 -6.9011e+01
-7.3785e+01 -7.3288e+01 -6.9381e+01 -9.0838e+01
-7.3837e+01 -7.3792e+01 -7.3450e+01 -7.4467e+01
# New trial
-7.3430e+01 -7.0012e+01 -5.5348e+01 -4.7621e+01
-7.3495e+01 -7.0665e+01 -6.0716e+01 -1.0139e+02
-7.3708e+01 -7.2608e+01 -6.8618e+01 -1.7422e+02
-7.3836e+01 -7.3785e+01 -7.3672e+01 -1.2904e+02
# New trial
-7.3542e+01 -7.0936e+01 -5.4846e+01 -4.6650e+01
-7.3588e+01 -7.1429e+01 -6.0727e+01 -9.0852e+01
-7.3728e+01 -7.2780e+01 -6.9479e+01 -1.8306e+02
-7.3832e+01 -7.3749e+01 -7.3416e+01 -1.1808e+02
# New trial
-7.3491e+01 -7.0704e+01 -5.9054e+01 -4.8670e+01
-7.3596e+01 -7.1696e+01 -6.7420e+01 -1.3782e+02
-7.3787e+01 -7.3436e+01 -8.0912e+01 -3.0401e+02
-7.3843e+01 -7.3872e+01 -7.5953e+01 -2.2633e+02
# New trial
-7.3625e+01 -7.1702e+01 -5.7055e+01 -4.6654e+01
-7.3657e+01 -7.2013e+01 -5.8767e+01 -5.0748e+01
-7.3712e+01 -7.2554e+01 -6.2876e+01 -7.8338e+01
-7.3807e+01 -7.3497e+01 -7.0583e+01 -8.4875e+01
# New trial
-7.3558e+01 -7.1089e+01 -5.5882e+01 -4.7140e+01
-7.3633e+01 -7.1824e+01 -6.1102e+01 -7.4753e+01
-7.3737e+01 -7.2816e+01 -6.6809e+01 -1.2599e+02
-7.3833e+01 -7.3749e+01 -7.3114e+01 -1.0001e+02
# New trial
-7.3397e+01 -6.9701e+01 -5.3086e+01 -4.6175e+01
-7.3490e+01 -7.0668e+01 -6.0399e+01 -7.5621e+01
-7.3723e+01 -7.2791e+01 -7.1165e+01 -1.6234e+02
-7.3837e+01 -7.3804e+01 -7.4222e+01 -1.5217e+02
# New trial
-7.3469e+01 -7.0247e+01 -5.4958e+01 -4.8658e+01
-7.3568e+01 -7.1220e+01 -5.9926e+01 -7.6214e+01
-7.3740e+01 -7.2903e+01 -7.1129e+01 -1.9621e+02
-7.3835e+01 -7.3785e+01 -7.3948e+01 -1.6617e+02
# New trial
-7.3623e+01 -7.1706e+01 -5.9340e+01 -5.2651e+01
-7.3652e+01 -7.2003e+01 -6.1779e+01 -8.2571e+01
-7.3731e+01 -7.2758e+01 -6.5994e+01 -1.0784e+02
-7.3822e+01 -7.3640e+01 -7.1954e+01 -8.3631e+01
# New trial
-7.3378e+01 -6.9627e+01 -5.5183e+01 -4.6695e+01
-7.3457e+01 -7.0410e+01 -6.0786e+01 -8.5350e+01
-7.3716e+01 -7.2742e+01 -7.3182e+01 -2.2674e+02
-7.3838e+01 -7.3818e+01 -7.4806e+01 -1.7154e+02
# New trial
-7.3565e+01 -7.1178e+01 -5.8093e+01 -4.7624e+01
-7.3576e+01 -7.1341e+01 -6.1251e+01 -7.3702e+01
-7.3690e+01 -7.2418e+01 -6.8969e+01 -1.8924e+02
-7.3832e+01 -7.3747e+01 -7.3699e+01 -1.5804e+02
# New trial
-7.3499e+01 -7.0535e+01 -5.4250e+01 -4.6943e+01
-7.3594e+01 -7.1474e+01 -6.1549e+01 -8.6709e+01
-7.3759e+01 -7.3052e+01 -6.9856e+01 -1.3722e+02
-7.3836e+01 -7.3791e+01 -7.3961e+01 -1.6847e+02
# New trial
-7.3592e+01 -7.1416e+01 -5.8125e+01 -4.7964e+01
-7.3595e+01 -7.1457e+01 -5.9300e+01 -6.0683e+01
-7.3683e+01 -7.2303e+01 -6.5538e+01 -1.3338e+02
-7.3806e+01 -7.3487e+01 -7.1554e+01 -1.7777e+02
# New trial
-7.3609e+01 -7.1584e+01 -5.8252e+01 -4.6623e+01
-7.3562e+01 -7.1155e+01 -5.7172e+01 -4.7483e+01
-7.3606e+01 -7.1566e+01 -5.9887e+01 -8.5922e+01
-7.3794e+01 -7.3371e+01 -6.9820e+01 -1.0137e+02
# New trial
-7.3533e+01 -7.0831e+01 -5.4847e+01 -4.6320e+01
-7.3624e+01 -7.1715e+01 -5.9437e+01 -5.4361e+01
-7.3736e+01 -7.2800e+01 -6.5523e+01 -8.8306e+01
-7.3827e+01 -7.3696e+01 -7.2448e+01 -6.7010e+01
# New trial
-7.3424e+01 -6.9904e+01 -5.5519e+01 -4.7366e+01
-7.3523e+01 -7.0827e+01 -6.0047e+01 -7.7198e+01
-7.3712e+01 -7.2608e+01 -6.8496e+01 -1.5864e+02
-7.3833e+01 -7.3759e+01 -7.3655e+01 -1.5502e+02
# New trial
