# 0.1sig - Array shape (trial/sig/alpha): (30, 4, 4)
-1.7909e+02 -1.7138e+02 -1.2581e+02 -1.8827e+02
-1.7890e+02 -1.6953e+02 -1.1328e+02 -5.5516e+01
-1.7856e+02 -1.6629e+02 -1.0673e+02 -3.1294e+02
-1.7929e+02 -1.7321e+02 -1.3573e+02 -5.4086e+02
# New trial
-1.7934e+02 -1.7364e+02 -1.2983e+02 -7.9333e+01
-1.7916e+02 -1.7193e+02 -1.1817e+02 -5.6446e+01
-1.7881e+02 -1.6839e+02 -9.2361e+01 -1.2577e+02
-1.7900e+02 -1.7019e+02 -1.1573e+02 -4.5447e+02
# New trial
-1.7936e+02 -1.7385e+02 -1.4091e+02 -2.0986e+02
-1.7904e+02 -1.7061e+02 -1.0310e+02 -5.0798e+01
-1.7840e+02 -1.6422e+02 -6.5182e+01 -5.0766e+01
-1.7840e+02 -1.6417e+02 -7.5231e+01 -5.0851e+01
# New trial
-1.7923e+02 -1.7251e+02 -1.2401e+02 -2.4877e+02
-1.7908e+02 -1.7100e+02 -1.0640e+02 -5.9412e+01
-1.7864e+02 -1.6666e+02 -9.0413e+01 -1.9218e+02
-1.7871e+02 -1.6736e+02 -1.1711e+02 -5.7235e+02
# New trial
-1.7955e+02 -1.7573e+02 -1.5737e+02 -4.2181e+02
-1.7934e+02 -1.7359e+02 -1.2710e+02 -9.0857e+01
-1.7898e+02 -1.7002e+02 -1.0693e+02 -2.5940e+02
-1.7921e+02 -1.7223e+02 -1.2539e+02 -5.2713e+02
# New trial
-1.7958e+02 -1.7596e+02 -1.4726e+02 -1.6883e+02
-1.7942e+02 -1.7438e+02 -1.3255e+02 -6.9730e+01
-1.7915e+02 -1.7168e+02 -1.1193e+02 -1.2518e+02
-1.7942e+02 -1.7430e+02 -1.3352e+02 -3.9378e+02
# New trial
-1.7944e+02 -1.7456e+02 -1.3532e+02 -7.2712e+01
-1.7928e+02 -1.7295e+02 -1.2140e+02 -5.5783e+01
-1.7891e+02 -1.6930e+02 -9.2903e+01 -6.4807e+01
-1.7907e+02 -1.7084e+02 -1.0340e+02 -1.4115e+02
# New trial
-1.7922e+02 -1.7255e+02 -1.3705e+02 -2.7859e+02
-1.7912e+02 -1.7146e+02 -1.1795e+02 -6.6089e+01
-1.7895e+02 -1.6978e+02 -1.2203e+02 -3.8501e+02
-1.7944e+02 -1.7458e+02 -1.5401e+02 -7.5825e+02
# New trial
-1.7901e+02 -1.7052e+02 -1.1463e+02 -5.7005e+01
-1.7872e+02 -1.6785e+02 -1.0114e+02 -5.2147e+01
-1.7844e+02 -1.6497e+02 -9.3680e+01 -1.7959e+02
-1.7922e+02 -1.7245e+02 -1.2593e+02 -4.7209e+02
# New trial
-1.7932e+02 -1.7335e+02 -1.2743e+02 -6.8015e+01
-1.7912e+02 -1.7143e+02 -1.1531e+02 -6.1626e+01
-1.7873e+02 -1.6762e+02 -9.5543e+01 -1.6782e+02
-1.7899e+02 -1.7006e+02 -1.2138e+02 -5.2216e+02
# New trial
-1.7945e+02 -1.7460e+02 -1.3323e+02 -8.2136e+01
-1.7919e+02 -1.7210e+02 -1.1431e+02 -5.2519e+01
-1.7859e+02 -1.6619e+02 -8.0768e+01 -8.4430e+01
-1.7867e+02 -1.6688e+02 -8.2370e+01 -5.8536e+01
# New trial
-1.7921e+02 -1.7235e+02 -1.2341e+02 -7.8188e+01
-1.7901e+02 -1.7048e+02 -1.1389e+02 -7.8259e+01
-1.7872e+02 -1.6764e+02 -1.0434e+02 -3.0189e+02
-1.7925e+02 -1.7273e+02 -1.2764e+02 -4.3213e+02
# New trial
-1.7931e+02 -1.7337e+02 -1.3772e+02 -2.3978e+02
-1.7920e+02 -1.7225e+02 -1.1741e+02 -6.7798e+01
-1.7894e+02 -1.6958e+02 -1.0158e+02 -1.9282e+02
-1.7936e+02 -1.7373e+02 -1.2836e+02 -2.9763e+02
# New trial
-1.7958e+02 -1.7599e+02 -1.5293e+02 -2.0739e+02
-1.7938e+02 -1.7390e+02 -1.2533e+02 -5.3077e+01
-1.7899e+02 -1.7007e+02 -9.7993e+01 -1.0747e+02
-1.7889e+02 -1.6907e+02 -1.0884e+02 -4.0404e+02
# New trial
-1.7918e+02 -1.7235e+02 -1.3894e+02 -2.8700e+02
-1.7883e+02 -1.6882e+02 -1.0497e+02 -5.5009e+01
-1.7835e+02 -1.6407e+02 -9.2129e+01 -2.2732e+02
-1.7903e+02 -1.7055e+02 -1.2868e+02 -5.9479e+02
# New trial
-1.7908e+02 -1.7156e+02 -1.5943e+02 -6.3530e+02
-1.7876e+02 -1.6817e+02 -1.0300e+02 -5.9421e+01
-1.7822e+02 -1.6298e+02 -1.2426e+02 -5.1835e+02
-1.7880e+02 -1.6839e+02 -1.4543e+02 -8.0291e+02
# New trial
-1.7935e+02 -1.7375e+02 -1.3028e+02 -7.8963e+01
-1.7913e+02 -1.7158e+02 -1.1333e+02 -5.6522e+01
-1.7875e+02 -1.6775e+02 -9.8089e+01 -1.9018e+02
-1.7897e+02 -1.6988e+02 -1.1393e+02 -3.2820e+02
# New trial
-1.7952e+02 -1.7537e+02 -1.4363e+02 -2.4750e+02
-1.7932e+02 -1.7335e+02 -1.2388e+02 -5.9121e+01
-1.7888e+02 -1.6895e+02 -9.3087e+01 -1.1027e+02
-1.7880e+02 -1.6821e+02 -1.0130e+02 -2.8716e+02
# New trial
-1.7947e+02 -1.7484e+02 -1.3426e+02 -8.8292e+01
-1.7931e+02 -1.7322e+02 -1.2069e+02 -5.2688e+01
-1.7899e+02 -1.7004e+02 -9.4273e+01 -5.2063e+01
-1.7918e+02 -1.7195e+02 -1.0803e+02 -7.2531e+01
# New trial
-1.7947e+02 -1.7507e+02 -1.6068e+02 -5.1075e+02
-1.7921e+02 -1.7236e+02 -1.2182e+02 -5.3723e+01
-1.7861e+02 -1.6644e+02 -8.6529e+01 -1.2351e+02
-1.7886e+02 -1.6891e+02 -1.0609e+02 -3.2838e+02
# New trial
-1.7935e+02 -1.7382e+02 -1.4516e+02 -2.3836e+02
-1.7917e+02 -1.7203e+02 -1.2105e+02 -5.6323e+01
-1.7888e+02 -1.6908e+02 -9.7460e+01 -1.2487e+02
-1.7925e+02 -1.7261e+02 -1.1470e+02 -1.2892e+02
# New trial
-1.7940e+02 -1.7421e+02 -1.4551e+02 -4.9035e+02
-1.7922e+02 -1.7243e+02 -1.2098e+02 -5.9231e+01
-1.7891e+02 -1.6943e+02 -1.0460e+02 -2.2290e+02
-1.7925e+02 -1.7261e+02 -1.1895e+02 -2.8901e+02
# New trial
-1.7938e+02 -1.7397e+02 -1.2937e+02 -6.2501e+01
-1.7921e+02 -1.7231e+02 -1.1656e+02 -6.0794e+01
-1.7883e+02 -1.6854e+02 -9.2135e+01 -1.4782e+02
-1.7904e+02 -1.7056e+02 -1.0103e+02 -1.5895e+02
# New trial
-1.7939e+02 -1.7406e+02 -1.2904e+02 -6.6261e+01
-1.7926e+02 -1.7273e+02 -1.1849e+02 -5.2736e+01
-1.7903e+02 -1.7053e+02 -1.0538e+02 -1.6220e+02
-1.7932e+02 -1.7329e+02 -1.2233e+02 -2.3590e+02
# New trial
-1.7952e+02 -1.7540e+02 -1.4412e+02 -3.4610e+02
-1.7944e+02 -1.7459e+02 -1.3307e+02 -5.8215e+01
-1.7924e+02 -1.7258e+02 -1.1370e+02 -8.8316e+01
-1.7945e+02 -1.7458e+02 -1.3356e+02 -4.1224e+02
# New trial
-1.7930e+02 -1.7346e+02 -1.5239e+02 -4.1481e+02
-1.7904e+02 -1.7055e+02 -1.0204e+02 -5.1593e+01
-1.7865e+02 -1.6670e+02 -8.5411e+01 -1.5783e+02
-1.7887e+02 -1.6886e+02 -9.7423e+01 -1.9699e+02
# New trial
-1.7939e+02 -1.7409e+02 -1.3216e+02 -9.3700e+01
-1.7940e+02 -1.7413e+02 -1.2996e+02 -6.0220e+01
-1.7936e+02 -1.7371e+02 -1.2477e+02 -1.5089e+02
-1.7964e+02 -1.7652e+02 -1.4832e+02 -2.8763e+02
# New trial
-1.7929e+02 -1.7319e+02 -1.3677e+02 -2.4464e+02
-1.7903e+02 -1.7062e+02 -1.0995e+02 -5.7782e+01
-1.7848e+02 -1.6525e+02 -9.1777e+01 -1.8805e+02
-1.7878e+02 -1.6798e+02 -1.0813e+02 -3.2585e+02
# New trial
-1.7936e+02 -1.7380e+02 -1.3197e+02 -1.0587e+02
-1.7916e+02 -1.7180e+02 -1.1384e+02 -5.2473e+01
-1.7868e+02 -1.6702e+02 -8.0111e+01 -6.4532e+01
-1.7874e+02 -1.6755e+02 -8.4720e+01 -6.7359e+01
# New trial
-1.7948e+02 -1.7496e+02 -1.3819e+02 -1.0992e+02
-1.7943e+02 -1.7444e+02 -1.3262e+02 -8.4802e+01
-1.7937e+02 -1.7391e+02 -1.2836e+02 -1.4946e+02
-1.7962e+02 -1.7634e+02 -1.4706e+02 -2.1326e+02
# New trial
