# 0.1sig - Array shape (trial/sig/alpha): (30, 4, 4)
-1.3830e+02 -1.3695e+02 -1.2745e+02 -1.3029e+02
-1.3827e+02 -1.3663e+02 -1.2607e+02 -1.1623e+02
-1.3820e+02 -1.3604e+02 -1.2609e+02 -1.8735e+02
-1.3833e+02 -1.3722e+02 -1.3044e+02 -2.1766e+02
# New trial
-1.3837e+02 -1.3760e+02 -1.3119e+02 -1.2164e+02
-1.3833e+02 -1.3728e+02 -1.2880e+02 -1.1680e+02
-1.3826e+02 -1.3650e+02 -1.2257e+02 -1.1541e+02
-1.3826e+02 -1.3652e+02 -1.2312e+02 -1.1609e+02
# New trial
-1.3835e+02 -1.3746e+02 -1.3031e+02 -1.2967e+02
-1.3830e+02 -1.3692e+02 -1.2507e+02 -1.1545e+02
-1.3818e+02 -1.3577e+02 -1.1843e+02 -1.1538e+02
-1.3817e+02 -1.3567e+02 -1.1881e+02 -1.1538e+02
# New trial
-1.3834e+02 -1.3728e+02 -1.2901e+02 -1.6205e+02
-1.3831e+02 -1.3702e+02 -1.2578e+02 -1.1543e+02
-1.3823e+02 -1.3621e+02 -1.2194e+02 -1.4331e+02
-1.3824e+02 -1.3632e+02 -1.2852e+02 -2.3487e+02
# New trial
-1.3838e+02 -1.3772e+02 -1.3274e+02 -1.4440e+02
-1.3834e+02 -1.3737e+02 -1.2859e+02 -1.1611e+02
-1.3827e+02 -1.3664e+02 -1.2284e+02 -1.1759e+02
-1.3829e+02 -1.3680e+02 -1.2407e+02 -1.1557e+02
# New trial
-1.3838e+02 -1.3770e+02 -1.3173e+02 -1.1681e+02
-1.3835e+02 -1.3742e+02 -1.2949e+02 -1.1792e+02
-1.3829e+02 -1.3680e+02 -1.2545e+02 -1.1618e+02
-1.3833e+02 -1.3719e+02 -1.2798e+02 -1.4347e+02
# New trial
-1.3837e+02 -1.3764e+02 -1.3120e+02 -1.2785e+02
-1.3834e+02 -1.3737e+02 -1.2890e+02 -1.2093e+02
-1.3827e+02 -1.3666e+02 -1.2367e+02 -1.1738e+02
-1.3830e+02 -1.3693e+02 -1.2563e+02 -1.5555e+02
# New trial
-1.3834e+02 -1.3732e+02 -1.2903e+02 -1.3786e+02
-1.3831e+02 -1.3707e+02 -1.2729e+02 -1.1574e+02
-1.3825e+02 -1.3644e+02 -1.2396e+02 -1.4205e+02
-1.3832e+02 -1.3714e+02 -1.2824e+02 -1.8626e+02
# New trial
-1.3832e+02 -1.3710e+02 -1.2806e+02 -1.2100e+02
-1.3826e+02 -1.3655e+02 -1.2450e+02 -1.1574e+02
-1.3817e+02 -1.3569e+02 -1.2178e+02 -1.3749e+02
-1.3832e+02 -1.3718e+02 -1.3045e+02 -2.1454e+02
# New trial
-1.3836e+02 -1.3751e+02 -1.2986e+02 -1.1687e+02
-1.3832e+02 -1.3716e+02 -1.2699e+02 -1.1581e+02
-1.3823e+02 -1.3626e+02 -1.2143e+02 -1.1632e+02
-1.3825e+02 -1.3646e+02 -1.2510e+02 -1.8471e+02
# New trial
-1.3837e+02 -1.3765e+02 -1.3117e+02 -1.2268e+02
-1.3833e+02 -1.3726e+02 -1.2786e+02 -1.1549e+02
-1.3823e+02 -1.3627e+02 -1.2076e+02 -1.1538e+02
-1.3823e+02 -1.3622e+02 -1.2067e+02 -1.1538e+02
# New trial
-1.3835e+02 -1.3741e+02 -1.3071e+02 -1.4774e+02
-1.3831e+02 -1.3703e+02 -1.2780e+02 -1.1774e+02
-1.3822e+02 -1.3619e+02 -1.2164e+02 -1.2774e+02
-1.3831e+02 -1.3706e+02 -1.2603e+02 -1.3537e+02
# New trial
-1.3836e+02 -1.3752e+02 -1.3010e+02 -1.1938e+02
-1.3833e+02 -1.3726e+02 -1.2812e+02 -1.2098e+02
-1.3826e+02 -1.3654e+02 -1.2506e+02 -1.4585e+02
-1.3830e+02 -1.3696e+02 -1.2869e+02 -1.9483e+02
# New trial
-1.3838e+02 -1.3777e+02 -1.3221e+02 -1.1874e+02
-1.3835e+02 -1.3743e+02 -1.2869e+02 -1.1538e+02
-1.3828e+02 -1.3669e+02 -1.2290e+02 -1.1558e+02
-1.3823e+02 -1.3621e+02 -1.2220e+02 -1.4393e+02
# New trial
-1.3832e+02 -1.3721e+02 -1.3090e+02 -1.6476e+02
-1.3826e+02 -1.3660e+02 -1.2453e+02 -1.1538e+02
-1.3813e+02 -1.3529e+02 -1.1816e+02 -1.1538e+02
-1.3819e+02 -1.3588e+02 -1.1859e+02 -1.1538e+02
# New trial
-1.3833e+02 -1.3726e+02 -1.3344e+02 -2.0007e+02
-1.3827e+02 -1.3667e+02 -1.2502e+02 -1.1538e+02
-1.3813e+02 -1.3527e+02 -1.2194e+02 -1.4760e+02
-1.3816e+02 -1.3555e+02 -1.2186e+02 -1.6111e+02
# New trial
-1.3836e+02 -1.3754e+02 -1.3014e+02 -1.1736e+02
-1.3832e+02 -1.3717e+02 -1.2736e+02 -1.1606e+02
-1.3824e+02 -1.3640e+02 -1.2442e+02 -1.2160e+02
-1.3828e+02 -1.3679e+02 -1.2957e+02 -2.1265e+02
# New trial
-1.3839e+02 -1.3782e+02 -1.3255e+02 -1.2231e+02
-1.3836e+02 -1.3748e+02 -1.2960e+02 -1.1649e+02
-1.3826e+02 -1.3649e+02 -1.2318e+02 -1.1577e+02
-1.3817e+02 -1.3567e+02 -1.1992e+02 -1.2404e+02
# New trial
-1.3837e+02 -1.3763e+02 -1.3072e+02 -1.1676e+02
-1.3834e+02 -1.3735e+02 -1.2846e+02 -1.1691e+02
-1.3828e+02 -1.3672e+02 -1.2462e+02 -1.2970e+02
-1.3830e+02 -1.3691e+02 -1.2505e+02 -1.2963e+02
# New trial
-1.3838e+02 -1.3770e+02 -1.3428e+02 -1.8418e+02
-1.3833e+02 -1.3724e+02 -1.2847e+02 -1.1625e+02
-1.3823e+02 -1.3622e+02 -1.2270e+02 -1.3478e+02
-1.3827e+02 -1.3661e+02 -1.2466e+02 -1.6139e+02
# New trial
-1.3835e+02 -1.3745e+02 -1.3044e+02 -1.2442e+02
-1.3832e+02 -1.3713e+02 -1.2770e+02 -1.1550e+02
-1.3824e+02 -1.3638e+02 -1.2271e+02 -1.1635e+02
-1.3829e+02 -1.3681e+02 -1.2437e+02 -1.2148e+02
# New trial
-1.3836e+02 -1.3755e+02 -1.3162e+02 -1.5367e+02
-1.3833e+02 -1.3727e+02 -1.2845e+02 -1.1560e+02
-1.3827e+02 -1.3660e+02 -1.2406e+02 -1.2255e+02
-1.3830e+02 -1.3691e+02 -1.2475e+02 -1.2412e+02
# New trial
-1.3836e+02 -1.3756e+02 -1.3041e+02 -1.2075e+02
-1.3833e+02 -1.3727e+02 -1.2828e+02 -1.1661e+02
-1.3828e+02 -1.3669e+02 -1.2475e+02 -1.3578e+02
-1.3830e+02 -1.3698e+02 -1.2793e+02 -1.7862e+02
# New trial
-1.3837e+02 -1.3759e+02 -1.3063e+02 -1.2067e+02
-1.3834e+02 -1.3731e+02 -1.2817e+02 -1.1568e+02
-1.3827e+02 -1.3665e+02 -1.2357e+02 -1.1570e+02
-1.3829e+02 -1.3687e+02 -1.2548e+02 -1.4770e+02
# New trial
-1.3837e+02 -1.3766e+02 -1.3156e+02 -1.4797e+02
-1.3836e+02 -1.3750e+02 -1.2979e+02 -1.1599e+02
-1.3831e+02 -1.3704e+02 -1.2620e+02 -1.2615e+02
-1.3835e+02 -1.3740e+02 -1.2963e+02 -1.6096e+02
# New trial
-1.3835e+02 -1.3748e+02 -1.3235e+02 -1.6817e+02
-1.3831e+02 -1.3704e+02 -1.2587e+02 -1.1551e+02
-1.3821e+02 -1.3606e+02 -1.2097e+02 -1.2310e+02
-1.3818e+02 -1.3578e+02 -1.2457e+02 -1.8828e+02
# New trial
-1.3838e+02 -1.3768e+02 -1.3123e+02 -1.1900e+02
-1.3837e+02 -1.3758e+02 -1.3039e+02 -1.2070e+02
-1.3834e+02 -1.3731e+02 -1.2870e+02 -1.4876e+02
-1.3839e+02 -1.3786e+02 -1.3307e+02 -1.5208e+02
# New trial
-1.3836e+02 -1.3753e+02 -1.3184e+02 -1.5897e+02
-1.3831e+02 -1.3701e+02 -1.2616e+02 -1.1541e+02
-1.3815e+02 -1.3543e+02 -1.1731e+02 -1.1538e+02
-1.3811e+02 -1.3501e+02 -1.1610e+02 -1.1538e+02
# New trial
-1.3837e+02 -1.3765e+02 -1.3152e+02 -1.3549e+02
-1.3834e+02 -1.3732e+02 -1.2808e+02 -1.1543e+02
-1.3825e+02 -1.3640e+02 -1.2120e+02 -1.1615e+02
-1.3820e+02 -1.3595e+02 -1.2273e+02 -1.6734e+02
# New trial
-1.3838e+02 -1.3769e+02 -1.3124e+02 -1.1772e+02
-1.3836e+02 -1.3753e+02 -1.2997e+02 -1.1856e+02
-1.3834e+02 -1.3730e+02 -1.2847e+02 -1.3285e+02
-1.3837e+02 -1.3765e+02 -1.3117e+02 -1.6424e+02
# New trial
