# 0.1sig - Array shape (trial/sig/alpha): (30, 4, 4)
-1.6107e+02 -1.5703e+02 -1.2761e+02 -1.2536e+02
-1.6097e+02 -1.5604e+02 -1.2275e+02 -9.2799e+01
-1.6071e+02 -1.5360e+02 -1.1000e+02 -1.1037e+02
-1.6106e+02 -1.5693e+02 -1.2344e+02 -1.4942e+02
# New trial
-1.6125e+02 -1.5880e+02 -1.3851e+02 -1.0899e+02
-1.6115e+02 -1.5783e+02 -1.3122e+02 -9.8110e+01
-1.6089e+02 -1.5525e+02 -1.1469e+02 -1.1847e+02
-1.6091e+02 -1.5542e+02 -1.2276e+02 -3.1006e+02
# New trial
-1.6124e+02 -1.5867e+02 -1.4018e+02 -1.5189e+02
-1.6108e+02 -1.5703e+02 -1.2202e+02 -9.2465e+01
-1.6075e+02 -1.5382e+02 -1.0766e+02 -1.4910e+02
-1.6067e+02 -1.5303e+02 -1.2274e+02 -3.5953e+02
# New trial
-1.6118e+02 -1.5811e+02 -1.3645e+02 -2.4743e+02
-1.6109e+02 -1.5721e+02 -1.2387e+02 -9.3617e+01
-1.6083e+02 -1.5457e+02 -1.0582e+02 -9.2690e+01
-1.6079e+02 -1.5415e+02 -1.0820e+02 -1.0693e+02
# New trial
-1.6131e+02 -1.5935e+02 -1.4347e+02 -1.6536e+02
-1.6121e+02 -1.5839e+02 -1.3404e+02 -9.4232e+01
-1.6099e+02 -1.5625e+02 -1.2005e+02 -1.2255e+02
-1.6106e+02 -1.5684e+02 -1.2359e+02 -2.1476e+02
# New trial
-1.6132e+02 -1.5948e+02 -1.4281e+02 -1.0514e+02
-1.6124e+02 -1.5864e+02 -1.3599e+02 -1.0098e+02
-1.6108e+02 -1.5712e+02 -1.2753e+02 -1.3183e+02
-1.6121e+02 -1.5837e+02 -1.3523e+02 -2.4990e+02
# New trial
-1.6128e+02 -1.5903e+02 -1.3926e+02 -1.0358e+02
-1.6119e+02 -1.5821e+02 -1.3200e+02 -9.5846e+01
-1.6098e+02 -1.5608e+02 -1.1813e+02 -1.1126e+02
-1.6099e+02 -1.5622e+02 -1.2154e+02 -2.0588e+02
# New trial
-1.6118e+02 -1.5808e+02 -1.3441e+02 -2.1416e+02
-1.6109e+02 -1.5724e+02 -1.2747e+02 -9.3127e+01
-1.6093e+02 -1.5557e+02 -1.1650e+02 -1.5346e+02
-1.6114e+02 -1.5769e+02 -1.2913e+02 -2.1233e+02
# New trial
-1.6113e+02 -1.5767e+02 -1.3317e+02 -1.0168e+02
-1.6099e+02 -1.5625e+02 -1.2382e+02 -9.3268e+01
-1.6073e+02 -1.5370e+02 -1.1277e+02 -1.4340e+02
-1.6104e+02 -1.5674e+02 -1.3247e+02 -3.5829e+02
# New trial
-1.6123e+02 -1.5860e+02 -1.3504e+02 -9.6939e+01
-1.6113e+02 -1.5758e+02 -1.2719e+02 -9.5230e+01
-1.6086e+02 -1.5495e+02 -1.1236e+02 -1.3267e+02
-1.6088e+02 -1.5505e+02 -1.1377e+02 -1.9950e+02
# New trial
-1.6128e+02 -1.5909e+02 -1.3942e+02 -1.0385e+02
-1.6116e+02 -1.5789e+02 -1.2937e+02 -9.3463e+01
-1.6083e+02 -1.5461e+02 -1.1343e+02 -1.5910e+02
-1.6074e+02 -1.5373e+02 -1.0912e+02 -1.8729e+02
# New trial
-1.6116e+02 -1.5791e+02 -1.3280e+02 -1.1890e+02
-1.6107e+02 -1.5702e+02 -1.2737e+02 -9.5464e+01
-1.6085e+02 -1.5485e+02 -1.1561e+02 -1.7367e+02
-1.6110e+02 -1.5724e+02 -1.3380e+02 -4.0755e+02
# New trial
-1.6124e+02 -1.5862e+02 -1.3565e+02 -1.0024e+02
-1.6116e+02 -1.5788e+02 -1.2907e+02 -9.7185e+01
-1.6096e+02 -1.5593e+02 -1.1583e+02 -1.4689e+02
-1.6112e+02 -1.5749e+02 -1.2577e+02 -1.3031e+02
# New trial
-1.6133e+02 -1.5953e+02 -1.4367e+02 -1.1302e+02
-1.6123e+02 -1.5859e+02 -1.3363e+02 -9.2610e+01
-1.6103e+02 -1.5660e+02 -1.1970e+02 -1.4140e+02
-1.6092e+02 -1.5547e+02 -1.1911e+02 -2.3606e+02
# New trial
-1.6113e+02 -1.5766e+02 -1.3727e+02 -1.7556e+02
-1.6095e+02 -1.5586e+02 -1.2065e+02 -9.3230e+01
-1.6061e+02 -1.5253e+02 -1.0380e+02 -1.0388e+02
-1.6091e+02 -1.5534e+02 -1.1357e+02 -1.5182e+02
# New trial
-1.6115e+02 -1.5787e+02 -1.4626e+02 -3.2806e+02
-1.6099e+02 -1.5623e+02 -1.2342e+02 -9.8825e+01
-1.6060e+02 -1.5248e+02 -1.1476e+02 -1.7482e+02
-1.6076e+02 -1.5402e+02 -1.3342e+02 -4.4951e+02
# New trial
-1.6125e+02 -1.5879e+02 -1.3718e+02 -9.7814e+01
-1.6113e+02 -1.5758e+02 -1.2765e+02 -9.7561e+01
-1.6083e+02 -1.5463e+02 -1.1304e+02 -1.2318e+02
-1.6083e+02 -1.5464e+02 -1.1863e+02 -2.3596e+02
# New trial
-1.6132e+02 -1.5942e+02 -1.4184e+02 -1.4958e+02
-1.6121e+02 -1.5837e+02 -1.3260e+02 -9.7646e+01
-1.6093e+02 -1.5557e+02 -1.1085e+02 -9.3037e+01
-1.6077e+02 -1.5401e+02 -1.0427e+02 -9.7851e+01
# New trial
-1.6129e+02 -1.5910e+02 -1.3860e+02 -9.4313e+01
-1.6121e+02 -1.5832e+02 -1.3239e+02 -9.2438e+01
-1.6102e+02 -1.5643e+02 -1.1882e+02 -1.0754e+02
-1.6107e+02 -1.5691e+02 -1.2038e+02 -1.1538e+02
# New trial
-1.6131e+02 -1.5938e+02 -1.5205e+02 -3.1145e+02
-1.6116e+02 -1.5792e+02 -1.3202e+02 -9.5530e+01
-1.6084e+02 -1.5469e+02 -1.1069e+02 -1.1249e+02
-1.6089e+02 -1.5516e+02 -1.1261e+02 -1.3334e+02
# New trial
-1.6120e+02 -1.5832e+02 -1.3685e+02 -1.7050e+02
-1.6110e+02 -1.5733e+02 -1.2739e+02 -9.2508e+01
-1.6088e+02 -1.5509e+02 -1.1114e+02 -9.2375e+01
-1.6102e+02 -1.5654e+02 -1.1995e+02 -1.3086e+02
# New trial
-1.6124e+02 -1.5872e+02 -1.4166e+02 -2.9587e+02
-1.6115e+02 -1.5775e+02 -1.2936e+02 -9.3235e+01
-1.6092e+02 -1.5552e+02 -1.1380e+02 -1.0248e+02
-1.6104e+02 -1.5666e+02 -1.1898e+02 -9.9559e+01
# New trial
-1.6125e+02 -1.5879e+02 -1.3696e+02 -9.6357e+01
-1.6116e+02 -1.5788e+02 -1.2995e+02 -9.3864e+01
-1.6093e+02 -1.5556e+02 -1.1437e+02 -1.2028e+02
-1.6095e+02 -1.5576e+02 -1.1676e+02 -2.0353e+02
# New trial
-1.6128e+02 -1.5902e+02 -1.3947e+02 -1.3129e+02
-1.6119e+02 -1.5821e+02 -1.3286e+02 -9.9490e+01
-1.6102e+02 -1.5654e+02 -1.2257e+02 -1.4455e+02
-1.6111e+02 -1.5736e+02 -1.2763e+02 -2.0244e+02
# New trial
-1.6129e+02 -1.5920e+02 -1.4063e+02 -1.4404e+02
-1.6126e+02 -1.5889e+02 -1.3785e+02 -9.9144e+01
-1.6115e+02 -1.5778e+02 -1.2856e+02 -1.3249e+02
-1.6125e+02 -1.5874e+02 -1.3554e+02 -1.2691e+02
# New trial
-1.6121e+02 -1.5841e+02 -1.4152e+02 -2.5847e+02
-1.6109e+02 -1.5717e+02 -1.2256e+02 -9.2508e+01
-1.6084e+02 -1.5473e+02 -1.1608e+02 -2.0401e+02
-1.6083e+02 -1.5462e+02 -1.1898e+02 -2.8724e+02
# New trial
-1.6128e+02 -1.5910e+02 -1.3931e+02 -1.0288e+02
-1.6125e+02 -1.5879e+02 -1.3682e+02 -1.0506e+02
-1.6116e+02 -1.5791e+02 -1.3033e+02 -1.7341e+02
-1.6131e+02 -1.5933e+02 -1.4306e+02 -3.1536e+02
# New trial
-1.6121e+02 -1.5839e+02 -1.3978e+02 -2.1027e+02
-1.6107e+02 -1.5702e+02 -1.2471e+02 -1.0112e+02
-1.6066e+02 -1.5295e+02 -1.0702e+02 -1.4182e+02
-1.6066e+02 -1.5301e+02 -1.2595e+02 -3.8007e+02
# New trial
-1.6128e+02 -1.5906e+02 -1.4048e+02 -1.4629e+02
-1.6118e+02 -1.5801e+02 -1.2990e+02 -9.3355e+01
-1.6089e+02 -1.5517e+02 -1.1340e+02 -1.1910e+02
-1.6079e+02 -1.5426e+02 -1.1742e+02 -2.3286e+02
# New trial
-1.6131e+02 -1.5937e+02 -1.4123e+02 -1.1290e+02
-1.6127e+02 -1.5892e+02 -1.3746e+02 -1.1117e+02
-1.6120e+02 -1.5826e+02 -1.3172e+02 -1.2265e+02
-1.6130e+02 -1.5926e+02 -1.4036e+02 -1.9938e+02
# New trial
