# 0.01sig - Array shape (trial/sig/alpha): (30, 4, 4)
-1.7899e+02 -1.7025e+02 -1.1146e+02 -7.8277e+01
-1.7892e+02 -1.6962e+02 -1.0899e+02 -1.2484e+02
-1.7891e+02 -1.6946e+02 -1.0723e+02 -2.5998e+02
-1.7957e+02 -1.7588e+02 -1.4506e+02 -3.6418e+02
# New trial
-1.7894e+02 -1.6980e+02 -1.1350e+02 -1.3278e+02
-1.7882e+02 -1.6866e+02 -1.1232e+02 -1.5958e+02
-1.7881e+02 -1.6855e+02 -1.0379e+02 -2.2155e+02
-1.7952e+02 -1.7535e+02 -1.4029e+02 -2.4849e+02
# New trial
-1.7897e+02 -1.7011e+02 -1.1004e+02 -5.9365e+01
-1.7877e+02 -1.6812e+02 -9.9536e+01 -9.7883e+01
-1.7848e+02 -1.6515e+02 -8.6790e+01 -1.9206e+02
-1.7917e+02 -1.7190e+02 -1.2246e+02 -4.7498e+02
# New trial
-1.7879e+02 -1.6861e+02 -1.1011e+02 -1.4645e+02
-1.7863e+02 -1.6715e+02 -1.0696e+02 -1.7696e+02
-1.7865e+02 -1.6724e+02 -1.1056e+02 -3.3627e+02
-1.7951e+02 -1.7533e+02 -1.5434e+02 -7.0903e+02
# New trial
-1.7923e+02 -1.7257e+02 -1.2139e+02 -9.9213e+01
-1.7901e+02 -1.7039e+02 -1.0563e+02 -1.0355e+02
-1.7869e+02 -1.6722e+02 -9.1935e+01 -2.2708e+02
-1.7904e+02 -1.7057e+02 -1.0683e+02 -1.6499e+02
# New trial
-1.7909e+02 -1.7119e+02 -1.1813e+02 -1.1961e+02
-1.7890e+02 -1.6942e+02 -1.0836e+02 -1.2288e+02
-1.7860e+02 -1.6642e+02 -9.4105e+01 -2.6315e+02
-1.7915e+02 -1.7169e+02 -1.1554e+02 -2.3640e+02
# New trial
-1.7912e+02 -1.7154e+02 -1.2244e+02 -1.2232e+02
-1.7898e+02 -1.7029e+02 -1.1844e+02 -1.4072e+02
-1.7904e+02 -1.7073e+02 -1.1834e+02 -3.2422e+02
-1.7961e+02 -1.7626e+02 -1.4861e+02 -3.8289e+02
# New trial
-1.7897e+02 -1.7015e+02 -1.1023e+02 -4.5817e+01
-1.7890e+02 -1.6937e+02 -1.0270e+02 -6.7991e+01
-1.7877e+02 -1.6795e+02 -8.9915e+01 -1.5254e+02
-1.7930e+02 -1.7318e+02 -1.2078e+02 -1.4796e+02
# New trial
-1.7904e+02 -1.7088e+02 -1.2026e+02 -1.6209e+02
-1.7884e+02 -1.6893e+02 -1.1222e+02 -2.0674e+02
-1.7841e+02 -1.6470e+02 -1.0919e+02 -4.0569e+02
-1.7906e+02 -1.7091e+02 -1.3351e+02 -5.8751e+02
# New trial
-1.7898e+02 -1.7027e+02 -1.1797e+02 -1.3083e+02
-1.7893e+02 -1.6982e+02 -1.1736e+02 -1.8342e+02
-1.7895e+02 -1.6992e+02 -1.2116e+02 -3.5402e+02
-1.7959e+02 -1.7611e+02 -1.4859e+02 -3.8619e+02
# New trial
-1.7881e+02 -1.6882e+02 -1.1739e+02 -1.4140e+02
-1.7871e+02 -1.6801e+02 -1.2258e+02 -3.0337e+02
-1.7881e+02 -1.6894e+02 -1.4980e+02 -7.7037e+02
-1.7967e+02 -1.7687e+02 -1.6446e+02 -7.3190e+02
# New trial
-1.7939e+02 -1.7407e+02 -1.3138e+02 -7.3222e+01
-1.7941e+02 -1.7426e+02 -1.3256e+02 -1.1323e+02
-1.7938e+02 -1.7392e+02 -1.2912e+02 -2.2412e+02
-1.7960e+02 -1.7612e+02 -1.4487e+02 -2.3507e+02
# New trial
-1.7913e+02 -1.7157e+02 -1.1993e+02 -1.2123e+02
-1.7894e+02 -1.6975e+02 -1.0722e+02 -1.4587e+02
-1.7854e+02 -1.6580e+02 -9.2142e+01 -2.7026e+02
-1.7902e+02 -1.7041e+02 -1.1809e+02 -4.2428e+02
# New trial
-1.7941e+02 -1.7423e+02 -1.3156e+02 -8.0538e+01
-1.7927e+02 -1.7292e+02 -1.2036e+02 -7.1996e+01
-1.7904e+02 -1.7062e+02 -1.0297e+02 -1.5227e+02
-1.7925e+02 -1.7262e+02 -1.1370e+02 -1.1139e+02
# New trial
-1.7927e+02 -1.7284e+02 -1.1978e+02 -1.0063e+02
-1.7922e+02 -1.7240e+02 -1.1468e+02 -9.0660e+01
-1.7909e+02 -1.7103e+02 -1.0358e+02 -1.7344e+02
-1.7935e+02 -1.7360e+02 -1.2283e+02 -1.4844e+02
# New trial
-1.7872e+02 -1.6777e+02 -9.8642e+01 -4.8657e+01
-1.7866e+02 -1.6730e+02 -1.0271e+02 -1.3511e+02
-1.7870e+02 -1.6765e+02 -1.0527e+02 -2.6695e+02
-1.7949e+02 -1.7513e+02 -1.3991e+02 -3.0595e+02
# New trial
-1.7904e+02 -1.7073e+02 -1.1236e+02 -1.0478e+02
-1.7893e+02 -1.6973e+02 -1.1221e+02 -1.5575e+02
-1.7889e+02 -1.6933e+02 -1.1387e+02 -3.5700e+02
-1.7943e+02 -1.7454e+02 -1.3544e+02 -3.3699e+02
# New trial
-1.7883e+02 -1.6909e+02 -1.1827e+02 -1.6085e+02
-1.7872e+02 -1.6807e+02 -1.1682e+02 -2.4361e+02
-1.7866e+02 -1.6744e+02 -1.2241e+02 -5.2495e+02
-1.7946e+02 -1.7485e+02 -1.4620e+02 -6.2434e+02
# New trial
-1.7923e+02 -1.7253e+02 -1.2139e+02 -1.0427e+02
-1.7911e+02 -1.7137e+02 -1.1631e+02 -1.3124e+02
-1.7907e+02 -1.7097e+02 -1.1680e+02 -2.9284e+02
-1.7954e+02 -1.7556e+02 -1.4183e+02 -2.8458e+02
# New trial
-1.7913e+02 -1.7158e+02 -1.1847e+02 -1.1262e+02
-1.7907e+02 -1.7106e+02 -1.1666e+02 -1.3217e+02
-1.7900e+02 -1.7033e+02 -1.1878e+02 -3.5436e+02
-1.7949e+02 -1.7506e+02 -1.5270e+02 -5.9594e+02
# New trial
-1.7856e+02 -1.6657e+02 -1.0837e+02 -1.1148e+02
-1.7845e+02 -1.6585e+02 -1.1517e+02 -1.8815e+02
-1.7874e+02 -1.6827e+02 -1.3360e+02 -4.7847e+02
-1.7966e+02 -1.7680e+02 -1.5670e+02 -4.2369e+02
# New trial
-1.7913e+02 -1.7162e+02 -1.2504e+02 -1.4481e+02
-1.7905e+02 -1.7091e+02 -1.1921e+02 -1.5988e+02
-1.7893e+02 -1.6972e+02 -1.1362e+02 -3.1603e+02
-1.7951e+02 -1.7526e+02 -1.3891e+02 -2.2161e+02
# New trial
-1.7950e+02 -1.7515e+02 -1.4230e+02 -1.4329e+02
-1.7941e+02 -1.7428e+02 -1.3414e+02 -1.5251e+02
-1.7923e+02 -1.7252e+02 -1.2033e+02 -2.4332e+02
-1.7935e+02 -1.7367e+02 -1.2961e+02 -3.6861e+02
# New trial
-1.7843e+02 -1.6554e+02 -1.0651e+02 -1.4198e+02
-1.7837e+02 -1.6520e+02 -1.1460e+02 -2.3526e+02
-1.7885e+02 -1.6937e+02 -1.4024e+02 -5.8579e+02
-1.7975e+02 -1.7760e+02 -1.6579e+02 -7.4105e+02
# New trial
-1.7925e+02 -1.7273e+02 -1.2416e+02 -1.1497e+02
-1.7904e+02 -1.7076e+02 -1.1409e+02 -1.2025e+02
-1.7878e+02 -1.6823e+02 -1.0206e+02 -2.5679e+02
-1.7948e+02 -1.7490e+02 -1.3633e+02 -3.3066e+02
# New trial
-1.7927e+02 -1.7298e+02 -1.2903e+02 -1.3754e+02
-1.7925e+02 -1.7281e+02 -1.2564e+02 -1.4284e+02
-1.7917e+02 -1.7189e+02 -1.1488e+02 -2.1279e+02
-1.7956e+02 -1.7571e+02 -1.4057e+02 -1.5355e+02
# New trial
-1.7933e+02 -1.7352e+02 -1.2982e+02 -1.1919e+02
-1.7913e+02 -1.7162e+02 -1.1744e+02 -1.0932e+02
-1.7885e+02 -1.6887e+02 -1.0584e+02 -3.2095e+02
-1.7913e+02 -1.7157e+02 -1.3202e+02 -6.5373e+02
# New trial
-1.7929e+02 -1.7308e+02 -1.2464e+02 -9.1371e+01
-1.7903e+02 -1.7061e+02 -1.1180e+02 -9.6967e+01
-1.7868e+02 -1.6719e+02 -1.0539e+02 -3.3328e+02
-1.7916e+02 -1.7182e+02 -1.2011e+02 -3.7205e+02
# New trial
-1.7931e+02 -1.7331e+02 -1.2986e+02 -1.0804e+02
-1.7932e+02 -1.7343e+02 -1.2639e+02 -1.0048e+02
-1.7928e+02 -1.7297e+02 -1.1950e+02 -1.7736e+02
-1.7961e+02 -1.7618e+02 -1.4389e+02 -1.7674e+02
# New trial
-1.7900e+02 -1.7039e+02 -1.2192e+02 -2.0831e+02
-1.7894e+02 -1.6978e+02 -1.1335e+02 -2.0240e+02
-1.7890e+02 -1.6939e+02 -1.1763e+02 -4.1225e+02
-1.7951e+02 -1.7526e+02 -1.4882e+02 -5.6656e+02
# New trial
