# 0.1sig - Array shape (trial/sig/alpha): (30L, 4L, 4L)
-1.1461e+02 -1.0836e+02 -9.1406e+01 -4.4802e+02
-1.1465e+02 -1.0854e+02 -7.8640e+01 -1.4259e+02
-1.1469e+02 -1.0882e+02 -8.3948e+01 -2.9778e+02
-1.1517e+02 -1.1332e+02 -1.0297e+02 -3.7872e+02
# New trial
-1.1488e+02 -1.1066e+02 -9.1891e+01 -2.0790e+02
-1.1483e+02 -1.1022e+02 -8.5722e+01 -1.6190e+02
-1.1474e+02 -1.0914e+02 -7.5651e+01 -2.1081e+02
-1.1495e+02 -1.1115e+02 -8.8454e+01 -2.4426e+02
# New trial
-1.1494e+02 -1.1122e+02 -1.0002e+02 -3.6792e+02
-1.1476e+02 -1.0929e+02 -7.3248e+01 -1.9284e+02
-1.1446e+02 -1.0623e+02 -5.3820e+01 -9.1757e+01
-1.1469e+02 -1.0856e+02 -6.8780e+01 -5.2108e+01
# New trial
-1.1493e+02 -1.1119e+02 -1.1363e+02 -5.6480e+02
-1.1480e+02 -1.0971e+02 -7.6717e+01 -1.9561e+02
-1.1456e+02 -1.0731e+02 -6.8011e+01 -2.3245e+02
-1.1475e+02 -1.0918e+02 -9.4393e+01 -5.1927e+02
# New trial
-1.1495e+02 -1.1139e+02 -1.0312e+02 -3.8693e+02
-1.1489e+02 -1.1074e+02 -8.3475e+01 -9.7495e+01
-1.1482e+02 -1.0991e+02 -7.6263e+01 -1.8563e+02
-1.1506e+02 -1.1221e+02 -8.8249e+01 -1.1487e+02
# New trial
-1.1507e+02 -1.1245e+02 -1.0154e+02 -2.9609e+02
-1.1499e+02 -1.1161e+02 -8.9474e+01 -1.3468e+02
-1.1491e+02 -1.1080e+02 -7.9194e+01 -1.5837e+02
-1.1516e+02 -1.1324e+02 -1.0058e+02 -3.4948e+02
# New trial
-1.1499e+02 -1.1168e+02 -9.2822e+01 -1.9370e+02
-1.1490e+02 -1.1074e+02 -8.3231e+01 -1.5789e+02
-1.1474e+02 -1.0912e+02 -6.6993e+01 -1.1355e+02
-1.1499e+02 -1.1154e+02 -8.2184e+01 -8.8276e+01
# New trial
-1.1479e+02 -1.0990e+02 -1.1007e+02 -5.5906e+02
-1.1480e+02 -1.0985e+02 -8.4002e+01 -1.6652e+02
-1.1483e+02 -1.0995e+02 -7.8009e+01 -2.1640e+02
-1.1518e+02 -1.1346e+02 -9.8890e+01 -2.2277e+02
# New trial
-1.1463e+02 -1.0849e+02 -8.5393e+01 -2.1173e+02
-1.1452e+02 -1.0741e+02 -7.5835e+01 -1.6148e+02
-1.1458e+02 -1.0768e+02 -8.0267e+01 -3.1925e+02
-1.1511e+02 -1.1270e+02 -9.2983e+01 -1.8799e+02
# New trial
-1.1488e+02 -1.1061e+02 -8.7740e+01 -2.2787e+02
-1.1478e+02 -1.0959e+02 -7.8992e+01 -1.9334e+02
-1.1465e+02 -1.0819e+02 -6.5548e+01 -1.4455e+02
-1.1494e+02 -1.1102e+02 -7.9705e+01 -7.6658e+01
# New trial
-1.1498e+02 -1.1163e+02 -9.3601e+01 -1.8978e+02
-1.1485e+02 -1.1026e+02 -8.3029e+01 -1.9473e+02
-1.1459e+02 -1.0768e+02 -6.7156e+01 -1.7773e+02
-1.1481e+02 -1.0980e+02 -7.7162e+01 -1.7705e+02
# New trial
-1.1479e+02 -1.0983e+02 -9.7540e+01 -3.9343e+02
-1.1473e+02 -1.0920e+02 -8.5403e+01 -2.0363e+02
-1.1473e+02 -1.0913e+02 -7.6100e+01 -1.8644e+02
-1.1514e+02 -1.1308e+02 -9.6359e+01 -2.3674e+02
# New trial
-1.1486e+02 -1.1061e+02 -1.0447e+02 -4.4878e+02
-1.1488e+02 -1.1062e+02 -8.6773e+01 -1.9035e+02
-1.1486e+02 -1.1032e+02 -8.5124e+01 -3.0156e+02
-1.1520e+02 -1.1360e+02 -1.0493e+02 -4.0110e+02
# New trial
-1.1509e+02 -1.1273e+02 -1.0964e+02 -3.7620e+02
-1.1496e+02 -1.1123e+02 -8.2149e+01 -1.2851e+02
-1.1477e+02 -1.0935e+02 -6.8179e+01 -1.7541e+02
-1.1486e+02 -1.1026e+02 -8.3949e+01 -3.5663e+02
# New trial
-1.1465e+02 -1.0889e+02 -9.7927e+01 -2.8663e+02
-1.1448e+02 -1.0709e+02 -7.7342e+01 -1.7788e+02
-1.1443e+02 -1.0631e+02 -7.5582e+01 -2.6336e+02
-1.1505e+02 -1.1222e+02 -1.0209e+02 -4.7136e+02
# New trial
-1.1483e+02 -1.1079e+02 -1.3193e+02 -7.4027e+02
-1.1464e+02 -1.0856e+02 -9.0705e+01 -3.2471e+02
-1.1444e+02 -1.0645e+02 -9.2233e+01 -5.3580e+02
-1.1493e+02 -1.1106e+02 -1.0496e+02 -5.8753e+02
# New trial
-1.1485e+02 -1.1040e+02 -9.6296e+01 -2.8551e+02
-1.1476e+02 -1.0945e+02 -8.1943e+01 -1.9927e+02
-1.1466e+02 -1.0840e+02 -7.2420e+01 -2.0844e+02
-1.1499e+02 -1.1149e+02 -8.5616e+01 -1.9161e+02
# New trial
-1.1503e+02 -1.1203e+02 -9.6260e+01 -2.7176e+02
-1.1492e+02 -1.1087e+02 -8.2047e+01 -1.7597e+02
-1.1473e+02 -1.0895e+02 -6.9066e+01 -1.8054e+02
-1.1488e+02 -1.1044e+02 -7.8963e+01 -1.9865e+02
# New trial
-1.1500e+02 -1.1170e+02 -8.9420e+01 -1.2669e+02
-1.1493e+02 -1.1097e+02 -8.3220e+01 -1.0530e+02
-1.1485e+02 -1.1022e+02 -7.8100e+01 -2.3351e+02
-1.1508e+02 -1.1242e+02 -9.0635e+01 -2.2789e+02
# New trial
-1.1499e+02 -1.1193e+02 -1.2336e+02 -6.2500e+02
-1.1481e+02 -1.0993e+02 -8.0742e+01 -1.5993e+02
-1.1457e+02 -1.0742e+02 -6.1548e+01 -1.3238e+02
-1.1491e+02 -1.1080e+02 -8.1334e+01 -3.0851e+02
# New trial
-1.1496e+02 -1.1162e+02 -1.1835e+02 -5.0300e+02
-1.1486e+02 -1.1042e+02 -8.8620e+01 -2.2044e+02
-1.1479e+02 -1.0970e+02 -8.3948e+01 -3.0134e+02
-1.1514e+02 -1.1303e+02 -9.7171e+01 -2.6565e+02
# New trial
-1.1500e+02 -1.1182e+02 -1.0280e+02 -3.6460e+02
-1.1491e+02 -1.1088e+02 -8.9065e+01 -1.8884e+02
-1.1483e+02 -1.1003e+02 -7.9348e+01 -2.1693e+02
-1.1512e+02 -1.1285e+02 -9.4892e+01 -2.3059e+02
# New trial
-1.1490e+02 -1.1079e+02 -8.9274e+01 -1.8562e+02
-1.1484e+02 -1.1014e+02 -8.2558e+01 -1.5138e+02
-1.1473e+02 -1.0903e+02 -7.3562e+01 -1.9214e+02
-1.1500e+02 -1.1163e+02 -9.2166e+01 -3.0461e+02
# New trial
-1.1492e+02 -1.1090e+02 -8.5857e+01 -1.5860e+02
-1.1487e+02 -1.1041e+02 -7.7656e+01 -1.2918e+02
-1.1484e+02 -1.1004e+02 -7.1729e+01 -1.3159e+02
-1.1511e+02 -1.1271e+02 -9.1074e+01 -6.7125e+01
# New trial
-1.1503e+02 -1.1205e+02 -1.0112e+02 -3.5699e+02
-1.1503e+02 -1.1198e+02 -9.1706e+01 -1.4741e+02
-1.1499e+02 -1.1157e+02 -8.4051e+01 -1.6864e+02
-1.1513e+02 -1.1291e+02 -9.4472e+01 -2.8213e+02
# New trial
-1.1484e+02 -1.1050e+02 -1.1016e+02 -4.4015e+02
-1.1469e+02 -1.0870e+02 -7.2385e+01 -1.6444e+02
-1.1461e+02 -1.0786e+02 -7.0008e+01 -2.2646e+02
-1.1496e+02 -1.1121e+02 -9.3390e+01 -3.2041e+02
# New trial
-1.1493e+02 -1.1106e+02 -9.0773e+01 -2.5485e+02
-1.1499e+02 -1.1156e+02 -8.8185e+01 -1.3884e+02
-1.1507e+02 -1.1235e+02 -9.1181e+01 -2.0124e+02
-1.1528e+02 -1.1442e+02 -1.0715e+02 -2.9301e+02
# New trial
-1.1490e+02 -1.1107e+02 -1.0927e+02 -4.3732e+02
-1.1476e+02 -1.0952e+02 -8.4917e+01 -2.6018e+02
-1.1462e+02 -1.0799e+02 -7.6122e+01 -2.5343e+02
-1.1500e+02 -1.1167e+02 -9.7212e+01 -5.0002e+02
# New trial
-1.1494e+02 -1.1125e+02 -1.0121e+02 -3.4346e+02
-1.1482e+02 -1.0999e+02 -8.6096e+01 -2.3453e+02
-1.1463e+02 -1.0799e+02 -6.8596e+01 -1.8761e+02
-1.1485e+02 -1.1018e+02 -7.7157e+01 -1.4267e+02
# New trial
-1.1495e+02 -1.1122e+02 -9.0532e+01 -2.1955e+02
-1.1498e+02 -1.1151e+02 -8.8179e+01 -1.5142e+02
-1.1508e+02 -1.1244e+02 -9.3024e+01 -2.3008e+02
-1.1527e+02 -1.1426e+02 -1.0583e+02 -2.1280e+02
# New trial
