# 0.1sig - Array shape (trial/sig/alpha): (30, 4, 4)
-1.6610e+02 -1.6572e+02 -1.6295e+02 -1.7964e+02
-1.6609e+02 -1.6559e+02 -1.6205e+02 -1.5719e+02
-1.6605e+02 -1.6521e+02 -1.5991e+02 -1.5721e+02
-1.6606e+02 -1.6535e+02 -1.6026e+02 -1.6968e+02
# New trial
-1.6612e+02 -1.6586e+02 -1.6357e+02 -1.5786e+02
-1.6610e+02 -1.6575e+02 -1.6273e+02 -1.5734e+02
-1.6607e+02 -1.6539e+02 -1.6000e+02 -1.5692e+02
-1.6605e+02 -1.6517e+02 -1.5820e+02 -1.5691e+02
# New trial
-1.6611e+02 -1.6584e+02 -1.6354e+02 -1.6466e+02
-1.6610e+02 -1.6567e+02 -1.6189e+02 -1.5699e+02
-1.6605e+02 -1.6518e+02 -1.5900e+02 -1.5692e+02
-1.6599e+02 -1.6462e+02 -1.5743e+02 -1.5691e+02
# New trial
-1.6611e+02 -1.6579e+02 -1.6299e+02 -1.6602e+02
-1.6610e+02 -1.6568e+02 -1.6186e+02 -1.5693e+02
-1.6606e+02 -1.6533e+02 -1.5994e+02 -1.6022e+02
-1.6604e+02 -1.6510e+02 -1.6038e+02 -1.7868e+02
# New trial
-1.6612e+02 -1.6595e+02 -1.6447e+02 -1.6989e+02
-1.6611e+02 -1.6583e+02 -1.6323e+02 -1.5735e+02
-1.6609e+02 -1.6562e+02 -1.6137e+02 -1.5692e+02
-1.6610e+02 -1.6571e+02 -1.6210e+02 -1.5716e+02
# New trial
-1.6612e+02 -1.6588e+02 -1.6361e+02 -1.5704e+02
-1.6611e+02 -1.6579e+02 -1.6285e+02 -1.5699e+02
-1.6608e+02 -1.6552e+02 -1.6084e+02 -1.5692e+02
-1.6607e+02 -1.6545e+02 -1.6034e+02 -1.5712e+02
# New trial
-1.6612e+02 -1.6586e+02 -1.6353e+02 -1.5899e+02
-1.6611e+02 -1.6577e+02 -1.6271e+02 -1.5843e+02
-1.6608e+02 -1.6547e+02 -1.6044e+02 -1.5735e+02
-1.6606e+02 -1.6529e+02 -1.5980e+02 -1.6228e+02
# New trial
-1.6611e+02 -1.6579e+02 -1.6290e+02 -1.5718e+02
-1.6610e+02 -1.6569e+02 -1.6219e+02 -1.5747e+02
-1.6608e+02 -1.6548e+02 -1.6108e+02 -1.6952e+02
-1.6609e+02 -1.6561e+02 -1.6172e+02 -1.7604e+02
# New trial
-1.6610e+02 -1.6569e+02 -1.6232e+02 -1.5699e+02
-1.6608e+02 -1.6555e+02 -1.6155e+02 -1.5698e+02
-1.6607e+02 -1.6541e+02 -1.6167e+02 -1.7810e+02
-1.6611e+02 -1.6580e+02 -1.6346e+02 -1.7693e+02
# New trial
-1.6611e+02 -1.6585e+02 -1.6336e+02 -1.5719e+02
-1.6610e+02 -1.6575e+02 -1.6254e+02 -1.5709e+02
-1.6608e+02 -1.6546e+02 -1.6049e+02 -1.6113e+02
-1.6606e+02 -1.6533e+02 -1.6066e+02 -1.7969e+02
# New trial
-1.6612e+02 -1.6589e+02 -1.6372e+02 -1.5741e+02
-1.6611e+02 -1.6576e+02 -1.6264e+02 -1.5722e+02
-1.6607e+02 -1.6539e+02 -1.6079e+02 -1.6587e+02
-1.6604e+02 -1.6514e+02 -1.6014e+02 -1.7409e+02
# New trial
-1.6611e+02 -1.6578e+02 -1.6307e+02 -1.6328e+02
-1.6609e+02 -1.6564e+02 -1.6210e+02 -1.5724e+02
-1.6605e+02 -1.6525e+02 -1.5979e+02 -1.5734e+02
-1.6606e+02 -1.6527e+02 -1.5927e+02 -1.5799e+02
# New trial
-1.6611e+02 -1.6583e+02 -1.6317e+02 -1.5708e+02
-1.6610e+02 -1.6573e+02 -1.6235e+02 -1.5698e+02
-1.6607e+02 -1.6542e+02 -1.6041e+02 -1.5698e+02
-1.6607e+02 -1.6538e+02 -1.5999e+02 -1.6446e+02
# New trial
-1.6612e+02 -1.6590e+02 -1.6381e+02 -1.5701e+02
-1.6611e+02 -1.6581e+02 -1.6291e+02 -1.5691e+02
-1.6609e+02 -1.6563e+02 -1.6129e+02 -1.5691e+02
-1.6608e+02 -1.6553e+02 -1.6045e+02 -1.5692e+02
# New trial
-1.6610e+02 -1.6573e+02 -1.6334e+02 -1.7345e+02
-1.6609e+02 -1.6558e+02 -1.6181e+02 -1.5696e+02
-1.6605e+02 -1.6524e+02 -1.6028e+02 -1.6429e+02
-1.6606e+02 -1.6530e+02 -1.6094e+02 -1.8093e+02
# New trial
-1.6610e+02 -1.6569e+02 -1.6343e+02 -1.7910e+02
-1.6608e+02 -1.6551e+02 -1.6101e+02 -1.5692e+02
-1.6604e+02 -1.6510e+02 -1.6011e+02 -1.6308e+02
-1.6607e+02 -1.6538e+02 -1.6468e+02 -2.1923e+02
# New trial
-1.6611e+02 -1.6584e+02 -1.6331e+02 -1.5720e+02
-1.6610e+02 -1.6572e+02 -1.6219e+02 -1.5700e+02
-1.6606e+02 -1.6534e+02 -1.5963e+02 -1.5844e+02
-1.6604e+02 -1.6511e+02 -1.5966e+02 -1.7554e+02
# New trial
-1.6612e+02 -1.6593e+02 -1.6405e+02 -1.5875e+02
-1.6611e+02 -1.6582e+02 -1.6298e+02 -1.5697e+02
-1.6608e+02 -1.6547e+02 -1.6000e+02 -1.5692e+02
-1.6603e+02 -1.6504e+02 -1.5790e+02 -1.5691e+02
# New trial
-1.6612e+02 -1.6589e+02 -1.6378e+02 -1.5969e+02
-1.6611e+02 -1.6580e+02 -1.6293e+02 -1.5772e+02
-1.6608e+02 -1.6550e+02 -1.6075e+02 -1.5915e+02
-1.6606e+02 -1.6535e+02 -1.5962e+02 -1.5703e+02
# New trial
-1.6612e+02 -1.6588e+02 -1.6401e+02 -1.7050e+02
-1.6610e+02 -1.6572e+02 -1.6240e+02 -1.5696e+02
-1.6606e+02 -1.6527e+02 -1.5937e+02 -1.5696e+02
-1.6603e+02 -1.6504e+02 -1.5788e+02 -1.5691e+02
# New trial
-1.6611e+02 -1.6581e+02 -1.6333e+02 -1.5931e+02
-1.6610e+02 -1.6569e+02 -1.6228e+02 -1.5724e+02
-1.6607e+02 -1.6544e+02 -1.6065e+02 -1.5969e+02
-1.6608e+02 -1.6554e+02 -1.6173e+02 -1.8083e+02
# New trial
-1.6612e+02 -1.6586e+02 -1.6373e+02 -1.7245e+02
-1.6610e+02 -1.6574e+02 -1.6252e+02 -1.5718e+02
-1.6607e+02 -1.6540e+02 -1.5980e+02 -1.5692e+02
-1.6606e+02 -1.6529e+02 -1.5881e+02 -1.5691e+02
# New trial
-1.6612e+02 -1.6588e+02 -1.6368e+02 -1.6010e+02
-1.6611e+02 -1.6576e+02 -1.6263e+02 -1.5703e+02
-1.6607e+02 -1.6539e+02 -1.5974e+02 -1.5691e+02
-1.6605e+02 -1.6524e+02 -1.5887e+02 -1.5692e+02
# New trial
-1.6612e+02 -1.6586e+02 -1.6354e+02 -1.6152e+02
-1.6611e+02 -1.6576e+02 -1.6264e+02 -1.5712e+02
-1.6608e+02 -1.6554e+02 -1.6116e+02 -1.5970e+02
-1.6610e+02 -1.6573e+02 -1.6266e+02 -1.7721e+02
# New trial
-1.6612e+02 -1.6588e+02 -1.6372e+02 -1.6746e+02
-1.6612e+02 -1.6586e+02 -1.6344e+02 -1.5780e+02
-1.6610e+02 -1.6575e+02 -1.6262e+02 -1.6686e+02
-1.6611e+02 -1.6582e+02 -1.6326e+02 -1.7848e+02
# New trial
-1.6611e+02 -1.6579e+02 -1.6327e+02 -1.6708e+02
-1.6610e+02 -1.6567e+02 -1.6185e+02 -1.5718e+02
-1.6606e+02 -1.6535e+02 -1.5958e+02 -1.5732e+02
-1.6604e+02 -1.6514e+02 -1.5906e+02 -1.5829e+02
# New trial
-1.6612e+02 -1.6586e+02 -1.6339e+02 -1.5705e+02
-1.6611e+02 -1.6579e+02 -1.6276e+02 -1.5693e+02
-1.6608e+02 -1.6555e+02 -1.6078e+02 -1.5691e+02
-1.6609e+02 -1.6559e+02 -1.6114e+02 -1.5736e+02
# New trial
-1.6611e+02 -1.6583e+02 -1.6345e+02 -1.6880e+02
-1.6610e+02 -1.6569e+02 -1.6197e+02 -1.5701e+02
-1.6605e+02 -1.6526e+02 -1.5976e+02 -1.5969e+02
-1.6607e+02 -1.6543e+02 -1.6238e+02 -2.0113e+02
# New trial
-1.6612e+02 -1.6588e+02 -1.6368e+02 -1.5776e+02
-1.6611e+02 -1.6578e+02 -1.6277e+02 -1.5701e+02
-1.6607e+02 -1.6543e+02 -1.6025e+02 -1.5697e+02
-1.6603e+02 -1.6502e+02 -1.5887e+02 -1.5697e+02
# New trial
-1.6612e+02 -1.6585e+02 -1.6337e+02 -1.5699e+02
-1.6611e+02 -1.6580e+02 -1.6288e+02 -1.5698e+02
-1.6609e+02 -1.6562e+02 -1.6138e+02 -1.5693e+02
-1.6609e+02 -1.6557e+02 -1.6088e+02 -1.5706e+02
# New trial
