# 0.01sig - Array shape (trial/sig/alpha): (30L, 4L, 4L)
-4.1535e+01 -4.1650e+01 -5.4407e+01 -2.8435e+02
-4.1554e+01 -4.1800e+01 -5.3123e+01 -2.6804e+02
-4.1546e+01 -4.1651e+01 -4.4936e+01 -1.7550e+02
-4.1535e+01 -4.1530e+01 -4.1596e+01 -6.2922e+01
# New trial
-4.1445e+01 -4.1024e+01 -6.0034e+01 -3.3190e+02
-4.1490e+01 -4.1185e+01 -4.4871e+01 -1.4434e+02
-4.1521e+01 -4.1408e+01 -4.1853e+01 -1.0863e+02
-4.1533e+01 -4.1514e+01 -4.1527e+01 -6.1799e+01
# New trial
-4.1505e+01 -4.1709e+01 -6.5803e+01 -4.0675e+02
-4.1522e+01 -4.1651e+01 -5.4503e+01 -2.7154e+02
-4.1537e+01 -4.1577e+01 -4.4965e+01 -1.9135e+02
-4.1539e+01 -4.1569e+01 -4.3136e+01 -1.9316e+02
# New trial
-4.1519e+01 -4.1729e+01 -6.2161e+01 -3.6972e+02
-4.1526e+01 -4.1695e+01 -5.7059e+01 -3.1553e+02
-4.1514e+01 -4.1382e+01 -4.4101e+01 -1.5923e+02
-4.1530e+01 -4.1493e+01 -4.1718e+01 -1.0371e+02
# New trial
-4.1573e+01 -4.2058e+01 -5.8572e+01 -3.2011e+02
-4.1552e+01 -4.1815e+01 -5.3345e+01 -2.6432e+02
-4.1529e+01 -4.1492e+01 -4.2845e+01 -1.5045e+02
-4.1534e+01 -4.1521e+01 -4.1779e+01 -1.0053e+02
# New trial
-4.1453e+01 -4.1175e+01 -5.9151e+01 -3.4071e+02
-4.1510e+01 -4.1435e+01 -4.7519e+01 -1.8260e+02
-4.1530e+01 -4.1504e+01 -4.3405e+01 -1.5911e+02
-4.1535e+01 -4.1530e+01 -4.1546e+01 -6.6430e+01
# New trial
-4.1397e+01 -4.0471e+01 -5.4223e+01 -2.9632e+02
-4.1453e+01 -4.0847e+01 -4.4892e+01 -1.7983e+02
-4.1516e+01 -4.1373e+01 -4.2904e+01 -1.6698e+02
-4.1535e+01 -4.1523e+01 -4.1607e+01 -7.5184e+01
# New trial
-4.1525e+01 -4.1704e+01 -5.8646e+01 -3.3393e+02
-4.1547e+01 -4.1780e+01 -5.1428e+01 -2.2275e+02
-4.1548e+01 -4.1675e+01 -4.4677e+01 -1.3931e+02
-4.1539e+01 -4.1565e+01 -4.2133e+01 -1.2017e+02
# New trial
-4.1468e+01 -4.1193e+01 -5.6116e+01 -3.0177e+02
-4.1509e+01 -4.1472e+01 -5.2698e+01 -2.7093e+02
-4.1519e+01 -4.1409e+01 -4.2802e+01 -1.4392e+02
-4.1533e+01 -4.1507e+01 -4.1863e+01 -1.0617e+02
# New trial
-4.1525e+01 -4.1635e+01 -5.8858e+01 -3.2809e+02
-4.1531e+01 -4.1573e+01 -5.0152e+01 -2.5571e+02
-4.1543e+01 -4.1620e+01 -4.4046e+01 -1.4924e+02
-4.1535e+01 -4.1531e+01 -4.1593e+01 -4.6307e+01
# New trial
-4.1393e+01 -4.0309e+01 -4.4943e+01 -2.0432e+02
-4.1439e+01 -4.0639e+01 -3.8390e+01 -8.8271e+01
-4.1513e+01 -4.1321e+01 -4.0546e+01 -1.0470e+02
-4.1534e+01 -4.1513e+01 -4.1415e+01 -4.3240e+01
# New trial
-4.1537e+01 -4.1552e+01 -4.2490e+01 -9.6717e+01
-4.1536e+01 -4.1535e+01 -4.1972e+01 -7.8892e+01
-4.1534e+01 -4.1516e+01 -4.1463e+01 -6.1437e+01
-4.1535e+01 -4.1530e+01 -4.1498e+01 -4.3079e+01
# New trial
-4.1529e+01 -4.1663e+01 -6.2494e+01 -3.8197e+02
-4.1547e+01 -4.1758e+01 -5.3563e+01 -2.8201e+02
-4.1539e+01 -4.1593e+01 -4.5635e+01 -2.1278e+02
-4.1535e+01 -4.1532e+01 -4.1807e+01 -1.0528e+02
# New trial
-4.1495e+01 -4.1148e+01 -4.0542e+01 -1.1291e+02
-4.1517e+01 -4.1358e+01 -4.0963e+01 -8.9957e+01
-4.1532e+01 -4.1495e+01 -4.1521e+01 -8.0043e+01
-4.1535e+01 -4.1527e+01 -4.1473e+01 -4.2325e+01
# New trial
-4.1529e+01 -4.1550e+01 -4.9864e+01 -2.1303e+02
-4.1528e+01 -4.1491e+01 -4.4436e+01 -1.6332e+02
-4.1532e+01 -4.1505e+01 -4.1984e+01 -1.1519e+02
-4.1534e+01 -4.1518e+01 -4.1425e+01 -4.5327e+01
# New trial
-4.1610e+01 -4.2449e+01 -6.3469e+01 -3.5659e+02
-4.1571e+01 -4.1969e+01 -5.0573e+01 -1.9125e+02
-4.1538e+01 -4.1579e+01 -4.3429e+01 -1.2314e+02
-4.1535e+01 -4.1526e+01 -4.1509e+01 -5.5014e+01
# New trial
-4.1361e+01 -4.0173e+01 -4.6032e+01 -1.8597e+02
-4.1456e+01 -4.0934e+01 -4.4448e+01 -1.5173e+02
-4.1526e+01 -4.1485e+01 -4.3953e+01 -1.5745e+02
-4.1537e+01 -4.1552e+01 -4.2315e+01 -1.2286e+02
# New trial
-4.1612e+01 -4.2926e+01 -8.5128e+01 -5.9866e+02
-4.1592e+01 -4.2321e+01 -6.1543e+01 -3.4756e+02
-4.1550e+01 -4.1713e+01 -4.6492e+01 -2.0334e+02
-4.1536e+01 -4.1534e+01 -4.1617e+01 -5.9286e+01
# New trial
-4.1498e+01 -4.1252e+01 -4.5994e+01 -1.8442e+02
-4.1509e+01 -4.1302e+01 -4.1695e+01 -9.6187e+01
-4.1525e+01 -4.1437e+01 -4.1081e+01 -8.2428e+01
-4.1534e+01 -4.1519e+01 -4.1436e+01 -4.6087e+01
# New trial
-4.1542e+01 -4.1628e+01 -4.7832e+01 -2.1472e+02
-4.1543e+01 -4.1629e+01 -4.4750e+01 -1.5553e+02
-4.1536e+01 -4.1539e+01 -4.2002e+01 -7.4505e+01
-4.1535e+01 -4.1528e+01 -4.1479e+01 -4.1716e+01
# New trial
-4.1534e+01 -4.1545e+01 -4.5755e+01 -1.8499e+02
-4.1523e+01 -4.1419e+01 -4.2065e+01 -1.0731e+02
-4.1529e+01 -4.1474e+01 -4.1240e+01 -7.3108e+01
-4.1536e+01 -4.1535e+01 -4.1536e+01 -4.4067e+01
# New trial
-4.1487e+01 -4.1373e+01 -6.2990e+01 -3.8098e+02
-4.1521e+01 -4.1504e+01 -4.9259e+01 -2.0130e+02
-4.1524e+01 -4.1442e+01 -4.2217e+01 -1.0570e+02
-4.1534e+01 -4.1513e+01 -4.1409e+01 -4.5675e+01
# New trial
-4.1498e+01 -4.1231e+01 -4.9065e+01 -2.6146e+02
-4.1522e+01 -4.1434e+01 -4.4714e+01 -1.5286e+02
-4.1534e+01 -4.1525e+01 -4.2275e+01 -1.0921e+02
-4.1536e+01 -4.1532e+01 -4.1554e+01 -5.7993e+01
# New trial
-4.1435e+01 -4.1083e+01 -6.2974e+01 -3.6500e+02
-4.1479e+01 -4.1209e+01 -4.9922e+01 -2.2199e+02
-4.1504e+01 -4.1266e+01 -4.0973e+01 -8.7988e+01
-4.1534e+01 -4.1518e+01 -4.1483e+01 -7.4032e+01
# New trial
-4.1480e+01 -4.1057e+01 -4.5359e+01 -1.7214e+02
-4.1506e+01 -4.1280e+01 -4.2058e+01 -1.0238e+02
-4.1528e+01 -4.1466e+01 -4.1813e+01 -1.1050e+02
-4.1535e+01 -4.1531e+01 -4.1566e+01 -6.8920e+01
# New trial
-4.1450e+01 -4.0856e+01 -5.0200e+01 -2.7762e+02
-4.1479e+01 -4.1046e+01 -4.2792e+01 -1.2879e+02
-4.1520e+01 -4.1383e+01 -4.0795e+01 -6.0908e+01
-4.1536e+01 -4.1535e+01 -4.1548e+01 -4.8756e+01
# New trial
-4.1516e+01 -4.1550e+01 -5.6635e+01 -3.0353e+02
-4.1530e+01 -4.1603e+01 -5.1273e+01 -2.4252e+02
-4.1529e+01 -4.1492e+01 -4.3030e+01 -1.4187e+02
-4.1534e+01 -4.1523e+01 -4.1840e+01 -1.3222e+02
# New trial
-4.1451e+01 -4.0861e+01 -5.0471e+01 -2.5552e+02
-4.1512e+01 -4.1406e+01 -4.6197e+01 -1.6893e+02
-4.1530e+01 -4.1510e+01 -4.3926e+01 -1.4122e+02
-4.1534e+01 -4.1527e+01 -4.2078e+01 -1.0503e+02
# New trial
-4.1544e+01 -4.1918e+01 -6.3867e+01 -3.8834e+02
-4.1542e+01 -4.1651e+01 -4.7582e+01 -2.0107e+02
-4.1536e+01 -4.1538e+01 -4.2151e+01 -1.0515e+02
-4.1535e+01 -4.1529e+01 -4.1485e+01 -4.2091e+01
# New trial
-4.1573e+01 -4.2231e+01 -7.6031e+01 -5.2936e+02
-4.1553e+01 -4.1786e+01 -5.0745e+01 -2.4742e+02
-4.1533e+01 -4.1520e+01 -4.2441e+01 -1.5417e+02
-4.1536e+01 -4.1532e+01 -4.1516e+01 -4.5919e+01
# New trial
