# 0.1sig - Array shape (trial/sig/alpha): (30, 4, 4)
-1.3840e+02 -1.3795e+02 -1.3452e+02 -1.2991e+02
-1.3838e+02 -1.3777e+02 -1.3366e+02 -1.2947e+02
-1.3834e+02 -1.3736e+02 -1.3187e+02 -1.3191e+02
-1.3838e+02 -1.3776e+02 -1.3362e+02 -1.4989e+02
# New trial
-1.3842e+02 -1.3812e+02 -1.3547e+02 -1.3364e+02
-1.3840e+02 -1.3796e+02 -1.3423e+02 -1.2923e+02
-1.3837e+02 -1.3767e+02 -1.3187e+02 -1.2922e+02
-1.3840e+02 -1.3788e+02 -1.3319e+02 -1.2922e+02
# New trial
-1.3842e+02 -1.3809e+02 -1.3551e+02 -1.3487e+02
-1.3839e+02 -1.3786e+02 -1.3336e+02 -1.2924e+02
-1.3833e+02 -1.3725e+02 -1.3045e+02 -1.2922e+02
-1.3830e+02 -1.3694e+02 -1.3079e+02 -1.3411e+02
# New trial
-1.3841e+02 -1.3803e+02 -1.3508e+02 -1.5117e+02
-1.3840e+02 -1.3789e+02 -1.3361e+02 -1.2932e+02
-1.3835e+02 -1.3747e+02 -1.3132e+02 -1.3402e+02
-1.3836e+02 -1.3750e+02 -1.3340e+02 -1.6514e+02
# New trial
-1.3842e+02 -1.3817e+02 -1.3614e+02 -1.4252e+02
-1.3841e+02 -1.3805e+02 -1.3496e+02 -1.2987e+02
-1.3839e+02 -1.3781e+02 -1.3361e+02 -1.3461e+02
-1.3839e+02 -1.3779e+02 -1.3401e+02 -1.5563e+02
# New trial
-1.3842e+02 -1.3813e+02 -1.3546e+02 -1.2933e+02
-1.3841e+02 -1.3801e+02 -1.3441e+02 -1.2926e+02
-1.3838e+02 -1.3777e+02 -1.3285e+02 -1.3214e+02
-1.3841e+02 -1.3804e+02 -1.3484e+02 -1.4359e+02
# New trial
-1.3843e+02 -1.3819e+02 -1.3600e+02 -1.3070e+02
-1.3841e+02 -1.3806e+02 -1.3487e+02 -1.2935e+02
-1.3838e+02 -1.3773e+02 -1.3245e+02 -1.3053e+02
-1.3840e+02 -1.3791e+02 -1.3399e+02 -1.5236e+02
# New trial
-1.3841e+02 -1.3800e+02 -1.3472e+02 -1.4464e+02
-1.3840e+02 -1.3792e+02 -1.3403e+02 -1.2942e+02
-1.3837e+02 -1.3767e+02 -1.3222e+02 -1.3035e+02
-1.3840e+02 -1.3790e+02 -1.3378e+02 -1.4637e+02
# New trial
-1.3840e+02 -1.3794e+02 -1.3454e+02 -1.3243e+02
-1.3838e+02 -1.3775e+02 -1.3324e+02 -1.2952e+02
-1.3833e+02 -1.3726e+02 -1.3085e+02 -1.2931e+02
-1.3837e+02 -1.3767e+02 -1.3196e+02 -1.3000e+02
# New trial
-1.3842e+02 -1.3809e+02 -1.3515e+02 -1.3013e+02
-1.3841e+02 -1.3798e+02 -1.3428e+02 -1.2970e+02
-1.3837e+02 -1.3761e+02 -1.3165e+02 -1.2922e+02
-1.3835e+02 -1.3738e+02 -1.3019e+02 -1.2922e+02
# New trial
-1.3842e+02 -1.3814e+02 -1.3560e+02 -1.3119e+02
-1.3841e+02 -1.3802e+02 -1.3464e+02 -1.3033e+02
-1.3838e+02 -1.3772e+02 -1.3392e+02 -1.5943e+02
-1.3839e+02 -1.3783e+02 -1.3562e+02 -1.8170e+02
# New trial
-1.3841e+02 -1.3804e+02 -1.3518e+02 -1.3339e+02
-1.3840e+02 -1.3793e+02 -1.3455e+02 -1.3021e+02
-1.3839e+02 -1.3779e+02 -1.3403e+02 -1.5094e+02
-1.3842e+02 -1.3812e+02 -1.3646e+02 -1.8201e+02
# New trial
-1.3841e+02 -1.3806e+02 -1.3477e+02 -1.2922e+02
-1.3840e+02 -1.3794e+02 -1.3374e+02 -1.2923e+02
-1.3836e+02 -1.3754e+02 -1.3127e+02 -1.2923e+02
-1.3836e+02 -1.3755e+02 -1.3091e+02 -1.2922e+02
# New trial
-1.3843e+02 -1.3821e+02 -1.3620e+02 -1.3055e+02
-1.3842e+02 -1.3810e+02 -1.3508e+02 -1.2960e+02
-1.3839e+02 -1.3784e+02 -1.3297e+02 -1.3281e+02
-1.3836e+02 -1.3757e+02 -1.3208e+02 -1.4521e+02
# New trial
-1.3841e+02 -1.3800e+02 -1.3573e+02 -1.4744e+02
-1.3838e+02 -1.3776e+02 -1.3332e+02 -1.2923e+02
-1.3833e+02 -1.3719e+02 -1.3004e+02 -1.2922e+02
-1.3835e+02 -1.3739e+02 -1.3023e+02 -1.2922e+02
# New trial
-1.3840e+02 -1.3799e+02 -1.3648e+02 -1.6008e+02
-1.3839e+02 -1.3779e+02 -1.3349e+02 -1.2923e+02
-1.3834e+02 -1.3736e+02 -1.3185e+02 -1.3611e+02
-1.3837e+02 -1.3764e+02 -1.3389e+02 -1.6863e+02
# New trial
-1.3842e+02 -1.3815e+02 -1.3572e+02 -1.2952e+02
-1.3841e+02 -1.3798e+02 -1.3427e+02 -1.2927e+02
-1.3837e+02 -1.3762e+02 -1.3257e+02 -1.3332e+02
-1.3840e+02 -1.3788e+02 -1.3538e+02 -1.8312e+02
# New trial
-1.3843e+02 -1.3821e+02 -1.3614e+02 -1.3233e+02
-1.3842e+02 -1.3807e+02 -1.3479e+02 -1.2923e+02
-1.3838e+02 -1.3767e+02 -1.3149e+02 -1.2922e+02
-1.3835e+02 -1.3739e+02 -1.3036e+02 -1.2922e+02
# New trial
-1.3842e+02 -1.3815e+02 -1.3564e+02 -1.3550e+02
-1.3841e+02 -1.3804e+02 -1.3475e+02 -1.2961e+02
-1.3838e+02 -1.3776e+02 -1.3296e+02 -1.3115e+02
-1.3838e+02 -1.3771e+02 -1.3282e+02 -1.4516e+02
# New trial
-1.3842e+02 -1.3816e+02 -1.3644e+02 -1.5321e+02
-1.3840e+02 -1.3797e+02 -1.3441e+02 -1.2929e+02
-1.3836e+02 -1.3752e+02 -1.3188e+02 -1.2929e+02
-1.3836e+02 -1.3754e+02 -1.3268e+02 -1.5218e+02
# New trial
-1.3841e+02 -1.3806e+02 -1.3535e+02 -1.3396e+02
-1.3840e+02 -1.3794e+02 -1.3424e+02 -1.2929e+02
-1.3838e+02 -1.3771e+02 -1.3278e+02 -1.3002e+02
-1.3841e+02 -1.3800e+02 -1.3480e+02 -1.4939e+02
# New trial
-1.3842e+02 -1.3810e+02 -1.3567e+02 -1.4927e+02
-1.3840e+02 -1.3797e+02 -1.3424e+02 -1.2925e+02
-1.3837e+02 -1.3764e+02 -1.3195e+02 -1.2922e+02
-1.3838e+02 -1.3776e+02 -1.3285e+02 -1.3369e+02
# New trial
-1.3842e+02 -1.3810e+02 -1.3524e+02 -1.2990e+02
-1.3841e+02 -1.3800e+02 -1.3440e+02 -1.2978e+02
-1.3838e+02 -1.3775e+02 -1.3287e+02 -1.3246e+02
-1.3838e+02 -1.3774e+02 -1.3311e+02 -1.4651e+02
# New trial
-1.3842e+02 -1.3812e+02 -1.3535e+02 -1.2995e+02
-1.3841e+02 -1.3803e+02 -1.3462e+02 -1.2928e+02
-1.3839e+02 -1.3779e+02 -1.3325e+02 -1.3435e+02
-1.3838e+02 -1.3773e+02 -1.3261e+02 -1.3535e+02
# New trial
-1.3842e+02 -1.3812e+02 -1.3554e+02 -1.4521e+02
-1.3842e+02 -1.3810e+02 -1.3520e+02 -1.2987e+02
-1.3840e+02 -1.3797e+02 -1.3407e+02 -1.3329e+02
-1.3841e+02 -1.3806e+02 -1.3495e+02 -1.4960e+02
# New trial
-1.3842e+02 -1.3810e+02 -1.3619e+02 -1.5096e+02
-1.3840e+02 -1.3794e+02 -1.3384e+02 -1.2923e+02
-1.3837e+02 -1.3758e+02 -1.3155e+02 -1.2955e+02
-1.3835e+02 -1.3738e+02 -1.3128e+02 -1.3556e+02
# New trial
-1.3843e+02 -1.3820e+02 -1.3611e+02 -1.3109e+02
-1.3842e+02 -1.3812e+02 -1.3533e+02 -1.3013e+02
-1.3840e+02 -1.3792e+02 -1.3374e+02 -1.3006e+02
-1.3843e+02 -1.3822e+02 -1.3628e+02 -1.3451e+02
# New trial
-1.3842e+02 -1.3811e+02 -1.3584e+02 -1.4498e+02
-1.3840e+02 -1.3790e+02 -1.3374e+02 -1.2950e+02
-1.3834e+02 -1.3729e+02 -1.3069e+02 -1.2923e+02
-1.3832e+02 -1.3711e+02 -1.3047e+02 -1.2933e+02
# New trial
-1.3842e+02 -1.3814e+02 -1.3560e+02 -1.3412e+02
-1.3841e+02 -1.3802e+02 -1.3453e+02 -1.2930e+02
-1.3837e+02 -1.3765e+02 -1.3219e+02 -1.2996e+02
-1.3833e+02 -1.3723e+02 -1.2999e+02 -1.2922e+02
# New trial
-1.3842e+02 -1.3816e+02 -1.3572e+02 -1.2966e+02
-1.3842e+02 -1.3810e+02 -1.3528e+02 -1.2971e+02
-1.3840e+02 -1.3795e+02 -1.3409e+02 -1.3035e+02
-1.3841e+02 -1.3797e+02 -1.3416e+02 -1.3835e+02
# New trial
