# 0.1sig - Array shape (trial/sig/alpha): (30, 4, 4)
-1.3806e+02 -1.3465e+02 -1.1255e+02 -1.5679e+02
-1.3800e+02 -1.3410e+02 -1.0969e+02 -8.7961e+01
-1.3787e+02 -1.3290e+02 -1.1009e+02 -1.5850e+02
-1.3817e+02 -1.3577e+02 -1.2401e+02 -2.8947e+02
# New trial
-1.3822e+02 -1.3611e+02 -1.1867e+02 -9.1310e+01
-1.3813e+02 -1.3531e+02 -1.1266e+02 -8.7933e+01
-1.3793e+02 -1.3326e+02 -9.8566e+01 -8.7987e+01
-1.3794e+02 -1.3339e+02 -9.9725e+01 -9.3121e+01
# New trial
-1.3822e+02 -1.3614e+02 -1.2181e+02 -1.3937e+02
-1.3809e+02 -1.3486e+02 -1.0741e+02 -8.7732e+01
-1.3786e+02 -1.3253e+02 -9.3716e+01 -8.7687e+01
-1.3789e+02 -1.3283e+02 -9.7923e+01 -8.7687e+01
# New trial
-1.3817e+02 -1.3568e+02 -1.1552e+02 -1.0397e+02
-1.3811e+02 -1.3508e+02 -1.1046e+02 -9.3859e+01
-1.3792e+02 -1.3316e+02 -1.0888e+02 -2.0043e+02
-1.3792e+02 -1.3317e+02 -1.1010e+02 -2.3544e+02
# New trial
-1.3828e+02 -1.3680e+02 -1.2671e+02 -2.0215e+02
-1.3821e+02 -1.3609e+02 -1.1811e+02 -9.2311e+01
-1.3806e+02 -1.3455e+02 -1.0882e+02 -1.1997e+02
-1.3810e+02 -1.3498e+02 -1.1192e+02 -1.8112e+02
# New trial
-1.3829e+02 -1.3682e+02 -1.2399e+02 -1.0225e+02
-1.3822e+02 -1.3613e+02 -1.1796e+02 -8.9359e+01
-1.3811e+02 -1.3502e+02 -1.1047e+02 -1.0125e+02
-1.3823e+02 -1.3626e+02 -1.1872e+02 -1.4446e+02
# New trial
-1.3824e+02 -1.3635e+02 -1.1969e+02 -9.4414e+01
-1.3818e+02 -1.3570e+02 -1.1401e+02 -8.8842e+01
-1.3802e+02 -1.3419e+02 -1.0224e+02 -8.7729e+01
-1.3811e+02 -1.3506e+02 -1.1101e+02 -2.0343e+02
# New trial
-1.3816e+02 -1.3552e+02 -1.1593e+02 -1.3971e+02
-1.3810e+02 -1.3501e+02 -1.1283e+02 -9.3961e+01
-1.3804e+02 -1.3441e+02 -1.1568e+02 -2.2847e+02
-1.3825e+02 -1.3645e+02 -1.2963e+02 -4.1410e+02
# New trial
-1.3812e+02 -1.3519e+02 -1.1493e+02 -9.1441e+01
-1.3801e+02 -1.3414e+02 -1.0966e+02 -8.8470e+01
-1.3785e+02 -1.3266e+02 -1.0730e+02 -1.4296e+02
-1.3816e+02 -1.3558e+02 -1.2211e+02 -2.8390e+02
# New trial
-1.3823e+02 -1.3619e+02 -1.1870e+02 -9.1020e+01
-1.3814e+02 -1.3536e+02 -1.1218e+02 -8.8261e+01
-1.3794e+02 -1.3333e+02 -9.9146e+01 -9.6318e+01
-1.3800e+02 -1.3395e+02 -1.0469e+02 -1.7550e+02
# New trial
-1.3826e+02 -1.3649e+02 -1.2106e+02 -9.9442e+01
-1.3816e+02 -1.3558e+02 -1.1378e+02 -8.7780e+01
-1.3793e+02 -1.3327e+02 -1.0141e+02 -1.0613e+02
-1.3792e+02 -1.3321e+02 -1.0702e+02 -2.3071e+02
# New trial
-1.3817e+02 -1.3571e+02 -1.1861e+02 -1.1809e+02
-1.3811e+02 -1.3513e+02 -1.1517e+02 -9.7796e+01
-1.3797e+02 -1.3378e+02 -1.0897e+02 -1.6259e+02
-1.3819e+02 -1.3585e+02 -1.2005e+02 -2.7086e+02
# New trial
-1.3822e+02 -1.3617e+02 -1.1960e+02 -1.0965e+02
-1.3817e+02 -1.3565e+02 -1.1542e+02 -1.0184e+02
-1.3803e+02 -1.3432e+02 -1.1165e+02 -1.8982e+02
-1.3819e+02 -1.3587e+02 -1.2079e+02 -2.6480e+02
# New trial
-1.3828e+02 -1.3678e+02 -1.2394e+02 -1.1000e+02
-1.3821e+02 -1.3606e+02 -1.1611e+02 -8.9906e+01
-1.3806e+02 -1.3454e+02 -1.0724e+02 -1.3537e+02
-1.3798e+02 -1.3378e+02 -1.1067e+02 -2.5159e+02
# New trial
-1.3815e+02 -1.3552e+02 -1.2290e+02 -1.7154e+02
-1.3800e+02 -1.3402e+02 -1.0822e+02 -8.7931e+01
-1.3773e+02 -1.3142e+02 -9.9113e+01 -1.0457e+02
-1.3800e+02 -1.3396e+02 -1.1369e+02 -2.9313e+02
# New trial
-1.3816e+02 -1.3562e+02 -1.2642e+02 -2.3964e+02
-1.3803e+02 -1.3430e+02 -1.0995e+02 -8.8254e+01
-1.3770e+02 -1.3119e+02 -9.8430e+01 -1.0612e+02
-1.3785e+02 -1.3250e+02 -1.1088e+02 -2.7599e+02
# New trial
-1.3824e+02 -1.3630e+02 -1.1969e+02 -9.2542e+01
-1.3814e+02 -1.3536e+02 -1.1232e+02 -8.9283e+01
-1.3792e+02 -1.3320e+02 -1.0116e+02 -1.0991e+02
-1.3802e+02 -1.3415e+02 -1.1458e+02 -3.0320e+02
# New trial
-1.3829e+02 -1.3680e+02 -1.2360e+02 -1.0651e+02
-1.3820e+02 -1.3596e+02 -1.1583e+02 -9.0632e+01
-1.3799e+02 -1.3387e+02 -1.0084e+02 -9.5549e+01
-1.3791e+02 -1.3301e+02 -9.9658e+01 -1.2576e+02
# New trial
-1.3825e+02 -1.3647e+02 -1.1985e+02 -9.3990e+01
-1.3819e+02 -1.3586e+02 -1.1518e+02 -8.8931e+01
-1.3807e+02 -1.3461e+02 -1.0729e+02 -1.0980e+02
-1.3815e+02 -1.3539e+02 -1.1293e+02 -1.8683e+02
# New trial
-1.3827e+02 -1.3665e+02 -1.3001e+02 -2.6299e+02
-1.3817e+02 -1.3569e+02 -1.1714e+02 -9.0855e+01
-1.3795e+02 -1.3354e+02 -1.0907e+02 -1.6068e+02
-1.3804e+02 -1.3435e+02 -1.2009e+02 -3.3151e+02
# New trial
-1.3822e+02 -1.3622e+02 -1.2344e+02 -1.4719e+02
-1.3814e+02 -1.3542e+02 -1.1531e+02 -8.9127e+01
-1.3799e+02 -1.3394e+02 -1.0693e+02 -1.2049e+02
-1.3814e+02 -1.3535e+02 -1.1688e+02 -2.4479e+02
# New trial
-1.3824e+02 -1.3638e+02 -1.2366e+02 -1.8573e+02
-1.3818e+02 -1.3578e+02 -1.1735e+02 -9.1920e+01
-1.3802e+02 -1.3424e+02 -1.0873e+02 -1.3609e+02
-1.3811e+02 -1.3510e+02 -1.1245e+02 -1.8381e+02
# New trial
-1.3822e+02 -1.3617e+02 -1.1798e+02 -9.5261e+01
-1.3815e+02 -1.3540e+02 -1.1194e+02 -9.1169e+01
-1.3798e+02 -1.3374e+02 -1.0294e+02 -1.1314e+02
-1.3807e+02 -1.3464e+02 -1.1004e+02 -2.0507e+02
# New trial
-1.3824e+02 -1.3635e+02 -1.1932e+02 -1.0064e+02
-1.3818e+02 -1.3574e+02 -1.1488e+02 -1.0495e+02
-1.3807e+02 -1.3466e+02 -1.1138e+02 -1.7813e+02
-1.3818e+02 -1.3573e+02 -1.2349e+02 -3.2460e+02
# New trial
-1.3827e+02 -1.3665e+02 -1.2210e+02 -1.1818e+02
-1.3825e+02 -1.3642e+02 -1.1995e+02 -9.0928e+01
-1.3816e+02 -1.3558e+02 -1.1240e+02 -1.0072e+02
-1.3822e+02 -1.3615e+02 -1.1772e+02 -1.6442e+02
# New trial
-1.3821e+02 -1.3614e+02 -1.2705e+02 -2.2333e+02
-1.3811e+02 -1.3506e+02 -1.1045e+02 -8.8703e+01
-1.3790e+02 -1.3295e+02 -9.7982e+01 -8.8058e+01
-1.3790e+02 -1.3300e+02 -9.9487e+01 -8.7695e+01
# New trial
-1.3826e+02 -1.3652e+02 -1.2162e+02 -1.1066e+02
-1.3824e+02 -1.3636e+02 -1.2063e+02 -1.1223e+02
-1.3820e+02 -1.3595e+02 -1.1915e+02 -2.0492e+02
-1.3833e+02 -1.3726e+02 -1.2872e+02 -2.6949e+02
# New trial
-1.3819e+02 -1.3587e+02 -1.2069e+02 -1.7330e+02
-1.3809e+02 -1.3489e+02 -1.0966e+02 -9.1433e+01
-1.3782e+02 -1.3221e+02 -1.0335e+02 -1.6832e+02
-1.3789e+02 -1.3288e+02 -1.0416e+02 -1.7535e+02
# New trial
-1.3824e+02 -1.3630e+02 -1.1957e+02 -9.6119e+01
-1.3816e+02 -1.3549e+02 -1.1185e+02 -8.8421e+01
-1.3794e+02 -1.3334e+02 -1.0108e+02 -1.0160e+02
-1.3789e+02 -1.3285e+02 -1.0011e+02 -1.3460e+02
# New trial
-1.3828e+02 -1.3677e+02 -1.2262e+02 -9.9890e+01
-1.3825e+02 -1.3646e+02 -1.2010e+02 -1.0154e+02
-1.3821e+02 -1.3608e+02 -1.1727e+02 -1.2334e+02
-1.3831e+02 -1.3703e+02 -1.2545e+02 -1.8605e+02
# New trial
