# 0.01sig - Array shape (trial/sig/alpha): (30L, 4L, 4L)
-6.4277e+01 -6.1450e+01 -5.0228e+01 -7.0402e+01
-6.4350e+01 -6.2133e+01 -5.3083e+01 -8.3634e+01
-6.4518e+01 -6.3735e+01 -6.0786e+01 -1.5114e+02
-6.4603e+01 -6.4537e+01 -6.5009e+01 -1.8347e+02
# New trial
-6.4347e+01 -6.2150e+01 -5.6796e+01 -1.2462e+02
-6.4406e+01 -6.2740e+01 -6.0282e+01 -1.4017e+02
-6.4553e+01 -6.4099e+01 -6.4985e+01 -1.7734e+02
-6.4607e+01 -6.4578e+01 -6.5098e+01 -1.6688e+02
# New trial
-6.4341e+01 -6.2067e+01 -5.2057e+01 -5.3741e+01
-6.4392e+01 -6.2542e+01 -5.5295e+01 -9.4031e+01
-6.4505e+01 -6.3595e+01 -6.0872e+01 -1.7074e+02
-6.4604e+01 -6.4534e+01 -6.4167e+01 -1.3032e+02
# New trial
-6.4375e+01 -6.2525e+01 -5.8868e+01 -1.2832e+02
-6.4386e+01 -6.2626e+01 -5.8382e+01 -1.2783e+02
-6.4536e+01 -6.3966e+01 -6.3781e+01 -1.4893e+02
-6.4607e+01 -6.4584e+01 -6.5264e+01 -1.4952e+02
# New trial
-6.4423e+01 -6.2868e+01 -5.6837e+01 -9.8248e+01
-6.4410e+01 -6.2716e+01 -5.5508e+01 -9.6586e+01
-6.4495e+01 -6.3492e+01 -5.8744e+01 -1.3086e+02
-6.4597e+01 -6.4475e+01 -6.3708e+01 -1.2390e+02
# New trial
-6.4332e+01 -6.2025e+01 -5.6963e+01 -1.1240e+02
-6.4429e+01 -6.2923e+01 -5.8345e+01 -1.1000e+02
-6.4572e+01 -6.4255e+01 -6.4293e+01 -1.5972e+02
-6.4613e+01 -6.4631e+01 -6.5064e+01 -1.1148e+02
# New trial
-6.4375e+01 -6.2397e+01 -5.6516e+01 -1.1648e+02
-6.4411e+01 -6.2771e+01 -5.9387e+01 -1.3527e+02
-6.4556e+01 -6.4111e+01 -6.3807e+01 -1.5167e+02
-6.4610e+01 -6.4599e+01 -6.4850e+01 -1.1303e+02
# New trial
-6.4245e+01 -6.1203e+01 -4.8337e+01 -4.2171e+01
-6.4328e+01 -6.1924e+01 -5.0394e+01 -6.6723e+01
-6.4494e+01 -6.3461e+01 -5.6071e+01 -9.5558e+01
-6.4603e+01 -6.4531e+01 -6.4013e+01 -8.2907e+01
# New trial
-6.4384e+01 -6.2539e+01 -6.0558e+01 -1.5482e+02
-6.4392e+01 -6.2603e+01 -6.0747e+01 -1.6357e+02
-6.4463e+01 -6.3205e+01 -6.1228e+01 -1.8796e+02
-6.4598e+01 -6.4478e+01 -6.3720e+01 -1.0205e+02
# New trial
-6.4352e+01 -6.2205e+01 -5.5417e+01 -1.0170e+02
-6.4482e+01 -6.3433e+01 -6.1618e+01 -1.4091e+02
-6.4592e+01 -6.4444e+01 -6.6763e+01 -2.1209e+02
-6.4610e+01 -6.4603e+01 -6.5264e+01 -1.7432e+02
# New trial
-6.4356e+01 -6.2390e+01 -5.9748e+01 -1.2890e+02
-6.4412e+01 -6.2868e+01 -6.1944e+01 -1.5653e+02
-6.4541e+01 -6.4005e+01 -6.7977e+01 -2.6739e+02
-6.4610e+01 -6.4603e+01 -6.5185e+01 -1.5730e+02
# New trial
-6.4442e+01 -6.2959e+01 -5.3670e+01 -6.1085e+01
-6.4520e+01 -6.3722e+01 -5.8352e+01 -8.8091e+01
-6.4594e+01 -6.4436e+01 -6.3341e+01 -8.6987e+01
-6.4611e+01 -6.4602e+01 -6.4572e+01 -6.7016e+01
# New trial
-6.4346e+01 -6.2075e+01 -5.3811e+01 -1.1473e+02
-6.4367e+01 -6.2267e+01 -5.2981e+01 -9.5282e+01
-6.4462e+01 -6.3158e+01 -5.6444e+01 -1.0615e+02
-6.4599e+01 -6.4487e+01 -6.3610e+01 -7.5597e+01
# New trial
-6.4457e+01 -6.3120e+01 -5.6037e+01 -7.6719e+01
-6.4452e+01 -6.3070e+01 -5.5007e+01 -6.9422e+01
-6.4515e+01 -6.3668e+01 -5.8097e+01 -1.0262e+02
-6.4595e+01 -6.4444e+01 -6.3067e+01 -6.7246e+01
# New trial
-6.4438e+01 -6.2917e+01 -5.4114e+01 -9.1400e+01
-6.4506e+01 -6.3575e+01 -5.7363e+01 -8.8891e+01
-6.4584e+01 -6.4348e+01 -6.3035e+01 -1.5030e+02
-6.4612e+01 -6.4614e+01 -6.4961e+01 -1.5579e+02
# New trial
-6.4256e+01 -6.1334e+01 -4.9315e+01 -4.6101e+01
-6.4399e+01 -6.2719e+01 -5.8467e+01 -1.0379e+02
-6.4557e+01 -6.4156e+01 -6.4951e+01 -1.7240e+02
-6.4602e+01 -6.4536e+01 -6.4546e+01 -1.0430e+02
# New trial
-6.4410e+01 -6.2720e+01 -5.6049e+01 -8.6709e+01
-6.4446e+01 -6.3088e+01 -5.9548e+01 -1.2873e+02
-6.4525e+01 -6.3822e+01 -6.3385e+01 -1.7727e+02
-6.4600e+01 -6.4507e+01 -6.4153e+01 -1.1403e+02
# New trial
-6.4374e+01 -6.2647e+01 -6.2569e+01 -1.4814e+02
-6.4452e+01 -6.3303e+01 -6.5252e+01 -1.9587e+02
-6.4569e+01 -6.4263e+01 -6.5989e+01 -1.9205e+02
-6.4608e+01 -6.4584e+01 -6.4724e+01 -1.0192e+02
# New trial
-6.4451e+01 -6.3036e+01 -5.4217e+01 -8.0001e+01
-6.4492e+01 -6.3447e+01 -5.6704e+01 -7.9960e+01
-6.4557e+01 -6.4070e+01 -6.0171e+01 -8.1325e+01
-6.4605e+01 -6.4544e+01 -6.3975e+01 -6.8786e+01
# New trial
-6.4419e+01 -6.2769e+01 -5.4615e+01 -9.3591e+01
-6.4503e+01 -6.3577e+01 -5.8667e+01 -8.9580e+01
-6.4587e+01 -6.4382e+01 -6.3679e+01 -1.5684e+02
-6.4610e+01 -6.4594e+01 -6.4519e+01 -7.4429e+01
# New trial
-6.4348e+01 -6.2156e+01 -5.4351e+01 -9.7887e+01
-6.4442e+01 -6.3073e+01 -5.8759e+01 -9.3056e+01
-6.4576e+01 -6.4306e+01 -6.4581e+01 -1.3460e+02
-6.4611e+01 -6.4607e+01 -6.4828e+01 -9.8594e+01
# New trial
-6.4331e+01 -6.1958e+01 -5.6407e+01 -1.2467e+02
-6.4424e+01 -6.2835e+01 -5.7185e+01 -1.0570e+02
-6.4553e+01 -6.4082e+01 -6.3926e+01 -1.7479e+02
-6.4605e+01 -6.4555e+01 -6.4968e+01 -1.7181e+02
# New trial
-6.4458e+01 -6.3144e+01 -5.8915e+01 -1.2060e+02
-6.4500e+01 -6.3551e+01 -5.9991e+01 -1.1862e+02
-6.4577e+01 -6.4281e+01 -6.3397e+01 -1.3186e+02
-6.4611e+01 -6.4608e+01 -6.4670e+01 -8.1004e+01
# New trial
-6.4324e+01 -6.2172e+01 -5.9755e+01 -1.4348e+02
-6.4378e+01 -6.2645e+01 -6.0429e+01 -1.2302e+02
-6.4552e+01 -6.4099e+01 -6.5298e+01 -1.7747e+02
-6.4611e+01 -6.4610e+01 -6.4783e+01 -1.0235e+02
# New trial
-6.4439e+01 -6.2972e+01 -5.7437e+01 -1.1483e+02
-6.4465e+01 -6.3260e+01 -6.0064e+01 -1.2462e+02
-6.4528e+01 -6.3843e+01 -6.2409e+01 -1.7595e+02
-6.4608e+01 -6.4579e+01 -6.4639e+01 -1.1972e+02
# New trial
-6.4377e+01 -6.2408e+01 -5.7707e+01 -1.3726e+02
-6.4468e+01 -6.3277e+01 -6.0712e+01 -1.3389e+02
-6.4580e+01 -6.4330e+01 -6.4672e+01 -1.6729e+02
-6.4610e+01 -6.4597e+01 -6.4579e+01 -6.9359e+01
# New trial
-6.4434e+01 -6.2934e+01 -5.7826e+01 -1.0910e+02
-6.4456e+01 -6.3162e+01 -5.9384e+01 -1.1643e+02
-6.4559e+01 -6.4142e+01 -6.4728e+01 -1.8036e+02
-6.4607e+01 -6.4573e+01 -6.4709e+01 -1.1782e+02
# New trial
-6.4455e+01 -6.3117e+01 -5.6057e+01 -7.7732e+01
-6.4433e+01 -6.2922e+01 -5.5609e+01 -7.4422e+01
-6.4500e+01 -6.3543e+01 -5.8236e+01 -1.0839e+02
-6.4599e+01 -6.4487e+01 -6.3933e+01 -1.2870e+02
# New trial
-6.4352e+01 -6.2098e+01 -5.3170e+01 -1.0698e+02
-6.4448e+01 -6.3022e+01 -5.5647e+01 -8.7427e+01
-6.4570e+01 -6.4211e+01 -6.1842e+01 -9.4251e+01
-6.4609e+01 -6.4584e+01 -6.4444e+01 -6.5198e+01
# New trial
-6.4339e+01 -6.2186e+01 -6.3473e+01 -1.8719e+02
-6.4444e+01 -6.3106e+01 -6.2637e+01 -1.5402e+02
-6.4569e+01 -6.4224e+01 -6.4576e+01 -1.6907e+02
-6.4608e+01 -6.4583e+01 -6.5081e+01 -1.7377e+02
# New trial
