# 0.1sig - Array shape (trial/sig/alpha): (30, 4, 4)
-1.7070e+02 -1.7015e+02 -1.6610e+02 -1.9017e+02
-1.7068e+02 -1.6997e+02 -1.6486e+02 -1.5757e+02
-1.7062e+02 -1.6939e+02 -1.6234e+02 -1.5961e+02
-1.7062e+02 -1.6944e+02 -1.6112e+02 -1.7093e+02
# New trial
-1.7071e+02 -1.7029e+02 -1.6654e+02 -1.5871e+02
-1.7070e+02 -1.7012e+02 -1.6518e+02 -1.5896e+02
-1.7064e+02 -1.6961e+02 -1.6185e+02 -1.6060e+02
-1.7061e+02 -1.6925e+02 -1.5984e+02 -1.5866e+02
# New trial
-1.7071e+02 -1.7032e+02 -1.6693e+02 -1.6412e+02
-1.7069e+02 -1.7005e+02 -1.6421e+02 -1.5698e+02
-1.7062e+02 -1.6940e+02 -1.6019e+02 -1.6362e+02
-1.7057e+02 -1.6884e+02 -1.6098e+02 -1.8902e+02
# New trial
-1.7071e+02 -1.7023e+02 -1.6588e+02 -1.6857e+02
-1.7069e+02 -1.7007e+02 -1.6446e+02 -1.5718e+02
-1.7064e+02 -1.6957e+02 -1.6159e+02 -1.6048e+02
-1.7061e+02 -1.6926e+02 -1.6104e+02 -1.7411e+02
# New trial
-1.7073e+02 -1.7042e+02 -1.6784e+02 -1.7097e+02
-1.7071e+02 -1.7025e+02 -1.6612e+02 -1.6537e+02
-1.7067e+02 -1.6989e+02 -1.6401e+02 -1.7977e+02
-1.7067e+02 -1.6992e+02 -1.6479e+02 -1.9657e+02
# New trial
-1.7072e+02 -1.7039e+02 -1.6722e+02 -1.5760e+02
-1.7071e+02 -1.7025e+02 -1.6599e+02 -1.5729e+02
-1.7067e+02 -1.6986e+02 -1.6313e+02 -1.5712e+02
-1.7066e+02 -1.6981e+02 -1.6271e+02 -1.6083e+02
# New trial
-1.7072e+02 -1.7034e+02 -1.6666e+02 -1.5694e+02
-1.7070e+02 -1.7020e+02 -1.6548e+02 -1.5694e+02
-1.7066e+02 -1.6980e+02 -1.6248e+02 -1.5753e+02
-1.7064e+02 -1.6962e+02 -1.6162e+02 -1.6313e+02
# New trial
-1.7071e+02 -1.7026e+02 -1.6642e+02 -1.7074e+02
-1.7069e+02 -1.7010e+02 -1.6528e+02 -1.5917e+02
-1.7065e+02 -1.6970e+02 -1.6327e+02 -1.7226e+02
-1.7067e+02 -1.6984e+02 -1.6395e+02 -1.8297e+02
# New trial
-1.7070e+02 -1.7013e+02 -1.6541e+02 -1.5750e+02
-1.7067e+02 -1.6989e+02 -1.6397e+02 -1.5700e+02
-1.7063e+02 -1.6951e+02 -1.6296e+02 -1.7656e+02
-1.7070e+02 -1.7019e+02 -1.6651e+02 -1.9671e+02
# New trial
-1.7072e+02 -1.7032e+02 -1.6663e+02 -1.5880e+02
-1.7070e+02 -1.7017e+02 -1.6528e+02 -1.5790e+02
-1.7066e+02 -1.6979e+02 -1.6222e+02 -1.5698e+02
-1.7066e+02 -1.6977e+02 -1.6269e+02 -1.5954e+02
# New trial
-1.7072e+02 -1.7038e+02 -1.6717e+02 -1.6033e+02
-1.7070e+02 -1.7018e+02 -1.6537e+02 -1.5743e+02
-1.7064e+02 -1.6958e+02 -1.6159e+02 -1.5895e+02
-1.7059e+02 -1.6910e+02 -1.5982e+02 -1.6752e+02
# New trial
-1.7071e+02 -1.7024e+02 -1.6642e+02 -1.6439e+02
-1.7069e+02 -1.7004e+02 -1.6502e+02 -1.6041e+02
-1.7063e+02 -1.6947e+02 -1.6196e+02 -1.6571e+02
-1.7064e+02 -1.6954e+02 -1.6143e+02 -1.5865e+02
# New trial
-1.7071e+02 -1.7031e+02 -1.6645e+02 -1.5799e+02
-1.7070e+02 -1.7014e+02 -1.6509e+02 -1.5838e+02
-1.7065e+02 -1.6965e+02 -1.6210e+02 -1.6093e+02
-1.7065e+02 -1.6972e+02 -1.6246e+02 -1.7176e+02
# New trial
-1.7072e+02 -1.7039e+02 -1.6723e+02 -1.5776e+02
-1.7071e+02 -1.7026e+02 -1.6594e+02 -1.5696e+02
-1.7068e+02 -1.6994e+02 -1.6339e+02 -1.6316e+02
-1.7065e+02 -1.6962e+02 -1.6112e+02 -1.5693e+02
# New trial
-1.7069e+02 -1.7010e+02 -1.6592e+02 -1.7005e+02
-1.7067e+02 -1.6993e+02 -1.6395e+02 -1.5706e+02
-1.7064e+02 -1.6958e+02 -1.6154e+02 -1.6152e+02
-1.7066e+02 -1.6978e+02 -1.6296e+02 -1.6157e+02
# New trial
-1.7069e+02 -1.7005e+02 -1.6625e+02 -1.8469e+02
-1.7066e+02 -1.6976e+02 -1.6238e+02 -1.5691e+02
-1.7059e+02 -1.6908e+02 -1.6009e+02 -1.6210e+02
-1.7061e+02 -1.6929e+02 -1.5984e+02 -1.5745e+02
# New trial
-1.7072e+02 -1.7032e+02 -1.6657e+02 -1.5697e+02
-1.7070e+02 -1.7013e+02 -1.6481e+02 -1.5695e+02
-1.7064e+02 -1.6961e+02 -1.6107e+02 -1.5736e+02
-1.7062e+02 -1.6941e+02 -1.6007e+02 -1.5694e+02
# New trial
-1.7073e+02 -1.7044e+02 -1.6769e+02 -1.5901e+02
-1.7071e+02 -1.7027e+02 -1.6611e+02 -1.5714e+02
-1.7066e+02 -1.6977e+02 -1.6178e+02 -1.5692e+02
-1.7059e+02 -1.6911e+02 -1.5813e+02 -1.5691e+02
# New trial
-1.7072e+02 -1.7040e+02 -1.6736e+02 -1.6521e+02
-1.7071e+02 -1.7025e+02 -1.6609e+02 -1.5879e+02
-1.7066e+02 -1.6980e+02 -1.6281e+02 -1.5847e+02
-1.7064e+02 -1.6957e+02 -1.6128e+02 -1.5974e+02
# New trial
-1.7072e+02 -1.7035e+02 -1.6739e+02 -1.8030e+02
-1.7069e+02 -1.7011e+02 -1.6491e+02 -1.5698e+02
-1.7062e+02 -1.6942e+02 -1.6006e+02 -1.5691e+02
-1.7060e+02 -1.6916e+02 -1.5913e+02 -1.5728e+02
# New trial
-1.7071e+02 -1.7028e+02 -1.6672e+02 -1.6031e+02
-1.7070e+02 -1.7012e+02 -1.6529e+02 -1.5706e+02
-1.7065e+02 -1.6972e+02 -1.6264e+02 -1.5723e+02
-1.7066e+02 -1.6974e+02 -1.6235e+02 -1.7387e+02
# New trial
-1.7072e+02 -1.7035e+02 -1.6752e+02 -1.9151e+02
-1.7070e+02 -1.7016e+02 -1.6542e+02 -1.5754e+02
-1.7065e+02 -1.6965e+02 -1.6138e+02 -1.5691e+02
-1.7063e+02 -1.6952e+02 -1.6014e+02 -1.5691e+02
# New trial
-1.7072e+02 -1.7035e+02 -1.6688e+02 -1.5726e+02
-1.7070e+02 -1.7019e+02 -1.6537e+02 -1.5699e+02
-1.7065e+02 -1.6965e+02 -1.6141e+02 -1.5693e+02
-1.7062e+02 -1.6939e+02 -1.5967e+02 -1.5691e+02
# New trial
-1.7072e+02 -1.7035e+02 -1.6702e+02 -1.6524e+02
-1.7070e+02 -1.7019e+02 -1.6556e+02 -1.5788e+02
-1.7066e+02 -1.6981e+02 -1.6259e+02 -1.5983e+02
-1.7068e+02 -1.6998e+02 -1.6398e+02 -1.7360e+02
# New trial
-1.7072e+02 -1.7037e+02 -1.6698e+02 -1.5746e+02
-1.7071e+02 -1.7031e+02 -1.6645e+02 -1.5704e+02
-1.7069e+02 -1.7008e+02 -1.6458e+02 -1.6310e+02
-1.7069e+02 -1.7006e+02 -1.6439e+02 -1.6464e+02
# New trial
-1.7071e+02 -1.7027e+02 -1.6678e+02 -1.7941e+02
-1.7069e+02 -1.7007e+02 -1.6432e+02 -1.5692e+02
-1.7064e+02 -1.6955e+02 -1.6107e+02 -1.6164e+02
-1.7061e+02 -1.6925e+02 -1.6033e+02 -1.6884e+02
# New trial
-1.7072e+02 -1.7039e+02 -1.6720e+02 -1.5950e+02
-1.7071e+02 -1.7029e+02 -1.6634e+02 -1.5968e+02
-1.7068e+02 -1.6994e+02 -1.6346e+02 -1.5807e+02
-1.7068e+02 -1.6997e+02 -1.6349e+02 -1.5693e+02
# New trial
-1.7071e+02 -1.7026e+02 -1.6654e+02 -1.7465e+02
-1.7069e+02 -1.7006e+02 -1.6435e+02 -1.5693e+02
-1.7063e+02 -1.6947e+02 -1.6031e+02 -1.5692e+02
-1.7064e+02 -1.6960e+02 -1.6078e+02 -1.5692e+02
# New trial
-1.7072e+02 -1.7036e+02 -1.6708e+02 -1.6374e+02
-1.7070e+02 -1.7021e+02 -1.6552e+02 -1.5692e+02
-1.7065e+02 -1.6967e+02 -1.6079e+02 -1.5691e+02
-1.7058e+02 -1.6901e+02 -1.5767e+02 -1.5691e+02
# New trial
-1.7072e+02 -1.7034e+02 -1.6675e+02 -1.5710e+02
-1.7071e+02 -1.7025e+02 -1.6601e+02 -1.5706e+02
-1.7068e+02 -1.7001e+02 -1.6395e+02 -1.5692e+02
-1.7068e+02 -1.7001e+02 -1.6388e+02 -1.6265e+02
# New trial
