# 0.01sig - Array shape (trial/sig/alpha): (30L, 4L, 4L)
-1.0096e+02 -9.6141e+01 -8.3215e+01 -3.1893e+02
-1.0097e+02 -9.6243e+01 -8.2082e+01 -3.3062e+02
-1.0110e+02 -9.7353e+01 -8.1422e+01 -3.6456e+02
-1.0143e+02 -1.0055e+02 -9.5557e+01 -4.3929e+02
# New trial
-1.0088e+02 -9.5565e+01 -8.7937e+01 -3.8809e+02
-1.0091e+02 -9.5724e+01 -7.9682e+01 -2.5746e+02
-1.0109e+02 -9.7393e+01 -8.2275e+01 -2.9943e+02
-1.0143e+02 -1.0054e+02 -9.4353e+01 -2.1551e+02
# New trial
-1.0094e+02 -9.6132e+01 -8.3553e+01 -3.0125e+02
-1.0092e+02 -9.5846e+01 -7.6485e+01 -2.6255e+02
-1.0094e+02 -9.5779e+01 -7.9056e+01 -3.4749e+02
-1.0137e+02 -9.9931e+01 -9.6986e+01 -4.0500e+02
# New trial
-1.0080e+02 -9.5103e+01 -9.2309e+01 -4.4519e+02
-1.0080e+02 -9.5007e+01 -8.9279e+01 -4.2755e+02
-1.0112e+02 -9.7708e+01 -8.8069e+01 -4.1705e+02
-1.0150e+02 -1.0127e+02 -1.0278e+02 -4.7325e+02
# New trial
-1.0117e+02 -9.8197e+01 -9.1801e+01 -3.4598e+02
-1.0105e+02 -9.6965e+01 -8.0229e+01 -3.0909e+02
-1.0099e+02 -9.6269e+01 -7.0234e+01 -2.1348e+02
-1.0130e+02 -9.9261e+01 -8.6985e+01 -2.5248e+02
# New trial
-1.0092e+02 -9.5897e+01 -8.9019e+01 -3.9029e+02
-1.0094e+02 -9.5952e+01 -7.7345e+01 -2.7419e+02
-1.0107e+02 -9.7081e+01 -8.3845e+01 -3.6994e+02
-1.0142e+02 -1.0046e+02 -9.3782e+01 -2.4044e+02
# New trial
-1.0089e+02 -9.5582e+01 -8.4706e+01 -3.2549e+02
-1.0092e+02 -9.5840e+01 -8.0872e+01 -2.5738e+02
-1.0118e+02 -9.8226e+01 -8.5567e+01 -2.9736e+02
-1.0148e+02 -1.0101e+02 -9.8004e+01 -1.7606e+02
# New trial
-1.0085e+02 -9.5364e+01 -8.0912e+01 -2.9667e+02
-1.0090e+02 -9.5554e+01 -7.4194e+01 -2.4962e+02
-1.0104e+02 -9.6769e+01 -7.3937e+01 -2.6497e+02
-1.0143e+02 -1.0047e+02 -9.3296e+01 -2.6134e+02
# New trial
-1.0087e+02 -9.5464e+01 -8.6137e+01 -3.8375e+02
-1.0085e+02 -9.5157e+01 -8.3532e+01 -3.9525e+02
-1.0086e+02 -9.5187e+01 -8.1798e+01 -4.2174e+02
-1.0138e+02 -1.0007e+02 -9.6228e+01 -4.4806e+02
# New trial
-1.0101e+02 -9.6781e+01 -9.1116e+01 -3.9693e+02
-1.0108e+02 -9.7282e+01 -9.0774e+01 -4.1561e+02
-1.0122e+02 -9.8603e+01 -9.3884e+01 -4.2178e+02
-1.0149e+02 -1.0112e+02 -1.0056e+02 -3.5848e+02
# New trial
-1.0080e+02 -9.4827e+01 -7.7024e+01 -2.2376e+02
-1.0091e+02 -9.5827e+01 -7.9890e+01 -2.6767e+02
-1.0120e+02 -9.8537e+01 -1.0470e+02 -5.9289e+02
-1.0151e+02 -1.0135e+02 -1.0139e+02 -2.5725e+02
# New trial
-1.0117e+02 -9.7954e+01 -7.3610e+01 -1.0103e+02
-1.0124e+02 -9.8621e+01 -7.7865e+01 -1.2523e+02
-1.0134e+02 -9.9656e+01 -8.5823e+01 -1.7694e+02
-1.0149e+02 -1.0106e+02 -9.7139e+01 -1.5718e+02
# New trial
-1.0092e+02 -9.5704e+01 -8.1466e+01 -3.6596e+02
-1.0092e+02 -9.5654e+01 -7.6544e+01 -3.2181e+02
-1.0091e+02 -9.5512e+01 -7.1497e+01 -3.1896e+02
-1.0132e+02 -9.9391e+01 -8.4026e+01 -1.1654e+02
# New trial
-1.0117e+02 -9.7957e+01 -7.6523e+01 -1.2992e+02
-1.0114e+02 -9.7657e+01 -7.3631e+01 -1.1610e+02
-1.0115e+02 -9.7791e+01 -7.4783e+01 -1.8697e+02
-1.0138e+02 -1.0002e+02 -9.1626e+01 -2.5342e+02
# New trial
-1.0110e+02 -9.7356e+01 -7.6925e+01 -2.1675e+02
-1.0114e+02 -9.7691e+01 -7.5825e+01 -1.9746e+02
-1.0121e+02 -9.8315e+01 -7.9910e+01 -2.6128e+02
-1.0141e+02 -1.0033e+02 -9.1779e+01 -1.6591e+02
# New trial
-1.0082e+02 -9.5046e+01 -8.2282e+01 -3.5508e+02
-1.0085e+02 -9.5223e+01 -7.8603e+01 -2.7976e+02
-1.0107e+02 -9.7184e+01 -8.2529e+01 -3.2277e+02
-1.0147e+02 -1.0089e+02 -9.7725e+01 -2.8390e+02
# New trial
-1.0087e+02 -9.5333e+01 -7.1812e+01 -1.7301e+02
-1.0098e+02 -9.6406e+01 -7.9127e+01 -2.2605e+02
-1.0119e+02 -9.8352e+01 -9.4814e+01 -4.8822e+02
-1.0147e+02 -1.0098e+02 -1.0009e+02 -4.4594e+02
# New trial
-1.0095e+02 -9.6804e+01 -1.0857e+02 -5.4678e+02
-1.0099e+02 -9.6862e+01 -9.6935e+01 -4.5526e+02
-1.0120e+02 -9.8520e+01 -9.8804e+01 -5.3291e+02
-1.0147e+02 -1.0097e+02 -9.9816e+01 -3.2932e+02
# New trial
-1.0117e+02 -9.7941e+01 -7.6599e+01 -1.8477e+02
-1.0118e+02 -9.8038e+01 -7.3107e+01 -1.2168e+02
-1.0121e+02 -9.8301e+01 -7.3317e+01 -9.8182e+01
-1.0141e+02 -1.0027e+02 -8.9583e+01 -6.6100e+01
# New trial
-1.0107e+02 -9.7124e+01 -7.9587e+01 -2.8426e+02
-1.0113e+02 -9.7627e+01 -7.9486e+01 -2.3587e+02
-1.0123e+02 -9.8583e+01 -8.2699e+01 -2.5066e+02
-1.0145e+02 -1.0077e+02 -9.5612e+01 -2.3107e+02
# New trial
-1.0074e+02 -9.4237e+01 -7.2210e+01 -2.3445e+02
-1.0077e+02 -9.4629e+01 -7.3576e+01 -1.7091e+02
-1.0113e+02 -9.7752e+01 -8.8003e+01 -3.3600e+02
-1.0150e+02 -1.0124e+02 -1.0084e+02 -3.4461e+02
# New trial
-1.0092e+02 -9.5931e+01 -8.9788e+01 -3.9087e+02
-1.0102e+02 -9.6722e+01 -8.0411e+01 -2.3899e+02
-1.0121e+02 -9.8461e+01 -8.8198e+01 -3.3718e+02
-1.0149e+02 -1.0115e+02 -1.0174e+02 -4.1964e+02
# New trial
-1.0121e+02 -9.8442e+01 -9.1188e+01 -3.5578e+02
-1.0120e+02 -9.8314e+01 -8.3005e+01 -2.4074e+02
-1.0120e+02 -9.8223e+01 -7.6535e+01 -1.7897e+02
-1.0138e+02 -1.0003e+02 -8.7448e+01 -9.3708e+01
# New trial
-1.0063e+02 -9.3687e+01 -8.8184e+01 -4.1786e+02
-1.0078e+02 -9.4993e+01 -9.1045e+01 -3.9615e+02
-1.0125e+02 -9.9113e+01 -1.0360e+02 -4.9166e+02
-1.0152e+02 -1.0144e+02 -1.0240e+02 -3.2527e+02
# New trial
-1.0106e+02 -9.7025e+01 -8.0330e+01 -2.4757e+02
-1.0103e+02 -9.6745e+01 -7.7847e+01 -1.8998e+02
-1.0108e+02 -9.7203e+01 -8.4736e+01 -3.9178e+02
-1.0144e+02 -1.0062e+02 -9.4970e+01 -2.4814e+02
# New trial
-1.0100e+02 -9.6480e+01 -8.1418e+01 -3.3643e+02
-1.0107e+02 -9.7125e+01 -7.8192e+01 -2.2379e+02
-1.0121e+02 -9.8429e+01 -8.0623e+01 -2.3114e+02
-1.0147e+02 -1.0093e+02 -9.6521e+01 -1.8493e+02
# New trial
-1.0112e+02 -9.7784e+01 -9.1078e+01 -3.3113e+02
-1.0110e+02 -9.7442e+01 -8.5303e+01 -2.6961e+02
-1.0114e+02 -9.7730e+01 -8.4000e+01 -3.4794e+02
-1.0139e+02 -1.0011e+02 -9.6991e+01 -3.9306e+02
# New trial
-1.0110e+02 -9.7466e+01 -8.5503e+01 -2.8740e+02
-1.0104e+02 -9.6845e+01 -7.7414e+01 -1.9571e+02
-1.0101e+02 -9.6489e+01 -7.2882e+01 -2.3236e+02
-1.0136e+02 -9.9792e+01 -9.0335e+01 -2.7056e+02
# New trial
-1.0106e+02 -9.7139e+01 -8.6654e+01 -3.3162e+02
-1.0114e+02 -9.7727e+01 -7.6477e+01 -1.7344e+02
-1.0123e+02 -9.8527e+01 -7.7688e+01 -1.8585e+02
-1.0143e+02 -1.0051e+02 -9.2194e+01 -1.1192e+02
# New trial
-1.0098e+02 -9.6639e+01 -1.0997e+02 -6.0979e+02
-1.0100e+02 -9.6558e+01 -8.3037e+01 -2.9860e+02
-1.0113e+02 -9.7623e+01 -8.3565e+01 -3.8874e+02
-1.0146e+02 -1.0080e+02 -9.7368e+01 -3.7122e+02
# New trial
