# 0.01sig - Array shape (trial/sig/alpha): (30L, 4L, 4L)
-9.6385e+01 -9.1938e+01 -8.0021e+01 -3.0863e+02
-9.6403e+01 -9.2059e+01 -7.8259e+01 -3.1514e+02
-9.6503e+01 -9.2931e+01 -7.7424e+01 -3.2784e+02
-9.6819e+01 -9.5955e+01 -9.0714e+01 -2.6638e+02
# New trial
-9.6302e+01 -9.1255e+01 -8.4037e+01 -3.8237e+02
-9.6334e+01 -9.1452e+01 -7.5165e+01 -2.4655e+02
-9.6533e+01 -9.3269e+01 -7.7348e+01 -2.6218e+02
-9.6848e+01 -9.6261e+01 -9.2977e+01 -2.8328e+02
# New trial
-9.6345e+01 -9.1806e+01 -8.3634e+01 -3.1271e+02
-9.6347e+01 -9.1667e+01 -7.8689e+01 -2.8142e+02
-9.6373e+01 -9.1705e+01 -7.7989e+01 -3.6210e+02
-9.6768e+01 -9.5457e+01 -9.0696e+01 -3.1424e+02
# New trial
-9.6281e+01 -9.1378e+01 -9.3933e+01 -4.6476e+02
-9.6302e+01 -9.1547e+01 -9.1948e+01 -4.4745e+02
-9.6614e+01 -9.4171e+01 -9.4388e+01 -5.2093e+02
-9.6902e+01 -9.6783e+01 -9.8490e+01 -4.0321e+02
# New trial
-9.6530e+01 -9.3336e+01 -8.5265e+01 -3.4245e+02
-9.6428e+01 -9.2282e+01 -7.5383e+01 -2.9740e+02
-9.6421e+01 -9.2073e+01 -6.6923e+01 -1.9344e+02
-9.6753e+01 -9.5303e+01 -8.3840e+01 -1.5700e+02
# New trial
-9.6327e+01 -9.1540e+01 -8.6388e+01 -4.0264e+02
-9.6360e+01 -9.1688e+01 -7.6010e+01 -2.8636e+02
-9.6529e+01 -9.3192e+01 -8.4154e+01 -4.0681e+02
-9.6854e+01 -9.6293e+01 -9.2249e+01 -2.0441e+02
# New trial
-9.6327e+01 -9.1493e+01 -8.3653e+01 -3.2625e+02
-9.6385e+01 -9.1987e+01 -8.0027e+01 -2.7525e+02
-9.6651e+01 -9.4410e+01 -8.6412e+01 -3.4962e+02
-9.6891e+01 -9.6663e+01 -9.5751e+01 -3.0258e+02
# New trial
-9.6284e+01 -9.1176e+01 -7.7675e+01 -2.7538e+02
-9.6345e+01 -9.1555e+01 -7.3145e+01 -2.2678e+02
-9.6486e+01 -9.2713e+01 -7.4522e+01 -2.7899e+02
-9.6824e+01 -9.5992e+01 -9.0170e+01 -3.1022e+02
# New trial
-9.6359e+01 -9.1818e+01 -8.3603e+01 -3.7663e+02
-9.6354e+01 -9.1727e+01 -8.3153e+01 -3.8956e+02
-9.6377e+01 -9.1704e+01 -7.5135e+01 -3.4206e+02
-9.6801e+01 -9.5779e+01 -9.1103e+01 -4.4233e+02
# New trial
-9.6394e+01 -9.2111e+01 -8.5887e+01 -3.6320e+02
-9.6449e+01 -9.2525e+01 -8.1428e+01 -3.4494e+02
-9.6594e+01 -9.3817e+01 -8.2544e+01 -3.8049e+02
-9.6874e+01 -9.6491e+01 -9.3554e+01 -1.8342e+02
# New trial
-9.6124e+01 -8.9610e+01 -7.0861e+01 -2.3457e+02
-9.6238e+01 -9.0649e+01 -7.4475e+01 -3.0788e+02
-9.6589e+01 -9.3884e+01 -9.7550e+01 -5.6082e+02
-9.6911e+01 -9.6881e+01 -1.0076e+02 -4.2977e+02
# New trial
-9.6582e+01 -9.3635e+01 -7.2590e+01 -1.0402e+02
-9.6651e+01 -9.4301e+01 -7.6267e+01 -1.0307e+02
-9.6763e+01 -9.5393e+01 -8.4583e+01 -1.8094e+02
-9.6894e+01 -9.6685e+01 -9.5077e+01 -2.2322e+02
# New trial
-9.6397e+01 -9.2038e+01 -8.2942e+01 -3.6834e+02
-9.6396e+01 -9.1950e+01 -7.3131e+01 -2.8712e+02
-9.6398e+01 -9.1863e+01 -7.1746e+01 -2.9442e+02
-9.6766e+01 -9.5428e+01 -8.4439e+01 -1.5231e+02
# New trial
-9.6539e+01 -9.3212e+01 -7.0198e+01 -1.3991e+02
-9.6506e+01 -9.2874e+01 -6.5884e+01 -1.0889e+02
-9.6536e+01 -9.3142e+01 -6.7750e+01 -1.2250e+02
-9.6778e+01 -9.5527e+01 -8.5109e+01 -1.8267e+02
# New trial
-9.6516e+01 -9.3029e+01 -7.3860e+01 -2.2237e+02
-9.6561e+01 -9.3431e+01 -7.2119e+01 -1.7721e+02
-9.6641e+01 -9.4189e+01 -7.5852e+01 -1.7661e+02
-9.6828e+01 -9.6026e+01 -8.8581e+01 -8.9308e+01
# New trial
-9.6272e+01 -9.1082e+01 -8.2877e+01 -3.5578e+02
-9.6315e+01 -9.1447e+01 -7.8542e+01 -2.8652e+02
-9.6516e+01 -9.3257e+01 -8.7241e+01 -3.9833e+02
-9.6856e+01 -9.6348e+01 -9.4243e+01 -2.8514e+02
# New trial
-9.6241e+01 -9.0636e+01 -6.6721e+01 -1.7163e+02
-9.6346e+01 -9.1637e+01 -7.3786e+01 -2.1972e+02
-9.6566e+01 -9.3659e+01 -8.2110e+01 -3.1734e+02
-9.6854e+01 -9.6351e+01 -9.3954e+01 -2.4598e+02
# New trial
-9.6330e+01 -9.2124e+01 -1.0290e+02 -5.3279e+02
-9.6389e+01 -9.2347e+01 -9.1905e+01 -4.4803e+02
-9.6649e+01 -9.4516e+01 -1.0017e+02 -6.0099e+02
-9.6898e+01 -9.6746e+01 -9.7207e+01 -3.1831e+02
# New trial
-9.6582e+01 -9.3661e+01 -7.5743e+01 -1.7908e+02
-9.6597e+01 -9.3770e+01 -7.2448e+01 -1.3215e+02
-9.6628e+01 -9.4049e+01 -7.3177e+01 -1.6934e+02
-9.6809e+01 -9.5843e+01 -8.7753e+01 -2.2039e+02
# New trial
-9.6462e+01 -9.2503e+01 -7.1643e+01 -2.5749e+02
-9.6521e+01 -9.3089e+01 -7.4625e+01 -2.1882e+02
-9.6659e+01 -9.4406e+01 -8.1834e+01 -3.1535e+02
-9.6872e+01 -9.6473e+01 -9.3736e+01 -2.5027e+02
# New trial
-9.6202e+01 -9.0331e+01 -6.9790e+01 -2.3568e+02
-9.6250e+01 -9.0903e+01 -7.2910e+01 -1.7817e+02
-9.6586e+01 -9.3886e+01 -8.7996e+01 -3.2026e+02
-9.6902e+01 -9.6776e+01 -9.6713e+01 -2.2575e+02
# New trial
-9.6329e+01 -9.1486e+01 -8.5244e+01 -3.8237e+02
-9.6448e+01 -9.2494e+01 -7.7353e+01 -2.3187e+02
-9.6637e+01 -9.4277e+01 -8.6292e+01 -3.7828e+02
-9.6873e+01 -9.6485e+01 -9.4705e+01 -2.7780e+02
# New trial
-9.6592e+01 -9.3825e+01 -8.9046e+01 -3.6568e+02
-9.6581e+01 -9.3673e+01 -7.8878e+01 -2.4404e+02
-9.6594e+01 -9.3747e+01 -7.3390e+01 -1.7875e+02
-9.6780e+01 -9.5549e+01 -8.4028e+01 -9.1780e+01
# New trial
-9.6071e+01 -8.9702e+01 -8.8665e+01 -4.1404e+02
-9.6165e+01 -9.0541e+01 -8.6814e+01 -3.9418e+02
-9.6591e+01 -9.4135e+01 -9.5927e+01 -4.4902e+02
-9.6885e+01 -9.6661e+01 -9.6406e+01 -2.0582e+02
# New trial
-9.6454e+01 -9.2505e+01 -7.5223e+01 -2.4489e+02
-9.6428e+01 -9.2285e+01 -7.2477e+01 -1.7924e+02
-9.6479e+01 -9.2756e+01 -7.5330e+01 -2.9648e+02
-9.6839e+01 -9.6159e+01 -9.1510e+01 -1.9817e+02
# New trial
-9.6395e+01 -9.1975e+01 -7.9055e+01 -3.2458e+02
-9.6471e+01 -9.2661e+01 -7.6055e+01 -2.2825e+02
-9.6631e+01 -9.4155e+01 -8.0779e+01 -2.5037e+02
-9.6867e+01 -9.6427e+01 -9.3484e+01 -2.9282e+02
# New trial
-9.6546e+01 -9.3553e+01 -8.9251e+01 -3.2547e+02
-9.6507e+01 -9.3085e+01 -8.1231e+01 -2.8095e+02
-9.6534e+01 -9.3224e+01 -7.8163e+01 -3.0259e+02
-9.6785e+01 -9.5625e+01 -9.0632e+01 -3.9074e+02
# New trial
-9.6516e+01 -9.3149e+01 -8.1920e+01 -2.7885e+02
-9.6460e+01 -9.2615e+01 -7.5333e+01 -2.0458e+02
-9.6448e+01 -9.2408e+01 -7.4562e+01 -3.1629e+02
-9.6779e+01 -9.5579e+01 -8.6741e+01 -2.7466e+02
# New trial
-9.6463e+01 -9.2688e+01 -8.4166e+01 -3.5306e+02
-9.6545e+01 -9.3311e+01 -7.3691e+01 -1.7616e+02
-9.6648e+01 -9.4268e+01 -7.5719e+01 -1.6841e+02
-9.6847e+01 -9.6218e+01 -9.0432e+01 -1.2781e+02
# New trial
-9.6436e+01 -9.2736e+01 -1.0736e+02 -6.3445e+02
-9.6464e+01 -9.2720e+01 -8.4883e+01 -3.7301e+02
-9.6599e+01 -9.3864e+01 -8.9138e+01 -4.8646e+02
-9.6872e+01 -9.6479e+01 -9.4855e+01 -3.7103e+02
# New trial
