# 0.1sig - Array shape (trial/sig/alpha): (30, 4, 4)
-1.6116e+02 -1.5794e+02 -1.3518e+02 -1.7860e+02
-1.6107e+02 -1.5711e+02 -1.3078e+02 -1.0490e+02
-1.6086e+02 -1.5508e+02 -1.2520e+02 -2.1342e+02
-1.6115e+02 -1.5781e+02 -1.3196e+02 -2.1563e+02
# New trial
-1.6130e+02 -1.5926e+02 -1.4200e+02 -1.1647e+02
-1.6122e+02 -1.5844e+02 -1.3535e+02 -1.0580e+02
-1.6102e+02 -1.5645e+02 -1.1985e+02 -1.0177e+02
-1.6103e+02 -1.5653e+02 -1.2109e+02 -1.3410e+02
# New trial
-1.6127e+02 -1.5900e+02 -1.4040e+02 -1.4644e+02
-1.6114e+02 -1.5766e+02 -1.2732e+02 -1.0162e+02
-1.6084e+02 -1.5470e+02 -1.1045e+02 -1.0167e+02
-1.6073e+02 -1.5356e+02 -1.1101e+02 -1.1120e+02
# New trial
-1.6123e+02 -1.5858e+02 -1.3719e+02 -2.0801e+02
-1.6116e+02 -1.5784e+02 -1.2922e+02 -1.0294e+02
-1.6093e+02 -1.5562e+02 -1.1958e+02 -1.7260e+02
-1.6089e+02 -1.5526e+02 -1.3730e+02 -4.2372e+02
# New trial
-1.6134e+02 -1.5967e+02 -1.4657e+02 -1.8758e+02
-1.6126e+02 -1.5885e+02 -1.3755e+02 -1.0386e+02
-1.6107e+02 -1.5703e+02 -1.2457e+02 -1.1861e+02
-1.6110e+02 -1.5727e+02 -1.2584e+02 -1.6345e+02
# New trial
-1.6135e+02 -1.5970e+02 -1.4485e+02 -1.1363e+02
-1.6127e+02 -1.5894e+02 -1.3801e+02 -1.0903e+02
-1.6113e+02 -1.5755e+02 -1.2796e+02 -1.1792e+02
-1.6124e+02 -1.5869e+02 -1.3776e+02 -2.4405e+02
# New trial
-1.6132e+02 -1.5940e+02 -1.4222e+02 -1.1279e+02
-1.6125e+02 -1.5875e+02 -1.3667e+02 -1.0695e+02
-1.6107e+02 -1.5697e+02 -1.2546e+02 -1.3770e+02
-1.6107e+02 -1.5698e+02 -1.3134e+02 -2.8005e+02
# New trial
-1.6124e+02 -1.5871e+02 -1.3959e+02 -1.9475e+02
-1.6117e+02 -1.5799e+02 -1.3340e+02 -1.0444e+02
-1.6102e+02 -1.5649e+02 -1.2409e+02 -1.2892e+02
-1.6120e+02 -1.5823e+02 -1.3483e+02 -2.2648e+02
# New trial
-1.6116e+02 -1.5794e+02 -1.3400e+02 -1.0703e+02
-1.6104e+02 -1.5679e+02 -1.2867e+02 -1.0243e+02
-1.6081e+02 -1.5452e+02 -1.1948e+02 -1.2950e+02
-1.6107e+02 -1.5695e+02 -1.2427e+02 -1.3518e+02
# New trial
-1.6127e+02 -1.5899e+02 -1.3840e+02 -1.0325e+02
-1.6119e+02 -1.5814e+02 -1.3198e+02 -1.0221e+02
-1.6095e+02 -1.5583e+02 -1.1809e+02 -1.1861e+02
-1.6094e+02 -1.5570e+02 -1.2275e+02 -2.4200e+02
# New trial
-1.6131e+02 -1.5939e+02 -1.4131e+02 -1.0186e+02
-1.6121e+02 -1.5838e+02 -1.3276e+02 -1.0157e+02
-1.6093e+02 -1.5561e+02 -1.1745e+02 -1.2920e+02
-1.6085e+02 -1.5478e+02 -1.1921e+02 -2.2003e+02
# New trial
-1.6123e+02 -1.5857e+02 -1.3719e+02 -1.1048e+02
-1.6114e+02 -1.5768e+02 -1.3177e+02 -1.0902e+02
-1.6091e+02 -1.5544e+02 -1.2047e+02 -1.4303e+02
-1.6111e+02 -1.5734e+02 -1.2753e+02 -1.6186e+02
# New trial
-1.6129e+02 -1.5915e+02 -1.3994e+02 -1.0700e+02
-1.6122e+02 -1.5846e+02 -1.3473e+02 -1.1448e+02
-1.6104e+02 -1.5668e+02 -1.2629e+02 -1.8818e+02
-1.6117e+02 -1.5796e+02 -1.3082e+02 -1.8305e+02
# New trial
-1.6135e+02 -1.5978e+02 -1.4581e+02 -1.1380e+02
-1.6127e+02 -1.5896e+02 -1.3689e+02 -1.0167e+02
-1.6108e+02 -1.5710e+02 -1.2116e+02 -1.0153e+02
-1.6095e+02 -1.5578e+02 -1.1565e+02 -1.0153e+02
# New trial
-1.6119e+02 -1.5824e+02 -1.4004e+02 -2.0400e+02
-1.6104e+02 -1.5672e+02 -1.2636e+02 -1.0248e+02
-1.6073e+02 -1.5365e+02 -1.0991e+02 -1.0387e+02
-1.6093e+02 -1.5559e+02 -1.1548e+02 -1.1659e+02
# New trial
-1.6121e+02 -1.5844e+02 -1.4774e+02 -3.0199e+02
-1.6107e+02 -1.5702e+02 -1.2736e+02 -1.0484e+02
-1.6074e+02 -1.5380e+02 -1.1754e+02 -1.6409e+02
-1.6084e+02 -1.5477e+02 -1.1852e+02 -1.8700e+02
# New trial
-1.6129e+02 -1.5916e+02 -1.4016e+02 -1.1324e+02
-1.6119e+02 -1.5815e+02 -1.3209e+02 -1.0578e+02
-1.6093e+02 -1.5560e+02 -1.1791e+02 -1.0973e+02
-1.6092e+02 -1.5551e+02 -1.2037e+02 -1.7244e+02
# New trial
-1.6136e+02 -1.5985e+02 -1.4588e+02 -1.1468e+02
-1.6127e+02 -1.5897e+02 -1.3755e+02 -1.0164e+02
-1.6102e+02 -1.5644e+02 -1.1615e+02 -1.0153e+02
-1.6084e+02 -1.5469e+02 -1.0928e+02 -1.0153e+02
# New trial
-1.6132e+02 -1.5946e+02 -1.4213e+02 -1.1975e+02
-1.6125e+02 -1.5877e+02 -1.3646e+02 -1.0369e+02
-1.6108e+02 -1.5713e+02 -1.2550e+02 -1.1970e+02
-1.6113e+02 -1.5757e+02 -1.3124e+02 -2.5503e+02
# New trial
-1.6132e+02 -1.5948e+02 -1.4907e+02 -2.7296e+02
-1.6121e+02 -1.5838e+02 -1.3550e+02 -1.0314e+02
-1.6093e+02 -1.5565e+02 -1.1876e+02 -1.2272e+02
-1.6096e+02 -1.5596e+02 -1.2482e+02 -2.5097e+02
# New trial
-1.6126e+02 -1.5890e+02 -1.3967e+02 -1.1324e+02
-1.6118e+02 -1.5807e+02 -1.3220e+02 -1.0165e+02
-1.6100e+02 -1.5626e+02 -1.2103e+02 -1.0802e+02
-1.6111e+02 -1.5733e+02 -1.2747e+02 -2.0033e+02
# New trial
-1.6131e+02 -1.5936e+02 -1.4609e+02 -2.2542e+02
-1.6123e+02 -1.5856e+02 -1.3582e+02 -1.0267e+02
-1.6104e+02 -1.5673e+02 -1.2328e+02 -1.2750e+02
-1.6113e+02 -1.5761e+02 -1.2910e+02 -1.7086e+02
# New trial
-1.6129e+02 -1.5916e+02 -1.3926e+02 -1.0204e+02
-1.6121e+02 -1.5840e+02 -1.3312e+02 -1.0213e+02
-1.6102e+02 -1.5651e+02 -1.2031e+02 -1.2720e+02
-1.6105e+02 -1.5673e+02 -1.2248e+02 -1.7564e+02
# New trial
-1.6132e+02 -1.5943e+02 -1.4289e+02 -1.2977e+02
-1.6124e+02 -1.5868e+02 -1.3620e+02 -1.0191e+02
-1.6108e+02 -1.5711e+02 -1.2402e+02 -1.1772e+02
-1.6117e+02 -1.5792e+02 -1.3016e+02 -1.7339e+02
# New trial
-1.6132e+02 -1.5948e+02 -1.4419e+02 -2.0348e+02
-1.6130e+02 -1.5924e+02 -1.4088e+02 -1.0601e+02
-1.6122e+02 -1.5843e+02 -1.3329e+02 -1.1887e+02
-1.6131e+02 -1.5936e+02 -1.4203e+02 -2.3579e+02
# New trial
-1.6128e+02 -1.5907e+02 -1.4682e+02 -2.3974e+02
-1.6116e+02 -1.5786e+02 -1.2887e+02 -1.0180e+02
-1.6091e+02 -1.5541e+02 -1.1221e+02 -1.0153e+02
-1.6088e+02 -1.5502e+02 -1.1348e+02 -1.0153e+02
# New trial
-1.6134e+02 -1.5962e+02 -1.4401e+02 -1.2015e+02
-1.6130e+02 -1.5930e+02 -1.4144e+02 -1.2549e+02
-1.6123e+02 -1.5854e+02 -1.3718e+02 -1.9075e+02
-1.6134e+02 -1.5965e+02 -1.4589e+02 -3.0520e+02
# New trial
-1.6127e+02 -1.5900e+02 -1.4284e+02 -2.0054e+02
-1.6114e+02 -1.5771e+02 -1.2840e+02 -1.0208e+02
-1.6076e+02 -1.5397e+02 -1.1156e+02 -1.0634e+02
-1.6073e+02 -1.5365e+02 -1.1403e+02 -1.5731e+02
# New trial
-1.6133e+02 -1.5951e+02 -1.4448e+02 -1.4791e+02
-1.6124e+02 -1.5865e+02 -1.3569e+02 -1.0234e+02
-1.6098e+02 -1.5610e+02 -1.1808e+02 -1.0380e+02
-1.6086e+02 -1.5492e+02 -1.1682e+02 -1.6587e+02
# New trial
-1.6134e+02 -1.5965e+02 -1.4370e+02 -1.1458e+02
-1.6130e+02 -1.5924e+02 -1.4031e+02 -1.1397e+02
-1.6123e+02 -1.5856e+02 -1.3488e+02 -1.1823e+02
-1.6131e+02 -1.5931e+02 -1.4125e+02 -1.7330e+02
# New trial
