# 0.01sig - Array shape (trial/sig/alpha): (30L, 4L, 4L)
-1.0137e+02 -9.9983e+01 -9.0229e+01 -8.0769e+01
-1.0134e+02 -9.9686e+01 -8.9012e+01 -8.9422e+01
-1.0132e+02 -9.9476e+01 -9.0343e+01 -1.5317e+02
-1.0146e+02 -1.0080e+02 -9.6470e+01 -1.9058e+02
# New trial
-1.0136e+02 -9.9897e+01 -9.0448e+01 -8.8551e+01
-1.0133e+02 -9.9561e+01 -8.9904e+01 -9.3087e+01
-1.0130e+02 -9.9294e+01 -8.8593e+01 -1.2989e+02
-1.0145e+02 -1.0076e+02 -9.5043e+01 -1.3883e+02
# New trial
-1.0136e+02 -9.9857e+01 -8.9514e+01 -7.9074e+01
-1.0131e+02 -9.9370e+01 -8.7823e+01 -8.4267e+01
-1.0127e+02 -9.8951e+01 -9.1299e+01 -1.7477e+02
-1.0145e+02 -1.0071e+02 -1.0140e+02 -2.8414e+02
# New trial
-1.0126e+02 -9.8865e+01 -8.5010e+01 -7.8606e+01
-1.0126e+02 -9.8928e+01 -8.7155e+01 -1.0091e+02
-1.0136e+02 -9.9950e+01 -9.8778e+01 -2.5665e+02
-1.0152e+02 -1.0142e+02 -1.0161e+02 -2.0843e+02
# New trial
-1.0138e+02 -1.0001e+02 -8.8503e+01 -7.8463e+01
-1.0133e+02 -9.9543e+01 -8.5570e+01 -7.8634e+01
-1.0126e+02 -9.8837e+01 -8.3610e+01 -9.1724e+01
-1.0137e+02 -9.9919e+01 -8.9197e+01 -1.1226e+02
# New trial
-1.0138e+02 -9.9978e+01 -8.8905e+01 -8.4672e+01
-1.0130e+02 -9.9303e+01 -8.6622e+01 -8.9894e+01
-1.0123e+02 -9.8589e+01 -8.7205e+01 -1.2910e+02
-1.0144e+02 -1.0062e+02 -9.5151e+01 -1.7270e+02
# New trial
-1.0138e+02 -9.9991e+01 -8.9591e+01 -7.8621e+01
-1.0133e+02 -9.9603e+01 -8.8492e+01 -7.9234e+01
-1.0135e+02 -9.9727e+01 -8.9434e+01 -1.0869e+02
-1.0150e+02 -1.0120e+02 -9.8730e+01 -1.1929e+02
# New trial
-1.0136e+02 -9.9843e+01 -8.8540e+01 -7.9044e+01
-1.0133e+02 -9.9496e+01 -8.6495e+01 -7.9675e+01
-1.0130e+02 -9.9215e+01 -8.6716e+01 -1.1567e+02
-1.0146e+02 -1.0084e+02 -9.6011e+01 -1.6669e+02
# New trial
-1.0134e+02 -9.9626e+01 -8.7406e+01 -7.8565e+01
-1.0127e+02 -9.8983e+01 -8.4696e+01 -8.2523e+01
-1.0115e+02 -9.7834e+01 -8.6340e+01 -1.3012e+02
-1.0141e+02 -1.0028e+02 -9.4603e+01 -1.9202e+02
# New trial
-1.0134e+02 -9.9698e+01 -8.8816e+01 -8.1268e+01
-1.0131e+02 -9.9336e+01 -8.7947e+01 -1.0387e+02
-1.0131e+02 -9.9381e+01 -9.0452e+01 -1.5512e+02
-1.0150e+02 -1.0116e+02 -9.8599e+01 -1.5890e+02
# New trial
-1.0131e+02 -9.9395e+01 -8.9637e+01 -8.1139e+01
-1.0131e+02 -9.9464e+01 -9.3180e+01 -1.5289e+02
-1.0137e+02 -1.0003e+02 -1.0359e+02 -2.9257e+02
-1.0152e+02 -1.0140e+02 -1.0147e+02 -1.8746e+02
# New trial
-1.0142e+02 -1.0037e+02 -9.1334e+01 -8.0423e+01
-1.0140e+02 -1.0025e+02 -9.0567e+01 -8.4270e+01
-1.0140e+02 -1.0025e+02 -9.1148e+01 -1.2132e+02
-1.0149e+02 -1.0113e+02 -9.7859e+01 -1.3520e+02
# New trial
-1.0137e+02 -9.9976e+01 -8.9070e+01 -7.9306e+01
-1.0132e+02 -9.9495e+01 -8.7411e+01 -8.2471e+01
-1.0122e+02 -9.8446e+01 -8.5641e+01 -1.0464e+02
-1.0136e+02 -9.9803e+01 -9.1562e+01 -1.5652e+02
# New trial
-1.0143e+02 -1.0048e+02 -9.2388e+01 -7.9343e+01
-1.0140e+02 -1.0020e+02 -9.0318e+01 -7.9214e+01
-1.0136e+02 -9.9872e+01 -8.9234e+01 -1.2167e+02
-1.0144e+02 -1.0066e+02 -9.5631e+01 -1.9713e+02
# New trial
-1.0139e+02 -1.0013e+02 -8.8994e+01 -7.8505e+01
-1.0136e+02 -9.9824e+01 -8.6935e+01 -7.8484e+01
-1.0130e+02 -9.9219e+01 -8.2860e+01 -7.8457e+01
-1.0142e+02 -1.0040e+02 -9.1314e+01 -1.0861e+02
# New trial
-1.0129e+02 -9.9198e+01 -8.6018e+01 -7.8474e+01
-1.0123e+02 -9.8669e+01 -8.4395e+01 -7.8468e+01
-1.0123e+02 -9.8596e+01 -8.2854e+01 -7.8496e+01
-1.0147e+02 -1.0093e+02 -9.5801e+01 -9.2712e+01
# New trial
-1.0134e+02 -9.9614e+01 -8.7423e+01 -7.9257e+01
-1.0130e+02 -9.9257e+01 -8.7118e+01 -8.4345e+01
-1.0131e+02 -9.9343e+01 -8.8407e+01 -1.2954e+02
-1.0148e+02 -1.0098e+02 -9.7219e+01 -1.6483e+02
# New trial
-1.0131e+02 -9.9413e+01 -8.8313e+01 -7.9387e+01
-1.0127e+02 -9.9052e+01 -8.7701e+01 -9.2539e+01
-1.0128e+02 -9.9142e+01 -8.9749e+01 -1.4402e+02
-1.0148e+02 -1.0107e+02 -9.8992e+01 -2.0374e+02
# New trial
-1.0144e+02 -1.0063e+02 -9.2875e+01 -7.8564e+01
-1.0142e+02 -1.0037e+02 -9.0675e+01 -7.9440e+01
-1.0138e+02 -1.0002e+02 -8.8737e+01 -1.1198e+02
-1.0145e+02 -1.0073e+02 -9.4578e+01 -1.5237e+02
# New trial
-1.0138e+02 -1.0005e+02 -9.0764e+01 -9.1823e+01
-1.0136e+02 -9.9842e+01 -9.0639e+01 -1.0748e+02
-1.0135e+02 -9.9720e+01 -9.2739e+01 -1.8526e+02
-1.0147e+02 -1.0092e+02 -9.7246e+01 -1.8937e+02
# New trial
-1.0121e+02 -9.8543e+01 -8.6158e+01 -7.8561e+01
-1.0118e+02 -9.8321e+01 -8.7844e+01 -9.4059e+01
-1.0127e+02 -9.9036e+01 -9.0661e+01 -1.5227e+02
-1.0150e+02 -1.0119e+02 -9.9458e+01 -1.8185e+02
# New trial
-1.0139e+02 -1.0011e+02 -9.0499e+01 -8.4491e+01
-1.0135e+02 -9.9711e+01 -8.9366e+01 -9.3458e+01
-1.0132e+02 -9.9473e+01 -9.0185e+01 -1.3208e+02
-1.0149e+02 -1.0107e+02 -9.7668e+01 -1.3118e+02
# New trial
-1.0145e+02 -1.0067e+02 -9.3515e+01 -7.9081e+01
-1.0141e+02 -1.0033e+02 -9.0799e+01 -7.8850e+01
-1.0136e+02 -9.9792e+01 -8.7321e+01 -9.1711e+01
-1.0143e+02 -1.0051e+02 -9.3454e+01 -1.6474e+02
# New trial
-1.0119e+02 -9.8345e+01 -8.5768e+01 -7.8702e+01
-1.0125e+02 -9.8968e+01 -9.3922e+01 -1.7393e+02
-1.0143e+02 -1.0065e+02 -1.0574e+02 -2.8946e+02
-1.0153e+02 -1.0153e+02 -1.0194e+02 -1.6759e+02
# New trial
-1.0140e+02 -1.0021e+02 -9.0892e+01 -8.2449e+01
-1.0134e+02 -9.9615e+01 -8.7985e+01 -8.5393e+01
-1.0125e+02 -9.8789e+01 -8.3239e+01 -8.5646e+01
-1.0144e+02 -1.0066e+02 -9.3596e+01 -8.8355e+01
# New trial
-1.0141e+02 -1.0036e+02 -9.1207e+01 -8.0446e+01
-1.0138e+02 -1.0005e+02 -8.9329e+01 -8.0745e+01
-1.0135e+02 -9.9703e+01 -8.8511e+01 -1.1845e+02
-1.0148e+02 -1.0101e+02 -9.7230e+01 -1.3510e+02
# New trial
-1.0142e+02 -1.0042e+02 -9.1971e+01 -7.9027e+01
-1.0137e+02 -9.9931e+01 -8.9384e+01 -7.8551e+01
-1.0130e+02 -9.9242e+01 -8.3935e+01 -7.8457e+01
-1.0142e+02 -1.0043e+02 -9.1155e+01 -7.8481e+01
# New trial
-1.0141e+02 -1.0032e+02 -9.0906e+01 -7.8587e+01
-1.0136e+02 -9.9819e+01 -8.7921e+01 -7.8504e+01
-1.0128e+02 -9.9095e+01 -8.5613e+01 -1.0583e+02
-1.0142e+02 -1.0043e+02 -9.4380e+01 -1.7868e+02
# New trial
-1.0143e+02 -1.0052e+02 -9.2773e+01 -7.9957e+01
-1.0141e+02 -1.0028e+02 -9.1006e+01 -7.9235e+01
-1.0136e+02 -9.9850e+01 -8.7601e+01 -8.8733e+01
-1.0145e+02 -1.0073e+02 -9.4323e+01 -1.2439e+02
# New trial
-1.0138e+02 -1.0006e+02 -9.0417e+01 -8.9573e+01
-1.0134e+02 -9.9672e+01 -8.8521e+01 -9.7387e+01
-1.0132e+02 -9.9466e+01 -9.1753e+01 -1.8675e+02
-1.0148e+02 -1.0100e+02 -9.7632e+01 -1.8074e+02
# New trial
