# 0.01sig - Array shape (trial/sig/alpha): (30, 4, 4)
-1.3769e+02 -1.3120e+02 -9.9929e+01 -2.4424e+02
-1.3766e+02 -1.3085e+02 -9.4634e+01 -2.2989e+02
-1.3774e+02 -1.3150e+02 -9.1376e+01 -2.6103e+02
-1.3822e+02 -1.3620e+02 -1.1894e+02 -2.6446e+02
# New trial
-1.3757e+02 -1.3008e+02 -9.6143e+01 -2.4775e+02
-1.3757e+02 -1.2998e+02 -9.3754e+01 -2.3097e+02
-1.3770e+02 -1.3118e+02 -9.6699e+01 -2.8665e+02
-1.3825e+02 -1.3650e+02 -1.2547e+02 -4.7184e+02
# New trial
-1.3767e+02 -1.3102e+02 -9.6232e+01 -1.9496e+02
-1.3755e+02 -1.2980e+02 -8.8680e+01 -1.8883e+02
-1.3741e+02 -1.2841e+02 -9.3642e+01 -4.0572e+02
-1.3804e+02 -1.3445e+02 -1.2068e+02 -5.4905e+02
# New trial
-1.3744e+02 -1.2915e+02 -9.5807e+01 -2.7762e+02
-1.3736e+02 -1.2838e+02 -9.3038e+01 -2.9218e+02
-1.3761e+02 -1.3055e+02 -1.0103e+02 -3.6634e+02
-1.3825e+02 -1.3657e+02 -1.3091e+02 -6.3941e+02
# New trial
-1.3785e+02 -1.3269e+02 -1.0097e+02 -2.2432e+02
-1.3772e+02 -1.3132e+02 -9.2373e+01 -2.2452e+02
-1.3756e+02 -1.2973e+02 -8.2754e+01 -2.4693e+02
-1.3796e+02 -1.3359e+02 -1.0092e+02 -2.3730e+02
# New trial
-1.3773e+02 -1.3156e+02 -1.0375e+02 -2.9952e+02
-1.3762e+02 -1.3045e+02 -9.3282e+01 -2.1198e+02
-1.3752e+02 -1.2936e+02 -8.2533e+01 -2.4050e+02
-1.3808e+02 -1.3475e+02 -1.0683e+02 -1.3417e+02
# New trial
-1.3762e+02 -1.3052e+02 -9.4148e+01 -1.2768e+02
-1.3762e+02 -1.3057e+02 -9.7296e+01 -1.7069e+02
-1.3784e+02 -1.3256e+02 -1.0649e+02 -3.4570e+02
-1.3827e+02 -1.3670e+02 -1.2560e+02 -2.7831e+02
# New trial
-1.3759e+02 -1.3037e+02 -9.5324e+01 -1.7756e+02
-1.3756e+02 -1.2992e+02 -8.6984e+01 -1.6145e+02
-1.3757e+02 -1.2979e+02 -8.7446e+01 -2.9644e+02
-1.3806e+02 -1.3462e+02 -1.1311e+02 -4.4508e+02
# New trial
-1.3770e+02 -1.3132e+02 -9.8873e+01 -3.0814e+02
-1.3756e+02 -1.2992e+02 -8.8801e+01 -2.8601e+02
-1.3732e+02 -1.2739e+02 -8.9754e+01 -4.3993e+02
-1.3799e+02 -1.3390e+02 -1.1501e+02 -5.7000e+02
# New trial
-1.3757e+02 -1.2999e+02 -9.4897e+01 -2.3144e+02
-1.3757e+02 -1.2998e+02 -9.4311e+01 -2.8094e+02
-1.3774e+02 -1.3159e+02 -1.0995e+02 -5.2974e+02
-1.3830e+02 -1.3699e+02 -1.3484e+02 -6.9682e+02
# New trial
-1.3739e+02 -1.2851e+02 -8.7769e+01 -1.3896e+02
-1.3743e+02 -1.2895e+02 -9.5363e+01 -2.7674e+02
-1.3768e+02 -1.3128e+02 -1.1843e+02 -6.1633e+02
-1.3831e+02 -1.3714e+02 -1.3420e+02 -6.1143e+02
# New trial
-1.3795e+02 -1.3353e+02 -9.8003e+01 -8.1773e+01
-1.3800e+02 -1.3395e+02 -1.0046e+02 -1.0405e+02
-1.3805e+02 -1.3449e+02 -1.0474e+02 -2.2547e+02
-1.3829e+02 -1.3681e+02 -1.2329e+02 -2.1403e+02
# New trial
-1.3769e+02 -1.3110e+02 -9.7460e+01 -2.4898e+02
-1.3756e+02 -1.2976e+02 -8.6470e+01 -2.1653e+02
-1.3736e+02 -1.2778e+02 -9.0337e+01 -3.5143e+02
-1.3791e+02 -1.3314e+02 -1.1448e+02 -4.6296e+02
# New trial
-1.3797e+02 -1.3376e+02 -1.0286e+02 -1.2705e+02
-1.3788e+02 -1.3283e+02 -9.5078e+01 -1.2239e+02
-1.3777e+02 -1.3176e+02 -8.9686e+01 -2.0920e+02
-1.3801e+02 -1.3408e+02 -1.0883e+02 -3.8653e+02
# New trial
-1.3788e+02 -1.3281e+02 -9.7803e+01 -1.9573e+02
-1.3787e+02 -1.3271e+02 -9.4328e+01 -1.6880e+02
-1.3786e+02 -1.3254e+02 -9.4292e+01 -2.4927e+02
-1.3816e+02 -1.3557e+02 -1.1363e+02 -2.1775e+02
# New trial
-1.3744e+02 -1.2899e+02 -9.3199e+01 -2.4302e+02
-1.3742e+02 -1.2874e+02 -8.9820e+01 -2.3242e+02
-1.3759e+02 -1.3032e+02 -1.0277e+02 -4.0641e+02
-1.3822e+02 -1.3623e+02 -1.2912e+02 -4.6553e+02
# New trial
-1.3760e+02 -1.3025e+02 -8.6301e+01 -9.6909e+01
-1.3756e+02 -1.2999e+02 -9.0807e+01 -1.6993e+02
-1.3766e+02 -1.3085e+02 -9.6475e+01 -3.6625e+02
-1.3817e+02 -1.3567e+02 -1.1587e+02 -2.9766e+02
# New trial
-1.3758e+02 -1.3064e+02 -1.1332e+02 -3.8425e+02
-1.3751e+02 -1.2981e+02 -1.0258e+02 -3.4496e+02
-1.3766e+02 -1.3101e+02 -1.1092e+02 -5.5645e+02
-1.3826e+02 -1.3660e+02 -1.2702e+02 -5.0240e+02
# New trial
-1.3802e+02 -1.3419e+02 -1.0548e+02 -1.4173e+02
-1.3799e+02 -1.3391e+02 -1.0157e+02 -1.2515e+02
-1.3791e+02 -1.3302e+02 -9.3518e+01 -1.4918e+02
-1.3810e+02 -1.3494e+02 -1.0719e+02 -1.3477e+02
# New trial
-1.3779e+02 -1.3199e+02 -9.6999e+01 -2.0457e+02
-1.3778e+02 -1.3195e+02 -9.5963e+01 -1.8801e+02
-1.3783e+02 -1.3236e+02 -1.0400e+02 -3.7383e+02
-1.3824e+02 -1.3634e+02 -1.2639e+02 -4.3978e+02
# New trial
-1.3725e+02 -1.2725e+02 -8.6383e+01 -1.8847e+02
-1.3720e+02 -1.2696e+02 -8.9166e+01 -1.7472e+02
-1.3762e+02 -1.3069e+02 -1.0869e+02 -4.0483e+02
-1.3835e+02 -1.3746e+02 -1.3650e+02 -5.4873e+02
# New trial
-1.3774e+02 -1.3159e+02 -1.0367e+02 -2.7638e+02
-1.3774e+02 -1.3158e+02 -9.7946e+01 -2.0299e+02
-1.3777e+02 -1.3189e+02 -1.0575e+02 -4.5311e+02
-1.3823e+02 -1.3629e+02 -1.2188e+02 -3.7313e+02
# New trial
-1.3801e+02 -1.3412e+02 -1.1141e+02 -2.2317e+02
-1.3797e+02 -1.3369e+02 -1.0442e+02 -1.8213e+02
-1.3789e+02 -1.3294e+02 -9.8031e+01 -2.2062e+02
-1.3808e+02 -1.3472e+02 -1.1584e+02 -4.3676e+02
# New trial
-1.3718e+02 -1.2690e+02 -9.7156e+01 -3.0231e+02
-1.3716e+02 -1.2681e+02 -1.0040e+02 -3.1707e+02
-1.3769e+02 -1.3137e+02 -1.1411e+02 -4.8639e+02
-1.3837e+02 -1.3768e+02 -1.3527e+02 -5.5519e+02
# New trial
-1.3787e+02 -1.3276e+02 -1.0120e+02 -2.3591e+02
-1.3772e+02 -1.3142e+02 -9.4078e+01 -1.9595e+02
-1.3762e+02 -1.3034e+02 -9.0796e+01 -3.1290e+02
-1.3816e+02 -1.3556e+02 -1.1305e+02 -1.9642e+02
# New trial
-1.3781e+02 -1.3226e+02 -1.0182e+02 -2.3009e+02
-1.3783e+02 -1.3244e+02 -9.9380e+01 -1.8019e+02
-1.3788e+02 -1.3285e+02 -9.9944e+01 -2.8924e+02
-1.3823e+02 -1.3627e+02 -1.1882e+02 -1.8034e+02
# New trial
-1.3791e+02 -1.3320e+02 -1.0461e+02 -2.2796e+02
-1.3778e+02 -1.3196e+02 -9.4402e+01 -1.7982e+02
-1.3767e+02 -1.3080e+02 -8.5286e+01 -2.3661e+02
-1.3801e+02 -1.3408e+02 -1.0255e+02 -2.5039e+02
# New trial
-1.3784e+02 -1.3256e+02 -1.0011e+02 -1.5058e+02
-1.3770e+02 -1.3120e+02 -9.0304e+01 -1.1701e+02
-1.3755e+02 -1.2964e+02 -8.1928e+01 -1.9359e+02
-1.3797e+02 -1.3367e+02 -1.0146e+02 -2.8592e+02
# New trial
-1.3779e+02 -1.3198e+02 -9.8717e+01 -1.6630e+02
-1.3787e+02 -1.3276e+02 -9.5584e+01 -1.3328e+02
-1.3793e+02 -1.3327e+02 -9.6171e+01 -1.8406e+02
-1.3824e+02 -1.3631e+02 -1.1986e+02 -2.6838e+02
# New trial
-1.3770e+02 -1.3141e+02 -1.1515e+02 -4.3836e+02
-1.3769e+02 -1.3118e+02 -9.8725e+01 -2.9193e+02
-1.3778e+02 -1.3186e+02 -9.9291e+01 -3.6168e+02
-1.3825e+02 -1.3645e+02 -1.2045e+02 -1.7029e+02
# New trial
