# 0.1sig - Array shape (trial/sig/alpha): (30L, 4L, 4L)
-1.1042e+02 -1.0753e+02 -9.6209e+01 -2.2228e+02
-1.1036e+02 -1.0690e+02 -8.8086e+01 -7.0011e+01
-1.1023e+02 -1.0567e+02 -8.4067e+01 -1.5055e+02
-1.1054e+02 -1.0862e+02 -9.5560e+01 -2.0955e+02
# New trial
-1.1054e+02 -1.0854e+02 -9.3752e+01 -7.5858e+01
-1.1046e+02 -1.0782e+02 -8.8435e+01 -7.0244e+01
-1.1030e+02 -1.0618e+02 -7.7707e+01 -7.6051e+01
-1.1041e+02 -1.0729e+02 -8.2544e+01 -9.3417e+01
# New trial
-1.1052e+02 -1.0841e+02 -9.6152e+01 -1.4338e+02
-1.1042e+02 -1.0734e+02 -8.5931e+01 -7.1698e+01
-1.1022e+02 -1.0543e+02 -7.8014e+01 -9.7421e+01
-1.1029e+02 -1.0608e+02 -8.9527e+01 -2.1802e+02
# New trial
-1.1049e+02 -1.0811e+02 -9.3826e+01 -1.6502e+02
-1.1043e+02 -1.0750e+02 -8.3597e+01 -6.9229e+01
-1.1027e+02 -1.0584e+02 -7.4455e+01 -6.9227e+01
-1.1033e+02 -1.0641e+02 -7.9930e+01 -6.9227e+01
# New trial
-1.1060e+02 -1.0919e+02 -1.0155e+02 -1.8441e+02
-1.1054e+02 -1.0855e+02 -9.2504e+01 -6.9769e+01
-1.1043e+02 -1.0747e+02 -8.4680e+01 -8.4967e+01
-1.1054e+02 -1.0852e+02 -9.1223e+01 -1.2570e+02
# New trial
-1.1064e+02 -1.0953e+02 -1.0097e+02 -1.2515e+02
-1.1057e+02 -1.0890e+02 -9.5192e+01 -7.0110e+01
-1.1051e+02 -1.0828e+02 -9.0194e+01 -9.7087e+01
-1.1065e+02 -1.0961e+02 -1.0027e+02 -1.5793e+02
# New trial
-1.1056e+02 -1.0874e+02 -9.4081e+01 -7.8459e+01
-1.1050e+02 -1.0815e+02 -8.9539e+01 -7.3609e+01
-1.1036e+02 -1.0679e+02 -8.1712e+01 -8.0883e+01
-1.1046e+02 -1.0776e+02 -9.1063e+01 -2.1288e+02
# New trial
-1.1046e+02 -1.0784e+02 -9.3937e+01 -1.6046e+02
-1.1044e+02 -1.0759e+02 -8.8837e+01 -7.6765e+01
-1.1043e+02 -1.0748e+02 -9.1359e+01 -2.0057e+02
-1.1063e+02 -1.0947e+02 -1.0603e+02 -3.7891e+02
# New trial
-1.1042e+02 -1.0744e+02 -8.9338e+01 -7.3091e+01
-1.1031e+02 -1.0642e+02 -8.2907e+01 -6.9266e+01
-1.1020e+02 -1.0534e+02 -8.1793e+01 -1.4341e+02
-1.1054e+02 -1.0867e+02 -9.8489e+01 -2.7618e+02
# New trial
-1.1051e+02 -1.0824e+02 -8.9885e+01 -7.1670e+01
-1.1043e+02 -1.0751e+02 -8.5447e+01 -7.0440e+01
-1.1027e+02 -1.0587e+02 -7.8281e+01 -8.0835e+01
-1.1039e+02 -1.0709e+02 -8.3624e+01 -1.2518e+02
# New trial
-1.1058e+02 -1.0892e+02 -9.5367e+01 -8.7372e+01
-1.1049e+02 -1.0805e+02 -8.8545e+01 -7.0878e+01
-1.1029e+02 -1.0607e+02 -7.7182e+01 -6.9487e+01
-1.1036e+02 -1.0673e+02 -8.2321e+01 -6.9565e+01
# New trial
-1.1048e+02 -1.0804e+02 -9.1351e+01 -8.8211e+01
-1.1043e+02 -1.0751e+02 -8.8342e+01 -6.9849e+01
-1.1036e+02 -1.0679e+02 -8.5839e+01 -1.4488e+02
-1.1061e+02 -1.0922e+02 -9.8982e+01 -2.3723e+02
# New trial
-1.1047e+02 -1.0789e+02 -8.9612e+01 -8.7387e+01
-1.1045e+02 -1.0771e+02 -8.7358e+01 -7.5329e+01
-1.1041e+02 -1.0734e+02 -9.1296e+01 -2.0275e+02
-1.1063e+02 -1.0944e+02 -1.0083e+02 -2.3525e+02
# New trial
-1.1060e+02 -1.0917e+02 -9.8504e+01 -1.1880e+02
-1.1054e+02 -1.0853e+02 -9.0745e+01 -7.0263e+01
-1.1042e+02 -1.0735e+02 -8.2286e+01 -7.1653e+01
-1.1043e+02 -1.0746e+02 -8.5186e+01 -9.3663e+01
# New trial
-1.1048e+02 -1.0813e+02 -9.9777e+01 -1.6929e+02
-1.1035e+02 -1.0682e+02 -8.6346e+01 -7.0454e+01
-1.1017e+02 -1.0508e+02 -8.2442e+01 -1.2207e+02
-1.1053e+02 -1.0848e+02 -1.0134e+02 -3.3564e+02
# New trial
-1.1042e+02 -1.0754e+02 -1.0223e+02 -2.4649e+02
-1.1033e+02 -1.0658e+02 -8.6046e+01 -7.0672e+01
-1.1019e+02 -1.0529e+02 -9.3138e+01 -2.3883e+02
-1.1043e+02 -1.0751e+02 -1.0354e+02 -3.5506e+02
# New trial
-1.1053e+02 -1.0842e+02 -9.1137e+01 -7.0355e+01
-1.1043e+02 -1.0751e+02 -8.4546e+01 -7.0301e+01
-1.1026e+02 -1.0577e+02 -7.6128e+01 -7.2321e+01
-1.1042e+02 -1.0738e+02 -8.4026e+01 -6.9264e+01
# New trial
-1.1060e+02 -1.0912e+02 -9.6997e+01 -8.9457e+01
-1.1051e+02 -1.0830e+02 -8.9745e+01 -6.9576e+01
-1.1036e+02 -1.0673e+02 -7.7855e+01 -6.9227e+01
-1.1040e+02 -1.0712e+02 -8.1119e+01 -8.0478e+01
# New trial
-1.1057e+02 -1.0888e+02 -9.3635e+01 -6.9943e+01
-1.1052e+02 -1.0836e+02 -9.0023e+01 -6.9802e+01
-1.1042e+02 -1.0742e+02 -8.4186e+01 -7.6313e+01
-1.1053e+02 -1.0840e+02 -9.1672e+01 -1.7839e+02
# New trial
-1.1059e+02 -1.0911e+02 -1.0865e+02 -2.7912e+02
-1.1047e+02 -1.0795e+02 -8.9684e+01 -7.0163e+01
-1.1025e+02 -1.0575e+02 -7.9624e+01 -9.6155e+01
-1.1043e+02 -1.0744e+02 -8.8694e+01 -1.6874e+02
# New trial
-1.1050e+02 -1.0821e+02 -9.6029e+01 -1.3632e+02
-1.1044e+02 -1.0760e+02 -8.7626e+01 -7.1836e+01
-1.1037e+02 -1.0691e+02 -8.3989e+01 -1.1090e+02
-1.1058e+02 -1.0896e+02 -9.6515e+01 -1.6104e+02
# New trial
-1.1056e+02 -1.0879e+02 -9.9114e+01 -1.9992e+02
-1.1049e+02 -1.0812e+02 -9.0203e+01 -7.0374e+01
-1.1038e+02 -1.0699e+02 -8.3505e+01 -9.4223e+01
-1.1054e+02 -1.0853e+02 -9.2454e+01 -1.4203e+02
# New trial
-1.1053e+02 -1.0843e+02 -9.1596e+01 -7.3725e+01
-1.1046e+02 -1.0776e+02 -8.6786e+01 -6.9690e+01
-1.1033e+02 -1.0650e+02 -7.9868e+01 -8.6709e+01
-1.1047e+02 -1.0784e+02 -8.7121e+01 -1.4230e+02
# New trial
-1.1056e+02 -1.0875e+02 -9.3916e+01 -7.7534e+01
-1.1050e+02 -1.0821e+02 -9.0431e+01 -7.6590e+01
-1.1040e+02 -1.0721e+02 -8.5236e+01 -1.0093e+02
-1.1053e+02 -1.0848e+02 -9.1471e+01 -1.1758e+02
# New trial
-1.1062e+02 -1.0935e+02 -9.9531e+01 -1.5357e+02
-1.1059e+02 -1.0903e+02 -9.6270e+01 -7.5529e+01
-1.1050e+02 -1.0811e+02 -8.7412e+01 -7.6893e+01
-1.1054e+02 -1.0856e+02 -9.0695e+01 -8.0789e+01
# New trial
-1.1052e+02 -1.0846e+02 -1.0293e+02 -2.0889e+02
-1.1043e+02 -1.0747e+02 -8.4563e+01 -6.9934e+01
-1.1031e+02 -1.0635e+02 -8.3930e+01 -1.2738e+02
-1.1045e+02 -1.0767e+02 -9.1643e+01 -1.9971e+02
# New trial
-1.1055e+02 -1.0865e+02 -9.2788e+01 -7.3633e+01
-1.1054e+02 -1.0853e+02 -9.2155e+01 -7.4963e+01
-1.1052e+02 -1.0833e+02 -9.0925e+01 -1.1089e+02
-1.1067e+02 -1.0982e+02 -1.0212e+02 -1.4140e+02
# New trial
-1.1048e+02 -1.0805e+02 -9.4257e+01 -1.1076e+02
-1.1041e+02 -1.0732e+02 -8.6291e+01 -7.1499e+01
-1.1026e+02 -1.0584e+02 -8.4619e+01 -1.4531e+02
-1.1045e+02 -1.0772e+02 -9.7378e+01 -2.9376e+02
# New trial
-1.1054e+02 -1.0858e+02 -9.3556e+01 -9.0340e+01
-1.1047e+02 -1.0783e+02 -8.7294e+01 -7.0707e+01
-1.1028e+02 -1.0597e+02 -8.1579e+01 -1.1246e+02
-1.1036e+02 -1.0683e+02 -8.9841e+01 -2.0307e+02
# New trial
-1.1060e+02 -1.0911e+02 -9.6486e+01 -1.0499e+02
-1.1057e+02 -1.0888e+02 -9.4337e+01 -9.3681e+01
-1.1056e+02 -1.0876e+02 -9.4229e+01 -1.6272e+02
-1.1069e+02 -1.1000e+02 -1.0453e+02 -2.4309e+02
# New trial
