# 0.1sig - Array shape (trial/sig/alpha): (30L, 4L, 4L)
-5.0624e+01 -4.9575e+01 -5.4148e+01 -1.6839e+02
-5.0668e+01 -4.9938e+01 -5.1523e+01 -1.2633e+02
-5.0743e+01 -5.0599e+01 -5.3881e+01 -1.4996e+02
-5.0764e+01 -5.0758e+01 -5.2687e+01 -1.7035e+02
# New trial
-5.0706e+01 -5.0303e+01 -5.6010e+01 -1.7901e+02
-5.0735e+01 -5.0576e+01 -5.5148e+01 -1.4610e+02
-5.0758e+01 -5.0724e+01 -5.2342e+01 -1.1853e+02
-5.0765e+01 -5.0758e+01 -5.1045e+01 -9.0163e+01
# New trial
-5.0741e+01 -5.0631e+01 -6.1286e+01 -2.3534e+02
-5.0736e+01 -5.0513e+01 -5.3968e+01 -1.5629e+02
-5.0741e+01 -5.0532e+01 -5.1757e+01 -1.5194e+02
-5.0763e+01 -5.0734e+01 -5.1498e+01 -1.4609e+02
# New trial
-5.0738e+01 -5.0592e+01 -6.2781e+01 -2.6219e+02
-5.0725e+01 -5.0389e+01 -5.2323e+01 -1.5454e+02
-5.0735e+01 -5.0469e+01 -4.9407e+01 -1.1371e+02
-5.0761e+01 -5.0710e+01 -5.0238e+01 -5.1752e+01
# New trial
-5.0646e+01 -4.9714e+01 -5.2116e+01 -1.3954e+02
-5.0674e+01 -4.9906e+01 -4.6543e+01 -7.0790e+01
-5.0732e+01 -5.0445e+01 -4.9118e+01 -9.9312e+01
-5.0764e+01 -5.0748e+01 -5.0697e+01 -7.2952e+01
# New trial
-5.0710e+01 -5.0268e+01 -5.2503e+01 -1.4535e+02
-5.0723e+01 -5.0388e+01 -5.1152e+01 -1.1058e+02
-5.0747e+01 -5.0592e+01 -5.0453e+01 -1.0298e+02
-5.0765e+01 -5.0759e+01 -5.0907e+01 -8.7689e+01
# New trial
-5.0715e+01 -5.0302e+01 -5.1321e+01 -1.2283e+02
-5.0712e+01 -5.0260e+01 -4.9554e+01 -1.0601e+02
-5.0734e+01 -5.0455e+01 -4.8878e+01 -7.9727e+01
-5.0764e+01 -5.0742e+01 -5.0917e+01 -1.1957e+02
# New trial
-5.0706e+01 -5.0308e+01 -6.4040e+01 -2.7952e+02
-5.0721e+01 -5.0368e+01 -5.2899e+01 -1.3418e+02
-5.0745e+01 -5.0566e+01 -4.9731e+01 -8.3044e+01
-5.0765e+01 -5.0757e+01 -5.0853e+01 -9.6279e+01
# New trial
-5.0585e+01 -4.9192e+01 -4.5460e+01 -6.5021e+01
-5.0638e+01 -4.9663e+01 -4.7324e+01 -7.9132e+01
-5.0740e+01 -5.0558e+01 -5.1644e+01 -1.1657e+02
-5.0766e+01 -5.0770e+01 -5.1233e+01 -1.0822e+02
# New trial
-5.0683e+01 -5.0030e+01 -5.1576e+01 -1.4322e+02
-5.0707e+01 -5.0247e+01 -5.2169e+01 -1.3918e+02
-5.0749e+01 -5.0617e+01 -5.1198e+01 -1.0694e+02
-5.0765e+01 -5.0751e+01 -5.0755e+01 -7.1782e+01
# New trial
-5.0655e+01 -4.9757e+01 -4.7106e+01 -7.5801e+01
-5.0659e+01 -4.9768e+01 -4.5913e+01 -7.5032e+01
-5.0716e+01 -5.0292e+01 -4.7890e+01 -8.1780e+01
-5.0761e+01 -5.0720e+01 -5.0485e+01 -6.4418e+01
# New trial
-5.0691e+01 -5.0123e+01 -6.0249e+01 -2.5520e+02
-5.0704e+01 -5.0236e+01 -5.4740e+01 -1.7293e+02
-5.0748e+01 -5.0609e+01 -5.2181e+01 -1.3897e+02
-5.0766e+01 -5.0762e+01 -5.0989e+01 -9.0594e+01
# New trial
-5.0749e+01 -5.0817e+01 -6.6470e+01 -2.8753e+02
-5.0765e+01 -5.0843e+01 -5.6656e+01 -1.5507e+02
-5.0765e+01 -5.0769e+01 -5.1937e+01 -9.3337e+01
-5.0765e+01 -5.0759e+01 -5.0796e+01 -6.5608e+01
# New trial
-5.0739e+01 -5.0578e+01 -5.6573e+01 -1.8100e+02
-5.0724e+01 -5.0378e+01 -4.9927e+01 -9.5163e+01
-5.0728e+01 -5.0393e+01 -4.8123e+01 -6.9032e+01
-5.0760e+01 -5.0707e+01 -5.0238e+01 -4.9046e+01
# New trial
-5.0648e+01 -4.9848e+01 -5.3893e+01 -1.5385e+02
-5.0663e+01 -4.9936e+01 -5.2492e+01 -1.4758e+02
-5.0729e+01 -5.0465e+01 -5.1518e+01 -1.1544e+02
-5.0763e+01 -5.0746e+01 -5.1618e+01 -1.4132e+02
# New trial
-5.0724e+01 -5.0588e+01 -6.2849e+01 -2.5303e+02
-5.0731e+01 -5.0589e+01 -6.2117e+01 -2.4998e+02
-5.0744e+01 -5.0603e+01 -5.4408e+01 -1.6151e+02
-5.0763e+01 -5.0744e+01 -5.1318e+01 -1.3233e+02
# New trial
-5.0680e+01 -5.0069e+01 -5.6607e+01 -1.9198e+02
-5.0709e+01 -5.0306e+01 -5.3697e+01 -1.4222e+02
-5.0743e+01 -5.0560e+01 -5.1090e+01 -1.1250e+02
-5.0764e+01 -5.0751e+01 -5.0906e+01 -9.1899e+01
# New trial
-5.0735e+01 -5.0496e+01 -5.5403e+01 -1.7792e+02
-5.0733e+01 -5.0462e+01 -5.1171e+01 -1.2044e+02
-5.0748e+01 -5.0586e+01 -4.9309e+01 -6.4827e+01
-5.0764e+01 -5.0748e+01 -5.0595e+01 -5.3408e+01
# New trial
-5.0691e+01 -5.0057e+01 -4.9008e+01 -8.9112e+01
-5.0706e+01 -5.0207e+01 -4.9501e+01 -9.3082e+01
-5.0747e+01 -5.0585e+01 -5.0472e+01 -1.0758e+02
-5.0765e+01 -5.0753e+01 -5.0813e+01 -7.4572e+01
# New trial
-5.0716e+01 -5.0400e+01 -5.9145e+01 -2.2591e+02
-5.0714e+01 -5.0317e+01 -5.1943e+01 -1.2152e+02
-5.0745e+01 -5.0578e+01 -5.1098e+01 -1.2059e+02
-5.0763e+01 -5.0733e+01 -5.0525e+01 -6.8129e+01
# New trial
-5.0734e+01 -5.0599e+01 -6.2596e+01 -2.4378e+02
-5.0726e+01 -5.0435e+01 -5.4270e+01 -1.6662e+02
-5.0739e+01 -5.0514e+01 -5.0986e+01 -1.2933e+02
-5.0763e+01 -5.0740e+01 -5.0709e+01 -8.8371e+01
# New trial
-5.0751e+01 -5.0707e+01 -5.8765e+01 -1.9556e+02
-5.0749e+01 -5.0664e+01 -5.4998e+01 -1.4428e+02
-5.0762e+01 -5.0737e+01 -5.1807e+01 -1.1227e+02
-5.0766e+01 -5.0769e+01 -5.1204e+01 -1.2185e+02
# New trial
-5.0710e+01 -5.0245e+01 -5.1890e+01 -1.6494e+02
-5.0709e+01 -5.0224e+01 -4.9526e+01 -1.2342e+02
-5.0744e+01 -5.0559e+01 -5.0036e+01 -1.0622e+02
-5.0766e+01 -5.0764e+01 -5.1315e+01 -1.2939e+02
# New trial
-5.0682e+01 -4.9963e+01 -4.8666e+01 -9.6745e+01
-5.0717e+01 -5.0298e+01 -4.9214e+01 -1.0329e+02
-5.0748e+01 -5.0588e+01 -4.9787e+01 -9.8991e+01
-5.0765e+01 -5.0749e+01 -5.0639e+01 -5.2738e+01
# New trial
-5.0671e+01 -4.9878e+01 -5.1334e+01 -1.4851e+02
-5.0712e+01 -5.0253e+01 -4.9259e+01 -8.6017e+01
-5.0763e+01 -5.0741e+01 -5.1469e+01 -1.1505e+02
-5.0767e+01 -5.0779e+01 -5.1049e+01 -8.7557e+01
# New trial
-5.0700e+01 -5.0349e+01 -6.0470e+01 -2.0941e+02
-5.0692e+01 -5.0092e+01 -5.2392e+01 -1.5711e+02
-5.0745e+01 -5.0563e+01 -5.0265e+01 -1.0580e+02
-5.0766e+01 -5.0761e+01 -5.0753e+01 -5.7749e+01
# New trial
-5.0721e+01 -5.0371e+01 -5.3809e+01 -1.6404e+02
-5.0730e+01 -5.0433e+01 -5.0376e+01 -9.7474e+01
-5.0755e+01 -5.0658e+01 -5.0221e+01 -7.0002e+01
-5.0766e+01 -5.0760e+01 -5.0732e+01 -5.5415e+01
# New trial
-5.0788e+01 -5.1154e+01 -6.5516e+01 -2.6653e+02
-5.0777e+01 -5.0973e+01 -6.1184e+01 -2.3541e+02
-5.0778e+01 -5.0919e+01 -5.5721e+01 -1.7041e+02
-5.0769e+01 -5.0791e+01 -5.1500e+01 -1.1934e+02
# New trial
-5.0722e+01 -5.0397e+01 -5.7392e+01 -2.0850e+02
-5.0724e+01 -5.0391e+01 -5.4984e+01 -1.8963e+02
-5.0749e+01 -5.0604e+01 -5.0728e+01 -1.1724e+02
-5.0765e+01 -5.0755e+01 -5.0713e+01 -6.6455e+01
# New trial
-5.0674e+01 -4.9896e+01 -4.9662e+01 -1.3630e+02
-5.0703e+01 -5.0169e+01 -4.9078e+01 -1.0989e+02
-5.0751e+01 -5.0623e+01 -5.0214e+01 -8.5458e+01
-5.0766e+01 -5.0768e+01 -5.0824e+01 -6.1996e+01
# New trial
