# 0.01sig - Array shape (trial/sig/alpha): (30, 4, 4)
-1.2393e+02 -1.1828e+02 -9.9332e+01 -3.6868e+02
-1.2394e+02 -1.1826e+02 -9.4236e+01 -3.5636e+02
-1.2401e+02 -1.1887e+02 -9.5852e+01 -5.0545e+02
-1.2442e+02 -1.2282e+02 -1.1442e+02 -5.5523e+02
# New trial
-1.2379e+02 -1.1716e+02 -1.0488e+02 -4.6897e+02
-1.2383e+02 -1.1726e+02 -9.1557e+01 -2.6317e+02
-1.2400e+02 -1.1873e+02 -8.9920e+01 -2.7960e+02
-1.2445e+02 -1.2305e+02 -1.1104e+02 -2.1957e+02
# New trial
-1.2387e+02 -1.1805e+02 -1.0843e+02 -4.5727e+02
-1.2381e+02 -1.1724e+02 -9.3261e+01 -3.6303e+02
-1.2375e+02 -1.1631e+02 -9.2016e+01 -5.0136e+02
-1.2429e+02 -1.2149e+02 -1.1221e+02 -5.1896e+02
# New trial
-1.2373e+02 -1.1690e+02 -1.0829e+02 -5.1903e+02
-1.2370e+02 -1.1659e+02 -1.0359e+02 -4.8433e+02
-1.2394e+02 -1.1844e+02 -1.0341e+02 -5.9630e+02
-1.2449e+02 -1.2351e+02 -1.2032e+02 -5.1788e+02
# New trial
-1.2409e+02 -1.1979e+02 -1.0466e+02 -4.1038e+02
-1.2394e+02 -1.1824e+02 -9.1703e+01 -3.4103e+02
-1.2383e+02 -1.1708e+02 -8.5174e+01 -3.5174e+02
-1.2421e+02 -1.2064e+02 -1.0090e+02 -4.2822e+02
# New trial
-1.2381e+02 -1.1746e+02 -1.0304e+02 -4.9108e+02
-1.2378e+02 -1.1676e+02 -8.3617e+01 -2.6782e+02
-1.2380e+02 -1.1683e+02 -8.4517e+01 -4.1509e+02
-1.2438e+02 -1.2235e+02 -1.0647e+02 -3.3707e+02
# New trial
-1.2380e+02 -1.1700e+02 -9.8277e+01 -4.0272e+02
-1.2381e+02 -1.1703e+02 -8.9492e+01 -2.8324e+02
-1.2407e+02 -1.1947e+02 -9.3976e+01 -3.5303e+02
-1.2450e+02 -1.2354e+02 -1.1618e+02 -2.6786e+02
# New trial
-1.2376e+02 -1.1683e+02 -9.2354e+01 -3.5102e+02
-1.2380e+02 -1.1688e+02 -8.0991e+01 -2.5055e+02
-1.2387e+02 -1.1733e+02 -7.5757e+01 -2.5819e+02
-1.2432e+02 -1.2179e+02 -1.0168e+02 -3.2237e+02
# New trial
-1.2389e+02 -1.1808e+02 -1.0819e+02 -5.5374e+02
-1.2380e+02 -1.1706e+02 -9.5933e+01 -4.8626e+02
-1.2367e+02 -1.1559e+02 -9.7236e+01 -5.6157e+02
-1.2429e+02 -1.2151e+02 -1.0415e+02 -4.0326e+02
# New trial
-1.2379e+02 -1.1700e+02 -1.0197e+02 -4.7717e+02
-1.2385e+02 -1.1738e+02 -9.2811e+01 -4.1448e+02
-1.2407e+02 -1.1944e+02 -1.0100e+02 -5.2212e+02
-1.2452e+02 -1.2373e+02 -1.1805e+02 -2.7322e+02
# New trial
-1.2360e+02 -1.1536e+02 -9.3760e+01 -3.3510e+02
-1.2367e+02 -1.1596e+02 -9.3351e+01 -3.7858e+02
-1.2401e+02 -1.1915e+02 -1.2074e+02 -7.1051e+02
-1.2454e+02 -1.2400e+02 -1.2534e+02 -5.5993e+02
# New trial
-1.2414e+02 -1.1999e+02 -8.8502e+01 -1.2214e+02
-1.2419e+02 -1.2053e+02 -9.1126e+01 -1.1577e+02
-1.2427e+02 -1.2126e+02 -9.6764e+01 -2.0610e+02
-1.2448e+02 -1.2333e+02 -1.1285e+02 -1.9154e+02
# New trial
-1.2388e+02 -1.1776e+02 -9.9092e+01 -4.5640e+02
-1.2384e+02 -1.1722e+02 -8.6746e+01 -3.7589e+02
-1.2369e+02 -1.1558e+02 -7.8393e+01 -4.4102e+02
-1.2421e+02 -1.2061e+02 -9.2223e+01 -2.6365e+02
# New trial
-1.2413e+02 -1.1999e+02 -9.2356e+01 -1.8571e+02
-1.2407e+02 -1.1938e+02 -8.6344e+01 -1.5268e+02
-1.2403e+02 -1.1896e+02 -8.4677e+01 -2.5241e+02
-1.2432e+02 -1.2172e+02 -1.0509e+02 -4.2146e+02
# New trial
-1.2403e+02 -1.1906e+02 -9.0565e+01 -2.8793e+02
-1.2408e+02 -1.1944e+02 -8.5898e+01 -2.4358e+02
-1.2413e+02 -1.1985e+02 -8.7438e+01 -2.6895e+02
-1.2443e+02 -1.2286e+02 -1.0899e+02 -2.0265e+02
# New trial
-1.2367e+02 -1.1590e+02 -9.2630e+01 -3.7182e+02
-1.2365e+02 -1.1565e+02 -8.6840e+01 -3.0513e+02
-1.2389e+02 -1.1777e+02 -9.4621e+01 -3.2933e+02
-1.2448e+02 -1.2338e+02 -1.1818e+02 -4.2239e+02
# New trial
-1.2378e+02 -1.1691e+02 -8.8049e+01 -2.4236e+02
-1.2385e+02 -1.1756e+02 -9.1455e+01 -2.6213e+02
-1.2403e+02 -1.1914e+02 -1.0521e+02 -5.3763e+02
-1.2443e+02 -1.2287e+02 -1.1291e+02 -4.0793e+02
# New trial
-1.2385e+02 -1.1844e+02 -1.3431e+02 -7.6483e+02
-1.2385e+02 -1.1797e+02 -1.1012e+02 -5.4948e+02
-1.2396e+02 -1.1870e+02 -1.0765e+02 -5.3392e+02
-1.2444e+02 -1.2312e+02 -1.2272e+02 -7.0003e+02
# New trial
-1.2421e+02 -1.2081e+02 -1.0048e+02 -2.8935e+02
-1.2420e+02 -1.2057e+02 -9.1320e+01 -1.6942e+02
-1.2413e+02 -1.1981e+02 -8.1811e+01 -1.3463e+02
-1.2431e+02 -1.2165e+02 -9.7202e+01 -1.4186e+02
# New trial
-1.2403e+02 -1.1901e+02 -9.2857e+01 -3.2490e+02
-1.2405e+02 -1.1922e+02 -9.2451e+01 -2.6489e+02
-1.2410e+02 -1.1968e+02 -9.4328e+01 -3.4416e+02
-1.2441e+02 -1.2268e+02 -1.0910e+02 -2.2464e+02
# New trial
-1.2353e+02 -1.1457e+02 -7.9641e+01 -2.5932e+02
-1.2352e+02 -1.1461e+02 -8.0843e+01 -1.8591e+02
-1.2390e+02 -1.1815e+02 -1.0101e+02 -3.7595e+02
-1.2451e+02 -1.2373e+02 -1.2241e+02 -4.2653e+02
# New trial
-1.2387e+02 -1.1781e+02 -1.0679e+02 -5.3019e+02
-1.2390e+02 -1.1786e+02 -9.0678e+01 -3.1220e+02
-1.2399e+02 -1.1861e+02 -8.9581e+01 -3.8204e+02
-1.2445e+02 -1.2304e+02 -1.1136e+02 -3.0056e+02
# New trial
-1.2417e+02 -1.2045e+02 -1.0370e+02 -3.4281e+02
-1.2417e+02 -1.2032e+02 -9.7109e+01 -2.6780e+02
-1.2412e+02 -1.1983e+02 -8.8347e+01 -2.3516e+02
-1.2431e+02 -1.2166e+02 -1.0310e+02 -2.7352e+02
# New trial
-1.2334e+02 -1.1367e+02 -1.0606e+02 -5.3814e+02
-1.2342e+02 -1.1413e+02 -9.8158e+01 -4.1994e+02
-1.2397e+02 -1.1879e+02 -1.1013e+02 -5.2728e+02
-1.2455e+02 -1.2404e+02 -1.2337e+02 -5.4589e+02
# New trial
-1.2401e+02 -1.1886e+02 -9.0969e+01 -2.4099e+02
-1.2394e+02 -1.1824e+02 -8.7148e+01 -1.8882e+02
-1.2389e+02 -1.1769e+02 -8.5769e+01 -3.1331e+02
-1.2438e+02 -1.2241e+02 -1.0834e+02 -2.9094e+02
# New trial
-1.2395e+02 -1.1842e+02 -1.0102e+02 -4.1515e+02
-1.2401e+02 -1.1889e+02 -9.2509e+01 -2.5351e+02
-1.2411e+02 -1.1978e+02 -9.3139e+01 -3.2864e+02
-1.2444e+02 -1.2300e+02 -1.1276e+02 -3.1891e+02
# New trial
-1.2407e+02 -1.1959e+02 -1.0279e+02 -3.9162e+02
-1.2399e+02 -1.1866e+02 -9.0913e+01 -3.2430e+02
-1.2391e+02 -1.1785e+02 -8.2317e+01 -3.4661e+02
-1.2424e+02 -1.2098e+02 -1.0205e+02 -3.5858e+02
# New trial
-1.2407e+02 -1.1951e+02 -1.0376e+02 -3.6549e+02
-1.2395e+02 -1.1838e+02 -8.9969e+01 -2.3833e+02
-1.2379e+02 -1.1673e+02 -8.2767e+01 -3.3856e+02
-1.2421e+02 -1.2065e+02 -9.4504e+01 -2.6576e+02
# New trial
-1.2408e+02 -1.1975e+02 -1.1441e+02 -5.1494e+02
-1.2411e+02 -1.1983e+02 -9.3252e+01 -2.5380e+02
-1.2418e+02 -1.2036e+02 -9.1355e+01 -2.4968e+02
-1.2444e+02 -1.2291e+02 -1.1004e+02 -2.4507e+02
# New trial
-1.2394e+02 -1.1863e+02 -1.2844e+02 -7.7909e+02
-1.2393e+02 -1.1822e+02 -9.7942e+01 -4.4615e+02
-1.2400e+02 -1.1870e+02 -9.6490e+01 -4.3177e+02
-1.2441e+02 -1.2265e+02 -1.1248e+02 -3.8272e+02
# New trial
