# 0.01sig - Array shape (trial/sig/alpha): (30L, 4L, 4L)
-1.0603e+02 -1.0503e+02 -9.7624e+01 -9.2045e+01
-1.0601e+02 -1.0483e+02 -9.6955e+01 -1.0295e+02
-1.0602e+02 -1.0486e+02 -9.8805e+01 -1.5540e+02
-1.0611e+02 -1.0580e+02 -1.0552e+02 -2.3534e+02
# New trial
-1.0602e+02 -1.0490e+02 -9.6864e+01 -8.8375e+01
-1.0599e+02 -1.0466e+02 -9.6170e+01 -9.0042e+01
-1.0598e+02 -1.0452e+02 -9.5887e+01 -1.1899e+02
-1.0609e+02 -1.0558e+02 -1.0253e+02 -1.8301e+02
# New trial
-1.0602e+02 -1.0492e+02 -9.7537e+01 -9.1874e+01
-1.0599e+02 -1.0459e+02 -9.6846e+01 -1.0201e+02
-1.0597e+02 -1.0440e+02 -1.0158e+02 -1.8021e+02
-1.0609e+02 -1.0555e+02 -1.0640e+02 -2.4503e+02
# New trial
-1.0596e+02 -1.0433e+02 -9.4712e+01 -8.8638e+01
-1.0594e+02 -1.0419e+02 -9.5996e+01 -1.0883e+02
-1.0597e+02 -1.0450e+02 -9.8931e+01 -1.5020e+02
-1.0612e+02 -1.0588e+02 -1.0499e+02 -1.8607e+02
# New trial
-1.0604e+02 -1.0505e+02 -9.7170e+01 -8.8205e+01
-1.0600e+02 -1.0468e+02 -9.4950e+01 -8.8320e+01
-1.0593e+02 -1.0401e+02 -9.3262e+01 -1.0081e+02
-1.0600e+02 -1.0468e+02 -9.5725e+01 -1.2176e+02
# New trial
-1.0603e+02 -1.0494e+02 -9.6040e+01 -8.8528e+01
-1.0596e+02 -1.0434e+02 -9.3789e+01 -8.9961e+01
-1.0587e+02 -1.0340e+02 -9.2321e+01 -1.0477e+02
-1.0603e+02 -1.0498e+02 -9.9254e+01 -1.6173e+02
# New trial
-1.0603e+02 -1.0502e+02 -9.7193e+01 -8.8687e+01
-1.0600e+02 -1.0468e+02 -9.5953e+01 -8.8696e+01
-1.0599e+02 -1.0459e+02 -9.6305e+01 -1.2906e+02
-1.0612e+02 -1.0585e+02 -1.0384e+02 -1.5163e+02
# New trial
-1.0603e+02 -1.0500e+02 -9.7256e+01 -9.2339e+01
-1.0601e+02 -1.0477e+02 -9.6176e+01 -9.8252e+01
-1.0599e+02 -1.0456e+02 -9.7990e+01 -1.4004e+02
-1.0608e+02 -1.0548e+02 -1.0122e+02 -1.5490e+02
# New trial
-1.0601e+02 -1.0477e+02 -9.5050e+01 -8.8259e+01
-1.0596e+02 -1.0433e+02 -9.2918e+01 -9.4365e+01
-1.0587e+02 -1.0345e+02 -9.2541e+01 -1.2229e+02
-1.0605e+02 -1.0515e+02 -1.0103e+02 -2.0041e+02
# New trial
-1.0602e+02 -1.0490e+02 -9.7853e+01 -9.3398e+01
-1.0599e+02 -1.0459e+02 -9.6586e+01 -1.0673e+02
-1.0594e+02 -1.0415e+02 -9.5189e+01 -1.3564e+02
-1.0608e+02 -1.0553e+02 -1.0140e+02 -1.5519e+02
# New trial
-1.0597e+02 -1.0449e+02 -9.6603e+01 -9.2670e+01
-1.0596e+02 -1.0437e+02 -9.8172e+01 -1.3408e+02
-1.0599e+02 -1.0469e+02 -1.0322e+02 -2.1383e+02
-1.0613e+02 -1.0596e+02 -1.0525e+02 -1.6269e+02
# New trial
-1.0606e+02 -1.0526e+02 -9.8049e+01 -8.7698e+01
-1.0605e+02 -1.0517e+02 -9.7434e+01 -8.7737e+01
-1.0604e+02 -1.0504e+02 -9.6251e+01 -8.9862e+01
-1.0610e+02 -1.0564e+02 -1.0127e+02 -9.0543e+01
# New trial
-1.0603e+02 -1.0499e+02 -9.6351e+01 -8.8157e+01
-1.0599e+02 -1.0458e+02 -9.4574e+01 -9.1239e+01
-1.0590e+02 -1.0369e+02 -9.1953e+01 -1.0758e+02
-1.0600e+02 -1.0467e+02 -9.5830e+01 -1.4199e+02
# New trial
-1.0606e+02 -1.0529e+02 -9.8330e+01 -8.8767e+01
-1.0604e+02 -1.0505e+02 -9.6502e+01 -8.9746e+01
-1.0600e+02 -1.0472e+02 -9.4683e+01 -1.0541e+02
-1.0606e+02 -1.0530e+02 -9.8564e+01 -1.0153e+02
# New trial
-1.0605e+02 -1.0514e+02 -9.6964e+01 -8.7711e+01
-1.0603e+02 -1.0494e+02 -9.5597e+01 -8.7698e+01
-1.0599e+02 -1.0458e+02 -9.3593e+01 -9.8313e+01
-1.0606e+02 -1.0531e+02 -9.9901e+01 -1.6700e+02
# New trial
-1.0598e+02 -1.0453e+02 -9.4777e+01 -8.7718e+01
-1.0595e+02 -1.0425e+02 -9.4144e+01 -9.0778e+01
-1.0594e+02 -1.0414e+02 -9.4812e+01 -1.1485e+02
-1.0610e+02 -1.0564e+02 -1.0238e+02 -1.6037e+02
# New trial
-1.0601e+02 -1.0478e+02 -9.6168e+01 -9.3058e+01
-1.0598e+02 -1.0457e+02 -9.6413e+01 -1.0029e+02
-1.0597e+02 -1.0441e+02 -9.6201e+01 -1.3112e+02
-1.0608e+02 -1.0547e+02 -1.0099e+02 -1.5712e+02
# New trial
-1.0598e+02 -1.0449e+02 -9.4960e+01 -8.8248e+01
-1.0593e+02 -1.0406e+02 -9.3367e+01 -8.7871e+01
-1.0589e+02 -1.0366e+02 -9.2682e+01 -1.0536e+02
-1.0609e+02 -1.0559e+02 -1.0235e+02 -1.6684e+02
# New trial
-1.0609e+02 -1.0553e+02 -1.0027e+02 -9.0614e+01
-1.0607e+02 -1.0535e+02 -9.8843e+01 -9.5857e+01
-1.0603e+02 -1.0498e+02 -9.6921e+01 -1.2128e+02
-1.0607e+02 -1.0535e+02 -9.9372e+01 -1.2530e+02
# New trial
-1.0602e+02 -1.0487e+02 -9.6531e+01 -8.8852e+01
-1.0599e+02 -1.0456e+02 -9.5111e+01 -8.9298e+01
-1.0594e+02 -1.0409e+02 -9.2647e+01 -1.0520e+02
-1.0606e+02 -1.0526e+02 -9.8256e+01 -1.0687e+02
# New trial
-1.0592e+02 -1.0397e+02 -9.4294e+01 -8.7727e+01
-1.0586e+02 -1.0344e+02 -9.2415e+01 -8.7693e+01
-1.0589e+02 -1.0369e+02 -9.3258e+01 -9.6651e+01
-1.0611e+02 -1.0581e+02 -1.0419e+02 -1.7375e+02
# New trial
-1.0604e+02 -1.0507e+02 -9.8025e+01 -9.8468e+01
-1.0600e+02 -1.0473e+02 -9.6972e+01 -1.0686e+02
-1.0598e+02 -1.0458e+02 -9.8151e+01 -1.5420e+02
-1.0612e+02 -1.0587e+02 -1.0466e+02 -1.5850e+02
# New trial
-1.0608e+02 -1.0549e+02 -1.0005e+02 -9.0392e+01
-1.0606e+02 -1.0526e+02 -9.8422e+01 -9.0976e+01
-1.0601e+02 -1.0477e+02 -9.5879e+01 -1.1384e+02
-1.0604e+02 -1.0505e+02 -9.8753e+01 -1.6728e+02
# New trial
-1.0591e+02 -1.0396e+02 -9.4470e+01 -8.8389e+01
-1.0592e+02 -1.0406e+02 -9.7773e+01 -1.1943e+02
-1.0601e+02 -1.0496e+02 -1.0507e+02 -2.2376e+02
-1.0613e+02 -1.0602e+02 -1.0584e+02 -1.4827e+02
# New trial
-1.0606e+02 -1.0528e+02 -9.9195e+01 -9.6977e+01
-1.0602e+02 -1.0492e+02 -9.7732e+01 -1.0281e+02
-1.0599e+02 -1.0460e+02 -9.8990e+01 -1.6951e+02
-1.0609e+02 -1.0560e+02 -1.0229e+02 -1.7398e+02
# New trial
-1.0605e+02 -1.0523e+02 -9.7716e+01 -8.8422e+01
-1.0603e+02 -1.0497e+02 -9.5888e+01 -8.7770e+01
-1.0599e+02 -1.0462e+02 -9.4181e+01 -1.0436e+02
-1.0609e+02 -1.0558e+02 -1.0127e+02 -1.4854e+02
# New trial
-1.0606e+02 -1.0530e+02 -9.8774e+01 -8.9491e+01
-1.0602e+02 -1.0493e+02 -9.6857e+01 -8.9704e+01
-1.0596e+02 -1.0435e+02 -9.4510e+01 -1.0276e+02
-1.0602e+02 -1.0490e+02 -9.7980e+01 -1.4939e+02
# New trial
-1.0606e+02 -1.0523e+02 -9.8360e+01 -9.5582e+01
-1.0602e+02 -1.0489e+02 -9.6804e+01 -9.7225e+01
-1.0597e+02 -1.0441e+02 -9.6259e+01 -1.2448e+02
-1.0605e+02 -1.0522e+02 -1.0063e+02 -1.6367e+02
# New trial
-1.0608e+02 -1.0543e+02 -9.9887e+01 -9.0539e+01
-1.0606e+02 -1.0526e+02 -9.8551e+01 -9.0064e+01
-1.0602e+02 -1.0486e+02 -9.5941e+01 -1.0248e+02
-1.0607e+02 -1.0542e+02 -1.0018e+02 -1.3309e+02
# New trial
-1.0604e+02 -1.0504e+02 -9.6900e+01 -9.9474e+01
-1.0601e+02 -1.0477e+02 -9.5806e+01 -1.1257e+02
-1.0599e+02 -1.0459e+02 -9.7491e+01 -1.5131e+02
-1.0610e+02 -1.0569e+02 -1.0237e+02 -1.3762e+02
# New trial
