# 0.1sig - Array shape (trial/sig/alpha): (30L, 4L, 4L)
-5.5197e+01 -5.3823e+01 -5.7563e+01 -1.7711e+02
-5.5235e+01 -5.4108e+01 -5.3279e+01 -1.2316e+02
-5.5341e+01 -5.5041e+01 -5.7267e+01 -1.7474e+02
-5.5381e+01 -5.5387e+01 -5.6645e+01 -1.5070e+02
# New trial
-5.5270e+01 -5.4419e+01 -5.7003e+01 -1.7674e+02
-5.5315e+01 -5.4852e+01 -5.7884e+01 -1.4797e+02
-5.5359e+01 -5.5208e+01 -5.6277e+01 -1.2060e+02
-5.5381e+01 -5.5377e+01 -5.5570e+01 -1.0094e+02
# New trial
-5.5310e+01 -5.4805e+01 -6.4652e+01 -2.4667e+02
-5.5300e+01 -5.4634e+01 -5.5330e+01 -1.6046e+02
-5.5306e+01 -5.4636e+01 -4.9816e+01 -8.4835e+01
-5.5366e+01 -5.5226e+01 -5.3940e+01 -5.5577e+01
# New trial
-5.5325e+01 -5.4948e+01 -6.5514e+01 -2.7072e+02
-5.5295e+01 -5.4564e+01 -5.3835e+01 -1.5337e+02
-5.5300e+01 -5.4584e+01 -5.0170e+01 -1.0459e+02
-5.5363e+01 -5.5203e+01 -5.3793e+01 -8.1786e+01
# New trial
-5.5249e+01 -5.4226e+01 -5.7656e+01 -1.8452e+02
-5.5267e+01 -5.4316e+01 -4.9683e+01 -7.0435e+01
-5.5323e+01 -5.4816e+01 -5.0952e+01 -5.9096e+01
-5.5373e+01 -5.5300e+01 -5.4698e+01 -5.7897e+01
# New trial
-5.5291e+01 -5.4546e+01 -5.4796e+01 -1.4145e+02
-5.5306e+01 -5.4688e+01 -5.3553e+01 -1.0918e+02
-5.5346e+01 -5.5047e+01 -5.3379e+01 -9.1367e+01
-5.5379e+01 -5.5354e+01 -5.5187e+01 -5.9634e+01
# New trial
-5.5294e+01 -5.4574e+01 -5.3639e+01 -1.1796e+02
-5.5288e+01 -5.4501e+01 -5.2003e+01 -1.0161e+02
-5.5323e+01 -5.4822e+01 -5.2601e+01 -1.1884e+02
-5.5374e+01 -5.5312e+01 -5.4879e+01 -6.8259e+01
# New trial
-5.5289e+01 -5.4680e+01 -7.0645e+01 -3.2872e+02
-5.5298e+01 -5.4625e+01 -5.6042e+01 -1.4523e+02
-5.5321e+01 -5.4793e+01 -5.1136e+01 -7.4942e+01
-5.5374e+01 -5.5304e+01 -5.4762e+01 -7.3707e+01
# New trial
-5.5145e+01 -5.3286e+01 -4.6954e+01 -7.4388e+01
-5.5189e+01 -5.3682e+01 -4.8348e+01 -7.1349e+01
-5.5317e+01 -5.4815e+01 -5.4818e+01 -1.4922e+02
-5.5382e+01 -5.5389e+01 -5.6798e+01 -1.8192e+02
# New trial
-5.5238e+01 -5.4073e+01 -5.3524e+01 -1.3960e+02
-5.5261e+01 -5.4268e+01 -5.3276e+01 -1.3152e+02
-5.5334e+01 -5.4936e+01 -5.3335e+01 -1.1729e+02
-5.5379e+01 -5.5359e+01 -5.5456e+01 -1.1915e+02
# New trial
-5.5245e+01 -5.4130e+01 -5.0134e+01 -7.7129e+01
-5.5236e+01 -5.4025e+01 -4.8997e+01 -8.1411e+01
-5.5274e+01 -5.4349e+01 -5.0313e+01 -1.2109e+02
-5.5362e+01 -5.5194e+01 -5.3863e+01 -1.0321e+02
# New trial
-5.5277e+01 -5.4491e+01 -6.2919e+01 -2.4013e+02
-5.5289e+01 -5.4580e+01 -5.7788e+01 -1.7362e+02
-5.5341e+01 -5.5021e+01 -5.5286e+01 -1.4356e+02
-5.5375e+01 -5.5326e+01 -5.5231e+01 -8.8721e+01
# New trial
-5.5268e+01 -5.4468e+01 -6.7955e+01 -2.9666e+02
-5.5300e+01 -5.4670e+01 -5.6804e+01 -1.5512e+02
-5.5342e+01 -5.5012e+01 -5.3835e+01 -9.6766e+01
-5.5380e+01 -5.5366e+01 -5.5387e+01 -8.8340e+01
# New trial
-5.5348e+01 -5.5170e+01 -6.4496e+01 -2.3045e+02
-5.5314e+01 -5.4754e+01 -5.3097e+01 -1.0695e+02
-5.5306e+01 -5.4649e+01 -5.1015e+01 -1.1337e+02
-5.5363e+01 -5.5203e+01 -5.4121e+01 -1.0904e+02
# New trial
-5.5197e+01 -5.3848e+01 -5.5651e+01 -1.5568e+02
-5.5203e+01 -5.3852e+01 -5.3682e+01 -1.6251e+02
-5.5288e+01 -5.4524e+01 -5.2461e+01 -1.2077e+02
-5.5377e+01 -5.5346e+01 -5.6602e+01 -1.6949e+02
# New trial
-5.5245e+01 -5.4341e+01 -6.4089e+01 -2.5431e+02
-5.5264e+01 -5.4409e+01 -6.1280e+01 -2.2959e+02
-5.5320e+01 -5.4843e+01 -6.1148e+01 -2.5300e+02
-5.5377e+01 -5.5336e+01 -5.5213e+01 -1.0087e+02
# New trial
-5.5251e+01 -5.4260e+01 -5.9032e+01 -2.0213e+02
-5.5284e+01 -5.4541e+01 -5.6876e+01 -1.6136e+02
-5.5348e+01 -5.5082e+01 -5.5814e+01 -1.3888e+02
-5.5383e+01 -5.5405e+01 -5.6864e+01 -1.6432e+02
# New trial
-5.5302e+01 -5.4641e+01 -5.6340e+01 -1.7290e+02
-5.5296e+01 -5.4563e+01 -5.2153e+01 -1.1675e+02
-5.5312e+01 -5.4699e+01 -5.0036e+01 -8.8097e+01
-5.5367e+01 -5.5238e+01 -5.4046e+01 -5.1936e+01
# New trial
-5.5267e+01 -5.4282e+01 -5.0014e+01 -8.9727e+01
-5.5278e+01 -5.4394e+01 -5.0044e+01 -8.6883e+01
-5.5337e+01 -5.4953e+01 -5.2538e+01 -8.3157e+01
-5.5378e+01 -5.5354e+01 -5.5536e+01 -1.2433e+02
# New trial
-5.5278e+01 -5.4541e+01 -6.3793e+01 -2.4148e+02
-5.5276e+01 -5.4425e+01 -5.3636e+01 -1.2130e+02
-5.5317e+01 -5.4781e+01 -5.4627e+01 -1.6978e+02
-5.5373e+01 -5.5301e+01 -5.5184e+01 -1.1626e+02
# New trial
-5.5307e+01 -5.4819e+01 -6.6089e+01 -2.7862e+02
-5.5288e+01 -5.4547e+01 -5.5338e+01 -1.5839e+02
-5.5298e+01 -5.4583e+01 -5.1540e+01 -1.2578e+02
-5.5369e+01 -5.5264e+01 -5.4842e+01 -1.2035e+02
# New trial
-5.5343e+01 -5.5112e+01 -6.2440e+01 -2.1999e+02
-5.5336e+01 -5.5009e+01 -5.7229e+01 -1.4002e+02
-5.5348e+01 -5.5080e+01 -5.4902e+01 -1.1900e+02
-5.5379e+01 -5.5357e+01 -5.5258e+01 -8.9608e+01
# New trial
-5.5278e+01 -5.4411e+01 -5.4057e+01 -1.5715e+02
-5.5276e+01 -5.4382e+01 -5.1834e+01 -1.3092e+02
-5.5323e+01 -5.4812e+01 -5.1252e+01 -7.4314e+01
-5.5375e+01 -5.5317e+01 -5.4902e+01 -6.7340e+01
# New trial
-5.5247e+01 -5.4100e+01 -5.0499e+01 -1.0248e+02
-5.5292e+01 -5.4529e+01 -5.1866e+01 -1.0807e+02
-5.5352e+01 -5.5098e+01 -5.4281e+01 -1.4232e+02
-5.5378e+01 -5.5354e+01 -5.5310e+01 -9.1465e+01
# New trial
-5.5262e+01 -5.4252e+01 -5.2926e+01 -1.5574e+02
-5.5300e+01 -5.4601e+01 -5.1526e+01 -8.5049e+01
-5.5356e+01 -5.5137e+01 -5.3911e+01 -1.0699e+02
-5.5377e+01 -5.5341e+01 -5.5067e+01 -5.5802e+01
# New trial
-5.5268e+01 -5.4550e+01 -6.4746e+01 -2.3939e+02
-5.5251e+01 -5.4156e+01 -5.3090e+01 -1.5331e+02
-5.5314e+01 -5.4725e+01 -5.1712e+01 -1.2865e+02
-5.5377e+01 -5.5339e+01 -5.5596e+01 -1.4994e+02
# New trial
-5.5280e+01 -5.4432e+01 -5.4222e+01 -1.5804e+02
-5.5313e+01 -5.4737e+01 -5.2512e+01 -9.7508e+01
-5.5365e+01 -5.5229e+01 -5.4879e+01 -1.0516e+02
-5.5381e+01 -5.5375e+01 -5.5438e+01 -8.9797e+01
# New trial
-5.5343e+01 -5.5194e+01 -6.7977e+01 -2.7899e+02
-5.5323e+01 -5.4929e+01 -6.2151e+01 -2.3620e+02
-5.5354e+01 -5.5154e+01 -5.7714e+01 -1.6793e+02
-5.5381e+01 -5.5383e+01 -5.5938e+01 -1.3186e+02
# New trial
-5.5279e+01 -5.4438e+01 -5.8324e+01 -2.0285e+02
-5.5280e+01 -5.4420e+01 -5.5989e+01 -1.8880e+02
-5.5317e+01 -5.4754e+01 -5.3046e+01 -1.4651e+02
-5.5372e+01 -5.5289e+01 -5.4609e+01 -7.1578e+01
# New trial
-5.5256e+01 -5.4190e+01 -5.1504e+01 -1.3027e+02
-5.5292e+01 -5.4538e+01 -5.1677e+01 -1.0628e+02
-5.5356e+01 -5.5141e+01 -5.4152e+01 -8.7941e+01
-5.5379e+01 -5.5359e+01 -5.5339e+01 -7.3493e+01
# New trial
