# 0.1sig - Array shape (trial/sig/alpha): (30, 4, 4)
-1.7504e+02 -1.7213e+02 -1.5083e+02 -1.4311e+02
-1.7494e+02 -1.7114e+02 -1.4497e+02 -1.1567e+02
-1.7469e+02 -1.6871e+02 -1.3094e+02 -1.2328e+02
-1.7493e+02 -1.7099e+02 -1.4004e+02 -1.7599e+02
# New trial
-1.7515e+02 -1.7314e+02 -1.5537e+02 -1.2577e+02
-1.7506e+02 -1.7227e+02 -1.4838e+02 -1.2248e+02
-1.7486e+02 -1.7030e+02 -1.3614e+02 -1.5313e+02
-1.7487e+02 -1.7038e+02 -1.4208e+02 -2.7436e+02
# New trial
-1.7516e+02 -1.7323e+02 -1.5731e+02 -1.3970e+02
-1.7503e+02 -1.7191e+02 -1.4465e+02 -1.1567e+02
-1.7473e+02 -1.6897e+02 -1.3074e+02 -1.4505e+02
-1.7457e+02 -1.6745e+02 -1.3639e+02 -2.6630e+02
# New trial
-1.7511e+02 -1.7274e+02 -1.5331e+02 -2.0743e+02
-1.7504e+02 -1.7202e+02 -1.4550e+02 -1.1700e+02
-1.7482e+02 -1.6986e+02 -1.3086e+02 -1.1903e+02
-1.7475e+02 -1.6921e+02 -1.3178e+02 -1.7750e+02
# New trial
-1.7520e+02 -1.7369e+02 -1.6073e+02 -1.7771e+02
-1.7513e+02 -1.7292e+02 -1.5298e+02 -1.1560e+02
-1.7494e+02 -1.7109e+02 -1.3815e+02 -1.1708e+02
-1.7494e+02 -1.7105e+02 -1.3798e+02 -1.3848e+02
# New trial
-1.7520e+02 -1.7362e+02 -1.5881e+02 -1.2051e+02
-1.7513e+02 -1.7294e+02 -1.5260e+02 -1.1790e+02
-1.7497e+02 -1.7132e+02 -1.4046e+02 -1.2810e+02
-1.7502e+02 -1.7185e+02 -1.4311e+02 -1.4064e+02
# New trial
-1.7517e+02 -1.7337e+02 -1.5664e+02 -1.2186e+02
-1.7511e+02 -1.7271e+02 -1.5060e+02 -1.1566e+02
-1.7491e+02 -1.7075e+02 -1.3591e+02 -1.3292e+02
-1.7487e+02 -1.7031e+02 -1.3411e+02 -1.7470e+02
# New trial
-1.7511e+02 -1.7275e+02 -1.5277e+02 -1.4478e+02
-1.7505e+02 -1.7213e+02 -1.4824e+02 -1.1723e+02
-1.7489e+02 -1.7060e+02 -1.4141e+02 -1.8130e+02
-1.7503e+02 -1.7194e+02 -1.5199e+02 -3.0744e+02
# New trial
-1.7503e+02 -1.7200e+02 -1.4800e+02 -1.3320e+02
-1.7490e+02 -1.7073e+02 -1.3964e+02 -1.1649e+02
-1.7465e+02 -1.6829e+02 -1.2622e+02 -1.2040e+02
-1.7492e+02 -1.7091e+02 -1.3968e+02 -2.0409e+02
# New trial
-1.7515e+02 -1.7317e+02 -1.5516e+02 -1.2000e+02
-1.7507e+02 -1.7240e+02 -1.4927e+02 -1.1688e+02
-1.7486e+02 -1.7028e+02 -1.3394e+02 -1.2879e+02
-1.7482e+02 -1.6991e+02 -1.3325e+02 -1.8195e+02
# New trial
-1.7518e+02 -1.7346e+02 -1.5723e+02 -1.2100e+02
-1.7508e+02 -1.7249e+02 -1.4892e+02 -1.1759e+02
-1.7481e+02 -1.6974e+02 -1.3167e+02 -1.2371e+02
-1.7468e+02 -1.6845e+02 -1.3023e+02 -1.8257e+02
# New trial
-1.7509e+02 -1.7261e+02 -1.5220e+02 -1.3526e+02
-1.7499e+02 -1.7162e+02 -1.4555e+02 -1.1698e+02
-1.7475e+02 -1.6927e+02 -1.3090e+02 -1.2067e+02
-1.7492e+02 -1.7087e+02 -1.3712e+02 -1.3623e+02
# New trial
-1.7515e+02 -1.7317e+02 -1.5495e+02 -1.2427e+02
-1.7508e+02 -1.7244e+02 -1.4882e+02 -1.2413e+02
-1.7487e+02 -1.7040e+02 -1.3640e+02 -1.5643e+02
-1.7494e+02 -1.7102e+02 -1.4201e+02 -2.4488e+02
# New trial
-1.7521e+02 -1.7371e+02 -1.5980e+02 -1.2283e+02
-1.7514e+02 -1.7301e+02 -1.5266e+02 -1.1567e+02
-1.7496e+02 -1.7122e+02 -1.3756e+02 -1.1554e+02
-1.7481e+02 -1.6970e+02 -1.2936e+02 -1.1836e+02
# New trial
-1.7508e+02 -1.7254e+02 -1.5595e+02 -2.1791e+02
-1.7495e+02 -1.7122e+02 -1.4404e+02 -1.2130e+02
-1.7465e+02 -1.6831e+02 -1.3019e+02 -1.4323e+02
-1.7476e+02 -1.6926e+02 -1.2910e+02 -1.3270e+02
# New trial
-1.7509e+02 -1.7259e+02 -1.6200e+02 -2.9924e+02
-1.7496e+02 -1.7127e+02 -1.4425e+02 -1.2601e+02
-1.7463e+02 -1.6809e+02 -1.3462e+02 -1.6238e+02
-1.7468e+02 -1.6855e+02 -1.4496e+02 -3.6045e+02
# New trial
-1.7516e+02 -1.7327e+02 -1.5589e+02 -1.2367e+02
-1.7507e+02 -1.7237e+02 -1.4844e+02 -1.1819e+02
-1.7483e+02 -1.7003e+02 -1.3533e+02 -1.3878e+02
-1.7479e+02 -1.6958e+02 -1.4229e+02 -3.1847e+02
# New trial
-1.7522e+02 -1.7388e+02 -1.6129e+02 -1.5233e+02
-1.7514e+02 -1.7306e+02 -1.5355e+02 -1.1970e+02
-1.7491e+02 -1.7080e+02 -1.3560e+02 -1.2765e+02
-1.7473e+02 -1.6902e+02 -1.3302e+02 -2.1435e+02
# New trial
-1.7519e+02 -1.7350e+02 -1.5735e+02 -1.3081e+02
-1.7512e+02 -1.7284e+02 -1.5161e+02 -1.1560e+02
-1.7494e+02 -1.7103e+02 -1.3769e+02 -1.2036e+02
-1.7492e+02 -1.7082e+02 -1.3466e+02 -1.1543e+02
# New trial
-1.7518e+02 -1.7349e+02 -1.6129e+02 -2.5619e+02
-1.7508e+02 -1.7248e+02 -1.5050e+02 -1.1748e+02
-1.7480e+02 -1.6966e+02 -1.3291e+02 -1.3586e+02
-1.7480e+02 -1.6969e+02 -1.4029e+02 -2.5542e+02
# New trial
-1.7512e+02 -1.7288e+02 -1.5395e+02 -1.2102e+02
-1.7505e+02 -1.7213e+02 -1.4748e+02 -1.1585e+02
-1.7485e+02 -1.7022e+02 -1.3530e+02 -1.1950e+02
-1.7492e+02 -1.7087e+02 -1.3980e+02 -2.1208e+02
# New trial
-1.7516e+02 -1.7329e+02 -1.5956e+02 -2.3027e+02
-1.7508e+02 -1.7249e+02 -1.5027e+02 -1.1562e+02
-1.7489e+02 -1.7061e+02 -1.3766e+02 -1.2327e+02
-1.7495e+02 -1.7115e+02 -1.4192e+02 -2.0755e+02
# New trial
-1.7516e+02 -1.7328e+02 -1.5620e+02 -1.2490e+02
-1.7509e+02 -1.7253e+02 -1.4967e+02 -1.1599e+02
-1.7489e+02 -1.7056e+02 -1.3420e+02 -1.1676e+02
-1.7487e+02 -1.7037e+02 -1.3290e+02 -1.2754e+02
# New trial
-1.7517e+02 -1.7334e+02 -1.5654e+02 -1.3186e+02
-1.7510e+02 -1.7265e+02 -1.5076e+02 -1.2563e+02
-1.7493e+02 -1.7100e+02 -1.3941e+02 -1.4028e+02
-1.7497e+02 -1.7138e+02 -1.4342e+02 -2.1572e+02
# New trial
-1.7518e+02 -1.7345e+02 -1.5746e+02 -1.5364e+02
-1.7515e+02 -1.7313e+02 -1.5455e+02 -1.1633e+02
-1.7505e+02 -1.7213e+02 -1.4675e+02 -1.3653e+02
-1.7512e+02 -1.7281e+02 -1.5305e+02 -2.1639e+02
# New trial
-1.7514e+02 -1.7310e+02 -1.6023e+02 -2.3627e+02
-1.7504e+02 -1.7208e+02 -1.4599e+02 -1.1658e+02
-1.7481e+02 -1.6974e+02 -1.2947e+02 -1.1540e+02
-1.7470e+02 -1.6869e+02 -1.2650e+02 -1.1538e+02
# New trial
-1.7521e+02 -1.7369e+02 -1.5978e+02 -1.3297e+02
-1.7517e+02 -1.7333e+02 -1.5665e+02 -1.2923e+02
-1.7506e+02 -1.7229e+02 -1.4797e+02 -1.5848e+02
-1.7514e+02 -1.7307e+02 -1.5386e+02 -1.6848e+02
# New trial
-1.7515e+02 -1.7314e+02 -1.5818e+02 -2.0299e+02
-1.7503e+02 -1.7200e+02 -1.4602e+02 -1.1647e+02
-1.7468e+02 -1.6854e+02 -1.2756e+02 -1.2711e+02
-1.7462e+02 -1.6791e+02 -1.3429e+02 -2.4421e+02
# New trial
-1.7519e+02 -1.7352e+02 -1.5851e+02 -1.3367e+02
-1.7511e+02 -1.7272e+02 -1.5058e+02 -1.1709e+02
-1.7486e+02 -1.7026e+02 -1.3311e+02 -1.2658e+02
-1.7472e+02 -1.6884e+02 -1.3654e+02 -2.5665e+02
# New trial
-1.7519e+02 -1.7358e+02 -1.5823e+02 -1.1928e+02
-1.7515e+02 -1.7315e+02 -1.5470e+02 -1.1886e+02
-1.7507e+02 -1.7236e+02 -1.4831e+02 -1.2608e+02
-1.7514e+02 -1.7306e+02 -1.5397e+02 -1.5816e+02
# New trial
