# 0.01sig - Array shape (trial/sig/alpha): (30L, 4L, 4L)
-1.1514e+02 -1.1308e+02 -9.7807e+01 -7.9904e+01
-1.1509e+02 -1.1259e+02 -9.5005e+01 -8.7093e+01
-1.1505e+02 -1.1220e+02 -9.3577e+01 -1.2228e+02
-1.1527e+02 -1.1428e+02 -1.0681e+02 -2.1308e+02
# New trial
-1.1510e+02 -1.1270e+02 -9.6640e+01 -9.2406e+01
-1.1504e+02 -1.1209e+02 -9.5411e+01 -9.1989e+01
-1.1499e+02 -1.1165e+02 -9.1701e+01 -9.9661e+01
-1.1526e+02 -1.1417e+02 -1.0462e+02 -1.1950e+02
# New trial
-1.1510e+02 -1.1267e+02 -9.4605e+01 -7.9197e+01
-1.1502e+02 -1.1182e+02 -9.0824e+01 -8.2324e+01
-1.1495e+02 -1.1119e+02 -9.6005e+01 -1.8829e+02
-1.1524e+02 -1.1401e+02 -1.1268e+02 -3.4246e+02
# New trial
-1.1499e+02 -1.1163e+02 -9.0796e+01 -7.9081e+01
-1.1496e+02 -1.1142e+02 -9.2070e+01 -1.0565e+02
-1.1503e+02 -1.1204e+02 -9.6066e+01 -1.6832e+02
-1.1531e+02 -1.1469e+02 -1.0932e+02 -1.5892e+02
# New trial
-1.1516e+02 -1.1322e+02 -9.6940e+01 -7.9316e+01
-1.1508e+02 -1.1248e+02 -9.1755e+01 -8.0262e+01
-1.1496e+02 -1.1128e+02 -8.8896e+01 -1.1773e+02
-1.1510e+02 -1.1267e+02 -1.0145e+02 -2.6993e+02
# New trial
-1.1515e+02 -1.1310e+02 -9.6006e+01 -7.9393e+01
-1.1504e+02 -1.1205e+02 -9.1843e+01 -8.4129e+01
-1.1491e+02 -1.1075e+02 -8.8442e+01 -1.2220e+02
-1.1520e+02 -1.1364e+02 -1.0327e+02 -2.2587e+02
# New trial
-1.1515e+02 -1.1311e+02 -9.7507e+01 -8.0368e+01
-1.1508e+02 -1.1247e+02 -9.5133e+01 -7.9569e+01
-1.1507e+02 -1.1233e+02 -9.4131e+01 -9.4055e+01
-1.1530e+02 -1.1463e+02 -1.0904e+02 -1.3057e+02
# New trial
-1.1513e+02 -1.1290e+02 -9.5999e+01 -8.0473e+01
-1.1507e+02 -1.1234e+02 -9.3120e+01 -8.4057e+01
-1.1498e+02 -1.1150e+02 -9.0463e+01 -1.1810e+02
-1.1521e+02 -1.1374e+02 -1.0253e+02 -1.7190e+02
# New trial
-1.1510e+02 -1.1266e+02 -9.5015e+01 -7.9453e+01
-1.1501e+02 -1.1175e+02 -9.0612e+01 -8.8347e+01
-1.1482e+02 -1.0993e+02 -9.0509e+01 -1.5115e+02
-1.1515e+02 -1.1319e+02 -1.0484e+02 -2.5449e+02
# New trial
-1.1508e+02 -1.1247e+02 -9.5736e+01 -8.3432e+01
-1.1501e+02 -1.1185e+02 -9.4545e+01 -1.1826e+02
-1.1501e+02 -1.1182e+02 -1.0134e+02 -2.5807e+02
-1.1530e+02 -1.1459e+02 -1.1051e+02 -2.6272e+02
# New trial
-1.1504e+02 -1.1211e+02 -9.5923e+01 -7.9404e+01
-1.1501e+02 -1.1197e+02 -9.9659e+01 -1.4137e+02
-1.1507e+02 -1.1254e+02 -1.0773e+02 -2.6038e+02
-1.1533e+02 -1.1495e+02 -1.1266e+02 -2.1854e+02
# New trial
-1.1520e+02 -1.1359e+02 -9.9395e+01 -7.9822e+01
-1.1518e+02 -1.1337e+02 -9.7668e+01 -7.9082e+01
-1.1515e+02 -1.1316e+02 -9.5779e+01 -8.7574e+01
-1.1528e+02 -1.1443e+02 -1.0633e+02 -1.1372e+02
# New trial
-1.1514e+02 -1.1306e+02 -9.6573e+01 -8.4303e+01
-1.1506e+02 -1.1224e+02 -9.3267e+01 -8.9946e+01
-1.1488e+02 -1.1051e+02 -9.1496e+01 -1.3276e+02
-1.1510e+02 -1.1266e+02 -1.0320e+02 -2.3670e+02
# New trial
-1.1521e+02 -1.1375e+02 -1.0095e+02 -7.9846e+01
-1.1517e+02 -1.1331e+02 -9.7517e+01 -8.2373e+01
-1.1510e+02 -1.1264e+02 -9.3321e+01 -9.6009e+01
-1.1521e+02 -1.1368e+02 -1.0216e+02 -2.0803e+02
# New trial
-1.1517e+02 -1.1334e+02 -9.7722e+01 -8.4633e+01
-1.1513e+02 -1.1288e+02 -9.4959e+01 -8.5029e+01
-1.1505e+02 -1.1212e+02 -9.1740e+01 -1.2210e+02
-1.1522e+02 -1.1384e+02 -1.0246e+02 -1.6828e+02
# New trial
-1.1506e+02 -1.1230e+02 -9.4200e+01 -8.1707e+01
-1.1498e+02 -1.1158e+02 -9.1725e+01 -8.8063e+01
-1.1496e+02 -1.1139e+02 -9.5408e+01 -1.9544e+02
-1.1529e+02 -1.1456e+02 -1.1141e+02 -2.9159e+02
# New trial
-1.1509e+02 -1.1259e+02 -9.4935e+01 -8.6017e+01
-1.1503e+02 -1.1205e+02 -9.4528e+01 -9.6919e+01
-1.1501e+02 -1.1185e+02 -9.5564e+01 -1.4622e+02
-1.1526e+02 -1.1419e+02 -1.0583e+02 -1.6793e+02
# New trial
-1.1505e+02 -1.1226e+02 -9.5278e+01 -9.4001e+01
-1.1498e+02 -1.1159e+02 -9.3993e+01 -1.1287e+02
-1.1496e+02 -1.1141e+02 -9.6805e+01 -1.8972e+02
-1.1528e+02 -1.1446e+02 -1.1075e+02 -2.8165e+02
# New trial
-1.1525e+02 -1.1405e+02 -1.0267e+02 -7.8922e+01
-1.1520e+02 -1.1365e+02 -9.9302e+01 -8.0082e+01
-1.1512e+02 -1.1282e+02 -9.2454e+01 -8.0448e+01
-1.1518e+02 -1.1344e+02 -9.7684e+01 -8.0039e+01
# New trial
-1.1515e+02 -1.1313e+02 -9.7811e+01 -9.3148e+01
-1.1511e+02 -1.1273e+02 -9.6450e+01 -1.0791e+02
-1.1505e+02 -1.1218e+02 -9.2535e+01 -1.1281e+02
-1.1522e+02 -1.1381e+02 -1.0153e+02 -1.0169e+02
# New trial
-1.1493e+02 -1.1121e+02 -9.3007e+01 -8.1231e+01
-1.1486e+02 -1.1065e+02 -9.3417e+01 -9.9625e+01
-1.1495e+02 -1.1140e+02 -9.7255e+01 -1.6040e+02
-1.1533e+02 -1.1488e+02 -1.1258e+02 -2.3704e+02
# New trial
-1.1516e+02 -1.1319e+02 -9.7509e+01 -7.9418e+01
-1.1509e+02 -1.1252e+02 -9.4492e+01 -8.1320e+01
-1.1502e+02 -1.1189e+02 -9.1225e+01 -9.2112e+01
-1.1527e+02 -1.1431e+02 -1.0641e+02 -1.6591e+02
# New trial
-1.1524e+02 -1.1398e+02 -1.0209e+02 -7.8475e+01
-1.1519e+02 -1.1346e+02 -9.7778e+01 -7.8464e+01
-1.1508e+02 -1.1240e+02 -8.9199e+01 -7.8458e+01
-1.1513e+02 -1.1289e+02 -9.3395e+01 -7.9377e+01
# New trial
-1.1491e+02 -1.1099e+02 -9.2459e+01 -7.8704e+01
-1.1492e+02 -1.1132e+02 -1.0057e+02 -1.5565e+02
-1.1510e+02 -1.1298e+02 -1.1576e+02 -3.5120e+02
-1.1535e+02 -1.1516e+02 -1.1635e+02 -2.7368e+02
# New trial
-1.1519e+02 -1.1349e+02 -1.0040e+02 -8.7434e+01
-1.1510e+02 -1.1264e+02 -9.6502e+01 -8.9858e+01
-1.1497e+02 -1.1138e+02 -9.2904e+01 -1.5091e+02
-1.1524e+02 -1.1404e+02 -1.0574e+02 -2.2395e+02
# New trial
-1.1520e+02 -1.1363e+02 -9.9731e+01 -8.6611e+01
-1.1515e+02 -1.1316e+02 -9.6739e+01 -8.8131e+01
-1.1509e+02 -1.1251e+02 -9.3191e+01 -1.1256e+02
-1.1527e+02 -1.1429e+02 -1.0515e+02 -1.0347e+02
# New trial
-1.1520e+02 -1.1356e+02 -9.9060e+01 -8.0112e+01
-1.1512e+02 -1.1280e+02 -9.5139e+01 -8.2003e+01
-1.1500e+02 -1.1163e+02 -8.8512e+01 -1.0111e+02
-1.1514e+02 -1.1306e+02 -9.7070e+01 -1.3285e+02
# New trial
-1.1519e+02 -1.1354e+02 -1.0001e+02 -8.4500e+01
-1.1511e+02 -1.1279e+02 -9.6533e+01 -8.5534e+01
-1.1498e+02 -1.1150e+02 -9.1830e+01 -1.1688e+02
-1.1516e+02 -1.1320e+02 -9.8711e+01 -1.5654e+02
# New trial
-1.1522e+02 -1.1384e+02 -1.0160e+02 -7.9670e+01
-1.1518e+02 -1.1346e+02 -9.8460e+01 -7.9376e+01
-1.1512e+02 -1.1281e+02 -9.3806e+01 -9.2843e+01
-1.1525e+02 -1.1407e+02 -1.0344e+02 -1.2028e+02
# New trial
-1.1515e+02 -1.1312e+02 -9.7450e+01 -8.5697e+01
-1.1509e+02 -1.1251e+02 -9.4392e+01 -9.9045e+01
-1.1503e+02 -1.1197e+02 -9.5644e+01 -1.5885e+02
-1.1526e+02 -1.1419e+02 -1.0728e+02 -2.4541e+02
# New trial
