# 0.1sig - Array shape (trial/sig/alpha): (30L, 4L, 4L)
-6.8905e+01 -6.7113e+01 -1.0376e+02 -7.5478e+02
-6.8927e+01 -6.6728e+01 -7.2823e+01 -3.4084e+02
-6.9041e+01 -6.7543e+01 -6.4175e+01 -2.7105e+02
-6.9197e+01 -6.8977e+01 -6.8271e+01 -1.4906e+02
# New trial
-6.8997e+01 -6.7204e+01 -6.8674e+01 -2.7855e+02
-6.9027e+01 -6.7459e+01 -6.4966e+01 -1.7645e+02
-6.9104e+01 -6.8088e+01 -6.4326e+01 -1.9773e+02
-6.9203e+01 -6.9010e+01 -6.7898e+01 -1.3618e+02
# New trial
-6.9029e+01 -6.7680e+01 -8.7215e+01 -4.9918e+02
-6.9013e+01 -6.7278e+01 -6.8514e+01 -3.1922e+02
-6.8918e+01 -6.6188e+01 -5.1961e+01 -1.7224e+02
-6.9046e+01 -6.7436e+01 -5.7039e+01 -5.8783e+01
# New trial
-6.9027e+01 -6.7561e+01 -9.6493e+01 -7.6694e+02
-6.8985e+01 -6.6986e+01 -7.1390e+01 -4.4162e+02
-6.8957e+01 -6.6592e+01 -5.4551e+01 -2.4250e+02
-6.9090e+01 -6.7868e+01 -5.9013e+01 -5.1783e+01
# New trial
-6.9069e+01 -6.8108e+01 -9.0650e+01 -5.7743e+02
-6.9033e+01 -6.7499e+01 -6.5099e+01 -1.9649e+02
-6.9067e+01 -6.7700e+01 -6.2162e+01 -2.2249e+02
-6.9185e+01 -6.8830e+01 -6.7584e+01 -2.4469e+02
# New trial
-6.9022e+01 -6.7382e+01 -6.9532e+01 -3.1735e+02
-6.9031e+01 -6.7408e+01 -6.2152e+01 -1.8578e+02
-6.9056e+01 -6.7569e+01 -5.7894e+01 -1.5901e+02
-6.9165e+01 -6.8615e+01 -6.3710e+01 -9.6315e+01
# New trial
-6.8914e+01 -6.6461e+01 -6.6999e+01 -3.1459e+02
-6.8958e+01 -6.6761e+01 -5.9821e+01 -2.0370e+02
-6.9025e+01 -6.7267e+01 -5.5817e+01 -1.7401e+02
-6.9177e+01 -6.8733e+01 -6.4616e+01 -1.0465e+02
# New trial
-6.9002e+01 -6.7514e+01 -1.0384e+02 -7.8057e+02
-6.9013e+01 -6.7313e+01 -7.0110e+01 -3.2221e+02
-6.9042e+01 -6.7438e+01 -6.0007e+01 -2.8547e+02
-6.9188e+01 -6.8851e+01 -6.6674e+01 -1.9623e+02
# New trial
-6.8869e+01 -6.6514e+01 -8.3286e+01 -4.9973e+02
-6.8885e+01 -6.6426e+01 -6.9935e+01 -3.3958e+02
-6.9008e+01 -6.7265e+01 -6.3920e+01 -3.0431e+02
-6.9200e+01 -6.9006e+01 -6.9807e+01 -2.6436e+02
# New trial
-6.8916e+01 -6.6491e+01 -7.1259e+01 -3.9922e+02
-6.8945e+01 -6.6644e+01 -6.2289e+01 -2.7328e+02
-6.9028e+01 -6.7321e+01 -5.9514e+01 -2.1989e+02
-6.9180e+01 -6.8765e+01 -6.6249e+01 -2.1776e+02
# New trial
-6.9099e+01 -6.8224e+01 -7.6730e+01 -3.3401e+02
-6.9056e+01 -6.7751e+01 -7.0396e+01 -3.1676e+02
-6.8956e+01 -6.6637e+01 -5.7971e+01 -1.9329e+02
-6.9109e+01 -6.8088e+01 -6.4796e+01 -1.9909e+02
# New trial
-6.9024e+01 -6.7803e+01 -1.0123e+02 -7.5126e+02
-6.8989e+01 -6.7296e+01 -7.9142e+01 -4.2253e+02
-6.9051e+01 -6.7597e+01 -6.3890e+01 -2.9416e+02
-6.9202e+01 -6.8989e+01 -6.7747e+01 -1.6531e+02
# New trial
-6.9062e+01 -6.8334e+01 -1.1734e+02 -8.8809e+02
-6.9052e+01 -6.7807e+01 -7.7084e+01 -3.7513e+02
-6.9055e+01 -6.7612e+01 -6.4096e+01 -2.9538e+02
-6.9183e+01 -6.8811e+01 -6.6396e+01 -1.5645e+02
# New trial
-6.9100e+01 -6.8298e+01 -8.6329e+01 -5.0168e+02
-6.9044e+01 -6.7487e+01 -5.9705e+01 -1.8407e+02
-6.9013e+01 -6.7121e+01 -5.2705e+01 -1.1229e+02
-6.9112e+01 -6.8087e+01 -6.0245e+01 -7.3531e+01
# New trial
-6.8892e+01 -6.7018e+01 -9.5863e+01 -5.9671e+02
-6.8800e+01 -6.5670e+01 -7.4192e+01 -4.5957e+02
-6.8920e+01 -6.6363e+01 -6.2037e+01 -3.3585e+02
-6.9197e+01 -6.8941e+01 -6.8408e+01 -2.7604e+02
# New trial
-6.8929e+01 -6.7253e+01 -1.0906e+02 -7.9221e+02
-6.8881e+01 -6.6334e+01 -8.3027e+01 -5.2663e+02
-6.8887e+01 -6.6095e+01 -6.5749e+01 -3.7129e+02
-6.9159e+01 -6.8597e+01 -6.9155e+01 -3.5027e+02
# New trial
-6.8882e+01 -6.6654e+01 -9.1981e+01 -6.2173e+02
-6.8954e+01 -6.6900e+01 -7.2314e+01 -3.7895e+02
-6.9085e+01 -6.7891e+01 -6.4425e+01 -3.2030e+02
-6.9212e+01 -6.9082e+01 -6.8233e+01 -1.3810e+02
# New trial
-6.9013e+01 -6.7323e+01 -7.6466e+01 -4.8647e+02
-6.9017e+01 -6.7245e+01 -6.2813e+01 -2.8071e+02
-6.9024e+01 -6.7223e+01 -5.4034e+01 -9.5280e+01
-6.9150e+01 -6.8461e+01 -6.2361e+01 -6.8846e+01
# New trial
-6.9019e+01 -6.7304e+01 -6.5639e+01 -2.9937e+02
-6.8989e+01 -6.6984e+01 -5.9410e+01 -2.2822e+02
-6.9031e+01 -6.7331e+01 -5.6928e+01 -2.0899e+02
-6.9171e+01 -6.8679e+01 -6.4713e+01 -1.6475e+02
# New trial
-6.8909e+01 -6.6770e+01 -9.6053e+01 -6.8374e+02
-6.8928e+01 -6.6624e+01 -6.4603e+01 -2.9987e+02
-6.9005e+01 -6.7158e+01 -6.1221e+01 -2.9449e+02
-6.9181e+01 -6.8780e+01 -6.7442e+01 -3.3365e+02
# New trial
-6.8933e+01 -6.6752e+01 -8.5124e+01 -6.0458e+02
-6.8958e+01 -6.6815e+01 -6.7931e+01 -3.3307e+02
-6.9024e+01 -6.7316e+01 -6.3691e+01 -3.3621e+02
-6.9186e+01 -6.8841e+01 -6.7413e+01 -2.3317e+02
# New trial
-6.9072e+01 -6.7960e+01 -8.4426e+01 -5.1787e+02
-6.9041e+01 -6.7594e+01 -7.0166e+01 -3.0722e+02
-6.9086e+01 -6.7910e+01 -6.5660e+01 -3.0051e+02
-6.9213e+01 -6.9090e+01 -6.8486e+01 -1.7046e+02
# New trial
-6.8948e+01 -6.6645e+01 -6.3741e+01 -2.9006e+02
-6.8987e+01 -6.6968e+01 -6.1258e+01 -2.4330e+02
-6.9041e+01 -6.7422e+01 -5.8859e+01 -2.3474e+02
-6.9182e+01 -6.8785e+01 -6.5307e+01 -1.0730e+02
# New trial
-6.8838e+01 -6.5893e+01 -6.6457e+01 -3.2075e+02
-6.8946e+01 -6.6589e+01 -5.6325e+01 -1.7235e+02
-6.9081e+01 -6.7809e+01 -6.1376e+01 -2.5542e+02
-6.9205e+01 -6.9015e+01 -6.7589e+01 -1.2796e+02
# New trial
-6.9044e+01 -6.7607e+01 -7.5619e+01 -4.4890e+02
-6.9081e+01 -6.7858e+01 -6.4850e+01 -2.1396e+02
-6.9124e+01 -6.8226e+01 -6.1665e+01 -1.4072e+02
-6.9199e+01 -6.8956e+01 -6.6697e+01 -6.2191e+01
# New trial
-6.9072e+01 -6.8403e+01 -1.0239e+02 -6.7392e+02
-6.9009e+01 -6.7262e+01 -6.9971e+01 -3.5023e+02
-6.9012e+01 -6.7149e+01 -6.1391e+01 -2.7142e+02
-6.9168e+01 -6.8653e+01 -6.6210e+01 -1.6059e+02
# New trial
-6.8986e+01 -6.7010e+01 -7.1948e+01 -4.3976e+02
-6.9062e+01 -6.7678e+01 -6.4612e+01 -2.3585e+02
-6.9168e+01 -6.8670e+01 -6.6393e+01 -1.8845e+02
-6.9222e+01 -6.9182e+01 -6.9061e+01 -1.3550e+02
# New trial
-6.9096e+01 -6.8620e+01 -1.0617e+02 -7.1374e+02
-6.9033e+01 -6.7646e+01 -7.8455e+01 -4.5345e+02
-6.9044e+01 -6.7526e+01 -6.6946e+01 -3.5762e+02
-6.9197e+01 -6.8943e+01 -6.8508e+01 -3.1553e+02
# New trial
-6.8946e+01 -6.6634e+01 -6.9402e+01 -3.8292e+02
-6.8957e+01 -6.6686e+01 -6.4287e+01 -3.2004e+02
-6.8997e+01 -6.6993e+01 -5.7960e+01 -2.6640e+02
-6.9173e+01 -6.8697e+01 -6.5139e+01 -1.8550e+02
# New trial
-6.8898e+01 -6.6285e+01 -6.7445e+01 -3.5886e+02
-6.8971e+01 -6.6835e+01 -5.8692e+01 -2.1016e+02
-6.9134e+01 -6.8342e+01 -6.3187e+01 -1.3793e+02
-6.9219e+01 -6.9154e+01 -6.8909e+01 -1.5689e+02
# New trial
