# 0.01sig - Array shape (trial/sig/alpha): (30, 4, 4)
-1.1936e+02 -1.1400e+02 -9.4583e+01 -2.9330e+02
-1.1933e+02 -1.1373e+02 -9.0678e+01 -3.0770e+02
-1.1939e+02 -1.1418e+02 -8.5919e+01 -2.7817e+02
-1.1981e+02 -1.1819e+02 -1.0614e+02 -2.8015e+02
# New trial
-1.1925e+02 -1.1302e+02 -9.4202e+01 -3.2937e+02
-1.1925e+02 -1.1296e+02 -8.9247e+01 -2.6158e+02
-1.1938e+02 -1.1413e+02 -8.5900e+01 -2.0400e+02
-1.1985e+02 -1.1862e+02 -1.0925e+02 -3.2778e+02
# New trial
-1.1935e+02 -1.1406e+02 -9.6154e+01 -3.2351e+02
-1.1926e+02 -1.1305e+02 -8.7010e+01 -2.7589e+02
-1.1918e+02 -1.1217e+02 -9.3177e+01 -5.2009e+02
-1.1972e+02 -1.1730e+02 -1.1457e+02 -6.0615e+02
# New trial
-1.1914e+02 -1.1232e+02 -9.4044e+01 -3.6153e+02
-1.1910e+02 -1.1190e+02 -9.2035e+01 -3.6396e+02
-1.1935e+02 -1.1400e+02 -9.4883e+01 -4.1641e+02
-1.1986e+02 -1.1881e+02 -1.1302e+02 -3.3806e+02
# New trial
-1.1948e+02 -1.1512e+02 -9.4397e+01 -2.7956e+02
-1.1935e+02 -1.1383e+02 -8.4683e+01 -2.6237e+02
-1.1927e+02 -1.1289e+02 -7.7054e+01 -2.3001e+02
-1.1963e+02 -1.1641e+02 -9.2733e+01 -2.0976e+02
# New trial
-1.1930e+02 -1.1352e+02 -9.3806e+01 -3.2891e+02
-1.1927e+02 -1.1315e+02 -8.5677e+01 -2.3485e+02
-1.1927e+02 -1.1305e+02 -8.3549e+01 -3.1806e+02
-1.1975e+02 -1.1765e+02 -1.0114e+02 -1.7219e+02
# New trial
-1.1924e+02 -1.1286e+02 -8.7889e+01 -2.1819e+02
-1.1925e+02 -1.1303e+02 -8.9501e+01 -2.2591e+02
-1.1951e+02 -1.1542e+02 -9.8102e+01 -3.7380e+02
-1.1992e+02 -1.1924e+02 -1.1420e+02 -2.3858e+02
# New trial
-1.1923e+02 -1.1289e+02 -8.7336e+01 -2.6283e+02
-1.1923e+02 -1.1268e+02 -7.9297e+01 -2.2218e+02
-1.1929e+02 -1.1309e+02 -7.4632e+01 -2.2540e+02
-1.1973e+02 -1.1742e+02 -9.8420e+01 -2.1168e+02
# New trial
-1.1924e+02 -1.1291e+02 -8.9404e+01 -3.5536e+02
-1.1916e+02 -1.1204e+02 -8.3258e+01 -3.5348e+02
-1.1906e+02 -1.1093e+02 -7.7424e+01 -3.0771e+02
-1.1967e+02 -1.1687e+02 -9.4624e+01 -2.1158e+02
# New trial
-1.1934e+02 -1.1390e+02 -9.5975e+01 -3.1027e+02
-1.1939e+02 -1.1433e+02 -9.5253e+01 -3.1485e+02
-1.1956e+02 -1.1588e+02 -1.0158e+02 -4.5289e+02
-1.1992e+02 -1.1927e+02 -1.1467e+02 -2.7839e+02
# New trial
-1.1910e+02 -1.1178e+02 -8.5539e+01 -1.9016e+02
-1.1918e+02 -1.1260e+02 -9.2072e+01 -2.9829e+02
-1.1949e+02 -1.1549e+02 -1.1979e+02 -6.5808e+02
-1.1994e+02 -1.1950e+02 -1.1966e+02 -4.1490e+02
# New trial
-1.1957e+02 -1.1582e+02 -8.6951e+01 -9.0218e+01
-1.1963e+02 -1.1637e+02 -9.0200e+01 -1.1208e+02
-1.1971e+02 -1.1715e+02 -9.5653e+01 -1.6976e+02
-1.1989e+02 -1.1895e+02 -1.1002e+02 -1.4241e+02
# New trial
-1.1934e+02 -1.1376e+02 -9.1356e+01 -3.2407e+02
-1.1927e+02 -1.1299e+02 -8.1756e+01 -2.7064e+02
-1.1915e+02 -1.1179e+02 -8.0118e+01 -3.9729e+02
-1.1962e+02 -1.1640e+02 -9.7772e+01 -4.3056e+02
# New trial
-1.1956e+02 -1.1573e+02 -8.8088e+01 -1.3260e+02
-1.1949e+02 -1.1504e+02 -8.2439e+01 -1.2926e+02
-1.1945e+02 -1.1462e+02 -7.7890e+01 -1.3761e+02
-1.1972e+02 -1.1729e+02 -9.5227e+01 -1.1676e+02
# New trial
-1.1950e+02 -1.1513e+02 -8.5844e+01 -2.1028e+02
-1.1950e+02 -1.1518e+02 -8.1716e+01 -1.7033e+02
-1.1954e+02 -1.1547e+02 -8.3153e+01 -2.1402e+02
-1.1982e+02 -1.1825e+02 -1.0477e+02 -2.8422e+02
# New trial
-1.1910e+02 -1.1168e+02 -8.7652e+01 -3.1385e+02
-1.1909e+02 -1.1157e+02 -8.2320e+01 -2.5994e+02
-1.1930e+02 -1.1346e+02 -8.3636e+01 -2.2633e+02
-1.1986e+02 -1.1868e+02 -1.1154e+02 -3.6399e+02
# New trial
-1.1925e+02 -1.1296e+02 -8.1402e+01 -1.7734e+02
-1.1925e+02 -1.1300e+02 -8.5445e+01 -2.1371e+02
-1.1940e+02 -1.1445e+02 -9.5743e+01 -4.2937e+02
-1.1981e+02 -1.1824e+02 -1.0904e+02 -3.6418e+02
# New trial
-1.1931e+02 -1.1413e+02 -1.1623e+02 -5.1254e+02
-1.1926e+02 -1.1344e+02 -9.8895e+01 -4.0002e+02
-1.1942e+02 -1.1469e+02 -1.0613e+02 -5.8197e+02
-1.1987e+02 -1.1882e+02 -1.1166e+02 -3.3185e+02
# New trial
-1.1960e+02 -1.1610e+02 -9.0615e+01 -1.6899e+02
-1.1958e+02 -1.1595e+02 -8.6092e+01 -1.2181e+02
-1.1954e+02 -1.1551e+02 -8.3291e+01 -1.7457e+02
-1.1973e+02 -1.1739e+02 -9.8283e+01 -2.2246e+02
# New trial
-1.1944e+02 -1.1464e+02 -8.9545e+01 -2.5782e+02
-1.1946e+02 -1.1485e+02 -8.9606e+01 -2.1364e+02
-1.1952e+02 -1.1539e+02 -9.5450e+01 -3.7419e+02
-1.1983e+02 -1.1835e+02 -1.1120e+02 -4.4591e+02
# New trial
-1.1901e+02 -1.1088e+02 -7.9870e+01 -1.9931e+02
-1.1900e+02 -1.1099e+02 -8.3654e+01 -1.7932e+02
-1.1936e+02 -1.1433e+02 -1.0366e+02 -3.6521e+02
-1.1992e+02 -1.1938e+02 -1.1996e+02 -3.9508e+02
# New trial
-1.1926e+02 -1.1303e+02 -8.9154e+01 -2.8117e+02
-1.1935e+02 -1.1385e+02 -8.7135e+01 -2.1249e+02
-1.1948e+02 -1.1509e+02 -9.6221e+01 -3.9596e+02
-1.1987e+02 -1.1880e+02 -1.1136e+02 -3.5260e+02
# New trial
-1.1956e+02 -1.1581e+02 -9.4461e+01 -2.3597e+02
-1.1953e+02 -1.1542e+02 -8.8095e+01 -2.1145e+02
-1.1949e+02 -1.1498e+02 -7.9754e+01 -1.7795e+02
-1.1969e+02 -1.1695e+02 -9.2714e+01 -8.2564e+01
# New trial
-1.1902e+02 -1.1135e+02 -9.8427e+01 -4.1928e+02
-1.1904e+02 -1.1163e+02 -9.7239e+01 -3.7933e+02
-1.1950e+02 -1.1548e+02 -1.0675e+02 -4.4510e+02
-1.1996e+02 -1.1967e+02 -1.1932e+02 -4.4088e+02
# New trial
-1.1943e+02 -1.1458e+02 -9.2055e+01 -2.5615e+02
-1.1933e+02 -1.1369e+02 -8.4438e+01 -1.8138e+02
-1.1934e+02 -1.1369e+02 -8.7770e+01 -3.6709e+02
-1.1985e+02 -1.1857e+02 -1.0903e+02 -2.9650e+02
# New trial
-1.1941e+02 -1.1450e+02 -9.7722e+01 -3.3259e+02
-1.1943e+02 -1.1460e+02 -9.1134e+01 -2.3969e+02
-1.1952e+02 -1.1535e+02 -9.0148e+01 -2.2477e+02
-1.1986e+02 -1.1865e+02 -1.0812e+02 -1.7972e+02
# New trial
-1.1951e+02 -1.1545e+02 -9.9311e+01 -2.9068e+02
-1.1941e+02 -1.1447e+02 -9.0819e+01 -2.4835e+02
-1.1935e+02 -1.1377e+02 -8.3582e+01 -3.0148e+02
-1.1968e+02 -1.1693e+02 -9.8572e+01 -3.6542e+02
# New trial
-1.1946e+02 -1.1488e+02 -9.2802e+01 -2.4177e+02
-1.1933e+02 -1.1367e+02 -8.2816e+01 -1.8910e+02
-1.1922e+02 -1.1245e+02 -7.2655e+01 -2.2442e+02
-1.1966e+02 -1.1666e+02 -9.1270e+01 -1.6316e+02
# New trial
-1.1942e+02 -1.1450e+02 -9.1524e+01 -2.6952e+02
-1.1949e+02 -1.1511e+02 -8.4188e+01 -1.6507e+02
-1.1956e+02 -1.1570e+02 -8.4908e+01 -1.7310e+02
-1.1981e+02 -1.1820e+02 -1.0463e+02 -2.5148e+02
# New trial
-1.1936e+02 -1.1435e+02 -1.1773e+02 -5.5364e+02
-1.1935e+02 -1.1388e+02 -9.1951e+01 -2.9210e+02
-1.1940e+02 -1.1421e+02 -8.6935e+01 -2.7615e+02
-1.1979e+02 -1.1801e+02 -1.0341e+02 -1.5415e+02
# New trial
