# 0.01sig - Array shape (trial/sig/alpha): (30L, 4L, 4L)
-8.2628e+01 -7.8816e+01 -5.8152e+01 -4.7145e+01
-8.2648e+01 -7.9017e+01 -5.9858e+01 -6.7458e+01
-8.2754e+01 -7.9993e+01 -6.5739e+01 -1.3187e+02
-8.3001e+01 -8.2376e+01 -7.7939e+01 -1.5273e+02
# New trial
-8.2606e+01 -7.8576e+01 -5.7353e+01 -4.6658e+01
-8.2633e+01 -7.8890e+01 -6.0977e+01 -7.1238e+01
-8.2813e+01 -8.0594e+01 -6.7776e+01 -1.1556e+02
-8.3035e+01 -8.2706e+01 -7.9962e+01 -1.1748e+02
# New trial
-8.2676e+01 -7.9280e+01 -6.0831e+01 -4.7673e+01
-8.2662e+01 -7.9145e+01 -6.1975e+01 -8.9252e+01
-8.2736e+01 -7.9806e+01 -7.1761e+01 -2.2913e+02
-8.3004e+01 -8.2406e+01 -8.0287e+01 -2.5766e+02
# New trial
-8.2661e+01 -7.9276e+01 -6.3219e+01 -4.7680e+01
-8.2673e+01 -7.9409e+01 -6.4205e+01 -8.9043e+01
-8.2880e+01 -8.1311e+01 -7.9555e+01 -2.7397e+02
-8.3050e+01 -8.2911e+01 -8.5658e+01 -3.2140e+02
# New trial
-8.2758e+01 -8.0040e+01 -6.1693e+01 -4.6689e+01
-8.2703e+01 -7.9490e+01 -5.8722e+01 -4.8209e+01
-8.2749e+01 -7.9915e+01 -6.4824e+01 -1.5286e+02
-8.2987e+01 -8.2236e+01 -7.6859e+01 -1.8897e+02
# New trial
-8.2635e+01 -7.8877e+01 -5.9930e+01 -5.2807e+01
-8.2704e+01 -7.9566e+01 -6.5194e+01 -1.0560e+02
-8.2879e+01 -8.1242e+01 -7.6314e+01 -2.0775e+02
-8.3053e+01 -8.2893e+01 -8.2704e+01 -2.1250e+02
# New trial
-8.2658e+01 -7.9104e+01 -6.0701e+01 -4.8578e+01
-8.2688e+01 -7.9444e+01 -6.5972e+01 -9.6107e+01
-8.2902e+01 -8.1468e+01 -7.5354e+01 -1.8413e+02
-8.3056e+01 -8.2928e+01 -8.2729e+01 -1.6738e+02
# New trial
-8.2665e+01 -7.9231e+01 -6.0733e+01 -4.8228e+01
-8.2661e+01 -7.9138e+01 -5.9691e+01 -5.6574e+01
-8.2789e+01 -8.0312e+01 -6.9302e+01 -1.9576e+02
-8.3030e+01 -8.2661e+01 -8.0784e+01 -2.0835e+02
# New trial
-8.2601e+01 -7.8532e+01 -5.6055e+01 -4.6374e+01
-8.2584e+01 -7.8361e+01 -5.4923e+01 -5.4728e+01
-8.2693e+01 -7.9384e+01 -5.9992e+01 -6.6433e+01
-8.3005e+01 -8.2431e+01 -7.7986e+01 -6.9118e+01
# New trial
-8.2617e+01 -7.8781e+01 -6.2131e+01 -5.9703e+01
-8.2732e+01 -7.9891e+01 -7.0094e+01 -1.3947e+02
-8.2934e+01 -8.1773e+01 -7.8540e+01 -2.2994e+02
-8.3065e+01 -8.3007e+01 -8.3289e+01 -2.2790e+02
# New trial
-8.2592e+01 -7.8651e+01 -6.1652e+01 -4.7582e+01
-8.2658e+01 -7.9278e+01 -6.9210e+01 -1.6042e+02
-8.2882e+01 -8.1343e+01 -9.0498e+01 -4.1605e+02
-8.3060e+01 -8.2976e+01 -8.2957e+01 -1.5731e+02
# New trial
-8.2799e+01 -8.0394e+01 -6.2951e+01 -4.7051e+01
-8.2878e+01 -8.1165e+01 -6.8335e+01 -7.1787e+01
-8.2988e+01 -8.2246e+01 -7.7016e+01 -1.6460e+02
-8.3061e+01 -8.2965e+01 -8.2263e+01 -1.2965e+02
# New trial
-8.2647e+01 -7.8926e+01 -5.7611e+01 -4.7075e+01
-8.2652e+01 -7.8999e+01 -5.9459e+01 -8.2618e+01
-8.2751e+01 -7.9956e+01 -6.8309e+01 -1.7455e+02
-8.3033e+01 -8.2692e+01 -8.0140e+01 -1.5281e+02
# New trial
-8.2836e+01 -8.0766e+01 -6.5770e+01 -4.7014e+01
-8.2809e+01 -8.0495e+01 -6.3825e+01 -5.0586e+01
-8.2835e+01 -8.0747e+01 -6.6498e+01 -1.2331e+02
-8.2995e+01 -8.2312e+01 -7.6818e+01 -1.5383e+02
# New trial
-8.2769e+01 -8.0081e+01 -6.0820e+01 -5.6968e+01
-8.2824e+01 -8.0630e+01 -6.5249e+01 -8.9231e+01
-8.2929e+01 -8.1662e+01 -7.2739e+01 -1.3037e+02
-8.3054e+01 -8.2890e+01 -8.1387e+01 -7.9026e+01
# New trial
-8.2553e+01 -7.8148e+01 -5.5340e+01 -4.6392e+01
-8.2616e+01 -7.8818e+01 -6.2809e+01 -1.0328e+02
-8.2864e+01 -8.1156e+01 -7.7553e+01 -2.4975e+02
-8.3060e+01 -8.2980e+01 -8.4792e+01 -2.9174e+02
# New trial
-8.2697e+01 -7.9452e+01 -6.1314e+01 -5.0325e+01
-8.2731e+01 -7.9824e+01 -6.5620e+01 -1.1002e+02
-8.2902e+01 -8.1455e+01 -8.0370e+01 -3.1630e+02
-8.3059e+01 -8.2959e+01 -8.3627e+01 -2.5284e+02
# New trial
-8.2559e+01 -7.8369e+01 -5.9727e+01 -4.7014e+01
-8.2663e+01 -7.9363e+01 -6.7375e+01 -1.2712e+02
-8.2934e+01 -8.1837e+01 -8.2761e+01 -3.0351e+02
-8.3063e+01 -8.3009e+01 -8.3745e+01 -2.0171e+02
# New trial
-8.2820e+01 -8.0582e+01 -6.3182e+01 -4.8408e+01
-8.2840e+01 -8.0782e+01 -6.4653e+01 -5.4523e+01
-8.2883e+01 -8.1200e+01 -6.8131e+01 -1.0768e+02
-8.3015e+01 -8.2505e+01 -7.8595e+01 -1.4924e+02
# New trial
-8.2708e+01 -7.9514e+01 -5.8326e+01 -4.6558e+01
-8.2782e+01 -8.0252e+01 -6.4162e+01 -7.8247e+01
-8.2909e+01 -8.1477e+01 -7.3763e+01 -1.8354e+02
-8.3053e+01 -8.2882e+01 -8.1726e+01 -1.3601e+02
# New trial
-8.2464e+01 -7.7436e+01 -5.6613e+01 -4.6411e+01
-8.2553e+01 -7.8395e+01 -6.5514e+01 -9.3922e+01
-8.2888e+01 -8.1458e+01 -8.0904e+01 -2.4998e+02
-8.3063e+01 -8.3000e+01 -8.3639e+01 -2.1738e+02
# New trial
-8.2620e+01 -7.8712e+01 -5.8669e+01 -4.9162e+01
-8.2707e+01 -7.9564e+01 -6.3943e+01 -7.3692e+01
-8.2890e+01 -8.1354e+01 -7.5241e+01 -1.8361e+02
-8.3057e+01 -8.2938e+01 -8.3232e+01 -2.4920e+02
# New trial
-8.2802e+01 -8.0425e+01 -6.3831e+01 -4.7066e+01
-8.2818e+01 -8.0589e+01 -6.5361e+01 -7.4848e+01
-8.2877e+01 -8.1150e+01 -6.8166e+01 -9.9858e+01
-8.3011e+01 -8.2470e+01 -7.7426e+01 -6.9924e+01
# New trial
-8.2475e+01 -7.7709e+01 -5.9802e+01 -4.8153e+01
-8.2568e+01 -7.8664e+01 -6.8796e+01 -1.2963e+02
-8.2880e+01 -8.1362e+01 -7.9015e+01 -2.1893e+02
-8.3060e+01 -8.2964e+01 -8.2610e+01 -1.5318e+02
# New trial
-8.2738e+01 -7.9847e+01 -6.2486e+01 -4.7689e+01
-8.2737e+01 -7.9907e+01 -6.6115e+01 -8.3877e+01
-8.2831e+01 -8.0808e+01 -7.5543e+01 -2.1723e+02
-8.3045e+01 -8.2813e+01 -8.1781e+01 -2.0054e+02
# New trial
-8.2657e+01 -7.9059e+01 -5.9244e+01 -4.7356e+01
-8.2740e+01 -7.9868e+01 -6.4681e+01 -8.5285e+01
-8.2911e+01 -8.1529e+01 -7.4830e+01 -1.7646e+02
-8.3060e+01 -8.2951e+01 -8.2278e+01 -1.4804e+02
# New trial
-8.2768e+01 -8.0110e+01 -6.2016e+01 -4.7585e+01
-8.2754e+01 -7.9989e+01 -6.2471e+01 -7.6432e+01
-8.2828e+01 -8.0698e+01 -6.8248e+01 -1.5361e+02
-8.3003e+01 -8.2397e+01 -7.8840e+01 -2.0035e+02
# New trial
-8.2783e+01 -8.0246e+01 -6.2824e+01 -4.6821e+01
-8.2714e+01 -7.9605e+01 -6.0199e+01 -4.6537e+01
-8.2734e+01 -7.9789e+01 -6.0619e+01 -8.3584e+01
-8.2987e+01 -8.2237e+01 -7.5701e+01 -9.9942e+01
# New trial
-8.2711e+01 -7.9541e+01 -5.9389e+01 -4.7231e+01
-8.2792e+01 -8.0337e+01 -6.3639e+01 -5.7554e+01
-8.2902e+01 -8.1400e+01 -7.0078e+01 -1.0835e+02
-8.3043e+01 -8.2782e+01 -8.0582e+01 -1.4114e+02
# New trial
-8.2574e+01 -7.8348e+01 -5.9277e+01 -4.7539e+01
-8.2648e+01 -7.9025e+01 -6.2869e+01 -8.5801e+01
-8.2821e+01 -8.0648e+01 -6.9740e+01 -1.5266e+02
-8.3036e+01 -8.2727e+01 -8.0486e+01 -1.2565e+02
# New trial
