# 0.01sig - Array shape (trial/sig/alpha): (30, 4, 4)
-1.7529e+02 -1.7454e+02 -1.6839e+02 -1.5797e+02
-1.7527e+02 -1.7431e+02 -1.6705e+02 -1.5726e+02
-1.7521e+02 -1.7381e+02 -1.6437e+02 -1.5797e+02
-1.7529e+02 -1.7455e+02 -1.6855e+02 -1.7747e+02
# New trial
-1.7528e+02 -1.7449e+02 -1.6789e+02 -1.5824e+02
-1.7526e+02 -1.7422e+02 -1.6653e+02 -1.5770e+02
-1.7520e+02 -1.7369e+02 -1.6386e+02 -1.5915e+02
-1.7527e+02 -1.7436e+02 -1.6761e+02 -2.0812e+02
# New trial
-1.7530e+02 -1.7464e+02 -1.6887e+02 -1.6051e+02
-1.7527e+02 -1.7432e+02 -1.6705e+02 -1.6272e+02
-1.7519e+02 -1.7357e+02 -1.6479e+02 -1.7717e+02
-1.7521e+02 -1.7378e+02 -1.6496e+02 -1.9972e+02
# New trial
-1.7528e+02 -1.7441e+02 -1.6746e+02 -1.6070e+02
-1.7524e+02 -1.7406e+02 -1.6599e+02 -1.6057e+02
-1.7517e+02 -1.7337e+02 -1.6310e+02 -1.7155e+02
-1.7525e+02 -1.7411e+02 -1.6582e+02 -2.0027e+02
# New trial
-1.7530e+02 -1.7468e+02 -1.6885e+02 -1.5784e+02
-1.7528e+02 -1.7441e+02 -1.6676e+02 -1.5734e+02
-1.7520e+02 -1.7366e+02 -1.6280e+02 -1.6220e+02
-1.7517e+02 -1.7330e+02 -1.6091e+02 -1.7238e+02
# New trial
-1.7531e+02 -1.7478e+02 -1.6973e+02 -1.5934e+02
-1.7528e+02 -1.7443e+02 -1.6723e+02 -1.5817e+02
-1.7519e+02 -1.7355e+02 -1.6188e+02 -1.5727e+02
-1.7520e+02 -1.7361e+02 -1.6338e+02 -1.9444e+02
# New trial
-1.7531e+02 -1.7472e+02 -1.6950e+02 -1.6049e+02
-1.7529e+02 -1.7450e+02 -1.6829e+02 -1.6354e+02
-1.7524e+02 -1.7407e+02 -1.6594e+02 -1.6226e+02
-1.7527e+02 -1.7438e+02 -1.6743e+02 -1.8519e+02
# New trial
-1.7530e+02 -1.7458e+02 -1.6803e+02 -1.5749e+02
-1.7528e+02 -1.7440e+02 -1.6667e+02 -1.5994e+02
-1.7522e+02 -1.7387e+02 -1.6452e+02 -1.8038e+02
-1.7522e+02 -1.7380e+02 -1.6358e+02 -1.9044e+02
# New trial
-1.7529e+02 -1.7456e+02 -1.6774e+02 -1.5696e+02
-1.7526e+02 -1.7420e+02 -1.6495e+02 -1.5697e+02
-1.7515e+02 -1.7313e+02 -1.5996e+02 -1.5706e+02
-1.7516e+02 -1.7327e+02 -1.5952e+02 -1.5692e+02
# New trial
-1.7529e+02 -1.7450e+02 -1.6792e+02 -1.5762e+02
-1.7526e+02 -1.7423e+02 -1.6661e+02 -1.5905e+02
-1.7520e+02 -1.7367e+02 -1.6377e+02 -1.6100e+02
-1.7526e+02 -1.7420e+02 -1.6580e+02 -1.8989e+02
# New trial
-1.7526e+02 -1.7428e+02 -1.6664e+02 -1.5709e+02
-1.7523e+02 -1.7396e+02 -1.6538e+02 -1.5717e+02
-1.7515e+02 -1.7321e+02 -1.6172e+02 -1.5949e+02
-1.7525e+02 -1.7410e+02 -1.6512e+02 -1.6443e+02
# New trial
-1.7532e+02 -1.7488e+02 -1.7061e+02 -1.5766e+02
-1.7531e+02 -1.7478e+02 -1.6972e+02 -1.5762e+02
-1.7528e+02 -1.7443e+02 -1.6674e+02 -1.5714e+02
-1.7527e+02 -1.7429e+02 -1.6548e+02 -1.5828e+02
# New trial
-1.7531e+02 -1.7476e+02 -1.6953e+02 -1.5857e+02
-1.7528e+02 -1.7447e+02 -1.6736e+02 -1.5792e+02
-1.7521e+02 -1.7374e+02 -1.6329e+02 -1.7086e+02
-1.7519e+02 -1.7360e+02 -1.6420e+02 -2.0806e+02
# New trial
-1.7533e+02 -1.7490e+02 -1.7078e+02 -1.6190e+02
-1.7531e+02 -1.7474e+02 -1.6934e+02 -1.6202e+02
-1.7527e+02 -1.7429e+02 -1.6597e+02 -1.6883e+02
-1.7527e+02 -1.7432e+02 -1.6652e+02 -2.0030e+02
# New trial
-1.7532e+02 -1.7485e+02 -1.7029e+02 -1.5902e+02
-1.7531e+02 -1.7469e+02 -1.6885e+02 -1.5789e+02
-1.7525e+02 -1.7416e+02 -1.6458e+02 -1.5722e+02
-1.7524e+02 -1.7405e+02 -1.6504e+02 -1.8338e+02
# New trial
-1.7528e+02 -1.7443e+02 -1.6782e+02 -1.5985e+02
-1.7525e+02 -1.7412e+02 -1.6659e+02 -1.5801e+02
-1.7518e+02 -1.7350e+02 -1.6412e+02 -1.6565e+02
-1.7525e+02 -1.7421e+02 -1.6819e+02 -2.2629e+02
# New trial
-1.7529e+02 -1.7453e+02 -1.6814e+02 -1.5894e+02
-1.7526e+02 -1.7428e+02 -1.6704e+02 -1.5903e+02
-1.7521e+02 -1.7376e+02 -1.6451e+02 -1.5760e+02
-1.7523e+02 -1.7395e+02 -1.6490e+02 -1.8122e+02
# New trial
-1.7528e+02 -1.7446e+02 -1.6789e+02 -1.5791e+02
-1.7525e+02 -1.7415e+02 -1.6654e+02 -1.5847e+02
-1.7520e+02 -1.7365e+02 -1.6539e+02 -1.7468e+02
-1.7526e+02 -1.7427e+02 -1.6735e+02 -1.9424e+02
# New trial
-1.7526e+02 -1.7427e+02 -1.6738e+02 -1.6393e+02
-1.7525e+02 -1.7417e+02 -1.6861e+02 -1.9201e+02
-1.7530e+02 -1.7464e+02 -1.7538e+02 -2.9251e+02
-1.7536e+02 -1.7530e+02 -1.8207e+02 -3.8972e+02
# New trial
-1.7530e+02 -1.7460e+02 -1.6856e+02 -1.5813e+02
-1.7528e+02 -1.7442e+02 -1.6752e+02 -1.5757e+02
-1.7524e+02 -1.7405e+02 -1.6570e+02 -1.7304e+02
-1.7528e+02 -1.7443e+02 -1.6859e+02 -2.2061e+02
# New trial
-1.7524e+02 -1.7406e+02 -1.6609e+02 -1.5720e+02
-1.7521e+02 -1.7377e+02 -1.6552e+02 -1.5835e+02
-1.7515e+02 -1.7323e+02 -1.6201e+02 -1.5695e+02
-1.7525e+02 -1.7418e+02 -1.6532e+02 -1.7824e+02
# New trial
-1.7531e+02 -1.7471e+02 -1.6914e+02 -1.5848e+02
-1.7528e+02 -1.7445e+02 -1.6720e+02 -1.5802e+02
-1.7522e+02 -1.7381e+02 -1.6323e+02 -1.6165e+02
-1.7526e+02 -1.7424e+02 -1.6623e+02 -1.9903e+02
# New trial
-1.7534e+02 -1.7499e+02 -1.7156e+02 -1.5865e+02
-1.7532e+02 -1.7481e+02 -1.6993e+02 -1.5802e+02
-1.7527e+02 -1.7435e+02 -1.6614e+02 -1.5900e+02
-1.7525e+02 -1.7413e+02 -1.6476e+02 -1.8037e+02
# New trial
-1.7522e+02 -1.7384e+02 -1.6483e+02 -1.5797e+02
-1.7517e+02 -1.7344e+02 -1.6404e+02 -1.5863e+02
-1.7513e+02 -1.7300e+02 -1.6199e+02 -1.6751e+02
-1.7526e+02 -1.7431e+02 -1.6744e+02 -1.8947e+02
# New trial
-1.7531e+02 -1.7478e+02 -1.6984e+02 -1.5788e+02
-1.7528e+02 -1.7448e+02 -1.6783e+02 -1.5820e+02
-1.7522e+02 -1.7382e+02 -1.6442e+02 -1.6468e+02
-1.7528e+02 -1.7441e+02 -1.6682e+02 -1.7659e+02
# New trial
-1.7533e+02 -1.7489e+02 -1.7073e+02 -1.6115e+02
-1.7531e+02 -1.7472e+02 -1.6932e+02 -1.6305e+02
-1.7527e+02 -1.7429e+02 -1.6649e+02 -1.7294e+02
-1.7531e+02 -1.7472e+02 -1.6955e+02 -1.7825e+02
# New trial
-1.7532e+02 -1.7478e+02 -1.6970e+02 -1.5780e+02
-1.7529e+02 -1.7449e+02 -1.6739e+02 -1.5757e+02
-1.7521e+02 -1.7374e+02 -1.6330e+02 -1.6375e+02
-1.7520e+02 -1.7364e+02 -1.6366e+02 -1.8792e+02
# New trial
-1.7531e+02 -1.7478e+02 -1.6966e+02 -1.5708e+02
-1.7529e+02 -1.7449e+02 -1.6742e+02 -1.5704e+02
-1.7521e+02 -1.7378e+02 -1.6339e+02 -1.6191e+02
-1.7521e+02 -1.7379e+02 -1.6376e+02 -1.8990e+02
# New trial
-1.7533e+02 -1.7496e+02 -1.7138e+02 -1.6222e+02
-1.7532e+02 -1.7486e+02 -1.7058e+02 -1.6465e+02
-1.7529e+02 -1.7458e+02 -1.6833e+02 -1.7934e+02
-1.7531e+02 -1.7472e+02 -1.6942e+02 -1.8448e+02
# New trial
-1.7529e+02 -1.7455e+02 -1.6819e+02 -1.5731e+02
-1.7527e+02 -1.7432e+02 -1.6664e+02 -1.5708e+02
-1.7519e+02 -1.7361e+02 -1.6276e+02 -1.5698e+02
-1.7522e+02 -1.7387e+02 -1.6384e+02 -1.6095e+02
# New trial
