# 0.1sig - Array shape (trial/sig/alpha): (30, 4, 4)
-1.2382e+02 -1.1763e+02 -1.1457e+02 -5.8745e+02
-1.2381e+02 -1.1732e+02 -9.3033e+01 -2.2383e+02
-1.2380e+02 -1.1704e+02 -9.5884e+01 -4.8052e+02
-1.2435e+02 -1.2216e+02 -1.1017e+02 -3.9293e+02
# New trial
-1.2409e+02 -1.1975e+02 -1.0189e+02 -2.5118e+02
-1.2405e+02 -1.1932e+02 -9.3866e+01 -1.7151e+02
-1.2391e+02 -1.1789e+02 -8.0291e+01 -1.9908e+02
-1.2407e+02 -1.1936e+02 -8.8576e+01 -2.2485e+02
# New trial
-1.2419e+02 -1.2074e+02 -1.2229e+02 -5.3321e+02
-1.2397e+02 -1.1838e+02 -8.8627e+01 -2.6890e+02
-1.2362e+02 -1.1491e+02 -7.1732e+01 -2.9471e+02
-1.2385e+02 -1.1720e+02 -1.0926e+02 -7.4833e+02
# New trial
-1.2413e+02 -1.2020e+02 -1.2416e+02 -6.6896e+02
-1.2399e+02 -1.1861e+02 -8.8793e+01 -2.9094e+02
-1.2372e+02 -1.1583e+02 -7.1299e+01 -2.9351e+02
-1.2388e+02 -1.1743e+02 -9.4250e+01 -4.3035e+02
# New trial
-1.2417e+02 -1.2072e+02 -1.2775e+02 -6.2029e+02
-1.2406e+02 -1.1935e+02 -8.9270e+01 -1.2352e+02
-1.2395e+02 -1.1822e+02 -7.8854e+01 -1.9680e+02
-1.2423e+02 -1.2089e+02 -9.2335e+01 -1.4706e+02
# New trial
-1.2430e+02 -1.2166e+02 -1.1034e+02 -3.0840e+02
-1.2421e+02 -1.2074e+02 -9.8098e+01 -1.5439e+02
-1.2412e+02 -1.1979e+02 -8.7493e+01 -1.6856e+02
-1.2437e+02 -1.2229e+02 -1.0484e+02 -2.6626e+02
# New trial
-1.2415e+02 -1.2022e+02 -9.6870e+01 -1.9043e+02
-1.2407e+02 -1.1942e+02 -8.8172e+01 -1.6602e+02
-1.2392e+02 -1.1786e+02 -8.0809e+01 -2.4079e+02
-1.2417e+02 -1.2022e+02 -9.1204e+01 -2.4570e+02
# New trial
-1.2398e+02 -1.1876e+02 -1.2071e+02 -5.8377e+02
-1.2396e+02 -1.1840e+02 -9.0341e+01 -2.0885e+02
-1.2397e+02 -1.1833e+02 -8.4254e+01 -3.1639e+02
-1.2437e+02 -1.2224e+02 -1.0595e+02 -3.2509e+02
# New trial
-1.2386e+02 -1.1786e+02 -9.6492e+01 -2.4262e+02
-1.2374e+02 -1.1659e+02 -8.1534e+01 -1.7634e+02
-1.2373e+02 -1.1616e+02 -8.2332e+01 -3.3176e+02
-1.2432e+02 -1.2173e+02 -1.0474e+02 -4.1483e+02
# New trial
-1.2402e+02 -1.1898e+02 -9.3278e+01 -2.2621e+02
-1.2396e+02 -1.1837e+02 -8.7573e+01 -2.2170e+02
-1.2382e+02 -1.1686e+02 -7.7157e+01 -2.2840e+02
-1.2413e+02 -1.1988e+02 -9.9537e+01 -3.9436e+02
# New trial
-1.2425e+02 -1.2125e+02 -1.0792e+02 -2.7082e+02
-1.2411e+02 -1.1982e+02 -9.5738e+01 -2.8713e+02
-1.2373e+02 -1.1602e+02 -6.7796e+01 -1.7766e+02
-1.2393e+02 -1.1786e+02 -7.6381e+01 -1.6617e+02
# New trial
-1.2405e+02 -1.1948e+02 -1.1362e+02 -4.5967e+02
-1.2397e+02 -1.1860e+02 -9.5660e+01 -2.5827e+02
-1.2389e+02 -1.1761e+02 -7.8409e+01 -2.3022e+02
-1.2431e+02 -1.2164e+02 -9.9913e+01 -2.5479e+02
# New trial
-1.2403e+02 -1.1929e+02 -1.2056e+02 -5.6612e+02
-1.2402e+02 -1.1898e+02 -8.9974e+01 -2.0015e+02
-1.2399e+02 -1.1855e+02 -8.0152e+01 -2.3813e+02
-1.2437e+02 -1.2226e+02 -1.0358e+02 -1.2374e+02
# New trial
-1.2430e+02 -1.2167e+02 -1.1515e+02 -3.8776e+02
-1.2415e+02 -1.2014e+02 -8.9006e+01 -1.7104e+02
-1.2393e+02 -1.1789e+02 -7.1220e+01 -1.6163e+02
-1.2401e+02 -1.1869e+02 -8.2682e+01 -2.1194e+02
# New trial
-1.2375e+02 -1.1692e+02 -1.0288e+02 -3.4488e+02
-1.2359e+02 -1.1522e+02 -8.1161e+01 -2.2223e+02
-1.2349e+02 -1.1399e+02 -7.3663e+01 -2.4649e+02
-1.2415e+02 -1.2012e+02 -9.8269e+01 -4.7941e+02
# New trial
-1.2392e+02 -1.1878e+02 -1.4227e+02 -8.2253e+02
-1.2371e+02 -1.1634e+02 -9.8639e+01 -3.8411e+02
-1.2346e+02 -1.1373e+02 -8.7076e+01 -4.5166e+02
-1.2399e+02 -1.1861e+02 -9.4865e+01 -4.6448e+02
# New trial
-1.2404e+02 -1.1933e+02 -1.0781e+02 -3.9846e+02
-1.2393e+02 -1.1816e+02 -8.8750e+01 -2.8065e+02
-1.2382e+02 -1.1692e+02 -7.6175e+01 -2.5205e+02
-1.2413e+02 -1.1993e+02 -9.8094e+01 -4.2878e+02
# New trial
-1.2423e+02 -1.2098e+02 -1.0684e+02 -3.4555e+02
-1.2410e+02 -1.1963e+02 -8.8061e+01 -1.9516e+02
-1.2386e+02 -1.1723e+02 -6.6743e+01 -9.6643e+01
-1.2397e+02 -1.1829e+02 -7.5713e+01 -8.9351e+01
# New trial
-1.2422e+02 -1.2088e+02 -9.9466e+01 -1.8359e+02
-1.2414e+02 -1.2003e+02 -9.2239e+01 -1.4120e+02
-1.2403e+02 -1.1890e+02 -8.3738e+01 -1.8476e+02
-1.2426e+02 -1.2114e+02 -9.5549e+01 -1.9904e+02
# New trial
-1.2426e+02 -1.2157e+02 -1.3846e+02 -7.3885e+02
-1.2407e+02 -1.1955e+02 -9.9739e+01 -2.5698e+02
-1.2374e+02 -1.1621e+02 -7.6181e+01 -2.5126e+02
-1.2409e+02 -1.1951e+02 -9.8987e+01 -3.8785e+02
# New trial
-1.2407e+02 -1.1960e+02 -1.1712e+02 -5.0805e+02
-1.2401e+02 -1.1884e+02 -9.1075e+01 -2.4844e+02
-1.2394e+02 -1.1807e+02 -8.4641e+01 -3.4111e+02
-1.2428e+02 -1.2140e+02 -1.0352e+02 -4.5172e+02
# New trial
-1.2415e+02 -1.2024e+02 -1.0596e+02 -3.6491e+02
-1.2406e+02 -1.1935e+02 -9.2228e+01 -2.0776e+02
-1.2397e+02 -1.1839e+02 -7.9242e+01 -1.8591e+02
-1.2430e+02 -1.2156e+02 -9.7324e+01 -1.1394e+02
# New trial
-1.2405e+02 -1.1910e+02 -8.8540e+01 -2.3719e+02
-1.2396e+02 -1.1820e+02 -7.5339e+01 -1.9007e+02
-1.2383e+02 -1.1689e+02 -6.4923e+01 -9.2026e+01
-1.2414e+02 -1.1994e+02 -8.6037e+01 -1.5550e+02
# New trial
-1.2408e+02 -1.1952e+02 -9.3602e+01 -1.9272e+02
-1.2404e+02 -1.1907e+02 -8.5931e+01 -1.5987e+02
-1.2398e+02 -1.1840e+02 -7.7156e+01 -1.3845e+02
-1.2427e+02 -1.2127e+02 -9.5155e+01 -9.0952e+01
# New trial
-1.2424e+02 -1.2114e+02 -1.1286e+02 -4.8104e+02
-1.2423e+02 -1.2093e+02 -9.9178e+01 -1.7224e+02
-1.2417e+02 -1.2026e+02 -8.8383e+01 -1.8838e+02
-1.2431e+02 -1.2167e+02 -9.8615e+01 -2.1143e+02
# New trial
-1.2405e+02 -1.1968e+02 -1.2119e+02 -4.8709e+02
-1.2389e+02 -1.1763e+02 -7.8298e+01 -1.8112e+02
-1.2376e+02 -1.1623e+02 -6.9549e+01 -1.9105e+02
-1.2408e+02 -1.1941e+02 -8.8799e+01 -2.1292e+02
# New trial
-1.2411e+02 -1.1982e+02 -9.8332e+01 -3.6828e+02
-1.2416e+02 -1.2026e+02 -9.2717e+01 -1.7569e+02
-1.2424e+02 -1.2096e+02 -9.4571e+01 -2.0110e+02
-1.2446e+02 -1.2316e+02 -1.1213e+02 -2.2210e+02
# New trial
-1.2412e+02 -1.2025e+02 -1.2261e+02 -5.8908e+02
-1.2396e+02 -1.1843e+02 -9.4698e+01 -3.7217e+02
-1.2372e+02 -1.1601e+02 -8.5908e+01 -4.0083e+02
-1.2410e+02 -1.1965e+02 -1.0974e+02 -5.2626e+02
# New trial
-1.2412e+02 -1.1994e+02 -1.0636e+02 -3.7345e+02
-1.2398e+02 -1.1850e+02 -8.9111e+01 -3.0201e+02
-1.2375e+02 -1.1615e+02 -6.8032e+01 -2.0652e+02
-1.2398e+02 -1.1834e+02 -7.8007e+01 -1.2925e+02
# New trial
-1.2412e+02 -1.1992e+02 -9.7010e+01 -2.4539e+02
-1.2414e+02 -1.2006e+02 -9.0233e+01 -1.5165e+02
-1.2425e+02 -1.2110e+02 -9.4652e+01 -1.5816e+02
-1.2448e+02 -1.2329e+02 -1.1223e+02 -1.5326e+02
# New trial
