# 0.1sig - Array shape (trial/sig/alpha): (30L, 4L, 4L)
-5.0671e+01 -4.9914e+01 -4.8096e+01 -4.9422e+01
-5.0705e+01 -5.0218e+01 -4.8331e+01 -4.6813e+01
-5.0756e+01 -5.0691e+01 -5.1214e+01 -7.4617e+01
-5.0765e+01 -5.0759e+01 -5.0816e+01 -6.0662e+01
# New trial
-5.0714e+01 -5.0275e+01 -4.8424e+01 -5.2733e+01
-5.0721e+01 -5.0347e+01 -4.8540e+01 -4.6192e+01
-5.0754e+01 -5.0659e+01 -5.0429e+01 -6.4387e+01
-5.0766e+01 -5.0764e+01 -5.0837e+01 -6.4769e+01
# New trial
-5.0710e+01 -5.0238e+01 -4.9230e+01 -6.2007e+01
-5.0716e+01 -5.0274e+01 -4.7744e+01 -4.6255e+01
-5.0738e+01 -5.0490e+01 -4.8700e+01 -5.8587e+01
-5.0763e+01 -5.0732e+01 -5.1001e+01 -8.7075e+01
# New trial
-5.0720e+01 -5.0322e+01 -4.9857e+01 -7.8794e+01
-5.0715e+01 -5.0268e+01 -4.7712e+01 -4.6395e+01
-5.0732e+01 -5.0426e+01 -4.8121e+01 -4.9413e+01
-5.0761e+01 -5.0717e+01 -5.0315e+01 -5.5936e+01
# New trial
-5.0719e+01 -5.0310e+01 -4.8562e+01 -5.3470e+01
-5.0727e+01 -5.0393e+01 -4.8337e+01 -4.6459e+01
-5.0747e+01 -5.0577e+01 -4.9441e+01 -5.8103e+01
-5.0765e+01 -5.0752e+01 -5.0702e+01 -6.4600e+01
# New trial
-5.0704e+01 -5.0170e+01 -4.7401e+01 -4.6181e+01
-5.0718e+01 -5.0301e+01 -4.7721e+01 -4.6265e+01
-5.0750e+01 -5.0610e+01 -4.9625e+01 -5.4508e+01
-5.0766e+01 -5.0763e+01 -5.0831e+01 -7.0869e+01
# New trial
-5.0725e+01 -5.0363e+01 -4.8292e+01 -4.9428e+01
-5.0721e+01 -5.0322e+01 -4.7856e+01 -4.6433e+01
-5.0738e+01 -5.0484e+01 -4.8497e+01 -4.7754e+01
-5.0763e+01 -5.0736e+01 -5.0504e+01 -5.3175e+01
# New trial
-5.0699e+01 -5.0163e+01 -5.0025e+01 -6.9579e+01
-5.0723e+01 -5.0356e+01 -4.8600e+01 -4.6497e+01
-5.0751e+01 -5.0617e+01 -4.9610e+01 -5.6143e+01
-5.0765e+01 -5.0758e+01 -5.0701e+01 -5.3134e+01
# New trial
-5.0707e+01 -5.0219e+01 -4.8083e+01 -4.6675e+01
-5.0709e+01 -5.0238e+01 -4.7946e+01 -4.6156e+01
-5.0749e+01 -5.0608e+01 -4.9977e+01 -6.8817e+01
-5.0766e+01 -5.0767e+01 -5.0812e+01 -6.0571e+01
# New trial
-5.0702e+01 -5.0157e+01 -4.7878e+01 -4.6710e+01
-5.0710e+01 -5.0237e+01 -4.7948e+01 -4.6360e+01
-5.0751e+01 -5.0620e+01 -4.9960e+01 -5.8756e+01
-5.0766e+01 -5.0762e+01 -5.0859e+01 -7.3092e+01
# New trial
-5.0729e+01 -5.0400e+01 -4.8364e+01 -4.6244e+01
-5.0717e+01 -5.0288e+01 -4.7592e+01 -4.6222e+01
-5.0733e+01 -5.0442e+01 -4.8371e+01 -5.2201e+01
-5.0763e+01 -5.0733e+01 -5.0454e+01 -4.9906e+01
# New trial
-5.0681e+01 -4.9980e+01 -4.8123e+01 -5.7872e+01
-5.0709e+01 -5.0234e+01 -4.8306e+01 -4.7075e+01
-5.0759e+01 -5.0705e+01 -5.1173e+01 -7.3527e+01
-5.0767e+01 -5.0770e+01 -5.0899e+01 -6.1473e+01
# New trial
-5.0699e+01 -5.0151e+01 -4.9266e+01 -6.4989e+01
-5.0724e+01 -5.0372e+01 -4.8587e+01 -4.6722e+01
-5.0754e+01 -5.0646e+01 -5.0083e+01 -5.9010e+01
-5.0766e+01 -5.0763e+01 -5.0799e+01 -6.0081e+01
# New trial
-5.0741e+01 -5.0550e+01 -5.1990e+01 -8.5996e+01
-5.0731e+01 -5.0429e+01 -4.8539e+01 -4.6239e+01
-5.0736e+01 -5.0469e+01 -4.8341e+01 -4.6982e+01
-5.0761e+01 -5.0717e+01 -5.0321e+01 -4.9279e+01
# New trial
-5.0692e+01 -5.0102e+01 -4.7840e+01 -4.6152e+01
-5.0685e+01 -5.0007e+01 -4.6742e+01 -4.6151e+01
-5.0737e+01 -5.0489e+01 -4.9085e+01 -5.7384e+01
-5.0766e+01 -5.0760e+01 -5.0809e+01 -6.3333e+01
# New trial
-5.0685e+01 -5.0064e+01 -4.9796e+01 -7.6239e+01
-5.0681e+01 -4.9986e+01 -4.7603e+01 -4.6720e+01
-5.0729e+01 -5.0415e+01 -4.9536e+01 -6.9019e+01
-5.0764e+01 -5.0744e+01 -5.0629e+01 -5.9328e+01
# New trial
-5.0703e+01 -5.0179e+01 -4.8748e+01 -5.3676e+01
-5.0707e+01 -5.0210e+01 -4.7806e+01 -4.6183e+01
-5.0745e+01 -5.0564e+01 -4.9483e+01 -5.7302e+01
-5.0766e+01 -5.0760e+01 -5.0951e+01 -7.6018e+01
# New trial
-5.0724e+01 -5.0355e+01 -4.8555e+01 -5.7850e+01
-5.0727e+01 -5.0381e+01 -4.7992e+01 -4.6160e+01
-5.0748e+01 -5.0583e+01 -4.9240e+01 -5.9935e+01
-5.0764e+01 -5.0746e+01 -5.0607e+01 -6.0277e+01
# New trial
-5.0720e+01 -5.0325e+01 -4.8198e+01 -4.7217e+01
-5.0726e+01 -5.0380e+01 -4.8521e+01 -4.6952e+01
-5.0754e+01 -5.0655e+01 -5.0349e+01 -6.4722e+01
-5.0766e+01 -5.0760e+01 -5.0772e+01 -5.8561e+01
# New trial
-5.0732e+01 -5.0467e+01 -5.1547e+01 -8.4338e+01
-5.0723e+01 -5.0358e+01 -4.8344e+01 -4.6233e+01
-5.0737e+01 -5.0484e+01 -4.8985e+01 -6.0459e+01
-5.0763e+01 -5.0734e+01 -5.0533e+01 -5.7461e+01
# New trial
-5.0704e+01 -5.0185e+01 -4.9462e+01 -6.6064e+01
-5.0709e+01 -5.0216e+01 -4.7696e+01 -4.6318e+01
-5.0735e+01 -5.0468e+01 -4.8696e+01 -5.0843e+01
-5.0764e+01 -5.0748e+01 -5.0710e+01 -6.2567e+01
# New trial
-5.0721e+01 -5.0339e+01 -4.8826e+01 -5.5139e+01
-5.0727e+01 -5.0395e+01 -4.8530e+01 -4.6251e+01
-5.0755e+01 -5.0661e+01 -5.0225e+01 -5.9885e+01
-5.0765e+01 -5.0754e+01 -5.0738e+01 -5.6360e+01
# New trial
-5.0710e+01 -5.0229e+01 -4.7882e+01 -4.7821e+01
-5.0715e+01 -5.0270e+01 -4.7727e+01 -4.6777e+01
-5.0747e+01 -5.0580e+01 -4.9472e+01 -6.0691e+01
-5.0765e+01 -5.0754e+01 -5.0727e+01 -6.4523e+01
# New trial
-5.0710e+01 -5.0224e+01 -4.8841e+01 -5.8569e+01
-5.0725e+01 -5.0363e+01 -4.8279e+01 -4.6436e+01
-5.0753e+01 -5.0634e+01 -4.9683e+01 -5.2432e+01
-5.0765e+01 -5.0756e+01 -5.0687e+01 -5.0529e+01
# New trial
-5.0722e+01 -5.0337e+01 -4.8361e+01 -6.0358e+01
-5.0735e+01 -5.0460e+01 -4.8509e+01 -4.6521e+01
-5.0759e+01 -5.0692e+01 -5.0250e+01 -6.3986e+01
-5.0766e+01 -5.0764e+01 -5.0754e+01 -5.1976e+01
# New trial
-5.0689e+01 -5.0091e+01 -4.9018e+01 -5.5619e+01
-5.0690e+01 -5.0034e+01 -4.7128e+01 -4.6161e+01
-5.0740e+01 -5.0510e+01 -4.8799e+01 -5.0536e+01
-5.0765e+01 -5.0756e+01 -5.0690e+01 -5.2615e+01
# New trial
-5.0711e+01 -5.0234e+01 -4.8104e+01 -5.3454e+01
-5.0734e+01 -5.0450e+01 -4.8599e+01 -4.6660e+01
-5.0759e+01 -5.0694e+01 -5.0288e+01 -5.7925e+01
-5.0766e+01 -5.0768e+01 -5.0851e+01 -6.2715e+01
# New trial
-5.0702e+01 -5.0180e+01 -4.8665e+01 -4.9553e+01
-5.0703e+01 -5.0166e+01 -4.7661e+01 -4.6311e+01
-5.0748e+01 -5.0597e+01 -5.0102e+01 -6.8779e+01
-5.0766e+01 -5.0762e+01 -5.0879e+01 -7.0341e+01
# New trial
-5.0699e+01 -5.0114e+01 -4.7315e+01 -4.6251e+01
-5.0703e+01 -5.0144e+01 -4.6916e+01 -4.6151e+01
-5.0743e+01 -5.0537e+01 -4.8911e+01 -4.9022e+01
-5.0765e+01 -5.0756e+01 -5.0687e+01 -5.7473e+01
# New trial
-5.0701e+01 -5.0136e+01 -4.7068e+01 -4.6206e+01
-5.0722e+01 -5.0333e+01 -4.7717e+01 -4.6164e+01
-5.0757e+01 -5.0679e+01 -5.0169e+01 -5.7342e+01
-5.0766e+01 -5.0768e+01 -5.0810e+01 -5.6432e+01
# New trial
