# 0.01sig - Array shape (trial/sig/alpha): (30, 4, 4)
-1.7519e+02 -1.7360e+02 -1.6099e+02 -1.4063e+02
-1.7515e+02 -1.7320e+02 -1.5859e+02 -1.4317e+02
-1.7509e+02 -1.7257e+02 -1.5677e+02 -1.7745e+02
-1.7524e+02 -1.7407e+02 -1.6657e+02 -2.6432e+02
# New trial
-1.7518e+02 -1.7342e+02 -1.5856e+02 -1.3960e+02
-1.7512e+02 -1.7286e+02 -1.5574e+02 -1.3987e+02
-1.7501e+02 -1.7179e+02 -1.5000e+02 -1.4721e+02
-1.7515e+02 -1.7320e+02 -1.5781e+02 -2.0459e+02
# New trial
-1.7521e+02 -1.7371e+02 -1.6075e+02 -1.4238e+02
-1.7514e+02 -1.7303e+02 -1.5671e+02 -1.4343e+02
-1.7495e+02 -1.7123e+02 -1.4931e+02 -1.5388e+02
-1.7498e+02 -1.7146e+02 -1.5216e+02 -2.0511e+02
# New trial
-1.7517e+02 -1.7337e+02 -1.5905e+02 -1.4287e+02
-1.7509e+02 -1.7264e+02 -1.5535e+02 -1.4027e+02
-1.7495e+02 -1.7122e+02 -1.4795e+02 -1.4169e+02
-1.7515e+02 -1.7322e+02 -1.6204e+02 -3.0160e+02
# New trial
-1.7523e+02 -1.7398e+02 -1.6277e+02 -1.4364e+02
-1.7518e+02 -1.7342e+02 -1.5883e+02 -1.4472e+02
-1.7502e+02 -1.7187e+02 -1.5077e+02 -1.4538e+02
-1.7499e+02 -1.7158e+02 -1.4964e+02 -1.7578e+02
# New trial
-1.7524e+02 -1.7405e+02 -1.6302e+02 -1.4199e+02
-1.7517e+02 -1.7333e+02 -1.5844e+02 -1.3930e+02
-1.7497e+02 -1.7141e+02 -1.4726e+02 -1.4034e+02
-1.7498e+02 -1.7147e+02 -1.4897e+02 -1.9139e+02
# New trial
-1.7523e+02 -1.7395e+02 -1.6245e+02 -1.4078e+02
-1.7518e+02 -1.7349e+02 -1.5963e+02 -1.4051e+02
-1.7510e+02 -1.7267e+02 -1.5489e+02 -1.5090e+02
-1.7520e+02 -1.7360e+02 -1.6062e+02 -2.0098e+02
# New trial
-1.7521e+02 -1.7378e+02 -1.6070e+02 -1.4033e+02
-1.7518e+02 -1.7339e+02 -1.5763e+02 -1.4553e+02
-1.7506e+02 -1.7229e+02 -1.5199e+02 -1.8500e+02
-1.7509e+02 -1.7255e+02 -1.5512e+02 -2.4021e+02
# New trial
-1.7521e+02 -1.7372e+02 -1.6049e+02 -1.3864e+02
-1.7514e+02 -1.7306e+02 -1.5575e+02 -1.4011e+02
-1.7495e+02 -1.7118e+02 -1.4770e+02 -1.6245e+02
-1.7499e+02 -1.7151e+02 -1.4599e+02 -1.6096e+02
# New trial
-1.7518e+02 -1.7350e+02 -1.5948e+02 -1.3951e+02
-1.7513e+02 -1.7294e+02 -1.5660e+02 -1.4082e+02
-1.7500e+02 -1.7172e+02 -1.5220e+02 -1.7472e+02
-1.7513e+02 -1.7303e+02 -1.5918e+02 -2.3370e+02
# New trial
-1.7515e+02 -1.7318e+02 -1.5781e+02 -1.3868e+02
-1.7508e+02 -1.7255e+02 -1.5549e+02 -1.3908e+02
-1.7496e+02 -1.7141e+02 -1.5137e+02 -1.6228e+02
-1.7520e+02 -1.7367e+02 -1.6185e+02 -2.4343e+02
# New trial
-1.7527e+02 -1.7433e+02 -1.6563e+02 -1.4884e+02
-1.7525e+02 -1.7413e+02 -1.6399e+02 -1.4829e+02
-1.7518e+02 -1.7347e+02 -1.5892e+02 -1.5154e+02
-1.7518e+02 -1.7340e+02 -1.5831e+02 -1.7295e+02
# New trial
-1.7524e+02 -1.7404e+02 -1.6290e+02 -1.4049e+02
-1.7518e+02 -1.7344e+02 -1.5834e+02 -1.4058e+02
-1.7500e+02 -1.7168e+02 -1.4872e+02 -1.5260e+02
-1.7496e+02 -1.7125e+02 -1.4815e+02 -1.7296e+02
# New trial
-1.7527e+02 -1.7436e+02 -1.6575e+02 -1.4316e+02
-1.7524e+02 -1.7401e+02 -1.6267e+02 -1.4219e+02
-1.7513e+02 -1.7298e+02 -1.5503e+02 -1.4376e+02
-1.7512e+02 -1.7286e+02 -1.5577e+02 -1.9331e+02
# New trial
-1.7525e+02 -1.7415e+02 -1.6348e+02 -1.3900e+02
-1.7522e+02 -1.7381e+02 -1.6041e+02 -1.3852e+02
-1.7510e+02 -1.7268e+02 -1.5100e+02 -1.3845e+02
-1.7506e+02 -1.7226e+02 -1.4846e+02 -1.4226e+02
# New trial
-1.7518e+02 -1.7345e+02 -1.6043e+02 -1.4233e+02
-1.7511e+02 -1.7284e+02 -1.5789e+02 -1.3931e+02
-1.7499e+02 -1.7169e+02 -1.5223e+02 -1.5308e+02
-1.7516e+02 -1.7330e+02 -1.6311e+02 -2.8252e+02
# New trial
-1.7520e+02 -1.7361e+02 -1.6030e+02 -1.3976e+02
-1.7514e+02 -1.7306e+02 -1.5807e+02 -1.4048e+02
-1.7505e+02 -1.7217e+02 -1.5269e+02 -1.5234e+02
-1.7514e+02 -1.7307e+02 -1.5535e+02 -1.6443e+02
# New trial
-1.7517e+02 -1.7342e+02 -1.6004e+02 -1.4096e+02
-1.7510e+02 -1.7269e+02 -1.5638e+02 -1.3952e+02
-1.7495e+02 -1.7126e+02 -1.4974e+02 -1.5597e+02
-1.7513e+02 -1.7299e+02 -1.5563e+02 -1.6950e+02
# New trial
-1.7510e+02 -1.7267e+02 -1.5618e+02 -1.4447e+02
-1.7503e+02 -1.7205e+02 -1.5555e+02 -1.7320e+02
-1.7509e+02 -1.7261e+02 -1.6569e+02 -3.1980e+02
-1.7532e+02 -1.7489e+02 -1.8551e+02 -5.7729e+02
# New trial
-1.7520e+02 -1.7368e+02 -1.6050e+02 -1.4154e+02
-1.7516e+02 -1.7323e+02 -1.5780e+02 -1.4104e+02
-1.7505e+02 -1.7217e+02 -1.5249e+02 -1.6760e+02
-1.7514e+02 -1.7304e+02 -1.5840e+02 -2.3008e+02
# New trial
-1.7506e+02 -1.7235e+02 -1.5589e+02 -1.4388e+02
-1.7498e+02 -1.7158e+02 -1.5427e+02 -1.4742e+02
-1.7489e+02 -1.7083e+02 -1.5230e+02 -1.7099e+02
-1.7515e+02 -1.7324e+02 -1.6021e+02 -2.3822e+02
# New trial
-1.7523e+02 -1.7397e+02 -1.6226e+02 -1.3989e+02
-1.7517e+02 -1.7339e+02 -1.5795e+02 -1.3919e+02
-1.7504e+02 -1.7210e+02 -1.5050e+02 -1.4129e+02
-1.7514e+02 -1.7308e+02 -1.5609e+02 -1.8516e+02
# New trial
-1.7530e+02 -1.7458e+02 -1.6759e+02 -1.4135e+02
-1.7526e+02 -1.7423e+02 -1.6437e+02 -1.4163e+02
-1.7518e+02 -1.7340e+02 -1.5801e+02 -1.5683e+02
-1.7513e+02 -1.7289e+02 -1.5424e+02 -1.8359e+02
# New trial
-1.7505e+02 -1.7222e+02 -1.5493e+02 -1.4119e+02
-1.7497e+02 -1.7154e+02 -1.5444e+02 -1.5072e+02
-1.7494e+02 -1.7138e+02 -1.5858e+02 -2.5431e+02
-1.7520e+02 -1.7372e+02 -1.6589e+02 -3.0182e+02
# New trial
-1.7526e+02 -1.7422e+02 -1.6494e+02 -1.4563e+02
-1.7520e+02 -1.7365e+02 -1.6159e+02 -1.5883e+02
-1.7508e+02 -1.7248e+02 -1.5714e+02 -1.8762e+02
-1.7519e+02 -1.7352e+02 -1.6163e+02 -2.2678e+02
# New trial
-1.7527e+02 -1.7432e+02 -1.6519e+02 -1.4007e+02
-1.7523e+02 -1.7396e+02 -1.6208e+02 -1.3973e+02
-1.7513e+02 -1.7293e+02 -1.5402e+02 -1.4280e+02
-1.7519e+02 -1.7354e+02 -1.5815e+02 -1.4488e+02
# New trial
-1.7525e+02 -1.7414e+02 -1.6335e+02 -1.3857e+02
-1.7519e+02 -1.7351e+02 -1.5806e+02 -1.3849e+02
-1.7503e+02 -1.7193e+02 -1.4839e+02 -1.4360e+02
-1.7502e+02 -1.7185e+02 -1.4779e+02 -1.5682e+02
# New trial
-1.7525e+02 -1.7409e+02 -1.6333e+02 -1.3963e+02
-1.7518e+02 -1.7349e+02 -1.5895e+02 -1.3953e+02
-1.7503e+02 -1.7198e+02 -1.5140e+02 -1.5924e+02
-1.7505e+02 -1.7212e+02 -1.5016e+02 -1.7335e+02
# New trial
-1.7528e+02 -1.7447e+02 -1.6667e+02 -1.4054e+02
-1.7526e+02 -1.7425e+02 -1.6468e+02 -1.4048e+02
-1.7519e+02 -1.7353e+02 -1.5808e+02 -1.3985e+02
-1.7521e+02 -1.7374e+02 -1.5976e+02 -1.3938e+02
# New trial
-1.7520e+02 -1.7369e+02 -1.6052e+02 -1.3999e+02
-1.7516e+02 -1.7329e+02 -1.5810e+02 -1.4839e+02
-1.7506e+02 -1.7226e+02 -1.5388e+02 -1.7536e+02
-1.7516e+02 -1.7328e+02 -1.5893e+02 -2.3918e+02
# New trial
