# 0.01sig - Array shape (trial/sig/alpha): (30L, 4L, 4L)
-3.6950e+01 -3.7361e+01 -5.3774e+01 -3.3469e+02
-3.6970e+01 -3.7498e+01 -5.0091e+01 -2.8224e+02
-3.6942e+01 -3.7142e+01 -4.0391e+01 -1.4205e+02
-3.6920e+01 -3.6909e+01 -3.6923e+01 -4.1913e+01
# New trial
-3.6872e+01 -3.6926e+01 -6.3149e+01 -4.2681e+02
-3.6873e+01 -3.6550e+01 -3.9951e+01 -1.4103e+02
-3.6909e+01 -3.6816e+01 -3.6876e+01 -9.0672e+01
-3.6921e+01 -3.6920e+01 -3.6949e+01 -4.5224e+01
# New trial
-3.6821e+01 -3.6539e+01 -5.9089e+01 -4.0171e+02
-3.6873e+01 -3.6741e+01 -4.7875e+01 -2.5258e+02
-3.6909e+01 -3.6853e+01 -3.8990e+01 -1.6072e+02
-3.6918e+01 -3.6895e+01 -3.6929e+01 -7.4427e+01
# New trial
-3.6899e+01 -3.7092e+01 -6.1140e+01 -4.2192e+02
-3.6907e+01 -3.6981e+01 -5.0182e+01 -3.0865e+02
-3.6912e+01 -3.6881e+01 -3.9604e+01 -1.6968e+02
-3.6917e+01 -3.6896e+01 -3.7257e+01 -8.7133e+01
# New trial
-3.6957e+01 -3.7420e+01 -5.2761e+01 -3.0862e+02
-3.6934e+01 -3.7144e+01 -4.6235e+01 -2.2793e+02
-3.6914e+01 -3.6877e+01 -3.8346e+01 -1.2882e+02
-3.6919e+01 -3.6902e+01 -3.7001e+01 -7.8166e+01
# New trial
-3.6807e+01 -3.6252e+01 -4.9456e+01 -2.9409e+02
-3.6850e+01 -3.6353e+01 -3.7588e+01 -1.1565e+02
-3.6906e+01 -3.6797e+01 -3.7698e+01 -1.3143e+02
-3.6920e+01 -3.6916e+01 -3.7123e+01 -8.6699e+01
# New trial
-3.6822e+01 -3.6246e+01 -5.2015e+01 -3.2789e+02
-3.6858e+01 -3.6417e+01 -4.0561e+01 -1.7686e+02
-3.6900e+01 -3.6738e+01 -3.6907e+01 -1.0936e+02
-3.6918e+01 -3.6897e+01 -3.6757e+01 -4.2707e+01
# New trial
-3.6820e+01 -3.6258e+01 -4.8073e+01 -2.8181e+02
-3.6896e+01 -3.6840e+01 -4.4418e+01 -1.9875e+02
-3.6917e+01 -3.6907e+01 -3.8519e+01 -1.2653e+02
-3.6919e+01 -3.6904e+01 -3.6958e+01 -6.9257e+01
# New trial
-3.6789e+01 -3.6236e+01 -5.4091e+01 -3.5056e+02
-3.6830e+01 -3.6298e+01 -4.3945e+01 -2.3382e+02
-3.6881e+01 -3.6572e+01 -3.6088e+01 -1.2150e+02
-3.6918e+01 -3.6893e+01 -3.6696e+01 -3.6413e+01
# New trial
-3.6911e+01 -3.7090e+01 -5.7655e+01 -3.6692e+02
-3.6906e+01 -3.6846e+01 -4.2979e+01 -2.2634e+02
-3.6913e+01 -3.6864e+01 -3.8841e+01 -1.7704e+02
-3.6919e+01 -3.6907e+01 -3.6989e+01 -7.4263e+01
# New trial
-3.6821e+01 -3.6101e+01 -4.3917e+01 -2.2766e+02
-3.6858e+01 -3.6353e+01 -3.5717e+01 -9.8674e+01
-3.6910e+01 -3.6828e+01 -3.7170e+01 -1.2971e+02
-3.6922e+01 -3.6929e+01 -3.7101e+01 -8.2969e+01
# New trial
-3.6894e+01 -3.6662e+01 -3.5826e+01 -8.3244e+01
-3.6905e+01 -3.6770e+01 -3.6085e+01 -6.2436e+01
-3.6917e+01 -3.6879e+01 -3.6633e+01 -5.7228e+01
-3.6921e+01 -3.6923e+01 -3.6945e+01 -3.9963e+01
# New trial
-3.6901e+01 -3.6940e+01 -5.4371e+01 -3.2852e+02
-3.6941e+01 -3.7225e+01 -4.8152e+01 -2.3940e+02
-3.6920e+01 -3.6934e+01 -3.9386e+01 -1.6864e+02
-3.6918e+01 -3.6903e+01 -3.7813e+01 -1.3438e+02
# New trial
-3.6884e+01 -3.6576e+01 -3.6788e+01 -1.2590e+02
-3.6899e+01 -3.6710e+01 -3.6029e+01 -8.8592e+01
-3.6915e+01 -3.6861e+01 -3.6556e+01 -4.8759e+01
-3.6920e+01 -3.6911e+01 -3.6846e+01 -3.7260e+01
# New trial
-3.6864e+01 -3.6508e+01 -4.3593e+01 -2.0571e+02
-3.6901e+01 -3.6775e+01 -3.9341e+01 -1.4611e+02
-3.6917e+01 -3.6891e+01 -3.7444e+01 -1.4134e+02
-3.6920e+01 -3.6914e+01 -3.6909e+01 -5.5550e+01
# New trial
-3.6958e+01 -3.7411e+01 -5.0656e+01 -2.4574e+02
-3.6934e+01 -3.7099e+01 -4.1969e+01 -1.3441e+02
-3.6922e+01 -3.6946e+01 -3.8043e+01 -9.4894e+01
-3.6920e+01 -3.6915e+01 -3.6954e+01 -5.2539e+01
# New trial
-3.6794e+01 -3.5999e+01 -4.2801e+01 -1.8020e+02
-3.6875e+01 -3.6623e+01 -4.0882e+01 -1.4381e+02
-3.6912e+01 -3.6880e+01 -3.8862e+01 -1.2839e+02
-3.6919e+01 -3.6909e+01 -3.7193e+01 -7.8806e+01
# New trial
-3.6963e+01 -3.8027e+01 -7.8322e+01 -5.9853e+02
-3.6975e+01 -3.7663e+01 -5.5643e+01 -3.3405e+02
-3.6937e+01 -3.7111e+01 -4.1194e+01 -1.9524e+02
-3.6921e+01 -3.6926e+01 -3.7028e+01 -6.3799e+01
# New trial
-3.6923e+01 -3.7087e+01 -4.9167e+01 -2.8433e+02
-3.6931e+01 -3.7068e+01 -4.1456e+01 -1.3806e+02
-3.6924e+01 -3.6957e+01 -3.7714e+01 -7.9741e+01
-3.6920e+01 -3.6913e+01 -3.6878e+01 -3.7616e+01
# New trial
-3.6897e+01 -3.6702e+01 -3.8041e+01 -1.3909e+02
-3.6917e+01 -3.6890e+01 -3.8323e+01 -1.1937e+02
-3.6925e+01 -3.6960e+01 -3.7754e+01 -9.4863e+01
-3.6921e+01 -3.6926e+01 -3.6995e+01 -4.3284e+01
# New trial
-3.6917e+01 -3.6909e+01 -4.0691e+01 -1.7001e+02
-3.6903e+01 -3.6757e+01 -3.6526e+01 -8.2144e+01
-3.6912e+01 -3.6834e+01 -3.6467e+01 -7.1402e+01
-3.6920e+01 -3.6911e+01 -3.6915e+01 -6.1963e+01
# New trial
-3.6836e+01 -3.6447e+01 -5.6102e+01 -3.7030e+02
-3.6872e+01 -3.6567e+01 -4.2082e+01 -1.7185e+02
-3.6898e+01 -3.6724e+01 -3.7060e+01 -1.2869e+02
-3.6920e+01 -3.6910e+01 -3.6974e+01 -7.0619e+01
# New trial
-3.6905e+01 -3.6895e+01 -4.8642e+01 -3.0248e+02
-3.6915e+01 -3.6912e+01 -4.0877e+01 -1.4854e+02
-3.6921e+01 -3.6929e+01 -3.7824e+01 -9.9114e+01
-3.6920e+01 -3.6917e+01 -3.6977e+01 -6.2218e+01
# New trial
-3.6818e+01 -3.6581e+01 -6.0572e+01 -3.8729e+02
-3.6862e+01 -3.6648e+01 -4.6607e+01 -2.1650e+02
-3.6896e+01 -3.6738e+01 -3.7978e+01 -9.9564e+01
-3.6919e+01 -3.6903e+01 -3.6885e+01 -4.8338e+01
# New trial
-3.6847e+01 -3.6271e+01 -3.8210e+01 -1.4368e+02
-3.6876e+01 -3.6505e+01 -3.5231e+01 -6.3816e+01
-3.6908e+01 -3.6797e+01 -3.6115e+01 -4.8021e+01
-3.6921e+01 -3.6918e+01 -3.6898e+01 -3.7193e+01
# New trial
-3.6814e+01 -3.6086e+01 -4.6688e+01 -2.6979e+02
-3.6848e+01 -3.6288e+01 -3.7147e+01 -1.0816e+02
-3.6903e+01 -3.6749e+01 -3.5931e+01 -6.9223e+01
-3.6920e+01 -3.6917e+01 -3.6992e+01 -5.8755e+01
# New trial
-3.6933e+01 -3.7226e+01 -5.2969e+01 -3.0821e+02
-3.6953e+01 -3.7356e+01 -4.9094e+01 -2.5197e+02
-3.6932e+01 -3.7055e+01 -4.0636e+01 -1.6827e+02
-3.6920e+01 -3.6919e+01 -3.7217e+01 -9.5095e+01
# New trial
-3.6924e+01 -3.7104e+01 -5.2414e+01 -3.1241e+02
-3.6931e+01 -3.7106e+01 -4.3934e+01 -1.8022e+02
-3.6916e+01 -3.6895e+01 -3.8055e+01 -1.0014e+02
-3.6920e+01 -3.6913e+01 -3.6909e+01 -4.2827e+01
# New trial
-3.6970e+01 -3.7768e+01 -6.4351e+01 -4.3650e+02
-3.6941e+01 -3.7189e+01 -4.4649e+01 -1.9133e+02
-3.6920e+01 -3.6922e+01 -3.7614e+01 -8.5259e+01
-3.6919e+01 -3.6904e+01 -3.6809e+01 -3.6825e+01
# New trial
-3.6988e+01 -3.7887e+01 -7.1578e+01 -5.1820e+02
-3.6950e+01 -3.7290e+01 -4.7640e+01 -2.3502e+02
-3.6919e+01 -3.6911e+01 -3.7425e+01 -7.2774e+01
-3.6920e+01 -3.6915e+01 -3.6926e+01 -5.4364e+01
# New trial
