# 0.1sig - Array shape (trial/sig/alpha): (30L, 4L, 4L)
-4.1572e+01 -4.2547e+01 -7.7110e+01 -5.1753e+02
-4.1578e+01 -4.2153e+01 -5.7189e+01 -2.7920e+02
-4.1538e+01 -4.1607e+01 -4.5642e+01 -1.6349e+02
-4.1534e+01 -4.1518e+01 -4.1485e+01 -5.6460e+01
# New trial
-4.1543e+01 -4.1710e+01 -5.1274e+01 -2.1377e+02
-4.1574e+01 -4.1975e+01 -4.9268e+01 -1.6583e+02
-4.1545e+01 -4.1639e+01 -4.3391e+01 -9.7042e+01
-4.1535e+01 -4.1528e+01 -4.1541e+01 -6.2378e+01
# New trial
-4.1556e+01 -4.1910e+01 -6.0013e+01 -3.2519e+02
-4.1556e+01 -4.1803e+01 -5.1026e+01 -2.3475e+02
-4.1532e+01 -4.1507e+01 -4.3655e+01 -1.7477e+02
-4.1535e+01 -4.1532e+01 -4.1734e+01 -9.6341e+01
# New trial
-4.1529e+01 -4.1582e+01 -5.8344e+01 -3.7665e+02
-4.1517e+01 -4.1412e+01 -5.0239e+01 -2.8739e+02
-4.1531e+01 -4.1507e+01 -4.4712e+01 -2.2734e+02
-4.1533e+01 -4.1509e+01 -4.1459e+01 -6.7422e+01
# New trial
-4.1538e+01 -4.1891e+01 -6.5074e+01 -3.9748e+02
-4.1511e+01 -4.1420e+01 -4.7261e+01 -1.6371e+02
-4.1523e+01 -4.1434e+01 -4.2431e+01 -1.1528e+02
-4.1535e+01 -4.1524e+01 -4.1575e+01 -6.8904e+01
# New trial
-4.1542e+01 -4.1659e+01 -4.9101e+01 -2.0550e+02
-4.1529e+01 -4.1518e+01 -4.5320e+01 -1.4543e+02
-4.1527e+01 -4.1454e+01 -4.1684e+01 -1.0754e+02
-4.1536e+01 -4.1539e+01 -4.1767e+01 -1.0013e+02
# New trial
-4.1436e+01 -4.0713e+01 -4.5767e+01 -1.9926e+02
-4.1493e+01 -4.1217e+01 -4.4588e+01 -1.4662e+02
-4.1528e+01 -4.1491e+01 -4.3416e+01 -1.2953e+02
-4.1536e+01 -4.1535e+01 -4.1745e+01 -9.3410e+01
# New trial
-4.1525e+01 -4.1638e+01 -6.4503e+01 -4.2006e+02
-4.1530e+01 -4.1543e+01 -4.8527e+01 -2.2191e+02
-4.1531e+01 -4.1498e+01 -4.3122e+01 -1.5958e+02
-4.1537e+01 -4.1548e+01 -4.2206e+01 -1.2804e+02
# New trial
-4.1410e+01 -4.0895e+01 -5.9840e+01 -3.4496e+02
-4.1491e+01 -4.1460e+01 -5.3747e+01 -2.6102e+02
-4.1516e+01 -4.1422e+01 -4.4296e+01 -1.4570e+02
-4.1532e+01 -4.1506e+01 -4.1605e+01 -6.8499e+01
# New trial
-4.1520e+01 -4.1559e+01 -5.6982e+01 -3.1922e+02
-4.1536e+01 -4.1637e+01 -5.0746e+01 -2.3434e+02
-4.1538e+01 -4.1577e+01 -4.3698e+01 -1.2144e+02
-4.1536e+01 -4.1538e+01 -4.1655e+01 -7.5729e+01
# New trial
-4.1578e+01 -4.2171e+01 -5.9009e+01 -2.8997e+02
-4.1603e+01 -4.2347e+01 -5.7126e+01 -2.7876e+02
-4.1563e+01 -4.1846e+01 -4.6440e+01 -1.3695e+02
-4.1535e+01 -4.1530e+01 -4.1625e+01 -5.3099e+01
# New trial
-4.1546e+01 -4.1937e+01 -6.7374e+01 -4.3209e+02
-4.1534e+01 -4.1698e+01 -5.4923e+01 -2.8219e+02
-4.1523e+01 -4.1440e+01 -4.3569e+01 -1.6142e+02
-4.1535e+01 -4.1530e+01 -4.1848e+01 -1.1399e+02
# New trial
-4.1582e+01 -4.2375e+01 -7.5641e+01 -5.2708e+02
-4.1556e+01 -4.1884e+01 -5.3119e+01 -2.3502e+02
-4.1537e+01 -4.1562e+01 -4.3605e+01 -1.4385e+02
-4.1537e+01 -4.1544e+01 -4.1645e+01 -4.9309e+01
# New trial
-4.1507e+01 -4.1375e+01 -4.8891e+01 -2.0439e+02
-4.1529e+01 -4.1489e+01 -4.4000e+01 -1.7150e+02
-4.1536e+01 -4.1547e+01 -4.4279e+01 -1.9979e+02
-4.1538e+01 -4.1559e+01 -4.2925e+01 -1.9035e+02
# New trial
-4.1506e+01 -4.1768e+01 -6.3696e+01 -3.6677e+02
-4.1508e+01 -4.1553e+01 -5.6716e+01 -3.2627e+02
-4.1531e+01 -4.1573e+01 -4.6843e+01 -2.0667e+02
-4.1533e+01 -4.1529e+01 -4.2490e+01 -1.3134e+02
# New trial
-4.1631e+01 -4.2810e+01 -7.3964e+01 -4.9324e+02
-4.1597e+01 -4.2335e+01 -6.7602e+01 -4.7171e+02
-4.1548e+01 -4.1714e+01 -4.8792e+01 -2.4059e+02
-4.1532e+01 -4.1498e+01 -4.1428e+01 -5.4666e+01
# New trial
-4.1467e+01 -4.1182e+01 -6.1939e+01 -4.0169e+02
-4.1499e+01 -4.1352e+01 -5.1541e+01 -2.6085e+02
-4.1522e+01 -4.1438e+01 -4.3457e+01 -1.5156e+02
-4.1533e+01 -4.1509e+01 -4.1461e+01 -4.9719e+01
# New trial
-4.1509e+01 -4.1354e+01 -5.1762e+01 -3.0407e+02
-4.1527e+01 -4.1488e+01 -4.5548e+01 -1.9510e+02
-4.1531e+01 -4.1492e+01 -4.1767e+01 -9.4779e+01
-4.1534e+01 -4.1518e+01 -4.1432e+01 -4.5791e+01
# New trial
-4.1521e+01 -4.1437e+01 -4.6982e+01 -1.9839e+02
-4.1517e+01 -4.1384e+01 -4.4292e+01 -1.6270e+02
-4.1521e+01 -4.1402e+01 -4.1539e+01 -1.1698e+02
-4.1535e+01 -4.1528e+01 -4.1578e+01 -8.0254e+01
# New trial
-4.1445e+01 -4.0928e+01 -5.5693e+01 -3.0606e+02
-4.1476e+01 -4.1129e+01 -4.6867e+01 -1.8366e+02
-4.1505e+01 -4.1294e+01 -4.2085e+01 -1.5095e+02
-4.1535e+01 -4.1525e+01 -4.1652e+01 -8.5372e+01
# New trial
-4.1543e+01 -4.1827e+01 -6.1328e+01 -3.5813e+02
-4.1530e+01 -4.1570e+01 -4.8855e+01 -2.3105e+02
-4.1530e+01 -4.1504e+01 -4.4029e+01 -1.9635e+02
-4.1536e+01 -4.1534e+01 -4.1700e+01 -7.9946e+01
# New trial
-4.1541e+01 -4.1711e+01 -5.4305e+01 -2.6315e+02
-4.1529e+01 -4.1560e+01 -4.9393e+01 -2.2170e+02
-4.1529e+01 -4.1494e+01 -4.4251e+01 -1.8408e+02
-4.1536e+01 -4.1541e+01 -4.1766e+01 -9.3635e+01
# New trial
-4.1505e+01 -4.1308e+01 -4.8038e+01 -2.1252e+02
-4.1524e+01 -4.1463e+01 -4.5073e+01 -1.8282e+02
-4.1540e+01 -4.1587e+01 -4.3130e+01 -1.2542e+02
-4.1535e+01 -4.1525e+01 -4.1616e+01 -6.4760e+01
# New trial
-4.1455e+01 -4.0899e+01 -4.6035e+01 -1.9153e+02
-4.1490e+01 -4.1131e+01 -4.1813e+01 -1.2398e+02
-4.1525e+01 -4.1432e+01 -4.1447e+01 -1.0076e+02
-4.1535e+01 -4.1525e+01 -4.1521e+01 -5.5237e+01
# New trial
-4.1449e+01 -4.0778e+01 -4.8614e+01 -2.5808e+02
-4.1488e+01 -4.1095e+01 -4.1696e+01 -1.2284e+02
-4.1530e+01 -4.1478e+01 -4.1518e+01 -9.5203e+01
-4.1536e+01 -4.1539e+01 -4.1645e+01 -7.6265e+01
# New trial
-4.1582e+01 -4.2230e+01 -6.1374e+01 -3.3513e+02
-4.1543e+01 -4.1666e+01 -4.7069e+01 -1.9003e+02
-4.1530e+01 -4.1482e+01 -4.1480e+01 -8.2711e+01
-4.1535e+01 -4.1528e+01 -4.1526e+01 -5.3229e+01
# New trial
-4.1538e+01 -4.1633e+01 -5.2703e+01 -2.9076e+02
-4.1536e+01 -4.1581e+01 -4.6590e+01 -1.8631e+02
-4.1535e+01 -4.1534e+01 -4.2415e+01 -9.8013e+01
-4.1535e+01 -4.1529e+01 -4.1609e+01 -6.2915e+01
# New trial
-4.1605e+01 -4.2655e+01 -7.5672e+01 -5.0966e+02
-4.1574e+01 -4.2111e+01 -5.9012e+01 -3.3858e+02
-4.1541e+01 -4.1641e+01 -4.6765e+01 -2.2437e+02
-4.1534e+01 -4.1521e+01 -4.1747e+01 -9.7315e+01
# New trial
-4.1519e+01 -4.1474e+01 -5.4931e+01 -2.9982e+02
-4.1540e+01 -4.1650e+01 -5.3353e+01 -2.8164e+02
-4.1537e+01 -4.1559e+01 -4.4032e+01 -1.7071e+02
-4.1536e+01 -4.1534e+01 -4.1534e+01 -4.6157e+01
# New trial
-4.1502e+01 -4.1308e+01 -5.0394e+01 -2.6084e+02
-4.1492e+01 -4.1168e+01 -4.3524e+01 -1.5266e+02
-4.1521e+01 -4.1403e+01 -4.1425e+01 -9.2198e+01
-4.1535e+01 -4.1526e+01 -4.1600e+01 -6.7027e+01
# New trial
