# 0.1sig - Array shape (trial/sig/alpha): (30, 4, 4)
-1.6976e+02 -1.6123e+02 -1.1659e+02 -2.4721e+02
-1.6965e+02 -1.6024e+02 -1.0699e+02 -8.8318e+01
-1.6946e+02 -1.5835e+02 -1.0804e+02 -3.9039e+02
-1.7015e+02 -1.6478e+02 -1.3543e+02 -6.1968e+02
# New trial
-1.7004e+02 -1.6377e+02 -1.2189e+02 -1.5334e+02
-1.6987e+02 -1.6212e+02 -1.0788e+02 -5.0698e+01
-1.6962e+02 -1.5955e+02 -8.6728e+01 -1.1617e+02
-1.6985e+02 -1.6175e+02 -1.0094e+02 -1.9086e+02
# New trial
-1.7012e+02 -1.6459e+02 -1.3706e+02 -2.8718e+02
-1.6982e+02 -1.6156e+02 -1.0153e+02 -9.7224e+01
-1.6926e+02 -1.5590e+02 -6.7647e+01 -7.7821e+01
-1.6931e+02 -1.5642e+02 -7.9643e+01 -1.0958e+02
# New trial
-1.7008e+02 -1.6412e+02 -1.3250e+02 -3.6230e+02
-1.6991e+02 -1.6235e+02 -1.0606e+02 -1.1870e+02
-1.6947e+02 -1.5805e+02 -8.7105e+01 -1.9591e+02
-1.6955e+02 -1.5882e+02 -1.1966e+02 -4.9512e+02
# New trial
-1.7023e+02 -1.6573e+02 -1.4565e+02 -4.1060e+02
-1.7008e+02 -1.6416e+02 -1.1741e+02 -5.6915e+01
-1.6979e+02 -1.6123e+02 -9.3554e+01 -7.5728e+01
-1.7003e+02 -1.6357e+02 -1.0873e+02 -1.2585e+02
# New trial
-1.7031e+02 -1.6642e+02 -1.3959e+02 -1.6116e+02
-1.7017e+02 -1.6498e+02 -1.2413e+02 -7.2973e+01
-1.6994e+02 -1.6265e+02 -1.0423e+02 -1.2396e+02
-1.7023e+02 -1.6551e+02 -1.2617e+02 -3.0076e+02
# New trial
-1.7014e+02 -1.6464e+02 -1.2248e+02 -1.0151e+02
-1.6998e+02 -1.6311e+02 -1.0951e+02 -8.5010e+01
-1.6968e+02 -1.6003e+02 -8.5958e+01 -8.5317e+01
-1.6993e+02 -1.6247e+02 -1.0547e+02 -2.4516e+02
# New trial
-1.6997e+02 -1.6331e+02 -1.4442e+02 -5.5993e+02
-1.6987e+02 -1.6215e+02 -1.1266e+02 -1.1532e+02
-1.6972e+02 -1.6054e+02 -9.6284e+01 -1.9232e+02
-1.7020e+02 -1.6528e+02 -1.2507e+02 -2.4247e+02
# New trial
-1.6982e+02 -1.6175e+02 -1.1175e+02 -8.7322e+01
-1.6956e+02 -1.5927e+02 -9.5223e+01 -6.9294e+01
-1.6932e+02 -1.5683e+02 -8.7531e+01 -2.0123e+02
-1.7006e+02 -1.6395e+02 -1.2168e+02 -4.4360e+02
# New trial
-1.7001e+02 -1.6342e+02 -1.1338e+02 -7.5479e+01
-1.6986e+02 -1.6189e+02 -1.0256e+02 -8.3659e+01
-1.6955e+02 -1.5882e+02 -8.0724e+01 -1.1713e+02
-1.6983e+02 -1.6152e+02 -9.6086e+01 -1.2786e+02
# New trial
-1.7023e+02 -1.6558e+02 -1.3005e+02 -1.1679e+02
-1.6999e+02 -1.6317e+02 -1.1031e+02 -8.1926e+01
-1.6944e+02 -1.5778e+02 -7.4723e+01 -6.5846e+01
-1.6954e+02 -1.5863e+02 -8.1800e+01 -1.0541e+02
# New trial
-1.7002e+02 -1.6369e+02 -1.3252e+02 -3.1274e+02
-1.6987e+02 -1.6224e+02 -1.1741e+02 -1.1927e+02
-1.6964e+02 -1.5989e+02 -1.0279e+02 -2.7785e+02
-1.7014e+02 -1.6468e+02 -1.2920e+02 -4.5855e+02
# New trial
-1.7000e+02 -1.6342e+02 -1.2434e+02 -2.5643e+02
-1.6993e+02 -1.6267e+02 -1.0786e+02 -1.2088e+02
-1.6971e+02 -1.6042e+02 -8.9900e+01 -1.9511e+02
-1.7017e+02 -1.6487e+02 -1.1852e+02 -1.6007e+02
# New trial
-1.7035e+02 -1.6683e+02 -1.4957e+02 -3.1272e+02
-1.7014e+02 -1.6460e+02 -1.1576e+02 -7.4478e+01
-1.6978e+02 -1.6102e+02 -8.5838e+01 -9.4815e+01
-1.6971e+02 -1.6034e+02 -8.8822e+01 -1.3121e+02
# New trial
-1.6993e+02 -1.6320e+02 -1.4087e+02 -3.6680e+02
-1.6959e+02 -1.5967e+02 -1.0880e+02 -1.4608e+02
-1.6916e+02 -1.5529e+02 -9.4865e+01 -2.6041e+02
-1.6988e+02 -1.6220e+02 -1.3834e+02 -6.7342e+02
# New trial
-1.6981e+02 -1.6206e+02 -1.5480e+02 -7.0781e+02
-1.6955e+02 -1.5932e+02 -1.0527e+02 -1.3149e+02
-1.6911e+02 -1.5509e+02 -1.1743e+02 -4.9591e+02
-1.6968e+02 -1.6044e+02 -1.5390e+02 -9.0649e+02
# New trial
-1.7010e+02 -1.6436e+02 -1.2868e+02 -1.9262e+02
-1.6988e+02 -1.6221e+02 -1.0596e+02 -1.2612e+02
-1.6953e+02 -1.5864e+02 -8.8224e+01 -1.9850e+02
-1.6978e+02 -1.6102e+02 -9.9786e+01 -2.1811e+02
# New trial
-1.7026e+02 -1.6585e+02 -1.3372e+02 -2.0461e+02
-1.7007e+02 -1.6398e+02 -1.1426e+02 -9.2119e+01
-1.6967e+02 -1.5999e+02 -8.3928e+01 -1.0639e+02
-1.6963e+02 -1.5948e+02 -8.3394e+01 -1.2970e+02
# New trial
-1.7024e+02 -1.6568e+02 -1.3001e+02 -1.2742e+02
-1.7009e+02 -1.6417e+02 -1.1703e+02 -7.6157e+01
-1.6982e+02 -1.6146e+02 -9.2114e+01 -7.5734e+01
-1.7004e+02 -1.6362e+02 -1.0759e+02 -1.3821e+02
# New trial
-1.7024e+02 -1.6585e+02 -1.5884e+02 -6.3868e+02
-1.6998e+02 -1.6316e+02 -1.1609e+02 -1.2022e+02
-1.6946e+02 -1.5796e+02 -8.6986e+01 -2.2542e+02
-1.6979e+02 -1.6116e+02 -1.0846e+02 -4.4722e+02
# New trial
-1.7011e+02 -1.6459e+02 -1.4349e+02 -3.6968e+02
-1.6995e+02 -1.6291e+02 -1.1609e+02 -1.1407e+02
-1.6973e+02 -1.6062e+02 -1.0295e+02 -2.4017e+02
-1.7012e+02 -1.6447e+02 -1.2876e+02 -5.0655e+02
# New trial
-1.7017e+02 -1.6512e+02 -1.4241e+02 -5.1044e+02
-1.7002e+02 -1.6351e+02 -1.1553e+02 -1.1509e+02
-1.6976e+02 -1.6088e+02 -9.3875e+01 -1.5441e+02
-1.7010e+02 -1.6418e+02 -1.1361e+02 -1.6998e+02
# New trial
-1.7011e+02 -1.6438e+02 -1.2196e+02 -1.1659e+02
-1.6995e+02 -1.6278e+02 -1.0918e+02 -9.4395e+01
-1.6965e+02 -1.5983e+02 -9.0622e+01 -1.6708e+02
-1.6989e+02 -1.6220e+02 -1.0893e+02 -3.3750e+02
# New trial
-1.7010e+02 -1.6424e+02 -1.2061e+02 -1.1147e+02
-1.6999e+02 -1.6318e+02 -1.0808e+02 -6.4362e+01
-1.6980e+02 -1.6125e+02 -9.0601e+01 -1.1253e+02
-1.7011e+02 -1.6435e+02 -1.1434e+02 -1.9206e+02
# New trial
-1.7029e+02 -1.6610e+02 -1.3614e+02 -3.2757e+02
-1.7022e+02 -1.6547e+02 -1.2595e+02 -9.7728e+01
-1.7006e+02 -1.6382e+02 -1.0916e+02 -1.0369e+02
-1.7026e+02 -1.6580e+02 -1.2504e+02 -1.1467e+02
# New trial
-1.7006e+02 -1.6429e+02 -1.4947e+02 -5.4446e+02
-1.6982e+02 -1.6152e+02 -1.0423e+02 -1.3456e+02
-1.6949e+02 -1.5827e+02 -9.3470e+01 -2.8830e+02
-1.6972e+02 -1.6053e+02 -1.1315e+02 -5.1383e+02
# New trial
-1.7010e+02 -1.6426e+02 -1.2218e+02 -1.9190e+02
-1.7013e+02 -1.6450e+02 -1.1771e+02 -8.6517e+01
-1.7012e+02 -1.6442e+02 -1.1401e+02 -1.3878e+02
-1.7043e+02 -1.6748e+02 -1.3976e+02 -9.2571e+01
# New trial
-1.7002e+02 -1.6369e+02 -1.3265e+02 -2.9222e+02
-1.6980e+02 -1.6139e+02 -1.0597e+02 -1.4764e+02
-1.6934e+02 -1.5689e+02 -8.8905e+01 -2.2534e+02
-1.6967e+02 -1.6002e+02 -1.1695e+02 -5.0886e+02
# New trial
-1.7009e+02 -1.6419e+02 -1.2362e+02 -1.5281e+02
-1.6991e+02 -1.6235e+02 -1.0558e+02 -1.1498e+02
-1.6950e+02 -1.5830e+02 -8.4149e+01 -1.9277e+02
-1.6961e+02 -1.5940e+02 -9.7769e+01 -3.9418e+02
# New trial
-1.7018e+02 -1.6503e+02 -1.2538e+02 -1.0249e+02
-1.7017e+02 -1.6498e+02 -1.2201e+02 -8.5798e+01
-1.7018e+02 -1.6505e+02 -1.1989e+02 -1.3176e+02
-1.7043e+02 -1.6743e+02 -1.3940e+02 -1.9137e+02
# New trial
