# 0.1sig - Array shape (trial/sig/alpha): (30L, 4L, 4L)
-9.1706e+01 -8.6962e+01 -8.1630e+01 -3.6937e+02
-9.1756e+01 -8.7310e+01 -7.0091e+01 -1.4130e+02
-9.1842e+01 -8.7973e+01 -7.2041e+01 -2.3883e+02
-9.2206e+01 -9.1373e+01 -8.5444e+01 -2.4932e+02
# New trial
-9.1939e+01 -8.8943e+01 -8.0201e+01 -2.5651e+02
-9.1924e+01 -8.8791e+01 -7.4686e+01 -1.5756e+02
-9.1908e+01 -8.8487e+01 -6.6802e+01 -1.4732e+02
-9.2109e+01 -9.0395e+01 -7.6819e+01 -9.0787e+01
# New trial
-9.1999e+01 -8.9526e+01 -9.4228e+01 -4.0879e+02
-9.1859e+01 -8.8012e+01 -6.9026e+01 -2.0485e+02
-9.1654e+01 -8.5895e+01 -5.4605e+01 -1.4353e+02
-9.1847e+01 -8.7776e+01 -6.2792e+01 -1.1664e+02
# New trial
-9.1974e+01 -8.9277e+01 -9.8706e+01 -5.8217e+02
-9.1891e+01 -8.8341e+01 -7.3485e+01 -2.0705e+02
-9.1758e+01 -8.6997e+01 -6.9600e+01 -3.0084e+02
-9.1926e+01 -8.8600e+01 -7.6002e+01 -2.8923e+02
# New trial
-9.1963e+01 -8.9245e+01 -9.0772e+01 -4.0902e+02
-9.1931e+01 -8.8758e+01 -6.8934e+01 -8.9392e+01
-9.1929e+01 -8.8645e+01 -6.4517e+01 -1.3741e+02
-9.2145e+01 -9.0744e+01 -7.9485e+01 -1.6976e+02
# New trial
-9.2076e+01 -9.0178e+01 -8.4762e+01 -2.4624e+02
-9.2030e+01 -8.9708e+01 -7.6582e+01 -1.3175e+02
-9.2002e+01 -8.9356e+01 -6.8717e+01 -1.1655e+02
-9.2176e+01 -9.1048e+01 -8.0672e+01 -1.0839e+02
# New trial
-9.2022e+01 -8.9629e+01 -7.8040e+01 -1.9170e+02
-9.1947e+01 -8.8859e+01 -6.9068e+01 -1.5898e+02
-9.1852e+01 -8.7861e+01 -5.8605e+01 -1.0512e+02
-9.2078e+01 -9.0061e+01 -7.2616e+01 -5.2121e+01
# New trial
-9.1838e+01 -8.8014e+01 -9.6208e+01 -4.7404e+02
-9.1875e+01 -8.8206e+01 -7.2242e+01 -1.6824e+02
-9.1933e+01 -8.8670e+01 -6.7245e+01 -1.9853e+02
-9.2182e+01 -9.1119e+01 -8.2502e+01 -1.7135e+02
# New trial
-9.1780e+01 -8.7608e+01 -7.5205e+01 -2.0271e+02
-9.1709e+01 -8.6852e+01 -6.7851e+01 -1.5396e+02
-9.1780e+01 -8.7322e+01 -6.8517e+01 -2.1687e+02
-9.2172e+01 -9.1062e+01 -8.4415e+01 -2.0788e+02
# New trial
-9.1918e+01 -8.8703e+01 -7.7959e+01 -2.2875e+02
-9.1859e+01 -8.8107e+01 -7.3222e+01 -2.0437e+02
-9.1814e+01 -8.7560e+01 -6.4754e+01 -1.8165e+02
-9.2063e+01 -8.9940e+01 -7.4291e+01 -1.8002e+02
# New trial
-9.2015e+01 -8.9605e+01 -7.8202e+01 -1.7234e+02
-9.1941e+01 -8.8869e+01 -7.3601e+01 -1.9206e+02
-9.1792e+01 -8.7363e+01 -6.6119e+01 -2.0267e+02
-9.2022e+01 -8.9533e+01 -7.4635e+01 -2.1168e+02
# New trial
-9.1876e+01 -8.8367e+01 -8.6142e+01 -3.3775e+02
-9.1838e+01 -8.7952e+01 -7.5364e+01 -2.0304e+02
-9.1899e+01 -8.8423e+01 -7.2263e+01 -2.4775e+02
-9.2194e+01 -9.1242e+01 -8.4688e+01 -2.3045e+02
# New trial
-9.1871e+01 -8.8428e+01 -9.5852e+01 -4.5497e+02
-9.1898e+01 -8.8490e+01 -7.4095e+01 -1.8189e+02
-9.1939e+01 -8.8785e+01 -7.3503e+01 -2.5937e+02
-9.2209e+01 -9.1382e+01 -8.5656e+01 -2.5209e+02
# New trial
-9.2150e+01 -9.0975e+01 -9.6820e+01 -3.5915e+02
-9.2035e+01 -8.9702e+01 -7.3200e+01 -1.2364e+02
-9.1891e+01 -8.8231e+01 -6.0669e+01 -1.1004e+02
-9.1965e+01 -8.8943e+01 -6.7646e+01 -1.0398e+02
# New trial
-9.1721e+01 -8.7201e+01 -7.9208e+01 -2.3194e+02
-9.1597e+01 -8.5812e+01 -6.2244e+01 -1.7641e+02
-9.1609e+01 -8.5663e+01 -5.9476e+01 -1.7312e+02
-9.2095e+01 -9.0280e+01 -7.6743e+01 -1.7307e+02
# New trial
-9.1882e+01 -8.8895e+01 -1.1243e+02 -6.3787e+02
-9.1766e+01 -8.7468e+01 -8.1066e+01 -3.0780e+02
-9.1720e+01 -8.6875e+01 -8.8828e+01 -4.8899e+02
-9.2134e+01 -9.0676e+01 -9.6970e+01 -5.5782e+02
# New trial
-9.1894e+01 -8.8555e+01 -8.2777e+01 -2.8314e+02
-9.1855e+01 -8.8078e+01 -7.1697e+01 -1.9864e+02
-9.1876e+01 -8.8163e+01 -7.0692e+01 -2.5051e+02
-9.2124e+01 -9.0552e+01 -8.0788e+01 -2.4212e+02
# New trial
-9.2046e+01 -8.9837e+01 -8.4648e+01 -3.1439e+02
-9.1972e+01 -8.9076e+01 -7.1409e+01 -1.6949e+02
-9.1880e+01 -8.8124e+01 -6.4739e+01 -2.2142e+02
-9.2042e+01 -8.9717e+01 -7.6611e+01 -2.6139e+02
# New trial
-9.2023e+01 -8.9600e+01 -7.4557e+01 -1.1782e+02
-9.1976e+01 -8.9148e+01 -7.0984e+01 -9.9512e+01
-9.1951e+01 -8.8856e+01 -6.6057e+01 -9.5138e+01
-9.2140e+01 -9.0686e+01 -7.7998e+01 -1.2214e+02
# New trial
-9.2013e+01 -8.9741e+01 -1.0048e+02 -5.2115e+02
-9.1902e+01 -8.8534e+01 -7.4253e+01 -1.7251e+02
-9.1769e+01 -8.7170e+01 -6.6294e+01 -2.4172e+02
-9.2066e+01 -8.9994e+01 -8.2323e+01 -3.2746e+02
# New trial
-9.1928e+01 -8.8963e+01 -9.8358e+01 -4.6362e+02
-9.1882e+01 -8.8341e+01 -7.6533e+01 -2.2387e+02
-9.1921e+01 -8.8627e+01 -7.6241e+01 -3.0951e+02
-9.2213e+01 -9.1438e+01 -8.9494e+01 -3.8094e+02
# New trial
-9.2044e+01 -8.9964e+01 -9.5794e+01 -4.2177e+02
-9.1970e+01 -8.9167e+01 -7.7122e+01 -1.7986e+02
-9.1966e+01 -8.9023e+01 -6.9009e+01 -1.7597e+02
-9.2204e+01 -9.1337e+01 -8.3553e+01 -1.0345e+02
# New trial
-9.1911e+01 -8.8541e+01 -7.2773e+01 -1.7295e+02
-9.1872e+01 -8.8126e+01 -6.6395e+01 -1.5109e+02
-9.1869e+01 -8.8051e+01 -6.4938e+01 -1.7880e+02
-9.2122e+01 -9.0520e+01 -8.1293e+01 -2.4936e+02
# New trial
-9.1953e+01 -8.8927e+01 -7.3103e+01 -1.4859e+02
-9.1940e+01 -8.8771e+01 -6.8913e+01 -1.4476e+02
-9.1941e+01 -8.8737e+01 -6.5409e+01 -1.5271e+02
-9.2150e+01 -9.0779e+01 -7.8196e+01 -1.0360e+02
# New trial
-9.2044e+01 -8.9855e+01 -8.7126e+01 -3.6823e+02
-9.2043e+01 -8.9779e+01 -7.5861e+01 -1.4074e+02
-9.2022e+01 -8.9532e+01 -6.8735e+01 -1.0587e+02
-9.2126e+01 -9.0552e+01 -7.7494e+01 -2.1282e+02
# New trial
-9.1922e+01 -8.9038e+01 -9.7853e+01 -4.1824e+02
-9.1802e+01 -8.7441e+01 -6.3047e+01 -1.8439e+02
-9.1784e+01 -8.7196e+01 -6.0995e+01 -1.7547e+02
-9.2079e+01 -9.0102e+01 -7.6889e+01 -2.4809e+02
# New trial
-9.1950e+01 -8.8908e+01 -7.6911e+01 -2.5219e+02
-9.2009e+01 -8.9454e+01 -7.3360e+01 -1.4605e+02
-9.2111e+01 -9.0427e+01 -7.7926e+01 -1.6789e+02
-9.2263e+01 -9.1912e+01 -8.8787e+01 -1.5031e+02
# New trial
-9.1933e+01 -8.9069e+01 -9.4436e+01 -3.9399e+02
-9.1828e+01 -8.7821e+01 -7.2193e+01 -2.5345e+02
-9.1788e+01 -8.7326e+01 -6.8450e+01 -2.5674e+02
-9.2125e+01 -9.0548e+01 -8.0229e+01 -2.9920e+02
# New trial
-9.1957e+01 -8.9011e+01 -8.0669e+01 -2.4643e+02
-9.1876e+01 -8.8177e+01 -7.3124e+01 -2.3671e+02
-9.1784e+01 -8.7230e+01 -6.9479e+01 -2.7896e+02
-9.2030e+01 -8.9628e+01 -8.1014e+01 -2.9066e+02
# New trial
-9.1944e+01 -8.8835e+01 -7.0648e+01 -1.4402e+02
-9.1996e+01 -8.9317e+01 -7.1212e+01 -1.2801e+02
-9.2104e+01 -9.0348e+01 -7.6519e+01 -1.4340e+02
-9.2240e+01 -9.1689e+01 -8.6804e+01 -1.1927e+02
# New trial
