# 0.01sig - Array shape (trial/sig/alpha): (30L, 4L, 4L)
-6.8871e+01 -6.5869e+01 -5.2784e+01 -6.9292e+01
-6.8938e+01 -6.6507e+01 -5.6596e+01 -9.3804e+01
-6.9103e+01 -6.8060e+01 -6.4657e+01 -1.5739e+02
-6.9217e+01 -6.9142e+01 -6.9415e+01 -1.7659e+02
# New trial
-6.8910e+01 -6.6249e+01 -5.8534e+01 -1.2312e+02
-6.8965e+01 -6.6790e+01 -6.1475e+01 -1.4783e+02
-6.9143e+01 -6.8460e+01 -6.6893e+01 -1.7142e+02
-6.9226e+01 -6.9226e+01 -6.9814e+01 -1.6674e+02
# New trial
-6.8908e+01 -6.6229e+01 -5.3438e+01 -5.3544e+01
-6.8936e+01 -6.6474e+01 -5.5085e+01 -8.5335e+01
-6.9022e+01 -6.7253e+01 -6.0825e+01 -1.5016e+02
-6.9192e+01 -6.8893e+01 -6.6961e+01 -1.5010e+02
# New trial
-6.8901e+01 -6.6343e+01 -6.1805e+01 -1.3486e+02
-6.8895e+01 -6.6272e+01 -6.0071e+01 -1.3311e+02
-6.9071e+01 -6.7807e+01 -6.4572e+01 -1.7329e+02
-6.9211e+01 -6.9087e+01 -6.8695e+01 -1.2954e+02
# New trial
-6.8996e+01 -6.7050e+01 -5.7834e+01 -9.8642e+01
-6.8971e+01 -6.6771e+01 -5.4760e+01 -8.8182e+01
-6.9049e+01 -6.7482e+01 -5.6685e+01 -7.6311e+01
-6.9194e+01 -6.8910e+01 -6.6428e+01 -6.7135e+01
# New trial
-6.8896e+01 -6.6113e+01 -5.6198e+01 -1.1202e+02
-6.8980e+01 -6.6925e+01 -5.9009e+01 -1.0868e+02
-6.9146e+01 -6.8477e+01 -6.5948e+01 -1.5281e+02
-6.9222e+01 -6.9189e+01 -6.9544e+01 -1.4194e+02
# New trial
-6.8941e+01 -6.6559e+01 -5.9673e+01 -1.1621e+02
-6.8965e+01 -6.6830e+01 -6.2258e+01 -1.2636e+02
-6.9129e+01 -6.8326e+01 -6.6199e+01 -1.5851e+02
-6.9222e+01 -6.9190e+01 -6.9502e+01 -1.6263e+02
# New trial
-6.8804e+01 -6.5276e+01 -4.9237e+01 -4.2928e+01
-6.8891e+01 -6.6032e+01 -5.1573e+01 -6.4604e+01
-6.9081e+01 -6.7806e+01 -5.9173e+01 -1.0303e+02
-6.9217e+01 -6.9134e+01 -6.9115e+01 -1.9408e+02
# New trial
-6.8946e+01 -6.6615e+01 -6.1054e+01 -1.5503e+02
-6.8949e+01 -6.6636e+01 -6.0607e+01 -1.7002e+02
-6.9046e+01 -6.7498e+01 -6.2548e+01 -1.6714e+02
-6.9213e+01 -6.9097e+01 -6.8568e+01 -1.4194e+02
# New trial
-6.8932e+01 -6.6487e+01 -5.9338e+01 -1.2451e+02
-6.9055e+01 -6.7650e+01 -6.4646e+01 -1.5814e+02
-6.9183e+01 -6.8831e+01 -6.8906e+01 -1.8089e+02
-6.9225e+01 -6.9217e+01 -7.0724e+01 -2.3986e+02
# New trial
-6.8899e+01 -6.6329e+01 -6.1447e+01 -1.2916e+02
-6.8961e+01 -6.6898e+01 -6.5796e+01 -1.9811e+02
-6.9134e+01 -6.8433e+01 -7.5525e+01 -3.1623e+02
-6.9224e+01 -6.9213e+01 -6.9777e+01 -1.2806e+02
# New trial
-6.9026e+01 -6.7265e+01 -5.5428e+01 -6.1149e+01
-6.9103e+01 -6.8020e+01 -6.0231e+01 -8.4611e+01
-6.9185e+01 -6.8819e+01 -6.6028e+01 -1.1428e+02
-6.9221e+01 -6.9174e+01 -6.8882e+01 -8.5641e+01
# New trial
-6.8927e+01 -6.6367e+01 -5.7868e+01 -1.1831e+02
-6.8949e+01 -6.6571e+01 -5.6624e+01 -1.1032e+02
-6.9047e+01 -6.7502e+01 -6.2314e+01 -1.5486e+02
-6.9209e+01 -6.9056e+01 -6.8005e+01 -9.9605e+01
# New trial
-6.9050e+01 -6.7522e+01 -5.9108e+01 -7.6193e+01
-6.9038e+01 -6.7398e+01 -5.7846e+01 -7.5068e+01
-6.9091e+01 -6.7895e+01 -6.0383e+01 -1.1155e+02
-6.9200e+01 -6.8968e+01 -6.6988e+01 -1.0099e+02
# New trial
-6.9020e+01 -6.7209e+01 -5.6716e+01 -9.8188e+01
-6.9094e+01 -6.7929e+01 -6.0169e+01 -9.2452e+01
-6.9190e+01 -6.8871e+01 -6.6888e+01 -1.4039e+02
-6.9224e+01 -6.9204e+01 -6.9083e+01 -8.1534e+01
# New trial
-6.8787e+01 -6.5137e+01 -5.0389e+01 -5.0308e+01
-6.8925e+01 -6.6480e+01 -5.9664e+01 -1.2198e+02
-6.9131e+01 -6.8386e+01 -6.8955e+01 -2.2249e+02
-6.9219e+01 -6.9163e+01 -6.9225e+01 -1.2900e+02
# New trial
-6.8971e+01 -6.6809e+01 -5.7882e+01 -8.9006e+01
-6.9012e+01 -6.7219e+01 -6.1157e+01 -1.3125e+02
-6.9139e+01 -6.8397e+01 -6.6380e+01 -1.8218e+02
-6.9223e+01 -6.9188e+01 -6.9377e+01 -1.6128e+02
# New trial
-6.8904e+01 -6.6467e+01 -6.3529e+01 -1.4812e+02
-6.8999e+01 -6.7281e+01 -6.6641e+01 -1.8845e+02
-6.9176e+01 -6.8826e+01 -7.2497e+01 -2.4630e+02
-6.9225e+01 -6.9227e+01 -7.0425e+01 -1.7751e+02
# New trial
-6.9041e+01 -6.7406e+01 -5.7102e+01 -8.5378e+01
-6.9076e+01 -6.7750e+01 -5.8774e+01 -7.8543e+01
-6.9123e+01 -6.8206e+01 -6.0932e+01 -9.5591e+01
-6.9196e+01 -6.8923e+01 -6.6327e+01 -6.1674e+01
# New trial
-6.8989e+01 -6.6950e+01 -5.8304e+01 -1.1329e+02
-6.9066e+01 -6.7691e+01 -6.0930e+01 -1.0813e+02
-6.9176e+01 -6.8739e+01 -6.6720e+01 -1.6425e+02
-6.9224e+01 -6.9198e+01 -6.9048e+01 -8.9556e+01
# New trial
-6.8885e+01 -6.6065e+01 -5.5654e+01 -9.6602e+01
-6.8974e+01 -6.6952e+01 -6.0254e+01 -9.1570e+01
-6.9156e+01 -6.8616e+01 -6.8714e+01 -1.6915e+02
-6.9226e+01 -6.9228e+01 -6.9747e+01 -1.2981e+02
# New trial
-6.8897e+01 -6.6088e+01 -5.7344e+01 -1.2506e+02
-6.8996e+01 -6.7041e+01 -5.9529e+01 -1.1339e+02
-6.9144e+01 -6.8476e+01 -6.8396e+01 -2.0106e+02
-6.9225e+01 -6.9218e+01 -6.9773e+01 -1.4674e+02
# New trial
-6.9041e+01 -6.7446e+01 -6.0654e+01 -1.2018e+02
-6.9075e+01 -6.7773e+01 -6.1634e+01 -1.1436e+02
-6.9161e+01 -6.8587e+01 -6.5005e+01 -1.2254e+02
-6.9222e+01 -6.9177e+01 -6.8859e+01 -7.9633e+01
# New trial
-6.8832e+01 -6.5795e+01 -6.1358e+01 -1.4414e+02
-6.8896e+01 -6.6386e+01 -6.2791e+01 -1.4566e+02
-6.9132e+01 -6.8446e+01 -7.1389e+01 -2.4449e+02
-6.9220e+01 -6.9172e+01 -6.9447e+01 -1.2729e+02
# New trial
-6.8994e+01 -6.6988e+01 -5.6897e+01 -1.1282e+02
-6.9010e+01 -6.7188e+01 -5.9535e+01 -1.1906e+02
-6.9097e+01 -6.8009e+01 -6.2816e+01 -1.4124e+02
-6.9217e+01 -6.9138e+01 -6.8665e+01 -8.8764e+01
# New trial
-6.8944e+01 -6.6535e+01 -5.8032e+01 -1.3332e+02
-6.9028e+01 -6.7349e+01 -6.0972e+01 -1.2873e+02
-6.9166e+01 -6.8662e+01 -6.7422e+01 -1.8548e+02
-6.9226e+01 -6.9222e+01 -6.9420e+01 -1.2703e+02
# New trial
-6.9011e+01 -6.7163e+01 -5.9073e+01 -1.0850e+02
-6.9021e+01 -6.7266e+01 -5.8947e+01 -9.7920e+01
-6.9122e+01 -6.8225e+01 -6.3409e+01 -1.4390e+02
-6.9210e+01 -6.9060e+01 -6.8030e+01 -1.2110e+02
# New trial
-6.9028e+01 -6.7310e+01 -5.7869e+01 -7.6014e+01
-6.8990e+01 -6.6972e+01 -5.6667e+01 -7.1744e+01
-6.9057e+01 -6.7605e+01 -6.1137e+01 -1.5598e+02
-6.9203e+01 -6.8999e+01 -6.8110e+01 -1.7906e+02
# New trial
-6.8931e+01 -6.6344e+01 -5.4229e+01 -1.0651e+02
-6.9026e+01 -6.7268e+01 -5.5767e+01 -7.0443e+01
-6.9156e+01 -6.8537e+01 -6.4208e+01 -1.0902e+02
-6.9222e+01 -6.9182e+01 -6.8877e+01 -8.3295e+01
# New trial
-6.8888e+01 -6.6097e+01 -6.2523e+01 -1.8981e+02
-6.8989e+01 -6.7010e+01 -6.1957e+01 -1.5171e+02
-6.9144e+01 -6.8455e+01 -6.6260e+01 -1.6203e+02
-6.9218e+01 -6.9148e+01 -6.8967e+01 -1.3130e+02
# New trial
