# 0.01sig - Array shape (trial/sig/alpha): (30, 4, 4)
-1.6983e+02 -1.6194e+02 -1.2202e+02 -3.1407e+02
-1.6977e+02 -1.6132e+02 -1.1796e+02 -3.3060e+02
-1.6980e+02 -1.6141e+02 -1.1521e+02 -4.3690e+02
-1.7044e+02 -1.6762e+02 -1.4783e+02 -6.2025e+02
# New trial
-1.6973e+02 -1.6100e+02 -1.2532e+02 -3.8464e+02
-1.6963e+02 -1.6001e+02 -1.1277e+02 -2.6180e+02
-1.6966e+02 -1.6006e+02 -1.0157e+02 -2.7947e+02
-1.7034e+02 -1.6664e+02 -1.3440e+02 -2.0826e+02
# New trial
-1.6981e+02 -1.6186e+02 -1.2418e+02 -3.1030e+02
-1.6965e+02 -1.6013e+02 -1.0786e+02 -2.8249e+02
-1.6933e+02 -1.5689e+02 -1.0481e+02 -4.9783e+02
-1.6997e+02 -1.6296e+02 -1.2474e+02 -6.7186e+02
# New trial
-1.6956e+02 -1.5960e+02 -1.1994e+02 -4.5110e+02
-1.6941e+02 -1.5823e+02 -1.1277e+02 -4.5924e+02
-1.6952e+02 -1.5895e+02 -1.0985e+02 -5.6378e+02
-1.7033e+02 -1.6666e+02 -1.4233e+02 -6.1632e+02
# New trial
-1.7002e+02 -1.6369e+02 -1.2812e+02 -3.4983e+02
-1.6980e+02 -1.6146e+02 -1.0974e+02 -3.0745e+02
-1.6953e+02 -1.5867e+02 -9.0900e+01 -2.6480e+02
-1.6993e+02 -1.6256e+02 -1.1589e+02 -4.3428e+02
# New trial
-1.6983e+02 -1.6202e+02 -1.2966e+02 -3.9444e+02
-1.6967e+02 -1.6025e+02 -1.0699e+02 -2.5582e+02
-1.6945e+02 -1.5803e+02 -9.6402e+01 -3.1300e+02
-1.7004e+02 -1.6361e+02 -1.1572e+02 -2.5677e+02
# New trial
-1.6977e+02 -1.6148e+02 -1.2744e+02 -3.2766e+02
-1.6969e+02 -1.6057e+02 -1.1657e+02 -2.7947e+02
-1.6984e+02 -1.6192e+02 -1.1930e+02 -4.2535e+02
-1.7044e+02 -1.6767e+02 -1.4633e+02 -4.0269e+02
# New trial
-1.6978e+02 -1.6159e+02 -1.2109e+02 -2.8176e+02
-1.6975e+02 -1.6114e+02 -1.1136e+02 -2.3711e+02
-1.6965e+02 -1.5987e+02 -1.0217e+02 -3.5423e+02
-1.7016e+02 -1.6482e+02 -1.2410e+02 -3.7168e+02
# New trial
-1.6973e+02 -1.6099e+02 -1.2035e+02 -3.8535e+02
-1.6957e+02 -1.5942e+02 -1.1270e+02 -4.4379e+02
-1.6923e+02 -1.5590e+02 -1.0872e+02 -5.5445e+02
-1.6995e+02 -1.6282e+02 -1.1793e+02 -4.7420e+02
# New trial
-1.6985e+02 -1.6221e+02 -1.3025e+02 -4.0737e+02
-1.6983e+02 -1.6190e+02 -1.2789e+02 -4.2623e+02
-1.6988e+02 -1.6238e+02 -1.3558e+02 -6.5099e+02
-1.7045e+02 -1.6778e+02 -1.5146e+02 -5.4181e+02
# New trial
-1.6945e+02 -1.5851e+02 -1.1069e+02 -2.5048e+02
-1.6941e+02 -1.5809e+02 -1.0853e+02 -3.5743e+02
-1.6962e+02 -1.5997e+02 -1.3290e+02 -7.0545e+02
-1.7050e+02 -1.6827e+02 -1.5564e+02 -5.7480e+02
# New trial
-1.7016e+02 -1.6486e+02 -1.2153e+02 -1.0832e+02
-1.7018e+02 -1.6508e+02 -1.2172e+02 -1.0643e+02
-1.7018e+02 -1.6502e+02 -1.2077e+02 -1.8681e+02
-1.7041e+02 -1.6733e+02 -1.3906e+02 -1.9954e+02
# New trial
-1.6984e+02 -1.6187e+02 -1.1972e+02 -3.3343e+02
-1.6969e+02 -1.6040e+02 -1.0729e+02 -3.3884e+02
-1.6933e+02 -1.5672e+02 -8.2657e+01 -3.5066e+02
-1.6986e+02 -1.6189e+02 -1.0128e+02 -2.2350e+02
# New trial
-1.7013e+02 -1.6455e+02 -1.2083e+02 -1.3669e+02
-1.7003e+02 -1.6352e+02 -1.1190e+02 -1.3075e+02
-1.6984e+02 -1.6169e+02 -1.0002e+02 -2.0956e+02
-1.7009e+02 -1.6408e+02 -1.1495e+02 -2.5302e+02
# New trial
-1.7007e+02 -1.6399e+02 -1.2029e+02 -2.0016e+02
-1.7004e+02 -1.6362e+02 -1.1380e+02 -1.8730e+02
-1.6993e+02 -1.6256e+02 -1.0558e+02 -2.0673e+02
-1.7020e+02 -1.6515e+02 -1.2106e+02 -1.4845e+02
# New trial
-1.6967e+02 -1.6063e+02 -1.2294e+02 -3.4966e+02
-1.6959e+02 -1.5979e+02 -1.1677e+02 -3.1236e+02
-1.6962e+02 -1.5996e+02 -1.1985e+02 -4.6379e+02
-1.7039e+02 -1.6716e+02 -1.5160e+02 -7.4262e+02
# New trial
-1.6970e+02 -1.6069e+02 -1.0635e+02 -1.6467e+02
-1.6970e+02 -1.6072e+02 -1.1063e+02 -2.3357e+02
-1.6971e+02 -1.6064e+02 -1.0385e+02 -2.8810e+02
-1.7029e+02 -1.6610e+02 -1.2967e+02 -2.2072e+02
# New trial
-1.6965e+02 -1.6086e+02 -1.4324e+02 -5.6686e+02
-1.6954e+02 -1.5945e+02 -1.2036e+02 -4.5679e+02
-1.6957e+02 -1.5953e+02 -1.2475e+02 -6.3614e+02
-1.7036e+02 -1.6690e+02 -1.5352e+02 -7.7106e+02
# New trial
-1.7011e+02 -1.6443e+02 -1.2664e+02 -2.2061e+02
-1.7002e+02 -1.6359e+02 -1.1939e+02 -1.9494e+02
-1.6996e+02 -1.6292e+02 -1.1773e+02 -3.6489e+02
-1.7034e+02 -1.6662e+02 -1.3661e+02 -3.1501e+02
# New trial
-1.6993e+02 -1.6272e+02 -1.1824e+02 -2.7207e+02
-1.6989e+02 -1.6231e+02 -1.1481e+02 -2.3895e+02
-1.6987e+02 -1.6204e+02 -1.1515e+02 -4.5673e+02
-1.7037e+02 -1.6685e+02 -1.4120e+02 -5.5142e+02
# New trial
-1.6932e+02 -1.5720e+02 -1.0375e+02 -2.3193e+02
-1.6923e+02 -1.5658e+02 -1.0558e+02 -2.3195e+02
-1.6960e+02 -1.5992e+02 -1.2711e+02 -5.6149e+02
-1.7048e+02 -1.6806e+02 -1.5547e+02 -5.7979e+02
# New trial
-1.6987e+02 -1.6242e+02 -1.3623e+02 -4.2506e+02
-1.6985e+02 -1.6207e+02 -1.2181e+02 -2.9306e+02
-1.6980e+02 -1.6145e+02 -1.1948e+02 -4.7308e+02
-1.7035e+02 -1.6670e+02 -1.3713e+02 -3.4375e+02
# New trial
-1.7028e+02 -1.6609e+02 -1.4391e+02 -3.6418e+02
-1.7020e+02 -1.6531e+02 -1.3263e+02 -2.8103e+02
-1.7004e+02 -1.6372e+02 -1.1919e+02 -3.1795e+02
-1.7017e+02 -1.6491e+02 -1.2959e+02 -4.5393e+02
# New trial
-1.6919e+02 -1.5652e+02 -1.1814e+02 -4.1156e+02
-1.6915e+02 -1.5631e+02 -1.1855e+02 -4.0094e+02
-1.6962e+02 -1.6027e+02 -1.3016e+02 -5.6904e+02
-1.7053e+02 -1.6860e+02 -1.6021e+02 -7.5215e+02
# New trial
-1.7001e+02 -1.6351e+02 -1.2516e+02 -2.6503e+02
-1.6984e+02 -1.6194e+02 -1.1546e+02 -2.2497e+02
-1.6966e+02 -1.6009e+02 -1.0661e+02 -3.6360e+02
-1.7028e+02 -1.6606e+02 -1.3163e+02 -2.7608e+02
# New trial
-1.7000e+02 -1.6353e+02 -1.3225e+02 -3.3973e+02
-1.7000e+02 -1.6343e+02 -1.2207e+02 -2.5154e+02
-1.6997e+02 -1.6303e+02 -1.1372e+02 -3.1631e+02
-1.7038e+02 -1.6698e+02 -1.3818e+02 -3.7344e+02
# New trial
-1.7009e+02 -1.6442e+02 -1.3466e+02 -3.2166e+02
-1.6993e+02 -1.6278e+02 -1.1942e+02 -2.8194e+02
-1.6969e+02 -1.6032e+02 -9.9092e+01 -3.3104e+02
-1.7002e+02 -1.6343e+02 -1.1471e+02 -3.7901e+02
# New trial
-1.7004e+02 -1.6382e+02 -1.2559e+02 -2.6960e+02
-1.6985e+02 -1.6195e+02 -1.1054e+02 -1.9679e+02
-1.6954e+02 -1.5883e+02 -9.1738e+01 -2.1371e+02
-1.6996e+02 -1.6286e+02 -1.0917e+02 -2.3803e+02
# New trial
-1.7007e+02 -1.6424e+02 -1.3784e+02 -3.6292e+02
-1.7011e+02 -1.6440e+02 -1.2439e+02 -2.0763e+02
-1.7009e+02 -1.6414e+02 -1.1803e+02 -2.4912e+02
-1.7039e+02 -1.6709e+02 -1.4075e+02 -3.6305e+02
# New trial
-1.6983e+02 -1.6200e+02 -1.4507e+02 -6.4806e+02
-1.6978e+02 -1.6135e+02 -1.1767e+02 -4.1977e+02
-1.6978e+02 -1.6123e+02 -1.2053e+02 -6.2992e+02
-1.7037e+02 -1.6694e+02 -1.4677e+02 -6.9116e+02
# New trial
