# 0.1sig - Array shape (trial/sig/alpha): (30L, 4L, 4L)
-4.1547e+01 -4.1707e+01 -4.7123e+01 -1.2481e+02
-4.1533e+01 -4.1544e+01 -4.3864e+01 -8.4225e+01
-4.1530e+01 -4.1487e+01 -4.2466e+01 -8.0412e+01
-4.1536e+01 -4.1538e+01 -4.1626e+01 -5.3729e+01
# New trial
-4.1576e+01 -4.1989e+01 -4.9580e+01 -1.4962e+02
-4.1589e+01 -4.2111e+01 -4.9710e+01 -1.4090e+02
-4.1549e+01 -4.1675e+01 -4.3453e+01 -7.7532e+01
-4.1536e+01 -4.1535e+01 -4.1535e+01 -4.2812e+01
# New trial
-4.1559e+01 -4.1810e+01 -4.8356e+01 -1.3546e+02
-4.1553e+01 -4.1726e+01 -4.5328e+01 -1.0504e+02
-4.1539e+01 -4.1564e+01 -4.2288e+01 -7.1993e+01
-4.1536e+01 -4.1535e+01 -4.1533e+01 -4.2805e+01
# New trial
-4.1535e+01 -4.1574e+01 -4.6659e+01 -1.2383e+02
-4.1528e+01 -4.1473e+01 -4.2783e+01 -8.3272e+01
-4.1531e+01 -4.1489e+01 -4.1445e+01 -6.4253e+01
-4.1536e+01 -4.1534e+01 -4.1521e+01 -4.1797e+01
# New trial
-4.1527e+01 -4.1505e+01 -4.5971e+01 -1.1109e+02
-4.1514e+01 -4.1346e+01 -4.1270e+01 -5.7623e+01
-4.1527e+01 -4.1452e+01 -4.1136e+01 -5.8965e+01
-4.1536e+01 -4.1538e+01 -4.1576e+01 -4.9310e+01
# New trial
-4.1556e+01 -4.1754e+01 -4.5754e+01 -1.0681e+02
-4.1554e+01 -4.1728e+01 -4.4819e+01 -9.1580e+01
-4.1536e+01 -4.1537e+01 -4.1973e+01 -6.2532e+01
-4.1535e+01 -4.1527e+01 -4.1559e+01 -5.2176e+01
# New trial
-4.1539e+01 -4.1588e+01 -4.3947e+01 -8.4573e+01
-4.1533e+01 -4.1526e+01 -4.2837e+01 -7.1269e+01
-4.1533e+01 -4.1515e+01 -4.2045e+01 -6.9397e+01
-4.1536e+01 -4.1535e+01 -4.1581e+01 -5.0228e+01
# New trial
-4.1539e+01 -4.1621e+01 -4.9193e+01 -1.5028e+02
-4.1530e+01 -4.1499e+01 -4.3215e+01 -7.6833e+01
-4.1533e+01 -4.1509e+01 -4.1754e+01 -6.8624e+01
-4.1536e+01 -4.1535e+01 -4.1555e+01 -5.0290e+01
# New trial
-4.1450e+01 -4.0793e+01 -3.8913e+01 -3.7450e+01
-4.1497e+01 -4.1210e+01 -4.0728e+01 -5.2633e+01
-4.1533e+01 -4.1522e+01 -4.2225e+01 -7.0702e+01
-4.1536e+01 -4.1538e+01 -4.1837e+01 -7.2930e+01
# New trial
-4.1543e+01 -4.1641e+01 -4.5703e+01 -1.0892e+02
-4.1541e+01 -4.1606e+01 -4.4626e+01 -9.6870e+01
-4.1536e+01 -4.1538e+01 -4.2255e+01 -6.6435e+01
-4.1536e+01 -4.1534e+01 -4.1573e+01 -5.3587e+01
# New trial
-4.1480e+01 -4.1051e+01 -3.9969e+01 -4.0659e+01
-4.1491e+01 -4.1141e+01 -4.0166e+01 -4.8451e+01
-4.1524e+01 -4.1437e+01 -4.1647e+01 -6.4826e+01
-4.1534e+01 -4.1525e+01 -4.1738e+01 -6.2563e+01
# New trial
-4.1550e+01 -4.1716e+01 -4.8642e+01 -1.4765e+02
-4.1543e+01 -4.1633e+01 -4.5596e+01 -1.0754e+02
-4.1534e+01 -4.1519e+01 -4.2224e+01 -7.2274e+01
-4.1536e+01 -4.1537e+01 -4.1694e+01 -6.1635e+01
# New trial
-4.1532e+01 -4.1584e+01 -4.7738e+01 -1.2861e+02
-4.1531e+01 -4.1515e+01 -4.3242e+01 -7.4541e+01
-4.1533e+01 -4.1515e+01 -4.1730e+01 -5.7122e+01
-4.1536e+01 -4.1535e+01 -4.1618e+01 -6.0721e+01
# New trial
-4.1535e+01 -4.1534e+01 -4.2718e+01 -7.1133e+01
-4.1537e+01 -4.1546e+01 -4.2130e+01 -6.1522e+01
-4.1536e+01 -4.1534e+01 -4.1801e+01 -6.7546e+01
-4.1536e+01 -4.1532e+01 -4.1521e+01 -4.5884e+01
# New trial
-4.1479e+01 -4.1046e+01 -4.0210e+01 -5.3356e+01
-4.1510e+01 -4.1329e+01 -4.2000e+01 -7.3101e+01
-4.1537e+01 -4.1558e+01 -4.2704e+01 -7.3154e+01
-4.1537e+01 -4.1547e+01 -4.1753e+01 -6.0439e+01
# New trial
-4.1581e+01 -4.2034e+01 -4.9775e+01 -1.5446e+02
-4.1575e+01 -4.1969e+01 -4.9959e+01 -1.6028e+02
-4.1548e+01 -4.1680e+01 -4.5386e+01 -1.0753e+02
-4.1537e+01 -4.1551e+01 -4.2752e+01 -8.5946e+01
# New trial
-4.1491e+01 -4.1158e+01 -4.2303e+01 -7.8648e+01
-4.1517e+01 -4.1390e+01 -4.2679e+01 -7.3276e+01
-4.1533e+01 -4.1518e+01 -4.2006e+01 -6.1501e+01
-4.1536e+01 -4.1534e+01 -4.1566e+01 -5.4419e+01
# New trial
-4.1537e+01 -4.1552e+01 -4.3759e+01 -9.1895e+01
-4.1533e+01 -4.1516e+01 -4.2290e+01 -7.2902e+01
-4.1535e+01 -4.1523e+01 -4.1507e+01 -5.2088e+01
-4.1536e+01 -4.1535e+01 -4.1528e+01 -4.1955e+01
# New trial
-4.1507e+01 -4.1251e+01 -3.9730e+01 -3.9316e+01
-4.1524e+01 -4.1420e+01 -4.1247e+01 -5.4917e+01
-4.1534e+01 -4.1521e+01 -4.1808e+01 -6.4384e+01
-4.1536e+01 -4.1534e+01 -4.1543e+01 -4.5630e+01
# New trial
-4.1494e+01 -4.1184e+01 -4.2988e+01 -8.1941e+01
-4.1493e+01 -4.1137e+01 -3.9446e+01 -3.9524e+01
-4.1514e+01 -4.1332e+01 -4.0317e+01 -5.2332e+01
-4.1534e+01 -4.1521e+01 -4.1459e+01 -4.9266e+01
# New trial
-4.1543e+01 -4.1644e+01 -4.7318e+01 -1.2588e+02
-4.1538e+01 -4.1576e+01 -4.4046e+01 -9.7738e+01
-4.1536e+01 -4.1538e+01 -4.2320e+01 -7.1076e+01
-4.1536e+01 -4.1532e+01 -4.1559e+01 -5.0631e+01
# New trial
-4.1537e+01 -4.1578e+01 -4.4686e+01 -9.6436e+01
-4.1529e+01 -4.1488e+01 -4.2572e+01 -6.9600e+01
-4.1532e+01 -4.1507e+01 -4.1903e+01 -6.4341e+01
-4.1536e+01 -4.1534e+01 -4.1612e+01 -5.5512e+01
# New trial
-4.1536e+01 -4.1550e+01 -4.3654e+01 -9.0019e+01
-4.1533e+01 -4.1518e+01 -4.2824e+01 -7.7428e+01
-4.1535e+01 -4.1533e+01 -4.2116e+01 -6.7713e+01
-4.1536e+01 -4.1539e+01 -4.1640e+01 -5.4918e+01
# New trial
-4.1543e+01 -4.1611e+01 -4.3179e+01 -7.5571e+01
-4.1540e+01 -4.1580e+01 -4.2674e+01 -7.2177e+01
-4.1535e+01 -4.1528e+01 -4.1666e+01 -5.8781e+01
-4.1536e+01 -4.1535e+01 -4.1532e+01 -4.2316e+01
# New trial
-4.1468e+01 -4.0883e+01 -3.9019e+01 -5.1211e+01
-4.1497e+01 -4.1159e+01 -3.9132e+01 -3.7547e+01
-4.1528e+01 -4.1457e+01 -4.0969e+01 -5.0971e+01
-4.1536e+01 -4.1535e+01 -4.1577e+01 -5.7104e+01
# New trial
-4.1518e+01 -4.1424e+01 -4.3927e+01 -8.0712e+01
-4.1517e+01 -4.1356e+01 -4.0924e+01 -6.0002e+01
-4.1533e+01 -4.1504e+01 -4.1320e+01 -4.8438e+01
-4.1536e+01 -4.1534e+01 -4.1524e+01 -4.1900e+01
# New trial
-4.1538e+01 -4.1565e+01 -4.3348e+01 -8.2804e+01
-4.1529e+01 -4.1474e+01 -4.1672e+01 -6.1564e+01
-4.1533e+01 -4.1504e+01 -4.1403e+01 -4.9191e+01
-4.1536e+01 -4.1532e+01 -4.1512e+01 -4.2615e+01
# New trial
-4.1571e+01 -4.1955e+01 -5.0384e+01 -1.5427e+02
-4.1563e+01 -4.1848e+01 -4.7599e+01 -1.2539e+02
-4.1539e+01 -4.1581e+01 -4.2954e+01 -7.5219e+01
-4.1536e+01 -4.1533e+01 -4.1532e+01 -4.3553e+01
# New trial
-4.1546e+01 -4.1651e+01 -4.5285e+01 -1.0832e+02
-4.1547e+01 -4.1653e+01 -4.4395e+01 -9.9589e+01
-4.1539e+01 -4.1573e+01 -4.2346e+01 -6.7009e+01
-4.1536e+01 -4.1535e+01 -4.1545e+01 -4.8437e+01
# New trial
-4.1539e+01 -4.1590e+01 -4.4551e+01 -1.0172e+02
-4.1530e+01 -4.1493e+01 -4.2448e+01 -7.6520e+01
-4.1531e+01 -4.1488e+01 -4.1355e+01 -5.2620e+01
-4.1536e+01 -4.1532e+01 -4.1509e+01 -4.1831e+01
# New trial
