# 0.1sig - Array shape (trial/sig/alpha): (30, 4, 4)
-1.1928e+02 -1.1341e+02 -1.0316e+02 -4.3826e+02
-1.1923e+02 -1.1289e+02 -8.2969e+01 -1.1808e+02
-1.1922e+02 -1.1277e+02 -8.9732e+01 -3.4649e+02
-1.1973e+02 -1.1756e+02 -1.1438e+02 -5.8544e+02
# New trial
-1.1953e+02 -1.1566e+02 -9.8679e+01 -2.2781e+02
-1.1944e+02 -1.1484e+02 -8.9285e+01 -1.4856e+02
-1.1929e+02 -1.1317e+02 -7.5329e+01 -1.7330e+02
-1.1948e+02 -1.1496e+02 -8.3385e+01 -1.9866e+02
# New trial
-1.1958e+02 -1.1612e+02 -1.1053e+02 -3.8800e+02
-1.1939e+02 -1.1410e+02 -8.1639e+01 -1.6287e+02
-1.1906e+02 -1.1080e+02 -6.6313e+01 -2.0473e+02
-1.1929e+02 -1.1302e+02 -9.5132e+01 -4.5798e+02
# New trial
-1.1950e+02 -1.1527e+02 -1.0452e+02 -5.2607e+02
-1.1938e+02 -1.1398e+02 -7.8185e+01 -1.5725e+02
-1.1913e+02 -1.1148e+02 -7.2491e+01 -2.8292e+02
-1.1929e+02 -1.1301e+02 -8.2222e+01 -3.3350e+02
# New trial
-1.1960e+02 -1.1631e+02 -1.0782e+02 -4.3873e+02
-1.1952e+02 -1.1540e+02 -8.6745e+01 -7.5661e+01
-1.1942e+02 -1.1432e+02 -7.6462e+01 -1.2256e+02
-1.1966e+02 -1.1670e+02 -9.1314e+01 -1.6151e+02
# New trial
-1.1967e+02 -1.1686e+02 -1.0139e+02 -2.0736e+02
-1.1957e+02 -1.1591e+02 -8.9970e+01 -1.0891e+02
-1.1948e+02 -1.1495e+02 -7.8040e+01 -9.1389e+01
-1.1975e+02 -1.1761e+02 -9.7942e+01 -1.4094e+02
# New trial
-1.1956e+02 -1.1577e+02 -9.1225e+01 -1.2757e+02
-1.1946e+02 -1.1476e+02 -8.2156e+01 -1.0756e+02
-1.1932e+02 -1.1332e+02 -7.0085e+01 -1.1084e+02
-1.1956e+02 -1.1574e+02 -8.4737e+01 -1.8176e+02
# New trial
-1.1942e+02 -1.1467e+02 -1.1441e+02 -5.1044e+02
-1.1939e+02 -1.1416e+02 -8.6565e+01 -1.4879e+02
-1.1941e+02 -1.1424e+02 -8.3375e+01 -3.0461e+02
-1.1980e+02 -1.1807e+02 -1.0424e+02 -2.8739e+02
# New trial
-1.1920e+02 -1.1252e+02 -7.6696e+01 -6.3524e+01
-1.1908e+02 -1.1140e+02 -7.0144e+01 -7.2650e+01
-1.1911e+02 -1.1139e+02 -6.8412e+01 -1.5374e+02
-1.1970e+02 -1.1716e+02 -1.0240e+02 -4.1500e+02
# New trial
-1.1944e+02 -1.1464e+02 -8.3423e+01 -1.3590e+02
-1.1935e+02 -1.1368e+02 -7.6038e+01 -1.3936e+02
-1.1922e+02 -1.1238e+02 -6.5778e+01 -1.1716e+02
-1.1953e+02 -1.1534e+02 -8.1805e+01 -8.4381e+01
# New trial
-1.1954e+02 -1.1557e+02 -8.8627e+01 -8.4586e+01
-1.1938e+02 -1.1408e+02 -7.7748e+01 -8.6873e+01
-1.1912e+02 -1.1140e+02 -6.1024e+01 -1.0580e+02
-1.1938e+02 -1.1391e+02 -8.0836e+01 -3.2310e+02
# New trial
-1.1944e+02 -1.1479e+02 -1.0418e+02 -4.4309e+02
-1.1935e+02 -1.1384e+02 -8.9055e+01 -2.1509e+02
-1.1930e+02 -1.1326e+02 -8.7721e+01 -4.1505e+02
-1.1972e+02 -1.1736e+02 -9.9951e+01 -3.1564e+02
# New trial
-1.1947e+02 -1.1510e+02 -1.1065e+02 -4.6327e+02
-1.1945e+02 -1.1482e+02 -8.7818e+01 -1.5512e+02
-1.1941e+02 -1.1422e+02 -7.9807e+01 -2.3483e+02
-1.1976e+02 -1.1768e+02 -9.9602e+01 -1.4279e+02
# New trial
-1.1968e+02 -1.1706e+02 -1.0892e+02 -3.3469e+02
-1.1956e+02 -1.1570e+02 -8.4802e+01 -1.0016e+02
-1.1937e+02 -1.1381e+02 -6.9664e+01 -1.0384e+02
-1.1944e+02 -1.1452e+02 -7.7915e+01 -8.3807e+01
# New trial
-1.1935e+02 -1.1430e+02 -1.0344e+02 -3.1398e+02
-1.1915e+02 -1.1219e+02 -8.2137e+01 -1.7578e+02
-1.1897e+02 -1.1020e+02 -7.3476e+01 -2.3375e+02
-1.1959e+02 -1.1612e+02 -9.7211e+01 -3.6847e+02
# New trial
-1.1936e+02 -1.1443e+02 -1.2478e+02 -6.2297e+02
-1.1917e+02 -1.1228e+02 -8.5313e+01 -2.3325e+02
-1.1898e+02 -1.1018e+02 -7.7950e+01 -3.2013e+02
-1.1949e+02 -1.1501e+02 -9.3479e+01 -4.1310e+02
# New trial
-1.1947e+02 -1.1506e+02 -9.3421e+01 -2.0192e+02
-1.1938e+02 -1.1408e+02 -8.1035e+01 -1.5684e+02
-1.1927e+02 -1.1290e+02 -7.2578e+01 -1.8854e+02
-1.1958e+02 -1.1585e+02 -8.6913e+01 -1.4686e+02
# New trial
-1.1961e+02 -1.1626e+02 -9.4088e+01 -2.1663e+02
-1.1950e+02 -1.1509e+02 -8.3287e+01 -1.2410e+02
-1.1930e+02 -1.1309e+02 -6.9937e+01 -1.3890e+02
-1.1943e+02 -1.1437e+02 -8.3909e+01 -2.5171e+02
# New trial
-1.1960e+02 -1.1612e+02 -9.1124e+01 -1.1136e+02
-1.1952e+02 -1.1537e+02 -8.4876e+01 -9.3063e+01
-1.1942e+02 -1.1439e+02 -7.7137e+01 -1.2152e+02
-1.1966e+02 -1.1672e+02 -9.7596e+01 -4.0846e+02
# New trial
-1.1960e+02 -1.1641e+02 -1.2117e+02 -5.4472e+02
-1.1943e+02 -1.1459e+02 -8.6304e+01 -1.2129e+02
-1.1915e+02 -1.1178e+02 -6.7755e+01 -1.7235e+02
-1.1948e+02 -1.1494e+02 -8.5457e+01 -2.1334e+02
# New trial
-1.1950e+02 -1.1540e+02 -1.1023e+02 -3.9131e+02
-1.1940e+02 -1.1430e+02 -8.5534e+01 -1.6095e+02
-1.1933e+02 -1.1348e+02 -7.3447e+01 -1.5624e+02
-1.1971e+02 -1.1721e+02 -9.4664e+01 -1.2492e+02
# New trial
-1.1963e+02 -1.1663e+02 -1.1515e+02 -5.2428e+02
-1.1952e+02 -1.1547e+02 -9.1591e+01 -1.4421e+02
-1.1941e+02 -1.1433e+02 -8.0434e+01 -1.8546e+02
-1.1972e+02 -1.1724e+02 -9.7529e+01 -2.7860e+02
# New trial
-1.1954e+02 -1.1558e+02 -9.4443e+01 -1.8843e+02
-1.1943e+02 -1.1450e+02 -8.4427e+01 -1.2817e+02
-1.1930e+02 -1.1317e+02 -6.9411e+01 -9.5177e+01
-1.1959e+02 -1.1602e+02 -8.7988e+01 -1.4394e+02
# New trial
-1.1952e+02 -1.1536e+02 -9.0806e+01 -1.3684e+02
-1.1946e+02 -1.1479e+02 -8.1787e+01 -1.0380e+02
-1.1941e+02 -1.1422e+02 -7.7328e+01 -2.0239e+02
-1.1969e+02 -1.1694e+02 -9.5042e+01 -2.8955e+02
# New trial
-1.1960e+02 -1.1616e+02 -9.3879e+01 -1.5656e+02
-1.1960e+02 -1.1613e+02 -8.9593e+01 -8.8524e+01
-1.1957e+02 -1.1576e+02 -8.3845e+01 -1.3685e+02
-1.1972e+02 -1.1729e+02 -9.6649e+01 -2.3847e+02
# New trial
-1.1948e+02 -1.1546e+02 -1.1720e+02 -4.6266e+02
-1.1932e+02 -1.1343e+02 -7.8969e+01 -1.5126e+02
-1.1922e+02 -1.1238e+02 -8.3727e+01 -3.1773e+02
-1.1956e+02 -1.1574e+02 -1.0525e+02 -4.5370e+02
# New trial
-1.1950e+02 -1.1522e+02 -9.2129e+01 -2.4336e+02
-1.1956e+02 -1.1573e+02 -8.8726e+01 -1.0691e+02
-1.1966e+02 -1.1667e+02 -9.3319e+01 -2.0482e+02
-1.1989e+02 -1.1893e+02 -1.1027e+02 -1.8378e+02
# New trial
-1.1953e+02 -1.1571e+02 -1.1090e+02 -4.1457e+02
-1.1938e+02 -1.1413e+02 -8.7371e+01 -2.1801e+02
-1.1917e+02 -1.1196e+02 -7.2664e+01 -1.6695e+02
-1.1956e+02 -1.1571e+02 -9.0710e+01 -1.9909e+02
# New trial
-1.1954e+02 -1.1569e+02 -1.0146e+02 -2.8320e+02
-1.1942e+02 -1.1441e+02 -8.6540e+01 -1.9336e+02
-1.1921e+02 -1.1226e+02 -7.4024e+01 -2.2959e+02
-1.1943e+02 -1.1443e+02 -8.6022e+01 -2.9997e+02
# New trial
-1.1957e+02 -1.1587e+02 -9.0404e+01 -1.4922e+02
-1.1960e+02 -1.1612e+02 -8.9774e+01 -1.2639e+02
-1.1969e+02 -1.1700e+02 -9.3963e+01 -1.2786e+02
-1.1988e+02 -1.1885e+02 -1.0935e+02 -1.5401e+02
# New trial
