# 0.01sig - Array shape (trial/sig/alpha): (30, 4, 4)
-1.7978e+02 -1.7793e+02 -1.6225e+02 -1.3990e+02
-1.7973e+02 -1.7745e+02 -1.5921e+02 -1.4419e+02
-1.7965e+02 -1.7664e+02 -1.5504e+02 -1.6845e+02
-1.7981e+02 -1.7826e+02 -1.6498e+02 -2.0190e+02
# New trial
-1.7978e+02 -1.7792e+02 -1.6287e+02 -1.4785e+02
-1.7972e+02 -1.7731e+02 -1.6015e+02 -1.5126e+02
-1.7960e+02 -1.7617e+02 -1.5403e+02 -1.5641e+02
-1.7976e+02 -1.7771e+02 -1.6109e+02 -2.1103e+02
# New trial
-1.7981e+02 -1.7821e+02 -1.6440e+02 -1.4487e+02
-1.7973e+02 -1.7747e+02 -1.6017e+02 -1.4309e+02
-1.7953e+02 -1.7554e+02 -1.5375e+02 -1.5382e+02
-1.7958e+02 -1.7597e+02 -1.5736e+02 -2.2435e+02
# New trial
-1.7976e+02 -1.7776e+02 -1.6178e+02 -1.5091e+02
-1.7968e+02 -1.7699e+02 -1.5822e+02 -1.5446e+02
-1.7953e+02 -1.7552e+02 -1.5244e+02 -1.7650e+02
-1.7974e+02 -1.7754e+02 -1.6065e+02 -1.9794e+02
# New trial
-1.7983e+02 -1.7836e+02 -1.6477e+02 -1.4053e+02
-1.7976e+02 -1.7772e+02 -1.5997e+02 -1.4374e+02
-1.7958e+02 -1.7589e+02 -1.4882e+02 -1.4651e+02
-1.7952e+02 -1.7537e+02 -1.4498e+02 -1.3846e+02
# New trial
-1.7984e+02 -1.7848e+02 -1.6584e+02 -1.4258e+02
-1.7976e+02 -1.7767e+02 -1.6059e+02 -1.4381e+02
-1.7954e+02 -1.7555e+02 -1.4839e+02 -1.5478e+02
-1.7954e+02 -1.7549e+02 -1.4618e+02 -1.5778e+02
# New trial
-1.7983e+02 -1.7840e+02 -1.6555e+02 -1.4074e+02
-1.7978e+02 -1.7791e+02 -1.6285e+02 -1.4335e+02
-1.7968e+02 -1.7700e+02 -1.5823e+02 -1.5830e+02
-1.7977e+02 -1.7787e+02 -1.6158e+02 -1.8774e+02
# New trial
-1.7981e+02 -1.7824e+02 -1.6409e+02 -1.4010e+02
-1.7977e+02 -1.7785e+02 -1.6151e+02 -1.4343e+02
-1.7966e+02 -1.7677e+02 -1.5527e+02 -1.9148e+02
-1.7970e+02 -1.7708e+02 -1.5673e+02 -2.2560e+02
# New trial
-1.7980e+02 -1.7812e+02 -1.6293e+02 -1.3949e+02
-1.7973e+02 -1.7742e+02 -1.5795e+02 -1.3985e+02
-1.7952e+02 -1.7539e+02 -1.4876e+02 -1.6137e+02
-1.7954e+02 -1.7552e+02 -1.4759e+02 -1.7633e+02
# New trial
-1.7978e+02 -1.7795e+02 -1.6273e+02 -1.4174e+02
-1.7972e+02 -1.7732e+02 -1.5956e+02 -1.5018e+02
-1.7959e+02 -1.7606e+02 -1.5397e+02 -1.5759e+02
-1.7975e+02 -1.7759e+02 -1.5991e+02 -2.0012e+02
# New trial
-1.7975e+02 -1.7762e+02 -1.6168e+02 -1.3894e+02
-1.7967e+02 -1.7692e+02 -1.5882e+02 -1.3906e+02
-1.7954e+02 -1.7563e+02 -1.5392e+02 -1.6008e+02
-1.7978e+02 -1.7795e+02 -1.6547e+02 -2.3325e+02
# New trial
-1.7988e+02 -1.7885e+02 -1.6926e+02 -1.5702e+02
-1.7985e+02 -1.7862e+02 -1.6738e+02 -1.5768e+02
-1.7978e+02 -1.7791e+02 -1.6162e+02 -1.6978e+02
-1.7978e+02 -1.7789e+02 -1.6137e+02 -1.9824e+02
# New trial
-1.7984e+02 -1.7849e+02 -1.6612e+02 -1.4250e+02
-1.7977e+02 -1.7784e+02 -1.6184e+02 -1.5228e+02
-1.7958e+02 -1.7593e+02 -1.5418e+02 -1.9320e+02
-1.7951e+02 -1.7527e+02 -1.4606e+02 -1.6234e+02
# New trial
-1.7987e+02 -1.7883e+02 -1.6885e+02 -1.4160e+02
-1.7983e+02 -1.7844e+02 -1.6537e+02 -1.4198e+02
-1.7971e+02 -1.7726e+02 -1.5614e+02 -1.4089e+02
-1.7969e+02 -1.7705e+02 -1.5406e+02 -1.5262e+02
# New trial
-1.7986e+02 -1.7866e+02 -1.6712e+02 -1.4166e+02
-1.7982e+02 -1.7829e+02 -1.6385e+02 -1.4104e+02
-1.7970e+02 -1.7707e+02 -1.5439e+02 -1.4048e+02
-1.7965e+02 -1.7665e+02 -1.5302e+02 -1.6585e+02
# New trial
-1.7977e+02 -1.7788e+02 -1.6332e+02 -1.4056e+02
-1.7970e+02 -1.7718e+02 -1.6020e+02 -1.3995e+02
-1.7955e+02 -1.7569e+02 -1.5202e+02 -1.4086e+02
-1.7974e+02 -1.7750e+02 -1.6104e+02 -2.3435e+02
# New trial
-1.7979e+02 -1.7801e+02 -1.6262e+02 -1.3959e+02
-1.7973e+02 -1.7741e+02 -1.5955e+02 -1.3986e+02
-1.7961e+02 -1.7632e+02 -1.5317e+02 -1.4382e+02
-1.7972e+02 -1.7736e+02 -1.5854e+02 -1.8596e+02
# New trial
-1.7979e+02 -1.7799e+02 -1.6423e+02 -1.4030e+02
-1.7971e+02 -1.7727e+02 -1.6087e+02 -1.4240e+02
-1.7955e+02 -1.7571e+02 -1.5485e+02 -1.7763e+02
-1.7970e+02 -1.7715e+02 -1.5877e+02 -2.0440e+02
# New trial
-1.7969e+02 -1.7710e+02 -1.5903e+02 -1.4912e+02
-1.7962e+02 -1.7638e+02 -1.5776e+02 -1.8110e+02
-1.7967e+02 -1.7690e+02 -1.6728e+02 -3.3018e+02
-1.7993e+02 -1.7945e+02 -1.7708e+02 -3.3483e+02
# New trial
-1.7980e+02 -1.7815e+02 -1.6416e+02 -1.4762e+02
-1.7975e+02 -1.7767e+02 -1.6161e+02 -1.5050e+02
-1.7964e+02 -1.7651e+02 -1.5665e+02 -1.9357e+02
-1.7972e+02 -1.7732e+02 -1.6190e+02 -2.5776e+02
# New trial
-1.7966e+02 -1.7681e+02 -1.5905e+02 -1.3979e+02
-1.7957e+02 -1.7600e+02 -1.5657e+02 -1.3992e+02
-1.7950e+02 -1.7529e+02 -1.5328e+02 -1.6518e+02
-1.7977e+02 -1.7781e+02 -1.6303e+02 -2.2073e+02
# New trial
-1.7984e+02 -1.7854e+02 -1.6666e+02 -1.4151e+02
-1.7978e+02 -1.7795e+02 -1.6250e+02 -1.4057e+02
-1.7965e+02 -1.7663e+02 -1.5462e+02 -1.4874e+02
-1.7975e+02 -1.7761e+02 -1.6023e+02 -2.1141e+02
# New trial
-1.7991e+02 -1.7918e+02 -1.7208e+02 -1.5240e+02
-1.7987e+02 -1.7881e+02 -1.6874e+02 -1.5879e+02
-1.7979e+02 -1.7796e+02 -1.6176e+02 -1.7584e+02
-1.7973e+02 -1.7742e+02 -1.5721e+02 -1.6228e+02
# New trial
-1.7964e+02 -1.7665e+02 -1.5844e+02 -1.3948e+02
-1.7956e+02 -1.7595e+02 -1.5810e+02 -1.4150e+02
-1.7955e+02 -1.7578e+02 -1.5787e+02 -2.0325e+02
-1.7982e+02 -1.7829e+02 -1.6637e+02 -2.2198e+02
# New trial
-1.7986e+02 -1.7867e+02 -1.6792e+02 -1.5915e+02
-1.7978e+02 -1.7797e+02 -1.6296e+02 -1.5260e+02
-1.7963e+02 -1.7651e+02 -1.5572e+02 -1.7901e+02
-1.7976e+02 -1.7775e+02 -1.6653e+02 -3.0638e+02
# New trial
-1.7987e+02 -1.7885e+02 -1.6910e+02 -1.4280e+02
-1.7984e+02 -1.7847e+02 -1.6613e+02 -1.4931e+02
-1.7973e+02 -1.7742e+02 -1.5960e+02 -1.7328e+02
-1.7979e+02 -1.7798e+02 -1.6231e+02 -2.0696e+02
# New trial
-1.7985e+02 -1.7864e+02 -1.6710e+02 -1.4632e+02
-1.7979e+02 -1.7798e+02 -1.6192e+02 -1.4140e+02
-1.7961e+02 -1.7625e+02 -1.5165e+02 -1.4701e+02
-1.7958e+02 -1.7596e+02 -1.5301e+02 -2.1013e+02
# New trial
-1.7985e+02 -1.7864e+02 -1.6727e+02 -1.4554e+02
-1.7979e+02 -1.7798e+02 -1.6250e+02 -1.4387e+02
-1.7963e+02 -1.7643e+02 -1.5538e+02 -1.6554e+02
-1.7965e+02 -1.7668e+02 -1.5781e+02 -2.2588e+02
# New trial
-1.7989e+02 -1.7901e+02 -1.7057e+02 -1.4383e+02
-1.7987e+02 -1.7878e+02 -1.6856e+02 -1.4530e+02
-1.7979e+02 -1.7804e+02 -1.6208e+02 -1.6308e+02
-1.7982e+02 -1.7831e+02 -1.6426e+02 -1.9270e+02
# New trial
-1.7979e+02 -1.7802e+02 -1.6258e+02 -1.4453e+02
-1.7974e+02 -1.7752e+02 -1.5957e+02 -1.5414e+02
-1.7961e+02 -1.7621e+02 -1.5433e+02 -1.9820e+02
-1.7973e+02 -1.7743e+02 -1.5947e+02 -2.2323e+02
# New trial
