# 0.01sig - Array shape (trial/sig/alpha): (30, 4, 4)
-1.6064e+02 -1.5308e+02 -1.1866e+02 -4.2756e+02
-1.6061e+02 -1.5272e+02 -1.1063e+02 -4.0279e+02
-1.6067e+02 -1.5309e+02 -1.0656e+02 -4.8328e+02
-1.6124e+02 -1.5870e+02 -1.3859e+02 -4.6649e+02
# New trial
-1.6048e+02 -1.5189e+02 -1.2888e+02 -5.2447e+02
-1.6046e+02 -1.5138e+02 -1.1018e+02 -2.9262e+02
-1.6054e+02 -1.5209e+02 -1.0948e+02 -3.4893e+02
-1.6119e+02 -1.5824e+02 -1.4271e+02 -6.1090e+02
# New trial
-1.6051e+02 -1.5230e+02 -1.2890e+02 -5.1222e+02
-1.6038e+02 -1.5073e+02 -1.0953e+02 -3.8063e+02
-1.6016e+02 -1.4836e+02 -1.0440e+02 -5.4306e+02
-1.6084e+02 -1.5479e+02 -1.1676e+02 -3.9301e+02
# New trial
-1.6039e+02 -1.5124e+02 -1.2985e+02 -5.7555e+02
-1.6027e+02 -1.4997e+02 -1.1656e+02 -5.2418e+02
-1.6044e+02 -1.5116e+02 -1.1696e+02 -6.4996e+02
-1.6123e+02 -1.5858e+02 -1.4384e+02 -6.7639e+02
# New trial
-1.6090e+02 -1.5561e+02 -1.3131e+02 -4.1485e+02
-1.6069e+02 -1.5344e+02 -1.1206e+02 -3.3229e+02
-1.6041e+02 -1.5056e+02 -8.9168e+01 -2.9995e+02
-1.6077e+02 -1.5407e+02 -1.0529e+02 -2.2222e+02
# New trial
-1.6053e+02 -1.5226e+02 -1.1903e+02 -4.7127e+02
-1.6041e+02 -1.5081e+02 -9.4910e+01 -2.5513e+02
-1.6025e+02 -1.4902e+02 -8.0226e+01 -3.4346e+02
-1.6085e+02 -1.5485e+02 -1.0748e+02 -1.6318e+02
# New trial
-1.6058e+02 -1.5268e+02 -1.2466e+02 -4.3728e+02
-1.6053e+02 -1.5208e+02 -1.1222e+02 -3.0854e+02
-1.6069e+02 -1.5343e+02 -1.1004e+02 -3.8465e+02
-1.6124e+02 -1.5874e+02 -1.3823e+02 -2.8280e+02
# New trial
-1.6054e+02 -1.5234e+02 -1.1655e+02 -3.4511e+02
-1.6057e+02 -1.5237e+02 -1.0732e+02 -2.7558e+02
-1.6053e+02 -1.5174e+02 -1.0231e+02 -3.8906e+02
-1.6103e+02 -1.5659e+02 -1.2066e+02 -2.6488e+02
# New trial
-1.6058e+02 -1.5293e+02 -1.2976e+02 -5.6662e+02
-1.6042e+02 -1.5109e+02 -1.0743e+02 -4.5094e+02
-1.6009e+02 -1.4752e+02 -8.8341e+01 -4.3784e+02
-1.6083e+02 -1.5461e+02 -1.1488e+02 -4.7098e+02
# New trial
-1.6057e+02 -1.5259e+02 -1.3057e+02 -5.6609e+02
-1.6055e+02 -1.5221e+02 -1.1426e+02 -4.2726e+02
-1.6065e+02 -1.5302e+02 -1.1715e+02 -5.4431e+02
-1.6125e+02 -1.5886e+02 -1.4474e+02 -6.3960e+02
# New trial
-1.6032e+02 -1.5028e+02 -1.1154e+02 -3.3574e+02
-1.6034e+02 -1.5039e+02 -1.1050e+02 -4.0596e+02
-1.6052e+02 -1.5212e+02 -1.3417e+02 -7.9080e+02
-1.6129e+02 -1.5923e+02 -1.4974e+02 -6.2552e+02
# New trial
-1.6094e+02 -1.5574e+02 -1.1481e+02 -1.2479e+02
-1.6098e+02 -1.5614e+02 -1.1677e+02 -1.3722e+02
-1.6101e+02 -1.5637e+02 -1.1876e+02 -2.5279e+02
-1.6124e+02 -1.5869e+02 -1.3586e+02 -2.2077e+02
# New trial
-1.6068e+02 -1.5349e+02 -1.2456e+02 -4.4583e+02
-1.6058e+02 -1.5246e+02 -1.1505e+02 -4.1037e+02
-1.6026e+02 -1.4922e+02 -1.0479e+02 -5.3833e+02
-1.6075e+02 -1.5386e+02 -1.2019e+02 -6.0980e+02
# New trial
-1.6095e+02 -1.5592e+02 -1.2073e+02 -2.0333e+02
-1.6085e+02 -1.5483e+02 -1.0923e+02 -1.5774e+02
-1.6069e+02 -1.5320e+02 -9.6371e+01 -2.1202e+02
-1.6092e+02 -1.5547e+02 -1.1056e+02 -2.5633e+02
# New trial
-1.6081e+02 -1.5457e+02 -1.1752e+02 -3.2200e+02
-1.6082e+02 -1.5454e+02 -1.0862e+02 -2.6717e+02
-1.6075e+02 -1.5388e+02 -1.0588e+02 -4.0081e+02
-1.6102e+02 -1.5646e+02 -1.2389e+02 -4.1380e+02
# New trial
-1.6040e+02 -1.5100e+02 -1.1372e+02 -3.7114e+02
-1.6033e+02 -1.5027e+02 -1.0827e+02 -3.1528e+02
-1.6039e+02 -1.5079e+02 -1.0572e+02 -3.4694e+02
-1.6116e+02 -1.5789e+02 -1.3434e+02 -4.2331e+02
# New trial
-1.6047e+02 -1.5156e+02 -1.0369e+02 -2.4414e+02
-1.6046e+02 -1.5142e+02 -1.0089e+02 -2.4742e+02
-1.6051e+02 -1.5170e+02 -9.9658e+01 -3.3592e+02
-1.6112e+02 -1.5753e+02 -1.3546e+02 -5.5779e+02
# New trial
-1.6058e+02 -1.5352e+02 -1.6051e+02 -8.3831e+02
-1.6047e+02 -1.5202e+02 -1.3103e+02 -6.0364e+02
-1.6044e+02 -1.5136e+02 -1.2866e+02 -7.1926e+02
-1.6118e+02 -1.5819e+02 -1.4703e+02 -6.5518e+02
# New trial
-1.6089e+02 -1.5534e+02 -1.2309e+02 -3.2264e+02
-1.6082e+02 -1.5463e+02 -1.1292e+02 -2.1953e+02
-1.6075e+02 -1.5381e+02 -1.0365e+02 -2.2442e+02
-1.6112e+02 -1.5744e+02 -1.2665e+02 -2.6460e+02
# New trial
-1.6075e+02 -1.5396e+02 -1.1116e+02 -3.1303e+02
-1.6073e+02 -1.5379e+02 -1.0987e+02 -2.6022e+02
-1.6073e+02 -1.5376e+02 -1.1952e+02 -5.2554e+02
-1.6119e+02 -1.5820e+02 -1.4761e+02 -7.6822e+02
# New trial
-1.6005e+02 -1.4755e+02 -9.2411e+01 -2.7632e+02
-1.5996e+02 -1.4694e+02 -9.5274e+01 -2.1587e+02
-1.6042e+02 -1.5106e+02 -1.0820e+02 -4.0571e+02
-1.6130e+02 -1.5932e+02 -1.4435e+02 -3.8746e+02
# New trial
-1.6062e+02 -1.5308e+02 -1.3236e+02 -5.6747e+02
-1.6061e+02 -1.5272e+02 -1.1358e+02 -3.3168e+02
-1.6059e+02 -1.5250e+02 -1.0791e+02 -3.9564e+02
-1.6115e+02 -1.5782e+02 -1.3505e+02 -5.5216e+02
# New trial
-1.6098e+02 -1.5632e+02 -1.3587e+02 -3.9775e+02
-1.6092e+02 -1.5560e+02 -1.1905e+02 -2.7110e+02
-1.6081e+02 -1.5439e+02 -1.0246e+02 -2.2585e+02
-1.6098e+02 -1.5605e+02 -1.1348e+02 -2.3487e+02
# New trial
-1.5999e+02 -1.4782e+02 -1.2136e+02 -5.4924e+02
-1.6001e+02 -1.4785e+02 -1.1099e+02 -4.1644e+02
-1.6057e+02 -1.5266e+02 -1.2436e+02 -5.4670e+02
-1.6137e+02 -1.6001e+02 -1.5198e+02 -5.5747e+02
# New trial
-1.6084e+02 -1.5486e+02 -1.2025e+02 -2.9702e+02
-1.6071e+02 -1.5364e+02 -1.1150e+02 -2.3427e+02
-1.6056e+02 -1.5210e+02 -1.0909e+02 -4.0288e+02
-1.6114e+02 -1.5767e+02 -1.3705e+02 -5.7728e+02
# New trial
-1.6072e+02 -1.5384e+02 -1.2304e+02 -4.0049e+02
-1.6072e+02 -1.5374e+02 -1.1133e+02 -2.5858e+02
-1.6073e+02 -1.5367e+02 -1.0403e+02 -3.2358e+02
-1.6116e+02 -1.5786e+02 -1.3155e+02 -3.3513e+02
# New trial
-1.6087e+02 -1.5535e+02 -1.3160e+02 -4.1174e+02
-1.6072e+02 -1.5376e+02 -1.1496e+02 -3.2708e+02
-1.6050e+02 -1.5151e+02 -9.3364e+01 -3.3189e+02
-1.6084e+02 -1.5471e+02 -1.1033e+02 -3.2289e+02
# New trial
-1.6084e+02 -1.5493e+02 -1.2531e+02 -3.6737e+02
-1.6067e+02 -1.5330e+02 -1.0666e+02 -2.3031e+02
-1.6037e+02 -1.5027e+02 -9.1626e+01 -3.4244e+02
-1.6079e+02 -1.5427e+02 -1.1053e+02 -4.0528e+02
# New trial
-1.6092e+02 -1.5593e+02 -1.4402e+02 -5.3628e+02
-1.6094e+02 -1.5578e+02 -1.2038e+02 -2.6033e+02
-1.6091e+02 -1.5539e+02 -1.1004e+02 -2.2012e+02
-1.6119e+02 -1.5814e+02 -1.3056e+02 -2.1985e+02
# New trial
-1.6071e+02 -1.5400e+02 -1.5288e+02 -8.0961e+02
-1.6066e+02 -1.5327e+02 -1.2388e+02 -5.2386e+02
-1.6068e+02 -1.5332e+02 -1.2458e+02 -5.9360e+02
-1.6123e+02 -1.5861e+02 -1.4384e+02 -5.1800e+02
# New trial
