# 0.01sig - Array shape (trial/sig/alpha): (30, 4, 4)
-1.7901e+02 -1.7058e+02 -1.2523e+02 -3.1657e+02
-1.7894e+02 -1.6985e+02 -1.1913e+02 -3.2052e+02
-1.7891e+02 -1.6947e+02 -1.1341e+02 -4.1948e+02
-1.7957e+02 -1.7592e+02 -1.5066e+02 -5.9432e+02
# New trial
-1.7894e+02 -1.7003e+02 -1.3297e+02 -3.9728e+02
-1.7886e+02 -1.6920e+02 -1.1944e+02 -2.6315e+02
-1.7888e+02 -1.6927e+02 -1.1831e+02 -3.6597e+02
-1.7956e+02 -1.7584e+02 -1.5332e+02 -5.7585e+02
# New trial
-1.7898e+02 -1.7049e+02 -1.2904e+02 -3.1535e+02
-1.7879e+02 -1.6858e+02 -1.1257e+02 -2.8475e+02
-1.7844e+02 -1.6483e+02 -9.2733e+01 -3.3775e+02
-1.7915e+02 -1.7166e+02 -1.1674e+02 -2.7408e+02
# New trial
-1.7882e+02 -1.6918e+02 -1.2921e+02 -4.2664e+02
-1.7864e+02 -1.6753e+02 -1.2250e+02 -4.3748e+02
-1.7868e+02 -1.6749e+02 -1.1397e+02 -5.0895e+02
-1.7953e+02 -1.7552e+02 -1.4519e+02 -5.2005e+02
# New trial
-1.7923e+02 -1.7265e+02 -1.3223e+02 -3.3510e+02
-1.7898e+02 -1.7019e+02 -1.0912e+02 -2.8710e+02
-1.7863e+02 -1.6660e+02 -8.4353e+01 -2.6500e+02
-1.7902e+02 -1.7033e+02 -1.0410e+02 -2.1190e+02
# New trial
-1.7906e+02 -1.7123e+02 -1.3850e+02 -3.9715e+02
-1.7889e+02 -1.6946e+02 -1.1883e+02 -2.9765e+02
-1.7860e+02 -1.6644e+02 -1.0513e+02 -4.0815e+02
-1.7917e+02 -1.7183e+02 -1.1478e+02 -2.4647e+02
# New trial
-1.7896e+02 -1.7028e+02 -1.3321e+02 -3.6019e+02
-1.7887e+02 -1.6930e+02 -1.2042e+02 -2.6753e+02
-1.7898e+02 -1.7021e+02 -1.1454e+02 -2.9570e+02
-1.7956e+02 -1.7577e+02 -1.4442e+02 -2.4033e+02
# New trial
-1.7895e+02 -1.7024e+02 -1.2608e+02 -2.9382e+02
-1.7891e+02 -1.6964e+02 -1.1502e+02 -2.5805e+02
-1.7880e+02 -1.6826e+02 -1.0157e+02 -3.0643e+02
-1.7933e+02 -1.7350e+02 -1.3558e+02 -5.9445e+02
# New trial
-1.7897e+02 -1.7031e+02 -1.2708e+02 -3.8052e+02
-1.7879e+02 -1.6851e+02 -1.1063e+02 -3.5877e+02
-1.7836e+02 -1.6405e+02 -8.4917e+01 -2.9516e+02
-1.7903e+02 -1.7058e+02 -1.0933e+02 -2.9514e+02
# New trial
-1.7895e+02 -1.7014e+02 -1.3208e+02 -3.9520e+02
-1.7890e+02 -1.6955e+02 -1.2612e+02 -4.3100e+02
-1.7895e+02 -1.6989e+02 -1.2573e+02 -5.4853e+02
-1.7960e+02 -1.7620e+02 -1.5313e+02 -6.0222e+02
# New trial
-1.7871e+02 -1.6810e+02 -1.2012e+02 -2.3492e+02
-1.7867e+02 -1.6769e+02 -1.1865e+02 -3.0886e+02
-1.7878e+02 -1.6860e+02 -1.3479e+02 -6.6821e+02
-1.7962e+02 -1.7648e+02 -1.5607e+02 -5.2868e+02
# New trial
-1.7938e+02 -1.7398e+02 -1.3018e+02 -1.1158e+02
-1.7940e+02 -1.7420e+02 -1.3099e+02 -1.3604e+02
-1.7939e+02 -1.7405e+02 -1.2899e+02 -1.9742e+02
-1.7961e+02 -1.7622e+02 -1.4515e+02 -1.7555e+02
# New trial
-1.7908e+02 -1.7117e+02 -1.3106e+02 -3.7391e+02
-1.7894e+02 -1.6983e+02 -1.1478e+02 -3.2794e+02
-1.7856e+02 -1.6596e+02 -9.5347e+01 -4.0035e+02
-1.7901e+02 -1.7028e+02 -1.1188e+02 -5.4752e+02
# New trial
-1.7933e+02 -1.7351e+02 -1.2801e+02 -1.5676e+02
-1.7922e+02 -1.7235e+02 -1.1800e+02 -1.3523e+02
-1.7901e+02 -1.7033e+02 -1.0504e+02 -2.3704e+02
-1.7925e+02 -1.7266e+02 -1.2267e+02 -4.1480e+02
# New trial
-1.7925e+02 -1.7272e+02 -1.2573e+02 -2.2780e+02
-1.7922e+02 -1.7234e+02 -1.1836e+02 -2.0035e+02
-1.7909e+02 -1.7109e+02 -1.1016e+02 -2.6554e+02
-1.7936e+02 -1.7374e+02 -1.3249e+02 -4.1979e+02
# New trial
-1.7887e+02 -1.6953e+02 -1.2925e+02 -3.8396e+02
-1.7877e+02 -1.6853e+02 -1.2164e+02 -3.1962e+02
-1.7872e+02 -1.6792e+02 -1.2710e+02 -5.8165e+02
-1.7953e+02 -1.7553e+02 -1.5161e+02 -5.4267e+02
# New trial
-1.7884e+02 -1.6903e+02 -1.1255e+02 -1.7815e+02
-1.7880e+02 -1.6862e+02 -1.1279e+02 -2.2605e+02
-1.7882e+02 -1.6869e+02 -1.1198e+02 -3.7188e+02
-1.7945e+02 -1.7464e+02 -1.3727e+02 -3.8668e+02
# New trial
-1.7878e+02 -1.6909e+02 -1.4381e+02 -5.4627e+02
-1.7867e+02 -1.6775e+02 -1.2732e+02 -4.5143e+02
-1.7865e+02 -1.6734e+02 -1.3054e+02 -7.1113e+02
-1.7947e+02 -1.7501e+02 -1.4841e+02 -6.8393e+02
# New trial
-1.7922e+02 -1.7243e+02 -1.2637e+02 -2.2206e+02
-1.7911e+02 -1.7140e+02 -1.1873e+02 -2.0111e+02
-1.7910e+02 -1.7126e+02 -1.2321e+02 -4.0409e+02
-1.7959e+02 -1.7605e+02 -1.6102e+02 -7.2775e+02
# New trial
-1.7915e+02 -1.7181e+02 -1.2494e+02 -2.8532e+02
-1.7911e+02 -1.7140e+02 -1.2267e+02 -2.4739e+02
-1.7906e+02 -1.7089e+02 -1.2829e+02 -5.1004e+02
-1.7952e+02 -1.7541e+02 -1.5192e+02 -5.9944e+02
# New trial
-1.7847e+02 -1.6572e+02 -1.0523e+02 -2.4643e+02
-1.7837e+02 -1.6495e+02 -1.0744e+02 -2.2639e+02
-1.7872e+02 -1.6802e+02 -1.2306e+02 -4.7532e+02
-1.7968e+02 -1.7691e+02 -1.5677e+02 -5.0931e+02
# New trial
-1.7908e+02 -1.7136e+02 -1.4040e+02 -4.1608e+02
-1.7906e+02 -1.7107e+02 -1.2608e+02 -2.9851e+02
-1.7899e+02 -1.7035e+02 -1.2596e+02 -5.1157e+02
-1.7955e+02 -1.7566e+02 -1.4351e+02 -4.2606e+02
# New trial
-1.7948e+02 -1.7512e+02 -1.5448e+02 -3.8063e+02
-1.7939e+02 -1.7413e+02 -1.3779e+02 -2.7027e+02
-1.7921e+02 -1.7226e+02 -1.1754e+02 -2.4947e+02
-1.7934e+02 -1.7350e+02 -1.2345e+02 -1.9802e+02
# New trial
-1.7838e+02 -1.6543e+02 -1.2865e+02 -4.2657e+02
-1.7833e+02 -1.6511e+02 -1.3037e+02 -4.4961e+02
-1.7878e+02 -1.6909e+02 -1.4875e+02 -6.8662e+02
-1.7971e+02 -1.7747e+02 -1.7108e+02 -7.6320e+02
# New trial
-1.7917e+02 -1.7202e+02 -1.2785e+02 -2.9240e+02
-1.7897e+02 -1.7010e+02 -1.1553e+02 -2.1396e+02
-1.7872e+02 -1.6768e+02 -1.0931e+02 -4.5245e+02
-1.7946e+02 -1.7474e+02 -1.4464e+02 -6.4818e+02
# New trial
-1.7921e+02 -1.7244e+02 -1.3422e+02 -3.3334e+02
-1.7920e+02 -1.7234e+02 -1.2653e+02 -2.2320e+02
-1.7915e+02 -1.7169e+02 -1.1627e+02 -2.7435e+02
-1.7957e+02 -1.7577e+02 -1.4153e+02 -2.7298e+02
# New trial
-1.7928e+02 -1.7320e+02 -1.3740e+02 -3.1262e+02
-1.7909e+02 -1.7133e+02 -1.2006e+02 -2.7183e+02
-1.7881e+02 -1.6835e+02 -9.3609e+01 -2.6951e+02
-1.7912e+02 -1.7139e+02 -1.0899e+02 -1.5957e+02
# New trial
-1.7925e+02 -1.7290e+02 -1.3577e+02 -2.9573e+02
-1.7904e+02 -1.7080e+02 -1.1928e+02 -2.0358e+02
-1.7869e+02 -1.6728e+02 -9.7026e+01 -2.2874e+02
-1.7917e+02 -1.7187e+02 -1.2150e+02 -4.2523e+02
# New trial
-1.7930e+02 -1.7344e+02 -1.4611e+02 -3.6518e+02
-1.7933e+02 -1.7356e+02 -1.3337e+02 -2.3046e+02
-1.7929e+02 -1.7307e+02 -1.2322e+02 -2.7955e+02
-1.7960e+02 -1.7616e+02 -1.4912e+02 -4.7240e+02
# New trial
-1.7904e+02 -1.7120e+02 -1.5870e+02 -6.4398e+02
-1.7897e+02 -1.7019e+02 -1.2971e+02 -4.2635e+02
-1.7893e+02 -1.6973e+02 -1.3043e+02 -5.1847e+02
-1.7954e+02 -1.7558e+02 -1.5484e+02 -5.5404e+02
# New trial
