# 0.1sig - Array shape (trial/sig/alpha): (30, 4, 4)
-1.5619e+02 -1.4995e+02 -1.2006e+02 -3.0140e+02
-1.5604e+02 -1.4849e+02 -1.0329e+02 -6.8130e+01
-1.5579e+02 -1.4613e+02 -9.9266e+01 -2.4399e+02
-1.5643e+02 -1.5220e+02 -1.2450e+02 -4.4805e+02
# New trial
-1.5645e+02 -1.5240e+02 -1.2156e+02 -9.5406e+01
-1.5630e+02 -1.5091e+02 -1.1046e+02 -6.2099e+01
-1.5598e+02 -1.4783e+02 -9.1390e+01 -1.0030e+02
-1.5615e+02 -1.4937e+02 -1.0831e+02 -3.1235e+02
# New trial
-1.5643e+02 -1.5217e+02 -1.2635e+02 -1.9639e+02
-1.5618e+02 -1.4961e+02 -9.5837e+01 -6.0000e+01
-1.5570e+02 -1.4482e+02 -6.9491e+01 -5.9997e+01
-1.5573e+02 -1.4516e+02 -7.9020e+01 -5.9997e+01
# New trial
-1.5637e+02 -1.5155e+02 -1.2755e+02 -3.8759e+02
-1.5623e+02 -1.5008e+02 -9.9328e+01 -6.0530e+01
-1.5583e+02 -1.4613e+02 -7.9606e+01 -1.0353e+02
-1.5585e+02 -1.4638e+02 -8.6487e+01 -2.0805e+02
# New trial
-1.5660e+02 -1.5384e+02 -1.3604e+02 -2.1771e+02
-1.5645e+02 -1.5238e+02 -1.1931e+02 -7.0559e+01
-1.5617e+02 -1.4962e+02 -1.0165e+02 -1.5163e+02
-1.5634e+02 -1.5125e+02 -1.1961e+02 -4.6001e+02
# New trial
-1.5661e+02 -1.5392e+02 -1.3233e+02 -1.4281e+02
-1.5647e+02 -1.5254e+02 -1.1928e+02 -6.4954e+01
-1.5625e+02 -1.5033e+02 -1.0099e+02 -7.9854e+01
-1.5650e+02 -1.5281e+02 -1.1958e+02 -2.0011e+02
# New trial
-1.5649e+02 -1.5276e+02 -1.2254e+02 -8.0597e+01
-1.5637e+02 -1.5153e+02 -1.1270e+02 -6.9405e+01
-1.5608e+02 -1.4870e+02 -9.6889e+01 -1.6551e+02
-1.5623e+02 -1.5016e+02 -1.1378e+02 -3.9142e+02
# New trial
-1.5632e+02 -1.5108e+02 -1.2077e+02 -2.1229e+02
-1.5624e+02 -1.5033e+02 -1.0763e+02 -6.8878e+01
-1.5613e+02 -1.4919e+02 -1.0825e+02 -3.4866e+02
-1.5650e+02 -1.5283e+02 -1.3521e+02 -6.2706e+02
# New trial
-1.5620e+02 -1.5004e+02 -1.0935e+02 -6.9047e+01
-1.5596e+02 -1.4777e+02 -9.6665e+01 -6.2418e+01
-1.5569e+02 -1.4497e+02 -8.2973e+01 -9.0241e+01
-1.5631e+02 -1.5097e+02 -1.1707e+02 -4.1907e+02
# New trial
-1.5639e+02 -1.5175e+02 -1.1381e+02 -6.5095e+01
-1.5623e+02 -1.5019e+02 -1.0300e+02 -6.2132e+01
-1.5590e+02 -1.4687e+02 -8.6259e+01 -1.3898e+02
-1.5611e+02 -1.4889e+02 -1.0170e+02 -3.4665e+02
# New trial
-1.5651e+02 -1.5289e+02 -1.2127e+02 -7.3822e+01
-1.5632e+02 -1.5097e+02 -1.0473e+02 -6.0009e+01
-1.5584e+02 -1.4629e+02 -7.9784e+01 -9.1365e+01
-1.5591e+02 -1.4693e+02 -8.9358e+01 -2.4400e+02
# New trial
-1.5636e+02 -1.5155e+02 -1.1944e+02 -1.8679e+02
-1.5622e+02 -1.5013e+02 -1.1009e+02 -1.0247e+02
-1.5599e+02 -1.4787e+02 -1.0703e+02 -3.1502e+02
-1.5644e+02 -1.5223e+02 -1.2962e+02 -4.7656e+02
# New trial
-1.5640e+02 -1.5184e+02 -1.2026e+02 -1.4142e+02
-1.5631e+02 -1.5096e+02 -1.0987e+02 -7.8900e+01
-1.5611e+02 -1.4900e+02 -1.0474e+02 -2.5220e+02
-1.5647e+02 -1.5253e+02 -1.2297e+02 -3.8137e+02
# New trial
-1.5657e+02 -1.5356e+02 -1.2843e+02 -1.1070e+02
-1.5643e+02 -1.5214e+02 -1.1238e+02 -6.0191e+01
-1.5612e+02 -1.4901e+02 -8.7574e+01 -5.9997e+01
-1.5602e+02 -1.4796e+02 -8.7061e+01 -6.5443e+01
# New trial
-1.5632e+02 -1.5132e+02 -1.2990e+02 -2.9628e+02
-1.5602e+02 -1.4839e+02 -1.0095e+02 -6.1285e+01
-1.5556e+02 -1.4377e+02 -8.3888e+01 -9.9172e+01
-1.5614e+02 -1.4926e+02 -1.0356e+02 -2.6704e+02
# New trial
-1.5624e+02 -1.5062e+02 -1.4164e+02 -5.1400e+02
-1.5600e+02 -1.4814e+02 -1.0131e+02 -6.3595e+01
-1.5554e+02 -1.4359e+02 -8.0031e+01 -1.1156e+02
-1.5598e+02 -1.4766e+02 -9.2824e+01 -1.1441e+02
# New trial
-1.5643e+02 -1.5217e+02 -1.1884e+02 -7.2729e+01
-1.5626e+02 -1.5046e+02 -1.0661e+02 -6.5156e+01
-1.5593e+02 -1.4721e+02 -8.9566e+01 -1.1308e+02
-1.5611e+02 -1.4891e+02 -9.7725e+01 -1.6944e+02
# New trial
-1.5657e+02 -1.5348e+02 -1.2764e+02 -1.6449e+02
-1.5640e+02 -1.5180e+02 -1.1188e+02 -6.0381e+01
-1.5602e+02 -1.4800e+02 -8.1395e+01 -5.9997e+01
-1.5597e+02 -1.4750e+02 -8.1869e+01 -6.0053e+01
# New trial
-1.5652e+02 -1.5299e+02 -1.2140e+02 -6.8085e+01
-1.5639e+02 -1.5173e+02 -1.1164e+02 -6.0594e+01
-1.5614e+02 -1.4923e+02 -9.3296e+01 -7.0839e+01
-1.5633e+02 -1.5111e+02 -1.0495e+02 -8.2281e+01
# New trial
-1.5655e+02 -1.5352e+02 -1.4959e+02 -4.6634e+02
-1.5632e+02 -1.5106e+02 -1.1200e+02 -6.4043e+01
-1.5586e+02 -1.4654e+02 -8.5430e+01 -1.4869e+02
-1.5613e+02 -1.4921e+02 -1.1354e+02 -4.8704e+02
# New trial
-1.5639e+02 -1.5181e+02 -1.2339e+02 -1.9431e+02
-1.5626e+02 -1.5055e+02 -1.0927e+02 -6.6276e+01
-1.5604e+02 -1.4830e+02 -9.7857e+01 -1.3705e+02
-1.5636e+02 -1.5143e+02 -1.1258e+02 -2.1922e+02
# New trial
-1.5648e+02 -1.5265e+02 -1.3146e+02 -3.4500e+02
-1.5635e+02 -1.5134e+02 -1.1379e+02 -6.4331e+01
-1.5613e+02 -1.4919e+02 -1.0067e+02 -1.3416e+02
-1.5641e+02 -1.5191e+02 -1.1709e+02 -2.8953e+02
# New trial
-1.5643e+02 -1.5217e+02 -1.1638e+02 -6.6603e+01
-1.5630e+02 -1.5082e+02 -1.0661e+02 -6.2833e+01
-1.5604e+02 -1.4828e+02 -9.2867e+01 -1.5068e+02
-1.5623e+02 -1.5015e+02 -1.0434e+02 -2.6378e+02
# New trial
-1.5647e+02 -1.5257e+02 -1.2005e+02 -8.3751e+01
-1.5635e+02 -1.5136e+02 -1.1083e+02 -6.4992e+01
-1.5614e+02 -1.4924e+02 -9.5972e+01 -1.1010e+02
-1.5637e+02 -1.5149e+02 -1.0981e+02 -1.2626e+02
# New trial
-1.5657e+02 -1.5354e+02 -1.2953e+02 -2.6277e+02
-1.5652e+02 -1.5301e+02 -1.2343e+02 -6.9511e+01
-1.5635e+02 -1.5137e+02 -1.1016e+02 -1.4773e+02
-1.5650e+02 -1.5286e+02 -1.2347e+02 -3.4845e+02
# New trial
-1.5642e+02 -1.5221e+02 -1.3842e+02 -3.7134e+02
-1.5620e+02 -1.4983e+02 -1.0002e+02 -6.1623e+01
-1.5587e+02 -1.4655e+02 -8.5254e+01 -1.1183e+02
-1.5603e+02 -1.4814e+02 -9.5206e+01 -1.4262e+02
# New trial
-1.5648e+02 -1.5261e+02 -1.2197e+02 -1.3367e+02
-1.5645e+02 -1.5234e+02 -1.1772e+02 -7.7815e+01
-1.5642e+02 -1.5200e+02 -1.1516e+02 -1.6931e+02
-1.5669e+02 -1.5470e+02 -1.3653e+02 -2.1033e+02
# New trial
-1.5639e+02 -1.5180e+02 -1.2429e+02 -2.3024e+02
-1.5620e+02 -1.4994e+02 -1.0290e+02 -6.2709e+01
-1.5574e+02 -1.4550e+02 -8.6296e+01 -1.0765e+02
-1.5597e+02 -1.4756e+02 -1.0372e+02 -3.3120e+02
# New trial
-1.5648e+02 -1.5263e+02 -1.2579e+02 -1.4141e+02
-1.5631e+02 -1.5096e+02 -1.0877e+02 -6.1934e+01
-1.5593e+02 -1.4719e+02 -9.0886e+01 -1.6665e+02
-1.5601e+02 -1.4791e+02 -1.0118e+02 -3.4572e+02
# New trial
-1.5655e+02 -1.5333e+02 -1.2571e+02 -1.0157e+02
-1.5650e+02 -1.5278e+02 -1.2052e+02 -8.4630e+01
-1.5645e+02 -1.5231e+02 -1.1721e+02 -1.6589e+02
-1.5666e+02 -1.5442e+02 -1.3407e+02 -2.5328e+02
# New trial
