# 0.01sig - Array shape (trial/sig/alpha): (30, 4, 4)
-1.4301e+02 -1.4251e+02 -1.3840e+02 -1.3388e+02
-1.4300e+02 -1.4243e+02 -1.3795e+02 -1.3478e+02
-1.4300e+02 -1.4241e+02 -1.3878e+02 -1.5663e+02
-1.4305e+02 -1.4286e+02 -1.4182e+02 -1.7034e+02
# New trial
-1.4302e+02 -1.4257e+02 -1.3911e+02 -1.3718e+02
-1.4300e+02 -1.4243e+02 -1.3864e+02 -1.3890e+02
-1.4298e+02 -1.4216e+02 -1.3719e+02 -1.4140e+02
-1.4302e+02 -1.4254e+02 -1.3884e+02 -1.5046e+02
# New trial
-1.4302e+02 -1.4260e+02 -1.3897e+02 -1.3387e+02
-1.4300e+02 -1.4241e+02 -1.3778e+02 -1.3386e+02
-1.4296e+02 -1.4198e+02 -1.3619e+02 -1.3908e+02
-1.4299e+02 -1.4230e+02 -1.3756e+02 -1.5506e+02
# New trial
-1.4300e+02 -1.4242e+02 -1.3794e+02 -1.3388e+02
-1.4298e+02 -1.4219e+02 -1.3699e+02 -1.3395e+02
-1.4294e+02 -1.4181e+02 -1.3515e+02 -1.3385e+02
-1.4300e+02 -1.4244e+02 -1.3788e+02 -1.3424e+02
# New trial
-1.4303e+02 -1.4268e+02 -1.3963e+02 -1.3552e+02
-1.4302e+02 -1.4259e+02 -1.3916e+02 -1.3930e+02
-1.4300e+02 -1.4243e+02 -1.3923e+02 -1.5929e+02
-1.4303e+02 -1.4265e+02 -1.4023e+02 -1.6624e+02
# New trial
-1.4303e+02 -1.4270e+02 -1.3959e+02 -1.3542e+02
-1.4301e+02 -1.4249e+02 -1.3815e+02 -1.3412e+02
-1.4296e+02 -1.4199e+02 -1.3565e+02 -1.3389e+02
-1.4298e+02 -1.4224e+02 -1.3783e+02 -1.6081e+02
# New trial
-1.4303e+02 -1.4264e+02 -1.3922e+02 -1.3456e+02
-1.4301e+02 -1.4250e+02 -1.3845e+02 -1.3510e+02
-1.4299e+02 -1.4225e+02 -1.3699e+02 -1.3393e+02
-1.4302e+02 -1.4258e+02 -1.3862e+02 -1.3950e+02
# New trial
-1.4303e+02 -1.4265e+02 -1.3929e+02 -1.3387e+02
-1.4301e+02 -1.4251e+02 -1.3817e+02 -1.3384e+02
-1.4298e+02 -1.4215e+02 -1.3569e+02 -1.3384e+02
-1.4300e+02 -1.4238e+02 -1.3709e+02 -1.3423e+02
# New trial
-1.4302e+02 -1.4262e+02 -1.3918e+02 -1.3451e+02
-1.4300e+02 -1.4242e+02 -1.3775e+02 -1.3386e+02
-1.4294e+02 -1.4182e+02 -1.3510e+02 -1.3384e+02
-1.4296e+02 -1.4196e+02 -1.3525e+02 -1.3385e+02
# New trial
-1.4301e+02 -1.4252e+02 -1.3854e+02 -1.3498e+02
-1.4300e+02 -1.4235e+02 -1.3772e+02 -1.3494e+02
-1.4296e+02 -1.4201e+02 -1.3661e+02 -1.3923e+02
-1.4302e+02 -1.4257e+02 -1.3931e+02 -1.5915e+02
# New trial
-1.4301e+02 -1.4249e+02 -1.3896e+02 -1.3693e+02
-1.4299e+02 -1.4236e+02 -1.3899e+02 -1.4632e+02
-1.4297e+02 -1.4214e+02 -1.3859e+02 -1.5686e+02
-1.4302e+02 -1.4262e+02 -1.3944e+02 -1.4970e+02
# New trial
-1.4304e+02 -1.4275e+02 -1.4002e+02 -1.3387e+02
-1.4303e+02 -1.4269e+02 -1.3950e+02 -1.3387e+02
-1.4301e+02 -1.4251e+02 -1.3801e+02 -1.3387e+02
-1.4302e+02 -1.4261e+02 -1.3882e+02 -1.3422e+02
# New trial
-1.4303e+02 -1.4266e+02 -1.3934e+02 -1.3410e+02
-1.4301e+02 -1.4250e+02 -1.3819e+02 -1.3400e+02
-1.4296e+02 -1.4199e+02 -1.3594e+02 -1.3389e+02
-1.4294e+02 -1.4180e+02 -1.3542e+02 -1.3406e+02
# New trial
-1.4304e+02 -1.4276e+02 -1.4012e+02 -1.3384e+02
-1.4303e+02 -1.4267e+02 -1.3930e+02 -1.3384e+02
-1.4300e+02 -1.4237e+02 -1.3677e+02 -1.3384e+02
-1.4298e+02 -1.4217e+02 -1.3530e+02 -1.3384e+02
# New trial
-1.4303e+02 -1.4272e+02 -1.3971e+02 -1.3438e+02
-1.4302e+02 -1.4263e+02 -1.3891e+02 -1.3485e+02
-1.4299e+02 -1.4232e+02 -1.3675e+02 -1.3555e+02
-1.4299e+02 -1.4226e+02 -1.3606e+02 -1.3384e+02
# New trial
-1.4301e+02 -1.4250e+02 -1.3860e+02 -1.3397e+02
-1.4299e+02 -1.4233e+02 -1.3788e+02 -1.3444e+02
-1.4297e+02 -1.4207e+02 -1.3661e+02 -1.3847e+02
-1.4301e+02 -1.4254e+02 -1.3904e+02 -1.5736e+02
# New trial
-1.4302e+02 -1.4257e+02 -1.3876e+02 -1.3408e+02
-1.4300e+02 -1.4242e+02 -1.3803e+02 -1.3395e+02
-1.4297e+02 -1.4213e+02 -1.3620e+02 -1.3384e+02
-1.4300e+02 -1.4242e+02 -1.3783e+02 -1.5126e+02
# New trial
-1.4302e+02 -1.4255e+02 -1.3923e+02 -1.3560e+02
-1.4299e+02 -1.4234e+02 -1.3811e+02 -1.3416e+02
-1.4296e+02 -1.4201e+02 -1.3742e+02 -1.3999e+02
-1.4303e+02 -1.4274e+02 -1.4267e+02 -2.0549e+02
# New trial
-1.4302e+02 -1.4258e+02 -1.3969e+02 -1.4378e+02
-1.4301e+02 -1.4248e+02 -1.3947e+02 -1.4839e+02
-1.4303e+02 -1.4273e+02 -1.4150e+02 -1.8180e+02
-1.4307e+02 -1.4306e+02 -1.4547e+02 -2.3619e+02
# New trial
-1.4302e+02 -1.4262e+02 -1.3917e+02 -1.3410e+02
-1.4301e+02 -1.4250e+02 -1.3838e+02 -1.3387e+02
-1.4298e+02 -1.4222e+02 -1.3675e+02 -1.3686e+02
-1.4302e+02 -1.4254e+02 -1.3859e+02 -1.4848e+02
# New trial
-1.4299e+02 -1.4228e+02 -1.3835e+02 -1.3476e+02
-1.4296e+02 -1.4206e+02 -1.3770e+02 -1.3465e+02
-1.4296e+02 -1.4209e+02 -1.3831e+02 -1.5401e+02
-1.4304e+02 -1.4285e+02 -1.4195e+02 -1.7798e+02
# New trial
-1.4303e+02 -1.4268e+02 -1.3959e+02 -1.3401e+02
-1.4302e+02 -1.4255e+02 -1.3877e+02 -1.3415e+02
-1.4298e+02 -1.4223e+02 -1.3684e+02 -1.3397e+02
-1.4300e+02 -1.4244e+02 -1.3782e+02 -1.4089e+02
# New trial
-1.4305e+02 -1.4284e+02 -1.4085e+02 -1.3461e+02
-1.4303e+02 -1.4273e+02 -1.3987e+02 -1.3410e+02
-1.4301e+02 -1.4246e+02 -1.3774e+02 -1.3427e+02
-1.4300e+02 -1.4243e+02 -1.3802e+02 -1.5432e+02
# New trial
-1.4298e+02 -1.4225e+02 -1.3814e+02 -1.3393e+02
-1.4297e+02 -1.4211e+02 -1.3798e+02 -1.3538e+02
-1.4299e+02 -1.4236e+02 -1.4043e+02 -1.7114e+02
-1.4306e+02 -1.4295e+02 -1.4265e+02 -1.8793e+02
# New trial
-1.4304e+02 -1.4276e+02 -1.4039e+02 -1.3991e+02
-1.4302e+02 -1.4262e+02 -1.3968e+02 -1.4316e+02
-1.4300e+02 -1.4236e+02 -1.3960e+02 -1.6406e+02
-1.4302e+02 -1.4264e+02 -1.4029e+02 -1.6607e+02
# New trial
-1.4304e+02 -1.4279e+02 -1.4044e+02 -1.3407e+02
-1.4303e+02 -1.4270e+02 -1.3967e+02 -1.3406e+02
-1.4300e+02 -1.4243e+02 -1.3786e+02 -1.3448e+02
-1.4302e+02 -1.4258e+02 -1.3856e+02 -1.3422e+02
# New trial
-1.4304e+02 -1.4275e+02 -1.4006e+02 -1.3445e+02
-1.4302e+02 -1.4260e+02 -1.3913e+02 -1.3561e+02
-1.4298e+02 -1.4216e+02 -1.3622e+02 -1.3384e+02
-1.4296e+02 -1.4200e+02 -1.3468e+02 -1.3384e+02
# New trial
-1.4303e+02 -1.4272e+02 -1.3983e+02 -1.3408e+02
-1.4302e+02 -1.4258e+02 -1.3895e+02 -1.3515e+02
-1.4298e+02 -1.4221e+02 -1.3693e+02 -1.3441e+02
-1.4298e+02 -1.4224e+02 -1.3674e+02 -1.4267e+02
# New trial
-1.4304e+02 -1.4279e+02 -1.4042e+02 -1.3408e+02
-1.4303e+02 -1.4272e+02 -1.3988e+02 -1.3408e+02
-1.4301e+02 -1.4249e+02 -1.3798e+02 -1.3436e+02
-1.4301e+02 -1.4248e+02 -1.3766e+02 -1.3401e+02
# New trial
-1.4302e+02 -1.4258e+02 -1.3895e+02 -1.3394e+02
-1.4301e+02 -1.4245e+02 -1.3813e+02 -1.3385e+02
-1.4298e+02 -1.4217e+02 -1.3654e+02 -1.3384e+02
-1.4302e+02 -1.4263e+02 -1.3930e+02 -1.5124e+02
# New trial
