# 0.1sig - Array shape (trial/sig/alpha): (30L, 4L, 4L)
-1.0082e+02 -9.5058e+01 -8.4285e+01 -3.6735e+02
-1.0085e+02 -9.5253e+01 -7.1070e+01 -1.3456e+02
-1.0092e+02 -9.5763e+01 -7.3479e+01 -2.6956e+02
-1.0138e+02 -1.0002e+02 -9.2374e+01 -3.4205e+02
# New trial
-1.0113e+02 -9.7792e+01 -8.3724e+01 -1.9389e+02
-1.0112e+02 -9.7615e+01 -7.9063e+01 -1.5271e+02
-1.0105e+02 -9.6829e+01 -6.8687e+01 -1.3971e+02
-1.0123e+02 -9.8579e+01 -7.8278e+01 -1.3038e+02
# New trial
-1.0120e+02 -9.8571e+01 -1.0486e+02 -4.4812e+02
-1.0104e+02 -9.6823e+01 -7.5128e+01 -2.0986e+02
-1.0081e+02 -9.4432e+01 -5.9901e+01 -1.7068e+02
-1.0103e+02 -9.6525e+01 -7.4579e+01 -2.7275e+02
# New trial
-1.0115e+02 -9.7934e+01 -9.7388e+01 -5.2605e+02
-1.0105e+02 -9.6814e+01 -7.2022e+01 -2.0613e+02
-1.0088e+02 -9.5108e+01 -7.3095e+01 -3.3068e+02
-1.0105e+02 -9.6833e+01 -8.2994e+01 -3.8353e+02
# New trial
-1.0115e+02 -9.8046e+01 -9.9906e+01 -4.5320e+02
-1.0110e+02 -9.7366e+01 -7.4120e+01 -9.6452e+01
-1.0107e+02 -9.7024e+01 -6.8931e+01 -1.4427e+02
-1.0132e+02 -9.9458e+01 -8.3006e+01 -1.2854e+02
# New trial
-1.0127e+02 -9.9042e+01 -8.9788e+01 -2.4744e+02
-1.0121e+02 -9.8457e+01 -8.1567e+01 -1.3727e+02
-1.0117e+02 -9.7998e+01 -7.3941e+01 -1.3417e+02
-1.0137e+02 -9.9898e+01 -8.6647e+01 -1.4111e+02
# New trial
-1.0121e+02 -9.8402e+01 -8.3939e+01 -1.8762e+02
-1.0113e+02 -9.7658e+01 -7.7283e+01 -1.5976e+02
-1.0101e+02 -9.6406e+01 -6.4420e+01 -1.3006e+02
-1.0123e+02 -9.8559e+01 -7.6594e+01 -9.1945e+01
# New trial
-1.0104e+02 -9.6939e+01 -1.0194e+02 -5.1197e+02
-1.0106e+02 -9.6973e+01 -7.7081e+01 -1.6621e+02
-1.0110e+02 -9.7244e+01 -6.9887e+01 -1.6736e+02
-1.0138e+02 -1.0002e+02 -8.7971e+01 -1.2288e+02
# New trial
-1.0087e+02 -9.5511e+01 -7.6028e+01 -2.0184e+02
-1.0078e+02 -9.4602e+01 -6.8209e+01 -1.6072e+02
-1.0087e+02 -9.5281e+01 -7.2858e+01 -2.6412e+02
-1.0137e+02 -1.0001e+02 -9.3320e+01 -3.8457e+02
# New trial
-1.0111e+02 -9.7598e+01 -8.2964e+01 -2.2367e+02
-1.0104e+02 -9.6857e+01 -7.6253e+01 -1.9986e+02
-1.0095e+02 -9.5847e+01 -6.4389e+01 -1.6561e+02
-1.0121e+02 -9.8356e+01 -7.6113e+01 -1.0901e+02
# New trial
-1.0120e+02 -9.8433e+01 -8.5038e+01 -1.7725e+02
-1.0109e+02 -9.7268e+01 -7.5439e+01 -1.8510e+02
-1.0089e+02 -9.5187e+01 -5.9662e+01 -1.3164e+02
-1.0112e+02 -9.7468e+01 -7.1361e+01 -1.2494e+02
# New trial
-1.0107e+02 -9.7217e+01 -9.5283e+01 -4.6919e+02
-1.0103e+02 -9.6851e+01 -8.1465e+01 -2.0590e+02
-1.0109e+02 -9.7248e+01 -7.5870e+01 -2.1588e+02
-1.0141e+02 -1.0035e+02 -9.3312e+01 -2.7414e+02
# New trial
-1.0113e+02 -9.7981e+01 -1.0438e+02 -4.9037e+02
-1.0114e+02 -9.7845e+01 -8.1146e+01 -1.6889e+02
-1.0113e+02 -9.7582e+01 -7.3476e+01 -2.0530e+02
-1.0140e+02 -1.0018e+02 -8.9292e+01 -1.1194e+02
# New trial
-1.0132e+02 -9.9644e+01 -1.0221e+02 -3.7136e+02
-1.0120e+02 -9.8295e+01 -7.7674e+01 -1.4228e+02
-1.0106e+02 -9.6837e+01 -6.8303e+01 -2.0233e+02
-1.0115e+02 -9.7735e+01 -7.6447e+01 -2.4387e+02
# New trial
-1.0089e+02 -9.5928e+01 -8.7538e+01 -2.5764e+02
-1.0073e+02 -9.4051e+01 -6.4376e+01 -1.5089e+02
-1.0073e+02 -9.3767e+01 -5.9629e+01 -1.7316e+02
-1.0129e+02 -9.9148e+01 -8.3586e+01 -2.0489e+02
# New trial
-1.0098e+02 -9.6818e+01 -1.1606e+02 -6.5620e+02
-1.0084e+02 -9.5133e+01 -7.9684e+01 -2.9411e+02
-1.0073e+02 -9.3867e+01 -7.0573e+01 -2.9341e+02
-1.0122e+02 -9.8497e+01 -8.3300e+01 -2.9273e+02
# New trial
-1.0109e+02 -9.7398e+01 -8.9494e+01 -2.9271e+02
-1.0103e+02 -9.6771e+01 -7.7340e+01 -2.0359e+02
-1.0100e+02 -9.6372e+01 -6.8491e+01 -1.5626e+02
-1.0126e+02 -9.8853e+01 -8.1474e+01 -1.9858e+02
# New trial
-1.0124e+02 -9.8740e+01 -9.0862e+01 -3.0680e+02
-1.0115e+02 -9.7773e+01 -7.6340e+01 -1.7515e+02
-1.0102e+02 -9.6463e+01 -6.3123e+01 -1.0826e+02
-1.0120e+02 -9.8184e+01 -7.5033e+01 -1.7572e+02
# New trial
-1.0117e+02 -9.7994e+01 -7.5839e+01 -1.1673e+02
-1.0111e+02 -9.7384e+01 -7.1415e+01 -1.0290e+02
-1.0107e+02 -9.7018e+01 -6.7709e+01 -1.5276e+02
-1.0129e+02 -9.9164e+01 -8.2164e+01 -1.8439e+02
# New trial
-1.0123e+02 -9.8904e+01 -1.1366e+02 -5.4010e+02
-1.0108e+02 -9.7251e+01 -7.8724e+01 -1.7217e+02
-1.0089e+02 -9.5322e+01 -7.1864e+01 -3.1374e+02
-1.0120e+02 -9.8278e+01 -7.9669e+01 -2.7977e+02
# New trial
-1.0111e+02 -9.7622e+01 -9.8115e+01 -4.1039e+02
-1.0105e+02 -9.6899e+01 -7.7741e+01 -2.2447e+02
-1.0103e+02 -9.6656e+01 -7.6458e+01 -3.1794e+02
-1.0136e+02 -9.9879e+01 -9.2971e+01 -3.9193e+02
# New trial
-1.0121e+02 -9.8513e+01 -9.7812e+01 -4.8355e+02
-1.0113e+02 -9.7681e+01 -7.9422e+01 -1.8955e+02
-1.0109e+02 -9.7206e+01 -7.1112e+01 -1.5245e+02
-1.0138e+02 -9.9980e+01 -8.9359e+01 -2.3068e+02
# New trial
-1.0107e+02 -9.7075e+01 -7.2797e+01 -1.5990e+02
-1.0102e+02 -9.6566e+01 -6.6956e+01 -1.4295e+02
-1.0098e+02 -9.6036e+01 -6.0281e+01 -8.3176e+01
-1.0123e+02 -9.8562e+01 -7.7324e+01 -9.2417e+01
# New trial
-1.0114e+02 -9.7675e+01 -7.8246e+01 -1.5207e+02
-1.0111e+02 -9.7419e+01 -7.4011e+01 -1.5244e+02
-1.0110e+02 -9.7292e+01 -6.9058e+01 -1.7640e+02
-1.0132e+02 -9.9438e+01 -8.2956e+01 -9.7690e+01
# New trial
-1.0126e+02 -9.8955e+01 -9.8461e+01 -4.6773e+02
-1.0125e+02 -9.8758e+01 -8.3465e+01 -1.4505e+02
-1.0120e+02 -9.8211e+01 -7.4266e+01 -1.3968e+02
-1.0130e+02 -9.9179e+01 -8.0061e+01 -7.5474e+01
# New trial
-1.0108e+02 -9.7593e+01 -1.0496e+02 -4.2717e+02
-1.0094e+02 -9.5789e+01 -6.7141e+01 -1.7849e+02
-1.0093e+02 -9.5550e+01 -6.3931e+01 -1.8511e+02
-1.0127e+02 -9.8892e+01 -8.5706e+01 -2.6835e+02
# New trial
-1.0112e+02 -9.7508e+01 -7.8217e+01 -2.5209e+02
-1.0118e+02 -9.8056e+01 -7.5703e+01 -1.4581e+02
-1.0128e+02 -9.9042e+01 -7.9888e+01 -1.2236e+02
-1.0147e+02 -1.0089e+02 -9.5475e+01 -1.2689e+02
# New trial
-1.0113e+02 -9.7870e+01 -9.5683e+01 -3.6508e+02
-1.0102e+02 -9.6711e+01 -7.7514e+01 -2.6140e+02
-1.0096e+02 -9.6048e+01 -7.9519e+01 -3.3166e+02
-1.0131e+02 -9.9362e+01 -9.1182e+01 -3.6539e+02
# New trial
-1.0114e+02 -9.7811e+01 -9.1341e+01 -3.2933e+02
-1.0105e+02 -9.6906e+01 -7.9741e+01 -2.5428e+02
-1.0093e+02 -9.5622e+01 -6.6602e+01 -2.1891e+02
-1.0120e+02 -9.8201e+01 -7.8671e+01 -2.5848e+02
# New trial
-1.0115e+02 -9.7798e+01 -8.0714e+01 -1.9957e+02
-1.0118e+02 -9.8135e+01 -7.7304e+01 -1.3187e+02
-1.0129e+02 -9.9104e+01 -8.1222e+01 -1.4843e+02
-1.0146e+02 -1.0078e+02 -9.4534e+01 -1.3654e+02
# New trial
