# 0.01sig - Array shape (trial/sig/alpha): (30L, 4L, 4L)
-1.1479e+02 -1.0989e+02 -9.1395e+01 -3.0562e+02
-1.1479e+02 -1.0978e+02 -8.7286e+01 -3.2236e+02
-1.1486e+02 -1.1039e+02 -8.5573e+01 -3.0411e+02
-1.1523e+02 -1.1392e+02 -1.0394e+02 -3.2154e+02
# New trial
-1.1465e+02 -1.0864e+02 -9.2954e+01 -3.6415e+02
-1.1465e+02 -1.0846e+02 -8.4718e+01 -2.5425e+02
-1.1481e+02 -1.0995e+02 -8.7666e+01 -3.3680e+02
-1.1526e+02 -1.1417e+02 -1.0590e+02 -3.0314e+02
# New trial
-1.1466e+02 -1.0878e+02 -8.8280e+01 -2.9682e+02
-1.1462e+02 -1.0818e+02 -7.8552e+01 -2.6787e+02
-1.1460e+02 -1.0776e+02 -6.7479e+01 -1.5258e+02
-1.1515e+02 -1.1314e+02 -9.5090e+01 -1.8585e+02
# New trial
-1.1465e+02 -1.0897e+02 -1.0211e+02 -4.6032e+02
-1.1461e+02 -1.0848e+02 -9.5510e+01 -4.4307e+02
-1.1481e+02 -1.1009e+02 -9.6213e+01 -4.8949e+02
-1.1527e+02 -1.1437e+02 -1.1118e+02 -4.7564e+02
# New trial
-1.1492e+02 -1.1110e+02 -9.6512e+01 -3.3423e+02
-1.1478e+02 -1.0968e+02 -8.4500e+01 -3.0384e+02
-1.1469e+02 -1.0863e+02 -7.4323e+01 -2.6700e+02
-1.1501e+02 -1.1179e+02 -8.7773e+01 -1.4327e+02
# New trial
-1.1471e+02 -1.0917e+02 -9.1975e+01 -4.0019e+02
-1.1470e+02 -1.0892e+02 -8.0416e+01 -2.4870e+02
-1.1475e+02 -1.0926e+02 -8.3877e+01 -3.3710e+02
-1.1520e+02 -1.1359e+02 -1.0501e+02 -3.8239e+02
# New trial
-1.1470e+02 -1.0910e+02 -9.7385e+01 -3.6589e+02
-1.1471e+02 -1.0914e+02 -8.8081e+01 -2.5519e+02
-1.1494e+02 -1.1117e+02 -9.1145e+01 -2.7578e+02
-1.1530e+02 -1.1458e+02 -1.0879e+02 -1.9966e+02
# New trial
-1.1463e+02 -1.0851e+02 -8.6398e+01 -2.8609e+02
-1.1467e+02 -1.0869e+02 -8.0705e+01 -2.2866e+02
-1.1476e+02 -1.0935e+02 -8.4757e+01 -3.3172e+02
-1.1518e+02 -1.1346e+02 -1.0500e+02 -4.1205e+02
# New trial
-1.1474e+02 -1.0945e+02 -9.4042e+01 -3.7463e+02
-1.1468e+02 -1.0885e+02 -8.9628e+01 -4.2008e+02
-1.1457e+02 -1.0760e+02 -8.8606e+01 -4.9125e+02
-1.1513e+02 -1.1295e+02 -1.0017e+02 -3.5363e+02
# New trial
-1.1477e+02 -1.0977e+02 -9.9042e+01 -3.9008e+02
-1.1481e+02 -1.1009e+02 -9.5743e+01 -3.8875e+02
-1.1495e+02 -1.1130e+02 -9.6687e+01 -4.3947e+02
-1.1529e+02 -1.1458e+02 -1.1092e+02 -4.0468e+02
# New trial
-1.1439e+02 -1.0629e+02 -8.1139e+01 -2.1797e+02
-1.1447e+02 -1.0701e+02 -8.4459e+01 -2.8860e+02
-1.1481e+02 -1.1018e+02 -1.1138e+02 -6.3250e+02
-1.1530e+02 -1.1469e+02 -1.1224e+02 -2.8073e+02
# New trial
-1.1493e+02 -1.1101e+02 -8.1105e+01 -1.0350e+02
-1.1499e+02 -1.1158e+02 -8.4276e+01 -1.1324e+02
-1.1508e+02 -1.1247e+02 -9.0851e+01 -1.7321e+02
-1.1528e+02 -1.1436e+02 -1.0571e+02 -1.2228e+02
# New trial
-1.1472e+02 -1.0909e+02 -9.2664e+01 -3.7051e+02
-1.1468e+02 -1.0870e+02 -8.5324e+01 -3.2911e+02
-1.1461e+02 -1.0792e+02 -8.5787e+01 -4.1675e+02
-1.1507e+02 -1.1237e+02 -9.7320e+01 -3.1667e+02
# New trial
-1.1495e+02 -1.1116e+02 -8.4192e+01 -1.3661e+02
-1.1490e+02 -1.1064e+02 -7.9473e+01 -1.2343e+02
-1.1488e+02 -1.1044e+02 -7.8378e+01 -1.7280e+02
-1.1514e+02 -1.1297e+02 -9.3709e+01 -1.3645e+02
# New trial
-1.1489e+02 -1.1062e+02 -8.4313e+01 -2.2508e+02
-1.1491e+02 -1.1079e+02 -8.1530e+01 -1.9048e+02
-1.1495e+02 -1.1117e+02 -8.3942e+01 -2.2824e+02
-1.1521e+02 -1.1373e+02 -1.0024e+02 -1.3697e+02
# New trial
-1.1455e+02 -1.0772e+02 -8.6613e+01 -3.5473e+02
-1.1456e+02 -1.0778e+02 -8.1359e+01 -2.8134e+02
-1.1481e+02 -1.1002e+02 -8.8260e+01 -3.7693e+02
-1.1529e+02 -1.1456e+02 -1.0844e+02 -2.3152e+02
# New trial
-1.1453e+02 -1.0744e+02 -7.1178e+01 -1.6730e+02
-1.1459e+02 -1.0801e+02 -7.6288e+01 -2.1001e+02
-1.1480e+02 -1.0983e+02 -8.4276e+01 -3.3027e+02
-1.1523e+02 -1.1397e+02 -1.0431e+02 -3.3214e+02
# New trial
-1.1467e+02 -1.0946e+02 -1.1393e+02 -5.4372e+02
-1.1470e+02 -1.0941e+02 -1.0437e+02 -4.7304e+02
-1.1489e+02 -1.1091e+02 -1.0679e+02 -5.5101e+02
-1.1529e+02 -1.1449e+02 -1.0948e+02 -3.7962e+02
# New trial
-1.1499e+02 -1.1157e+02 -9.0384e+01 -1.9755e+02
-1.1498e+02 -1.1146e+02 -8.4815e+01 -1.4210e+02
-1.1495e+02 -1.1117e+02 -7.9613e+01 -1.4437e+02
-1.1514e+02 -1.1300e+02 -9.3604e+01 -8.8357e+01
# New trial
-1.1484e+02 -1.1021e+02 -8.5923e+01 -2.6025e+02
-1.1487e+02 -1.1043e+02 -8.5189e+01 -2.3380e+02
-1.1492e+02 -1.1088e+02 -8.5763e+01 -3.1088e+02
-1.1520e+02 -1.1362e+02 -1.0114e+02 -2.8305e+02
# New trial
-1.1445e+02 -1.0683e+02 -7.5289e+01 -1.7489e+02
-1.1444e+02 -1.0694e+02 -7.9578e+01 -1.6459e+02
-1.1479e+02 -1.1000e+02 -9.5467e+01 -3.1588e+02
-1.1531e+02 -1.1478e+02 -1.1193e+02 -3.3820e+02
# New trial
-1.1465e+02 -1.0860e+02 -9.5317e+01 -3.8992e+02
-1.1470e+02 -1.0893e+02 -8.3242e+01 -2.3901e+02
-1.1485e+02 -1.1028e+02 -8.5058e+01 -2.5844e+02
-1.1525e+02 -1.1412e+02 -1.0549e+02 -2.4008e+02
# New trial
-1.1501e+02 -1.1189e+02 -1.0045e+02 -3.6642e+02
-1.1499e+02 -1.1158e+02 -9.0410e+01 -2.3269e+02
-1.1493e+02 -1.1099e+02 -8.0083e+01 -1.8476e+02
-1.1509e+02 -1.1249e+02 -8.9553e+01 -1.1047e+02
# New trial
-1.1433e+02 -1.0621e+02 -9.7110e+01 -4.2736e+02
-1.1439e+02 -1.0679e+02 -9.7629e+01 -4.4695e+02
-1.1483e+02 -1.1055e+02 -1.0891e+02 -5.4198e+02
-1.1533e+02 -1.1492e+02 -1.1339e+02 -3.2701e+02
# New trial
-1.1482e+02 -1.1002e+02 -8.9447e+01 -2.6132e+02
-1.1474e+02 -1.0936e+02 -8.3863e+01 -2.0426e+02
-1.1477e+02 -1.0961e+02 -9.1505e+01 -3.6152e+02
-1.1523e+02 -1.1395e+02 -1.0705e+02 -4.4655e+02
# New trial
-1.1478e+02 -1.0975e+02 -9.1969e+01 -3.4936e+02
-1.1484e+02 -1.1025e+02 -8.7237e+01 -2.3338e+02
-1.1496e+02 -1.1126e+02 -8.6673e+01 -2.6454e+02
-1.1526e+02 -1.1417e+02 -1.0475e+02 -1.9488e+02
# New trial
-1.1486e+02 -1.1052e+02 -9.2158e+01 -3.1417e+02
-1.1479e+02 -1.0981e+02 -8.4444e+01 -2.7500e+02
-1.1478e+02 -1.0959e+02 -8.1425e+01 -3.1111e+02
-1.1510e+02 -1.1263e+02 -9.3394e+01 -2.4854e+02
# New trial
-1.1488e+02 -1.1061e+02 -8.9746e+01 -2.7011e+02
-1.1478e+02 -1.0968e+02 -8.0338e+01 -1.9267e+02
-1.1469e+02 -1.0862e+02 -7.0315e+01 -1.8191e+02
-1.1509e+02 -1.1254e+02 -9.1146e+01 -2.3813e+02
# New trial
-1.1486e+02 -1.1057e+02 -9.7780e+01 -3.5040e+02
-1.1492e+02 -1.1098e+02 -8.6823e+01 -1.8775e+02
-1.1498e+02 -1.1145e+02 -8.5023e+01 -2.1319e+02
-1.1522e+02 -1.1378e+02 -1.0198e+02 -2.3822e+02
# New trial
-1.1474e+02 -1.0953e+02 -1.1115e+02 -5.9711e+02
-1.1475e+02 -1.0941e+02 -8.9873e+01 -3.6457e+02
-1.1485e+02 -1.1022e+02 -9.0854e+01 -4.4699e+02
-1.1524e+02 -1.1402e+02 -1.0476e+02 -2.9462e+02
# New trial
