# 0.1sig - Array shape (trial/sig/alpha): (30L, 4L, 4L)
-4.6153e+01 -4.6903e+01 -8.6132e+01 -6.1939e+02
-4.6179e+01 -4.6697e+01 -6.4244e+01 -3.4203e+02
-4.6159e+01 -4.6296e+01 -5.3216e+01 -2.7046e+02
-4.6149e+01 -4.6133e+01 -4.6299e+01 -8.3403e+01
# New trial
-4.6118e+01 -4.5980e+01 -5.5135e+01 -2.4139e+02
-4.6158e+01 -4.6310e+01 -5.2786e+01 -1.7663e+02
-4.6155e+01 -4.6212e+01 -4.8541e+01 -1.4033e+02
-4.6152e+01 -4.6161e+01 -4.6537e+01 -1.0038e+02
# New trial
-4.6156e+01 -4.6455e+01 -7.1105e+01 -4.4591e+02
-4.6155e+01 -4.6296e+01 -5.8875e+01 -3.0833e+02
-4.6140e+01 -4.6068e+01 -4.8269e+01 -2.1215e+02
-4.6149e+01 -4.6131e+01 -4.6114e+01 -8.0448e+01
# New trial
-4.6149e+01 -4.6337e+01 -7.3559e+01 -5.2465e+02
-4.6151e+01 -4.6266e+01 -6.1342e+01 -3.9028e+02
-4.6159e+01 -4.6264e+01 -5.2895e+01 -3.3893e+02
-4.6150e+01 -4.6146e+01 -4.6424e+01 -1.3291e+02
# New trial
-4.6105e+01 -4.6121e+01 -7.2460e+01 -4.5263e+02
-4.6097e+01 -4.5758e+01 -5.1197e+01 -1.9761e+02
-4.6130e+01 -4.5977e+01 -4.7118e+01 -1.4513e+02
-4.6148e+01 -4.6126e+01 -4.6973e+01 -1.2903e+02
# New trial
-4.6112e+01 -4.5865e+01 -5.2527e+01 -2.3627e+02
-4.6125e+01 -4.5963e+01 -4.9790e+01 -1.7322e+02
-4.6140e+01 -4.6059e+01 -4.6798e+01 -1.2836e+02
-4.6150e+01 -4.6144e+01 -4.6363e+01 -8.6237e+01
# New trial
-4.6042e+01 -4.5305e+01 -5.4391e+01 -2.7943e+02
-4.6095e+01 -4.5779e+01 -5.2367e+01 -2.1859e+02
-4.6127e+01 -4.5984e+01 -4.7984e+01 -1.5269e+02
-4.6147e+01 -4.6114e+01 -4.6041e+01 -6.2768e+01
# New trial
-4.6132e+01 -4.6313e+01 -8.0561e+01 -5.7849e+02
-4.6137e+01 -4.6118e+01 -5.6381e+01 -3.0119e+02
-4.6138e+01 -4.6039e+01 -4.6833e+01 -1.7330e+02
-4.6150e+01 -4.6139e+01 -4.6090e+01 -5.2446e+01
# New trial
-4.6047e+01 -4.5759e+01 -6.8850e+01 -4.3073e+02
-4.6112e+01 -4.6119e+01 -5.9468e+01 -3.1958e+02
-4.6141e+01 -4.6117e+01 -5.0745e+01 -2.5188e+02
-4.6154e+01 -4.6181e+01 -4.7238e+01 -1.9015e+02
# New trial
-4.6087e+01 -4.5780e+01 -6.2932e+01 -3.7763e+02
-4.6129e+01 -4.6092e+01 -5.6099e+01 -2.7957e+02
-4.6146e+01 -4.6140e+01 -4.9242e+01 -1.6977e+02
-4.6150e+01 -4.6144e+01 -4.6245e+01 -6.8499e+01
# New trial
-4.6178e+01 -4.6669e+01 -6.4739e+01 -3.3458e+02
-4.6206e+01 -4.6864e+01 -6.2863e+01 -3.1772e+02
-4.6173e+01 -4.6409e+01 -5.0949e+01 -1.6857e+02
-4.6150e+01 -4.6148e+01 -4.6265e+01 -6.2833e+01
# New trial
-4.6149e+01 -4.6550e+01 -7.9054e+01 -5.7005e+02
-4.6135e+01 -4.6253e+01 -6.4399e+01 -3.6893e+02
-4.6124e+01 -4.5941e+01 -4.8342e+01 -2.0980e+02
-4.6143e+01 -4.6082e+01 -4.5917e+01 -7.7778e+01
# New trial
-4.6190e+01 -4.7010e+01 -9.1076e+01 -7.3550e+02
-4.6160e+01 -4.6470e+01 -6.3334e+01 -3.6258e+02
-4.6130e+01 -4.5996e+01 -4.7948e+01 -1.7427e+02
-4.6142e+01 -4.6070e+01 -4.5754e+01 -4.7699e+01
# New trial
-4.6140e+01 -4.6286e+01 -6.2025e+01 -3.2675e+02
-4.6134e+01 -4.6040e+01 -5.0323e+01 -2.1818e+02
-4.6137e+01 -4.6020e+01 -4.7557e+01 -2.3093e+02
-4.6150e+01 -4.6138e+01 -4.6228e+01 -1.0452e+02
# New trial
-4.6182e+01 -4.7214e+01 -8.5104e+01 -5.7160e+02
-4.6137e+01 -4.6426e+01 -6.9507e+01 -4.5939e+02
-4.6146e+01 -4.6184e+01 -5.2560e+01 -2.5703e+02
-4.6152e+01 -4.6160e+01 -4.6867e+01 -1.5766e+02
# New trial
-4.6176e+01 -4.6823e+01 -7.7309e+01 -5.4091e+02
-4.6207e+01 -4.6953e+01 -7.4504e+01 -5.2409e+02
-4.6176e+01 -4.6515e+01 -6.4152e+01 -4.3024e+02
-4.6153e+01 -4.6176e+01 -4.7793e+01 -1.7788e+02
# New trial
-4.6055e+01 -4.5748e+01 -7.4706e+01 -5.3997e+02
-4.6133e+01 -4.6235e+01 -6.3969e+01 -3.7886e+02
-4.6158e+01 -4.6257e+01 -5.0956e+01 -2.1576e+02
-4.6154e+01 -4.6179e+01 -4.7048e+01 -1.8545e+02
# New trial
-4.6129e+01 -4.6073e+01 -6.4111e+01 -4.3045e+02
-4.6130e+01 -4.6006e+01 -5.1720e+01 -2.6741e+02
-4.6133e+01 -4.5987e+01 -4.5523e+01 -7.4199e+01
-4.6147e+01 -4.6109e+01 -4.5911e+01 -5.3108e+01
# New trial
-4.6112e+01 -4.5850e+01 -5.3592e+01 -2.6802e+02
-4.6111e+01 -4.5821e+01 -5.0420e+01 -2.2146e+02
-4.6129e+01 -4.5950e+01 -4.5850e+01 -1.4137e+02
-4.6150e+01 -4.6137e+01 -4.6096e+01 -6.1042e+01
# New trial
-4.6054e+01 -4.5616e+01 -7.0452e+01 -4.9632e+02
-4.6112e+01 -4.6021e+01 -5.7957e+01 -2.9884e+02
-4.6158e+01 -4.6283e+01 -5.1008e+01 -2.1590e+02
-4.6150e+01 -4.6137e+01 -4.6088e+01 -5.2762e+01
# New trial
-4.6164e+01 -4.6592e+01 -7.3866e+01 -4.8953e+02
-4.6151e+01 -4.6285e+01 -5.7200e+01 -3.0757e+02
-4.6145e+01 -4.6131e+01 -4.9106e+01 -1.8932e+02
-4.6150e+01 -4.6144e+01 -4.6326e+01 -8.9732e+01
# New trial
-4.6169e+01 -4.6504e+01 -6.5870e+01 -4.0276e+02
-4.6151e+01 -4.6276e+01 -5.6493e+01 -2.9120e+02
-4.6144e+01 -4.6116e+01 -4.8380e+01 -1.7468e+02
-4.6148e+01 -4.6126e+01 -4.6046e+01 -5.6357e+01
# New trial
-4.6075e+01 -4.5544e+01 -5.5448e+01 -2.9114e+02
-4.6126e+01 -4.5972e+01 -5.2370e+01 -2.4740e+02
-4.6150e+01 -4.6158e+01 -4.7768e+01 -1.4512e+02
-4.6150e+01 -4.6141e+01 -4.6315e+01 -8.5848e+01
# New trial
-4.5969e+01 -4.4672e+01 -4.8370e+01 -2.1195e+02
-4.6076e+01 -4.5488e+01 -4.4950e+01 -1.4646e+02
-4.6134e+01 -4.5997e+01 -4.6541e+01 -1.7163e+02
-4.6150e+01 -4.6144e+01 -4.6240e+01 -1.0011e+02
# New trial
-4.6088e+01 -4.5714e+01 -6.1843e+01 -3.7735e+02
-4.6125e+01 -4.5948e+01 -5.0030e+01 -1.8099e+02
-4.6158e+01 -4.6226e+01 -4.7708e+01 -1.1427e+02
-4.6151e+01 -4.6151e+01 -4.6254e+01 -7.3143e+01
# New trial
-4.6185e+01 -4.6870e+01 -7.3097e+01 -4.5044e+02
-4.6176e+01 -4.6501e+01 -5.7515e+01 -2.8717e+02
-4.6152e+01 -4.6177e+01 -4.7676e+01 -1.4762e+02
-4.6150e+01 -4.6139e+01 -4.6117e+01 -5.9524e+01
# New trial
-4.6141e+01 -4.6158e+01 -5.9780e+01 -3.7679e+02
-4.6148e+01 -4.6163e+01 -5.1539e+01 -2.2480e+02
-4.6151e+01 -4.6158e+01 -4.7036e+01 -1.2767e+02
-4.6153e+01 -4.6168e+01 -4.6503e+01 -1.0900e+02
# New trial
-4.6266e+01 -4.7861e+01 -9.4312e+01 -6.8430e+02
-4.6226e+01 -4.7160e+01 -7.1077e+01 -4.5798e+02
-4.6174e+01 -4.6452e+01 -5.4500e+01 -2.8494e+02
-4.6149e+01 -4.6137e+01 -4.6387e+01 -9.8896e+01
# New trial
-4.6121e+01 -4.6024e+01 -6.3718e+01 -3.8519e+02
-4.6157e+01 -4.6312e+01 -6.0167e+01 -3.3105e+02
-4.6153e+01 -4.6188e+01 -4.8241e+01 -1.5236e+02
-4.6149e+01 -4.6135e+01 -4.6071e+01 -4.6279e+01
# New trial
-4.6012e+01 -4.4999e+01 -5.3393e+01 -2.9227e+02
-4.6056e+01 -4.5307e+01 -4.6373e+01 -1.8820e+02
-4.6128e+01 -4.5945e+01 -4.5584e+01 -1.1940e+02
-4.6150e+01 -4.6143e+01 -4.6146e+01 -5.9044e+01
# New trial
