# 0.1sig - Array shape (trial/sig/alpha): (30L, 4L, 4L)
-6.4322e+01 -6.2006e+01 -5.8639e+01 -1.6218e+02
-6.4355e+01 -6.2300e+01 -5.5655e+01 -7.9365e+01
-6.4476e+01 -6.3373e+01 -6.1181e+01 -1.6335e+02
-6.4596e+01 -6.4468e+01 -6.4060e+01 -1.3672e+02
# New trial
-6.4402e+01 -6.2660e+01 -5.5499e+01 -8.3294e+01
-6.4418e+01 -6.2818e+01 -5.4887e+01 -4.8100e+01
-6.4530e+01 -6.3842e+01 -6.0532e+01 -1.3811e+02
-6.4606e+01 -6.4554e+01 -6.4311e+01 -1.2275e+02
# New trial
-6.4463e+01 -6.3242e+01 -6.3171e+01 -1.6616e+02
-6.4431e+01 -6.2879e+01 -5.5563e+01 -9.7462e+01
-6.4400e+01 -6.2530e+01 -5.5057e+01 -1.3371e+02
-6.4525e+01 -6.3755e+01 -6.1241e+01 -1.4711e+02
# New trial
-6.4450e+01 -6.3121e+01 -6.7888e+01 -2.5617e+02
-6.4431e+01 -6.2863e+01 -5.5119e+01 -1.1142e+02
-6.4434e+01 -6.2868e+01 -5.2469e+01 -8.2272e+01
-6.4553e+01 -6.4028e+01 -5.9076e+01 -4.9287e+01
# New trial
-6.4449e+01 -6.3104e+01 -6.0746e+01 -1.5296e+02
-6.4461e+01 -6.3171e+01 -5.5417e+01 -5.5043e+01
-6.4494e+01 -6.3466e+01 -5.7114e+01 -1.1033e+02
-6.4583e+01 -6.4333e+01 -6.2966e+01 -1.3712e+02
# New trial
-6.4457e+01 -6.3121e+01 -5.6681e+01 -9.4841e+01
-6.4458e+01 -6.3138e+01 -5.5328e+01 -6.0805e+01
-6.4495e+01 -6.3470e+01 -5.6483e+01 -8.7636e+01
-6.4570e+01 -6.4197e+01 -6.1151e+01 -1.0906e+02
# New trial
-6.4464e+01 -6.3193e+01 -5.6774e+01 -8.8613e+01
-6.4448e+01 -6.3031e+01 -5.5125e+01 -7.9971e+01
-6.4463e+01 -6.3164e+01 -5.4891e+01 -8.6519e+01
-6.4572e+01 -6.4219e+01 -6.1282e+01 -1.1487e+02
# New trial
-6.4414e+01 -6.2828e+01 -6.9176e+01 -2.6464e+02
-6.4437e+01 -6.2964e+01 -5.7760e+01 -9.9814e+01
-6.4482e+01 -6.3339e+01 -5.5488e+01 -1.0916e+02
-6.4588e+01 -6.4380e+01 -6.2499e+01 -8.6863e+01
# New trial
-6.4362e+01 -6.2341e+01 -5.4103e+01 -6.6947e+01
-6.4339e+01 -6.2121e+01 -5.2324e+01 -6.4551e+01
-6.4467e+01 -6.3258e+01 -5.9901e+01 -1.6717e+02
-6.4604e+01 -6.4545e+01 -6.4862e+01 -1.4984e+02
# New trial
-6.4392e+01 -6.2529e+01 -5.4079e+01 -7.1214e+01
-6.4398e+01 -6.2579e+01 -5.4550e+01 -8.2014e+01
-6.4455e+01 -6.3098e+01 -5.7038e+01 -1.2029e+02
-6.4568e+01 -6.4185e+01 -6.1999e+01 -1.4274e+02
# New trial
-6.4472e+01 -6.3274e+01 -5.7071e+01 -7.8507e+01
-6.4424e+01 -6.2789e+01 -5.2487e+01 -7.1818e+01
-6.4381e+01 -6.2351e+01 -4.9306e+01 -6.5095e+01
-6.4523e+01 -6.3732e+01 -5.7190e+01 -5.5249e+01
# New trial
-6.4408e+01 -6.2732e+01 -6.1824e+01 -1.6941e+02
-6.4407e+01 -6.2713e+01 -5.8122e+01 -1.0803e+02
-6.4502e+01 -6.3578e+01 -6.1262e+01 -1.6782e+02
-6.4602e+01 -6.4524e+01 -6.5443e+01 -2.0828e+02
# New trial
-6.4472e+01 -6.3405e+01 -7.0291e+01 -2.6326e+02
-6.4497e+01 -6.3566e+01 -6.1071e+01 -1.2149e+02
-6.4511e+01 -6.3639e+01 -5.9073e+01 -1.3065e+02
-6.4592e+01 -6.4414e+01 -6.2915e+01 -8.8752e+01
# New trial
-6.4536e+01 -6.3999e+01 -7.1856e+01 -2.4521e+02
-6.4484e+01 -6.3396e+01 -5.7326e+01 -7.5190e+01
-6.4467e+01 -6.3187e+01 -5.3857e+01 -6.9588e+01
-6.4561e+01 -6.4112e+01 -6.0048e+01 -5.2116e+01
# New trial
-6.4390e+01 -6.2739e+01 -6.2922e+01 -1.5097e+02
-6.4328e+01 -6.2079e+01 -5.7346e+01 -1.3448e+02
-6.4390e+01 -6.2530e+01 -5.7910e+01 -1.5021e+02
-6.4588e+01 -6.4391e+01 -6.5133e+01 -2.0765e+02
# New trial
-6.4344e+01 -6.2323e+01 -6.5786e+01 -2.0928e+02
-6.4322e+01 -6.1979e+01 -5.6117e+01 -1.1485e+02
-6.4358e+01 -6.2213e+01 -5.7535e+01 -1.5167e+02
-6.4565e+01 -6.4174e+01 -6.4194e+01 -2.0174e+02
# New trial
-6.4434e+01 -6.3009e+01 -6.3567e+01 -1.7217e+02
-6.4422e+01 -6.2858e+01 -5.8976e+01 -1.2809e+02
-6.4501e+01 -6.3554e+01 -5.8907e+01 -1.1896e+02
-6.4603e+01 -6.4533e+01 -6.4207e+01 -1.0656e+02
# New trial
-6.4467e+01 -6.3223e+01 -5.9726e+01 -1.4697e+02
-6.4456e+01 -6.3100e+01 -5.5965e+01 -8.9382e+01
-6.4451e+01 -6.3029e+01 -5.3312e+01 -7.0563e+01
-6.4551e+01 -6.4009e+01 -5.9908e+01 -1.0309e+02
# New trial
-6.4470e+01 -6.3253e+01 -5.7505e+01 -9.0726e+01
-6.4446e+01 -6.3015e+01 -5.5260e+01 -7.5108e+01
-6.4489e+01 -6.3417e+01 -5.6605e+01 -1.0392e+02
-6.4593e+01 -6.4430e+01 -6.3180e+01 -1.0837e+02
# New trial
-6.4498e+01 -6.3657e+01 -7.2520e+01 -2.6842e+02
-6.4467e+01 -6.3274e+01 -5.9682e+01 -1.2210e+02
-6.4466e+01 -6.3215e+01 -5.9053e+01 -1.7261e+02
-6.4576e+01 -6.4257e+01 -6.2543e+01 -1.7747e+02
# New trial
-6.4438e+01 -6.3057e+01 -6.5774e+01 -2.1398e+02
-6.4438e+01 -6.2988e+01 -5.7979e+01 -1.0366e+02
-6.4490e+01 -6.3442e+01 -5.8772e+01 -1.4875e+02
-6.4596e+01 -6.4466e+01 -6.3858e+01 -1.4522e+02
# New trial
-6.4497e+01 -6.3586e+01 -6.7023e+01 -2.4022e+02
-6.4482e+01 -6.3415e+01 -6.0324e+01 -1.1511e+02
-6.4493e+01 -6.3471e+01 -5.7123e+01 -1.0860e+02
-6.4595e+01 -6.4442e+01 -6.3251e+01 -1.1785e+02
# New trial
-6.4437e+01 -6.2931e+01 -5.6871e+01 -1.2294e+02
-6.4422e+01 -6.2780e+01 -5.4033e+01 -8.6344e+01
-6.4454e+01 -6.3067e+01 -5.3558e+01 -8.5293e+01
-6.4575e+01 -6.4251e+01 -6.1351e+01 -8.1288e+01
# New trial
-6.4402e+01 -6.2597e+01 -5.4808e+01 -7.7428e+01
-6.4438e+01 -6.2934e+01 -5.4655e+01 -6.5790e+01
-6.4516e+01 -6.3675e+01 -5.8267e+01 -1.2059e+02
-6.4598e+01 -6.4481e+01 -6.4038e+01 -1.5593e+02
# New trial
-6.4501e+01 -6.3550e+01 -6.2041e+01 -1.7723e+02
-6.4504e+01 -6.3569e+01 -5.7943e+01 -8.9080e+01
-6.4533e+01 -6.3842e+01 -5.8580e+01 -9.6588e+01
-6.4594e+01 -6.4441e+01 -6.3128e+01 -1.0422e+02
# New trial
-6.4447e+01 -6.3319e+01 -7.1348e+01 -2.3804e+02
-6.4396e+01 -6.2574e+01 -5.7967e+01 -1.3498e+02
-6.4443e+01 -6.2976e+01 -5.7410e+01 -1.3963e+02
-6.4589e+01 -6.4395e+01 -6.3680e+01 -1.7743e+02
# New trial
-6.4411e+01 -6.2680e+01 -5.6157e+01 -1.3137e+02
-6.4480e+01 -6.3334e+01 -5.6493e+01 -7.7164e+01
-6.4578e+01 -6.4281e+01 -6.2442e+01 -1.0780e+02
-6.4611e+01 -6.4604e+01 -6.4578e+01 -7.1424e+01
# New trial
-6.4431e+01 -6.2992e+01 -6.5024e+01 -1.8960e+02
-6.4404e+01 -6.2657e+01 -5.8807e+01 -1.4233e+02
-6.4471e+01 -6.3267e+01 -5.9362e+01 -1.4123e+02
-6.4592e+01 -6.4423e+01 -6.3678e+01 -1.1689e+02
# New trial
-6.4437e+01 -6.2973e+01 -6.0488e+01 -1.3503e+02
-6.4408e+01 -6.2651e+01 -5.5626e+01 -1.1716e+02
-6.4426e+01 -6.2786e+01 -5.2588e+01 -8.0542e+01
-6.4569e+01 -6.4192e+01 -6.0650e+01 -6.2509e+01
# New trial
-6.4419e+01 -6.2758e+01 -5.4375e+01 -8.5705e+01
-6.4478e+01 -6.3320e+01 -5.6328e+01 -7.1683e+01
-6.4566e+01 -6.4178e+01 -6.1697e+01 -8.8257e+01
-6.4609e+01 -6.4588e+01 -6.4538e+01 -9.1455e+01
# New trial
