# 0.1sig - Array shape (trial/sig/alpha): (30, 4, 4)
-1.7895e+02 -1.7090e+02 -1.6244e+02 -8.0129e+02
-1.7880e+02 -1.6890e+02 -1.2377e+02 -3.3900e+02
-1.7851e+02 -1.6584e+02 -1.0441e+02 -4.6652e+02
-1.7927e+02 -1.7299e+02 -1.3022e+02 -4.9516e+02
# New trial
-1.7924e+02 -1.7291e+02 -1.4043e+02 -3.4440e+02
-1.7909e+02 -1.7135e+02 -1.2131e+02 -1.7174e+02
-1.7874e+02 -1.6778e+02 -9.0913e+01 -1.9755e+02
-1.7895e+02 -1.6971e+02 -9.9838e+01 -2.1511e+02
# New trial
-1.7930e+02 -1.7357e+02 -1.6187e+02 -6.2426e+02
-1.7903e+02 -1.7065e+02 -1.1915e+02 -3.1735e+02
-1.7842e+02 -1.6449e+02 -8.7162e+01 -3.7324e+02
-1.7844e+02 -1.6471e+02 -1.2197e+02 -6.7958e+02
# New trial
-1.7919e+02 -1.7228e+02 -1.5843e+02 -1.0830e+03
-1.7901e+02 -1.7038e+02 -1.0984e+02 -4.2114e+02
-1.7857e+02 -1.6594e+02 -7.9019e+01 -2.9450e+02
-1.7868e+02 -1.6702e+02 -1.0237e+02 -4.1372e+02
# New trial
-1.7948e+02 -1.7549e+02 -1.8536e+02 -8.7319e+02
-1.7926e+02 -1.7298e+02 -1.2891e+02 -1.9843e+02
-1.7893e+02 -1.6951e+02 -9.3536e+01 -1.1557e+02
-1.7917e+02 -1.7188e+02 -1.0826e+02 -6.8717e+01
# New trial
-1.7946e+02 -1.7496e+02 -1.5146e+02 -4.0104e+02
-1.7934e+02 -1.7366e+02 -1.3214e+02 -1.9958e+02
-1.7913e+02 -1.7154e+02 -1.1152e+02 -2.0452e+02
-1.7942e+02 -1.7433e+02 -1.3038e+02 -3.3580e+02
# New trial
-1.7923e+02 -1.7281e+02 -1.3828e+02 -3.2746e+02
-1.7914e+02 -1.7178e+02 -1.1978e+02 -2.1892e+02
-1.7885e+02 -1.6882e+02 -9.4735e+01 -1.9806e+02
-1.7906e+02 -1.7082e+02 -1.0640e+02 -3.2245e+02
# New trial
-1.7913e+02 -1.7202e+02 -1.7363e+02 -1.0145e+03
-1.7904e+02 -1.7085e+02 -1.2521e+02 -3.2272e+02
-1.7889e+02 -1.6914e+02 -1.0251e+02 -3.1750e+02
-1.7940e+02 -1.7422e+02 -1.3562e+02 -3.9077e+02
# New trial
-1.7893e+02 -1.7049e+02 -1.4500e+02 -5.0552e+02
-1.7873e+02 -1.6830e+02 -1.1632e+02 -3.3833e+02
-1.7842e+02 -1.6501e+02 -9.3613e+01 -3.7821e+02
-1.7916e+02 -1.7195e+02 -1.2477e+02 -6.6836e+02
# New trial
-1.7920e+02 -1.7259e+02 -1.4393e+02 -4.2328e+02
-1.7907e+02 -1.7114e+02 -1.2534e+02 -3.0354e+02
-1.7873e+02 -1.6766e+02 -9.4866e+01 -2.4507e+02
-1.7894e+02 -1.6963e+02 -1.0361e+02 -3.7553e+02
# New trial
-1.7946e+02 -1.7504e+02 -1.5385e+02 -3.8622e+02
-1.7922e+02 -1.7257e+02 -1.3092e+02 -3.2889e+02
-1.7859e+02 -1.6620e+02 -8.1424e+01 -1.5490e+02
-1.7868e+02 -1.6704e+02 -8.6101e+01 -1.2671e+02
# New trial
-1.7917e+02 -1.7256e+02 -1.7294e+02 -9.6979e+02
-1.7894e+02 -1.7009e+02 -1.3009e+02 -4.2554e+02
-1.7866e+02 -1.6698e+02 -9.1928e+01 -2.5486e+02
-1.7925e+02 -1.7270e+02 -1.2035e+02 -2.5575e+02
# New trial
-1.7923e+02 -1.7320e+02 -1.8846e+02 -9.9104e+02
-1.7913e+02 -1.7175e+02 -1.3064e+02 -3.6480e+02
-1.7890e+02 -1.6926e+02 -1.0288e+02 -3.3981e+02
-1.7934e+02 -1.7354e+02 -1.2541e+02 -2.5822e+02
# New trial
-1.7958e+02 -1.7631e+02 -1.7468e+02 -5.7741e+02
-1.7934e+02 -1.7367e+02 -1.2913e+02 -2.2445e+02
-1.7896e+02 -1.6978e+02 -9.6320e+01 -2.5811e+02
-1.7888e+02 -1.6898e+02 -1.0041e+02 -2.7323e+02
# New trial
-1.7898e+02 -1.7128e+02 -1.7074e+02 -7.9916e+02
-1.7862e+02 -1.6717e+02 -1.1863e+02 -4.6719e+02
-1.7824e+02 -1.6305e+02 -9.1664e+01 -3.9305e+02
-1.7899e+02 -1.7015e+02 -1.1969e+02 -6.2717e+02
# New trial
-1.7907e+02 -1.7205e+02 -1.9949e+02 -1.2030e+03
-1.7878e+02 -1.6868e+02 -1.3744e+02 -5.9552e+02
-1.7823e+02 -1.6299e+02 -1.1428e+02 -7.5444e+02
-1.7880e+02 -1.6826e+02 -1.1405e+02 -6.5126e+02
# New trial
-1.7911e+02 -1.7216e+02 -1.5813e+02 -6.1864e+02
-1.7898e+02 -1.7042e+02 -1.2415e+02 -3.9087e+02
-1.7869e+02 -1.6727e+02 -9.5870e+01 -3.8083e+02
-1.7897e+02 -1.6985e+02 -1.0335e+02 -2.5220e+02
# New trial
-1.7941e+02 -1.7446e+02 -1.5472e+02 -5.3057e+02
-1.7924e+02 -1.7260e+02 -1.2421e+02 -2.8165e+02
-1.7883e+02 -1.6845e+02 -8.4783e+01 -1.3186e+02
-1.7879e+02 -1.6803e+02 -8.8199e+01 -1.1735e+02
# New trial
-1.7939e+02 -1.7421e+02 -1.4320e+02 -3.5357e+02
-1.7923e+02 -1.7254e+02 -1.2445e+02 -2.3027e+02
-1.7897e+02 -1.6992e+02 -9.9567e+01 -2.0345e+02
-1.7922e+02 -1.7232e+02 -1.2242e+02 -5.1750e+02
# New trial
-1.7928e+02 -1.7386e+02 -1.9511e+02 -1.0573e+03
-1.7904e+02 -1.7101e+02 -1.2687e+02 -3.0894e+02
-1.7858e+02 -1.6623e+02 -9.9147e+01 -4.5016e+02
-1.7891e+02 -1.6939e+02 -1.1608e+02 -5.2418e+02
# New trial
-1.7918e+02 -1.7253e+02 -1.6464e+02 -7.4524e+02
-1.7902e+02 -1.7063e+02 -1.1734e+02 -2.9727e+02
-1.7876e+02 -1.6793e+02 -9.3724e+01 -3.4606e+02
-1.7922e+02 -1.7235e+02 -1.1447e+02 -2.3303e+02
# New trial
-1.7935e+02 -1.7395e+02 -1.6451e+02 -7.8591e+02
-1.7916e+02 -1.7196e+02 -1.2661e+02 -2.8197e+02
-1.7888e+02 -1.6905e+02 -9.3817e+01 -1.6796e+02
-1.7924e+02 -1.7254e+02 -1.1506e+02 -1.8380e+02
# New trial
-1.7926e+02 -1.7296e+02 -1.3789e+02 -3.3299e+02
-1.7914e+02 -1.7168e+02 -1.2098e+02 -2.5887e+02
-1.7882e+02 -1.6845e+02 -9.8596e+01 -3.0075e+02
-1.7906e+02 -1.7082e+02 -1.1574e+02 -4.1993e+02
# New trial
-1.7914e+02 -1.7216e+02 -1.3961e+02 -3.6863e+02
-1.7911e+02 -1.7145e+02 -1.1960e+02 -2.0662e+02
-1.7899e+02 -1.7017e+02 -1.1082e+02 -3.8599e+02
-1.7931e+02 -1.7329e+02 -1.3586e+02 -6.1432e+02
# New trial
-1.7945e+02 -1.7492e+02 -1.6317e+02 -7.3674e+02
-1.7942e+02 -1.7442e+02 -1.3952e+02 -2.2352e+02
-1.7925e+02 -1.7271e+02 -1.1708e+02 -2.1141e+02
-1.7943e+02 -1.7447e+02 -1.2990e+02 -1.5174e+02
# New trial
-1.7928e+02 -1.7380e+02 -1.8095e+02 -8.7236e+02
-1.7905e+02 -1.7087e+02 -1.2236e+02 -3.5586e+02
-1.7869e+02 -1.6719e+02 -1.0111e+02 -4.4391e+02
-1.7889e+02 -1.6914e+02 -1.1217e+02 -5.6575e+02
# New trial
-1.7934e+02 -1.7368e+02 -1.4474e+02 -4.4818e+02
-1.7936e+02 -1.7386e+02 -1.3441e+02 -2.6091e+02
-1.7935e+02 -1.7370e+02 -1.3137e+02 -3.3698e+02
-1.7965e+02 -1.7667e+02 -1.5332e+02 -4.1575e+02
# New trial
-1.7933e+02 -1.7419e+02 -1.7497e+02 -8.6030e+02
-1.7906e+02 -1.7118e+02 -1.2808e+02 -4.5596e+02
-1.7850e+02 -1.6546e+02 -8.9203e+01 -3.4151e+02
-1.7876e+02 -1.6786e+02 -1.0473e+02 -3.6586e+02
# New trial
-1.7927e+02 -1.7311e+02 -1.4746e+02 -4.7535e+02
-1.7912e+02 -1.7152e+02 -1.2432e+02 -3.6566e+02
-1.7868e+02 -1.6702e+02 -8.3404e+01 -2.0962e+02
-1.7874e+02 -1.6760e+02 -9.1416e+01 -2.8632e+02
# New trial
-1.7927e+02 -1.7314e+02 -1.4090e+02 -3.6884e+02
-1.7927e+02 -1.7301e+02 -1.2646e+02 -2.1819e+02
-1.7934e+02 -1.7359e+02 -1.2561e+02 -2.5149e+02
-1.7962e+02 -1.7636e+02 -1.4727e+02 -2.7250e+02
# New trial
