# 0.01sig - Array shape (trial/sig/alpha): (30, 4, 4)
-1.7527e+02 -1.7432e+02 -1.6633e+02 -1.5279e+02
-1.7524e+02 -1.7402e+02 -1.6432e+02 -1.5252e+02
-1.7518e+02 -1.7346e+02 -1.6127e+02 -1.5455e+02
-1.7528e+02 -1.7447e+02 -1.6744e+02 -1.8798e+02
# New trial
-1.7526e+02 -1.7420e+02 -1.6527e+02 -1.5282e+02
-1.7522e+02 -1.7385e+02 -1.6332e+02 -1.5252e+02
-1.7516e+02 -1.7325e+02 -1.5950e+02 -1.5291e+02
-1.7525e+02 -1.7417e+02 -1.6537e+02 -2.0689e+02
# New trial
-1.7528e+02 -1.7443e+02 -1.6693e+02 -1.5572e+02
-1.7524e+02 -1.7402e+02 -1.6444e+02 -1.5616e+02
-1.7513e+02 -1.7299e+02 -1.6044e+02 -1.6827e+02
-1.7516e+02 -1.7325e+02 -1.6071e+02 -2.0261e+02
# New trial
-1.7525e+02 -1.7414e+02 -1.6508e+02 -1.5593e+02
-1.7520e+02 -1.7368e+02 -1.6273e+02 -1.5355e+02
-1.7512e+02 -1.7289e+02 -1.5879e+02 -1.5393e+02
-1.7524e+02 -1.7400e+02 -1.6668e+02 -2.3463e+02
# New trial
-1.7529e+02 -1.7449e+02 -1.6704e+02 -1.5314e+02
-1.7525e+02 -1.7413e+02 -1.6425e+02 -1.5274e+02
-1.7514e+02 -1.7310e+02 -1.5856e+02 -1.5658e+02
-1.7511e+02 -1.7275e+02 -1.5812e+02 -1.8117e+02
# New trial
-1.7530e+02 -1.7459e+02 -1.6799e+02 -1.5622e+02
-1.7525e+02 -1.7411e+02 -1.6463e+02 -1.5375e+02
-1.7513e+02 -1.7296e+02 -1.5884e+02 -1.5621e+02
-1.7514e+02 -1.7307e+02 -1.6114e+02 -1.8352e+02
# New trial
-1.7529e+02 -1.7450e+02 -1.6725e+02 -1.5363e+02
-1.7526e+02 -1.7421e+02 -1.6533e+02 -1.5357e+02
-1.7520e+02 -1.7366e+02 -1.6179e+02 -1.5378e+02
-1.7524e+02 -1.7407e+02 -1.6353e+02 -1.6009e+02
# New trial
-1.7528e+02 -1.7441e+02 -1.6660e+02 -1.5598e+02
-1.7525e+02 -1.7417e+02 -1.6489e+02 -1.5794e+02
-1.7518e+02 -1.7346e+02 -1.6150e+02 -1.7714e+02
-1.7518e+02 -1.7341e+02 -1.6241e+02 -1.9940e+02
# New trial
-1.7528e+02 -1.7440e+02 -1.6651e+02 -1.5255e+02
-1.7524e+02 -1.7401e+02 -1.6393e+02 -1.5280e+02
-1.7511e+02 -1.7280e+02 -1.5929e+02 -1.5654e+02
-1.7511e+02 -1.7279e+02 -1.5683e+02 -1.5245e+02
# New trial
-1.7527e+02 -1.7431e+02 -1.6627e+02 -1.5331e+02
-1.7524e+02 -1.7401e+02 -1.6456e+02 -1.5251e+02
-1.7517e+02 -1.7340e+02 -1.6077e+02 -1.5465e+02
-1.7524e+02 -1.7401e+02 -1.6387e+02 -1.7166e+02
# New trial
-1.7524e+02 -1.7401e+02 -1.6492e+02 -1.5484e+02
-1.7519e+02 -1.7362e+02 -1.6401e+02 -1.6467e+02
-1.7511e+02 -1.7280e+02 -1.6059e+02 -1.6105e+02
-1.7523e+02 -1.7400e+02 -1.6562e+02 -2.0723e+02
# New trial
-1.7531e+02 -1.7472e+02 -1.6912e+02 -1.5379e+02
-1.7530e+02 -1.7459e+02 -1.6805e+02 -1.5389e+02
-1.7525e+02 -1.7415e+02 -1.6436e+02 -1.5344e+02
-1.7524e+02 -1.7399e+02 -1.6259e+02 -1.5233e+02
# New trial
-1.7529e+02 -1.7456e+02 -1.6763e+02 -1.5271e+02
-1.7526e+02 -1.7419e+02 -1.6470e+02 -1.5408e+02
-1.7516e+02 -1.7320e+02 -1.5959e+02 -1.7353e+02
-1.7514e+02 -1.7307e+02 -1.5912e+02 -1.8766e+02
# New trial
-1.7531e+02 -1.7477e+02 -1.6952e+02 -1.5414e+02
-1.7529e+02 -1.7456e+02 -1.6765e+02 -1.5522e+02
-1.7523e+02 -1.7395e+02 -1.6287e+02 -1.5557e+02
-1.7523e+02 -1.7392e+02 -1.6208e+02 -1.5856e+02
# New trial
-1.7531e+02 -1.7468e+02 -1.6866e+02 -1.5272e+02
-1.7529e+02 -1.7449e+02 -1.6689e+02 -1.5243e+02
-1.7522e+02 -1.7382e+02 -1.6130e+02 -1.5230e+02
-1.7520e+02 -1.7359e+02 -1.5932e+02 -1.5230e+02
# New trial
-1.7525e+02 -1.7411e+02 -1.6447e+02 -1.5245e+02
-1.7521e+02 -1.7373e+02 -1.6261e+02 -1.5234e+02
-1.7513e+02 -1.7294e+02 -1.5751e+02 -1.5230e+02
-1.7523e+02 -1.7394e+02 -1.6213e+02 -1.5242e+02
# New trial
-1.7526e+02 -1.7426e+02 -1.6522e+02 -1.5274e+02
-1.7523e+02 -1.7391e+02 -1.6316e+02 -1.5284e+02
-1.7517e+02 -1.7334e+02 -1.5971e+02 -1.5307e+02
-1.7522e+02 -1.7386e+02 -1.6229e+02 -1.7118e+02
# New trial
-1.7526e+02 -1.7427e+02 -1.6649e+02 -1.5435e+02
-1.7522e+02 -1.7387e+02 -1.6451e+02 -1.5409e+02
-1.7513e+02 -1.7302e+02 -1.6106e+02 -1.7303e+02
-1.7520e+02 -1.7369e+02 -1.6573e+02 -2.4581e+02
# New trial
-1.7522e+02 -1.7388e+02 -1.6441e+02 -1.6006e+02
-1.7519e+02 -1.7361e+02 -1.6476e+02 -1.9124e+02
-1.7521e+02 -1.7384e+02 -1.7155e+02 -3.0090e+02
-1.7533e+02 -1.7497e+02 -1.7559e+02 -3.3023e+02
# New trial
-1.7528e+02 -1.7440e+02 -1.6701e+02 -1.5349e+02
-1.7525e+02 -1.7417e+02 -1.6582e+02 -1.5730e+02
-1.7520e+02 -1.7362e+02 -1.6308e+02 -1.6979e+02
-1.7524e+02 -1.7402e+02 -1.6613e+02 -2.0850e+02
# New trial
-1.7520e+02 -1.7364e+02 -1.6377e+02 -1.5316e+02
-1.7515e+02 -1.7321e+02 -1.6282e+02 -1.5428e+02
-1.7509e+02 -1.7260e+02 -1.5977e+02 -1.5531e+02
-1.7522e+02 -1.7389e+02 -1.6389e+02 -1.7694e+02
# New trial
-1.7529e+02 -1.7455e+02 -1.6757e+02 -1.5263e+02
-1.7526e+02 -1.7421e+02 -1.6504e+02 -1.5278e+02
-1.7517e+02 -1.7338e+02 -1.5985e+02 -1.5684e+02
-1.7524e+02 -1.7402e+02 -1.6294e+02 -1.5260e+02
# New trial
-1.7532e+02 -1.7487e+02 -1.7038e+02 -1.5478e+02
-1.7530e+02 -1.7463e+02 -1.6823e+02 -1.5419e+02
-1.7524e+02 -1.7402e+02 -1.6298e+02 -1.5283e+02
-1.7520e+02 -1.7368e+02 -1.6037e+02 -1.5949e+02
# New trial
-1.7519e+02 -1.7357e+02 -1.6333e+02 -1.5260e+02
-1.7514e+02 -1.7311e+02 -1.6203e+02 -1.5247e+02
-1.7509e+02 -1.7264e+02 -1.5901e+02 -1.5725e+02
-1.7525e+02 -1.7419e+02 -1.6600e+02 -2.0072e+02
# New trial
-1.7530e+02 -1.7464e+02 -1.6867e+02 -1.6544e+02
-1.7526e+02 -1.7425e+02 -1.6615e+02 -1.6522e+02
-1.7517e+02 -1.7339e+02 -1.6231e+02 -1.7535e+02
-1.7524e+02 -1.7404e+02 -1.6619e+02 -2.4413e+02
# New trial
-1.7531e+02 -1.7476e+02 -1.6956e+02 -1.5863e+02
-1.7529e+02 -1.7455e+02 -1.6779e+02 -1.5791e+02
-1.7524e+02 -1.7400e+02 -1.6401e+02 -1.6601e+02
-1.7527e+02 -1.7437e+02 -1.6764e+02 -2.4021e+02
# New trial
-1.7530e+02 -1.7465e+02 -1.6831e+02 -1.5374e+02
-1.7526e+02 -1.7425e+02 -1.6490e+02 -1.5266e+02
-1.7517e+02 -1.7332e+02 -1.5856e+02 -1.5321e+02
-1.7517e+02 -1.7338e+02 -1.5972e+02 -1.7846e+02
# New trial
-1.7530e+02 -1.7463e+02 -1.6832e+02 -1.5346e+02
-1.7526e+02 -1.7428e+02 -1.6582e+02 -1.5502e+02
-1.7518e+02 -1.7342e+02 -1.6244e+02 -1.7244e+02
-1.7517e+02 -1.7338e+02 -1.6058e+02 -1.7603e+02
# New trial
-1.7532e+02 -1.7482e+02 -1.7006e+02 -1.5566e+02
-1.7531e+02 -1.7469e+02 -1.6894e+02 -1.5598e+02
-1.7527e+02 -1.7429e+02 -1.6573e+02 -1.6351e+02
-1.7528e+02 -1.7445e+02 -1.6693e+02 -1.7771e+02
# New trial
-1.7527e+02 -1.7435e+02 -1.6646e+02 -1.5296e+02
-1.7524e+02 -1.7404e+02 -1.6411e+02 -1.5239e+02
-1.7515e+02 -1.7314e+02 -1.5772e+02 -1.5230e+02
-1.7520e+02 -1.7362e+02 -1.5981e+02 -1.5394e+02
# New trial
