# 0.01sig - Array shape (trial/sig/alpha): (30, 4, 4)
-1.2849e+02 -1.2219e+02 -8.7724e+01 -1.4510e+02
-1.2845e+02 -1.2181e+02 -8.1774e+01 -1.4809e+02
-1.2854e+02 -1.2250e+02 -8.5637e+01 -2.4559e+02
-1.2903e+02 -1.2726e+02 -1.1458e+02 -4.3727e+02
# New trial
-1.2837e+02 -1.2113e+02 -8.6633e+01 -1.5006e+02
-1.2838e+02 -1.2126e+02 -9.1023e+01 -1.8713e+02
-1.2854e+02 -1.2264e+02 -9.2106e+01 -2.4113e+02
-1.2903e+02 -1.2737e+02 -1.1453e+02 -2.4051e+02
# New trial
-1.2848e+02 -1.2216e+02 -8.6169e+01 -1.3391e+02
-1.2836e+02 -1.2095e+02 -7.8642e+01 -1.5012e+02
-1.2828e+02 -1.1997e+02 -8.0127e+01 -2.9231e+02
-1.2886e+02 -1.2569e+02 -1.0800e+02 -4.3490e+02
# New trial
-1.2833e+02 -1.2100e+02 -9.1653e+01 -2.0003e+02
-1.2828e+02 -1.2057e+02 -9.2145e+01 -2.6056e+02
-1.2851e+02 -1.2268e+02 -1.1212e+02 -4.9936e+02
-1.2907e+02 -1.2778e+02 -1.2661e+02 -5.6008e+02
# New trial
-1.2867e+02 -1.2388e+02 -9.5345e+01 -1.4797e+02
-1.2853e+02 -1.2249e+02 -8.6415e+01 -1.5017e+02
-1.2842e+02 -1.2139e+02 -8.6987e+01 -2.7074e+02
-1.2879e+02 -1.2501e+02 -1.0594e+02 -3.6937e+02
# New trial
-1.2856e+02 -1.2288e+02 -9.6360e+01 -2.4119e+02
-1.2848e+02 -1.2207e+02 -8.8892e+01 -1.9721e+02
-1.2842e+02 -1.2144e+02 -9.0064e+01 -3.4042e+02
-1.2895e+02 -1.2654e+02 -1.1054e+02 -3.9390e+02
# New trial
-1.2852e+02 -1.2248e+02 -9.0288e+01 -1.2262e+02
-1.2848e+02 -1.2212e+02 -9.1830e+01 -1.6220e+02
-1.2867e+02 -1.2395e+02 -9.7968e+01 -2.3497e+02
-1.2910e+02 -1.2805e+02 -1.1969e+02 -2.1334e+02
# New trial
-1.2845e+02 -1.2189e+02 -8.3947e+01 -1.1185e+02
-1.2841e+02 -1.2140e+02 -7.5963e+01 -1.0048e+02
-1.2843e+02 -1.2138e+02 -7.3040e+01 -1.4371e+02
-1.2891e+02 -1.2610e+02 -1.0168e+02 -1.3941e+02
# New trial
-1.2852e+02 -1.2250e+02 -9.7575e+01 -2.7218e+02
-1.2840e+02 -1.2135e+02 -9.2405e+01 -3.0811e+02
-1.2824e+02 -1.1974e+02 -9.4828e+01 -4.3040e+02
-1.2887e+02 -1.2580e+02 -1.1533e+02 -5.2422e+02
# New trial
-1.2848e+02 -1.2215e+02 -9.3199e+01 -1.9543e+02
-1.2851e+02 -1.2238e+02 -9.5301e+01 -2.5406e+02
-1.2867e+02 -1.2393e+02 -1.0640e+02 -4.2488e+02
-1.2914e+02 -1.2843e+02 -1.2949e+02 -6.5590e+02
# New trial
-1.2833e+02 -1.2090e+02 -8.7236e+01 -1.4155e+02
-1.2835e+02 -1.2108e+02 -9.1488e+01 -2.6874e+02
-1.2861e+02 -1.2345e+02 -1.1303e+02 -5.6947e+02
-1.2913e+02 -1.2841e+02 -1.2612e+02 -4.4651e+02
# New trial
-1.2875e+02 -1.2457e+02 -9.2738e+01 -8.7337e+01
-1.2879e+02 -1.2501e+02 -9.5471e+01 -1.0551e+02
-1.2886e+02 -1.2565e+02 -1.0213e+02 -2.4709e+02
-1.2908e+02 -1.2778e+02 -1.1728e+02 -2.1947e+02
# New trial
-1.2853e+02 -1.2256e+02 -8.8486e+01 -1.6070e+02
-1.2845e+02 -1.2172e+02 -8.3060e+01 -1.6452e+02
-1.2831e+02 -1.2031e+02 -8.2694e+01 -3.1335e+02
-1.2883e+02 -1.2531e+02 -1.0352e+02 -4.4382e+02
# New trial
-1.2877e+02 -1.2479e+02 -9.5384e+01 -1.0673e+02
-1.2868e+02 -1.2389e+02 -8.6920e+01 -9.4538e+01
-1.2861e+02 -1.2314e+02 -8.2730e+01 -1.5614e+02
-1.2887e+02 -1.2568e+02 -1.0099e+02 -2.6085e+02
# New trial
-1.2869e+02 -1.2399e+02 -9.2315e+01 -1.6453e+02
-1.2870e+02 -1.2407e+02 -9.0367e+01 -1.5297e+02
-1.2872e+02 -1.2431e+02 -9.4890e+01 -2.8666e+02
-1.2900e+02 -1.2706e+02 -1.1390e+02 -3.3142e+02
# New trial
-1.2825e+02 -1.2004e+02 -8.0924e+01 -1.5108e+02
-1.2827e+02 -1.2024e+02 -8.4177e+01 -1.8813e+02
-1.2849e+02 -1.2226e+02 -9.7359e+01 -4.0585e+02
-1.2907e+02 -1.2772e+02 -1.1801e+02 -3.3523e+02
# New trial
-1.2842e+02 -1.2145e+02 -7.6905e+01 -8.8397e+01
-1.2838e+02 -1.2109e+02 -7.9032e+01 -1.2686e+02
-1.2853e+02 -1.2248e+02 -8.5257e+01 -2.3766e+02
-1.2902e+02 -1.2726e+02 -1.1409e+02 -3.4642e+02
# New trial
-1.2840e+02 -1.2179e+02 -1.0134e+02 -2.8254e+02
-1.2838e+02 -1.2141e+02 -9.5729e+01 -3.1410e+02
-1.2855e+02 -1.2288e+02 -1.0910e+02 -5.3986e+02
-1.2905e+02 -1.2758e+02 -1.1880e+02 -4.0901e+02
# New trial
-1.2880e+02 -1.2507e+02 -9.6564e+01 -9.8892e+01
-1.2878e+02 -1.2488e+02 -9.3841e+01 -9.6357e+01
-1.2872e+02 -1.2420e+02 -9.0624e+01 -1.9822e+02
-1.2891e+02 -1.2613e+02 -1.0404e+02 -2.2584e+02
# New trial
-1.2860e+02 -1.2315e+02 -9.2364e+01 -2.1024e+02
-1.2859e+02 -1.2306e+02 -8.9942e+01 -1.7507e+02
-1.2864e+02 -1.2356e+02 -9.0654e+01 -2.2349e+02
-1.2902e+02 -1.2721e+02 -1.1225e+02 -1.9361e+02
# New trial
-1.2812e+02 -1.1897e+02 -7.7874e+01 -1.3307e+02
-1.2811e+02 -1.1907e+02 -8.5290e+01 -1.6356e+02
-1.2851e+02 -1.2265e+02 -1.0663e+02 -3.9679e+02
-1.2915e+02 -1.2848e+02 -1.2591e+02 -4.0011e+02
# New trial
-1.2853e+02 -1.2249e+02 -9.2394e+01 -2.2051e+02
-1.2852e+02 -1.2246e+02 -8.8600e+01 -1.7761e+02
-1.2859e+02 -1.2309e+02 -9.3004e+01 -2.9334e+02
-1.2904e+02 -1.2747e+02 -1.1663e+02 -3.8539e+02
# New trial
-1.2878e+02 -1.2484e+02 -9.8649e+01 -1.6355e+02
-1.2874e+02 -1.2449e+02 -9.3422e+01 -1.5364e+02
-1.2869e+02 -1.2394e+02 -8.7051e+01 -1.8393e+02
-1.2887e+02 -1.2576e+02 -1.0195e+02 -2.7685e+02
# New trial
-1.2801e+02 -1.1814e+02 -8.3284e+01 -1.9344e+02
-1.2804e+02 -1.1859e+02 -8.8199e+01 -2.1097e+02
-1.2854e+02 -1.2300e+02 -1.0502e+02 -3.6746e+02
-1.2915e+02 -1.2856e+02 -1.2563e+02 -3.1820e+02
# New trial
-1.2869e+02 -1.2402e+02 -9.6277e+01 -1.8320e+02
-1.2856e+02 -1.2291e+02 -9.2593e+01 -1.9438e+02
-1.2847e+02 -1.2201e+02 -9.5216e+01 -3.7203e+02
-1.2898e+02 -1.2686e+02 -1.1427e+02 -3.7323e+02
# New trial
-1.2864e+02 -1.2360e+02 -9.4231e+01 -1.9850e+02
-1.2866e+02 -1.2374e+02 -9.2648e+01 -1.8063e+02
-1.2870e+02 -1.2416e+02 -9.3267e+01 -2.5608e+02
-1.2905e+02 -1.2752e+02 -1.1570e+02 -2.7677e+02
# New trial
-1.2870e+02 -1.2415e+02 -9.5900e+01 -1.3104e+02
-1.2859e+02 -1.2312e+02 -8.9422e+01 -1.3183e+02
-1.2853e+02 -1.2244e+02 -8.6503e+01 -2.4453e+02
-1.2886e+02 -1.2560e+02 -1.0452e+02 -3.3800e+02
# New trial
-1.2862e+02 -1.2338e+02 -8.6051e+01 -7.0786e+01
-1.2849e+02 -1.2209e+02 -7.8230e+01 -8.2925e+01
-1.2837e+02 -1.2086e+02 -7.2059e+01 -1.5487e+02
-1.2883e+02 -1.2527e+02 -9.4893e+01 -1.4026e+02
# New trial
-1.2865e+02 -1.2365e+02 -9.2862e+01 -1.4236e+02
-1.2871e+02 -1.2418e+02 -9.2935e+01 -1.1618e+02
-1.2878e+02 -1.2484e+02 -9.5938e+01 -1.9994e+02
-1.2905e+02 -1.2749e+02 -1.1497e+02 -2.5741e+02
# New trial
-1.2854e+02 -1.2283e+02 -1.0352e+02 -3.0318e+02
-1.2856e+02 -1.2290e+02 -9.6011e+01 -2.5232e+02
-1.2865e+02 -1.2370e+02 -1.0719e+02 -4.4320e+02
-1.2904e+02 -1.2744e+02 -1.2103e+02 -4.4966e+02
# New trial
