# 0.1sig - Array shape (trial/sig/alpha): (30, 4, 4)
-1.5659e+02 -1.5378e+02 -1.3264e+02 -1.1296e+02
-1.5652e+02 -1.5307e+02 -1.3017e+02 -1.0792e+02
-1.5633e+02 -1.5132e+02 -1.2419e+02 -1.7923e+02
-1.5657e+02 -1.5355e+02 -1.3352e+02 -2.7638e+02
# New trial
-1.5672e+02 -1.5500e+02 -1.4006e+02 -1.0962e+02
-1.5665e+02 -1.5432e+02 -1.3501e+02 -1.0925e+02
-1.5648e+02 -1.5267e+02 -1.2497e+02 -1.3269e+02
-1.5649e+02 -1.5277e+02 -1.3520e+02 -3.2940e+02
# New trial
-1.5671e+02 -1.5486e+02 -1.4090e+02 -1.4987e+02
-1.5659e+02 -1.5369e+02 -1.2859e+02 -1.0619e+02
-1.5634e+02 -1.5122e+02 -1.1413e+02 -1.0783e+02
-1.5624e+02 -1.5021e+02 -1.1385e+02 -1.0639e+02
# New trial
-1.5668e+02 -1.5456e+02 -1.3796e+02 -1.4437e+02
-1.5661e+02 -1.5386e+02 -1.3064e+02 -1.0927e+02
-1.5640e+02 -1.5181e+02 -1.1905e+02 -1.4136e+02
-1.5635e+02 -1.5129e+02 -1.3035e+02 -3.1251e+02
# New trial
-1.5676e+02 -1.5539e+02 -1.4522e+02 -1.9215e+02
-1.5669e+02 -1.5467e+02 -1.3734e+02 -1.0913e+02
-1.5653e+02 -1.5309e+02 -1.2736e+02 -1.2571e+02
-1.5654e+02 -1.5316e+02 -1.2677e+02 -1.5386e+02
# New trial
-1.5676e+02 -1.5534e+02 -1.4258e+02 -1.1518e+02
-1.5669e+02 -1.5468e+02 -1.3689e+02 -1.1182e+02
-1.5656e+02 -1.5338e+02 -1.2768e+02 -1.2230e+02
-1.5666e+02 -1.5436e+02 -1.3365e+02 -1.3923e+02
# New trial
-1.5673e+02 -1.5503e+02 -1.3950e+02 -1.1105e+02
-1.5667e+02 -1.5447e+02 -1.3454e+02 -1.0957e+02
-1.5652e+02 -1.5298e+02 -1.2519e+02 -1.3624e+02
-1.5653e+02 -1.5310e+02 -1.2977e+02 -2.4306e+02
# New trial
-1.5667e+02 -1.5447e+02 -1.3668e+02 -1.6767e+02
-1.5661e+02 -1.5389e+02 -1.3218e+02 -1.0801e+02
-1.5648e+02 -1.5260e+02 -1.2368e+02 -1.2781e+02
-1.5663e+02 -1.5405e+02 -1.3210e+02 -1.6119e+02
# New trial
-1.5660e+02 -1.5383e+02 -1.3295e+02 -1.1039e+02
-1.5649e+02 -1.5278e+02 -1.2745e+02 -1.0730e+02
-1.5628e+02 -1.5072e+02 -1.1629e+02 -1.0694e+02
-1.5651e+02 -1.5288e+02 -1.2386e+02 -1.4178e+02
# New trial
-1.5670e+02 -1.5478e+02 -1.3718e+02 -1.0763e+02
-1.5663e+02 -1.5406e+02 -1.3148e+02 -1.0714e+02
-1.5644e+02 -1.5220e+02 -1.2149e+02 -1.2106e+02
-1.5645e+02 -1.5232e+02 -1.2570e+02 -1.9707e+02
# New trial
-1.5674e+02 -1.5514e+02 -1.4020e+02 -1.0740e+02
-1.5665e+02 -1.5426e+02 -1.3312e+02 -1.0621e+02
-1.5639e+02 -1.5178e+02 -1.1991e+02 -1.1513e+02
-1.5631e+02 -1.5088e+02 -1.1663e+02 -1.5466e+02
# New trial
-1.5667e+02 -1.5452e+02 -1.3758e+02 -1.4549e+02
-1.5658e+02 -1.5368e+02 -1.3165e+02 -1.0933e+02
-1.5638e+02 -1.5166e+02 -1.2037e+02 -1.4748e+02
-1.5655e+02 -1.5326e+02 -1.2654e+02 -1.4573e+02
# New trial
-1.5672e+02 -1.5500e+02 -1.3976e+02 -1.1919e+02
-1.5666e+02 -1.5445e+02 -1.3551e+02 -1.2132e+02
-1.5651e+02 -1.5297e+02 -1.2856e+02 -1.8390e+02
-1.5661e+02 -1.5396e+02 -1.3709e+02 -3.1712e+02
# New trial
-1.5676e+02 -1.5541e+02 -1.4296e+02 -1.1232e+02
-1.5669e+02 -1.5472e+02 -1.3580e+02 -1.0615e+02
-1.5653e+02 -1.5307e+02 -1.2214e+02 -1.0615e+02
-1.5640e+02 -1.5180e+02 -1.1697e+02 -1.0615e+02
# New trial
-1.5669e+02 -1.5474e+02 -1.4525e+02 -1.9375e+02
-1.5654e+02 -1.5333e+02 -1.3180e+02 -1.0696e+02
-1.5626e+02 -1.5049e+02 -1.1965e+02 -1.2184e+02
-1.5639e+02 -1.5173e+02 -1.2452e+02 -1.8961e+02
# New trial
-1.5664e+02 -1.5433e+02 -1.4636e+02 -2.8309e+02
-1.5653e+02 -1.5314e+02 -1.2879e+02 -1.0803e+02
-1.5626e+02 -1.5052e+02 -1.2387e+02 -1.7962e+02
-1.5637e+02 -1.5158e+02 -1.3257e+02 -3.1093e+02
# New trial
-1.5672e+02 -1.5496e+02 -1.3901e+02 -1.1001e+02
-1.5663e+02 -1.5408e+02 -1.3143e+02 -1.0743e+02
-1.5640e+02 -1.5187e+02 -1.1727e+02 -1.0618e+02
-1.5638e+02 -1.5160e+02 -1.1663e+02 -1.0907e+02
# New trial
-1.5677e+02 -1.5550e+02 -1.4349e+02 -1.2946e+02
-1.5669e+02 -1.5473e+02 -1.3612e+02 -1.0624e+02
-1.5648e+02 -1.5258e+02 -1.1838e+02 -1.0615e+02
-1.5633e+02 -1.5105e+02 -1.1243e+02 -1.0615e+02
# New trial
-1.5674e+02 -1.5518e+02 -1.4035e+02 -1.0690e+02
-1.5668e+02 -1.5460e+02 -1.3560e+02 -1.0618e+02
-1.5654e+02 -1.5320e+02 -1.2521e+02 -1.0988e+02
-1.5657e+02 -1.5352e+02 -1.2693e+02 -1.3087e+02
# New trial
-1.5673e+02 -1.5515e+02 -1.4378e+02 -2.1035e+02
-1.5665e+02 -1.5426e+02 -1.3478e+02 -1.0651e+02
-1.5639e+02 -1.5180e+02 -1.2062e+02 -1.2155e+02
-1.5643e+02 -1.5210e+02 -1.2468e+02 -2.0318e+02
# New trial
-1.5671e+02 -1.5487e+02 -1.4135e+02 -1.4264e+02
-1.5663e+02 -1.5417e+02 -1.3535e+02 -1.1100e+02
-1.5648e+02 -1.5261e+02 -1.2626e+02 -1.2010e+02
-1.5656e+02 -1.5341e+02 -1.3053e+02 -1.8106e+02
# New trial
-1.5671e+02 -1.5495e+02 -1.4259e+02 -2.1511e+02
-1.5665e+02 -1.5432e+02 -1.3545e+02 -1.1374e+02
-1.5651e+02 -1.5293e+02 -1.2849e+02 -1.4887e+02
-1.5658e+02 -1.5360e+02 -1.3564e+02 -3.1974e+02
# New trial
-1.5672e+02 -1.5495e+02 -1.3865e+02 -1.0738e+02
-1.5665e+02 -1.5430e+02 -1.3315e+02 -1.0624e+02
-1.5648e+02 -1.5261e+02 -1.2263e+02 -1.2676e+02
-1.5649e+02 -1.5272e+02 -1.2287e+02 -1.5720e+02
# New trial
-1.5674e+02 -1.5518e+02 -1.4149e+02 -1.2279e+02
-1.5668e+02 -1.5456e+02 -1.3650e+02 -1.1056e+02
-1.5654e+02 -1.5323e+02 -1.2778e+02 -1.4096e+02
-1.5660e+02 -1.5378e+02 -1.3398e+02 -2.5364e+02
# New trial
-1.5673e+02 -1.5507e+02 -1.4048e+02 -1.6373e+02
-1.5671e+02 -1.5485e+02 -1.3814e+02 -1.0695e+02
-1.5663e+02 -1.5410e+02 -1.3209e+02 -1.3291e+02
-1.5672e+02 -1.5497e+02 -1.3955e+02 -1.6997e+02
# New trial
-1.5670e+02 -1.5485e+02 -1.4373e+02 -2.0612e+02
-1.5660e+02 -1.5379e+02 -1.2801e+02 -1.0618e+02
-1.5639e+02 -1.5173e+02 -1.1820e+02 -1.2810e+02
-1.5633e+02 -1.5115e+02 -1.2789e+02 -2.8068e+02
# New trial
-1.5675e+02 -1.5530e+02 -1.4182e+02 -1.1364e+02
-1.5673e+02 -1.5504e+02 -1.3950e+02 -1.0821e+02
-1.5667e+02 -1.5444e+02 -1.3444e+02 -1.2788e+02
-1.5676e+02 -1.5540e+02 -1.4267e+02 -1.2687e+02
# New trial
-1.5670e+02 -1.5483e+02 -1.4220e+02 -1.9466e+02
-1.5659e+02 -1.5375e+02 -1.2999e+02 -1.0632e+02
-1.5628e+02 -1.5066e+02 -1.1608e+02 -1.1231e+02
-1.5625e+02 -1.5031e+02 -1.1406e+02 -1.2979e+02
# New trial
-1.5674e+02 -1.5514e+02 -1.4090e+02 -1.1552e+02
-1.5666e+02 -1.5442e+02 -1.3421e+02 -1.0715e+02
-1.5644e+02 -1.5224e+02 -1.1976e+02 -1.1280e+02
-1.5635e+02 -1.5129e+02 -1.2112e+02 -1.8720e+02
# New trial
-1.5676e+02 -1.5541e+02 -1.4276e+02 -1.2416e+02
-1.5673e+02 -1.5505e+02 -1.3968e+02 -1.1599e+02
-1.5667e+02 -1.5447e+02 -1.3436e+02 -1.1491e+02
-1.5673e+02 -1.5512e+02 -1.3979e+02 -1.1404e+02
# New trial
