# 0.1sig - Array shape (trial/sig/alpha): (30L, 4L, 4L)
-8.2768e+01 -8.0237e+01 -7.4977e+01 -2.4408e+02
-8.2698e+01 -7.9577e+01 -6.3862e+01 -5.1766e+01
-8.2688e+01 -7.9467e+01 -6.6087e+01 -1.1760e+02
-8.2980e+01 -8.2205e+01 -7.9305e+01 -2.0802e+02
# New trial
-8.2825e+01 -8.0687e+01 -6.8519e+01 -9.6281e+01
-8.2780e+01 -8.0263e+01 -6.4078e+01 -5.1465e+01
-8.2797e+01 -8.0396e+01 -6.3115e+01 -5.9121e+01
-8.2984e+01 -8.2198e+01 -7.5102e+01 -7.4209e+01
# New trial
-8.2840e+01 -8.0850e+01 -7.2913e+01 -1.3902e+02
-8.2752e+01 -7.9952e+01 -6.2511e+01 -5.1497e+01
-8.2613e+01 -7.8551e+01 -5.8843e+01 -9.1519e+01
-8.2764e+01 -8.0027e+01 -6.4092e+01 -1.2734e+02
# New trial
-8.2802e+01 -8.0475e+01 -7.5198e+01 -2.0187e+02
-8.2758e+01 -7.9988e+01 -6.1400e+01 -5.0867e+01
-8.2679e+01 -7.9185e+01 -5.9193e+01 -9.5000e+01
-8.2833e+01 -8.0699e+01 -6.6044e+01 -1.0022e+02
# New trial
-8.2935e+01 -8.1775e+01 -8.1388e+01 -2.5094e+02
-8.2875e+01 -8.1163e+01 -6.8811e+01 -5.4886e+01
-8.2835e+01 -8.0746e+01 -6.5029e+01 -8.4938e+01
-8.2991e+01 -8.2274e+01 -7.7350e+01 -2.0017e+02
# New trial
-8.2941e+01 -8.1808e+01 -7.5267e+01 -1.1805e+02
-8.2899e+01 -8.1389e+01 -7.0493e+01 -5.2280e+01
-8.2861e+01 -8.0993e+01 -6.6264e+01 -7.0532e+01
-8.2981e+01 -8.2169e+01 -7.4935e+01 -9.8072e+01
# New trial
-8.2872e+01 -8.1125e+01 -6.9100e+01 -5.7850e+01
-8.2824e+01 -8.0649e+01 -6.5375e+01 -5.2814e+01
-8.2768e+01 -8.0084e+01 -6.2567e+01 -8.2775e+01
-8.2947e+01 -8.1833e+01 -7.4048e+01 -1.8661e+02
# New trial
-8.2779e+01 -8.0300e+01 -7.6659e+01 -2.1052e+02
-8.2774e+01 -8.0185e+01 -6.5635e+01 -5.7053e+01
-8.2797e+01 -8.0361e+01 -6.3971e+01 -1.1404e+02
-8.2991e+01 -8.2263e+01 -7.7182e+01 -2.0464e+02
# New trial
-8.2725e+01 -7.9789e+01 -6.4134e+01 -5.1785e+01
-8.2652e+01 -7.9119e+01 -6.1686e+01 -5.4801e+01
-8.2677e+01 -7.9265e+01 -6.6636e+01 -1.5043e+02
-8.2977e+01 -8.2124e+01 -7.5263e+01 -1.2772e+02
# New trial
-8.2815e+01 -8.0573e+01 -6.6313e+01 -5.8791e+01
-8.2759e+01 -8.0029e+01 -6.3908e+01 -5.7921e+01
-8.2741e+01 -7.9854e+01 -6.8389e+01 -1.4788e+02
-8.2957e+01 -8.1955e+01 -8.1177e+01 -2.6792e+02
# New trial
-8.2891e+01 -8.1295e+01 -6.9590e+01 -6.0127e+01
-8.2801e+01 -8.0399e+01 -6.2341e+01 -5.1139e+01
-8.2654e+01 -7.8957e+01 -5.7596e+01 -7.8014e+01
-8.2827e+01 -8.0663e+01 -7.2128e+01 -2.1259e+02
# New trial
-8.2828e+01 -8.0731e+01 -6.9936e+01 -1.1232e+02
-8.2771e+01 -8.0199e+01 -6.5891e+01 -5.2697e+01
-8.2812e+01 -8.0553e+01 -6.7434e+01 -1.0949e+02
-8.3026e+01 -8.2624e+01 -7.9800e+01 -1.7180e+02
# New trial
-8.2782e+01 -8.0297e+01 -7.2525e+01 -1.6342e+02
-8.2790e+01 -8.0328e+01 -6.4265e+01 -5.1924e+01
-8.2826e+01 -8.0655e+01 -6.5815e+01 -1.2436e+02
-8.3017e+01 -8.2529e+01 -7.8500e+01 -1.4777e+02
# New trial
-8.2944e+01 -8.1870e+01 -7.9823e+01 -1.6633e+02
-8.2871e+01 -8.1096e+01 -6.6959e+01 -5.1313e+01
-8.2779e+01 -8.0161e+01 -5.9282e+01 -5.0893e+01
-8.2847e+01 -8.0826e+01 -6.5666e+01 -5.3191e+01
# New trial
-8.2709e+01 -7.9732e+01 -6.9400e+01 -8.4888e+01
-8.2602e+01 -7.8627e+01 -5.8314e+01 -5.0768e+01
-8.2585e+01 -7.8323e+01 -5.5797e+01 -6.2994e+01
-8.2958e+01 -8.1933e+01 -7.3297e+01 -1.2775e+02
# New trial
-8.2707e+01 -7.9910e+01 -8.6356e+01 -3.0471e+02
-8.2623e+01 -7.8884e+01 -6.2942e+01 -5.1373e+01
-8.2627e+01 -7.8793e+01 -6.5181e+01 -1.3462e+02
-8.2980e+01 -8.2171e+01 -7.6990e+01 -2.0910e+02
# New trial
-8.2824e+01 -8.0692e+01 -6.9019e+01 -7.6002e+01
-8.2768e+01 -8.0126e+01 -6.3308e+01 -5.1752e+01
-8.2787e+01 -8.0298e+01 -6.5491e+01 -1.1267e+02
-8.2981e+01 -8.2182e+01 -7.6697e+01 -1.4556e+02
# New trial
-8.2874e+01 -8.1125e+01 -6.9532e+01 -8.5827e+01
-8.2819e+01 -8.0581e+01 -6.4342e+01 -5.1903e+01
-8.2743e+01 -7.9814e+01 -5.9470e+01 -7.1551e+01
-8.2873e+01 -8.1088e+01 -6.6955e+01 -7.6233e+01
# New trial
-8.2896e+01 -8.1336e+01 -6.9321e+01 -5.4293e+01
-8.2845e+01 -8.0846e+01 -6.6152e+01 -5.1158e+01
-8.2796e+01 -8.0356e+01 -6.2708e+01 -6.2709e+01
-8.2939e+01 -8.1749e+01 -7.1997e+01 -1.2754e+02
# New trial
-8.2889e+01 -8.1400e+01 -8.3024e+01 -2.4677e+02
-8.2801e+01 -8.0464e+01 -6.5491e+01 -5.4102e+01
-8.2682e+01 -7.9278e+01 -6.4912e+01 -1.4787e+02
-8.2921e+01 -8.1575e+01 -7.3379e+01 -1.7618e+02
# New trial
-8.2816e+01 -8.0641e+01 -7.4061e+01 -1.6072e+02
-8.2795e+01 -8.0394e+01 -6.5074e+01 -5.1684e+01
-8.2795e+01 -8.0361e+01 -6.3284e+01 -7.7386e+01
-8.2995e+01 -8.2317e+01 -7.7354e+01 -1.7450e+02
# New trial
-8.2876e+01 -8.1218e+01 -7.7083e+01 -2.0307e+02
-8.2829e+01 -8.0740e+01 -6.7938e+01 -5.4721e+01
-8.2831e+01 -8.0719e+01 -6.6272e+01 -8.7775e+01
-8.3023e+01 -8.2585e+01 -7.8762e+01 -1.0708e+02
# New trial
-8.2834e+01 -8.0742e+01 -6.6497e+01 -6.7593e+01
-8.2787e+01 -8.0279e+01 -6.2918e+01 -5.2218e+01
-8.2745e+01 -7.9846e+01 -6.0938e+01 -8.9317e+01
-8.2925e+01 -8.1617e+01 -7.1505e+01 -1.2332e+02
# New trial
-8.2837e+01 -8.0781e+01 -6.8097e+01 -7.0261e+01
-8.2800e+01 -8.0403e+01 -6.3874e+01 -5.6111e+01
-8.2791e+01 -8.0295e+01 -6.3498e+01 -8.3591e+01
-8.2956e+01 -8.1917e+01 -7.4375e+01 -1.4132e+02
# New trial
-8.2925e+01 -8.1629e+01 -7.2901e+01 -1.1477e+02
-8.2897e+01 -8.1355e+01 -6.9768e+01 -5.2942e+01
-8.2868e+01 -8.1055e+01 -6.5984e+01 -5.8013e+01
-8.2981e+01 -8.2162e+01 -7.4517e+01 -6.7531e+01
# New trial
-8.2807e+01 -8.0681e+01 -7.9288e+01 -1.9129e+02
-8.2732e+01 -7.9755e+01 -6.0504e+01 -5.1083e+01
-8.2712e+01 -7.9525e+01 -6.3278e+01 -1.3127e+02
-8.2964e+01 -8.2008e+01 -8.0547e+01 -2.6568e+02
# New trial
-8.2796e+01 -8.0372e+01 -6.5994e+01 -9.1433e+01
-8.2850e+01 -8.0896e+01 -6.6599e+01 -5.3335e+01
-8.2943e+01 -8.1800e+01 -7.2949e+01 -1.0694e+02
-8.3053e+01 -8.2879e+01 -8.1458e+01 -1.3434e+02
# New trial
-8.2789e+01 -8.0375e+01 -6.9931e+01 -1.0912e+02
-8.2723e+01 -7.9700e+01 -6.2637e+01 -5.2979e+01
-8.2679e+01 -7.9290e+01 -6.4626e+01 -1.0687e+02
-8.2939e+01 -8.1783e+01 -7.7888e+01 -2.2641e+02
# New trial
-8.2824e+01 -8.0679e+01 -7.0000e+01 -9.0468e+01
-8.2760e+01 -8.0016e+01 -6.2215e+01 -5.1383e+01
-8.2704e+01 -7.9432e+01 -5.8071e+01 -6.8751e+01
-8.2924e+01 -8.1596e+01 -7.0086e+01 -8.3173e+01
# New trial
-8.2871e+01 -8.1103e+01 -6.9618e+01 -9.1724e+01
-8.2890e+01 -8.1286e+01 -6.8737e+01 -5.6015e+01
-8.2953e+01 -8.1901e+01 -7.3093e+01 -9.3024e+01
-8.3047e+01 -8.2826e+01 -8.0855e+01 -8.6919e+01
# New trial
