# 0.01sig - Array shape (trial/sig/alpha): (30, 4, 4)
-1.5668e+02 -1.5457e+02 -1.3789e+02 -1.1630e+02
-1.5663e+02 -1.5416e+02 -1.3569e+02 -1.2289e+02
-1.5658e+02 -1.5368e+02 -1.3628e+02 -1.9103e+02
-1.5678e+02 -1.5560e+02 -1.5141e+02 -3.5552e+02
# New trial
-1.5667e+02 -1.5452e+02 -1.3699e+02 -1.1836e+02
-1.5661e+02 -1.5391e+02 -1.3451e+02 -1.2822e+02
-1.5652e+02 -1.5304e+02 -1.3033e+02 -1.3148e+02
-1.5673e+02 -1.5508e+02 -1.4233e+02 -2.1897e+02
# New trial
-1.5669e+02 -1.5465e+02 -1.3758e+02 -1.1759e+02
-1.5659e+02 -1.5377e+02 -1.3273e+02 -1.1670e+02
-1.5637e+02 -1.5155e+02 -1.2713e+02 -1.2346e+02
-1.5649e+02 -1.5273e+02 -1.3352e+02 -2.2479e+02
# New trial
-1.5664e+02 -1.5421e+02 -1.3575e+02 -1.1782e+02
-1.5655e+02 -1.5341e+02 -1.3326e+02 -1.2058e+02
-1.5645e+02 -1.5245e+02 -1.3111e+02 -1.6389e+02
-1.5673e+02 -1.5510e+02 -1.4499e+02 -3.1355e+02
# New trial
-1.5673e+02 -1.5506e+02 -1.4002e+02 -1.1684e+02
-1.5666e+02 -1.5444e+02 -1.3558e+02 -1.1998e+02
-1.5652e+02 -1.5299e+02 -1.2863e+02 -1.5057e+02
-1.5658e+02 -1.5358e+02 -1.2945e+02 -1.2883e+02
# New trial
-1.5673e+02 -1.5508e+02 -1.3980e+02 -1.1541e+02
-1.5663e+02 -1.5408e+02 -1.3319e+02 -1.1547e+02
-1.5639e+02 -1.5175e+02 -1.2061e+02 -1.1538e+02
-1.5651e+02 -1.5293e+02 -1.2599e+02 -1.5223e+02
# New trial
-1.5672e+02 -1.5502e+02 -1.4056e+02 -1.1891e+02
-1.5666e+02 -1.5442e+02 -1.3745e+02 -1.2181e+02
-1.5659e+02 -1.5375e+02 -1.3465e+02 -1.5996e+02
-1.5674e+02 -1.5524e+02 -1.4425e+02 -2.3941e+02
# New trial
-1.5671e+02 -1.5484e+02 -1.3820e+02 -1.1544e+02
-1.5665e+02 -1.5427e+02 -1.3350e+02 -1.1544e+02
-1.5650e+02 -1.5277e+02 -1.2333e+02 -1.1854e+02
-1.5660e+02 -1.5382e+02 -1.2984e+02 -1.2665e+02
# New trial
-1.5669e+02 -1.5473e+02 -1.3843e+02 -1.1726e+02
-1.5661e+02 -1.5387e+02 -1.3296e+02 -1.2052e+02
-1.5638e+02 -1.5170e+02 -1.2786e+02 -1.6867e+02
-1.5652e+02 -1.5299e+02 -1.3175e+02 -2.2236e+02
# New trial
-1.5668e+02 -1.5458e+02 -1.3803e+02 -1.1952e+02
-1.5661e+02 -1.5395e+02 -1.3488e+02 -1.2153e+02
-1.5653e+02 -1.5314e+02 -1.3353e+02 -2.0449e+02
-1.5675e+02 -1.5527e+02 -1.4407e+02 -2.5277e+02
# New trial
-1.5663e+02 -1.5415e+02 -1.3728e+02 -1.1692e+02
-1.5655e+02 -1.5345e+02 -1.3536e+02 -1.3094e+02
-1.5646e+02 -1.5264e+02 -1.3564e+02 -1.9116e+02
-1.5679e+02 -1.5567e+02 -1.5047e+02 -3.1692e+02
# New trial
-1.5677e+02 -1.5551e+02 -1.4357e+02 -1.1605e+02
-1.5675e+02 -1.5524e+02 -1.4123e+02 -1.1581e+02
-1.5669e+02 -1.5464e+02 -1.3613e+02 -1.1886e+02
-1.5675e+02 -1.5530e+02 -1.4204e+02 -1.8443e+02
# New trial
-1.5673e+02 -1.5506e+02 -1.4009e+02 -1.1712e+02
-1.5665e+02 -1.5427e+02 -1.3507e+02 -1.1977e+02
-1.5643e+02 -1.5212e+02 -1.2697e+02 -1.2863e+02
-1.5647e+02 -1.5251e+02 -1.2985e+02 -1.9669e+02
# New trial
-1.5677e+02 -1.5548e+02 -1.4309e+02 -1.1540e+02
-1.5672e+02 -1.5502e+02 -1.3889e+02 -1.1538e+02
-1.5659e+02 -1.5365e+02 -1.2771e+02 -1.1538e+02
-1.5656e+02 -1.5343e+02 -1.2635e+02 -1.1544e+02
# New trial
-1.5676e+02 -1.5540e+02 -1.4269e+02 -1.2035e+02
-1.5672e+02 -1.5499e+02 -1.3934e+02 -1.1950e+02
-1.5661e+02 -1.5389e+02 -1.3258e+02 -1.3332e+02
-1.5662e+02 -1.5397e+02 -1.3328e+02 -1.7003e+02
# New trial
-1.5665e+02 -1.5428e+02 -1.3705e+02 -1.1776e+02
-1.5656e+02 -1.5352e+02 -1.3416e+02 -1.2352e+02
-1.5644e+02 -1.5232e+02 -1.3256e+02 -1.6287e+02
-1.5668e+02 -1.5471e+02 -1.4657e+02 -2.9429e+02
# New trial
-1.5668e+02 -1.5463e+02 -1.3756e+02 -1.1675e+02
-1.5661e+02 -1.5397e+02 -1.3468e+02 -1.1752e+02
-1.5651e+02 -1.5300e+02 -1.2916e+02 -1.3713e+02
-1.5669e+02 -1.5473e+02 -1.3983e+02 -2.4124e+02
# New trial
-1.5666e+02 -1.5447e+02 -1.3879e+02 -1.1910e+02
-1.5657e+02 -1.5359e+02 -1.3499e+02 -1.2026e+02
-1.5642e+02 -1.5217e+02 -1.3213e+02 -1.6215e+02
-1.5670e+02 -1.5488e+02 -1.4911e+02 -3.8627e+02
# New trial
-1.5671e+02 -1.5487e+02 -1.4087e+02 -1.2474e+02
-1.5663e+02 -1.5417e+02 -1.3676e+02 -1.3008e+02
-1.5658e+02 -1.5358e+02 -1.3545e+02 -2.0338e+02
-1.5675e+02 -1.5528e+02 -1.4566e+02 -2.9954e+02
# New trial
-1.5671e+02 -1.5494e+02 -1.4028e+02 -1.1780e+02
-1.5667e+02 -1.5448e+02 -1.3806e+02 -1.2090e+02
-1.5660e+02 -1.5379e+02 -1.3685e+02 -1.9384e+02
-1.5675e+02 -1.5525e+02 -1.4670e+02 -3.1614e+02
# New trial
-1.5655e+02 -1.5342e+02 -1.3488e+02 -1.1728e+02
-1.5648e+02 -1.5279e+02 -1.3467e+02 -1.5667e+02
-1.5647e+02 -1.5271e+02 -1.3573e+02 -1.9859e+02
-1.5679e+02 -1.5573e+02 -1.4744e+02 -2.2484e+02
# New trial
-1.5674e+02 -1.5521e+02 -1.4199e+02 -1.1853e+02
-1.5668e+02 -1.5460e+02 -1.3855e+02 -1.1788e+02
-1.5654e+02 -1.5325e+02 -1.3164e+02 -1.3162e+02
-1.5669e+02 -1.5475e+02 -1.3946e+02 -2.1183e+02
# New trial
-1.5682e+02 -1.5597e+02 -1.4776e+02 -1.3039e+02
-1.5678e+02 -1.5558e+02 -1.4454e+02 -1.4064e+02
-1.5670e+02 -1.5478e+02 -1.3876e+02 -1.7097e+02
-1.5668e+02 -1.5458e+02 -1.3712e+02 -1.9314e+02
# New trial
-1.5653e+02 -1.5329e+02 -1.3558e+02 -1.2403e+02
-1.5645e+02 -1.5254e+02 -1.3411e+02 -1.3940e+02
-1.5647e+02 -1.5282e+02 -1.4159e+02 -2.6713e+02
-1.5681e+02 -1.5592e+02 -1.5342e+02 -3.5780e+02
# New trial
-1.5676e+02 -1.5538e+02 -1.4282e+02 -1.2530e+02
-1.5668e+02 -1.5461e+02 -1.3779e+02 -1.2386e+02
-1.5652e+02 -1.5309e+02 -1.2955e+02 -1.5755e+02
-1.5667e+02 -1.5451e+02 -1.3806e+02 -2.3757e+02
# New trial
-1.5678e+02 -1.5561e+02 -1.4462e+02 -1.2462e+02
-1.5674e+02 -1.5518e+02 -1.4129e+02 -1.2764e+02
-1.5662e+02 -1.5404e+02 -1.3454e+02 -1.4166e+02
-1.5669e+02 -1.5472e+02 -1.3762e+02 -1.4245e+02
# New trial
-1.5677e+02 -1.5547e+02 -1.4340e+02 -1.1693e+02
-1.5670e+02 -1.5476e+02 -1.3862e+02 -1.1841e+02
-1.5655e+02 -1.5327e+02 -1.2843e+02 -1.2160e+02
-1.5658e+02 -1.5362e+02 -1.2979e+02 -1.4544e+02
# New trial
-1.5675e+02 -1.5527e+02 -1.4138e+02 -1.1654e+02
-1.5668e+02 -1.5455e+02 -1.3622e+02 -1.1559e+02
-1.5650e+02 -1.5278e+02 -1.2509e+02 -1.1540e+02
-1.5654e+02 -1.5322e+02 -1.2651e+02 -1.1883e+02
# New trial
-1.5679e+02 -1.5572e+02 -1.4582e+02 -1.2634e+02
-1.5677e+02 -1.5547e+02 -1.4380e+02 -1.3088e+02
-1.5669e+02 -1.5472e+02 -1.3848e+02 -1.6040e+02
-1.5674e+02 -1.5524e+02 -1.4396e+02 -2.4495e+02
# New trial
-1.5672e+02 -1.5504e+02 -1.4113e+02 -1.4274e+02
-1.5669e+02 -1.5467e+02 -1.3957e+02 -1.6162e+02
-1.5663e+02 -1.5412e+02 -1.4237e+02 -2.6545e+02
-1.5678e+02 -1.5561e+02 -1.5333e+02 -3.8505e+02
# New trial
