# 0.01sig - Array shape (trial/sig/alpha): (30, 4, 4)
-1.7912e+02 -1.7154e+02 -1.1947e+02 -6.4143e+01
-1.7901e+02 -1.7056e+02 -1.1629e+02 -1.0248e+02
-1.7893e+02 -1.6974e+02 -1.1755e+02 -3.1992e+02
-1.7958e+02 -1.7600e+02 -1.5519e+02 -6.5839e+02
# New trial
-1.7902e+02 -1.7058e+02 -1.1602e+02 -8.1940e+01
-1.7888e+02 -1.6927e+02 -1.1559e+02 -1.3277e+02
-1.7879e+02 -1.6842e+02 -1.1046e+02 -1.8996e+02
-1.7951e+02 -1.7531e+02 -1.4273e+02 -3.5287e+02
# New trial
-1.7912e+02 -1.7154e+02 -1.1677e+02 -6.8479e+01
-1.7885e+02 -1.6885e+02 -1.0201e+02 -7.7904e+01
-1.7849e+02 -1.6533e+02 -1.0977e+02 -4.0606e+02
-1.7919e+02 -1.7215e+02 -1.4795e+02 -7.3227e+02
# New trial
-1.7884e+02 -1.6889e+02 -1.0852e+02 -6.3338e+01
-1.7866e+02 -1.6734e+02 -1.0686e+02 -1.3561e+02
-1.7872e+02 -1.6782e+02 -1.1878e+02 -3.8564e+02
-1.7954e+02 -1.7571e+02 -1.5403e+02 -5.8862e+02
# New trial
-1.7926e+02 -1.7281e+02 -1.1997e+02 -5.3550e+01
-1.7904e+02 -1.7062e+02 -1.0711e+02 -6.5661e+01
-1.7869e+02 -1.6726e+02 -9.9422e+01 -2.0723e+02
-1.7903e+02 -1.7050e+02 -1.1694e+02 -4.1576e+02
# New trial
-1.7917e+02 -1.7195e+02 -1.1938e+02 -6.9869e+01
-1.7892e+02 -1.6957e+02 -1.1014e+02 -1.0567e+02
-1.7860e+02 -1.6648e+02 -1.0474e+02 -2.7552e+02
-1.7918e+02 -1.7201e+02 -1.3043e+02 -3.9478e+02
# New trial
-1.7919e+02 -1.7218e+02 -1.2166e+02 -5.8713e+01
-1.7905e+02 -1.7084e+02 -1.1793e+02 -9.2883e+01
-1.7908e+02 -1.7112e+02 -1.2025e+02 -2.4963e+02
-1.7963e+02 -1.7643e+02 -1.4983e+02 -3.8331e+02
# New trial
-1.7918e+02 -1.7212e+02 -1.2133e+02 -6.0129e+01
-1.7903e+02 -1.7061e+02 -1.1269e+02 -7.9139e+01
-1.7883e+02 -1.6863e+02 -1.1280e+02 -2.9273e+02
-1.7934e+02 -1.7356e+02 -1.3449e+02 -4.2774e+02
# New trial
-1.7901e+02 -1.7035e+02 -1.0668e+02 -5.1431e+01
-1.7876e+02 -1.6789e+02 -9.0097e+01 -5.6105e+01
-1.7830e+02 -1.6336e+02 -7.3406e+01 -1.0506e+02
-1.7902e+02 -1.7043e+02 -1.0606e+02 -1.7090e+02
# New trial
-1.7898e+02 -1.7019e+02 -1.1238e+02 -7.0696e+01
-1.7887e+02 -1.6912e+02 -1.1120e+02 -1.4233e+02
-1.7888e+02 -1.6926e+02 -1.1445e+02 -3.2394e+02
-1.7959e+02 -1.7611e+02 -1.4659e+02 -2.7281e+02
# New trial
-1.7883e+02 -1.6900e+02 -1.1379e+02 -6.8817e+01
-1.7872e+02 -1.6810e+02 -1.2277e+02 -2.6795e+02
-1.7877e+02 -1.6851e+02 -1.4140e+02 -6.6004e+02
-1.7962e+02 -1.7648e+02 -1.5819e+02 -6.2943e+02
# New trial
-1.7942e+02 -1.7440e+02 -1.3146e+02 -6.8321e+01
-1.7942e+02 -1.7434e+02 -1.3113e+02 -9.4774e+01
-1.7938e+02 -1.7393e+02 -1.2845e+02 -1.9571e+02
-1.7961e+02 -1.7621e+02 -1.4673e+02 -3.4614e+02
# New trial
-1.7918e+02 -1.7198e+02 -1.1607e+02 -5.4571e+01
-1.7893e+02 -1.6954e+02 -1.0033e+02 -8.3410e+01
-1.7848e+02 -1.6507e+02 -8.4232e+01 -1.9903e+02
-1.7900e+02 -1.7014e+02 -1.1175e+02 -3.8637e+02
# New trial
-1.7940e+02 -1.7419e+02 -1.2906e+02 -5.6677e+01
-1.7926e+02 -1.7273e+02 -1.1882e+02 -6.5054e+01
-1.7901e+02 -1.7032e+02 -1.0580e+02 -1.5754e+02
-1.7925e+02 -1.7266e+02 -1.1673e+02 -1.8911e+02
# New trial
-1.7936e+02 -1.7370e+02 -1.2555e+02 -9.2155e+01
-1.7928e+02 -1.7296e+02 -1.2142e+02 -1.3439e+02
-1.7910e+02 -1.7122e+02 -1.1364e+02 -2.5107e+02
-1.7936e+02 -1.7374e+02 -1.2908e+02 -2.5149e+02
# New trial
-1.7884e+02 -1.6889e+02 -1.0873e+02 -6.0343e+01
-1.7865e+02 -1.6716e+02 -1.0480e+02 -1.0373e+02
-1.7864e+02 -1.6707e+02 -1.1048e+02 -3.1967e+02
-1.7947e+02 -1.7500e+02 -1.4750e+02 -5.2490e+02
# New trial
-1.7906e+02 -1.7086e+02 -1.1140e+02 -5.8045e+01
-1.7890e+02 -1.6939e+02 -1.1005e+02 -9.3802e+01
-1.7881e+02 -1.6856e+02 -1.0732e+02 -2.4116e+02
-1.7943e+02 -1.7450e+02 -1.3894e+02 -4.8420e+02
# New trial
-1.7898e+02 -1.7039e+02 -1.1919e+02 -6.5836e+01
-1.7883e+02 -1.6907e+02 -1.1707e+02 -1.5718e+02
-1.7876e+02 -1.6831e+02 -1.2610e+02 -4.7652e+02
-1.7952e+02 -1.7540e+02 -1.6115e+02 -8.1329e+02
# New trial
-1.7933e+02 -1.7353e+02 -1.2694e+02 -7.7695e+01
-1.7918e+02 -1.7207e+02 -1.1998e+02 -1.1842e+02
-1.7912e+02 -1.7145e+02 -1.2249e+02 -3.5384e+02
-1.7958e+02 -1.7601e+02 -1.6049e+02 -7.7508e+02
# New trial
-1.7919e+02 -1.7212e+02 -1.1823e+02 -7.1668e+01
-1.7912e+02 -1.7147e+02 -1.1751e+02 -1.1735e+02
-1.7905e+02 -1.7077e+02 -1.2325e+02 -4.3040e+02
-1.7951e+02 -1.7525e+02 -1.4595e+02 -5.2573e+02
# New trial
-1.7854e+02 -1.6630e+02 -1.0275e+02 -5.6000e+01
-1.7840e+02 -1.6524e+02 -1.0702e+02 -1.3636e+02
-1.7874e+02 -1.6819e+02 -1.2672e+02 -4.6698e+02
-1.7968e+02 -1.7695e+02 -1.6261e+02 -6.0557e+02
# New trial
-1.7921e+02 -1.7234e+02 -1.2196e+02 -6.8204e+01
-1.7908e+02 -1.7116e+02 -1.1769e+02 -1.1412e+02
-1.7896e+02 -1.7000e+02 -1.1334e+02 -2.9639e+02
-1.7953e+02 -1.7541e+02 -1.3905e+02 -2.5402e+02
# New trial
-1.7952e+02 -1.7529e+02 -1.3784e+02 -7.0228e+01
-1.7939e+02 -1.7403e+02 -1.2782e+02 -1.0182e+02
-1.7919e+02 -1.7208e+02 -1.1184e+02 -1.6617e+02
-1.7933e+02 -1.7342e+02 -1.2778e+02 -3.7980e+02
# New trial
-1.7846e+02 -1.6571e+02 -1.0543e+02 -6.1395e+01
-1.7833e+02 -1.6477e+02 -1.0976e+02 -1.6172e+02
-1.7877e+02 -1.6873e+02 -1.3699e+02 -5.8641e+02
-1.7973e+02 -1.7751e+02 -1.6822e+02 -6.6171e+02
# New trial
-1.7930e+02 -1.7319e+02 -1.2766e+02 -8.7904e+01
-1.7906e+02 -1.7091e+02 -1.1612e+02 -9.0945e+01
-1.7880e+02 -1.6841e+02 -1.1328e+02 -3.8238e+02
-1.7945e+02 -1.7475e+02 -1.5036e+02 -6.9534e+02
# New trial
-1.7931e+02 -1.7330e+02 -1.2689e+02 -9.1764e+01
-1.7923e+02 -1.7251e+02 -1.2160e+02 -1.2017e+02
-1.7913e+02 -1.7148e+02 -1.1571e+02 -2.4997e+02
-1.7958e+02 -1.7596e+02 -1.4651e+02 -4.1745e+02
# New trial
-1.7937e+02 -1.7383e+02 -1.2777e+02 -5.6192e+01
-1.7916e+02 -1.7180e+02 -1.1586e+02 -7.3402e+01
-1.7884e+02 -1.6869e+02 -9.5798e+01 -1.5363e+02
-1.7913e+02 -1.7150e+02 -1.1007e+02 -1.2661e+02
# New trial
-1.7937e+02 -1.7388e+02 -1.2914e+02 -7.7636e+01
-1.7913e+02 -1.7156e+02 -1.1638e+02 -7.9405e+01
-1.7874e+02 -1.6778e+02 -1.0046e+02 -1.6625e+02
-1.7918e+02 -1.7202e+02 -1.2218e+02 -3.0108e+02
# New trial
-1.7941e+02 -1.7426e+02 -1.3234e+02 -6.6682e+01
-1.7937e+02 -1.7390e+02 -1.2879e+02 -7.6038e+01
-1.7929e+02 -1.7309e+02 -1.2120e+02 -1.7748e+02
-1.7961e+02 -1.7619e+02 -1.4648e+02 -3.7945e+02
# New trial
-1.7912e+02 -1.7150e+02 -1.2003e+02 -1.0573e+02
-1.7900e+02 -1.7033e+02 -1.1474e+02 -1.4929e+02
-1.7895e+02 -1.6985e+02 -1.2564e+02 -4.9369e+02
-1.7953e+02 -1.7549e+02 -1.4862e+02 -5.8252e+02
# New trial
