# 0.01sig - Array shape (trial/sig/alpha): (30, 4, 4)
-1.7046e+02 -1.6784e+02 -1.4645e+02 -1.1767e+02
-1.7040e+02 -1.6726e+02 -1.4302e+02 -1.2052e+02
-1.7031e+02 -1.6641e+02 -1.4097e+02 -2.0418e+02
-1.7056e+02 -1.6881e+02 -1.5840e+02 -3.9956e+02
# New trial
-1.7046e+02 -1.6779e+02 -1.4680e+02 -1.2582e+02
-1.7038e+02 -1.6701e+02 -1.4358e+02 -1.4104e+02
-1.7024e+02 -1.6566e+02 -1.3464e+02 -1.3328e+02
-1.7049e+02 -1.6806e+02 -1.4720e+02 -1.9471e+02
# New trial
-1.7048e+02 -1.6798e+02 -1.4675e+02 -1.1687e+02
-1.7037e+02 -1.6689e+02 -1.4071e+02 -1.1742e+02
-1.7007e+02 -1.6399e+02 -1.2888e+02 -1.3032e+02
-1.7018e+02 -1.6507e+02 -1.3293e+02 -1.9414e+02
# New trial
-1.7041e+02 -1.6736e+02 -1.4453e+02 -1.1992e+02
-1.7030e+02 -1.6632e+02 -1.4068e+02 -1.2458e+02
-1.7013e+02 -1.6470e+02 -1.3667e+02 -1.7147e+02
-1.7046e+02 -1.6793e+02 -1.5456e+02 -3.3252e+02
# New trial
-1.7052e+02 -1.6840e+02 -1.4942e+02 -1.1887e+02
-1.7044e+02 -1.6758e+02 -1.4320e+02 -1.2247e+02
-1.7024e+02 -1.6563e+02 -1.3468e+02 -1.7268e+02
-1.7028e+02 -1.6603e+02 -1.4467e+02 -3.3608e+02
# New trial
-1.7053e+02 -1.6847e+02 -1.4955e+02 -1.2163e+02
-1.7040e+02 -1.6718e+02 -1.4143e+02 -1.1755e+02
-1.7010e+02 -1.6425e+02 -1.2644e+02 -1.2622e+02
-1.7023e+02 -1.6547e+02 -1.3449e+02 -2.3251e+02
# New trial
-1.7052e+02 -1.6842e+02 -1.5068e+02 -1.2344e+02
-1.7045e+02 -1.6768e+02 -1.4689e+02 -1.2507e+02
-1.7035e+02 -1.6673e+02 -1.4389e+02 -1.6466e+02
-1.7053e+02 -1.6853e+02 -1.5399e+02 -2.4888e+02
# New trial
-1.7050e+02 -1.6823e+02 -1.4869e+02 -1.2511e+02
-1.7044e+02 -1.6756e+02 -1.4379e+02 -1.2872e+02
-1.7025e+02 -1.6574e+02 -1.3513e+02 -1.6719e+02
-1.7035e+02 -1.6671e+02 -1.4461e+02 -3.2559e+02
# New trial
-1.7048e+02 -1.6801e+02 -1.4717e+02 -1.2223e+02
-1.7037e+02 -1.6695e+02 -1.4095e+02 -1.2145e+02
-1.7009e+02 -1.6421e+02 -1.3426e+02 -1.5905e+02
-1.7023e+02 -1.6555e+02 -1.4677e+02 -3.3308e+02
# New trial
-1.7045e+02 -1.6769e+02 -1.4576e+02 -1.2277e+02
-1.7036e+02 -1.6685e+02 -1.4203e+02 -1.2081e+02
-1.7024e+02 -1.6573e+02 -1.4011e+02 -1.8144e+02
-1.7051e+02 -1.6832e+02 -1.5508e+02 -3.3352e+02
# New trial
-1.7038e+02 -1.6709e+02 -1.4263e+02 -1.1689e+02
-1.7029e+02 -1.6620e+02 -1.4040e+02 -1.3580e+02
-1.7016e+02 -1.6497e+02 -1.3789e+02 -2.0068e+02
-1.7053e+02 -1.6854e+02 -1.5290e+02 -2.2215e+02
# New trial
-1.7058e+02 -1.6902e+02 -1.5426e+02 -1.1636e+02
-1.7055e+02 -1.6868e+02 -1.5132e+02 -1.1632e+02
-1.7046e+02 -1.6780e+02 -1.4399e+02 -1.1705e+02
-1.7051e+02 -1.6829e+02 -1.4832e+02 -1.8418e+02
# New trial
-1.7053e+02 -1.6844e+02 -1.4914e+02 -1.1694e+02
-1.7042e+02 -1.6741e+02 -1.4189e+02 -1.2259e+02
-1.7015e+02 -1.6471e+02 -1.2867e+02 -1.3351e+02
-1.7019e+02 -1.6508e+02 -1.2740e+02 -1.3712e+02
# New trial
-1.7059e+02 -1.6910e+02 -1.5512e+02 -1.1834e+02
-1.7054e+02 -1.6855e+02 -1.5044e+02 -1.1871e+02
-1.7037e+02 -1.6687e+02 -1.3816e+02 -1.2024e+02
-1.7033e+02 -1.6654e+02 -1.3619e+02 -1.6361e+02
# New trial
-1.7057e+02 -1.6884e+02 -1.5259e+02 -1.3242e+02
-1.7051e+02 -1.6830e+02 -1.4814e+02 -1.3151e+02
-1.7036e+02 -1.6678e+02 -1.3878e+02 -1.5968e+02
-1.7036e+02 -1.6676e+02 -1.3986e+02 -2.0846e+02
# New trial
-1.7043e+02 -1.6749e+02 -1.4450e+02 -1.1593e+02
-1.7033e+02 -1.6658e+02 -1.4099e+02 -1.1778e+02
-1.7016e+02 -1.6491e+02 -1.3275e+02 -1.4387e+02
-1.7045e+02 -1.6766e+02 -1.4506e+02 -2.1854e+02
# New trial
-1.7046e+02 -1.6779e+02 -1.4533e+02 -1.1892e+02
-1.7037e+02 -1.6692e+02 -1.4119e+02 -1.1738e+02
-1.7022e+02 -1.6552e+02 -1.3255e+02 -1.3744e+02
-1.7044e+02 -1.6758e+02 -1.4572e+02 -2.8319e+02
# New trial
-1.7045e+02 -1.6775e+02 -1.4812e+02 -1.1879e+02
-1.7033e+02 -1.6659e+02 -1.4274e+02 -1.1686e+02
-1.7012e+02 -1.6467e+02 -1.3834e+02 -1.5796e+02
-1.7047e+02 -1.6791e+02 -1.5256e+02 -3.1658e+02
# New trial
-1.7049e+02 -1.6811e+02 -1.4974e+02 -1.2793e+02
-1.7041e+02 -1.6732e+02 -1.4594e+02 -1.5952e+02
-1.7037e+02 -1.6690e+02 -1.4828e+02 -2.8520e+02
-1.7059e+02 -1.6906e+02 -1.6079e+02 -4.2285e+02
# New trial
-1.7051e+02 -1.6826e+02 -1.5037e+02 -1.2160e+02
-1.7045e+02 -1.6770e+02 -1.4802e+02 -1.3849e+02
-1.7035e+02 -1.6677e+02 -1.4561e+02 -2.4615e+02
-1.7052e+02 -1.6844e+02 -1.5242e+02 -2.8985e+02
# New trial
-1.7030e+02 -1.6636e+02 -1.4354e+02 -1.1727e+02
-1.7021e+02 -1.6559e+02 -1.4371e+02 -1.5014e+02
-1.7017e+02 -1.6521e+02 -1.4067e+02 -2.2912e+02
-1.7054e+02 -1.6861e+02 -1.5279e+02 -2.1360e+02
# New trial
-1.7053e+02 -1.6846e+02 -1.5019e+02 -1.1831e+02
-1.7044e+02 -1.6759e+02 -1.4463e+02 -1.1677e+02
-1.7024e+02 -1.6564e+02 -1.3310e+02 -1.2207e+02
-1.7045e+02 -1.6766e+02 -1.4648e+02 -2.4914e+02
# New trial
-1.7063e+02 -1.6951e+02 -1.5847e+02 -1.1805e+02
-1.7058e+02 -1.6897e+02 -1.5356e+02 -1.2337e+02
-1.7046e+02 -1.6779e+02 -1.4315e+02 -1.3908e+02
-1.7043e+02 -1.6752e+02 -1.4178e+02 -1.3456e+02
# New trial
-1.7026e+02 -1.6594e+02 -1.4177e+02 -1.2188e+02
-1.7013e+02 -1.6490e+02 -1.4065e+02 -1.3433e+02
-1.7011e+02 -1.6470e+02 -1.4391e+02 -2.8456e+02
-1.7057e+02 -1.6890e+02 -1.5822e+02 -3.5932e+02
# New trial
-1.7057e+02 -1.6886e+02 -1.5345e+02 -1.2988e+02
-1.7047e+02 -1.6790e+02 -1.4718e+02 -1.2538e+02
-1.7026e+02 -1.6583e+02 -1.3449e+02 -1.6594e+02
-1.7042e+02 -1.6745e+02 -1.4763e+02 -3.3284e+02
# New trial
-1.7059e+02 -1.6909e+02 -1.5527e+02 -1.5416e+02
-1.7053e+02 -1.6853e+02 -1.5085e+02 -1.6008e+02
-1.7039e+02 -1.6708e+02 -1.4322e+02 -2.0989e+02
-1.7050e+02 -1.6823e+02 -1.5052e+02 -2.5797e+02
# New trial
-1.7057e+02 -1.6888e+02 -1.5317e+02 -1.2019e+02
-1.7047e+02 -1.6793e+02 -1.4648e+02 -1.2015e+02
-1.7026e+02 -1.6588e+02 -1.3470e+02 -1.3283e+02
-1.7031e+02 -1.6629e+02 -1.3576e+02 -1.8158e+02
# New trial
-1.7055e+02 -1.6869e+02 -1.5149e+02 -1.3173e+02
-1.7046e+02 -1.6777e+02 -1.4515e+02 -1.3725e+02
-1.7023e+02 -1.6556e+02 -1.3515e+02 -1.6523e+02
-1.7029e+02 -1.6608e+02 -1.3987e+02 -2.6295e+02
# New trial
-1.7060e+02 -1.6920e+02 -1.5596e+02 -1.2404e+02
-1.7057e+02 -1.6887e+02 -1.5307e+02 -1.2704e+02
-1.7047e+02 -1.6788e+02 -1.4488e+02 -1.5579e+02
-1.7054e+02 -1.6853e+02 -1.5146e+02 -2.5341e+02
# New trial
-1.7050e+02 -1.6824e+02 -1.4900e+02 -1.3006e+02
-1.7044e+02 -1.6763e+02 -1.4511e+02 -1.4512e+02
-1.7031e+02 -1.6635e+02 -1.4022e+02 -2.1573e+02
-1.7050e+02 -1.6821e+02 -1.5017e+02 -2.8282e+02
# New trial
