# 0.1sig - Array shape (trial/sig/alpha): (30, 4, 4)
-1.6970e+02 -1.6150e+02 -1.5831e+02 -8.4496e+02
-1.6957e+02 -1.5973e+02 -1.1858e+02 -3.4684e+02
-1.6936e+02 -1.5758e+02 -1.1358e+02 -5.4616e+02
-1.7010e+02 -1.6440e+02 -1.3797e+02 -7.5464e+02
# New trial
-1.7012e+02 -1.6469e+02 -1.3511e+02 -2.7957e+02
-1.7002e+02 -1.6363e+02 -1.2141e+02 -1.8090e+02
-1.6971e+02 -1.6049e+02 -9.3083e+01 -1.8423e+02
-1.6986e+02 -1.6182e+02 -1.0294e+02 -3.3061e+02
# New trial
-1.7007e+02 -1.6437e+02 -1.5600e+02 -6.5371e+02
-1.6982e+02 -1.6159e+02 -1.0859e+02 -3.1402e+02
-1.6925e+02 -1.5587e+02 -7.5110e+01 -3.1796e+02
-1.6932e+02 -1.5645e+02 -8.9046e+01 -3.8673e+02
# New trial
-1.7007e+02 -1.6431e+02 -1.5794e+02 -9.0147e+02
-1.6990e+02 -1.6236e+02 -1.1805e+02 -4.5402e+02
-1.6945e+02 -1.5782e+02 -8.3116e+01 -3.8376e+02
-1.6954e+02 -1.5864e+02 -9.1438e+01 -3.0600e+02
# New trial
-1.7026e+02 -1.6642e+02 -1.7711e+02 -8.6818e+02
-1.7005e+02 -1.6396e+02 -1.2407e+02 -2.1436e+02
-1.6979e+02 -1.6119e+02 -9.8527e+01 -3.0231e+02
-1.7007e+02 -1.6393e+02 -1.1420e+02 -3.8703e+02
# New trial
-1.7027e+02 -1.6609e+02 -1.4556e+02 -3.8892e+02
-1.7015e+02 -1.6489e+02 -1.2822e+02 -1.9875e+02
-1.6994e+02 -1.6270e+02 -1.1010e+02 -2.6316e+02
-1.7025e+02 -1.6569e+02 -1.3217e+02 -5.0678e+02
# New trial
-1.7004e+02 -1.6400e+02 -1.3499e+02 -3.4642e+02
-1.6996e+02 -1.6306e+02 -1.1928e+02 -2.2866e+02
-1.6970e+02 -1.6041e+02 -9.9986e+01 -2.6355e+02
-1.6994e+02 -1.6270e+02 -1.1984e+02 -5.5152e+02
# New trial
-1.6994e+02 -1.6328e+02 -1.7380e+02 -1.0562e+03
-1.6986e+02 -1.6206e+02 -1.2115e+02 -3.3185e+02
-1.6972e+02 -1.6057e+02 -1.0030e+02 -3.7891e+02
-1.7022e+02 -1.6545e+02 -1.3260e+02 -5.8262e+02
# New trial
-1.6967e+02 -1.6108e+02 -1.3686e+02 -5.0584e+02
-1.6946e+02 -1.5885e+02 -1.1179e+02 -3.3237e+02
-1.6924e+02 -1.5629e+02 -9.3242e+01 -4.2158e+02
-1.7002e+02 -1.6364e+02 -1.2152e+02 -3.7527e+02
# New trial
-1.6997e+02 -1.6333e+02 -1.3399e+02 -4.2773e+02
-1.6984e+02 -1.6193e+02 -1.1409e+02 -2.9484e+02
-1.6957e+02 -1.5905e+02 -9.3729e+01 -2.8008e+02
-1.6985e+02 -1.6172e+02 -1.1062e+02 -3.8964e+02
# New trial
-1.7025e+02 -1.6596e+02 -1.4332e+02 -3.4689e+02
-1.7002e+02 -1.6372e+02 -1.2341e+02 -3.2761e+02
-1.6944e+02 -1.5780e+02 -8.2070e+01 -2.3722e+02
-1.6954e+02 -1.5870e+02 -9.3968e+01 -3.6243e+02
# New trial
-1.6999e+02 -1.6379e+02 -1.6329e+02 -7.7362e+02
-1.6979e+02 -1.6173e+02 -1.3292e+02 -4.4152e+02
-1.6956e+02 -1.5922e+02 -1.1262e+02 -5.1658e+02
-1.7013e+02 -1.6465e+02 -1.3218e+02 -5.9395e+02
# New trial
-1.7005e+02 -1.6443e+02 -1.7749e+02 -9.5536e+02
-1.6997e+02 -1.6322e+02 -1.2706e+02 -3.8567e+02
-1.6976e+02 -1.6095e+02 -1.0318e+02 -4.0690e+02
-1.7019e+02 -1.6510e+02 -1.2366e+02 -3.3330e+02
# New trial
-1.7034e+02 -1.6698e+02 -1.6259e+02 -5.6406e+02
-1.7014e+02 -1.6468e+02 -1.2406e+02 -2.3941e+02
-1.6978e+02 -1.6110e+02 -9.4385e+01 -2.4882e+02
-1.6973e+02 -1.6058e+02 -9.8417e+01 -2.8456e+02
# New trial
-1.6982e+02 -1.6285e+02 -1.6473e+02 -7.3725e+02
-1.6947e+02 -1.5898e+02 -1.1920e+02 -4.5087e+02
-1.6910e+02 -1.5478e+02 -8.7695e+01 -3.7100e+02
-1.6987e+02 -1.6198e+02 -1.0890e+02 -4.2125e+02
# New trial
-1.6985e+02 -1.6293e+02 -1.8470e+02 -1.0864e+03
-1.6958e+02 -1.5977e+02 -1.2491e+02 -4.9460e+02
-1.6907e+02 -1.5452e+02 -9.6790e+01 -5.8620e+02
-1.6965e+02 -1.5992e+02 -1.0467e+02 -5.1816e+02
# New trial
-1.6998e+02 -1.6391e+02 -1.5945e+02 -6.3110e+02
-1.6986e+02 -1.6226e+02 -1.2418e+02 -3.9019e+02
-1.6957e+02 -1.5916e+02 -9.9503e+01 -3.6227e+02
-1.6982e+02 -1.6153e+02 -1.2881e+02 -6.0692e+02
# New trial
-1.7024e+02 -1.6588e+02 -1.5234e+02 -5.2815e+02
-1.7007e+02 -1.6396e+02 -1.1871e+02 -2.7054e+02
-1.6966e+02 -1.5983e+02 -8.0025e+01 -1.7419e+02
-1.6964e+02 -1.5957e+02 -8.5475e+01 -3.4537e+02
# New trial
-1.7018e+02 -1.6514e+02 -1.3490e+02 -3.1669e+02
-1.7002e+02 -1.6356e+02 -1.1766e+02 -2.2556e+02
-1.6979e+02 -1.6119e+02 -9.3535e+01 -1.3738e+02
-1.7004e+02 -1.6358e+02 -1.0778e+02 -8.9081e+01
# New trial
-1.7006e+02 -1.6463e+02 -1.7849e+02 -1.0087e+03
-1.6986e+02 -1.6220e+02 -1.1781e+02 -3.0502e+02
-1.6943e+02 -1.5773e+02 -8.6897e+01 -3.6652e+02
-1.6976e+02 -1.6090e+02 -9.2507e+01 -1.7184e+02
# New trial
-1.6998e+02 -1.6369e+02 -1.5965e+02 -7.3047e+02
-1.6985e+02 -1.6208e+02 -1.2171e+02 -3.2951e+02
-1.6962e+02 -1.5969e+02 -9.5941e+01 -3.0552e+02
-1.7007e+02 -1.6394e+02 -1.1297e+02 -1.8072e+02
# New trial
-1.7017e+02 -1.6533e+02 -1.5995e+02 -7.7820e+02
-1.6999e+02 -1.6337e+02 -1.2721e+02 -3.0975e+02
-1.6976e+02 -1.6098e+02 -1.0542e+02 -3.6400e+02
-1.7014e+02 -1.6462e+02 -1.2622e+02 -5.5688e+02
# New trial
-1.7004e+02 -1.6376e+02 -1.2679e+02 -2.7365e+02
-1.6993e+02 -1.6266e+02 -1.1349e+02 -2.3119e+02
-1.6966e+02 -1.5994e+02 -9.2081e+01 -2.9077e+02
-1.6990e+02 -1.6223e+02 -1.0039e+02 -2.5298e+02
# New trial
-1.6997e+02 -1.6344e+02 -1.3268e+02 -3.3520e+02
-1.6994e+02 -1.6282e+02 -1.1272e+02 -1.7664e+02
-1.6982e+02 -1.6154e+02 -1.0582e+02 -4.0220e+02
-1.7012e+02 -1.6450e+02 -1.2399e+02 -4.8440e+02
# New trial
-1.7023e+02 -1.6574e+02 -1.5232e+02 -7.7948e+02
-1.7021e+02 -1.6536e+02 -1.3126e+02 -2.2380e+02
-1.7006e+02 -1.6387e+02 -1.1188e+02 -1.9712e+02
-1.7025e+02 -1.6573e+02 -1.2638e+02 -2.3166e+02
# New trial
-1.7003e+02 -1.6436e+02 -1.7448e+02 -9.3533e+02
-1.6982e+02 -1.6162e+02 -1.1032e+02 -3.5670e+02
-1.6951e+02 -1.5849e+02 -8.9870e+01 -3.3678e+02
-1.6972e+02 -1.6049e+02 -9.5934e+01 -2.3193e+02
# New trial
-1.7011e+02 -1.6450e+02 -1.3446e+02 -4.5262e+02
-1.7016e+02 -1.6487e+02 -1.2710e+02 -2.3957e+02
-1.7016e+02 -1.6488e+02 -1.2329e+02 -2.7638e+02
-1.7046e+02 -1.6774e+02 -1.4435e+02 -3.9473e+02
# New trial
-1.7015e+02 -1.6551e+02 -1.7378e+02 -8.2715e+02
-1.6989e+02 -1.6252e+02 -1.2522e+02 -4.7259e+02
-1.6938e+02 -1.5726e+02 -9.4897e+01 -4.5134e+02
-1.6966e+02 -1.5984e+02 -9.8476e+01 -4.0231e+02
# New trial
-1.7010e+02 -1.6450e+02 -1.4437e+02 -4.6981e+02
-1.6994e+02 -1.6281e+02 -1.2182e+02 -3.6279e+02
-1.6955e+02 -1.5881e+02 -9.4775e+01 -3.4290e+02
-1.6965e+02 -1.5983e+02 -1.1162e+02 -4.7581e+02
# New trial
-1.7009e+02 -1.6445e+02 -1.3899e+02 -4.0926e+02
-1.7010e+02 -1.6436e+02 -1.2447e+02 -2.3318e+02
-1.7016e+02 -1.6486e+02 -1.2189e+02 -2.4521e+02
-1.7044e+02 -1.6758e+02 -1.4403e+02 -3.9284e+02
# New trial
