# 0.01sig - Array shape (trial/sig/alpha): (30L, 4L, 4L)
-1.1020e+02 -1.0550e+02 -9.0159e+01 -3.1339e+02
-1.1020e+02 -1.0546e+02 -8.7741e+01 -3.0295e+02
-1.1027e+02 -1.0598e+02 -8.3236e+01 -2.9170e+02
-1.1062e+02 -1.0938e+02 -9.9734e+01 -3.0520e+02
# New trial
-1.1008e+02 -1.0450e+02 -9.3131e+01 -3.9012e+02
-1.1009e+02 -1.0448e+02 -8.4764e+01 -2.6307e+02
-1.1025e+02 -1.0589e+02 -8.7433e+01 -3.5657e+02
-1.1065e+02 -1.0970e+02 -1.0342e+02 -3.3497e+02
# New trial
-1.1004e+02 -1.0417e+02 -8.7782e+01 -3.1163e+02
-1.1003e+02 -1.0396e+02 -8.4050e+01 -2.8829e+02
-1.1008e+02 -1.0417e+02 -8.7249e+01 -4.7567e+02
-1.1057e+02 -1.0885e+02 -1.0658e+02 -5.1675e+02
# New trial
-1.0997e+02 -1.0370e+02 -9.8145e+01 -4.7001e+02
-1.0993e+02 -1.0335e+02 -9.3561e+01 -4.5029e+02
-1.1022e+02 -1.0574e+02 -8.9493e+01 -3.8232e+02
-1.1068e+02 -1.0998e+02 -1.0822e+02 -4.1815e+02
# New trial
-1.1031e+02 -1.0653e+02 -9.3690e+01 -3.4675e+02
-1.1018e+02 -1.0523e+02 -8.1978e+01 -3.0944e+02
-1.1012e+02 -1.0451e+02 -7.4079e+01 -2.6944e+02
-1.1050e+02 -1.0813e+02 -9.3018e+01 -3.5779e+02
# New trial
-1.1009e+02 -1.0466e+02 -9.5043e+01 -3.9311e+02
-1.1008e+02 -1.0435e+02 -8.2550e+01 -2.7529e+02
-1.1014e+02 -1.0481e+02 -8.6752e+01 -3.8714e+02
-1.1059e+02 -1.0906e+02 -1.0158e+02 -4.3128e+02
# New trial
-1.1012e+02 -1.0484e+02 -9.4052e+01 -3.5420e+02
-1.1015e+02 -1.0502e+02 -8.5936e+01 -2.4554e+02
-1.1039e+02 -1.0718e+02 -9.1160e+01 -3.1350e+02
-1.1070e+02 -1.1018e+02 -1.0647e+02 -2.4854e+02
# New trial
-1.1005e+02 -1.0424e+02 -8.4507e+01 -2.8746e+02
-1.1009e+02 -1.0442e+02 -7.8240e+01 -2.3645e+02
-1.1018e+02 -1.0510e+02 -7.6312e+01 -2.5653e+02
-1.1058e+02 -1.0897e+02 -9.6063e+01 -2.4987e+02
# New trial
-1.1004e+02 -1.0401e+02 -8.5077e+01 -3.7757e+02
-1.1000e+02 -1.0354e+02 -7.9011e+01 -3.6599e+02
-1.0998e+02 -1.0319e+02 -7.2667e+01 -3.3343e+02
-1.1055e+02 -1.0863e+02 -9.3270e+01 -2.1776e+02
# New trial
-1.1014e+02 -1.0500e+02 -9.3946e+01 -3.8719e+02
-1.1019e+02 -1.0536e+02 -9.0873e+01 -3.9035e+02
-1.1034e+02 -1.0677e+02 -9.7102e+01 -4.4885e+02
-1.1068e+02 -1.1000e+02 -1.0725e+02 -3.2254e+02
# New trial
-1.0982e+02 -1.0214e+02 -8.0394e+01 -2.3223e+02
-1.0993e+02 -1.0316e+02 -8.8209e+01 -3.4232e+02
-1.1030e+02 -1.0664e+02 -1.1825e+02 -6.9338e+02
-1.1072e+02 -1.1044e+02 -1.1224e+02 -4.2122e+02
# New trial
-1.1036e+02 -1.0676e+02 -7.9576e+01 -1.0277e+02
-1.1042e+02 -1.0735e+02 -8.3017e+01 -1.1721e+02
-1.1050e+02 -1.0819e+02 -8.8850e+01 -1.3078e+02
-1.1067e+02 -1.0988e+02 -1.0238e+02 -8.8718e+01
# New trial
-1.1010e+02 -1.0445e+02 -8.8072e+01 -3.5845e+02
-1.1007e+02 -1.0417e+02 -8.2544e+01 -3.1900e+02
-1.1003e+02 -1.0372e+02 -8.7127e+01 -4.5488e+02
-1.1045e+02 -1.0777e+02 -9.2777e+01 -3.6406e+02
# New trial
-1.1035e+02 -1.0671e+02 -8.1727e+01 -1.2884e+02
-1.1030e+02 -1.0626e+02 -7.7691e+01 -1.2864e+02
-1.1030e+02 -1.0621e+02 -7.6985e+01 -2.0015e+02
-1.1055e+02 -1.0869e+02 -9.5057e+01 -3.2752e+02
# New trial
-1.1030e+02 -1.0630e+02 -8.3808e+01 -2.1920e+02
-1.1033e+02 -1.0650e+02 -8.0944e+01 -1.9018e+02
-1.1038e+02 -1.0702e+02 -8.6413e+01 -2.7155e+02
-1.1062e+02 -1.0933e+02 -1.0203e+02 -2.6411e+02
# New trial
-1.1001e+02 -1.0380e+02 -8.6571e+01 -3.4188e+02
-1.1004e+02 -1.0407e+02 -8.5133e+01 -3.0502e+02
-1.1025e+02 -1.0601e+02 -9.2253e+01 -3.8919e+02
-1.1067e+02 -1.0989e+02 -1.0652e+02 -3.7543e+02
# New trial
-1.1000e+02 -1.0361e+02 -7.5019e+01 -1.7314e+02
-1.1007e+02 -1.0432e+02 -8.0932e+01 -2.2330e+02
-1.1024e+02 -1.0587e+02 -9.2324e+01 -4.3028e+02
-1.1062e+02 -1.0940e+02 -1.0290e+02 -3.1512e+02
# New trial
-1.1005e+02 -1.0478e+02 -1.1198e+02 -5.4675e+02
-1.1006e+02 -1.0454e+02 -9.7672e+01 -4.5232e+02
-1.1027e+02 -1.0625e+02 -1.0526e+02 -6.3845e+02
-1.1067e+02 -1.0991e+02 -1.0772e+02 -5.0709e+02
# New trial
-1.1039e+02 -1.0712e+02 -8.6534e+01 -1.9371e+02
-1.1039e+02 -1.0713e+02 -8.3494e+01 -1.5028e+02
-1.1039e+02 -1.0707e+02 -8.2936e+01 -2.1521e+02
-1.1057e+02 -1.0889e+02 -9.6760e+01 -2.6612e+02
# New trial
-1.1022e+02 -1.0551e+02 -8.0191e+01 -2.5461e+02
-1.1026e+02 -1.0586e+02 -8.0599e+01 -2.2989e+02
-1.1035e+02 -1.0674e+02 -8.3844e+01 -2.4567e+02
-1.1064e+02 -1.0957e+02 -9.9867e+01 -1.1976e+02
# New trial
-1.0986e+02 -1.0236e+02 -7.5033e+01 -2.5077e+02
-1.0987e+02 -1.0262e+02 -7.5616e+01 -1.7179e+02
-1.1026e+02 -1.0611e+02 -9.1910e+01 -3.0627e+02
-1.1072e+02 -1.1035e+02 -1.0804e+02 -2.0787e+02
# New trial
-1.1007e+02 -1.0423e+02 -8.7770e+01 -3.7390e+02
-1.1015e+02 -1.0490e+02 -8.0599e+01 -2.3711e+02
-1.1031e+02 -1.0647e+02 -8.8150e+01 -3.1443e+02
-1.1069e+02 -1.1009e+02 -1.0692e+02 -4.3302e+02
# New trial
-1.1041e+02 -1.0741e+02 -9.7817e+01 -3.6325e+02
-1.1039e+02 -1.0713e+02 -8.7339e+01 -2.3268e+02
-1.1034e+02 -1.0662e+02 -8.0512e+01 -2.3316e+02
-1.1051e+02 -1.0830e+02 -8.9557e+01 -1.8312e+02
# New trial
-1.0974e+02 -1.0175e+02 -9.1707e+01 -4.1206e+02
-1.0984e+02 -1.0271e+02 -9.2126e+01 -3.8154e+02
-1.1035e+02 -1.0699e+02 -1.0027e+02 -4.2637e+02
-1.1074e+02 -1.1059e+02 -1.1177e+02 -4.3146e+02
# New trial
-1.1024e+02 -1.0577e+02 -8.5813e+01 -2.3718e+02
-1.1018e+02 -1.0528e+02 -8.3547e+01 -2.1102e+02
-1.1020e+02 -1.0541e+02 -8.7769e+01 -3.5583e+02
-1.1060e+02 -1.0922e+02 -9.9396e+01 -1.9197e+02
# New trial
-1.1023e+02 -1.0574e+02 -9.0247e+01 -3.1793e+02
-1.1030e+02 -1.0630e+02 -8.7391e+01 -2.4643e+02
-1.1042e+02 -1.0746e+02 -9.1444e+01 -3.1916e+02
-1.1069e+02 -1.1002e+02 -1.0461e+02 -2.1097e+02
# New trial
-1.1030e+02 -1.0651e+02 -9.4530e+01 -3.2135e+02
-1.1025e+02 -1.0588e+02 -8.6804e+01 -2.8235e+02
-1.1021e+02 -1.0542e+02 -7.7041e+01 -2.6803e+02
-1.1049e+02 -1.0803e+02 -9.2009e+01 -3.3233e+02
# New trial
-1.1029e+02 -1.0626e+02 -9.0110e+01 -2.8569e+02
-1.1021e+02 -1.0547e+02 -8.0106e+01 -2.0167e+02
-1.1015e+02 -1.0480e+02 -7.2775e+01 -2.1989e+02
-1.1051e+02 -1.0832e+02 -9.2401e+01 -2.9747e+02
# New trial
-1.1027e+02 -1.0613e+02 -9.3789e+01 -3.5481e+02
-1.1034e+02 -1.0664e+02 -8.3061e+01 -1.9540e+02
-1.1041e+02 -1.0724e+02 -8.1692e+01 -1.5355e+02
-1.1062e+02 -1.0934e+02 -9.7896e+01 -1.1880e+02
# New trial
-1.1012e+02 -1.0494e+02 -1.1068e+02 -6.0387e+02
-1.1015e+02 -1.0496e+02 -8.7971e+01 -3.6409e+02
-1.1029e+02 -1.0616e+02 -8.6102e+01 -3.3959e+02
-1.1065e+02 -1.0963e+02 -1.0213e+02 -2.6276e+02
# New trial
