# 0.1sig - Array shape (trial/sig/alpha): (30, 4, 4)
-1.7899e+02 -1.7047e+02 -1.3372e+02 -4.2390e+02
-1.7882e+02 -1.6882e+02 -1.0936e+02 -5.1590e+01
-1.7856e+02 -1.6622e+02 -1.0316e+02 -2.8692e+02
-1.7928e+02 -1.7310e+02 -1.3779e+02 -6.1018e+02
# New trial
-1.7935e+02 -1.7376e+02 -1.3558e+02 -1.9100e+02
-1.7918e+02 -1.7217e+02 -1.2100e+02 -6.2161e+01
-1.7886e+02 -1.6896e+02 -1.0187e+02 -1.7221e+02
-1.7904e+02 -1.7060e+02 -1.3036e+02 -5.5608e+02
# New trial
-1.7931e+02 -1.7342e+02 -1.3816e+02 -2.3942e+02
-1.7901e+02 -1.7033e+02 -1.0391e+02 -5.3927e+01
-1.7841e+02 -1.6438e+02 -8.2998e+01 -2.1515e+02
-1.7844e+02 -1.6469e+02 -1.3007e+02 -7.4447e+02
# New trial
-1.7922e+02 -1.7245e+02 -1.2772e+02 -3.0065e+02
-1.7904e+02 -1.7063e+02 -1.0235e+02 -4.8921e+01
-1.7860e+02 -1.6623e+02 -8.0814e+01 -1.2586e+02
-1.7872e+02 -1.6737e+02 -1.0789e+02 -4.7018e+02
# New trial
-1.7951e+02 -1.7533e+02 -1.5335e+02 -3.6772e+02
-1.7930e+02 -1.7324e+02 -1.2345e+02 -5.9105e+01
-1.7896e+02 -1.6983e+02 -9.4331e+01 -1.0059e+02
-1.7922e+02 -1.7232e+02 -1.1676e+02 -2.4401e+02
# New trial
-1.7951e+02 -1.7527e+02 -1.4296e+02 -1.3658e+02
-1.7936e+02 -1.7383e+02 -1.2847e+02 -6.0180e+01
-1.7913e+02 -1.7148e+02 -1.1006e+02 -9.8014e+01
-1.7942e+02 -1.7431e+02 -1.3025e+02 -2.4977e+02
# New trial
-1.7934e+02 -1.7353e+02 -1.2465e+02 -6.5683e+01
-1.7917e+02 -1.7193e+02 -1.1176e+02 -4.8659e+01
-1.7883e+02 -1.6849e+02 -8.6205e+01 -5.7674e+01
-1.7905e+02 -1.7061e+02 -1.0451e+02 -2.2359e+02
# New trial
-1.7915e+02 -1.7194e+02 -1.4294e+02 -4.8160e+02
-1.7905e+02 -1.7082e+02 -1.1531e+02 -5.7588e+01
-1.7887e+02 -1.6894e+02 -9.7570e+01 -1.3604e+02
-1.7938e+02 -1.7399e+02 -1.3086e+02 -3.8820e+02
# New trial
-1.7895e+02 -1.6997e+02 -1.0998e+02 -5.1691e+01
-1.7867e+02 -1.6730e+02 -9.4903e+01 -4.8585e+01
-1.7842e+02 -1.6475e+02 -8.9841e+01 -1.6409e+02
-1.7923e+02 -1.7249e+02 -1.2245e+02 -4.0587e+02
# New trial
-1.7926e+02 -1.7286e+02 -1.2325e+02 -5.3622e+01
-1.7906e+02 -1.7083e+02 -1.0787e+02 -5.1414e+01
-1.7870e+02 -1.6730e+02 -9.5709e+01 -1.9604e+02
-1.7896e+02 -1.6986e+02 -1.2081e+02 -5.1749e+02
# New trial
-1.7943e+02 -1.7447e+02 -1.3329e+02 -7.3607e+01
-1.7916e+02 -1.7182e+02 -1.1195e+02 -4.8919e+01
-1.7859e+02 -1.6613e+02 -8.2247e+01 -9.7210e+01
-1.7869e+02 -1.6708e+02 -8.4979e+01 -9.4809e+01
# New trial
-1.7916e+02 -1.7198e+02 -1.2825e+02 -2.1429e+02
-1.7899e+02 -1.7026e+02 -1.1256e+02 -4.9163e+01
-1.7871e+02 -1.6744e+02 -8.8005e+01 -8.1891e+01
-1.7925e+02 -1.7266e+02 -1.1660e+02 -1.4441e+02
# New trial
-1.7922e+02 -1.7244e+02 -1.2891e+02 -2.0703e+02
-1.7914e+02 -1.7163e+02 -1.1185e+02 -4.9562e+01
-1.7890e+02 -1.6925e+02 -9.2854e+01 -1.1055e+02
-1.7933e+02 -1.7343e+02 -1.2204e+02 -1.7588e+02
# New trial
-1.7956e+02 -1.7585e+02 -1.5424e+02 -2.4489e+02
-1.7934e+02 -1.7360e+02 -1.2309e+02 -4.8134e+01
-1.7897e+02 -1.6983e+02 -9.4734e+01 -8.1639e+01
-1.7888e+02 -1.6891e+02 -9.4191e+01 -1.3797e+02
# New trial
-1.7912e+02 -1.7189e+02 -1.3915e+02 -2.8802e+02
-1.7874e+02 -1.6805e+02 -1.0182e+02 -4.8421e+01
-1.7830e+02 -1.6345e+02 -8.6216e+01 -1.7143e+02
-1.7901e+02 -1.7033e+02 -1.1800e+02 -4.3464e+02
# New trial
-1.7897e+02 -1.7046e+02 -1.5247e+02 -6.1759e+02
-1.7866e+02 -1.6719e+02 -9.8001e+01 -4.7232e+01
-1.7813e+02 -1.6194e+02 -9.4731e+01 -3.8741e+02
-1.7873e+02 -1.6760e+02 -1.1012e+02 -5.2083e+02
# New trial
-1.7930e+02 -1.7321e+02 -1.2823e+02 -7.9823e+01
-1.7908e+02 -1.7104e+02 -1.0880e+02 -4.9052e+01
-1.7872e+02 -1.6752e+02 -9.2828e+01 -1.7682e+02
-1.7897e+02 -1.6986e+02 -1.0122e+02 -1.4260e+02
# New trial
-1.7946e+02 -1.7474e+02 -1.3688e+02 -1.2106e+02
-1.7926e+02 -1.7278e+02 -1.1741e+02 -5.3193e+01
-1.7885e+02 -1.6861e+02 -8.6544e+01 -8.9934e+01
-1.7879e+02 -1.6806e+02 -8.7117e+01 -1.1974e+02
# New trial
-1.7944e+02 -1.7455e+02 -1.3390e+02 -7.7808e+01
-1.7928e+02 -1.7303e+02 -1.2195e+02 -5.5701e+01
-1.7900e+02 -1.7022e+02 -1.0274e+02 -1.2229e+02
-1.7921e+02 -1.7228e+02 -1.2470e+02 -4.3505e+02
# New trial
-1.7940e+02 -1.7431e+02 -1.5799e+02 -5.7697e+02
-1.7913e+02 -1.7159e+02 -1.1538e+02 -5.3064e+01
-1.7859e+02 -1.6630e+02 -9.4296e+01 -2.1313e+02
-1.7890e+02 -1.6925e+02 -1.1282e+02 -4.5751e+02
# New trial
-1.7925e+02 -1.7287e+02 -1.3980e+02 -2.8096e+02
-1.7910e+02 -1.7132e+02 -1.1853e+02 -5.6292e+01
-1.7887e+02 -1.6903e+02 -1.0650e+02 -2.0047e+02
-1.7928e+02 -1.7292e+02 -1.2487e+02 -3.3361e+02
# New trial
-1.7936e+02 -1.7384e+02 -1.4253e+02 -3.5090e+02
-1.7919e+02 -1.7217e+02 -1.1907e+02 -4.8361e+01
-1.7892e+02 -1.6949e+02 -9.6684e+01 -1.1084e+02
-1.7925e+02 -1.7267e+02 -1.1674e+02 -2.0607e+02
# New trial
-1.7933e+02 -1.7346e+02 -1.2885e+02 -8.3813e+01
-1.7916e+02 -1.7183e+02 -1.1518e+02 -4.9633e+01
-1.7882e+02 -1.6845e+02 -9.0884e+01 -1.2720e+02
-1.7905e+02 -1.7068e+02 -1.0489e+02 -2.5780e+02
# New trial
-1.7935e+02 -1.7365e+02 -1.3122e+02 -1.1926e+02
-1.7921e+02 -1.7232e+02 -1.1866e+02 -6.3469e+01
-1.7899e+02 -1.7012e+02 -1.0603e+02 -2.4728e+02
-1.7930e+02 -1.7316e+02 -1.2354e+02 -3.1852e+02
# New trial
-1.7949e+02 -1.7503e+02 -1.4026e+02 -2.1018e+02
-1.7942e+02 -1.7440e+02 -1.3244e+02 -6.5833e+01
-1.7926e+02 -1.7274e+02 -1.1794e+02 -1.4813e+02
-1.7946e+02 -1.7473e+02 -1.3373e+02 -2.7139e+02
# New trial
-1.7921e+02 -1.7269e+02 -1.5009e+02 -4.2372e+02
-1.7898e+02 -1.7011e+02 -1.0596e+02 -5.1012e+01
-1.7866e+02 -1.6693e+02 -9.9463e+01 -2.7917e+02
-1.7892e+02 -1.6952e+02 -1.3228e+02 -6.3517e+02
# New trial
-1.7933e+02 -1.7350e+02 -1.3244e+02 -1.6682e+02
-1.7935e+02 -1.7369e+02 -1.2728e+02 -8.2003e+01
-1.7933e+02 -1.7347e+02 -1.2380e+02 -2.0515e+02
-1.7963e+02 -1.7647e+02 -1.4767e+02 -1.9272e+02
# New trial
-1.7920e+02 -1.7232e+02 -1.3055e+02 -2.3888e+02
-1.7894e+02 -1.6972e+02 -1.0213e+02 -5.4782e+01
-1.7845e+02 -1.6484e+02 -8.7356e+01 -1.9844e+02
-1.7878e+02 -1.6802e+02 -1.2016e+02 -5.5129e+02
# New trial
-1.7933e+02 -1.7358e+02 -1.3392e+02 -1.3519e+02
-1.7913e+02 -1.7147e+02 -1.1200e+02 -4.7959e+01
-1.7867e+02 -1.6691e+02 -7.8615e+01 -8.8654e+01
-1.7873e+02 -1.6751e+02 -8.7197e+01 -1.8326e+02
# New trial
-1.7941e+02 -1.7427e+02 -1.3279e+02 -9.3186e+01
-1.7938e+02 -1.7397e+02 -1.2841e+02 -7.9136e+01
-1.7935e+02 -1.7367e+02 -1.2469e+02 -1.3677e+02
-1.7961e+02 -1.7622e+02 -1.4543e+02 -2.0851e+02
# New trial
