# 0.1sig - Array shape (trial/sig/alpha): (30, 4, 4)
-1.7976e+02 -1.7775e+02 -1.6219e+02 -1.5137e+02
-1.7968e+02 -1.7691e+02 -1.5653e+02 -1.3454e+02
-1.7945e+02 -1.7474e+02 -1.4436e+02 -1.3453e+02
-1.7961e+02 -1.7619e+02 -1.4822e+02 -1.3622e+02
# New trial
-1.7983e+02 -1.7840e+02 -1.6544e+02 -1.3594e+02
-1.7977e+02 -1.7778e+02 -1.6052e+02 -1.3850e+02
-1.7961e+02 -1.7623e+02 -1.4928e+02 -1.3640e+02
-1.7960e+02 -1.7612e+02 -1.4941e+02 -1.9882e+02
# New trial
-1.7984e+02 -1.7846e+02 -1.6681e+02 -1.7383e+02
-1.7974e+02 -1.7750e+02 -1.5769e+02 -1.3498e+02
-1.7950e+02 -1.7510e+02 -1.4443e+02 -1.5751e+02
-1.7930e+02 -1.7314e+02 -1.4453e+02 -2.0513e+02
# New trial
-1.7982e+02 -1.7826e+02 -1.6563e+02 -2.1680e+02
-1.7976e+02 -1.7768e+02 -1.5944e+02 -1.3837e+02
-1.7959e+02 -1.7601e+02 -1.5094e+02 -1.9197e+02
-1.7951e+02 -1.7529e+02 -1.5758e+02 -3.1284e+02
# New trial
-1.7987e+02 -1.7877e+02 -1.6941e+02 -1.8512e+02
-1.7981e+02 -1.7820e+02 -1.6352e+02 -1.4035e+02
-1.7967e+02 -1.7677e+02 -1.5279e+02 -1.5933e+02
-1.7963e+02 -1.7645e+02 -1.4998e+02 -1.6483e+02
# New trial
-1.7987e+02 -1.7879e+02 -1.6863e+02 -1.4061e+02
-1.7982e+02 -1.7830e+02 -1.6421e+02 -1.3918e+02
-1.7969e+02 -1.7703e+02 -1.5520e+02 -1.4740e+02
-1.7971e+02 -1.7721e+02 -1.5492e+02 -1.5975e+02
# New trial
-1.7984e+02 -1.7852e+02 -1.6620e+02 -1.4004e+02
-1.7980e+02 -1.7807e+02 -1.6238e+02 -1.3851e+02
-1.7966e+02 -1.7669e+02 -1.5281e+02 -1.4217e+02
-1.7958e+02 -1.7595e+02 -1.4926e+02 -1.8584e+02
# New trial
-1.7980e+02 -1.7814e+02 -1.6427e+02 -2.3462e+02
-1.7975e+02 -1.7762e+02 -1.5955e+02 -1.3511e+02
-1.7961e+02 -1.7628e+02 -1.5048e+02 -1.5658e+02
-1.7969e+02 -1.7704e+02 -1.5447e+02 -1.6089e+02
# New trial
-1.7974e+02 -1.7751e+02 -1.5950e+02 -1.3897e+02
-1.7965e+02 -1.7662e+02 -1.5427e+02 -1.3446e+02
-1.7945e+02 -1.7466e+02 -1.4459e+02 -1.4048e+02
-1.7959e+02 -1.7608e+02 -1.5113e+02 -2.2042e+02
# New trial
-1.7983e+02 -1.7837e+02 -1.6497e+02 -1.3861e+02
-1.7977e+02 -1.7782e+02 -1.6057e+02 -1.3766e+02
-1.7961e+02 -1.7619e+02 -1.5038e+02 -1.5293e+02
-1.7953e+02 -1.7547e+02 -1.4935e+02 -2.1945e+02
# New trial
-1.7986e+02 -1.7866e+02 -1.6745e+02 -1.4059e+02
-1.7978e+02 -1.7794e+02 -1.6107e+02 -1.3486e+02
-1.7958e+02 -1.7589e+02 -1.4935e+02 -1.7036e+02
-1.7946e+02 -1.7473e+02 -1.4455e+02 -1.8682e+02
# New trial
-1.7979e+02 -1.7803e+02 -1.6294e+02 -1.3902e+02
-1.7972e+02 -1.7737e+02 -1.5855e+02 -1.3470e+02
-1.7955e+02 -1.7566e+02 -1.4765e+02 -1.3566e+02
-1.7962e+02 -1.7630e+02 -1.4966e+02 -1.6708e+02
# New trial
-1.7983e+02 -1.7842e+02 -1.6510e+02 -1.3837e+02
-1.7977e+02 -1.7784e+02 -1.6030e+02 -1.3597e+02
-1.7960e+02 -1.7614e+02 -1.5001e+02 -1.4674e+02
-1.7963e+02 -1.7644e+02 -1.5279e+02 -2.2030e+02
# New trial
-1.7987e+02 -1.7879e+02 -1.6859e+02 -1.4140e+02
-1.7982e+02 -1.7828e+02 -1.6339e+02 -1.3489e+02
-1.7969e+02 -1.7704e+02 -1.5230e+02 -1.3385e+02
-1.7959e+02 -1.7601e+02 -1.4605e+02 -1.3384e+02
# New trial
-1.7980e+02 -1.7813e+02 -1.6784e+02 -2.0876e+02
-1.7971e+02 -1.7725e+02 -1.5899e+02 -1.3503e+02
-1.7949e+02 -1.7514e+02 -1.4802e+02 -1.6080e+02
-1.7951e+02 -1.7531e+02 -1.4821e+02 -2.1117e+02
# New trial
-1.7979e+02 -1.7806e+02 -1.7112e+02 -2.7999e+02
-1.7970e+02 -1.7713e+02 -1.5775e+02 -1.4336e+02
-1.7946e+02 -1.7488e+02 -1.5035e+02 -1.6533e+02
-1.7949e+02 -1.7501e+02 -1.4986e+02 -2.2057e+02
# New trial
-1.7984e+02 -1.7848e+02 -1.6579e+02 -1.3430e+02
-1.7977e+02 -1.7778e+02 -1.5941e+02 -1.3387e+02
-1.7957e+02 -1.7585e+02 -1.4786e+02 -1.3778e+02
-1.7950e+02 -1.7517e+02 -1.5089e+02 -2.2082e+02
# New trial
-1.7989e+02 -1.7895e+02 -1.7005e+02 -1.4595e+02
-1.7983e+02 -1.7835e+02 -1.6432e+02 -1.3448e+02
-1.7966e+02 -1.7674e+02 -1.5077e+02 -1.3480e+02
-1.7952e+02 -1.7535e+02 -1.4510e+02 -1.7042e+02
# New trial
-1.7985e+02 -1.7862e+02 -1.6690e+02 -1.5638e+02
-1.7980e+02 -1.7810e+02 -1.6209e+02 -1.3433e+02
-1.7965e+02 -1.7658e+02 -1.4879e+02 -1.3384e+02
-1.7960e+02 -1.7610e+02 -1.4549e+02 -1.3384e+02
# New trial
-1.7985e+02 -1.7866e+02 -1.7060e+02 -2.3684e+02
-1.7977e+02 -1.7784e+02 -1.6102e+02 -1.3535e+02
-1.7955e+02 -1.7561e+02 -1.4528e+02 -1.3887e+02
-1.7951e+02 -1.7522e+02 -1.4485e+02 -1.7913e+02
# New trial
-1.7981e+02 -1.7823e+02 -1.6522e+02 -1.5092e+02
-1.7975e+02 -1.7764e+02 -1.5971e+02 -1.3699e+02
-1.7961e+02 -1.7619e+02 -1.4889e+02 -1.3387e+02
-1.7963e+02 -1.7637e+02 -1.4809e+02 -1.3385e+02
# New trial
-1.7984e+02 -1.7848e+02 -1.6791e+02 -2.1964e+02
-1.7978e+02 -1.7791e+02 -1.6164e+02 -1.3607e+02
-1.7963e+02 -1.7642e+02 -1.5079e+02 -1.3630e+02
-1.7962e+02 -1.7635e+02 -1.5034e+02 -1.8399e+02
# New trial
-1.7984e+02 -1.7854e+02 -1.6670e+02 -1.4157e+02
-1.7979e+02 -1.7800e+02 -1.6208e+02 -1.3666e+02
-1.7962e+02 -1.7630e+02 -1.5072e+02 -1.3895e+02
-1.7954e+02 -1.7557e+02 -1.4842e+02 -1.6625e+02
# New trial
-1.7984e+02 -1.7852e+02 -1.6645e+02 -1.5488e+02
-1.7979e+02 -1.7803e+02 -1.6191e+02 -1.3772e+02
-1.7967e+02 -1.7683e+02 -1.5205e+02 -1.4426e+02
-1.7970e+02 -1.7709e+02 -1.5417e+02 -1.5897e+02
# New trial
-1.7985e+02 -1.7864e+02 -1.6776e+02 -2.2185e+02
-1.7983e+02 -1.7839e+02 -1.6507e+02 -1.3606e+02
-1.7975e+02 -1.7760e+02 -1.5869e+02 -1.5147e+02
-1.7977e+02 -1.7785e+02 -1.6093e+02 -1.8773e+02
# New trial
-1.7981e+02 -1.7825e+02 -1.6640e+02 -1.9688e+02
-1.7975e+02 -1.7757e+02 -1.5746e+02 -1.3387e+02
-1.7960e+02 -1.7609e+02 -1.4791e+02 -1.3491e+02
-1.7953e+02 -1.7547e+02 -1.4980e+02 -2.2298e+02
# New trial
-1.7987e+02 -1.7875e+02 -1.6813e+02 -1.4958e+02
-1.7983e+02 -1.7841e+02 -1.6496e+02 -1.4696e+02
-1.7973e+02 -1.7745e+02 -1.5718e+02 -1.5360e+02
-1.7979e+02 -1.7802e+02 -1.6272e+02 -2.1998e+02
# New trial
-1.7981e+02 -1.7825e+02 -1.6516e+02 -1.7853e+02
-1.7974e+02 -1.7748e+02 -1.5717e+02 -1.3419e+02
-1.7949e+02 -1.7503e+02 -1.4523e+02 -1.5640e+02
-1.7943e+02 -1.7442e+02 -1.4184e+02 -1.6224e+02
# New trial
-1.7986e+02 -1.7870e+02 -1.6834e+02 -1.6373e+02
-1.7980e+02 -1.7812e+02 -1.6263e+02 -1.3582e+02
-1.7961e+02 -1.7624e+02 -1.4883e+02 -1.3551e+02
-1.7948e+02 -1.7493e+02 -1.4747e+02 -2.0137e+02
# New trial
-1.7986e+02 -1.7874e+02 -1.6826e+02 -1.4475e+02
-1.7983e+02 -1.7843e+02 -1.6575e+02 -1.4128e+02
-1.7976e+02 -1.7772e+02 -1.6046e+02 -1.5168e+02
-1.7980e+02 -1.7808e+02 -1.6434e+02 -2.3418e+02
# New trial
