# 0.1sig - Array shape (trial/sig/alpha): (30, 4, 4)
-1.3758e+02 -1.3051e+02 -1.1401e+02 -5.0348e+02
-1.3756e+02 -1.3018e+02 -9.7020e+01 -2.2241e+02
-1.3752e+02 -1.2961e+02 -9.4283e+01 -3.8739e+02
-1.3811e+02 -1.3515e+02 -1.2192e+02 -5.7635e+02
# New trial
-1.3790e+02 -1.3323e+02 -1.0963e+02 -2.3910e+02
-1.3784e+02 -1.3265e+02 -1.0185e+02 -1.6718e+02
-1.3762e+02 -1.3038e+02 -8.2593e+01 -1.9186e+02
-1.3781e+02 -1.3214e+02 -9.6535e+01 -2.5416e+02
# New trial
-1.3800e+02 -1.3432e+02 -1.3632e+02 -5.8525e+02
-1.3773e+02 -1.3143e+02 -9.4281e+01 -2.5406e+02
-1.3728e+02 -1.2679e+02 -6.1736e+01 -1.5775e+02
-1.3748e+02 -1.2884e+02 -7.9830e+01 -2.3877e+02
# New trial
-1.3790e+02 -1.3334e+02 -1.3886e+02 -7.7453e+02
-1.3775e+02 -1.3159e+02 -9.3478e+01 -2.8162e+02
-1.3742e+02 -1.2828e+02 -7.1288e+01 -2.2088e+02
-1.3759e+02 -1.2993e+02 -8.8547e+01 -2.9498e+02
# New trial
-1.3797e+02 -1.3409e+02 -1.3211e+02 -6.4877e+02
-1.3785e+02 -1.3271e+02 -9.8456e+01 -1.1075e+02
-1.3770e+02 -1.3109e+02 -8.6979e+01 -2.4506e+02
-1.3798e+02 -1.3380e+02 -1.0686e+02 -4.0262e+02
# New trial
-1.3810e+02 -1.3507e+02 -1.2135e+02 -3.0326e+02
-1.3799e+02 -1.3400e+02 -1.0813e+02 -1.5931e+02
-1.3785e+02 -1.3249e+02 -9.2759e+01 -1.4495e+02
-1.3812e+02 -1.3516e+02 -1.1071e+02 -2.3277e+02
# New trial
-1.3795e+02 -1.3364e+02 -1.0739e+02 -2.0231e+02
-1.3785e+02 -1.3259e+02 -9.6176e+01 -1.7485e+02
-1.3764e+02 -1.3038e+02 -7.4419e+01 -1.7389e+02
-1.3791e+02 -1.3305e+02 -9.0718e+01 -6.9482e+01
# New trial
-1.3774e+02 -1.3177e+02 -1.2451e+02 -6.1459e+02
-1.3772e+02 -1.3138e+02 -9.5770e+01 -2.0379e+02
-1.3770e+02 -1.3111e+02 -9.5605e+01 -4.4100e+02
-1.3816e+02 -1.3557e+02 -1.2533e+02 -7.2177e+02
# New trial
-1.3757e+02 -1.3046e+02 -1.0087e+02 -2.3764e+02
-1.3741e+02 -1.2878e+02 -8.6198e+01 -1.7186e+02
-1.3734e+02 -1.2779e+02 -8.4385e+01 -3.1779e+02
-1.3804e+02 -1.3439e+02 -1.0435e+02 -1.8781e+02
# New trial
-1.3778e+02 -1.3193e+02 -9.7679e+01 -1.9755e+02
-1.3770e+02 -1.3117e+02 -9.2275e+01 -2.1876e+02
-1.3753e+02 -1.2934e+02 -7.7007e+01 -1.9084e+02
-1.3783e+02 -1.3230e+02 -9.5385e+01 -3.4929e+02
# New trial
-1.3804e+02 -1.3456e+02 -1.1942e+02 -2.9146e+02
-1.3788e+02 -1.3300e+02 -1.0651e+02 -2.9675e+02
-1.3745e+02 -1.2870e+02 -8.0781e+01 -2.6829e+02
-1.3765e+02 -1.3051e+02 -9.4142e+01 -4.2597e+02
# New trial
-1.3780e+02 -1.3244e+02 -1.2359e+02 -4.9303e+02
-1.3769e+02 -1.3126e+02 -1.0502e+02 -2.6613e+02
-1.3760e+02 -1.3021e+02 -8.7832e+01 -2.6427e+02
-1.3809e+02 -1.3484e+02 -1.1022e+02 -3.4275e+02
# New trial
-1.3783e+02 -1.3278e+02 -1.3235e+02 -5.7630e+02
-1.3780e+02 -1.3222e+02 -1.0129e+02 -2.2257e+02
-1.3772e+02 -1.3129e+02 -9.5745e+01 -3.5241e+02
-1.3812e+02 -1.3518e+02 -1.1595e+02 -4.2491e+02
# New trial
-1.3813e+02 -1.3544e+02 -1.2795e+02 -3.8347e+02
-1.3796e+02 -1.3356e+02 -9.8712e+01 -1.5274e+02
-1.3768e+02 -1.3077e+02 -7.4620e+01 -1.1822e+02
-1.3770e+02 -1.3096e+02 -8.4079e+01 -1.2915e+02
# New trial
-1.3757e+02 -1.3061e+02 -1.1683e+02 -3.9037e+02
-1.3735e+02 -1.2818e+02 -8.6978e+01 -2.2135e+02
-1.3715e+02 -1.2581e+02 -7.3945e+01 -3.2094e+02
-1.3785e+02 -1.3251e+02 -1.0653e+02 -5.0231e+02
# New trial
-1.3776e+02 -1.3248e+02 -1.5185e+02 -8.7737e+02
-1.3751e+02 -1.2969e+02 -1.0709e+02 -4.0699e+02
-1.3719e+02 -1.2651e+02 -1.0793e+02 -6.1972e+02
-1.3774e+02 -1.3152e+02 -1.2443e+02 -7.8219e+02
# New trial
-1.3789e+02 -1.3324e+02 -1.2240e+02 -4.0906e+02
-1.3776e+02 -1.3181e+02 -1.0071e+02 -2.8321e+02
-1.3756e+02 -1.2974e+02 -8.3488e+01 -2.0591e+02
-1.3791e+02 -1.3310e+02 -1.1588e+02 -5.3048e+02
# New trial
-1.3801e+02 -1.3408e+02 -1.0712e+02 -2.4504e+02
-1.3786e+02 -1.3260e+02 -9.2070e+01 -1.9501e+02
-1.3758e+02 -1.2976e+02 -6.9538e+01 -1.1306e+02
-1.3766e+02 -1.3055e+02 -7.8788e+01 -1.0316e+02
# New trial
-1.3799e+02 -1.3394e+02 -1.0710e+02 -2.0080e+02
-1.3787e+02 -1.3280e+02 -9.7062e+01 -1.4009e+02
-1.3773e+02 -1.3131e+02 -8.4137e+01 -1.6815e+02
-1.3800e+02 -1.3396e+02 -1.0293e+02 -3.0801e+02
# New trial
-1.3802e+02 -1.3455e+02 -1.4820e+02 -7.8699e+02
-1.3783e+02 -1.3248e+02 -1.0532e+02 -2.5200e+02
-1.3746e+02 -1.2875e+02 -7.7493e+01 -2.3780e+02
-1.3780e+02 -1.3205e+02 -8.9983e+01 -2.1827e+02
# New trial
-1.3788e+02 -1.3321e+02 -1.3377e+02 -5.7901e+02
-1.3776e+02 -1.3190e+02 -1.0272e+02 -2.3935e+02
-1.3763e+02 -1.3050e+02 -9.0999e+01 -3.1663e+02
-1.3804e+02 -1.3443e+02 -1.0801e+02 -3.3092e+02
# New trial
-1.3798e+02 -1.3404e+02 -1.2632e+02 -5.5577e+02
-1.3787e+02 -1.3287e+02 -1.0246e+02 -2.0879e+02
-1.3773e+02 -1.3134e+02 -8.6647e+01 -2.1224e+02
-1.3805e+02 -1.3444e+02 -1.0528e+02 -3.5450e+02
# New trial
-1.3789e+02 -1.3298e+02 -1.0656e+02 -2.5818e+02
-1.3779e+02 -1.3198e+02 -9.5904e+01 -1.9463e+02
-1.3763e+02 -1.3034e+02 -8.5865e+01 -2.6602e+02
-1.3793e+02 -1.3330e+02 -1.0601e+02 -3.7416e+02
# New trial
-1.3789e+02 -1.3302e+02 -1.0391e+02 -1.9278e+02
-1.3784e+02 -1.3247e+02 -9.5322e+01 -1.6938e+02
-1.3775e+02 -1.3149e+02 -8.6549e+01 -2.5082e+02
-1.3804e+02 -1.3432e+02 -1.0426e+02 -2.5892e+02
# New trial
-1.3805e+02 -1.3463e+02 -1.2487e+02 -5.0862e+02
-1.3803e+02 -1.3430e+02 -1.0888e+02 -1.6692e+02
-1.3793e+02 -1.3322e+02 -9.2607e+01 -1.2833e+02
-1.3809e+02 -1.3482e+02 -1.0503e+02 -1.0165e+02
# New trial
-1.3786e+02 -1.3321e+02 -1.3642e+02 -5.4355e+02
-1.3765e+02 -1.3066e+02 -8.8243e+01 -2.1210e+02
-1.3748e+02 -1.2886e+02 -8.3786e+01 -3.2251e+02
-1.3779e+02 -1.3191e+02 -1.0582e+02 -5.2065e+02
# New trial
-1.3792e+02 -1.3325e+02 -1.1196e+02 -4.1488e+02
-1.3796e+02 -1.3361e+02 -1.0344e+02 -2.0113e+02
-1.3801e+02 -1.3409e+02 -1.0402e+02 -3.2036e+02
-1.3828e+02 -1.3677e+02 -1.2478e+02 -3.8724e+02
# New trial
-1.3796e+02 -1.3411e+02 -1.4131e+02 -6.3473e+02
-1.3773e+02 -1.3152e+02 -9.9132e+01 -3.4362e+02
-1.3737e+02 -1.2786e+02 -7.1270e+01 -1.9324e+02
-1.3772e+02 -1.3123e+02 -9.3308e+01 -3.2778e+02
# New trial
-1.3794e+02 -1.3361e+02 -1.2162e+02 -4.0390e+02
-1.3780e+02 -1.3209e+02 -1.0320e+02 -3.1085e+02
-1.3750e+02 -1.2903e+02 -7.2056e+01 -2.0390e+02
-1.3768e+02 -1.3072e+02 -8.0900e+01 -1.9371e+02
# New trial
-1.3794e+02 -1.3349e+02 -1.0607e+02 -2.4053e+02
-1.3796e+02 -1.3359e+02 -9.9930e+01 -1.3882e+02
-1.3803e+02 -1.3429e+02 -1.0184e+02 -1.2329e+02
-1.3826e+02 -1.3650e+02 -1.2014e+02 -1.6508e+02
# New trial
