# 0.1sig - Array shape (trial/sig/alpha): (30, 4, 4)
-1.2408e+02 -1.1956e+02 -1.0005e+02 -2.9601e+02
-1.2399e+02 -1.1869e+02 -8.8899e+01 -6.2565e+01
-1.2389e+02 -1.1778e+02 -9.8939e+01 -3.2203e+02
-1.2437e+02 -1.2237e+02 -1.1983e+02 -4.8228e+02
# New trial
-1.2426e+02 -1.2119e+02 -9.9465e+01 -9.9329e+01
-1.2414e+02 -1.2005e+02 -9.0208e+01 -6.1875e+01
-1.2393e+02 -1.1795e+02 -7.5195e+01 -7.1769e+01
-1.2409e+02 -1.1949e+02 -8.5051e+01 -9.4861e+01
# New trial
-1.2425e+02 -1.2114e+02 -1.0474e+02 -1.8136e+02
-1.2408e+02 -1.1944e+02 -8.5881e+01 -6.1640e+01
-1.2379e+02 -1.1650e+02 -7.2210e+01 -9.1800e+01
-1.2391e+02 -1.1773e+02 -8.4943e+01 -2.2661e+02
# New trial
-1.2419e+02 -1.2052e+02 -1.0068e+02 -2.4882e+02
-1.2410e+02 -1.1956e+02 -8.3875e+01 -6.0581e+01
-1.2383e+02 -1.1692e+02 -6.9689e+01 -6.0036e+01
-1.2390e+02 -1.1754e+02 -7.5796e+01 -6.0047e+01
# New trial
-1.2435e+02 -1.2210e+02 -1.1253e+02 -3.1079e+02
-1.2424e+02 -1.2103e+02 -9.5417e+01 -6.2692e+01
-1.2409e+02 -1.1948e+02 -8.4100e+01 -9.5426e+01
-1.2428e+02 -1.2135e+02 -9.8497e+01 -2.0905e+02
# New trial
-1.2438e+02 -1.2237e+02 -1.0662e+02 -1.0999e+02
-1.2427e+02 -1.2132e+02 -9.6760e+01 -6.0238e+01
-1.2414e+02 -1.1999e+02 -8.5153e+01 -6.8132e+01
-1.2436e+02 -1.2216e+02 -1.0130e+02 -7.2105e+01
# New trial
-1.2429e+02 -1.2145e+02 -9.8464e+01 -6.5695e+01
-1.2420e+02 -1.2059e+02 -9.1407e+01 -6.0635e+01
-1.2403e+02 -1.1891e+02 -8.1051e+01 -6.9861e+01
-1.2419e+02 -1.2049e+02 -9.2715e+01 -1.8508e+02
# New trial
-1.2414e+02 -1.2009e+02 -9.8847e+01 -2.1133e+02
-1.2411e+02 -1.1971e+02 -8.9491e+01 -6.2703e+01
-1.2408e+02 -1.1942e+02 -8.7655e+01 -1.4534e+02
-1.2438e+02 -1.2236e+02 -1.0514e+02 -1.4929e+02
# New trial
-1.2410e+02 -1.1973e+02 -9.1288e+01 -6.4730e+01
-1.2395e+02 -1.1825e+02 -8.2649e+01 -6.6806e+01
-1.2381e+02 -1.1680e+02 -7.9018e+01 -1.1163e+02
-1.2432e+02 -1.2176e+02 -1.0629e+02 -3.3240e+02
# New trial
-1.2422e+02 -1.2079e+02 -9.2799e+01 -6.2657e+01
-1.2410e+02 -1.1962e+02 -8.4242e+01 -6.0778e+01
-1.2389e+02 -1.1753e+02 -7.4111e+01 -7.7497e+01
-1.2413e+02 -1.1985e+02 -8.7539e+01 -1.7165e+02
# New trial
-1.2430e+02 -1.2151e+02 -9.7318e+01 -6.3961e+01
-1.2416e+02 -1.2015e+02 -8.6843e+01 -6.1293e+01
-1.2384e+02 -1.1700e+02 -7.2090e+01 -7.7812e+01
-1.2396e+02 -1.1817e+02 -8.5256e+01 -2.3632e+02
# New trial
-1.2421e+02 -1.2073e+02 -9.8093e+01 -8.9194e+01
-1.2410e+02 -1.1973e+02 -9.1514e+01 -6.1248e+01
-1.2395e+02 -1.1819e+02 -8.0102e+01 -7.9133e+01
-1.2432e+02 -1.2175e+02 -9.9370e+01 -1.1653e+02
# New trial
-1.2420e+02 -1.2065e+02 -9.8679e+01 -1.4441e+02
-1.2415e+02 -1.2012e+02 -8.9307e+01 -6.5770e+01
-1.2406e+02 -1.1920e+02 -8.4504e+01 -1.6738e+02
-1.2439e+02 -1.2240e+02 -1.0646e+02 -2.8585e+02
# New trial
-1.2438e+02 -1.2233e+02 -1.0737e+02 -1.2519e+02
-1.2426e+02 -1.2115e+02 -9.2820e+01 -6.0023e+01
-1.2405e+02 -1.1902e+02 -7.6632e+01 -5.9997e+01
-1.2404e+02 -1.1894e+02 -8.0963e+01 -6.4866e+01
# New trial
-1.2415e+02 -1.2037e+02 -1.0802e+02 -2.3207e+02
-1.2393e+02 -1.1811e+02 -8.3538e+01 -6.1324e+01
-1.2366e+02 -1.1540e+02 -7.4111e+01 -8.1432e+01
-1.2418e+02 -1.2043e+02 -9.8801e+01 -3.1446e+02
# New trial
-1.2413e+02 -1.2019e+02 -1.1642e+02 -3.6592e+02
-1.2395e+02 -1.1834e+02 -8.8134e+01 -6.1383e+01
-1.2370e+02 -1.1596e+02 -9.6459e+01 -3.2336e+02
-1.2405e+02 -1.1920e+02 -1.1582e+02 -5.6317e+02
# New trial
-1.2423e+02 -1.2091e+02 -9.5134e+01 -6.3117e+01
-1.2411e+02 -1.1966e+02 -8.4589e+01 -6.1386e+01
-1.2391e+02 -1.1775e+02 -7.9021e+01 -1.2771e+02
-1.2415e+02 -1.2002e+02 -9.2242e+01 -2.3505e+02
# New trial
-1.2434e+02 -1.2192e+02 -1.0120e+02 -1.1176e+02
-1.2421e+02 -1.2070e+02 -9.0924e+01 -6.0948e+01
-1.2397e+02 -1.1824e+02 -7.4629e+01 -6.5170e+01
-1.2400e+02 -1.1851e+02 -7.8040e+01 -1.1687e+02
# New trial
-1.2432e+02 -1.2175e+02 -9.9514e+01 -6.7774e+01
-1.2423e+02 -1.2089e+02 -9.3645e+01 -6.3715e+01
-1.2408e+02 -1.1942e+02 -8.5164e+01 -8.7636e+01
-1.2427e+02 -1.2123e+02 -1.0150e+02 -3.0721e+02
# New trial
-1.2431e+02 -1.2172e+02 -1.1376e+02 -3.2010e+02
-1.2414e+02 -1.2007e+02 -9.0096e+01 -6.1349e+01
-1.2384e+02 -1.1704e+02 -7.2035e+01 -7.9743e+01
-1.2410e+02 -1.1953e+02 -8.3186e+01 -7.6260e+01
# New trial
-1.2423e+02 -1.2099e+02 -1.0553e+02 -1.9206e+02
-1.2414e+02 -1.2008e+02 -9.0856e+01 -6.1505e+01
-1.2403e+02 -1.1892e+02 -8.3918e+01 -9.9330e+01
-1.2430e+02 -1.2155e+02 -9.8769e+01 -1.3450e+02
# New trial
-1.2428e+02 -1.2142e+02 -1.0589e+02 -3.0208e+02
-1.2420e+02 -1.2058e+02 -9.3312e+01 -6.2872e+01
-1.2408e+02 -1.1943e+02 -8.5495e+01 -1.0690e+02
-1.2433e+02 -1.2181e+02 -1.0168e+02 -2.0860e+02
# New trial
-1.2424e+02 -1.2096e+02 -9.3668e+01 -6.4032e+01
-1.2414e+02 -1.2000e+02 -8.6111e+01 -6.0468e+01
-1.2398e+02 -1.1841e+02 -7.7943e+01 -9.5905e+01
-1.2419e+02 -1.2047e+02 -9.3063e+01 -2.3787e+02
# New trial
-1.2428e+02 -1.2137e+02 -9.7769e+01 -7.2596e+01
-1.2419e+02 -1.2047e+02 -8.9973e+01 -6.0782e+01
-1.2406e+02 -1.1912e+02 -7.9753e+01 -8.1961e+01
-1.2428e+02 -1.2136e+02 -9.5859e+01 -1.0877e+02
# New trial
-1.2435e+02 -1.2209e+02 -1.0324e+02 -1.4080e+02
-1.2432e+02 -1.2173e+02 -1.0002e+02 -6.7504e+01
-1.2421e+02 -1.2067e+02 -9.1583e+01 -1.2144e+02
-1.2432e+02 -1.2175e+02 -1.0243e+02 -2.9647e+02
# New trial
-1.2422e+02 -1.2096e+02 -1.1339e+02 -2.9178e+02
-1.2408e+02 -1.1945e+02 -8.5724e+01 -6.2088e+01
-1.2389e+02 -1.1752e+02 -8.4583e+01 -1.8024e+02
-1.2411e+02 -1.1975e+02 -1.0318e+02 -3.9317e+02
# New trial
-1.2426e+02 -1.2112e+02 -9.5505e+01 -6.5932e+01
-1.2425e+02 -1.2110e+02 -9.5580e+01 -6.8117e+01
-1.2427e+02 -1.2127e+02 -9.8635e+01 -1.5265e+02
-1.2448e+02 -1.2332e+02 -1.1369e+02 -2.0173e+02
# New trial
-1.2419e+02 -1.2056e+02 -1.0162e+02 -1.7871e+02
-1.2405e+02 -1.1917e+02 -8.3849e+01 -6.0234e+01
-1.2379e+02 -1.1659e+02 -8.4412e+01 -1.6926e+02
-1.2411e+02 -1.1973e+02 -9.5522e+01 -3.0867e+02
# New trial
-1.2425e+02 -1.2109e+02 -9.7915e+01 -1.0923e+02
-1.2414e+02 -1.1997e+02 -8.7179e+01 -6.0295e+01
-1.2390e+02 -1.1757e+02 -7.1817e+01 -6.5934e+01
-1.2401e+02 -1.1865e+02 -7.9140e+01 -6.4811e+01
# New trial
-1.2434e+02 -1.2194e+02 -1.0185e+02 -9.4140e+01
-1.2431e+02 -1.2163e+02 -9.9248e+01 -9.4070e+01
-1.2431e+02 -1.2165e+02 -1.0041e+02 -1.8204e+02
-1.2448e+02 -1.2336e+02 -1.1415e+02 -2.4153e+02
# New trial
