# 0.01sig - Array shape (trial/sig/alpha): (30, 4, 4)
-1.2400e+02 -1.1871e+02 -8.4326e+01 -5.5018e+01
-1.2396e+02 -1.1832e+02 -8.4101e+01 -8.6428e+01
-1.2398e+02 -1.1855e+02 -8.9886e+01 -2.5530e+02
-1.2441e+02 -1.2267e+02 -1.1393e+02 -4.4042e+02
# New trial
-1.2395e+02 -1.1821e+02 -8.3070e+01 -6.1192e+01
-1.2390e+02 -1.1781e+02 -8.5746e+01 -1.0482e+02
-1.2397e+02 -1.1849e+02 -8.7554e+01 -1.7612e+02
-1.2444e+02 -1.2298e+02 -1.1160e+02 -2.3863e+02
# New trial
-1.2401e+02 -1.1883e+02 -8.2960e+01 -5.2158e+01
-1.2385e+02 -1.1728e+02 -7.5818e+01 -5.8485e+01
-1.2374e+02 -1.1610e+02 -7.9836e+01 -2.3251e+02
-1.2429e+02 -1.2144e+02 -1.0638e+02 -4.2289e+02
# New trial
-1.2376e+02 -1.1647e+02 -7.4711e+01 -5.2518e+01
-1.2370e+02 -1.1602e+02 -7.8271e+01 -1.2136e+02
-1.2394e+02 -1.1824e+02 -9.1722e+01 -2.3062e+02
-1.2446e+02 -1.2326e+02 -1.1531e+02 -2.5593e+02
# New trial
-1.2409e+02 -1.1953e+02 -8.3979e+01 -5.2572e+01
-1.2395e+02 -1.1810e+02 -7.3864e+01 -5.5343e+01
-1.2382e+02 -1.1679e+02 -6.9005e+01 -9.4694e+01
-1.2419e+02 -1.2044e+02 -9.1289e+01 -1.0761e+02
# New trial
-1.2399e+02 -1.1850e+02 -7.9325e+01 -5.6822e+01
-1.2385e+02 -1.1723e+02 -7.4097e+01 -7.1374e+01
-1.2384e+02 -1.1706e+02 -7.5126e+01 -1.3290e+02
-1.2439e+02 -1.2241e+02 -1.0591e+02 -2.2416e+02
# New trial
-1.2403e+02 -1.1894e+02 -8.5938e+01 -5.2682e+01
-1.2396e+02 -1.1834e+02 -8.6539e+01 -8.1064e+01
-1.2411e+02 -1.1979e+02 -9.5300e+01 -2.4035e+02
-1.2450e+02 -1.2357e+02 -1.1646e+02 -2.5989e+02
# New trial
-1.2400e+02 -1.1866e+02 -8.4137e+01 -5.7657e+01
-1.2391e+02 -1.1777e+02 -8.0293e+01 -7.2469e+01
-1.2387e+02 -1.1734e+02 -8.2093e+01 -2.1637e+02
-1.2433e+02 -1.2182e+02 -1.0252e+02 -2.5125e+02
# New trial
-1.2394e+02 -1.1807e+02 -7.8295e+01 -5.2241e+01
-1.2382e+02 -1.1691e+02 -7.4221e+01 -8.7222e+01
-1.2367e+02 -1.1548e+02 -7.7833e+01 -2.0898e+02
-1.2429e+02 -1.2149e+02 -1.0498e+02 -4.0458e+02
# New trial
-1.2390e+02 -1.1778e+02 -8.1410e+01 -6.3662e+01
-1.2388e+02 -1.1761e+02 -8.2916e+01 -1.0221e+02
-1.2406e+02 -1.1936e+02 -9.6691e+01 -3.0810e+02
-1.2450e+02 -1.2358e+02 -1.1926e+02 -4.0797e+02
# New trial
-1.2381e+02 -1.1711e+02 -8.2914e+01 -6.3427e+01
-1.2382e+02 -1.1727e+02 -9.0946e+01 -2.5416e+02
-1.2405e+02 -1.1943e+02 -1.1590e+02 -5.9522e+02
-1.2454e+02 -1.2398e+02 -1.2206e+02 -3.9149e+02
# New trial
-1.2421e+02 -1.2069e+02 -9.2146e+01 -5.3438e+01
-1.2424e+02 -1.2097e+02 -9.4575e+01 -8.7095e+01
-1.2429e+02 -1.2146e+02 -9.8148e+01 -1.1167e+02
-1.2448e+02 -1.2332e+02 -1.1248e+02 -9.8541e+01
# New trial
-1.2401e+02 -1.1875e+02 -8.2654e+01 -5.4199e+01
-1.2387e+02 -1.1738e+02 -7.8162e+01 -9.5945e+01
-1.2371e+02 -1.1580e+02 -8.1531e+01 -2.4980e+02
-1.2422e+02 -1.2080e+02 -9.8222e+01 -3.3407e+02
# New trial
-1.2421e+02 -1.2069e+02 -9.1276e+01 -5.5378e+01
-1.2412e+02 -1.1978e+02 -8.4727e+01 -6.1523e+01
-1.2402e+02 -1.1882e+02 -7.8974e+01 -1.0623e+02
-1.2429e+02 -1.2143e+02 -9.5955e+01 -8.0399e+01
# New trial
-1.2416e+02 -1.2021e+02 -8.7828e+01 -7.5170e+01
-1.2414e+02 -1.1998e+02 -8.7424e+01 -9.7887e+01
-1.2415e+02 -1.2003e+02 -9.1171e+01 -1.9123e+02
-1.2443e+02 -1.2283e+02 -1.1143e+02 -2.9929e+02
# New trial
-1.2383e+02 -1.1715e+02 -8.0749e+01 -6.2491e+01
-1.2375e+02 -1.1645e+02 -8.0830e+01 -1.0618e+02
-1.2394e+02 -1.1827e+02 -9.5379e+01 -2.9198e+02
-1.2447e+02 -1.2334e+02 -1.1900e+02 -4.2515e+02
# New trial
-1.2401e+02 -1.1875e+02 -8.2667e+01 -5.4306e+01
-1.2395e+02 -1.1831e+02 -8.4814e+01 -9.9839e+01
-1.2401e+02 -1.1884e+02 -9.1721e+01 -2.6056e+02
-1.2443e+02 -1.2290e+02 -1.1315e+02 -4.0344e+02
# New trial
-1.2390e+02 -1.1794e+02 -8.6852e+01 -7.2179e+01
-1.2387e+02 -1.1773e+02 -9.0739e+01 -1.5691e+02
-1.2401e+02 -1.1903e+02 -1.0689e+02 -4.0609e+02
-1.2449e+02 -1.2351e+02 -1.2171e+02 -3.8576e+02
# New trial
-1.2427e+02 -1.2127e+02 -9.4583e+01 -5.5409e+01
-1.2421e+02 -1.2063e+02 -8.9918e+01 -6.5098e+01
-1.2413e+02 -1.1981e+02 -8.3526e+01 -8.6910e+01
-1.2431e+02 -1.2163e+02 -9.8226e+01 -1.2940e+02
# New trial
-1.2408e+02 -1.1945e+02 -8.5802e+01 -6.4550e+01
-1.2408e+02 -1.1941e+02 -8.9179e+01 -1.1598e+02
-1.2411e+02 -1.1972e+02 -9.0898e+01 -2.2217e+02
-1.2443e+02 -1.2281e+02 -1.0841e+02 -1.2241e+02
# New trial
-1.2370e+02 -1.1614e+02 -7.8099e+01 -5.2268e+01
-1.2367e+02 -1.1600e+02 -8.3653e+01 -1.0231e+02
-1.2401e+02 -1.1905e+02 -1.0235e+02 -3.4169e+02
-1.2455e+02 -1.2408e+02 -1.2358e+02 -3.9509e+02
# New trial
-1.2403e+02 -1.1894e+02 -8.4007e+01 -5.2085e+01
-1.2398e+02 -1.1853e+02 -8.4211e+01 -6.0060e+01
-1.2404e+02 -1.1909e+02 -8.8276e+01 -1.6244e+02
-1.2444e+02 -1.2296e+02 -1.1128e+02 -2.1848e+02
# New trial
-1.2428e+02 -1.2136e+02 -9.7703e+01 -6.3841e+01
-1.2421e+02 -1.2070e+02 -9.3294e+01 -9.8586e+01
-1.2413e+02 -1.1993e+02 -8.7144e+01 -1.3643e+02
-1.2431e+02 -1.2163e+02 -9.9796e+01 -2.4722e+02
# New trial
-1.2357e+02 -1.1506e+02 -7.8205e+01 -5.1997e+01
-1.2357e+02 -1.1533e+02 -8.6967e+01 -1.4994e+02
-1.2404e+02 -1.1947e+02 -1.1403e+02 -4.9157e+02
-1.2455e+02 -1.2409e+02 -1.2141e+02 -3.2981e+02
# New trial
-1.2411e+02 -1.1972e+02 -8.8422e+01 -6.1493e+01
-1.2397e+02 -1.1848e+02 -8.2722e+01 -6.6732e+01
-1.2393e+02 -1.1812e+02 -8.6673e+01 -2.0167e+02
-1.2442e+02 -1.2279e+02 -1.1251e+02 -3.7976e+02
# New trial
-1.2409e+02 -1.1953e+02 -8.7528e+01 -6.1371e+01
-1.2407e+02 -1.1934e+02 -8.8341e+01 -9.5512e+01
-1.2412e+02 -1.1984e+02 -9.5247e+01 -2.2403e+02
-1.2446e+02 -1.2311e+02 -1.1285e+02 -2.8551e+02
# New trial
-1.2416e+02 -1.2019e+02 -8.8516e+01 -5.2681e+01
-1.2404e+02 -1.1901e+02 -8.2146e+01 -5.7383e+01
-1.2393e+02 -1.1793e+02 -7.5846e+01 -1.1212e+02
-1.2424e+02 -1.2098e+02 -9.3635e+01 -9.9617e+01
# New trial
-1.2415e+02 -1.2007e+02 -8.6300e+01 -5.2939e+01
-1.2399e+02 -1.1855e+02 -7.8610e+01 -5.3684e+01
-1.2380e+02 -1.1669e+02 -7.1441e+01 -1.0545e+02
-1.2421e+02 -1.2069e+02 -9.4033e+01 -2.2134e+02
# New trial
-1.2417e+02 -1.2025e+02 -9.1021e+01 -6.2921e+01
-1.2417e+02 -1.2028e+02 -9.1205e+01 -7.3185e+01
-1.2420e+02 -1.2054e+02 -9.4797e+01 -1.7318e+02
-1.2444e+02 -1.2295e+02 -1.1182e+02 -2.8291e+02
# New trial
-1.2397e+02 -1.1845e+02 -8.3446e+01 -5.9123e+01
-1.2391e+02 -1.1781e+02 -7.9351e+01 -8.9305e+01
-1.2399e+02 -1.1853e+02 -8.5028e+01 -2.2216e+02
-1.2441e+02 -1.2264e+02 -1.0858e+02 -2.3617e+02
# New trial
