# 0.1sig - Array shape (trial/sig/alpha): (30L, 4L, 4L)
-1.0141e+02 -1.0037e+02 -9.5160e+01 -1.2569e+02
-1.0140e+02 -1.0028e+02 -9.3776e+01 -8.8634e+01
-1.0138e+02 -1.0003e+02 -9.3489e+01 -1.1178e+02
-1.0147e+02 -1.0093e+02 -9.6818e+01 -1.1850e+02
# New trial
-1.0146e+02 -1.0082e+02 -9.6016e+01 -9.6718e+01
-1.0144e+02 -1.0059e+02 -9.4301e+01 -8.7728e+01
-1.0137e+02 -9.9903e+01 -8.9630e+01 -8.7687e+01
-1.0137e+02 -9.9866e+01 -8.9121e+01 -8.7687e+01
# New trial
-1.0146e+02 -1.0084e+02 -9.7244e+01 -1.0855e+02
-1.0143e+02 -1.0051e+02 -9.3582e+01 -8.8032e+01
-1.0138e+02 -9.9990e+01 -9.0560e+01 -8.7884e+01
-1.0141e+02 -1.0036e+02 -9.2296e+01 -9.2104e+01
# New trial
-1.0145e+02 -1.0073e+02 -9.6327e+01 -1.4211e+02
-1.0143e+02 -1.0051e+02 -9.2617e+01 -8.7688e+01
-1.0136e+02 -9.9856e+01 -8.9887e+01 -9.4937e+01
-1.0136e+02 -9.9861e+01 -9.1982e+01 -1.2191e+02
# New trial
-1.0148e+02 -1.0103e+02 -9.8347e+01 -1.3301e+02
-1.0146e+02 -1.0079e+02 -9.5406e+01 -8.9277e+01
-1.0141e+02 -1.0036e+02 -9.3286e+01 -1.0113e+02
-1.0145e+02 -1.0073e+02 -9.5519e+01 -1.1428e+02
# New trial
-1.0149e+02 -1.0114e+02 -9.8220e+01 -9.9492e+01
-1.0147e+02 -1.0095e+02 -9.6485e+01 -8.8110e+01
-1.0144e+02 -1.0061e+02 -9.3865e+01 -9.0099e+01
-1.0147e+02 -1.0091e+02 -9.5955e+01 -1.0352e+02
# New trial
-1.0147e+02 -1.0087e+02 -9.5729e+01 -8.7735e+01
-1.0145e+02 -1.0069e+02 -9.4131e+01 -8.7688e+01
-1.0140e+02 -1.0025e+02 -9.0670e+01 -8.7687e+01
-1.0143e+02 -1.0051e+02 -9.2782e+01 -9.0523e+01
# New trial
-1.0143e+02 -1.0055e+02 -9.5195e+01 -1.2383e+02
-1.0143e+02 -1.0048e+02 -9.3713e+01 -8.7772e+01
-1.0144e+02 -1.0060e+02 -9.5816e+01 -1.4424e+02
-1.0149e+02 -1.0111e+02 -9.9380e+01 -1.7718e+02
# New trial
-1.0143e+02 -1.0056e+02 -9.5175e+01 -9.1265e+01
-1.0140e+02 -1.0026e+02 -9.3239e+01 -8.8264e+01
-1.0139e+02 -1.0013e+02 -9.4183e+01 -1.1236e+02
-1.0149e+02 -1.0116e+02 -1.0038e+02 -1.8455e+02
# New trial
-1.0146e+02 -1.0081e+02 -9.5546e+01 -8.8035e+01
-1.0144e+02 -1.0057e+02 -9.3949e+01 -8.7789e+01
-1.0137e+02 -9.9952e+01 -9.1424e+01 -9.6839e+01
-1.0140e+02 -1.0022e+02 -9.5340e+01 -1.4215e+02
# New trial
-1.0147e+02 -1.0093e+02 -9.6404e+01 -9.2231e+01
-1.0144e+02 -1.0063e+02 -9.4111e+01 -8.9656e+01
-1.0137e+02 -9.9922e+01 -9.1108e+01 -9.1949e+01
-1.0140e+02 -1.0019e+02 -9.3729e+01 -1.3552e+02
# New trial
-1.0143e+02 -1.0054e+02 -9.4433e+01 -9.5302e+01
-1.0143e+02 -1.0050e+02 -9.4528e+01 -8.8602e+01
-1.0142e+02 -1.0044e+02 -9.5741e+01 -1.3972e+02
-1.0150e+02 -1.0118e+02 -9.9349e+01 -1.6387e+02
# New trial
-1.0145e+02 -1.0071e+02 -9.4904e+01 -9.5498e+01
-1.0144e+02 -1.0057e+02 -9.3524e+01 -8.7698e+01
-1.0140e+02 -1.0018e+02 -9.1803e+01 -1.0357e+02
-1.0146e+02 -1.0081e+02 -9.5052e+01 -9.3788e+01
# New trial
-1.0148e+02 -1.0102e+02 -9.7245e+01 -9.3547e+01
-1.0146e+02 -1.0080e+02 -9.4736e+01 -8.7689e+01
-1.0142e+02 -1.0037e+02 -9.1685e+01 -8.9063e+01
-1.0141e+02 -1.0027e+02 -9.2853e+01 -1.1800e+02
# New trial
-1.0145e+02 -1.0076e+02 -9.8561e+01 -1.3325e+02
-1.0141e+02 -1.0034e+02 -9.4190e+01 -8.8102e+01
-1.0134e+02 -9.9683e+01 -9.1555e+01 -1.0139e+02
-1.0144e+02 -1.0061e+02 -9.5539e+01 -1.4305e+02
# New trial
-1.0143e+02 -1.0060e+02 -9.8776e+01 -1.4416e+02
-1.0139e+02 -1.0018e+02 -9.3432e+01 -8.7873e+01
-1.0129e+02 -9.9136e+01 -8.9986e+01 -9.7265e+01
-1.0135e+02 -9.9716e+01 -9.2239e+01 -1.2332e+02
# New trial
-1.0147e+02 -1.0090e+02 -9.6199e+01 -8.8677e+01
-1.0144e+02 -1.0062e+02 -9.3764e+01 -8.7719e+01
-1.0137e+02 -9.9883e+01 -8.9928e+01 -8.9059e+01
-1.0138e+02 -9.9983e+01 -9.0925e+01 -1.0180e+02
# New trial
-1.0148e+02 -1.0102e+02 -9.6890e+01 -9.0548e+01
-1.0146e+02 -1.0077e+02 -9.4762e+01 -8.8499e+01
-1.0141e+02 -1.0033e+02 -9.2061e+01 -9.5671e+01
-1.0144e+02 -1.0061e+02 -9.5972e+01 -1.5374e+02
# New trial
-1.0147e+02 -1.0094e+02 -9.6112e+01 -9.0715e+01
-1.0145e+02 -1.0074e+02 -9.4532e+01 -8.7764e+01
-1.0141e+02 -1.0031e+02 -9.1267e+01 -8.7687e+01
-1.0144e+02 -1.0059e+02 -9.3126e+01 -8.7687e+01
# New trial
-1.0148e+02 -1.0099e+02 -1.0056e+02 -1.5416e+02
-1.0144e+02 -1.0067e+02 -9.4977e+01 -8.8404e+01
-1.0138e+02 -1.0007e+02 -9.2102e+01 -1.0618e+02
-1.0142e+02 -1.0039e+02 -9.3529e+01 -1.1937e+02
# New trial
-1.0145e+02 -1.0072e+02 -9.6468e+01 -1.0596e+02
-1.0143e+02 -1.0050e+02 -9.3634e+01 -8.7697e+01
-1.0140e+02 -1.0025e+02 -9.2033e+01 -9.7408e+01
-1.0147e+02 -1.0090e+02 -9.5756e+01 -1.0336e+02
# New trial
-1.0146e+02 -1.0085e+02 -9.7566e+01 -1.3385e+02
-1.0144e+02 -1.0063e+02 -9.4551e+01 -8.9072e+01
-1.0140e+02 -1.0019e+02 -9.2770e+01 -1.0171e+02
-1.0144e+02 -1.0060e+02 -9.4015e+01 -1.1361e+02
# New trial
-1.0146e+02 -1.0084e+02 -9.5643e+01 -8.8223e+01
-1.0144e+02 -1.0061e+02 -9.3866e+01 -8.7691e+01
-1.0138e+02 -1.0000e+02 -8.9789e+01 -8.7687e+01
-1.0141e+02 -1.0030e+02 -9.2406e+01 -1.0842e+02
# New trial
-1.0147e+02 -1.0091e+02 -9.6289e+01 -9.1678e+01
-1.0146e+02 -1.0077e+02 -9.5128e+01 -9.1683e+01
-1.0143e+02 -1.0054e+02 -9.3331e+01 -1.0026e+02
-1.0146e+02 -1.0079e+02 -9.5296e+01 -9.9357e+01
# New trial
-1.0150e+02 -1.0120e+02 -9.9244e+01 -1.2528e+02
-1.0148e+02 -1.0105e+02 -9.7362e+01 -9.0048e+01
-1.0144e+02 -1.0061e+02 -9.3039e+01 -8.7687e+01
-1.0143e+02 -1.0048e+02 -9.2098e+01 -8.7687e+01
# New trial
-1.0146e+02 -1.0081e+02 -9.8677e+01 -1.3370e+02
-1.0143e+02 -1.0048e+02 -9.3026e+01 -8.7981e+01
-1.0138e+02 -1.0000e+02 -9.1214e+01 -9.3598e+01
-1.0140e+02 -1.0023e+02 -9.2303e+01 -9.3198e+01
# New trial
-1.0146e+02 -1.0083e+02 -9.5314e+01 -9.2161e+01
-1.0146e+02 -1.0081e+02 -9.5321e+01 -9.0816e+01
-1.0145e+02 -1.0076e+02 -9.5515e+01 -1.2029e+02
-1.0150e+02 -1.0123e+02 -9.8898e+01 -1.3557e+02
# New trial
-1.0144e+02 -1.0063e+02 -9.5839e+01 -1.0480e+02
-1.0142e+02 -1.0046e+02 -9.3117e+01 -8.7894e+01
-1.0139e+02 -1.0016e+02 -9.3063e+01 -1.0327e+02
-1.0147e+02 -1.0088e+02 -9.8829e+01 -1.6818e+02
# New trial
-1.0146e+02 -1.0085e+02 -9.6062e+01 -9.7236e+01
-1.0144e+02 -1.0058e+02 -9.3390e+01 -8.7691e+01
-1.0137e+02 -9.9900e+01 -8.9275e+01 -8.7687e+01
-1.0140e+02 -1.0016e+02 -9.1286e+01 -8.8815e+01
# New trial
-1.0148e+02 -1.0103e+02 -9.6970e+01 -9.8001e+01
-1.0147e+02 -1.0093e+02 -9.6200e+01 -9.7353e+01
-1.0147e+02 -1.0089e+02 -9.6073e+01 -1.0533e+02
-1.0151e+02 -1.0130e+02 -9.9532e+01 -1.2061e+02
# New trial
