# 0.1sig - Array shape (trial/sig/alpha): (30L, 4L, 4L)
-1.0556e+02 -1.0077e+02 -8.8075e+01 -3.0163e+02
-1.0552e+02 -1.0034e+02 -7.5853e+01 -1.2100e+02
-1.0557e+02 -1.0059e+02 -8.0723e+01 -3.0842e+02
-1.0600e+02 -1.0467e+02 -9.5666e+01 -3.0834e+02
# New trial
-1.0573e+02 -1.0226e+02 -8.9575e+01 -2.5279e+02
-1.0568e+02 -1.0177e+02 -8.1520e+01 -1.4762e+02
-1.0561e+02 -1.0098e+02 -7.2841e+01 -1.5679e+02
-1.0582e+02 -1.0292e+02 -8.2558e+01 -1.5438e+02
# New trial
-1.0577e+02 -1.0267e+02 -1.0390e+02 -3.7919e+02
-1.0561e+02 -1.0093e+02 -7.1060e+01 -1.5360e+02
-1.0536e+02 -9.8334e+01 -5.4412e+01 -8.3920e+01
-1.0558e+02 -1.0047e+02 -6.6584e+01 -5.0792e+01
# New trial
-1.0573e+02 -1.0222e+02 -1.0695e+02 -5.1884e+02
-1.0563e+02 -1.0105e+02 -7.0545e+01 -1.4569e+02
-1.0544e+02 -9.9183e+01 -5.8584e+01 -1.2742e+02
-1.0564e+02 -1.0105e+02 -6.9920e+01 -7.2961e+01
# New trial
-1.0582e+02 -1.0311e+02 -1.0110e+02 -3.6099e+02
-1.0573e+02 -1.0211e+02 -7.8141e+01 -7.9879e+01
-1.0566e+02 -1.0135e+02 -7.4492e+01 -1.6955e+02
-1.0592e+02 -1.0387e+02 -8.8535e+01 -2.2019e+02
# New trial
-1.0590e+02 -1.0378e+02 -9.4382e+01 -2.0557e+02
-1.0584e+02 -1.0316e+02 -8.5661e+01 -1.1326e+02
-1.0579e+02 -1.0259e+02 -7.6616e+01 -1.0580e+02
-1.0598e+02 -1.0449e+02 -9.1923e+01 -2.6063e+02
# New trial
-1.0577e+02 -1.0247e+02 -8.1031e+01 -1.2442e+02
-1.0569e+02 -1.0166e+02 -7.3756e+01 -1.0121e+02
-1.0558e+02 -1.0051e+02 -6.3442e+01 -8.9804e+01
-1.0582e+02 -1.0288e+02 -7.7625e+01 -7.8648e+01
# New trial
-1.0565e+02 -1.0152e+02 -1.0555e+02 -4.7752e+02
-1.0563e+02 -1.0114e+02 -7.9164e+01 -1.4761e+02
-1.0566e+02 -1.0139e+02 -7.6187e+01 -2.6983e+02
-1.0598e+02 -1.0448e+02 -9.4112e+01 -2.8794e+02
# New trial
-1.0547e+02 -9.9764e+01 -6.8151e+01 -6.1377e+01
-1.0538e+02 -9.8889e+01 -6.1680e+01 -6.8185e+01
-1.0544e+02 -9.9285e+01 -6.5631e+01 -1.6932e+02
-1.0595e+02 -1.0422e+02 -8.9219e+01 -1.9174e+02
# New trial
-1.0567e+02 -1.0157e+02 -7.9563e+01 -1.5216e+02
-1.0559e+02 -1.0079e+02 -7.2731e+01 -1.4235e+02
-1.0551e+02 -9.9814e+01 -6.1975e+01 -1.1742e+02
-1.0579e+02 -1.0254e+02 -7.6593e+01 -9.3279e+01
# New trial
-1.0575e+02 -1.0230e+02 -8.0159e+01 -9.7725e+01
-1.0562e+02 -1.0107e+02 -7.1718e+01 -8.9063e+01
-1.0544e+02 -9.9236e+01 -7.2012e+01 -2.5360e+02
-1.0571e+02 -1.0188e+02 -9.1743e+01 -4.3248e+02
# New trial
-1.0568e+02 -1.0176e+02 -9.3955e+01 -3.2629e+02
-1.0562e+02 -1.0114e+02 -8.2939e+01 -1.7934e+02
-1.0566e+02 -1.0145e+02 -8.0331e+01 -2.6521e+02
-1.0602e+02 -1.0488e+02 -9.6566e+01 -2.6413e+02
# New trial
-1.0572e+02 -1.0230e+02 -1.0629e+02 -4.9153e+02
-1.0572e+02 -1.0204e+02 -8.1597e+01 -1.5176e+02
-1.0569e+02 -1.0161e+02 -7.3964e+01 -1.6516e+02
-1.0599e+02 -1.0455e+02 -9.1714e+01 -1.3614e+02
# New trial
-1.0592e+02 -1.0408e+02 -1.0202e+02 -3.3553e+02
-1.0580e+02 -1.0278e+02 -7.9486e+01 -1.0022e+02
-1.0564e+02 -1.0111e+02 -6.4671e+01 -8.4748e+01
-1.0573e+02 -1.0196e+02 -7.3336e+01 -8.7442e+01
# New trial
-1.0557e+02 -1.0095e+02 -9.1662e+01 -2.4785e+02
-1.0540e+02 -9.9126e+01 -6.9691e+01 -1.5613e+02
-1.0529e+02 -9.7897e+01 -6.1855e+01 -1.5147e+02
-1.0588e+02 -1.0348e+02 -8.4498e+01 -1.4953e+02
# New trial
-1.0558e+02 -1.0119e+02 -1.1397e+02 -5.6437e+02
-1.0543e+02 -9.9496e+01 -8.0381e+01 -2.5000e+02
-1.0529e+02 -9.8014e+01 -8.4536e+01 -4.0513e+02
-1.0576e+02 -1.0234e+02 -9.8286e+01 -5.3951e+02
# New trial
-1.0568e+02 -1.0175e+02 -8.7480e+01 -2.1903e+02
-1.0560e+02 -1.0091e+02 -7.4325e+01 -1.5516e+02
-1.0555e+02 -1.0033e+02 -6.8044e+01 -1.5377e+02
-1.0585e+02 -1.0318e+02 -8.3137e+01 -1.4183e+02
# New trial
-1.0583e+02 -1.0307e+02 -8.9610e+01 -2.7197e+02
-1.0573e+02 -1.0205e+02 -7.5643e+01 -1.1769e+02
-1.0559e+02 -1.0060e+02 -6.8065e+01 -2.0883e+02
-1.0577e+02 -1.0238e+02 -7.9916e+01 -2.6196e+02
# New trial
-1.0581e+02 -1.0287e+02 -8.2612e+01 -1.1082e+02
-1.0575e+02 -1.0227e+02 -7.7392e+01 -9.0511e+01
-1.0569e+02 -1.0160e+02 -6.9649e+01 -1.0654e+02
-1.0590e+02 -1.0366e+02 -8.4086e+01 -1.1882e+02
# New trial
-1.0580e+02 -1.0302e+02 -1.1167e+02 -5.0769e+02
-1.0565e+02 -1.0137e+02 -7.6299e+01 -1.1765e+02
-1.0547e+02 -9.9534e+01 -6.2050e+01 -1.0392e+02
-1.0580e+02 -1.0275e+02 -7.7945e+01 -1.0975e+02
# New trial
-1.0568e+02 -1.0189e+02 -1.0103e+02 -4.2429e+02
-1.0561e+02 -1.0101e+02 -7.8876e+01 -1.6671e+02
-1.0559e+02 -1.0073e+02 -7.1125e+01 -1.6028e+02
-1.0594e+02 -1.0412e+02 -8.9083e+01 -1.5195e+02
# New trial
-1.0584e+02 -1.0328e+02 -1.0249e+02 -4.1119e+02
-1.0575e+02 -1.0238e+02 -8.3481e+01 -1.4288e+02
-1.0568e+02 -1.0163e+02 -7.6065e+01 -1.9843e+02
-1.0596e+02 -1.0428e+02 -9.0135e+01 -2.1483e+02
# New trial
-1.0571e+02 -1.0190e+02 -7.7878e+01 -1.5716e+02
-1.0563e+02 -1.0103e+02 -6.8351e+01 -1.2880e+02
-1.0557e+02 -1.0042e+02 -6.3124e+01 -1.1253e+02
-1.0585e+02 -1.0315e+02 -8.0441e+01 -1.2557e+02
# New trial
-1.0572e+02 -1.0203e+02 -7.9847e+01 -1.2368e+02
-1.0570e+02 -1.0172e+02 -7.3504e+01 -1.0331e+02
-1.0568e+02 -1.0151e+02 -7.1688e+01 -1.8778e+02
-1.0591e+02 -1.0384e+02 -8.7826e+01 -2.3161e+02
# New trial
-1.0585e+02 -1.0330e+02 -9.3066e+01 -2.9071e+02
-1.0585e+02 -1.0325e+02 -8.5331e+01 -9.3110e+01
-1.0581e+02 -1.0281e+02 -7.7900e+01 -1.4337e+02
-1.0591e+02 -1.0380e+02 -8.5948e+01 -1.8236e+02
# New trial
-1.0571e+02 -1.0231e+02 -1.0799e+02 -4.1500e+02
-1.0556e+02 -1.0039e+02 -6.9224e+01 -1.3945e+02
-1.0550e+02 -9.9770e+01 -6.2920e+01 -1.3824e+02
-1.0584e+02 -1.0313e+02 -8.0870e+01 -9.2714e+01
# New trial
-1.0572e+02 -1.0197e+02 -8.1029e+01 -2.0005e+02
-1.0577e+02 -1.0248e+02 -7.9409e+01 -1.0360e+02
-1.0588e+02 -1.0346e+02 -8.5157e+01 -1.7746e+02
-1.0607e+02 -1.0537e+02 -9.9407e+01 -2.5606e+02
# New trial
-1.0577e+02 -1.0279e+02 -1.0237e+02 -3.7376e+02
-1.0565e+02 -1.0138e+02 -8.1620e+01 -2.4213e+02
-1.0552e+02 -1.0012e+02 -8.1541e+01 -3.1833e+02
-1.0585e+02 -1.0325e+02 -9.5566e+01 -4.3335e+02
# New trial
-1.0574e+02 -1.0222e+02 -8.9307e+01 -2.4848e+02
-1.0564e+02 -1.0124e+02 -7.8198e+01 -1.8827e+02
-1.0550e+02 -9.9774e+01 -6.5894e+01 -1.6100e+02
-1.0577e+02 -1.0239e+02 -7.8779e+01 -1.7883e+02
# New trial
-1.0576e+02 -1.0241e+02 -8.2453e+01 -1.6842e+02
-1.0579e+02 -1.0267e+02 -7.9555e+01 -1.0645e+02
-1.0589e+02 -1.0362e+02 -8.4744e+01 -1.6760e+02
-1.0607e+02 -1.0537e+02 -9.8722e+01 -1.1439e+02
# New trial
