# 0.01sig - Array shape (trial/sig/alpha): (30L, 4L, 4L)
-1.1478e+02 -1.0971e+02 -8.3251e+01 -1.4952e+02
-1.1477e+02 -1.0955e+02 -8.1163e+01 -1.6733e+02
-1.1485e+02 -1.1022e+02 -8.2379e+01 -1.9521e+02
-1.1522e+02 -1.1385e+02 -1.0233e+02 -1.9032e+02
# New trial
-1.1462e+02 -1.0821e+02 -7.7629e+01 -1.4724e+02
-1.1466e+02 -1.0861e+02 -8.2480e+01 -1.8329e+02
-1.1482e+02 -1.1005e+02 -8.6498e+01 -2.7013e+02
-1.1524e+02 -1.1408e+02 -1.0548e+02 -2.8648e+02
# New trial
-1.1475e+02 -1.0945e+02 -8.3161e+01 -1.3485e+02
-1.1468e+02 -1.0876e+02 -8.1737e+01 -1.6035e+02
-1.1465e+02 -1.0840e+02 -8.3350e+01 -2.8988e+02
-1.1516e+02 -1.1327e+02 -1.0271e+02 -3.4787e+02
# New trial
-1.1460e+02 -1.0827e+02 -8.4222e+01 -1.8803e+02
-1.1457e+02 -1.0803e+02 -8.4911e+01 -2.2866e+02
-1.1477e+02 -1.0981e+02 -9.4799e+01 -3.4780e+02
-1.1525e+02 -1.1420e+02 -1.0807e+02 -2.8579e+02
# New trial
-1.1485e+02 -1.1031e+02 -8.2653e+01 -1.4595e+02
-1.1474e+02 -1.0922e+02 -7.5563e+01 -1.4768e+02
-1.1468e+02 -1.0859e+02 -7.7873e+01 -2.7198e+02
-1.1503e+02 -1.1197e+02 -9.2032e+01 -2.9404e+02
# New trial
-1.1481e+02 -1.0998e+02 -8.9777e+01 -2.4152e+02
-1.1477e+02 -1.0958e+02 -8.4839e+01 -2.0591e+02
-1.1476e+02 -1.0945e+02 -8.9416e+01 -3.3784e+02
-1.1519e+02 -1.1354e+02 -1.0325e+02 -3.1766e+02
# New trial
-1.1475e+02 -1.0941e+02 -8.3969e+01 -1.3894e+02
-1.1473e+02 -1.0924e+02 -8.6711e+01 -1.7724e+02
-1.1492e+02 -1.1105e+02 -9.3193e+01 -3.2744e+02
-1.1529e+02 -1.1452e+02 -1.0914e+02 -2.4704e+02
# New trial
-1.1466e+02 -1.0863e+02 -7.9638e+01 -1.2559e+02
-1.1466e+02 -1.0856e+02 -7.7050e+01 -1.3887e+02
-1.1475e+02 -1.0925e+02 -8.6260e+01 -2.9218e+02
-1.1517e+02 -1.1333e+02 -1.0300e+02 -3.4796e+02
# New trial
-1.1474e+02 -1.0931e+02 -8.8240e+01 -2.7535e+02
-1.1465e+02 -1.0842e+02 -8.3662e+01 -2.9804e+02
-1.1456e+02 -1.0744e+02 -9.3414e+01 -4.8421e+02
-1.1513e+02 -1.1296e+02 -1.0084e+02 -3.3375e+02
# New trial
-1.1476e+02 -1.0955e+02 -8.6082e+01 -1.9633e+02
-1.1481e+02 -1.1003e+02 -8.8042e+01 -2.5281e+02
-1.1498e+02 -1.1153e+02 -9.4348e+01 -3.1039e+02
-1.1531e+02 -1.1475e+02 -1.1130e+02 -3.5964e+02
# New trial
-1.1451e+02 -1.0734e+02 -7.8207e+01 -1.3680e+02
-1.1455e+02 -1.0776e+02 -8.2225e+01 -2.1351e+02
-1.1486e+02 -1.1061e+02 -1.0380e+02 -5.1890e+02
-1.1534e+02 -1.1503e+02 -1.1577e+02 -3.9568e+02
# New trial
-1.1496e+02 -1.1123e+02 -8.2694e+01 -7.6478e+01
-1.1501e+02 -1.1177e+02 -8.5875e+01 -1.0664e+02
-1.1510e+02 -1.1258e+02 -9.1513e+01 -1.5297e+02
-1.1528e+02 -1.1438e+02 -1.0591e+02 -1.1696e+02
# New trial
-1.1473e+02 -1.0909e+02 -8.0629e+01 -1.7222e+02
-1.1465e+02 -1.0838e+02 -7.5836e+01 -1.7857e+02
-1.1458e+02 -1.0770e+02 -8.7428e+01 -3.6901e+02
-1.1505e+02 -1.1223e+02 -9.7787e+01 -4.4038e+02
# New trial
-1.1496e+02 -1.1124e+02 -8.2148e+01 -9.5656e+01
-1.1488e+02 -1.1050e+02 -7.5816e+01 -9.1435e+01
-1.1485e+02 -1.1020e+02 -7.4736e+01 -1.5660e+02
-1.1513e+02 -1.1292e+02 -9.3526e+01 -1.9954e+02
# New trial
-1.1489e+02 -1.1062e+02 -8.2728e+01 -1.5461e+02
-1.1491e+02 -1.1079e+02 -8.0769e+01 -1.3033e+02
-1.1496e+02 -1.1125e+02 -8.6344e+01 -1.8028e+02
-1.1523e+02 -1.1387e+02 -1.0485e+02 -3.0734e+02
# New trial
-1.1450e+02 -1.0711e+02 -7.6353e+01 -1.5607e+02
-1.1452e+02 -1.0734e+02 -7.8929e+01 -1.9901e+02
-1.1475e+02 -1.0951e+02 -8.8019e+01 -2.8370e+02
-1.1529e+02 -1.1450e+02 -1.1122e+02 -3.6173e+02
# New trial
-1.1471e+02 -1.0894e+02 -7.3612e+01 -9.6641e+01
-1.1470e+02 -1.0892e+02 -7.6451e+01 -1.2321e+02
-1.1483e+02 -1.1021e+02 -8.8127e+01 -2.9536e+02
-1.1522e+02 -1.1390e+02 -1.0661e+02 -3.5111e+02
# New trial
-1.1465e+02 -1.0894e+02 -9.3830e+01 -2.6045e+02
-1.1465e+02 -1.0886e+02 -9.1768e+01 -2.9064e+02
-1.1482e+02 -1.1031e+02 -1.0425e+02 -5.0208e+02
-1.1526e+02 -1.1428e+02 -1.1334e+02 -5.2448e+02
# New trial
-1.1499e+02 -1.1152e+02 -8.3748e+01 -7.8443e+01
-1.1499e+02 -1.1151e+02 -8.3002e+01 -7.9584e+01
-1.1496e+02 -1.1126e+02 -7.9287e+01 -8.4532e+01
-1.1514e+02 -1.1305e+02 -9.3796e+01 -6.6994e+01
# New trial
-1.1485e+02 -1.1029e+02 -8.4879e+01 -1.9080e+02
-1.1486e+02 -1.1042e+02 -8.5507e+01 -1.7358e+02
-1.1493e+02 -1.1104e+02 -9.0347e+01 -3.3248e+02
-1.1522e+02 -1.1377e+02 -1.0304e+02 -2.8058e+02
# New trial
-1.1442e+02 -1.0646e+02 -7.3018e+01 -1.4727e+02
-1.1444e+02 -1.0677e+02 -7.6757e+01 -1.2925e+02
-1.1483e+02 -1.1024e+02 -9.0479e+01 -2.5630e+02
-1.1534e+02 -1.1496e+02 -1.1338e+02 -3.1887e+02
# New trial
-1.1477e+02 -1.0953e+02 -8.5318e+01 -2.2654e+02
-1.1480e+02 -1.0980e+02 -8.3763e+01 -1.8692e+02
-1.1491e+02 -1.1088e+02 -9.1568e+01 -3.2129e+02
-1.1526e+02 -1.1425e+02 -1.0725e+02 -3.2366e+02
# New trial
-1.1498e+02 -1.1147e+02 -8.9673e+01 -1.4847e+02
-1.1496e+02 -1.1126e+02 -8.5823e+01 -1.3090e+02
-1.1492e+02 -1.1087e+02 -8.0220e+01 -1.6969e+02
-1.1508e+02 -1.1246e+02 -8.9899e+01 -1.8993e+02
# New trial
-1.1431e+02 -1.0562e+02 -7.6732e+01 -1.9743e+02
-1.1436e+02 -1.0617e+02 -8.0643e+01 -2.0840e+02
-1.1487e+02 -1.1074e+02 -1.0011e+02 -3.8653e+02
-1.1531e+02 -1.1483e+02 -1.1551e+02 -4.7814e+02
# New trial
-1.1490e+02 -1.1073e+02 -8.7852e+01 -1.9222e+02
-1.1480e+02 -1.0988e+02 -8.5120e+01 -1.7535e+02
-1.1478e+02 -1.0963e+02 -9.0051e+01 -3.0371e+02
-1.1522e+02 -1.1383e+02 -1.0710e+02 -3.6593e+02
# New trial
-1.1485e+02 -1.1027e+02 -8.8487e+01 -2.2299e+02
-1.1488e+02 -1.1055e+02 -8.5918e+01 -1.8735e+02
-1.1496e+02 -1.1134e+02 -9.1480e+01 -2.4818e+02
-1.1526e+02 -1.1419e+02 -1.0618e+02 -2.3988e+02
# New trial
-1.1489e+02 -1.1062e+02 -8.4803e+01 -1.3286e+02
-1.1481e+02 -1.0987e+02 -8.0940e+01 -1.2790e+02
-1.1481e+02 -1.0982e+02 -8.2816e+01 -2.4426e+02
-1.1510e+02 -1.1267e+02 -9.9922e+01 -3.6719e+02
# New trial
-1.1487e+02 -1.1043e+02 -8.0375e+01 -7.4752e+01
-1.1479e+02 -1.0969e+02 -7.6677e+01 -7.9697e+01
-1.1473e+02 -1.0906e+02 -7.3901e+01 -1.9185e+02
-1.1510e+02 -1.1262e+02 -9.3965e+01 -2.8405e+02
# New trial
-1.1485e+02 -1.1019e+02 -8.2352e+01 -1.4040e+02
-1.1491e+02 -1.1078e+02 -8.1508e+01 -9.8655e+01
-1.1498e+02 -1.1148e+02 -8.2690e+01 -1.3806e+02
-1.1523e+02 -1.1388e+02 -1.0201e+02 -1.7520e+02
# New trial
-1.1470e+02 -1.0907e+02 -9.0146e+01 -2.7279e+02
-1.1472e+02 -1.0912e+02 -8.1215e+01 -2.0761e+02
-1.1484e+02 -1.1011e+02 -8.4125e+01 -2.5253e+02
-1.1524e+02 -1.1398e+02 -1.0348e+02 -1.5817e+02
# New trial
