# 0.1sig - Array shape (trial/sig/alpha): (30L, 4L, 4L)
-8.7383e+01 -8.4884e+01 -7.8339e+01 -2.0713e+02
-8.7311e+01 -8.4194e+01 -6.8549e+01 -5.4514e+01
-8.7303e+01 -8.4063e+01 -7.1575e+01 -1.6936e+02
-8.7608e+01 -8.6923e+01 -8.5413e+01 -2.5690e+02
# New trial
-8.7432e+01 -8.5233e+01 -7.2041e+01 -1.1251e+02
-8.7385e+01 -8.4795e+01 -6.8417e+01 -5.2560e+01
-8.7374e+01 -8.4648e+01 -6.6599e+01 -8.5621e+01
-8.7569e+01 -8.6515e+01 -7.8308e+01 -1.8134e+02
# New trial
-8.7446e+01 -8.5404e+01 -7.9361e+01 -1.6020e+02
-8.7336e+01 -8.4261e+01 -6.3887e+01 -5.0870e+01
-8.7145e+01 -8.2308e+01 -5.4041e+01 -5.0766e+01
-8.7292e+01 -8.3764e+01 -6.2478e+01 -5.8810e+01
# New trial
-8.7400e+01 -8.4925e+01 -7.7772e+01 -2.2553e+02
-8.7340e+01 -8.4259e+01 -6.1728e+01 -5.1075e+01
-8.7223e+01 -8.3079e+01 -5.5419e+01 -5.0766e+01
-8.7369e+01 -8.4524e+01 -6.5237e+01 -5.0776e+01
# New trial
-8.7532e+01 -8.6212e+01 -8.1120e+01 -1.8541e+02
-8.7462e+01 -8.5505e+01 -7.1801e+01 -6.4679e+01
-8.7393e+01 -8.4808e+01 -6.7688e+01 -1.2434e+02
-8.7560e+01 -8.6433e+01 -7.6809e+01 -1.0711e+02
# New trial
-8.7540e+01 -8.6259e+01 -7.8526e+01 -1.3397e+02
-8.7487e+01 -8.5738e+01 -7.2959e+01 -5.2779e+01
-8.7445e+01 -8.5313e+01 -6.9530e+01 -7.9130e+01
-8.7587e+01 -8.6690e+01 -7.9521e+01 -1.7512e+02
# New trial
-8.7449e+01 -8.5367e+01 -7.1143e+01 -6.1148e+01
-8.7393e+01 -8.4820e+01 -6.7402e+01 -5.5658e+01
-8.7318e+01 -8.4050e+01 -6.2062e+01 -7.4888e+01
-8.7498e+01 -8.5806e+01 -7.2683e+01 -1.3078e+02
# New trial
-8.7375e+01 -8.4729e+01 -8.1272e+01 -2.5371e+02
-8.7365e+01 -8.4564e+01 -6.8334e+01 -5.3733e+01
-8.7372e+01 -8.4603e+01 -7.2431e+01 -2.0237e+02
-8.7586e+01 -8.6701e+01 -8.4299e+01 -2.8494e+02
# New trial
-8.7306e+01 -8.4072e+01 -6.5928e+01 -5.4214e+01
-8.7223e+01 -8.3301e+01 -6.1771e+01 -5.1035e+01
-8.7226e+01 -8.3252e+01 -6.0467e+01 -5.4179e+01
-8.7566e+01 -8.6503e+01 -7.7581e+01 -1.0290e+02
# New trial
-8.7400e+01 -8.4878e+01 -6.7573e+01 -5.6555e+01
-8.7333e+01 -8.4227e+01 -6.3824e+01 -5.3798e+01
-8.7285e+01 -8.3733e+01 -6.1504e+01 -9.2228e+01
-8.7510e+01 -8.5928e+01 -7.4301e+01 -1.3871e+02
# New trial
-8.7484e+01 -8.5692e+01 -7.2810e+01 -7.3388e+01
-8.7391e+01 -8.4781e+01 -6.6031e+01 -5.1039e+01
-8.7229e+01 -8.3172e+01 -5.6619e+01 -5.2376e+01
-8.7418e+01 -8.5016e+01 -6.6760e+01 -5.1162e+01
# New trial
-8.7408e+01 -8.5026e+01 -7.4556e+01 -1.3212e+02
-8.7339e+01 -8.4365e+01 -6.8742e+01 -5.4952e+01
-8.7356e+01 -8.4494e+01 -7.1006e+01 -1.6064e+02
-8.7599e+01 -8.6821e+01 -8.1254e+01 -1.7889e+02
# New trial
-8.7357e+01 -8.4494e+01 -7.1191e+01 -1.3739e+02
-8.7367e+01 -8.4569e+01 -6.6442e+01 -5.3364e+01
-8.7406e+01 -8.4931e+01 -7.1200e+01 -1.6679e+02
-8.7626e+01 -8.7083e+01 -8.4888e+01 -2.6696e+02
# New trial
-8.7529e+01 -8.6182e+01 -8.2249e+01 -1.8283e+02
-8.7453e+01 -8.5371e+01 -6.8236e+01 -5.1120e+01
-8.7346e+01 -8.4297e+01 -5.9437e+01 -5.0770e+01
-8.7425e+01 -8.5080e+01 -6.7102e+01 -7.4945e+01
# New trial
-8.7304e+01 -8.4165e+01 -7.2550e+01 -9.4701e+01
-8.7180e+01 -8.2878e+01 -6.0020e+01 -5.0864e+01
-8.7132e+01 -8.2324e+01 -6.1423e+01 -9.9820e+01
-8.7542e+01 -8.6285e+01 -8.0192e+01 -2.5198e+02
# New trial
-8.7274e+01 -8.4001e+01 -8.4598e+01 -2.6863e+02
-8.7182e+01 -8.2973e+01 -6.4322e+01 -5.1442e+01
-8.7160e+01 -8.2651e+01 -7.1815e+01 -2.2027e+02
-8.7572e+01 -8.6565e+01 -8.5721e+01 -3.2739e+02
# New trial
-8.7409e+01 -8.5003e+01 -7.1319e+01 -7.5982e+01
-8.7342e+01 -8.4330e+01 -6.4761e+01 -5.1453e+01
-8.7341e+01 -8.4307e+01 -6.5265e+01 -9.6830e+01
-8.7568e+01 -8.6508e+01 -7.7408e+01 -1.0787e+02
# New trial
-8.7463e+01 -8.5479e+01 -7.0475e+01 -6.6931e+01
-8.7397e+01 -8.4814e+01 -6.4413e+01 -5.1422e+01
-8.7304e+01 -8.3887e+01 -5.9405e+01 -6.4009e+01
-8.7444e+01 -8.5267e+01 -6.8280e+01 -1.1143e+02
# New trial
-8.7486e+01 -8.5712e+01 -7.2166e+01 -6.1972e+01
-8.7429e+01 -8.5157e+01 -6.8518e+01 -5.3542e+01
-8.7377e+01 -8.4637e+01 -6.6323e+01 -1.1615e+02
-8.7544e+01 -8.6266e+01 -7.5889e+01 -1.5014e+02
# New trial
-8.7465e+01 -8.5616e+01 -8.5403e+01 -2.6214e+02
-8.7362e+01 -8.4539e+01 -6.6100e+01 -5.1460e+01
-8.7221e+01 -8.3132e+01 -6.0723e+01 -1.0160e+02
-8.7484e+01 -8.5679e+01 -7.1568e+01 -1.2182e+02
# New trial
-8.7396e+01 -8.4950e+01 -7.8228e+01 -1.5869e+02
-8.7355e+01 -8.4471e+01 -6.6137e+01 -5.0930e+01
-8.7357e+01 -8.4441e+01 -6.3570e+01 -9.0614e+01
-8.7599e+01 -8.6813e+01 -8.0543e+01 -2.0252e+02
# New trial
-8.7465e+01 -8.5570e+01 -7.9450e+01 -1.8953e+02
-8.7413e+01 -8.5038e+01 -6.9555e+01 -5.2550e+01
-8.7410e+01 -8.4972e+01 -6.8122e+01 -9.6312e+01
-8.7627e+01 -8.7085e+01 -8.2289e+01 -1.2814e+02
# New trial
-8.7432e+01 -8.5185e+01 -6.9561e+01 -5.9784e+01
-8.7383e+01 -8.4710e+01 -6.5913e+01 -5.0900e+01
-8.7339e+01 -8.4256e+01 -6.5755e+01 -1.4579e+02
-8.7530e+01 -8.6127e+01 -7.7626e+01 -2.2475e+02
# New trial
-8.7432e+01 -8.5187e+01 -7.0373e+01 -7.0181e+01
-8.7389e+01 -8.4761e+01 -6.5677e+01 -5.5891e+01
-8.7372e+01 -8.4573e+01 -6.5121e+01 -9.4962e+01
-8.7554e+01 -8.6363e+01 -7.8254e+01 -1.8504e+02
# New trial
-8.7526e+01 -8.6115e+01 -7.7362e+01 -1.5963e+02
-8.7493e+01 -8.5784e+01 -7.2921e+01 -5.3463e+01
-8.7445e+01 -8.5285e+01 -6.7376e+01 -6.5080e+01
-8.7557e+01 -8.6390e+01 -7.5598e+01 -6.4833e+01
# New trial
-8.7369e+01 -8.4768e+01 -8.0559e+01 -1.9643e+02
-8.7302e+01 -8.3942e+01 -6.4131e+01 -5.2168e+01
-8.7289e+01 -8.3816e+01 -7.2502e+01 -1.9504e+02
-8.7557e+01 -8.6430e+01 -8.6985e+01 -3.0480e+02
# New trial
-8.7388e+01 -8.4753e+01 -6.6046e+01 -5.5616e+01
-8.7441e+01 -8.5269e+01 -6.8941e+01 -5.2910e+01
-8.7527e+01 -8.6110e+01 -7.4944e+01 -1.1485e+02
-8.7651e+01 -8.7330e+01 -8.4735e+01 -1.3361e+02
# New trial
-8.7371e+01 -8.4667e+01 -7.2292e+01 -1.1356e+02
-8.7291e+01 -8.3829e+01 -6.3066e+01 -5.2570e+01
-8.7237e+01 -8.3328e+01 -6.6880e+01 -1.2848e+02
-8.7532e+01 -8.6161e+01 -7.9367e+01 -2.4928e+02
# New trial
-8.7409e+01 -8.4987e+01 -7.2155e+01 -9.2129e+01
-8.7338e+01 -8.4254e+01 -6.3375e+01 -5.1266e+01
-8.7255e+01 -8.3418e+01 -6.2652e+01 -1.3099e+02
-8.7482e+01 -8.5652e+01 -7.5922e+01 -2.1398e+02
# New trial
-8.7463e+01 -8.5490e+01 -7.1848e+01 -8.1699e+01
-8.7478e+01 -8.5634e+01 -7.1608e+01 -5.9965e+01
-8.7531e+01 -8.6151e+01 -7.5652e+01 -1.1778e+02
-8.7641e+01 -8.7222e+01 -8.3304e+01 -1.0322e+02
# New trial
