# 0.01sig - Array shape (trial/sig/alpha): (30, 4, 4)
-1.7072e+02 -1.7036e+02 -1.6734e+02 -1.6203e+02
-1.7071e+02 -1.7024e+02 -1.6653e+02 -1.6172e+02
-1.7068e+02 -1.6998e+02 -1.6502e+02 -1.6187e+02
-1.7072e+02 -1.7033e+02 -1.6700e+02 -1.6605e+02
# New trial
-1.7071e+02 -1.7030e+02 -1.6687e+02 -1.6156e+02
-1.7070e+02 -1.7018e+02 -1.6633e+02 -1.6156e+02
-1.7066e+02 -1.6984e+02 -1.6433e+02 -1.6153e+02
-1.7069e+02 -1.7002e+02 -1.6458e+02 -1.6154e+02
# New trial
-1.7072e+02 -1.7035e+02 -1.6701e+02 -1.6154e+02
-1.7070e+02 -1.7020e+02 -1.6595e+02 -1.6157e+02
-1.7065e+02 -1.6971e+02 -1.6357e+02 -1.6153e+02
-1.7064e+02 -1.6959e+02 -1.6292e+02 -1.6155e+02
# New trial
-1.7070e+02 -1.7022e+02 -1.6625e+02 -1.6220e+02
-1.7068e+02 -1.7002e+02 -1.6533e+02 -1.6200e+02
-1.7064e+02 -1.6961e+02 -1.6374e+02 -1.6197e+02
-1.7069e+02 -1.7006e+02 -1.6510e+02 -1.7017e+02
# New trial
-1.7073e+02 -1.7043e+02 -1.6769e+02 -1.6202e+02
-1.7071e+02 -1.7030e+02 -1.6670e+02 -1.6171e+02
-1.7068e+02 -1.6997e+02 -1.6452e+02 -1.6164e+02
-1.7067e+02 -1.6990e+02 -1.6376e+02 -1.6153e+02
# New trial
-1.7073e+02 -1.7048e+02 -1.6814e+02 -1.6368e+02
-1.7071e+02 -1.7029e+02 -1.6678e+02 -1.6360e+02
-1.7067e+02 -1.6990e+02 -1.6517e+02 -1.7154e+02
-1.7069e+02 -1.7003e+02 -1.6561e+02 -1.8085e+02
# New trial
-1.7073e+02 -1.7043e+02 -1.6778e+02 -1.6279e+02
-1.7072e+02 -1.7033e+02 -1.6717e+02 -1.6472e+02
-1.7070e+02 -1.7015e+02 -1.6629e+02 -1.6780e+02
-1.7072e+02 -1.7035e+02 -1.6715e+02 -1.7319e+02
# New trial
-1.7072e+02 -1.7036e+02 -1.6701e+02 -1.6154e+02
-1.7071e+02 -1.7025e+02 -1.6622e+02 -1.6154e+02
-1.7067e+02 -1.6990e+02 -1.6407e+02 -1.6153e+02
-1.7066e+02 -1.6978e+02 -1.6281e+02 -1.6153e+02
# New trial
-1.7072e+02 -1.7037e+02 -1.6723e+02 -1.6304e+02
-1.7070e+02 -1.7022e+02 -1.6619e+02 -1.6336e+02
-1.7066e+02 -1.6974e+02 -1.6438e+02 -1.6911e+02
-1.7065e+02 -1.6968e+02 -1.6393e+02 -1.7433e+02
# New trial
-1.7072e+02 -1.7032e+02 -1.6691e+02 -1.6162e+02
-1.7070e+02 -1.7020e+02 -1.6624e+02 -1.6156e+02
-1.7068e+02 -1.6997e+02 -1.6512e+02 -1.6636e+02
-1.7070e+02 -1.7022e+02 -1.6698e+02 -1.8793e+02
# New trial
-1.7070e+02 -1.7021e+02 -1.6631e+02 -1.6154e+02
-1.7069e+02 -1.7007e+02 -1.6585e+02 -1.6162e+02
-1.7065e+02 -1.6973e+02 -1.6442e+02 -1.6517e+02
-1.7070e+02 -1.7017e+02 -1.6672e+02 -1.9063e+02
# New trial
-1.7073e+02 -1.7050e+02 -1.6830e+02 -1.6172e+02
-1.7073e+02 -1.7045e+02 -1.6783e+02 -1.6162e+02
-1.7071e+02 -1.7027e+02 -1.6620e+02 -1.6153e+02
-1.7070e+02 -1.7021e+02 -1.6568e+02 -1.6159e+02
# New trial
-1.7073e+02 -1.7045e+02 -1.6776e+02 -1.6191e+02
-1.7071e+02 -1.7030e+02 -1.6659e+02 -1.6453e+02
-1.7067e+02 -1.6986e+02 -1.6441e+02 -1.7350e+02
-1.7066e+02 -1.6973e+02 -1.6275e+02 -1.6153e+02
# New trial
-1.7074e+02 -1.7054e+02 -1.6859e+02 -1.6334e+02
-1.7073e+02 -1.7045e+02 -1.6781e+02 -1.6492e+02
-1.7071e+02 -1.7022e+02 -1.6589e+02 -1.6519e+02
-1.7070e+02 -1.7020e+02 -1.6565e+02 -1.6241e+02
# New trial
-1.7073e+02 -1.7051e+02 -1.6835e+02 -1.6285e+02
-1.7073e+02 -1.7043e+02 -1.6754e+02 -1.6201e+02
-1.7070e+02 -1.7013e+02 -1.6505e+02 -1.6154e+02
-1.7070e+02 -1.7013e+02 -1.6533e+02 -1.7157e+02
# New trial
-1.7072e+02 -1.7033e+02 -1.6731e+02 -1.6273e+02
-1.7070e+02 -1.7018e+02 -1.6659e+02 -1.6290e+02
-1.7067e+02 -1.6993e+02 -1.6542e+02 -1.7251e+02
-1.7072e+02 -1.7038e+02 -1.6743e+02 -1.7215e+02
# New trial
-1.7071e+02 -1.7031e+02 -1.6673e+02 -1.6166e+02
-1.7070e+02 -1.7016e+02 -1.6598e+02 -1.6300e+02
-1.7067e+02 -1.6988e+02 -1.6419e+02 -1.6169e+02
-1.7069e+02 -1.7006e+02 -1.6439e+02 -1.6153e+02
# New trial
-1.7071e+02 -1.7028e+02 -1.6682e+02 -1.6156e+02
-1.7069e+02 -1.7013e+02 -1.6619e+02 -1.6175e+02
-1.7067e+02 -1.6985e+02 -1.6525e+02 -1.7057e+02
-1.7069e+02 -1.7006e+02 -1.6534e+02 -1.6950e+02
# New trial
-1.7070e+02 -1.7021e+02 -1.6658e+02 -1.6537e+02
-1.7069e+02 -1.7004e+02 -1.6591e+02 -1.7159e+02
-1.7070e+02 -1.7020e+02 -1.6949e+02 -2.2516e+02
-1.7075e+02 -1.7067e+02 -1.7215e+02 -2.5045e+02
# New trial
-1.7072e+02 -1.7036e+02 -1.6719e+02 -1.6175e+02
-1.7071e+02 -1.7025e+02 -1.6655e+02 -1.6190e+02
-1.7068e+02 -1.6998e+02 -1.6493e+02 -1.6556e+02
-1.7070e+02 -1.7019e+02 -1.6659e+02 -1.9333e+02
# New trial
-1.7069e+02 -1.7008e+02 -1.6589e+02 -1.6154e+02
-1.7067e+02 -1.6991e+02 -1.6560e+02 -1.6158e+02
-1.7065e+02 -1.6968e+02 -1.6411e+02 -1.6157e+02
-1.7070e+02 -1.7018e+02 -1.6627e+02 -1.8353e+02
# New trial
-1.7073e+02 -1.7042e+02 -1.6758e+02 -1.6286e+02
-1.7071e+02 -1.7029e+02 -1.6668e+02 -1.6250e+02
-1.7068e+02 -1.6996e+02 -1.6467e+02 -1.6342e+02
-1.7070e+02 -1.7014e+02 -1.6564e+02 -1.6840e+02
# New trial
-1.7074e+02 -1.7058e+02 -1.6900e+02 -1.6405e+02
-1.7073e+02 -1.7048e+02 -1.6807e+02 -1.6291e+02
-1.7071e+02 -1.7022e+02 -1.6602e+02 -1.6186e+02
-1.7070e+02 -1.7017e+02 -1.6646e+02 -1.8132e+02
# New trial
-1.7068e+02 -1.7000e+02 -1.6563e+02 -1.6168e+02
-1.7066e+02 -1.6980e+02 -1.6502e+02 -1.6166e+02
-1.7063e+02 -1.6953e+02 -1.6340e+02 -1.6156e+02
-1.7070e+02 -1.7015e+02 -1.6619e+02 -1.6963e+02
# New trial
-1.7073e+02 -1.7045e+02 -1.6785e+02 -1.6210e+02
-1.7071e+02 -1.7029e+02 -1.6681e+02 -1.6470e+02
-1.7067e+02 -1.6993e+02 -1.6461e+02 -1.6780e+02
-1.7070e+02 -1.7013e+02 -1.6523e+02 -1.6153e+02
# New trial
-1.7074e+02 -1.7052e+02 -1.6847e+02 -1.6352e+02
-1.7073e+02 -1.7044e+02 -1.6776e+02 -1.6407e+02
-1.7071e+02 -1.7025e+02 -1.6664e+02 -1.7174e+02
-1.7073e+02 -1.7051e+02 -1.6903e+02 -2.0247e+02
# New trial
-1.7073e+02 -1.7048e+02 -1.6812e+02 -1.6252e+02
-1.7072e+02 -1.7033e+02 -1.6684e+02 -1.6210e+02
-1.7068e+02 -1.6995e+02 -1.6471e+02 -1.6782e+02
-1.7069e+02 -1.7009e+02 -1.6641e+02 -1.9379e+02
# New trial
-1.7073e+02 -1.7048e+02 -1.6814e+02 -1.6200e+02
-1.7072e+02 -1.7035e+02 -1.6716e+02 -1.6184e+02
-1.7069e+02 -1.7006e+02 -1.6567e+02 -1.7064e+02
-1.7069e+02 -1.7011e+02 -1.6642e+02 -1.9288e+02
# New trial
-1.7074e+02 -1.7056e+02 -1.6887e+02 -1.6405e+02
-1.7074e+02 -1.7052e+02 -1.6852e+02 -1.6586e+02
-1.7072e+02 -1.7040e+02 -1.6763e+02 -1.7013e+02
-1.7073e+02 -1.7049e+02 -1.6838e+02 -1.7694e+02
# New trial
-1.7072e+02 -1.7035e+02 -1.6717e+02 -1.6174e+02
-1.7071e+02 -1.7024e+02 -1.6641e+02 -1.6161e+02
-1.7067e+02 -1.6987e+02 -1.6407e+02 -1.6154e+02
-1.7068e+02 -1.6996e+02 -1.6433e+02 -1.6606e+02
# New trial
