# 0.01sig - Array shape (trial/sig/alpha): (30, 4, 4)
-1.6525e+02 -1.5746e+02 -1.0463e+02 -5.1845e+01
-1.6518e+02 -1.5681e+02 -1.0080e+02 -7.9013e+01
-1.6520e+02 -1.5694e+02 -1.0384e+02 -2.3632e+02
-1.6582e+02 -1.6297e+02 -1.4063e+02 -4.2925e+02
# New trial
-1.6514e+02 -1.5637e+02 -9.8909e+01 -6.0108e+01
-1.6504e+02 -1.5544e+02 -9.9449e+01 -1.0239e+02
-1.6510e+02 -1.5592e+02 -9.6591e+01 -1.8214e+02
-1.6578e+02 -1.6250e+02 -1.3274e+02 -1.7592e+02
# New trial
-1.6521e+02 -1.5701e+02 -1.0341e+02 -5.4170e+01
-1.6500e+02 -1.5508e+02 -9.7186e+01 -9.6316e+01
-1.6474e+02 -1.5244e+02 -9.3858e+01 -2.6962e+02
-1.6542e+02 -1.5900e+02 -1.2182e+02 -5.5892e+02
# New trial
-1.6505e+02 -1.5572e+02 -9.9068e+01 -5.5089e+01
-1.6492e+02 -1.5466e+02 -1.0113e+02 -1.3268e+02
-1.6500e+02 -1.5543e+02 -1.2358e+02 -5.1624e+02
-1.6579e+02 -1.6269e+02 -1.4439e+02 -5.2757e+02
# New trial
-1.6544e+02 -1.5923e+02 -1.1166e+02 -4.9416e+01
-1.6524e+02 -1.5731e+02 -1.0010e+02 -5.6701e+01
-1.6498e+02 -1.5476e+02 -9.0636e+01 -1.8191e+02
-1.6534e+02 -1.5817e+02 -1.0395e+02 -1.5545e+02
# New trial
-1.6530e+02 -1.5788e+02 -1.0718e+02 -6.4168e+01
-1.6514e+02 -1.5640e+02 -1.0192e+02 -1.1094e+02
-1.6489e+02 -1.5399e+02 -1.0587e+02 -3.4351e+02
-1.6543e+02 -1.5916e+02 -1.2622e+02 -4.6683e+02
# New trial
-1.6533e+02 -1.5825e+02 -1.0948e+02 -5.0522e+01
-1.6524e+02 -1.5739e+02 -1.0935e+02 -1.0888e+02
-1.6534e+02 -1.5826e+02 -1.0971e+02 -2.1315e+02
-1.6587e+02 -1.6345e+02 -1.4065e+02 -1.5422e+02
# New trial
-1.6524e+02 -1.5739e+02 -1.0515e+02 -4.9557e+01
-1.6513e+02 -1.5627e+02 -9.7360e+01 -5.5192e+01
-1.6503e+02 -1.5525e+02 -9.5167e+01 -1.9724e+02
-1.6559e+02 -1.6063e+02 -1.2555e+02 -3.9078e+02
# New trial
-1.6516e+02 -1.5653e+02 -9.5797e+01 -4.7782e+01
-1.6497e+02 -1.5464e+02 -8.2416e+01 -5.2590e+01
-1.6464e+02 -1.5137e+02 -7.1296e+01 -1.0022e+02
-1.6539e+02 -1.5865e+02 -1.0627e+02 -1.5641e+02
# New trial
-1.6519e+02 -1.5693e+02 -1.0596e+02 -6.2575e+01
-1.6517e+02 -1.5681e+02 -1.0757e+02 -1.3348e+02
-1.6525e+02 -1.5753e+02 -1.2153e+02 -4.7496e+02
-1.6584e+02 -1.6318e+02 -1.4624e+02 -5.4537e+02
# New trial
-1.6504e+02 -1.5570e+02 -1.0458e+02 -6.3527e+01
-1.6499e+02 -1.5535e+02 -1.1209e+02 -2.5450e+02
-1.6514e+02 -1.5676e+02 -1.3415e+02 -6.1467e+02
-1.6592e+02 -1.6395e+02 -1.5440e+02 -6.0190e+02
# New trial
-1.6556e+02 -1.6036e+02 -1.1764e+02 -4.9799e+01
-1.6559e+02 -1.6064e+02 -1.1945e+02 -8.6753e+01
-1.6559e+02 -1.6067e+02 -1.1874e+02 -1.4589e+02
-1.6582e+02 -1.6295e+02 -1.3568e+02 -1.2813e+02
# New trial
-1.6530e+02 -1.5781e+02 -1.0400e+02 -5.4815e+01
-1.6513e+02 -1.5620e+02 -9.7224e+01 -9.9401e+01
-1.6480e+02 -1.5294e+02 -9.3028e+01 -2.6323e+02
-1.6533e+02 -1.5816e+02 -1.2821e+02 -5.6368e+02
# New trial
-1.6558e+02 -1.6061e+02 -1.2036e+02 -5.4807e+01
-1.6546e+02 -1.5941e+02 -1.1156e+02 -6.4347e+01
-1.6527e+02 -1.5752e+02 -1.0105e+02 -1.4066e+02
-1.6549e+02 -1.5970e+02 -1.1597e+02 -3.5001e+02
# New trial
-1.6549e+02 -1.5961e+02 -1.0971e+02 -5.8087e+01
-1.6545e+02 -1.5928e+02 -1.0656e+02 -6.7545e+01
-1.6533e+02 -1.5810e+02 -9.7239e+01 -1.0100e+02
-1.6559e+02 -1.6063e+02 -1.1662e+02 -9.2906e+01
# New trial
-1.6509e+02 -1.5604e+02 -1.0160e+02 -5.3807e+01
-1.6499e+02 -1.5522e+02 -1.0374e+02 -1.3922e+02
-1.6505e+02 -1.5568e+02 -1.1431e+02 -3.5691e+02
-1.6580e+02 -1.6272e+02 -1.4642e+02 -6.8948e+02
# New trial
-1.6528e+02 -1.5772e+02 -1.0511e+02 -5.1592e+01
-1.6519e+02 -1.5697e+02 -1.0764e+02 -1.2560e+02
-1.6517e+02 -1.5682e+02 -1.0959e+02 -3.0444e+02
-1.6572e+02 -1.6195e+02 -1.3104e+02 -2.6819e+02
# New trial
-1.6502e+02 -1.5552e+02 -1.0290e+02 -5.2848e+01
-1.6492e+02 -1.5471e+02 -1.0434e+02 -1.7182e+02
-1.6492e+02 -1.5453e+02 -1.1092e+02 -4.3431e+02
-1.6569e+02 -1.6176e+02 -1.3433e+02 -3.2484e+02
# New trial
-1.6550e+02 -1.5982e+02 -1.1472e+02 -6.5522e+01
-1.6541e+02 -1.5895e+02 -1.1096e+02 -1.0098e+02
-1.6533e+02 -1.5808e+02 -1.0790e+02 -2.1104e+02
-1.6573e+02 -1.6199e+02 -1.2877e+02 -1.9559e+02
# New trial
-1.6533e+02 -1.5814e+02 -1.0615e+02 -6.2780e+01
-1.6530e+02 -1.5785e+02 -1.0516e+02 -9.3004e+01
-1.6529e+02 -1.5774e+02 -1.0555e+02 -2.3296e+02
-1.6577e+02 -1.6241e+02 -1.3622e+02 -3.7588e+02
# New trial
-1.6474e+02 -1.5299e+02 -9.5758e+01 -5.5971e+01
-1.6467e+02 -1.5252e+02 -1.0292e+02 -1.5581e+02
-1.6502e+02 -1.5560e+02 -1.2216e+02 -4.5524e+02
-1.6588e+02 -1.6363e+02 -1.5091e+02 -4.9349e+02
# New trial
-1.6529e+02 -1.5781e+02 -1.0732e+02 -6.0117e+01
-1.6524e+02 -1.5733e+02 -1.0751e+02 -1.2146e+02
-1.6517e+02 -1.5668e+02 -1.0894e+02 -3.0000e+02
-1.6575e+02 -1.6223e+02 -1.3311e+02 -2.7799e+02
# New trial
-1.6563e+02 -1.6104e+02 -1.2323e+02 -5.8637e+01
-1.6555e+02 -1.6024e+02 -1.1643e+02 -8.8201e+01
-1.6540e+02 -1.5872e+02 -1.0243e+02 -1.3657e+02
-1.6554e+02 -1.6016e+02 -1.1388e+02 -1.9625e+02
# New trial
-1.6474e+02 -1.5311e+02 -9.8525e+01 -5.3854e+01
-1.6471e+02 -1.5313e+02 -1.0886e+02 -2.0410e+02
-1.6519e+02 -1.5740e+02 -1.4228e+02 -6.3815e+02
-1.6598e+02 -1.6455e+02 -1.5942e+02 -6.5584e+02
# New trial
-1.6544e+02 -1.5923e+02 -1.1390e+02 -8.1189e+01
-1.6526e+02 -1.5758e+02 -1.0737e+02 -1.3951e+02
-1.6508e+02 -1.5586e+02 -1.1177e+02 -4.1312e+02
-1.6568e+02 -1.6158e+02 -1.3352e+02 -4.3192e+02
# New trial
-1.6544e+02 -1.5930e+02 -1.1622e+02 -7.5272e+01
-1.6543e+02 -1.5921e+02 -1.1574e+02 -1.2960e+02
-1.6539e+02 -1.5877e+02 -1.1563e+02 -3.0916e+02
-1.6578e+02 -1.6259e+02 -1.3823e+02 -4.2653e+02
# New trial
-1.6550e+02 -1.5979e+02 -1.1395e+02 -5.1009e+01
-1.6532e+02 -1.5805e+02 -1.0293e+02 -7.4234e+01
-1.6510e+02 -1.5592e+02 -9.4690e+01 -2.3217e+02
-1.6545e+02 -1.5930e+02 -1.1688e+02 -4.0473e+02
# New trial
-1.6547e+02 -1.5953e+02 -1.1009e+02 -4.8674e+01
-1.6525e+02 -1.5732e+02 -9.8162e+01 -5.4116e+01
-1.6493e+02 -1.5425e+02 -8.1732e+01 -9.8326e+01
-1.6539e+02 -1.5867e+02 -1.0361e+02 -1.2990e+02
# New trial
-1.6551e+02 -1.5987e+02 -1.1733e+02 -5.5091e+01
-1.6553e+02 -1.6009e+02 -1.1621e+02 -6.8956e+01
-1.6550e+02 -1.5978e+02 -1.1289e+02 -1.6622e+02
-1.6579e+02 -1.6265e+02 -1.3370e+02 -1.7222e+02
# New trial
-1.6520e+02 -1.5699e+02 -1.0502e+02 -8.6213e+01
-1.6518e+02 -1.5672e+02 -1.0449e+02 -1.6101e+02
-1.6523e+02 -1.5717e+02 -1.1630e+02 -4.1532e+02
-1.6580e+02 -1.6273e+02 -1.4002e+02 -3.9587e+02
# New trial
