# 0.1sig - Array shape (trial/sig/alpha): (30, 4, 4)
-1.3764e+02 -1.3137e+02 -1.3640e+02 -7.8450e+02
-1.3757e+02 -1.3035e+02 -1.0351e+02 -3.2528e+02
-1.3747e+02 -1.2920e+02 -9.8822e+01 -4.9130e+02
-1.3806e+02 -1.3473e+02 -1.1646e+02 -3.8616e+02
# New trial
-1.3786e+02 -1.3288e+02 -1.0999e+02 -2.7651e+02
-1.3777e+02 -1.3196e+02 -9.6253e+01 -1.7095e+02
-1.3758e+02 -1.2992e+02 -7.4562e+01 -1.2843e+02
-1.3782e+02 -1.3213e+02 -9.1521e+01 -3.3609e+02
# New trial
-1.3794e+02 -1.3371e+02 -1.3510e+02 -5.9099e+02
-1.3771e+02 -1.3123e+02 -9.4516e+01 -2.9856e+02
-1.3728e+02 -1.2689e+02 -6.7022e+01 -2.8866e+02
-1.3750e+02 -1.2897e+02 -7.7978e+01 -2.9693e+02
# New trial
-1.3783e+02 -1.3250e+02 -1.2237e+02 -6.8177e+02
-1.3770e+02 -1.3106e+02 -9.1729e+01 -3.3605e+02
-1.3741e+02 -1.2815e+02 -7.7022e+01 -4.1071e+02
-1.3759e+02 -1.2997e+02 -9.7719e+01 -5.4438e+02
# New trial
-1.3802e+02 -1.3466e+02 -1.4422e+02 -7.5891e+02
-1.3790e+02 -1.3315e+02 -1.0330e+02 -1.8410e+02
-1.3772e+02 -1.3127e+02 -8.2965e+01 -1.4254e+02
-1.3796e+02 -1.3356e+02 -9.5224e+01 -8.2454e+01
# New trial
-1.3804e+02 -1.3447e+02 -1.1940e+02 -3.6457e+02
-1.3790e+02 -1.3312e+02 -1.0136e+02 -1.8560e+02
-1.3778e+02 -1.3176e+02 -8.2415e+01 -1.1651e+02
-1.3811e+02 -1.3505e+02 -1.0678e+02 -1.2682e+02
# New trial
-1.3786e+02 -1.3279e+02 -1.0502e+02 -2.2390e+02
-1.3779e+02 -1.3209e+02 -9.4425e+01 -1.8059e+02
-1.3762e+02 -1.3024e+02 -7.4714e+01 -1.5140e+02
-1.3792e+02 -1.3313e+02 -9.1564e+01 -9.8806e+01
# New trial
-1.3776e+02 -1.3207e+02 -1.4057e+02 -7.7090e+02
-1.3772e+02 -1.3145e+02 -1.0119e+02 -2.9287e+02
-1.3769e+02 -1.3102e+02 -9.7241e+01 -4.3422e+02
-1.3814e+02 -1.3537e+02 -1.1868e+02 -5.2116e+02
# New trial
-1.3758e+02 -1.3065e+02 -1.1026e+02 -3.7443e+02
-1.3745e+02 -1.2926e+02 -9.4396e+01 -2.9304e+02
-1.3735e+02 -1.2786e+02 -7.9332e+01 -3.2956e+02
-1.3804e+02 -1.3437e+02 -1.0803e+02 -3.7352e+02
# New trial
-1.3784e+02 -1.3269e+02 -1.1355e+02 -3.7056e+02
-1.3774e+02 -1.3157e+02 -9.9597e+01 -2.7979e+02
-1.3754e+02 -1.2951e+02 -8.0036e+01 -2.2049e+02
-1.3784e+02 -1.3241e+02 -9.7877e+01 -3.1687e+02
# New trial
-1.3803e+02 -1.3456e+02 -1.2030e+02 -3.5854e+02
-1.3786e+02 -1.3277e+02 -1.0137e+02 -3.0754e+02
-1.3744e+02 -1.2844e+02 -6.6680e+01 -1.5411e+02
-1.3765e+02 -1.3045e+02 -7.7402e+01 -1.0469e+02
# New trial
-1.3784e+02 -1.3294e+02 -1.3349e+02 -6.0536e+02
-1.3771e+02 -1.3151e+02 -1.1064e+02 -3.6250e+02
-1.3762e+02 -1.3040e+02 -9.7541e+01 -4.6388e+02
-1.3810e+02 -1.3496e+02 -1.1040e+02 -2.9263e+02
# New trial
-1.3788e+02 -1.3339e+02 -1.4837e+02 -8.5836e+02
-1.3784e+02 -1.3263e+02 -1.0681e+02 -3.3881e+02
-1.3773e+02 -1.3135e+02 -9.5081e+01 -4.4845e+02
-1.3811e+02 -1.3506e+02 -1.1145e+02 -3.7190e+02
# New trial
-1.3811e+02 -1.3537e+02 -1.3412e+02 -4.9198e+02
-1.3796e+02 -1.3359e+02 -1.0204e+02 -2.2519e+02
-1.3768e+02 -1.3085e+02 -8.0977e+01 -2.6736e+02
-1.3770e+02 -1.3102e+02 -8.6010e+01 -2.2201e+02
# New trial
-1.3757e+02 -1.3090e+02 -1.3364e+02 -6.2726e+02
-1.3731e+02 -1.2805e+02 -1.0021e+02 -3.9109e+02
-1.3709e+02 -1.2545e+02 -7.7642e+01 -3.4174e+02
-1.3780e+02 -1.3221e+02 -1.0733e+02 -4.9680e+02
# New trial
-1.3781e+02 -1.3301e+02 -1.5826e+02 -9.2844e+02
-1.3754e+02 -1.2991e+02 -9.8251e+01 -3.9206e+02
-1.3717e+02 -1.2605e+02 -8.0127e+01 -4.1582e+02
-1.3773e+02 -1.3130e+02 -1.2037e+02 -8.9513e+02
# New trial
-1.3785e+02 -1.3295e+02 -1.2556e+02 -5.6171e+02
-1.3773e+02 -1.3161e+02 -1.0235e+02 -3.6383e+02
-1.3754e+02 -1.2953e+02 -8.2660e+01 -2.9346e+02
-1.3788e+02 -1.3276e+02 -9.5721e+01 -3.2351e+02
# New trial
-1.3803e+02 -1.3436e+02 -1.2350e+02 -4.4610e+02
-1.3791e+02 -1.3314e+02 -1.0515e+02 -2.6763e+02
-1.3763e+02 -1.3038e+02 -8.5946e+01 -2.9664e+02
-1.3768e+02 -1.3083e+02 -9.2339e+01 -3.7786e+02
# New trial
-1.3796e+02 -1.3369e+02 -1.0726e+02 -2.9208e+02
-1.3784e+02 -1.3243e+02 -9.4164e+01 -2.0178e+02
-1.3771e+02 -1.3108e+02 -7.9395e+01 -1.6435e+02
-1.3800e+02 -1.3397e+02 -9.8105e+01 -1.2776e+02
# New trial
-1.3797e+02 -1.3429e+02 -1.5643e+02 -8.3733e+02
-1.3778e+02 -1.3208e+02 -1.0289e+02 -2.6681e+02
-1.3743e+02 -1.2852e+02 -7.4098e+01 -2.6960e+02
-1.3780e+02 -1.3201e+02 -8.7931e+01 -2.5085e+02
# New trial
-1.3789e+02 -1.3335e+02 -1.3544e+02 -6.7422e+02
-1.3779e+02 -1.3217e+02 -1.0539e+02 -3.2512e+02
-1.3768e+02 -1.3098e+02 -9.2383e+01 -3.7372e+02
-1.3806e+02 -1.3454e+02 -1.0670e+02 -3.2921e+02
# New trial
-1.3800e+02 -1.3425e+02 -1.3007e+02 -5.4714e+02
-1.3786e+02 -1.3283e+02 -1.0674e+02 -2.8393e+02
-1.3767e+02 -1.3086e+02 -8.6840e+01 -2.8997e+02
-1.3801e+02 -1.3410e+02 -1.0615e+02 -3.2154e+02
# New trial
-1.3788e+02 -1.3285e+02 -1.0550e+02 -2.9946e+02
-1.3777e+02 -1.3180e+02 -9.0327e+01 -2.3836e+02
-1.3761e+02 -1.3012e+02 -7.9618e+01 -2.7399e+02
-1.3791e+02 -1.3309e+02 -9.5779e+01 -3.4140e+02
# New trial
-1.3786e+02 -1.3283e+02 -1.0684e+02 -2.2989e+02
-1.3784e+02 -1.3251e+02 -9.7489e+01 -1.7376e+02
-1.3777e+02 -1.3170e+02 -9.0604e+01 -3.0960e+02
-1.3803e+02 -1.3430e+02 -1.0584e+02 -3.2501e+02
# New trial
-1.3799e+02 -1.3396e+02 -1.1807e+02 -5.8717e+02
-1.3798e+02 -1.3386e+02 -1.0535e+02 -1.8110e+02
-1.3791e+02 -1.3311e+02 -9.4185e+01 -1.6814e+02
-1.3809e+02 -1.3485e+02 -1.0609e+02 -1.4651e+02
# New trial
-1.3796e+02 -1.3432e+02 -1.5266e+02 -7.6532e+02
-1.3769e+02 -1.3105e+02 -9.1146e+01 -2.6645e+02
-1.3746e+02 -1.2862e+02 -7.2158e+01 -2.3636e+02
-1.3776e+02 -1.3157e+02 -9.1093e+01 -2.2095e+02
# New trial
-1.3789e+02 -1.3293e+02 -1.0366e+02 -3.1084e+02
-1.3794e+02 -1.3341e+02 -1.0053e+02 -2.0834e+02
-1.3801e+02 -1.3412e+02 -1.0197e+02 -2.2545e+02
-1.3829e+02 -1.3681e+02 -1.2314e+02 -1.3770e+02
# New trial
-1.3791e+02 -1.3378e+02 -1.4624e+02 -7.7131e+02
-1.3770e+02 -1.3139e+02 -1.0616e+02 -4.4112e+02
-1.3737e+02 -1.2788e+02 -7.8828e+01 -2.9744e+02
-1.3769e+02 -1.3097e+02 -8.7117e+01 -1.6612e+02
# New trial
-1.3787e+02 -1.3286e+02 -1.1398e+02 -4.3992e+02
-1.3774e+02 -1.3151e+02 -9.4407e+01 -3.5219e+02
-1.3747e+02 -1.2873e+02 -7.0542e+01 -2.0570e+02
-1.3767e+02 -1.3068e+02 -8.0894e+01 -1.3019e+02
# New trial
-1.3793e+02 -1.3346e+02 -1.1303e+02 -3.5090e+02
-1.3793e+02 -1.3340e+02 -1.0168e+02 -1.9429e+02
-1.3802e+02 -1.3419e+02 -1.0320e+02 -2.1419e+02
-1.3826e+02 -1.3653e+02 -1.2070e+02 -2.1401e+02
# New trial
