# 0.01sig - Array shape (trial/sig/alpha): (30L, 4L, 4L)
-9.2238e+01 -9.1670e+01 -8.7593e+01 -8.3672e+01
-9.2224e+01 -9.1534e+01 -8.6897e+01 -8.5515e+01
-9.2217e+01 -9.1470e+01 -8.7528e+01 -1.0618e+02
-9.2277e+01 -9.2058e+01 -9.1599e+01 -1.5546e+02
# New trial
-9.2226e+01 -9.1558e+01 -8.6783e+01 -8.3242e+01
-9.2208e+01 -9.1381e+01 -8.6237e+01 -8.3722e+01
-9.2218e+01 -9.1485e+01 -8.6843e+01 -8.8417e+01
-9.2288e+01 -9.2169e+01 -9.1567e+01 -1.2534e+02
# New trial
-9.2234e+01 -9.1632e+01 -8.7505e+01 -8.3111e+01
-9.2206e+01 -9.1366e+01 -8.6209e+01 -8.3086e+01
-9.2174e+01 -9.1051e+01 -8.5937e+01 -9.8886e+01
-9.2265e+01 -9.1941e+01 -9.0780e+01 -1.4331e+02
# New trial
-9.2188e+01 -9.1198e+01 -8.5265e+01 -8.3073e+01
-9.2192e+01 -9.1265e+01 -8.7119e+01 -1.0079e+02
-9.2231e+01 -9.1649e+01 -9.1127e+01 -1.4912e+02
-9.2297e+01 -9.2257e+01 -9.2658e+01 -1.4582e+02
# New trial
-9.2243e+01 -9.1711e+01 -8.7345e+01 -8.4128e+01
-9.2227e+01 -9.1562e+01 -8.6503e+01 -8.5660e+01
-9.2209e+01 -9.1386e+01 -8.6338e+01 -9.1806e+01
-9.2257e+01 -9.1851e+01 -8.8376e+01 -9.1081e+01
# New trial
-9.2231e+01 -9.1592e+01 -8.6380e+01 -8.3074e+01
-9.2199e+01 -9.1293e+01 -8.5430e+01 -8.3089e+01
-9.2168e+01 -9.0986e+01 -8.5299e+01 -8.4693e+01
-9.2266e+01 -9.1943e+01 -8.9207e+01 -9.7757e+01
# New trial
-9.2243e+01 -9.1725e+01 -8.7981e+01 -8.3536e+01
-9.2230e+01 -9.1600e+01 -8.7755e+01 -8.5290e+01
-9.2237e+01 -9.1672e+01 -8.8479e+01 -1.0931e+02
-9.2291e+01 -9.2194e+01 -9.1435e+01 -1.0412e+02
# New trial
-9.2235e+01 -9.1647e+01 -8.7549e+01 -8.3238e+01
-9.2220e+01 -9.1492e+01 -8.6598e+01 -8.3225e+01
-9.2197e+01 -9.1265e+01 -8.5765e+01 -9.2206e+01
-9.2263e+01 -9.1915e+01 -8.9877e+01 -1.2617e+02
# New trial
-9.2225e+01 -9.1547e+01 -8.6630e+01 -8.3514e+01
-9.2201e+01 -9.1306e+01 -8.5229e+01 -8.3187e+01
-9.2163e+01 -9.0937e+01 -8.4308e+01 -8.3080e+01
-9.2265e+01 -9.1929e+01 -8.8950e+01 -8.8202e+01
# New trial
-9.2224e+01 -9.1539e+01 -8.7214e+01 -8.3407e+01
-9.2193e+01 -9.1242e+01 -8.5670e+01 -8.3148e+01
-9.2181e+01 -9.1124e+01 -8.5132e+01 -8.4206e+01
-9.2285e+01 -9.2136e+01 -9.1019e+01 -1.1565e+02
# New trial
-9.2222e+01 -9.1544e+01 -8.8060e+01 -8.6331e+01
-9.2222e+01 -9.1562e+01 -8.9270e+01 -1.1240e+02
-9.2248e+01 -9.1815e+01 -9.1554e+01 -1.3664e+02
-9.2295e+01 -9.2236e+01 -9.2142e+01 -1.1609e+02
# New trial
-9.2256e+01 -9.1843e+01 -8.8222e+01 -8.3161e+01
-9.2251e+01 -9.1789e+01 -8.7824e+01 -8.3230e+01
-9.2253e+01 -9.1816e+01 -8.7930e+01 -8.3319e+01
-9.2291e+01 -9.2190e+01 -9.1189e+01 -8.4128e+01
# New trial
-9.2243e+01 -9.1714e+01 -8.7683e+01 -8.4410e+01
-9.2224e+01 -9.1541e+01 -8.7300e+01 -9.1020e+01
-9.2189e+01 -9.1206e+01 -8.7543e+01 -1.0622e+02
-9.2249e+01 -9.1778e+01 -8.9641e+01 -1.2688e+02
# New trial
-9.2258e+01 -9.1860e+01 -8.8392e+01 -8.3146e+01
-9.2245e+01 -9.1737e+01 -8.7431e+01 -8.3132e+01
-9.2224e+01 -9.1525e+01 -8.5789e+01 -8.3075e+01
-9.2249e+01 -9.1775e+01 -8.7550e+01 -8.3081e+01
# New trial
-9.2244e+01 -9.1724e+01 -8.7300e+01 -8.3181e+01
-9.2232e+01 -9.1607e+01 -8.6659e+01 -8.3531e+01
-9.2212e+01 -9.1405e+01 -8.5726e+01 -8.9489e+01
-9.2268e+01 -9.1961e+01 -8.9347e+01 -1.1002e+02
# New trial
-9.2216e+01 -9.1473e+01 -8.7037e+01 -8.8603e+01
-9.2195e+01 -9.1280e+01 -8.6438e+01 -8.7114e+01
-9.2187e+01 -9.1205e+01 -8.7158e+01 -1.0591e+02
-9.2277e+01 -9.2055e+01 -9.0666e+01 -1.2582e+02
# New trial
-9.2220e+01 -9.1491e+01 -8.6137e+01 -8.3318e+01
-9.2201e+01 -9.1316e+01 -8.5900e+01 -8.3408e+01
-9.2203e+01 -9.1345e+01 -8.6986e+01 -1.0284e+02
-9.2286e+01 -9.2147e+01 -9.1264e+01 -1.2072e+02
# New trial
-9.2218e+01 -9.1501e+01 -8.7461e+01 -9.6292e+01
-9.2214e+01 -9.1484e+01 -8.8467e+01 -1.1030e+02
-9.2239e+01 -9.1736e+01 -9.2527e+01 -1.6410e+02
-9.2294e+01 -9.2231e+01 -9.2260e+01 -1.2737e+02
# New trial
-9.2261e+01 -9.1891e+01 -8.8423e+01 -8.3128e+01
-9.2249e+01 -9.1767e+01 -8.7445e+01 -8.3101e+01
-9.2221e+01 -9.1493e+01 -8.5804e+01 -9.0837e+01
-9.2248e+01 -9.1766e+01 -8.8149e+01 -1.1396e+02
# New trial
-9.2252e+01 -9.1807e+01 -8.8834e+01 -9.3934e+01
-9.2242e+01 -9.1719e+01 -8.8554e+01 -1.0255e+02
-9.2258e+01 -9.1872e+01 -9.1702e+01 -1.6300e+02
-9.2296e+01 -9.2236e+01 -9.2059e+01 -1.4057e+02
# New trial
-9.2171e+01 -9.1081e+01 -8.6128e+01 -8.3749e+01
-9.2148e+01 -9.0884e+01 -8.5801e+01 -8.3779e+01
-9.2176e+01 -9.1109e+01 -8.6601e+01 -9.8922e+01
-9.2290e+01 -9.2182e+01 -9.1346e+01 -1.0946e+02
# New trial
-9.2242e+01 -9.1706e+01 -8.7703e+01 -8.5251e+01
-9.2226e+01 -9.1557e+01 -8.7398e+01 -8.8395e+01
-9.2206e+01 -9.1374e+01 -8.6455e+01 -9.6155e+01
-9.2269e+01 -9.1975e+01 -8.9422e+01 -8.6068e+01
# New trial
-9.2264e+01 -9.1919e+01 -8.8651e+01 -8.3073e+01
-9.2250e+01 -9.1786e+01 -8.7600e+01 -8.3073e+01
-9.2228e+01 -9.1562e+01 -8.5803e+01 -8.3072e+01
-9.2257e+01 -9.1853e+01 -8.8096e+01 -8.6682e+01
# New trial
-9.2162e+01 -9.0982e+01 -8.5075e+01 -8.3072e+01
-9.2184e+01 -9.1233e+01 -8.8112e+01 -9.5053e+01
-9.2275e+01 -9.2102e+01 -9.5770e+01 -1.9145e+02
-9.2304e+01 -9.2322e+01 -9.3191e+01 -1.4422e+02
# New trial
-9.2254e+01 -9.1829e+01 -8.8697e+01 -8.7908e+01
-9.2227e+01 -9.1573e+01 -8.7504e+01 -8.7316e+01
-9.2208e+01 -9.1391e+01 -8.7869e+01 -1.1175e+02
-9.2286e+01 -9.2138e+01 -9.1301e+01 -1.3304e+02
# New trial
-9.2251e+01 -9.1790e+01 -8.7927e+01 -8.4918e+01
-9.2234e+01 -9.1628e+01 -8.6965e+01 -8.4161e+01
-9.2203e+01 -9.1322e+01 -8.5645e+01 -8.8041e+01
-9.2271e+01 -9.1993e+01 -8.9478e+01 -9.3497e+01
# New trial
-9.2256e+01 -9.1838e+01 -8.8307e+01 -8.3266e+01
-9.2237e+01 -9.1656e+01 -8.7432e+01 -8.3186e+01
-9.2222e+01 -9.1515e+01 -8.7510e+01 -1.0600e+02
-9.2273e+01 -9.2017e+01 -9.0993e+01 -1.4388e+02
# New trial
-9.2253e+01 -9.1814e+01 -8.8284e+01 -8.3540e+01
-9.2234e+01 -9.1628e+01 -8.7440e+01 -8.3597e+01
-9.2203e+01 -9.1339e+01 -8.7009e+01 -1.0049e+02
-9.2260e+01 -9.1889e+01 -9.0289e+01 -1.2927e+02
# New trial
-9.2261e+01 -9.1893e+01 -8.8606e+01 -8.3259e+01
-9.2251e+01 -9.1793e+01 -8.7778e+01 -8.3109e+01
-9.2244e+01 -9.1720e+01 -8.7153e+01 -8.4140e+01
-9.2287e+01 -9.2147e+01 -9.0926e+01 -1.1587e+02
# New trial
-9.2247e+01 -9.1757e+01 -8.8365e+01 -8.9337e+01
-9.2239e+01 -9.1680e+01 -8.8385e+01 -9.6435e+01
-9.2262e+01 -9.1923e+01 -9.2636e+01 -1.6280e+02
-9.2300e+01 -9.2280e+01 -9.3565e+01 -1.6375e+02
# New trial
