# 0.1sig - Array shape (trial/sig/alpha): (30, 4, 4)
-1.7905e+02 -1.7172e+02 -1.7043e+02 -9.9600e+02
-1.7893e+02 -1.7020e+02 -1.3157e+02 -3.5962e+02
-1.7863e+02 -1.6701e+02 -1.0843e+02 -4.4640e+02
-1.7930e+02 -1.7327e+02 -1.3188e+02 -4.4127e+02
# New trial
-1.7926e+02 -1.7304e+02 -1.4001e+02 -3.0096e+02
-1.7912e+02 -1.7162e+02 -1.2149e+02 -1.7579e+02
-1.7876e+02 -1.6794e+02 -9.0088e+01 -1.2708e+02
-1.7897e+02 -1.6985e+02 -9.9118e+01 -1.0279e+02
# New trial
-1.7931e+02 -1.7367e+02 -1.6446e+02 -6.5032e+02
-1.7902e+02 -1.7057e+02 -1.1686e+02 -3.0349e+02
-1.7840e+02 -1.6423e+02 -6.9966e+01 -2.0234e+02
-1.7841e+02 -1.6429e+02 -7.8671e+01 -1.8958e+02
# New trial
-1.7932e+02 -1.7374e+02 -1.7752e+02 -9.6631e+02
-1.7911e+02 -1.7138e+02 -1.2440e+02 -4.5663e+02
-1.7863e+02 -1.6652e+02 -8.5387e+01 -3.6660e+02
-1.7871e+02 -1.6738e+02 -1.1139e+02 -5.1887e+02
# New trial
-1.7946e+02 -1.7530e+02 -1.8001e+02 -8.7022e+02
-1.7927e+02 -1.7302e+02 -1.3018e+02 -2.0522e+02
-1.7895e+02 -1.6971e+02 -9.7040e+01 -1.6965e+02
-1.7918e+02 -1.7196e+02 -1.0928e+02 -8.0645e+01
# New trial
-1.7949e+02 -1.7524e+02 -1.5329e+02 -4.0724e+02
-1.7936e+02 -1.7392e+02 -1.3540e+02 -2.1041e+02
-1.7911e+02 -1.7137e+02 -1.1467e+02 -2.7903e+02
-1.7942e+02 -1.7431e+02 -1.3314e+02 -3.7218e+02
# New trial
-1.7924e+02 -1.7294e+02 -1.4272e+02 -3.4821e+02
-1.7915e+02 -1.7190e+02 -1.2647e+02 -2.3480e+02
-1.7887e+02 -1.6903e+02 -1.0414e+02 -3.1389e+02
-1.7908e+02 -1.7104e+02 -1.1772e+02 -4.5896e+02
# New trial
-1.7909e+02 -1.7169e+02 -1.7264e+02 -9.4914e+02
-1.7900e+02 -1.7041e+02 -1.2296e+02 -3.1368e+02
-1.7885e+02 -1.6883e+02 -1.0606e+02 -3.8510e+02
-1.7941e+02 -1.7425e+02 -1.4143e+02 -6.1925e+02
# New trial
-1.7882e+02 -1.6941e+02 -1.3423e+02 -4.9790e+02
-1.7860e+02 -1.6692e+02 -1.0741e+02 -3.3520e+02
-1.7839e+02 -1.6444e+02 -8.8122e+01 -2.9194e+02
-1.7921e+02 -1.7230e+02 -1.2840e+02 -5.1991e+02
# New trial
-1.7919e+02 -1.7242e+02 -1.4008e+02 -4.0747e+02
-1.7906e+02 -1.7102e+02 -1.2082e+02 -2.9075e+02
-1.7873e+02 -1.6758e+02 -8.5371e+01 -1.8991e+02
-1.7895e+02 -1.6964e+02 -9.5908e+01 -1.0624e+02
# New trial
-1.7945e+02 -1.7489e+02 -1.5071e+02 -3.5077e+02
-1.7921e+02 -1.7246e+02 -1.2865e+02 -3.1656e+02
-1.7861e+02 -1.6644e+02 -9.4324e+01 -3.0648e+02
-1.7870e+02 -1.6724e+02 -9.6506e+01 -3.1984e+02
# New trial
-1.7922e+02 -1.7307e+02 -1.7172e+02 -7.3318e+02
-1.7903e+02 -1.7107e+02 -1.3944e+02 -4.2810e+02
-1.7873e+02 -1.6782e+02 -9.9094e+01 -2.6231e+02
-1.7923e+02 -1.7255e+02 -1.1985e+02 -2.2092e+02
# New trial
-1.7925e+02 -1.7321e+02 -1.7423e+02 -9.0672e+02
-1.7916e+02 -1.7200e+02 -1.2781e+02 -3.5347e+02
-1.7890e+02 -1.6928e+02 -9.8084e+01 -3.5117e+02
-1.7933e+02 -1.7347e+02 -1.2190e+02 -1.6214e+02
# New trial
-1.7958e+02 -1.7631e+02 -1.7195e+02 -5.7675e+02
-1.7936e+02 -1.7383e+02 -1.3048e+02 -2.2706e+02
-1.7897e+02 -1.6989e+02 -9.8292e+01 -3.2263e+02
-1.7888e+02 -1.6902e+02 -1.1061e+02 -4.6635e+02
# New trial
-1.7900e+02 -1.7143e+02 -1.6909e+02 -7.9449e+02
-1.7862e+02 -1.6712e+02 -1.1206e+02 -4.6716e+02
-1.7820e+02 -1.6255e+02 -7.8123e+01 -3.5254e+02
-1.7896e+02 -1.6986e+02 -1.0971e+02 -4.9293e+02
# New trial
-1.7901e+02 -1.7156e+02 -1.9720e+02 -1.2142e+03
-1.7872e+02 -1.6820e+02 -1.3484e+02 -5.9739e+02
-1.7817e+02 -1.6245e+02 -1.0578e+02 -5.9894e+02
-1.7874e+02 -1.6775e+02 -1.0450e+02 -4.0997e+02
# New trial
-1.7916e+02 -1.7263e+02 -1.5982e+02 -6.1744e+02
-1.7903e+02 -1.7088e+02 -1.2480e+02 -3.8917e+02
-1.7872e+02 -1.6751e+02 -9.5968e+01 -3.3340e+02
-1.7897e+02 -1.6989e+02 -1.1535e+02 -6.2462e+02
# New trial
-1.7944e+02 -1.7473e+02 -1.5869e+02 -5.6778e+02
-1.7926e+02 -1.7288e+02 -1.2812e+02 -2.8534e+02
-1.7884e+02 -1.6861e+02 -8.7532e+01 -1.2588e+02
-1.7878e+02 -1.6795e+02 -8.5081e+01 -9.3412e+01
# New trial
-1.7936e+02 -1.7387e+02 -1.3778e+02 -3.1514e+02
-1.7919e+02 -1.7221e+02 -1.2072e+02 -2.3368e+02
-1.7895e+02 -1.6972e+02 -9.8943e+01 -2.2515e+02
-1.7920e+02 -1.7216e+02 -1.1685e+02 -3.7591e+02
# New trial
-1.7926e+02 -1.7354e+02 -1.8388e+02 -1.0002e+03
-1.7905e+02 -1.7113e+02 -1.2771e+02 -3.1571e+02
-1.7858e+02 -1.6632e+02 -9.6443e+01 -3.8198e+02
-1.7890e+02 -1.6930e+02 -1.1206e+02 -4.3687e+02
# New trial
-1.7922e+02 -1.7296e+02 -1.6560e+02 -7.1573e+02
-1.7911e+02 -1.7167e+02 -1.3546e+02 -3.4902e+02
-1.7891e+02 -1.6956e+02 -1.2015e+02 -4.1579e+02
-1.7931e+02 -1.7334e+02 -1.3932e+02 -5.7370e+02
# New trial
-1.7937e+02 -1.7417e+02 -1.6765e+02 -8.0834e+02
-1.7917e+02 -1.7211e+02 -1.3027e+02 -3.2072e+02
-1.7889e+02 -1.6927e+02 -1.0978e+02 -4.2781e+02
-1.7925e+02 -1.7274e+02 -1.2775e+02 -4.3025e+02
# New trial
-1.7920e+02 -1.7231e+02 -1.2996e+02 -3.2367e+02
-1.7908e+02 -1.7109e+02 -1.1067e+02 -2.3482e+02
-1.7877e+02 -1.6789e+02 -8.2514e+01 -2.1207e+02
-1.7902e+02 -1.7032e+02 -9.8496e+01 -1.9413e+02
# New trial
-1.7916e+02 -1.7228e+02 -1.3810e+02 -3.3475e+02
-1.7912e+02 -1.7151e+02 -1.1615e+02 -1.8368e+02
-1.7897e+02 -1.6994e+02 -1.0216e+02 -3.1253e+02
-1.7930e+02 -1.7319e+02 -1.2234e+02 -3.1525e+02
# New trial
-1.7942e+02 -1.7456e+02 -1.5337e+02 -5.7621e+02
-1.7940e+02 -1.7423e+02 -1.3605e+02 -2.2810e+02
-1.7926e+02 -1.7273e+02 -1.1807e+02 -2.1342e+02
-1.7944e+02 -1.7454e+02 -1.3049e+02 -1.4201e+02
# New trial
-1.7935e+02 -1.7462e+02 -1.8945e+02 -9.3270e+02
-1.7905e+02 -1.7085e+02 -1.1953e+02 -3.6365e+02
-1.7869e+02 -1.6714e+02 -9.4311e+01 -2.9670e+02
-1.7891e+02 -1.6936e+02 -1.3110e+02 -6.5247e+02
# New trial
-1.7933e+02 -1.7363e+02 -1.4361e+02 -4.3443e+02
-1.7936e+02 -1.7380e+02 -1.3345e+02 -2.4184e+02
-1.7933e+02 -1.7349e+02 -1.2599e+02 -2.7861e+02
-1.7964e+02 -1.7651e+02 -1.4782e+02 -2.6742e+02
# New trial
-1.7929e+02 -1.7388e+02 -1.8068e+02 -9.0069e+02
-1.7903e+02 -1.7087e+02 -1.2909e+02 -4.6288e+02
-1.7849e+02 -1.6541e+02 -9.6900e+01 -4.2702e+02
-1.7878e+02 -1.6803e+02 -1.0416e+02 -5.2916e+02
# New trial
-1.7925e+02 -1.7279e+02 -1.3920e+02 -4.0181e+02
-1.7910e+02 -1.7128e+02 -1.2064e+02 -3.2344e+02
-1.7867e+02 -1.6697e+02 -8.3365e+01 -2.3688e+02
-1.7875e+02 -1.6764e+02 -8.8363e+01 -2.0592e+02
# New trial
-1.7928e+02 -1.7328e+02 -1.4295e+02 -3.7514e+02
-1.7928e+02 -1.7309e+02 -1.2807e+02 -2.1468e+02
-1.7933e+02 -1.7347e+02 -1.2398e+02 -2.3303e+02
-1.7961e+02 -1.7624e+02 -1.4588e+02 -2.4286e+02
# New trial
