# 0.01sig - Array shape (trial/sig/alpha): (30L, 4L, 4L)
-6.9124e+01 -6.8233e+01 -6.3105e+01 -6.0382e+01
-6.9112e+01 -6.8126e+01 -6.3032e+01 -6.5332e+01
-6.9145e+01 -6.8430e+01 -6.3972e+01 -6.9081e+01
-6.9219e+01 -6.9156e+01 -6.8743e+01 -8.7908e+01
# New trial
-6.9121e+01 -6.8208e+01 -6.3248e+01 -6.0730e+01
-6.9124e+01 -6.8249e+01 -6.4125e+01 -7.6693e+01
-6.9181e+01 -6.8799e+01 -6.7039e+01 -9.4509e+01
-6.9224e+01 -6.9206e+01 -6.9348e+01 -1.0813e+02
# New trial
-6.9122e+01 -6.8222e+01 -6.3438e+01 -6.0142e+01
-6.9094e+01 -6.7955e+01 -6.2531e+01 -6.0143e+01
-6.9079e+01 -6.7786e+01 -6.3243e+01 -8.6140e+01
-6.9196e+01 -6.8921e+01 -6.6561e+01 -7.6830e+01
# New trial
-6.9122e+01 -6.8246e+01 -6.3973e+01 -6.0013e+01
-6.9104e+01 -6.8082e+01 -6.2639e+01 -6.0004e+01
-6.9132e+01 -6.8328e+01 -6.3686e+01 -6.6163e+01
-6.9212e+01 -6.9092e+01 -6.8285e+01 -8.3103e+01
# New trial
-6.9154e+01 -6.8516e+01 -6.4059e+01 -6.0310e+01
-6.9126e+01 -6.8238e+01 -6.2401e+01 -5.9999e+01
-6.9114e+01 -6.8114e+01 -6.1600e+01 -6.0119e+01
-6.9201e+01 -6.8969e+01 -6.6780e+01 -6.1839e+01
# New trial
-6.9121e+01 -6.8197e+01 -6.3003e+01 -6.0103e+01
-6.9116e+01 -6.8158e+01 -6.3606e+01 -6.9369e+01
-6.9176e+01 -6.8747e+01 -6.7218e+01 -1.1488e+02
-6.9224e+01 -6.9199e+01 -6.9078e+01 -8.0476e+01
# New trial
-6.9130e+01 -6.8303e+01 -6.4127e+01 -6.0371e+01
-6.9119e+01 -6.8205e+01 -6.4143e+01 -6.1066e+01
-6.9171e+01 -6.8691e+01 -6.5898e+01 -7.5825e+01
-6.9222e+01 -6.9182e+01 -6.8986e+01 -7.7884e+01
# New trial
-6.9130e+01 -6.8291e+01 -6.3339e+01 -6.0425e+01
-6.9123e+01 -6.8224e+01 -6.3055e+01 -6.1250e+01
-6.9162e+01 -6.8592e+01 -6.7383e+01 -1.2428e+02
-6.9223e+01 -6.9189e+01 -6.9115e+01 -1.0446e+02
# New trial
-6.9112e+01 -6.8128e+01 -6.3013e+01 -6.0560e+01
-6.9083e+01 -6.7841e+01 -6.2211e+01 -6.0388e+01
-6.9109e+01 -6.8089e+01 -6.5294e+01 -1.0273e+02
-6.9217e+01 -6.9134e+01 -6.9267e+01 -1.2267e+02
# New trial
-6.9137e+01 -6.8375e+01 -6.4991e+01 -7.3202e+01
-6.9154e+01 -6.8562e+01 -6.7587e+01 -1.0703e+02
-6.9200e+01 -6.8978e+01 -6.8715e+01 -1.0814e+02
-6.9225e+01 -6.9209e+01 -6.9200e+01 -8.3517e+01
# New trial
-6.9110e+01 -6.8147e+01 -6.4583e+01 -6.2924e+01
-6.9103e+01 -6.8101e+01 -6.5519e+01 -9.1857e+01
-6.9164e+01 -6.8667e+01 -7.0456e+01 -1.5007e+02
-6.9224e+01 -6.9204e+01 -6.9279e+01 -9.1810e+01
# New trial
-6.9164e+01 -6.8609e+01 -6.4227e+01 -6.0511e+01
-6.9170e+01 -6.8667e+01 -6.4726e+01 -6.5260e+01
-6.9197e+01 -6.8936e+01 -6.6733e+01 -7.5627e+01
-6.9224e+01 -6.9196e+01 -6.9001e+01 -9.1710e+01
# New trial
-6.9137e+01 -6.8350e+01 -6.3528e+01 -6.0105e+01
-6.9119e+01 -6.8185e+01 -6.3176e+01 -6.2728e+01
-6.9117e+01 -6.8160e+01 -6.4717e+01 -9.6044e+01
-6.9215e+01 -6.9116e+01 -6.8698e+01 -1.0814e+02
# New trial
-6.9167e+01 -6.8644e+01 -6.4743e+01 -6.0052e+01
-6.9151e+01 -6.8485e+01 -6.3598e+01 -6.0000e+01
-6.9139e+01 -6.8360e+01 -6.2400e+01 -5.9997e+01
-6.9204e+01 -6.9003e+01 -6.7128e+01 -6.2448e+01
# New trial
-6.9153e+01 -6.8503e+01 -6.4150e+01 -6.0761e+01
-6.9161e+01 -6.8587e+01 -6.5013e+01 -7.1656e+01
-6.9206e+01 -6.9024e+01 -6.8306e+01 -1.0542e+02
-6.9226e+01 -6.9221e+01 -6.9350e+01 -1.0292e+02
# New trial
-6.9106e+01 -6.8088e+01 -6.3387e+01 -6.0353e+01
-6.9110e+01 -6.8145e+01 -6.4965e+01 -8.0394e+01
-6.9177e+01 -6.8764e+01 -6.7538e+01 -1.0503e+02
-6.9226e+01 -6.9222e+01 -6.9232e+01 -7.8857e+01
# New trial
-6.9142e+01 -6.8405e+01 -6.4013e+01 -6.0597e+01
-6.9171e+01 -6.8700e+01 -6.7193e+01 -9.7211e+01
-6.9211e+01 -6.9102e+01 -7.0857e+01 -1.4858e+02
-6.9226e+01 -6.9222e+01 -6.9542e+01 -1.1213e+02
# New trial
-6.9114e+01 -6.8192e+01 -6.4375e+01 -6.1207e+01
-6.9171e+01 -6.8765e+01 -6.9756e+01 -1.1758e+02
-6.9223e+01 -6.9235e+01 -7.3176e+01 -1.6835e+02
-6.9226e+01 -6.9226e+01 -6.9752e+01 -1.1339e+02
# New trial
-6.9175e+01 -6.8709e+01 -6.4663e+01 -6.0339e+01
-6.9160e+01 -6.8560e+01 -6.3745e+01 -6.0151e+01
-6.9148e+01 -6.8442e+01 -6.2723e+01 -6.0195e+01
-6.9200e+01 -6.8959e+01 -6.6648e+01 -6.3796e+01
# New trial
-6.9144e+01 -6.8417e+01 -6.3710e+01 -6.0321e+01
-6.9146e+01 -6.8440e+01 -6.4420e+01 -6.3664e+01
-6.9191e+01 -6.8878e+01 -6.6694e+01 -8.0155e+01
-6.9224e+01 -6.9204e+01 -6.9089e+01 -8.2403e+01
# New trial
-6.9046e+01 -6.7615e+01 -6.2230e+01 -5.9998e+01
-6.9042e+01 -6.7603e+01 -6.2649e+01 -6.0010e+01
-6.9162e+01 -6.8654e+01 -6.7302e+01 -9.0723e+01
-6.9225e+01 -6.9215e+01 -6.9335e+01 -9.6001e+01
# New trial
-6.9123e+01 -6.8214e+01 -6.2414e+01 -6.0000e+01
-6.9121e+01 -6.8209e+01 -6.3109e+01 -6.0161e+01
-6.9172e+01 -6.8706e+01 -6.6399e+01 -8.9092e+01
-6.9224e+01 -6.9200e+01 -6.9099e+01 -8.0654e+01
# New trial
-6.9161e+01 -6.8578e+01 -6.4238e+01 -6.0166e+01
-6.9145e+01 -6.8421e+01 -6.3423e+01 -6.0483e+01
-6.9170e+01 -6.8671e+01 -6.4867e+01 -7.3956e+01
-6.9221e+01 -6.9173e+01 -6.8796e+01 -7.7642e+01
# New trial
-6.9071e+01 -6.7827e+01 -6.3119e+01 -6.0196e+01
-6.9092e+01 -6.8049e+01 -6.5650e+01 -8.3941e+01
-6.9197e+01 -6.9010e+01 -7.2531e+01 -1.5883e+02
-6.9226e+01 -6.9228e+01 -6.9577e+01 -9.2261e+01
# New trial
-6.9133e+01 -6.8319e+01 -6.3485e+01 -6.0864e+01
-6.9112e+01 -6.8126e+01 -6.3018e+01 -6.0224e+01
-6.9135e+01 -6.8344e+01 -6.5202e+01 -1.0262e+02
-6.9219e+01 -6.9151e+01 -6.8682e+01 -9.7095e+01
# New trial
-6.9126e+01 -6.8238e+01 -6.2694e+01 -6.0054e+01
-6.9134e+01 -6.8322e+01 -6.3714e+01 -6.5381e+01
-6.9188e+01 -6.8853e+01 -6.6994e+01 -8.8034e+01
-6.9225e+01 -6.9214e+01 -6.9194e+01 -8.7483e+01
# New trial
-6.9157e+01 -6.8542e+01 -6.3996e+01 -6.0618e+01
-6.9140e+01 -6.8382e+01 -6.3595e+01 -6.1166e+01
-6.9154e+01 -6.8524e+01 -6.4929e+01 -8.2348e+01
-6.9213e+01 -6.9091e+01 -6.8130e+01 -9.0692e+01
# New trial
-6.9155e+01 -6.8523e+01 -6.3641e+01 -6.0030e+01
-6.9136e+01 -6.8341e+01 -6.2925e+01 -5.9999e+01
-6.9148e+01 -6.8464e+01 -6.3453e+01 -6.0359e+01
-6.9214e+01 -6.9107e+01 -6.8189e+01 -6.3268e+01
# New trial
-6.9148e+01 -6.8448e+01 -6.3089e+01 -5.9999e+01
-6.9151e+01 -6.8485e+01 -6.3552e+01 -6.0055e+01
-6.9182e+01 -6.8786e+01 -6.5693e+01 -6.9277e+01
-6.9223e+01 -6.9186e+01 -6.8878e+01 -7.3529e+01
# New trial
-6.9125e+01 -6.8235e+01 -6.3260e+01 -6.0679e+01
-6.9118e+01 -6.8173e+01 -6.3579e+01 -7.1835e+01
-6.9170e+01 -6.8673e+01 -6.5538e+01 -8.4138e+01
-6.9223e+01 -6.9191e+01 -6.9025e+01 -8.6308e+01
# New trial
