# 0.01sig - Array shape (trial/sig/alpha): (30L, 4L, 4L)
-5.9776e+01 -5.7899e+01 -4.9152e+01 -4.6159e+01
-5.9840e+01 -5.8517e+01 -5.2690e+01 -6.4088e+01
-5.9959e+01 -5.9646e+01 -5.8583e+01 -9.6142e+01
-5.9997e+01 -6.0002e+01 -6.0697e+01 -1.3604e+02
# New trial
-5.9781e+01 -5.7942e+01 -4.9389e+01 -4.6218e+01
-5.9836e+01 -5.8496e+01 -5.3109e+01 -6.0113e+01
-5.9959e+01 -5.9658e+01 -5.9394e+01 -1.2611e+02
-5.9995e+01 -5.9988e+01 -6.0053e+01 -7.8851e+01
# New trial
-5.9818e+01 -5.8326e+01 -5.2283e+01 -4.8250e+01
-5.9862e+01 -5.8747e+01 -5.5291e+01 -8.3118e+01
-5.9942e+01 -5.9488e+01 -5.7854e+01 -1.0803e+02
-5.9994e+01 -5.9970e+01 -5.9889e+01 -8.3866e+01
# New trial
-5.9796e+01 -5.8181e+01 -5.2047e+01 -4.6993e+01
-5.9813e+01 -5.8342e+01 -5.3151e+01 -6.0014e+01
-5.9949e+01 -5.9566e+01 -5.8919e+01 -1.1525e+02
-5.9997e+01 -6.0006e+01 -6.0229e+01 -9.5721e+01
# New trial
-5.9820e+01 -5.8328e+01 -5.0796e+01 -4.6920e+01
-5.9826e+01 -5.8372e+01 -5.0900e+01 -4.9723e+01
-5.9925e+01 -5.9309e+01 -5.5434e+01 -7.9351e+01
-5.9992e+01 -5.9952e+01 -5.9691e+01 -7.6614e+01
# New trial
-5.9782e+01 -5.7985e+01 -5.1073e+01 -4.6723e+01
-5.9882e+01 -5.8945e+01 -5.6353e+01 -8.9547e+01
-5.9971e+01 -5.9772e+01 -6.0124e+01 -1.3287e+02
-5.9994e+01 -5.9976e+01 -6.0019e+01 -8.0536e+01
# New trial
-5.9807e+01 -5.8207e+01 -5.1248e+01 -4.6920e+01
-5.9858e+01 -5.8729e+01 -5.5715e+01 -8.1414e+01
-5.9963e+01 -5.9707e+01 -6.0375e+01 -1.1838e+02
-5.9996e+01 -5.9999e+01 -6.0399e+01 -1.0492e+02
# New trial
-5.9780e+01 -5.7986e+01 -5.0248e+01 -4.6525e+01
-5.9808e+01 -5.8215e+01 -5.0465e+01 -4.7365e+01
-5.9927e+01 -5.9319e+01 -5.5444e+01 -7.5609e+01
-5.9993e+01 -5.9964e+01 -5.9788e+01 -8.1468e+01
# New trial
-5.9795e+01 -5.8108e+01 -5.1175e+01 -4.6896e+01
-5.9825e+01 -5.8405e+01 -5.3339e+01 -7.2453e+01
-5.9920e+01 -5.9279e+01 -5.7439e+01 -1.2084e+02
-5.9992e+01 -5.9954e+01 -5.9889e+01 -9.3309e+01
# New trial
-5.9773e+01 -5.7903e+01 -5.0565e+01 -4.7558e+01
-5.9890e+01 -5.9001e+01 -5.5719e+01 -7.9246e+01
-5.9985e+01 -5.9902e+01 -6.1085e+01 -1.3986e+02
-5.9998e+01 -6.0009e+01 -6.0373e+01 -9.8242e+01
# New trial
-5.9755e+01 -5.7809e+01 -5.0811e+01 -4.6185e+01
-5.9836e+01 -5.8577e+01 -5.6289e+01 -1.0139e+02
-5.9964e+01 -5.9734e+01 -6.3154e+01 -1.8220e+02
-5.9997e+01 -6.0002e+01 -6.0464e+01 -1.1027e+02
# New trial
-5.9860e+01 -5.8666e+01 -5.1270e+01 -4.6338e+01
-5.9932e+01 -5.9369e+01 -5.6005e+01 -7.2964e+01
-5.9986e+01 -5.9895e+01 -5.9672e+01 -9.9048e+01
-5.9996e+01 -5.9994e+01 -6.0011e+01 -6.6142e+01
# New trial
-5.9778e+01 -5.7872e+01 -4.7617e+01 -4.6151e+01
-5.9822e+01 -5.8315e+01 -5.0590e+01 -5.9182e+01
-5.9925e+01 -5.9311e+01 -5.6856e+01 -1.2687e+02
-5.9992e+01 -5.9953e+01 -5.9802e+01 -8.2159e+01
# New trial
-5.9883e+01 -5.8891e+01 -5.2476e+01 -4.6308e+01
-5.9885e+01 -5.8909e+01 -5.2416e+01 -4.9341e+01
-5.9944e+01 -5.9485e+01 -5.6240e+01 -7.8955e+01
-5.9991e+01 -5.9947e+01 -5.9696e+01 -8.9389e+01
# New trial
-5.9871e+01 -5.8763e+01 -5.1554e+01 -5.4123e+01
-5.9933e+01 -5.9372e+01 -5.5301e+01 -6.3495e+01
-5.9983e+01 -5.9867e+01 -5.9127e+01 -9.3393e+01
-5.9996e+01 -5.9990e+01 -5.9964e+01 -6.3652e+01
# New trial
-5.9763e+01 -5.7827e+01 -4.9837e+01 -4.6264e+01
-5.9845e+01 -5.8640e+01 -5.5585e+01 -8.9205e+01
-5.9968e+01 -5.9751e+01 -5.9957e+01 -1.2441e+02
-5.9994e+01 -5.9978e+01 -6.0064e+01 -7.6711e+01
# New trial
-5.9842e+01 -5.8525e+01 -5.1839e+01 -4.6897e+01
-5.9854e+01 -5.8657e+01 -5.2889e+01 -6.3803e+01
-5.9915e+01 -5.9224e+01 -5.5469e+01 -7.8871e+01
-5.9987e+01 -5.9911e+01 -5.9493e+01 -9.1552e+01
# New trial
-5.9760e+01 -5.7874e+01 -5.0690e+01 -4.6226e+01
-5.9816e+01 -5.8363e+01 -5.2608e+01 -7.1163e+01
-5.9943e+01 -5.9526e+01 -5.8387e+01 -9.8824e+01
-5.9992e+01 -5.9957e+01 -6.0010e+01 -8.6918e+01
# New trial
-5.9858e+01 -5.8632e+01 -5.0550e+01 -4.6185e+01
-5.9911e+01 -5.9160e+01 -5.3841e+01 -5.3421e+01
-5.9974e+01 -5.9776e+01 -5.8291e+01 -8.0323e+01
-5.9995e+01 -5.9981e+01 -5.9889e+01 -6.9337e+01
# New trial
-5.9842e+01 -5.8504e+01 -5.0925e+01 -4.6610e+01
-5.9927e+01 -5.9333e+01 -5.6055e+01 -6.9543e+01
-5.9988e+01 -5.9927e+01 -6.0997e+01 -1.3416e+02
-5.9998e+01 -6.0011e+01 -6.0337e+01 -1.0795e+02
# New trial
-5.9818e+01 -5.8282e+01 -5.0073e+01 -4.6196e+01
-5.9911e+01 -5.9192e+01 -5.6335e+01 -7.5572e+01
-5.9982e+01 -5.9872e+01 -6.0035e+01 -1.0396e+02
-5.9996e+01 -5.9992e+01 -5.9974e+01 -6.0567e+01
# New trial
-5.9767e+01 -5.7806e+01 -4.9656e+01 -4.6228e+01
-5.9873e+01 -5.8828e+01 -5.4515e+01 -7.1803e+01
-5.9974e+01 -5.9804e+01 -6.0457e+01 -1.2556e+02
-5.9995e+01 -5.9987e+01 -6.0556e+01 -1.3834e+02
# New trial
-5.9856e+01 -5.8619e+01 -5.1272e+01 -5.1543e+01
-5.9910e+01 -5.9157e+01 -5.5269e+01 -7.9679e+01
-5.9978e+01 -5.9819e+01 -5.9302e+01 -9.6878e+01
-5.9995e+01 -5.9980e+01 -5.9904e+01 -6.2634e+01
# New trial
-5.9729e+01 -5.7548e+01 -4.9306e+01 -4.6155e+01
-5.9799e+01 -5.8216e+01 -5.2740e+01 -6.0073e+01
-5.9953e+01 -5.9611e+01 -5.8777e+01 -9.3891e+01
-5.9995e+01 -5.9989e+01 -6.0086e+01 -8.4584e+01
# New trial
-5.9838e+01 -5.8469e+01 -5.1007e+01 -4.6942e+01
-5.9878e+01 -5.8882e+01 -5.4924e+01 -7.4182e+01
-5.9957e+01 -5.9636e+01 -5.8915e+01 -1.1592e+02
-5.9994e+01 -5.9977e+01 -5.9952e+01 -7.7764e+01
# New trial
-5.9793e+01 -5.8058e+01 -5.0390e+01 -4.6513e+01
-5.9871e+01 -5.8813e+01 -5.4592e+01 -7.4961e+01
-5.9970e+01 -5.9753e+01 -5.9167e+01 -9.3164e+01
-5.9996e+01 -5.9994e+01 -6.0087e+01 -9.1350e+01
# New trial
-5.9853e+01 -5.8617e+01 -5.1780e+01 -4.6311e+01
-5.9886e+01 -5.8955e+01 -5.4393e+01 -6.6228e+01
-5.9972e+01 -5.9775e+01 -6.0036e+01 -1.2516e+02
-5.9995e+01 -5.9980e+01 -5.9993e+01 -7.1726e+01
# New trial
-5.9869e+01 -5.8771e+01 -5.2703e+01 -4.7173e+01
-5.9856e+01 -5.8662e+01 -5.2697e+01 -4.6883e+01
-5.9916e+01 -5.9227e+01 -5.5207e+01 -7.0282e+01
-5.9988e+01 -5.9918e+01 -5.9352e+01 -8.0747e+01
# New trial
-5.9787e+01 -5.7945e+01 -4.8043e+01 -4.6151e+01
-5.9882e+01 -5.8880e+01 -5.2639e+01 -5.3708e+01
-5.9972e+01 -5.9758e+01 -5.8432e+01 -8.5365e+01
-5.9994e+01 -5.9975e+01 -5.9862e+01 -6.7894e+01
# New trial
-5.9738e+01 -5.7581e+01 -4.9687e+01 -4.7117e+01
-5.9850e+01 -5.8635e+01 -5.4057e+01 -6.8209e+01
-5.9974e+01 -5.9795e+01 -6.0228e+01 -1.2900e+02
-5.9996e+01 -5.9992e+01 -6.0369e+01 -1.1827e+02
# New trial
