# 0.1sig - Array shape (trial/sig/alpha): (30, 4, 4)
-1.4733e+02 -1.4421e+02 -1.2264e+02 -1.3057e+02
-1.4726e+02 -1.4359e+02 -1.1953e+02 -9.4299e+01
-1.4708e+02 -1.4183e+02 -1.1132e+02 -1.2012e+02
-1.4732e+02 -1.4416e+02 -1.1905e+02 -1.4664e+02
# New trial
-1.4745e+02 -1.4539e+02 -1.2847e+02 -1.1699e+02
-1.4736e+02 -1.4447e+02 -1.2075e+02 -9.2348e+01
-1.4713e+02 -1.4226e+02 -1.0412e+02 -9.2303e+01
-1.4718e+02 -1.4266e+02 -1.0773e+02 -9.2303e+01
# New trial
-1.4743e+02 -1.4515e+02 -1.2770e+02 -1.3805e+02
-1.4730e+02 -1.4386e+02 -1.1386e+02 -9.2303e+01
-1.4704e+02 -1.4131e+02 -9.8221e+01 -9.2302e+01
-1.4702e+02 -1.4103e+02 -1.0220e+02 -9.2302e+01
# New trial
-1.4739e+02 -1.4476e+02 -1.2601e+02 -1.7891e+02
-1.4732e+02 -1.4406e+02 -1.1595e+02 -9.2753e+01
-1.4711e+02 -1.4202e+02 -1.0442e+02 -1.0941e+02
-1.4712e+02 -1.4208e+02 -1.1634e+02 -2.9129e+02
# New trial
-1.4750e+02 -1.4592e+02 -1.3415e+02 -1.9061e+02
-1.4742e+02 -1.4512e+02 -1.2562e+02 -1.0195e+02
-1.4725e+02 -1.4343e+02 -1.1545e+02 -1.3801e+02
-1.4730e+02 -1.4395e+02 -1.2428e+02 -2.8509e+02
# New trial
-1.4751e+02 -1.4594e+02 -1.3204e+02 -1.0334e+02
-1.4743e+02 -1.4518e+02 -1.2556e+02 -9.4779e+01
-1.4730e+02 -1.4389e+02 -1.1760e+02 -1.2856e+02
-1.4743e+02 -1.4518e+02 -1.2659e+02 -1.9357e+02
# New trial
-1.4746e+02 -1.4549e+02 -1.2798e+02 -1.0335e+02
-1.4740e+02 -1.4483e+02 -1.2249e+02 -9.6085e+01
-1.4723e+02 -1.4314e+02 -1.0982e+02 -9.6637e+01
-1.4726e+02 -1.4348e+02 -1.1171e+02 -9.2343e+01
# New trial
-1.4738e+02 -1.4470e+02 -1.2389e+02 -1.7379e+02
-1.4731e+02 -1.4404e+02 -1.1808e+02 -9.3136e+01
-1.4720e+02 -1.4292e+02 -1.1147e+02 -1.2239e+02
-1.4741e+02 -1.4499e+02 -1.2404e+02 -1.6905e+02
# New trial
-1.4734e+02 -1.4429e+02 -1.2274e+02 -9.7196e+01
-1.4721e+02 -1.4310e+02 -1.1623e+02 -9.3258e+01
-1.4700e+02 -1.4108e+02 -1.0885e+02 -1.2600e+02
-1.4731e+02 -1.4398e+02 -1.2849e+02 -3.5230e+02
# New trial
-1.4744e+02 -1.4524e+02 -1.2605e+02 -9.7363e+01
-1.4735e+02 -1.4438e+02 -1.1974e+02 -9.5397e+01
-1.4713e+02 -1.4222e+02 -1.0606e+02 -9.9996e+01
-1.4717e+02 -1.4253e+02 -1.0672e+02 -1.0550e+02
# New trial
-1.4747e+02 -1.4557e+02 -1.2837e+02 -9.5565e+01
-1.4737e+02 -1.4458e+02 -1.2013e+02 -9.2957e+01
-1.4710e+02 -1.4189e+02 -1.0563e+02 -1.0579e+02
-1.4706e+02 -1.4153e+02 -1.1028e+02 -2.2456e+02
# New trial
-1.4738e+02 -1.4466e+02 -1.2413e+02 -1.0549e+02
-1.4730e+02 -1.4396e+02 -1.2031e+02 -1.0030e+02
-1.4712e+02 -1.4220e+02 -1.1043e+02 -1.3710e+02
-1.4734e+02 -1.4428e+02 -1.1916e+02 -1.4568e+02
# New trial
-1.4744e+02 -1.4526e+02 -1.2654e+02 -1.1068e+02
-1.4738e+02 -1.4468e+02 -1.2126e+02 -9.7295e+01
-1.4723e+02 -1.4321e+02 -1.1287e+02 -1.7080e+02
-1.4738e+02 -1.4470e+02 -1.2383e+02 -2.6184e+02
# New trial
-1.4751e+02 -1.4599e+02 -1.3262e+02 -1.0296e+02
-1.4743e+02 -1.4519e+02 -1.2385e+02 -9.2308e+01
-1.4727e+02 -1.4353e+02 -1.1083e+02 -9.6996e+01
-1.4718e+02 -1.4269e+02 -1.0955e+02 -1.6860e+02
# New trial
-1.4738e+02 -1.4476e+02 -1.3065e+02 -1.9307e+02
-1.4722e+02 -1.4320e+02 -1.1628e+02 -9.2682e+01
-1.4693e+02 -1.4036e+02 -1.0492e+02 -1.0715e+02
-1.4716e+02 -1.4250e+02 -1.1182e+02 -1.9287e+02
# New trial
-1.4738e+02 -1.4478e+02 -1.3812e+02 -3.0026e+02
-1.4723e+02 -1.4324e+02 -1.1524e+02 -9.4730e+01
-1.4687e+02 -1.3969e+02 -9.7000e+01 -9.2303e+01
-1.4699e+02 -1.4084e+02 -1.0131e+02 -9.2303e+01
# New trial
-1.4744e+02 -1.4529e+02 -1.2626e+02 -9.8087e+01
-1.4734e+02 -1.4430e+02 -1.1855e+02 -9.4221e+01
-1.4711e+02 -1.4206e+02 -1.0893e+02 -1.2080e+02
-1.4717e+02 -1.4262e+02 -1.2338e+02 -3.3340e+02
# New trial
-1.4751e+02 -1.4599e+02 -1.3223e+02 -1.1470e+02
-1.4742e+02 -1.4511e+02 -1.2441e+02 -9.4633e+01
-1.4719e+02 -1.4273e+02 -1.0618e+02 -9.2499e+01
-1.4705e+02 -1.4137e+02 -1.0281e+02 -1.2663e+02
# New trial
-1.4748e+02 -1.4563e+02 -1.2885e+02 -1.1131e+02
-1.4741e+02 -1.4496e+02 -1.2347e+02 -9.7228e+01
-1.4726e+02 -1.4349e+02 -1.1472e+02 -1.5907e+02
-1.4732e+02 -1.4410e+02 -1.1965e+02 -2.3931e+02
# New trial
-1.4748e+02 -1.4574e+02 -1.3821e+02 -2.8323e+02
-1.4737e+02 -1.4455e+02 -1.2206e+02 -9.6318e+01
-1.4711e+02 -1.4200e+02 -1.0929e+02 -1.5280e+02
-1.4717e+02 -1.4261e+02 -1.2068e+02 -3.1441e+02
# New trial
-1.4742e+02 -1.4508e+02 -1.2840e+02 -1.4259e+02
-1.4733e+02 -1.4422e+02 -1.2050e+02 -9.3002e+01
-1.4715e+02 -1.4246e+02 -1.1092e+02 -9.6813e+01
-1.4729e+02 -1.4381e+02 -1.1866e+02 -1.9812e+02
# New trial
-1.4745e+02 -1.4544e+02 -1.3315e+02 -2.5393e+02
-1.4738e+02 -1.4465e+02 -1.2198e+02 -9.2676e+01
-1.4720e+02 -1.4285e+02 -1.0753e+02 -9.2375e+01
-1.4731e+02 -1.4399e+02 -1.1447e+02 -9.2403e+01
# New trial
-1.4744e+02 -1.4530e+02 -1.2642e+02 -9.8289e+01
-1.4737e+02 -1.4454e+02 -1.2067e+02 -9.3726e+01
-1.4718e+02 -1.4274e+02 -1.1150e+02 -1.3221e+02
-1.4725e+02 -1.4334e+02 -1.1562e+02 -2.2513e+02
# New trial
-1.4748e+02 -1.4569e+02 -1.3067e+02 -1.2319e+02
-1.4741e+02 -1.4497e+02 -1.2465e+02 -1.0178e+02
-1.4727e+02 -1.4356e+02 -1.1500e+02 -1.3382e+02
-1.4734e+02 -1.4430e+02 -1.2313e+02 -2.7634e+02
# New trial
-1.4749e+02 -1.4576e+02 -1.3165e+02 -2.2310e+02
-1.4747e+02 -1.4553e+02 -1.2842e+02 -9.8174e+01
-1.4739e+02 -1.4476e+02 -1.2271e+02 -1.4511e+02
-1.4747e+02 -1.4558e+02 -1.2914e+02 -1.7267e+02
# New trial
-1.4743e+02 -1.4526e+02 -1.3350e+02 -2.4355e+02
-1.4732e+02 -1.4411e+02 -1.1594e+02 -9.3008e+01
-1.4711e+02 -1.4205e+02 -1.0769e+02 -1.4499e+02
-1.4711e+02 -1.4203e+02 -1.1403e+02 -2.4421e+02
# New trial
-1.4748e+02 -1.4563e+02 -1.2883e+02 -9.6451e+01
-1.4745e+02 -1.4540e+02 -1.2682e+02 -9.3649e+01
-1.4740e+02 -1.4481e+02 -1.2143e+02 -1.0033e+02
-1.4753e+02 -1.4617e+02 -1.3316e+02 -1.1185e+02
# New trial
-1.4742e+02 -1.4511e+02 -1.2953e+02 -1.7553e+02
-1.4731e+02 -1.4401e+02 -1.1744e+02 -9.2914e+01
-1.4699e+02 -1.4082e+02 -1.0339e+02 -1.1573e+02
-1.4700e+02 -1.4096e+02 -1.0483e+02 -1.6827e+02
# New trial
-1.4748e+02 -1.4564e+02 -1.3050e+02 -1.4371e+02
-1.4739e+02 -1.4479e+02 -1.2209e+02 -9.3148e+01
-1.4716e+02 -1.4252e+02 -1.0934e+02 -1.1929e+02
-1.4713e+02 -1.4219e+02 -1.2135e+02 -3.1334e+02
# New trial
-1.4751e+02 -1.4597e+02 -1.3204e+02 -1.2005e+02
-1.4748e+02 -1.4563e+02 -1.2949e+02 -1.1866e+02
-1.4743e+02 -1.4514e+02 -1.2534e+02 -1.2604e+02
-1.4750e+02 -1.4585e+02 -1.3069e+02 -1.2985e+02
# New trial
