# 0.1sig - Array shape (trial/sig/alpha): (30, 4, 4)
-1.4750e+02 -1.4589e+02 -1.3457e+02 -1.4679e+02
-1.4746e+02 -1.4548e+02 -1.3204e+02 -1.2036e+02
-1.4735e+02 -1.4447e+02 -1.3159e+02 -2.0478e+02
-1.4747e+02 -1.4565e+02 -1.3584e+02 -2.3186e+02
# New trial
-1.4756e+02 -1.4649e+02 -1.3712e+02 -1.2360e+02
-1.4752e+02 -1.4603e+02 -1.3342e+02 -1.1548e+02
-1.4741e+02 -1.4501e+02 -1.2603e+02 -1.1551e+02
-1.4743e+02 -1.4521e+02 -1.2841e+02 -1.6700e+02
# New trial
-1.4755e+02 -1.4637e+02 -1.3648e+02 -1.2775e+02
-1.4748e+02 -1.4563e+02 -1.2971e+02 -1.1540e+02
-1.4731e+02 -1.4394e+02 -1.2047e+02 -1.1573e+02
-1.4725e+02 -1.4334e+02 -1.2068e+02 -1.3815e+02
# New trial
-1.4753e+02 -1.4618e+02 -1.3591e+02 -1.6944e+02
-1.4749e+02 -1.4575e+02 -1.3047e+02 -1.1583e+02
-1.4737e+02 -1.4460e+02 -1.2345e+02 -1.2565e+02
-1.4737e+02 -1.4461e+02 -1.2676e+02 -1.8819e+02
# New trial
-1.4759e+02 -1.4676e+02 -1.3994e+02 -1.4941e+02
-1.4755e+02 -1.4634e+02 -1.3573e+02 -1.1601e+02
-1.4745e+02 -1.4540e+02 -1.2896e+02 -1.2452e+02
-1.4747e+02 -1.4552e+02 -1.3023e+02 -1.6735e+02
# New trial
-1.4758e+02 -1.4664e+02 -1.3816e+02 -1.1719e+02
-1.4754e+02 -1.4623e+02 -1.3459e+02 -1.1704e+02
-1.4745e+02 -1.4534e+02 -1.2810e+02 -1.1630e+02
-1.4750e+02 -1.4587e+02 -1.3135e+02 -1.2756e+02
# New trial
-1.4757e+02 -1.4652e+02 -1.3698e+02 -1.2394e+02
-1.4753e+02 -1.4615e+02 -1.3400e+02 -1.2063e+02
-1.4743e+02 -1.4513e+02 -1.2809e+02 -1.2609e+02
-1.4743e+02 -1.4519e+02 -1.3190e+02 -2.0422e+02
# New trial
-1.4753e+02 -1.4613e+02 -1.3556e+02 -1.6489e+02
-1.4749e+02 -1.4576e+02 -1.3266e+02 -1.2222e+02
-1.4740e+02 -1.4494e+02 -1.2982e+02 -1.8285e+02
-1.4750e+02 -1.4588e+02 -1.3557e+02 -2.5505e+02
# New trial
-1.4750e+02 -1.4583e+02 -1.3245e+02 -1.1628e+02
-1.4742e+02 -1.4509e+02 -1.2738e+02 -1.1538e+02
-1.4727e+02 -1.4364e+02 -1.2010e+02 -1.1538e+02
-1.4745e+02 -1.4533e+02 -1.2776e+02 -1.2283e+02
# New trial
-1.4756e+02 -1.4644e+02 -1.3643e+02 -1.1708e+02
-1.4751e+02 -1.4598e+02 -1.3280e+02 -1.1580e+02
-1.4738e+02 -1.4468e+02 -1.2425e+02 -1.1665e+02
-1.4737e+02 -1.4456e+02 -1.2755e+02 -2.0066e+02
# New trial
-1.4757e+02 -1.4658e+02 -1.3735e+02 -1.1997e+02
-1.4752e+02 -1.4605e+02 -1.3282e+02 -1.1566e+02
-1.4738e+02 -1.4464e+02 -1.2620e+02 -1.4042e+02
-1.4735e+02 -1.4438e+02 -1.2364e+02 -1.4538e+02
# New trial
-1.4754e+02 -1.4624e+02 -1.3619e+02 -1.2868e+02
-1.4749e+02 -1.4576e+02 -1.3280e+02 -1.1634e+02
-1.4737e+02 -1.4457e+02 -1.2438e+02 -1.1878e+02
-1.4747e+02 -1.4554e+02 -1.2863e+02 -1.2946e+02
# New trial
-1.4756e+02 -1.4646e+02 -1.3667e+02 -1.2110e+02
-1.4752e+02 -1.4607e+02 -1.3359e+02 -1.2199e+02
-1.4742e+02 -1.4510e+02 -1.2906e+02 -1.6162e+02
-1.4748e+02 -1.4563e+02 -1.3232e+02 -1.9153e+02
# New trial
-1.4759e+02 -1.4673e+02 -1.3901e+02 -1.1900e+02
-1.4754e+02 -1.4628e+02 -1.3439e+02 -1.1616e+02
-1.4744e+02 -1.4523e+02 -1.2611e+02 -1.1731e+02
-1.4736e+02 -1.4444e+02 -1.2345e+02 -1.3534e+02
# New trial
-1.4751e+02 -1.4599e+02 -1.3641e+02 -1.3593e+02
-1.4743e+02 -1.4518e+02 -1.2942e+02 -1.1544e+02
-1.4724e+02 -1.4335e+02 -1.2119e+02 -1.1538e+02
-1.4731e+02 -1.4400e+02 -1.2117e+02 -1.1784e+02
# New trial
-1.4752e+02 -1.4609e+02 -1.4136e+02 -2.4323e+02
-1.4744e+02 -1.4531e+02 -1.3003e+02 -1.1598e+02
-1.4723e+02 -1.4333e+02 -1.2478e+02 -1.4276e+02
-1.4725e+02 -1.4344e+02 -1.2335e+02 -1.6992e+02
# New trial
-1.4756e+02 -1.4646e+02 -1.3648e+02 -1.1785e+02
-1.4751e+02 -1.4591e+02 -1.3174e+02 -1.1734e+02
-1.4738e+02 -1.4463e+02 -1.2390e+02 -1.1848e+02
-1.4738e+02 -1.4468e+02 -1.2485e+02 -1.2575e+02
# New trial
-1.4760e+02 -1.4681e+02 -1.3939e+02 -1.2133e+02
-1.4755e+02 -1.4633e+02 -1.3485e+02 -1.1559e+02
-1.4741e+02 -1.4493e+02 -1.2401e+02 -1.1545e+02
-1.4729e+02 -1.4373e+02 -1.2038e+02 -1.2376e+02
# New trial
-1.4757e+02 -1.4657e+02 -1.3731e+02 -1.3325e+02
-1.4753e+02 -1.4619e+02 -1.3409e+02 -1.1673e+02
-1.4744e+02 -1.4530e+02 -1.2697e+02 -1.1631e+02
-1.4746e+02 -1.4549e+02 -1.2805e+02 -1.1838e+02
# New trial
-1.4758e+02 -1.4663e+02 -1.4136e+02 -2.1575e+02
-1.4751e+02 -1.4601e+02 -1.3327e+02 -1.1664e+02
-1.4736e+02 -1.4447e+02 -1.2393e+02 -1.2625e+02
-1.4739e+02 -1.4472e+02 -1.2481e+02 -1.3764e+02
# New trial
-1.4755e+02 -1.4636e+02 -1.3806e+02 -1.5060e+02
-1.4750e+02 -1.4584e+02 -1.3228e+02 -1.1565e+02
-1.4738e+02 -1.4468e+02 -1.2375e+02 -1.1564e+02
-1.4743e+02 -1.4516e+02 -1.2546e+02 -1.1621e+02
# New trial
-1.4756e+02 -1.4643e+02 -1.3843e+02 -2.0781e+02
-1.4752e+02 -1.4602e+02 -1.3317e+02 -1.1715e+02
-1.4742e+02 -1.4511e+02 -1.2765e+02 -1.3202e+02
-1.4748e+02 -1.4570e+02 -1.3330e+02 -2.3238e+02
# New trial
-1.4756e+02 -1.4646e+02 -1.3655e+02 -1.1965e+02
-1.4752e+02 -1.4605e+02 -1.3332e+02 -1.1731e+02
-1.4743e+02 -1.4515e+02 -1.2713e+02 -1.2990e+02
-1.4745e+02 -1.4541e+02 -1.2923e+02 -1.6666e+02
# New trial
-1.4757e+02 -1.4657e+02 -1.3790e+02 -1.2824e+02
-1.4753e+02 -1.4614e+02 -1.3398e+02 -1.2026e+02
-1.4743e+02 -1.4514e+02 -1.2688e+02 -1.3617e+02
-1.4745e+02 -1.4533e+02 -1.3025e+02 -2.0659e+02
# New trial
-1.4757e+02 -1.4657e+02 -1.3869e+02 -2.0733e+02
-1.4755e+02 -1.4637e+02 -1.3563e+02 -1.1560e+02
-1.4749e+02 -1.4579e+02 -1.3038e+02 -1.1626e+02
-1.4754e+02 -1.4630e+02 -1.3465e+02 -1.2620e+02
# New trial
-1.4755e+02 -1.4641e+02 -1.3944e+02 -1.8204e+02
-1.4749e+02 -1.4576e+02 -1.3073e+02 -1.1557e+02
-1.4736e+02 -1.4446e+02 -1.2535e+02 -1.4983e+02
-1.4731e+02 -1.4402e+02 -1.3283e+02 -2.6397e+02
# New trial
-1.4758e+02 -1.4669e+02 -1.3847e+02 -1.2595e+02
-1.4757e+02 -1.4650e+02 -1.3694e+02 -1.2586e+02
-1.4752e+02 -1.4607e+02 -1.3413e+02 -1.5537e+02
-1.4759e+02 -1.4680e+02 -1.4038e+02 -2.0514e+02
# New trial
-1.4756e+02 -1.4647e+02 -1.3864e+02 -1.6617e+02
-1.4749e+02 -1.4575e+02 -1.3135e+02 -1.1669e+02
-1.4727e+02 -1.4360e+02 -1.2075e+02 -1.1548e+02
-1.4722e+02 -1.4306e+02 -1.2217e+02 -1.4780e+02
# New trial
-1.4757e+02 -1.4660e+02 -1.3799e+02 -1.4277e+02
-1.4753e+02 -1.4617e+02 -1.3395e+02 -1.1551e+02
-1.4740e+02 -1.4490e+02 -1.2621e+02 -1.2875e+02
-1.4738e+02 -1.4465e+02 -1.2693e+02 -1.7161e+02
# New trial
-1.4758e+02 -1.4663e+02 -1.3770e+02 -1.1684e+02
-1.4755e+02 -1.4640e+02 -1.3571e+02 -1.1693e+02
-1.4751e+02 -1.4599e+02 -1.3236e+02 -1.2819e+02
-1.4756e+02 -1.4640e+02 -1.3567e+02 -1.5090e+02
# New trial
