# 0.1sig - Array shape (trial/sig/alpha): (30L, 4L, 4L)
-8.7262e+01 -8.3779e+01 -7.5726e+01 -2.3315e+02
-8.7226e+01 -8.3404e+01 -6.4722e+01 -4.7385e+01
-8.7276e+01 -8.3754e+01 -6.4917e+01 -1.0980e+02
-8.7603e+01 -8.6856e+01 -8.1256e+01 -2.1584e+02
# New trial
-8.7362e+01 -8.4548e+01 -6.7547e+01 -7.1887e+01
-8.7327e+01 -8.4240e+01 -6.5285e+01 -4.8077e+01
-8.7370e+01 -8.4609e+01 -6.6787e+01 -1.1335e+02
-8.7566e+01 -8.6486e+01 -7.7456e+01 -1.5237e+02
# New trial
-8.7384e+01 -8.4796e+01 -7.5230e+01 -1.6768e+02
-8.7287e+01 -8.3783e+01 -6.1264e+01 -4.7430e+01
-8.7118e+01 -8.2076e+01 -5.5761e+01 -8.4081e+01
-8.7289e+01 -8.3748e+01 -6.5753e+01 -1.4695e+02
# New trial
-8.7323e+01 -8.4149e+01 -7.3606e+01 -2.1476e+02
-8.7270e+01 -8.3567e+01 -5.7665e+01 -4.6515e+01
-8.7179e+01 -8.2666e+01 -5.6157e+01 -9.4233e+01
-8.7361e+01 -8.4458e+01 -6.8546e+01 -1.8757e+02
# New trial
-8.7492e+01 -8.5844e+01 -8.3747e+01 -2.8106e+02
-8.7431e+01 -8.5200e+01 -6.9303e+01 -6.7653e+01
-8.7379e+01 -8.4673e+01 -6.6968e+01 -1.4125e+02
-8.7558e+01 -8.6410e+01 -7.6373e+01 -1.0017e+02
# New trial
-8.7493e+01 -8.5817e+01 -7.6964e+01 -1.3077e+02
-8.7456e+01 -8.5445e+01 -7.1291e+01 -4.8608e+01
-8.7439e+01 -8.5240e+01 -6.7502e+01 -6.9840e+01
-8.7584e+01 -8.6659e+01 -7.8361e+01 -1.0034e+02
# New trial
-8.7410e+01 -8.4979e+01 -6.8116e+01 -5.3800e+01
-8.7351e+01 -8.4397e+01 -6.3383e+01 -4.6623e+01
-8.7284e+01 -8.3713e+01 -5.7664e+01 -5.0197e+01
-8.7488e+01 -8.5711e+01 -7.0853e+01 -7.6013e+01
# New trial
-8.7295e+01 -8.3959e+01 -7.7218e+01 -2.3756e+02
-8.7312e+01 -8.4055e+01 -6.5265e+01 -4.9567e+01
-8.7348e+01 -8.4380e+01 -6.7929e+01 -1.4993e+02
-8.7576e+01 -8.6608e+01 -8.2218e+01 -2.6777e+02
# New trial
-8.7290e+01 -8.3980e+01 -6.6869e+01 -6.4072e+01
-8.7205e+01 -8.3168e+01 -6.1178e+01 -4.6549e+01
-8.7245e+01 -8.3442e+01 -6.5595e+01 -1.6033e+02
-8.7584e+01 -8.6663e+01 -7.9206e+01 -1.8118e+02
# New trial
-8.7329e+01 -8.4214e+01 -6.4748e+01 -4.9550e+01
-8.7272e+01 -8.3647e+01 -6.1771e+01 -4.8384e+01
-8.7274e+01 -8.3623e+01 -6.1428e+01 -1.0763e+02
-8.7512e+01 -8.5949e+01 -7.3523e+01 -1.1830e+02
# New trial
-8.7456e+01 -8.5433e+01 -7.1699e+01 -5.5922e+01
-8.7347e+01 -8.4361e+01 -6.2967e+01 -4.6590e+01
-8.7202e+01 -8.2907e+01 -5.4298e+01 -5.4342e+01
-8.7423e+01 -8.5064e+01 -6.8440e+01 -1.6287e+02
# New trial
-8.7303e+01 -8.3999e+01 -6.7726e+01 -1.0764e+02
-8.7264e+01 -8.3630e+01 -6.3337e+01 -4.8301e+01
-8.7336e+01 -8.4288e+01 -6.7247e+01 -1.4663e+02
-8.7597e+01 -8.6806e+01 -8.1073e+01 -1.8632e+02
# New trial
-8.7285e+01 -8.3828e+01 -6.9916e+01 -1.7460e+02
-8.7317e+01 -8.4095e+01 -6.3032e+01 -4.7841e+01
-8.7386e+01 -8.4740e+01 -6.9656e+01 -1.8097e+02
-8.7622e+01 -8.7050e+01 -8.2458e+01 -1.7755e+02
# New trial
-8.7535e+01 -8.6292e+01 -8.5815e+01 -2.2480e+02
-8.7436e+01 -8.5223e+01 -6.8044e+01 -4.6545e+01
-8.7324e+01 -8.4090e+01 -5.9244e+01 -6.4296e+01
-8.7422e+01 -8.5049e+01 -6.6813e+01 -6.0689e+01
# New trial
-8.7227e+01 -8.3518e+01 -7.2269e+01 -1.1122e+02
-8.7103e+01 -8.2245e+01 -5.9562e+01 -4.6531e+01
-8.7114e+01 -8.2199e+01 -6.5278e+01 -1.7412e+02
-8.7556e+01 -8.6397e+01 -8.1750e+01 -3.0124e+02
# New trial
-8.7217e+01 -8.3631e+01 -9.1972e+01 -3.5869e+02
-8.7109e+01 -8.2277e+01 -6.0969e+01 -4.7849e+01
-8.7128e+01 -8.2319e+01 -6.7819e+01 -2.0328e+02
-8.7563e+01 -8.6517e+01 -9.0930e+01 -4.2410e+02
# New trial
-8.7345e+01 -8.4395e+01 -6.8245e+01 -7.6025e+01
-8.7284e+01 -8.3796e+01 -6.2303e+01 -4.8098e+01
-8.7319e+01 -8.4101e+01 -6.5654e+01 -1.1841e+02
-8.7568e+01 -8.6517e+01 -8.1283e+01 -2.2401e+02
# New trial
-8.7426e+01 -8.5125e+01 -7.0563e+01 -9.8656e+01
-8.7366e+01 -8.4530e+01 -6.3679e+01 -4.6843e+01
-8.7293e+01 -8.3770e+01 -5.7490e+01 -6.0997e+01
-8.7443e+01 -8.5251e+01 -6.7680e+01 -9.7505e+01
# New trial
-8.7439e+01 -8.5261e+01 -6.9764e+01 -5.7982e+01
-8.7389e+01 -8.4776e+01 -6.6908e+01 -4.8409e+01
-8.7372e+01 -8.4607e+01 -6.7711e+01 -1.1500e+02
-8.7549e+01 -8.6318e+01 -7.7631e+01 -1.7306e+02
# New trial
-8.7424e+01 -8.5253e+01 -8.6195e+01 -2.8438e+02
-8.7311e+01 -8.4053e+01 -6.3086e+01 -4.6531e+01
-8.7179e+01 -8.2721e+01 -5.5821e+01 -6.9109e+01
-8.7466e+01 -8.5527e+01 -7.0064e+01 -1.0509e+02
# New trial
-8.7336e+01 -8.4362e+01 -7.2591e+01 -1.5023e+02
-8.7317e+01 -8.4140e+01 -6.6329e+01 -4.8006e+01
-8.7342e+01 -8.4335e+01 -6.5590e+01 -1.2177e+02
-8.7590e+01 -8.6738e+01 -7.9646e+01 -1.3355e+02
# New trial
-8.7414e+01 -8.5085e+01 -7.7265e+01 -2.2396e+02
-8.7371e+01 -8.4638e+01 -6.7177e+01 -4.7658e+01
-8.7393e+01 -8.4830e+01 -6.8047e+01 -1.2419e+02
-8.7618e+01 -8.7022e+01 -8.3394e+01 -2.4459e+02
# New trial
-8.7375e+01 -8.4645e+01 -6.7538e+01 -6.4559e+01
-8.7329e+01 -8.4201e+01 -6.4367e+01 -4.8472e+01
-8.7315e+01 -8.4038e+01 -6.3839e+01 -1.1769e+02
-8.7530e+01 -8.6133e+01 -7.8511e+01 -2.5187e+02
# New trial
-8.7364e+01 -8.4523e+01 -6.5833e+01 -6.7834e+01
-8.7338e+01 -8.4271e+01 -6.2956e+01 -5.3628e+01
-8.7350e+01 -8.4361e+01 -6.4595e+01 -1.0800e+02
-8.7551e+01 -8.6342e+01 -7.8100e+01 -2.1236e+02
# New trial
-8.7483e+01 -8.5693e+01 -7.4649e+01 -1.7626e+02
-8.7463e+01 -8.5478e+01 -7.0374e+01 -5.1222e+01
-8.7441e+01 -8.5252e+01 -6.7922e+01 -9.8034e+01
-8.7563e+01 -8.6452e+01 -7.7318e+01 -1.3246e+02
# New trial
-8.7304e+01 -8.4236e+01 -8.0685e+01 -2.1389e+02
-8.7229e+01 -8.3246e+01 -6.0524e+01 -4.7223e+01
-8.7247e+01 -8.3377e+01 -6.4820e+01 -1.5569e+02
-8.7546e+01 -8.6290e+01 -7.5980e+01 -1.3304e+02
# New trial
-8.7335e+01 -8.4257e+01 -6.6748e+01 -1.2700e+02
-8.7406e+01 -8.4935e+01 -6.7088e+01 -5.1569e+01
-8.7515e+01 -8.5998e+01 -7.4505e+01 -1.2550e+02
-8.7652e+01 -8.7336e+01 -8.4683e+01 -1.3078e+02
# New trial
-8.7302e+01 -8.4018e+01 -7.0914e+01 -1.2335e+02
-8.7225e+01 -8.3188e+01 -5.7415e+01 -4.6876e+01
-8.7222e+01 -8.3145e+01 -6.0643e+01 -9.3824e+01
-8.7526e+01 -8.6097e+01 -7.6822e+01 -2.1894e+02
# New trial
-8.7346e+01 -8.4382e+01 -6.9167e+01 -8.7336e+01
-8.7276e+01 -8.3653e+01 -5.9840e+01 -4.7019e+01
-8.7226e+01 -8.3129e+01 -5.6134e+01 -6.4927e+01
-8.7478e+01 -8.5609e+01 -6.9965e+01 -6.8144e+01
# New trial
-8.7408e+01 -8.4970e+01 -6.9212e+01 -8.4170e+01
-8.7440e+01 -8.5273e+01 -6.9291e+01 -5.5438e+01
-8.7518e+01 -8.6029e+01 -7.4664e+01 -1.0475e+02
-8.7635e+01 -8.7174e+01 -8.3674e+01 -1.7420e+02
# New trial
