# 0.1sig - Array shape (trial/sig/alpha): (30, 4, 4)
-1.2906e+02 -1.2765e+02 -1.1912e+02 -1.4489e+02
-1.2904e+02 -1.2744e+02 -1.1753e+02 -1.0667e+02
-1.2899e+02 -1.2699e+02 -1.1796e+02 -1.5845e+02
-1.2912e+02 -1.2826e+02 -1.2718e+02 -2.7746e+02
# New trial
-1.2912e+02 -1.2822e+02 -1.2060e+02 -1.0752e+02
-1.2909e+02 -1.2790e+02 -1.1853e+02 -1.0773e+02
-1.2900e+02 -1.2701e+02 -1.1314e+02 -1.1603e+02
-1.2898e+02 -1.2681e+02 -1.1236e+02 -1.3573e+02
# New trial
-1.2912e+02 -1.2823e+02 -1.2170e+02 -1.2690e+02
-1.2907e+02 -1.2770e+02 -1.1663e+02 -1.0649e+02
-1.2898e+02 -1.2679e+02 -1.1375e+02 -1.2980e+02
-1.2899e+02 -1.2690e+02 -1.1705e+02 -1.8023e+02
# New trial
-1.2910e+02 -1.2801e+02 -1.2037e+02 -1.6483e+02
-1.2907e+02 -1.2771e+02 -1.1644e+02 -1.0733e+02
-1.2898e+02 -1.2686e+02 -1.1299e+02 -1.2690e+02
-1.2898e+02 -1.2678e+02 -1.1851e+02 -2.0776e+02
# New trial
-1.2915e+02 -1.2847e+02 -1.2350e+02 -1.5429e+02
-1.2911e+02 -1.2811e+02 -1.1960e+02 -1.0736e+02
-1.2903e+02 -1.2730e+02 -1.1426e+02 -1.1210e+02
-1.2904e+02 -1.2738e+02 -1.1471e+02 -1.3324e+02
# New trial
-1.2914e+02 -1.2842e+02 -1.2198e+02 -1.0751e+02
-1.2911e+02 -1.2810e+02 -1.1915e+02 -1.0679e+02
-1.2905e+02 -1.2750e+02 -1.1467e+02 -1.1094e+02
-1.2910e+02 -1.2803e+02 -1.1873e+02 -1.3740e+02
# New trial
-1.2913e+02 -1.2826e+02 -1.2044e+02 -1.0715e+02
-1.2910e+02 -1.2801e+02 -1.1832e+02 -1.0674e+02
-1.2905e+02 -1.2747e+02 -1.1440e+02 -1.0631e+02
-1.2908e+02 -1.2778e+02 -1.1773e+02 -1.6844e+02
# New trial
-1.2910e+02 -1.2801e+02 -1.2034e+02 -1.6452e+02
-1.2907e+02 -1.2770e+02 -1.1726e+02 -1.0698e+02
-1.2902e+02 -1.2720e+02 -1.1391e+02 -1.2435e+02
-1.2912e+02 -1.2816e+02 -1.1957e+02 -1.3909e+02
# New trial
-1.2907e+02 -1.2772e+02 -1.1770e+02 -1.0728e+02
-1.2902e+02 -1.2719e+02 -1.1466e+02 -1.0627e+02
-1.2895e+02 -1.2651e+02 -1.1285e+02 -1.1718e+02
-1.2909e+02 -1.2794e+02 -1.2139e+02 -2.2344e+02
# New trial
-1.2912e+02 -1.2820e+02 -1.2005e+02 -1.0729e+02
-1.2908e+02 -1.2784e+02 -1.1728e+02 -1.0701e+02
-1.2901e+02 -1.2710e+02 -1.1239e+02 -1.1005e+02
-1.2907e+02 -1.2767e+02 -1.1568e+02 -1.1320e+02
# New trial
-1.2914e+02 -1.2835e+02 -1.2125e+02 -1.0710e+02
-1.2909e+02 -1.2792e+02 -1.1795e+02 -1.0673e+02
-1.2897e+02 -1.2671e+02 -1.1479e+02 -1.3351e+02
-1.2892e+02 -1.2629e+02 -1.1588e+02 -1.6683e+02
# New trial
-1.2910e+02 -1.2800e+02 -1.1947e+02 -1.1292e+02
-1.2905e+02 -1.2756e+02 -1.1684e+02 -1.0739e+02
-1.2894e+02 -1.2644e+02 -1.1140e+02 -1.0650e+02
-1.2903e+02 -1.2733e+02 -1.1508e+02 -1.3208e+02
# New trial
-1.2913e+02 -1.2829e+02 -1.2121e+02 -1.1606e+02
-1.2911e+02 -1.2807e+02 -1.1913e+02 -1.0739e+02
-1.2907e+02 -1.2767e+02 -1.1615e+02 -1.2137e+02
-1.2915e+02 -1.2846e+02 -1.2246e+02 -1.6154e+02
# New trial
-1.2915e+02 -1.2851e+02 -1.2285e+02 -1.1221e+02
-1.2912e+02 -1.2816e+02 -1.1916e+02 -1.0615e+02
-1.2904e+02 -1.2737e+02 -1.1356e+02 -1.0886e+02
-1.2899e+02 -1.2696e+02 -1.1626e+02 -1.6861e+02
# New trial
-1.2910e+02 -1.2804e+02 -1.2346e+02 -1.6528e+02
-1.2903e+02 -1.2739e+02 -1.1721e+02 -1.0645e+02
-1.2891e+02 -1.2618e+02 -1.1253e+02 -1.2314e+02
-1.2899e+02 -1.2695e+02 -1.1614e+02 -1.6991e+02
# New trial
-1.2908e+02 -1.2785e+02 -1.2248e+02 -1.9163e+02
-1.2903e+02 -1.2729e+02 -1.1517e+02 -1.0626e+02
-1.2889e+02 -1.2595e+02 -1.1023e+02 -1.0779e+02
-1.2895e+02 -1.2649e+02 -1.1214e+02 -1.2833e+02
# New trial
-1.2912e+02 -1.2820e+02 -1.2001e+02 -1.0658e+02
-1.2908e+02 -1.2780e+02 -1.1692e+02 -1.0664e+02
-1.2898e+02 -1.2684e+02 -1.1196e+02 -1.1294e+02
-1.2901e+02 -1.2710e+02 -1.1367e+02 -1.4555e+02
# New trial
-1.2915e+02 -1.2848e+02 -1.2231e+02 -1.0883e+02
-1.2911e+02 -1.2813e+02 -1.1931e+02 -1.0700e+02
-1.2901e+02 -1.2709e+02 -1.1267e+02 -1.0620e+02
-1.2892e+02 -1.2621e+02 -1.0910e+02 -1.0635e+02
# New trial
-1.2914e+02 -1.2838e+02 -1.2162e+02 -1.2027e+02
-1.2911e+02 -1.2813e+02 -1.1943e+02 -1.0689e+02
-1.2906e+02 -1.2757e+02 -1.1561e+02 -1.1233e+02
-1.2909e+02 -1.2793e+02 -1.1734e+02 -1.0909e+02
# New trial
-1.2914e+02 -1.2842e+02 -1.2530e+02 -1.7571e+02
-1.2909e+02 -1.2793e+02 -1.1864e+02 -1.0729e+02
-1.2897e+02 -1.2677e+02 -1.1334e+02 -1.2689e+02
-1.2900e+02 -1.2702e+02 -1.1784e+02 -1.9830e+02
# New trial
-1.2912e+02 -1.2821e+02 -1.2233e+02 -1.3778e+02
-1.2908e+02 -1.2782e+02 -1.1801e+02 -1.0632e+02
-1.2900e+02 -1.2705e+02 -1.1194e+02 -1.0616e+02
-1.2906e+02 -1.2758e+02 -1.1478e+02 -1.1678e+02
# New trial
-1.2913e+02 -1.2826e+02 -1.2258e+02 -1.5501e+02
-1.2910e+02 -1.2796e+02 -1.1852e+02 -1.0659e+02
-1.2903e+02 -1.2732e+02 -1.1374e+02 -1.0744e+02
-1.2907e+02 -1.2771e+02 -1.1600e+02 -1.2612e+02
# New trial
-1.2913e+02 -1.2831e+02 -1.2119e+02 -1.0827e+02
-1.2910e+02 -1.2797e+02 -1.1851e+02 -1.0643e+02
-1.2902e+02 -1.2720e+02 -1.1329e+02 -1.1174e+02
-1.2906e+02 -1.2761e+02 -1.1743e+02 -1.6703e+02
# New trial
-1.2913e+02 -1.2833e+02 -1.2116e+02 -1.2050e+02
-1.2910e+02 -1.2798e+02 -1.1808e+02 -1.0633e+02
-1.2903e+02 -1.2734e+02 -1.1312e+02 -1.0626e+02
-1.2910e+02 -1.2798e+02 -1.1808e+02 -1.0734e+02
# New trial
-1.2913e+02 -1.2829e+02 -1.2071e+02 -1.1034e+02
-1.2912e+02 -1.2821e+02 -1.2004e+02 -1.0745e+02
-1.2909e+02 -1.2792e+02 -1.1809e+02 -1.1835e+02
-1.2914e+02 -1.2843e+02 -1.2243e+02 -1.5233e+02
# New trial
-1.2912e+02 -1.2824e+02 -1.2384e+02 -1.6208e+02
-1.2907e+02 -1.2775e+02 -1.1670e+02 -1.0640e+02
-1.2897e+02 -1.2675e+02 -1.1204e+02 -1.2560e+02
-1.2895e+02 -1.2654e+02 -1.1279e+02 -1.5438e+02
# New trial
-1.2914e+02 -1.2836e+02 -1.2138e+02 -1.1367e+02
-1.2913e+02 -1.2832e+02 -1.2130e+02 -1.2115e+02
-1.2912e+02 -1.2824e+02 -1.2177e+02 -1.7282e+02
-1.2917e+02 -1.2871e+02 -1.2539e+02 -2.1072e+02
# New trial
-1.2912e+02 -1.2817e+02 -1.2144e+02 -1.4586e+02
-1.2906e+02 -1.2765e+02 -1.1634e+02 -1.0678e+02
-1.2892e+02 -1.2625e+02 -1.0983e+02 -1.0963e+02
-1.2894e+02 -1.2643e+02 -1.0975e+02 -1.0615e+02
# New trial
-1.2913e+02 -1.2834e+02 -1.2174e+02 -1.2187e+02
-1.2910e+02 -1.2799e+02 -1.1841e+02 -1.0678e+02
-1.2900e+02 -1.2698e+02 -1.1268e+02 -1.2411e+02
-1.2895e+02 -1.2656e+02 -1.1167e+02 -1.3968e+02
# New trial
-1.2915e+02 -1.2853e+02 -1.2274e+02 -1.1379e+02
-1.2914e+02 -1.2837e+02 -1.2150e+02 -1.1460e+02
-1.2912e+02 -1.2821e+02 -1.2043e+02 -1.3132e+02
-1.2916e+02 -1.2859e+02 -1.2338e+02 -1.5546e+02
# New trial
