# 0.1sig - Array shape (trial/sig/alpha): (30, 4, 4)
-1.5175e+02 -1.4705e+02 -1.2108e+02 -2.2928e+02
-1.5164e+02 -1.4602e+02 -1.1134e+02 -7.2765e+01
-1.5137e+02 -1.4340e+02 -1.0414e+02 -2.5426e+02
-1.5184e+02 -1.4777e+02 -1.1625e+02 -2.5434e+02
# New trial
-1.5194e+02 -1.4874e+02 -1.2328e+02 -7.5632e+01
-1.5181e+02 -1.4752e+02 -1.1413e+02 -7.2592e+01
-1.5150e+02 -1.4447e+02 -9.3271e+01 -8.3084e+01
-1.5161e+02 -1.4547e+02 -9.8668e+01 -1.1495e+02
# New trial
-1.5190e+02 -1.4836e+02 -1.2474e+02 -1.7544e+02
-1.5169e+02 -1.4625e+02 -1.0180e+02 -6.9265e+01
-1.5130e+02 -1.4237e+02 -8.6733e+01 -1.4238e+02
-1.5133e+02 -1.4269e+02 -1.2012e+02 -5.4257e+02
# New trial
-1.5184e+02 -1.4779e+02 -1.1747e+02 -1.5505e+02
-1.5172e+02 -1.4659e+02 -1.0275e+02 -7.4734e+01
-1.5140e+02 -1.4338e+02 -8.6983e+01 -9.7829e+01
-1.5141e+02 -1.4352e+02 -9.3943e+01 -1.5264e+02
# New trial
-1.5199e+02 -1.4932e+02 -1.3205e+02 -2.8251e+02
-1.5188e+02 -1.4815e+02 -1.1741e+02 -7.6817e+01
-1.5164e+02 -1.4581e+02 -1.0347e+02 -1.3561e+02
-1.5175e+02 -1.4692e+02 -1.1273e+02 -2.8196e+02
# New trial
-1.5203e+02 -1.4965e+02 -1.2927e+02 -1.2667e+02
-1.5192e+02 -1.4851e+02 -1.1929e+02 -7.8836e+01
-1.5174e+02 -1.4678e+02 -1.0642e+02 -1.1189e+02
-1.5197e+02 -1.4907e+02 -1.2271e+02 -1.6949e+02
# New trial
-1.5195e+02 -1.4882e+02 -1.2213e+02 -8.4662e+01
-1.5184e+02 -1.4778e+02 -1.1410e+02 -7.5277e+01
-1.5158e+02 -1.4519e+02 -9.8749e+01 -9.5298e+01
-1.5167e+02 -1.4610e+02 -1.0478e+02 -1.9382e+02
# New trial
-1.5181e+02 -1.4751e+02 -1.1911e+02 -2.0328e+02
-1.5174e+02 -1.4681e+02 -1.1189e+02 -7.8617e+01
-1.5161e+02 -1.4549e+02 -1.0574e+02 -1.9667e+02
-1.5191e+02 -1.4850e+02 -1.2685e+02 -4.3078e+02
# New trial
-1.5172e+02 -1.4666e+02 -1.1121e+02 -7.1969e+01
-1.5153e+02 -1.4490e+02 -1.0172e+02 -7.0010e+01
-1.5125e+02 -1.4212e+02 -9.3645e+01 -1.9315e+02
-1.5176e+02 -1.4701e+02 -1.1175e+02 -3.0348e+02
# New trial
-1.5188e+02 -1.4820e+02 -1.1775e+02 -7.7065e+01
-1.5175e+02 -1.4691e+02 -1.0900e+02 -7.2140e+01
-1.5145e+02 -1.4387e+02 -9.3181e+01 -1.2597e+02
-1.5160e+02 -1.4536e+02 -1.1183e+02 -3.8229e+02
# New trial
-1.5196e+02 -1.4899e+02 -1.2304e+02 -8.8856e+01
-1.5181e+02 -1.4740e+02 -1.0992e+02 -7.1963e+01
-1.5141e+02 -1.4355e+02 -8.7745e+01 -8.4715e+01
-1.5143e+02 -1.4367e+02 -9.9117e+01 -2.1514e+02
# New trial
-1.5183e+02 -1.4772e+02 -1.2102e+02 -1.9293e+02
-1.5171e+02 -1.4652e+02 -1.1158e+02 -7.4692e+01
-1.5149e+02 -1.4440e+02 -1.0387e+02 -1.6922e+02
-1.5187e+02 -1.4810e+02 -1.2116e+02 -3.1212e+02
# New trial
-1.5185e+02 -1.4790e+02 -1.1821e+02 -1.2250e+02
-1.5179e+02 -1.4724e+02 -1.1027e+02 -8.0634e+01
-1.5162e+02 -1.4558e+02 -1.0230e+02 -1.8434e+02
-1.5190e+02 -1.4838e+02 -1.1833e+02 -2.1272e+02
# New trial
-1.5201e+02 -1.4945e+02 -1.2807e+02 -1.1914e+02
-1.5189e+02 -1.4827e+02 -1.1507e+02 -7.4376e+01
-1.5163e+02 -1.4564e+02 -9.6163e+01 -9.1265e+01
-1.5151e+02 -1.4449e+02 -9.7374e+01 -1.4590e+02
# New trial
-1.5178e+02 -1.4737e+02 -1.2637e+02 -1.9788e+02
-1.5153e+02 -1.4493e+02 -1.0394e+02 -7.0888e+01
-1.5111e+02 -1.4075e+02 -9.1294e+01 -1.1516e+02
-1.5157e+02 -1.4512e+02 -1.0261e+02 -2.4216e+02
# New trial
-1.5176e+02 -1.4726e+02 -1.3948e+02 -4.2489e+02
-1.5156e+02 -1.4511e+02 -1.0310e+02 -7.3983e+01
-1.5114e+02 -1.4110e+02 -1.0384e+02 -3.2988e+02
-1.5145e+02 -1.4390e+02 -1.0928e+02 -3.7568e+02
# New trial
-1.5190e+02 -1.4838e+02 -1.1827e+02 -7.1530e+01
-1.5173e+02 -1.4671e+02 -1.0444e+02 -6.9281e+01
-1.5137e+02 -1.4314e+02 -8.2534e+01 -6.9227e+01
-1.5155e+02 -1.4479e+02 -9.3628e+01 -7.4922e+01
# New trial
-1.5201e+02 -1.4946e+02 -1.2636e+02 -8.3732e+01
-1.5187e+02 -1.4805e+02 -1.1390e+02 -7.3118e+01
-1.5154e+02 -1.4477e+02 -9.0618e+01 -7.7339e+01
-1.5144e+02 -1.4374e+02 -8.8496e+01 -1.1020e+02
# New trial
-1.5198e+02 -1.4912e+02 -1.2453e+02 -1.1566e+02
-1.5188e+02 -1.4811e+02 -1.1617e+02 -7.1576e+01
-1.5166e+02 -1.4595e+02 -1.0008e+02 -7.9348e+01
-1.5179e+02 -1.4721e+02 -1.1213e+02 -2.7228e+02
# New trial
-1.5197e+02 -1.4917e+02 -1.3771e+02 -3.9039e+02
-1.5180e+02 -1.4736e+02 -1.1312e+02 -7.2386e+01
-1.5138e+02 -1.4331e+02 -9.3609e+01 -1.2737e+02
-1.5159e+02 -1.4530e+02 -1.1467e+02 -4.3164e+02
# New trial
-1.5188e+02 -1.4826e+02 -1.2609e+02 -1.7439e+02
-1.5177e+02 -1.4706e+02 -1.1134e+02 -7.2798e+01
-1.5156e+02 -1.4500e+02 -9.5134e+01 -8.6763e+01
-1.5182e+02 -1.4756e+02 -1.1079e+02 -1.5090e+02
# New trial
-1.5194e+02 -1.4876e+02 -1.2898e+02 -2.3380e+02
-1.5182e+02 -1.4758e+02 -1.1489e+02 -7.4832e+01
-1.5159e+02 -1.4530e+02 -1.0071e+02 -1.7489e+02
-1.5182e+02 -1.4755e+02 -1.1552e+02 -3.3028e+02
# New trial
-1.5191e+02 -1.4843e+02 -1.1779e+02 -7.3608e+01
-1.5180e+02 -1.4733e+02 -1.0975e+02 -7.3109e+01
-1.5155e+02 -1.4485e+02 -9.8328e+01 -1.6439e+02
-1.5168e+02 -1.4618e+02 -1.1502e+02 -4.2266e+02
# New trial
-1.5194e+02 -1.4876e+02 -1.2209e+02 -9.1558e+01
-1.5183e+02 -1.4762e+02 -1.1204e+02 -7.9266e+01
-1.5160e+02 -1.4534e+02 -9.4727e+01 -8.5663e+01
-1.5176e+02 -1.4698e+02 -1.0615e+02 -1.0518e+02
# New trial
-1.5202e+02 -1.4951e+02 -1.2987e+02 -2.3998e+02
-1.5196e+02 -1.4898e+02 -1.2327e+02 -7.7812e+01
-1.5180e+02 -1.4734e+02 -1.0821e+02 -9.0790e+01
-1.5192e+02 -1.4852e+02 -1.1766e+02 -1.5133e+02
# New trial
-1.5188e+02 -1.4831e+02 -1.3297e+02 -2.9776e+02
-1.5172e+02 -1.4653e+02 -1.0497e+02 -7.3427e+01
-1.5144e+02 -1.4385e+02 -9.8518e+01 -1.7322e+02
-1.5153e+02 -1.4471e+02 -1.1483e+02 -4.2362e+02
# New trial
-1.5195e+02 -1.4882e+02 -1.2207e+02 -1.0183e+02
-1.5192e+02 -1.4853e+02 -1.2017e+02 -9.8591e+01
-1.5186e+02 -1.4793e+02 -1.1721e+02 -2.0255e+02
-1.5211e+02 -1.5038e+02 -1.3517e+02 -2.7940e+02
# New trial
-1.5184e+02 -1.4784e+02 -1.2042e+02 -1.4655e+02
-1.5169e+02 -1.4632e+02 -1.0487e+02 -7.0959e+01
-1.5128e+02 -1.4231e+02 -9.8161e+01 -1.7341e+02
-1.5143e+02 -1.4377e+02 -1.0872e+02 -3.6234e+02
# New trial
-1.5195e+02 -1.4882e+02 -1.2414e+02 -1.3122e+02
-1.5180e+02 -1.4735e+02 -1.0941e+02 -7.0536e+01
-1.5143e+02 -1.4364e+02 -9.0081e+01 -1.1836e+02
-1.5145e+02 -1.4387e+02 -1.0159e+02 -3.1135e+02
# New trial
-1.5199e+02 -1.4928e+02 -1.2528e+02 -1.0485e+02
-1.5194e+02 -1.4874e+02 -1.2061e+02 -9.5470e+01
-1.5187e+02 -1.4805e+02 -1.1504e+02 -1.2689e+02
-1.5204e+02 -1.4977e+02 -1.2879e+02 -1.2613e+02
# New trial
