# 0.1sig - Array shape (trial/sig/alpha): (30, 4, 4)
-1.5668e+02 -1.5459e+02 -1.3934e+02 -1.3874e+02
-1.5661e+02 -1.5399e+02 -1.3643e+02 -1.1591e+02
-1.5646e+02 -1.5250e+02 -1.3056e+02 -1.4153e+02
-1.5664e+02 -1.5427e+02 -1.3952e+02 -2.5451e+02
# New trial
-1.5676e+02 -1.5541e+02 -1.4396e+02 -1.4203e+02
-1.5670e+02 -1.5481e+02 -1.3894e+02 -1.1666e+02
-1.5657e+02 -1.5350e+02 -1.2914e+02 -1.2246e+02
-1.5660e+02 -1.5378e+02 -1.3103e+02 -1.3889e+02
# New trial
-1.5675e+02 -1.5528e+02 -1.4329e+02 -1.3078e+02
-1.5665e+02 -1.5431e+02 -1.3377e+02 -1.1546e+02
-1.5644e+02 -1.5220e+02 -1.2091e+02 -1.1539e+02
-1.5635e+02 -1.5132e+02 -1.2045e+02 -1.1538e+02
# New trial
-1.5672e+02 -1.5499e+02 -1.4004e+02 -1.6070e+02
-1.5667e+02 -1.5447e+02 -1.3495e+02 -1.1613e+02
-1.5651e+02 -1.5295e+02 -1.2784e+02 -1.6129e+02
-1.5648e+02 -1.5265e+02 -1.3892e+02 -3.1699e+02
# New trial
-1.5679e+02 -1.5570e+02 -1.4729e+02 -1.7522e+02
-1.5673e+02 -1.5508e+02 -1.4011e+02 -1.1542e+02
-1.5660e+02 -1.5375e+02 -1.2911e+02 -1.1588e+02
-1.5662e+02 -1.5394e+02 -1.3039e+02 -1.1543e+02
# New trial
-1.5679e+02 -1.5565e+02 -1.4538e+02 -1.2765e+02
-1.5674e+02 -1.5514e+02 -1.4090e+02 -1.2459e+02
-1.5662e+02 -1.5401e+02 -1.3297e+02 -1.3685e+02
-1.5669e+02 -1.5467e+02 -1.3931e+02 -2.4823e+02
# New trial
-1.5677e+02 -1.5548e+02 -1.4370e+02 -1.2164e+02
-1.5672e+02 -1.5503e+02 -1.3969e+02 -1.1892e+02
-1.5659e+02 -1.5370e+02 -1.2989e+02 -1.2041e+02
-1.5658e+02 -1.5356e+02 -1.2960e+02 -1.3140e+02
# New trial
-1.5673e+02 -1.5509e+02 -1.4248e+02 -1.7635e+02
-1.5668e+02 -1.5464e+02 -1.3888e+02 -1.2613e+02
-1.5657e+02 -1.5355e+02 -1.3400e+02 -1.9630e+02
-1.5666e+02 -1.5446e+02 -1.4069e+02 -2.7997e+02
# New trial
-1.5669e+02 -1.5467e+02 -1.3970e+02 -1.2064e+02
-1.5660e+02 -1.5387e+02 -1.3428e+02 -1.1563e+02
-1.5642e+02 -1.5211e+02 -1.2528e+02 -1.2445e+02
-1.5658e+02 -1.5365e+02 -1.3534e+02 -2.4801e+02
# New trial
-1.5675e+02 -1.5528e+02 -1.4205e+02 -1.2194e+02
-1.5669e+02 -1.5470e+02 -1.3776e+02 -1.2035e+02
-1.5654e+02 -1.5317e+02 -1.2958e+02 -1.3441e+02
-1.5653e+02 -1.5314e+02 -1.3352e+02 -2.3041e+02
# New trial
-1.5678e+02 -1.5555e+02 -1.4420e+02 -1.1769e+02
-1.5671e+02 -1.5487e+02 -1.3836e+02 -1.1553e+02
-1.5651e+02 -1.5296e+02 -1.2792e+02 -1.4817e+02
-1.5645e+02 -1.5228e+02 -1.2596e+02 -1.8045e+02
# New trial
-1.5672e+02 -1.5502e+02 -1.4161e+02 -1.3457e+02
-1.5666e+02 -1.5437e+02 -1.3730e+02 -1.2044e+02
-1.5650e+02 -1.5288e+02 -1.2981e+02 -1.4145e+02
-1.5664e+02 -1.5422e+02 -1.3805e+02 -2.5557e+02
# New trial
-1.5676e+02 -1.5537e+02 -1.4273e+02 -1.2261e+02
-1.5671e+02 -1.5487e+02 -1.3889e+02 -1.2684e+02
-1.5657e+02 -1.5353e+02 -1.3246e+02 -1.6545e+02
-1.5664e+02 -1.5418e+02 -1.3504e+02 -1.9429e+02
# New trial
-1.5680e+02 -1.5574e+02 -1.4613e+02 -1.1835e+02
-1.5674e+02 -1.5519e+02 -1.4047e+02 -1.1612e+02
-1.5661e+02 -1.5387e+02 -1.2989e+02 -1.1753e+02
-1.5650e+02 -1.5282e+02 -1.2481e+02 -1.2895e+02
# New trial
-1.5671e+02 -1.5494e+02 -1.4455e+02 -1.8102e+02
-1.5661e+02 -1.5392e+02 -1.3561e+02 -1.1682e+02
-1.5636e+02 -1.5153e+02 -1.2417e+02 -1.1640e+02
-1.5645e+02 -1.5239e+02 -1.2791e+02 -1.6654e+02
# New trial
-1.5671e+02 -1.5490e+02 -1.4733e+02 -2.4225e+02
-1.5662e+02 -1.5400e+02 -1.3459e+02 -1.1571e+02
-1.5637e+02 -1.5164e+02 -1.2433e+02 -1.2710e+02
-1.5642e+02 -1.5203e+02 -1.3354e+02 -2.7552e+02
# New trial
-1.5676e+02 -1.5539e+02 -1.4299e+02 -1.2185e+02
-1.5669e+02 -1.5470e+02 -1.3720e+02 -1.1822e+02
-1.5651e+02 -1.5294e+02 -1.2683e+02 -1.3194e+02
-1.5648e+02 -1.5261e+02 -1.3273e+02 -2.5574e+02
# New trial
-1.5681e+02 -1.5585e+02 -1.4682e+02 -1.2640e+02
-1.5674e+02 -1.5522e+02 -1.4084e+02 -1.1558e+02
-1.5657e+02 -1.5352e+02 -1.2633e+02 -1.1538e+02
-1.5645e+02 -1.5231e+02 -1.2126e+02 -1.1538e+02
# New trial
-1.5678e+02 -1.5555e+02 -1.4403e+02 -1.2069e+02
-1.5673e+02 -1.5506e+02 -1.3995e+02 -1.1605e+02
-1.5661e+02 -1.5385e+02 -1.3032e+02 -1.1590e+02
-1.5663e+02 -1.5406e+02 -1.3120e+02 -1.1541e+02
# New trial
-1.5678e+02 -1.5563e+02 -1.4975e+02 -2.3600e+02
-1.5670e+02 -1.5483e+02 -1.3915e+02 -1.1656e+02
-1.5651e+02 -1.5295e+02 -1.2913e+02 -1.4525e+02
-1.5656e+02 -1.5337e+02 -1.3472e+02 -2.3661e+02
# New trial
-1.5674e+02 -1.5519e+02 -1.4340e+02 -1.4807e+02
-1.5668e+02 -1.5462e+02 -1.3812e+02 -1.1678e+02
-1.5654e+02 -1.5324e+02 -1.2936e+02 -1.1709e+02
-1.5659e+02 -1.5373e+02 -1.3289e+02 -1.6231e+02
# New trial
-1.5676e+02 -1.5543e+02 -1.4661e+02 -2.2787e+02
-1.5671e+02 -1.5488e+02 -1.3984e+02 -1.1785e+02
-1.5659e+02 -1.5369e+02 -1.3271e+02 -1.2717e+02
-1.5665e+02 -1.5431e+02 -1.3864e+02 -2.2064e+02
# New trial
-1.5676e+02 -1.5538e+02 -1.4298e+02 -1.2091e+02
-1.5671e+02 -1.5489e+02 -1.3903e+02 -1.1604e+02
-1.5659e+02 -1.5367e+02 -1.3158e+02 -1.3443e+02
-1.5658e+02 -1.5364e+02 -1.3036e+02 -1.4738e+02
# New trial
-1.5677e+02 -1.5550e+02 -1.4426e+02 -1.3556e+02
-1.5672e+02 -1.5502e+02 -1.4000e+02 -1.1740e+02
-1.5661e+02 -1.5389e+02 -1.3182e+02 -1.4084e+02
-1.5663e+02 -1.5409e+02 -1.3456e+02 -2.0575e+02
# New trial
-1.5677e+02 -1.5550e+02 -1.4465e+02 -2.2185e+02
-1.5674e+02 -1.5523e+02 -1.4131e+02 -1.1588e+02
-1.5667e+02 -1.5444e+02 -1.3462e+02 -1.3086e+02
-1.5673e+02 -1.5511e+02 -1.3982e+02 -1.2095e+02
# New trial
-1.5674e+02 -1.5519e+02 -1.4423e+02 -1.8610e+02
-1.5667e+02 -1.5448e+02 -1.3553e+02 -1.1619e+02
-1.5650e+02 -1.5286e+02 -1.2878e+02 -1.4194e+02
-1.5645e+02 -1.5232e+02 -1.3805e+02 -2.7235e+02
# New trial
-1.5679e+02 -1.5571e+02 -1.4561e+02 -1.2905e+02
-1.5677e+02 -1.5547e+02 -1.4359e+02 -1.2706e+02
-1.5671e+02 -1.5486e+02 -1.3873e+02 -1.5832e+02
-1.5678e+02 -1.5557e+02 -1.4448e+02 -1.5617e+02
# New trial
-1.5676e+02 -1.5536e+02 -1.4565e+02 -1.8949e+02
-1.5667e+02 -1.5451e+02 -1.3701e+02 -1.2134e+02
-1.5641e+02 -1.5195e+02 -1.2668e+02 -1.3336e+02
-1.5632e+02 -1.5103e+02 -1.2601e+02 -1.7654e+02
# New trial
-1.5678e+02 -1.5558e+02 -1.4510e+02 -1.4883e+02
-1.5672e+02 -1.5498e+02 -1.3875e+02 -1.1540e+02
-1.5654e+02 -1.5323e+02 -1.2452e+02 -1.1538e+02
-1.5649e+02 -1.5265e+02 -1.2338e+02 -1.1538e+02
# New trial
-1.5679e+02 -1.5568e+02 -1.4554e+02 -1.2388e+02
-1.5676e+02 -1.5539e+02 -1.4328e+02 -1.2127e+02
-1.5671e+02 -1.5491e+02 -1.3987e+02 -1.3353e+02
-1.5678e+02 -1.5555e+02 -1.4561e+02 -2.1656e+02
# New trial
