# 0.1sig - Array shape (trial/sig/alpha): (30, 4, 4)
-1.6972e+02 -1.6134e+02 -1.4827e+02 -7.8960e+02
-1.6962e+02 -1.6012e+02 -1.1556e+02 -2.3555e+02
-1.6939e+02 -1.5779e+02 -1.0817e+02 -4.9526e+02
-1.7007e+02 -1.6408e+02 -1.2648e+02 -5.7051e+02
# New trial
-1.7006e+02 -1.6405e+02 -1.2995e+02 -2.7478e+02
-1.6996e+02 -1.6305e+02 -1.1841e+02 -1.8297e+02
-1.6969e+02 -1.6035e+02 -9.7901e+01 -2.3038e+02
-1.6989e+02 -1.6213e+02 -1.2009e+02 -4.9782e+02
# New trial
-1.7011e+02 -1.6461e+02 -1.4989e+02 -5.7897e+02
-1.6982e+02 -1.6162e+02 -1.0893e+02 -2.8818e+02
-1.6926e+02 -1.5590e+02 -7.7851e+01 -3.3419e+02
-1.6934e+02 -1.5666e+02 -8.7788e+01 -3.8508e+02
# New trial
-1.7006e+02 -1.6404e+02 -1.4656e+02 -6.2985e+02
-1.6988e+02 -1.6213e+02 -1.1274e+02 -3.3976e+02
-1.6943e+02 -1.5765e+02 -8.1932e+01 -2.8754e+02
-1.6952e+02 -1.5853e+02 -9.6187e+01 -3.5840e+02
# New trial
-1.7021e+02 -1.6583e+02 -1.6420e+02 -7.5537e+02
-1.7004e+02 -1.6386e+02 -1.2253e+02 -1.8759e+02
-1.6979e+02 -1.6123e+02 -9.7940e+01 -2.4033e+02
-1.7006e+02 -1.6381e+02 -1.1243e+02 -2.4799e+02
# New trial
-1.7028e+02 -1.6615e+02 -1.4070e+02 -2.9496e+02
-1.7015e+02 -1.6477e+02 -1.2536e+02 -1.7270e+02
-1.6994e+02 -1.6275e+02 -1.0673e+02 -1.7801e+02
-1.7025e+02 -1.6565e+02 -1.2458e+02 -2.8048e+02
# New trial
-1.7008e+02 -1.6422e+02 -1.2615e+02 -2.3090e+02
-1.6994e+02 -1.6279e+02 -1.1085e+02 -1.7509e+02
-1.6965e+02 -1.5976e+02 -8.1494e+01 -1.5041e+02
-1.6989e+02 -1.6210e+02 -9.6970e+01 -1.0660e+02
# New trial
-1.7000e+02 -1.6377e+02 -1.6551e+02 -9.3018e+02
-1.6991e+02 -1.6256e+02 -1.2127e+02 -2.6427e+02
-1.6973e+02 -1.6071e+02 -1.0440e+02 -3.8209e+02
-1.7019e+02 -1.6520e+02 -1.3510e+02 -5.5199e+02
# New trial
-1.6963e+02 -1.6048e+02 -1.2569e+02 -3.9098e+02
-1.6936e+02 -1.5772e+02 -9.8679e+01 -2.9021e+02
-1.6918e+02 -1.5550e+02 -8.0849e+01 -2.7247e+02
-1.7005e+02 -1.6382e+02 -1.1848e+02 -4.4602e+02
# New trial
-1.6995e+02 -1.6301e+02 -1.2360e+02 -2.7167e+02
-1.6982e+02 -1.6165e+02 -1.0885e+02 -2.3959e+02
-1.6955e+02 -1.5879e+02 -8.4444e+01 -1.9971e+02
-1.6982e+02 -1.6150e+02 -1.0274e+02 -3.1131e+02
# New trial
-1.7023e+02 -1.6577e+02 -1.4288e+02 -3.3393e+02
-1.7000e+02 -1.6345e+02 -1.1858e+02 -2.9530e+02
-1.6943e+02 -1.5768e+02 -7.2460e+01 -1.5612e+02
-1.6953e+02 -1.5857e+02 -7.9966e+01 -1.1433e+02
# New trial
-1.6993e+02 -1.6297e+02 -1.4527e+02 -6.4744e+02
-1.6973e+02 -1.6094e+02 -1.1709e+02 -2.9816e+02
-1.6953e+02 -1.5875e+02 -9.9035e+01 -4.2051e+02
-1.7015e+02 -1.6473e+02 -1.3019e+02 -5.6463e+02
# New trial
-1.7005e+02 -1.6432e+02 -1.6080e+02 -6.9631e+02
-1.6996e+02 -1.6314e+02 -1.2200e+02 -2.8324e+02
-1.6973e+02 -1.6065e+02 -9.3611e+01 -2.3672e+02
-1.7018e+02 -1.6496e+02 -1.1956e+02 -2.0020e+02
# New trial
-1.7032e+02 -1.6665e+02 -1.5481e+02 -4.1881e+02
-1.7015e+02 -1.6474e+02 -1.2284e+02 -2.0113e+02
-1.6978e+02 -1.6104e+02 -9.1187e+01 -2.1607e+02
-1.6972e+02 -1.6045e+02 -9.4654e+01 -3.5742e+02
# New trial
-1.6976e+02 -1.6192e+02 -1.4678e+02 -5.4395e+02
-1.6943e+02 -1.5833e+02 -1.0651e+02 -2.9168e+02
-1.6905e+02 -1.5431e+02 -8.3928e+01 -3.4410e+02
-1.6981e+02 -1.6155e+02 -1.1346e+02 -5.5759e+02
# New trial
-1.6995e+02 -1.6373e+02 -1.8234e+02 -1.0376e+03
-1.6962e+02 -1.6002e+02 -1.2260e+02 -4.7777e+02
-1.6912e+02 -1.5491e+02 -1.0222e+02 -5.4884e+02
-1.6970e+02 -1.6037e+02 -1.2426e+02 -6.9648e+02
# New trial
-1.7012e+02 -1.6492e+02 -1.5264e+02 -5.1310e+02
-1.6993e+02 -1.6281e+02 -1.2294e+02 -3.4129e+02
-1.6958e+02 -1.5915e+02 -9.3476e+01 -2.8586e+02
-1.6982e+02 -1.6150e+02 -1.1258e+02 -5.9029e+02
# New trial
-1.7027e+02 -1.6601e+02 -1.4264e+02 -3.8920e+02
-1.7007e+02 -1.6398e+02 -1.1938e+02 -2.3721e+02
-1.6965e+02 -1.5979e+02 -8.2855e+01 -1.7758e+02
-1.6961e+02 -1.5936e+02 -8.1915e+01 -9.1413e+01
# New trial
-1.7019e+02 -1.6513e+02 -1.2894e+02 -2.4256e+02
-1.7003e+02 -1.6356e+02 -1.1394e+02 -1.7264e+02
-1.6978e+02 -1.6107e+02 -9.2172e+01 -1.5446e+02
-1.7003e+02 -1.6347e+02 -1.0695e+02 -1.1007e+02
# New trial
-1.7023e+02 -1.6600e+02 -1.7717e+02 -8.9148e+02
-1.6998e+02 -1.6339e+02 -1.2656e+02 -2.6732e+02
-1.6945e+02 -1.5803e+02 -9.9233e+01 -3.6810e+02
-1.6979e+02 -1.6120e+02 -1.0442e+02 -3.5958e+02
# New trial
-1.7004e+02 -1.6404e+02 -1.5280e+02 -5.8110e+02
-1.6990e+02 -1.6243e+02 -1.1798e+02 -2.9955e+02
-1.6967e+02 -1.6011e+02 -1.0262e+02 -3.8227e+02
-1.7008e+02 -1.6409e+02 -1.2412e+02 -4.9556e+02
# New trial
-1.7019e+02 -1.6542e+02 -1.5145e+02 -6.3175e+02
-1.7004e+02 -1.6381e+02 -1.2486e+02 -2.4930e+02
-1.6980e+02 -1.6132e+02 -1.0328e+02 -2.8817e+02
-1.7014e+02 -1.6459e+02 -1.2278e+02 -3.7743e+02
# New trial
-1.7007e+02 -1.6403e+02 -1.2523e+02 -2.8024e+02
-1.6993e+02 -1.6264e+02 -1.1162e+02 -2.3089e+02
-1.6965e+02 -1.5987e+02 -9.5715e+01 -2.3660e+02
-1.6991e+02 -1.6232e+02 -1.0739e+02 -3.0511e+02
# New trial
-1.7005e+02 -1.6394e+02 -1.2558e+02 -2.2427e+02
-1.6999e+02 -1.6320e+02 -1.1483e+02 -1.6070e+02
-1.6983e+02 -1.6160e+02 -1.0354e+02 -3.1608e+02
-1.7014e+02 -1.6462e+02 -1.1990e+02 -3.3024e+02
# New trial
-1.7021e+02 -1.6543e+02 -1.3771e+02 -3.2370e+02
-1.7019e+02 -1.6513e+02 -1.2698e+02 -1.7539e+02
-1.7005e+02 -1.6379e+02 -1.1186e+02 -1.9382e+02
-1.7026e+02 -1.6578e+02 -1.2601e+02 -2.3033e+02
# New trial
-1.7012e+02 -1.6515e+02 -1.6967e+02 -7.2311e+02
-1.6984e+02 -1.6178e+02 -1.1006e+02 -2.4120e+02
-1.6950e+02 -1.5834e+02 -8.4675e+01 -2.1378e+02
-1.6973e+02 -1.6052e+02 -1.0150e+02 -3.3926e+02
# New trial
-1.7013e+02 -1.6465e+02 -1.3331e+02 -3.4569e+02
-1.7014e+02 -1.6472e+02 -1.2490e+02 -2.2283e+02
-1.7013e+02 -1.6450e+02 -1.1695e+02 -2.1973e+02
-1.7043e+02 -1.6747e+02 -1.3986e+02 -1.2634e+02
# New trial
-1.7010e+02 -1.6485e+02 -1.5923e+02 -6.2019e+02
-1.6987e+02 -1.6229e+02 -1.2248e+02 -3.8892e+02
-1.6939e+02 -1.5739e+02 -9.7067e+01 -3.8411e+02
-1.6967e+02 -1.6007e+02 -1.0446e+02 -5.4070e+02
# New trial
-1.7010e+02 -1.6446e+02 -1.4098e+02 -4.2274e+02
-1.6994e+02 -1.6277e+02 -1.2015e+02 -3.3517e+02
-1.6955e+02 -1.5877e+02 -9.0560e+01 -2.9656e+02
-1.6965e+02 -1.5982e+02 -1.0949e+02 -4.2138e+02
# New trial
-1.7016e+02 -1.6495e+02 -1.3442e+02 -2.9749e+02
-1.7015e+02 -1.6484e+02 -1.2566e+02 -1.9414e+02
-1.7020e+02 -1.6519e+02 -1.2410e+02 -2.4167e+02
-1.7043e+02 -1.6751e+02 -1.4116e+02 -2.3025e+02
# New trial
