# 0.1sig - Array shape (trial/sig/alpha): (30, 4, 4)
-1.6979e+02 -1.6147e+02 -1.1709e+02 -2.9003e+02
-1.6965e+02 -1.6017e+02 -1.0382e+02 -5.1040e+01
-1.6945e+02 -1.5819e+02 -1.0350e+02 -2.7990e+02
-1.7012e+02 -1.6452e+02 -1.2566e+02 -3.9216e+02
# New trial
-1.7011e+02 -1.6445e+02 -1.2594e+02 -1.6056e+02
-1.6994e+02 -1.6278e+02 -1.1197e+02 -5.2530e+01
-1.6964e+02 -1.5983e+02 -9.2522e+01 -1.4031e+02
-1.6984e+02 -1.6169e+02 -1.0198e+02 -2.6839e+02
# New trial
-1.7008e+02 -1.6418e+02 -1.3039e+02 -2.3200e+02
-1.6980e+02 -1.6132e+02 -9.8799e+01 -5.1116e+01
-1.6926e+02 -1.5589e+02 -7.2803e+01 -1.0292e+02
-1.6933e+02 -1.5665e+02 -9.3498e+01 -3.1413e+02
# New trial
-1.7002e+02 -1.6350e+02 -1.2553e+02 -3.9913e+02
-1.6986e+02 -1.6186e+02 -1.0078e+02 -4.8716e+01
-1.6943e+02 -1.5767e+02 -8.7365e+01 -2.2536e+02
-1.6954e+02 -1.5876e+02 -1.2042e+02 -5.8559e+02
# New trial
-1.7030e+02 -1.6632e+02 -1.4463e+02 -4.1874e+02
-1.7013e+02 -1.6458e+02 -1.2034e+02 -6.0433e+01
-1.6983e+02 -1.6165e+02 -1.0003e+02 -1.1748e+02
-1.7006e+02 -1.6383e+02 -1.1719e+02 -2.6279e+02
# New trial
-1.7029e+02 -1.6612e+02 -1.3354e+02 -1.0996e+02
-1.7014e+02 -1.6468e+02 -1.2028e+02 -6.0340e+01
-1.6993e+02 -1.6262e+02 -1.0677e+02 -1.6834e+02
-1.7023e+02 -1.6555e+02 -1.2776e+02 -3.2904e+02
# New trial
-1.7021e+02 -1.6533e+02 -1.2717e+02 -6.9692e+01
-1.7005e+02 -1.6379e+02 -1.1442e+02 -5.4489e+01
-1.6973e+02 -1.6059e+02 -9.2566e+01 -8.6047e+01
-1.6994e+02 -1.6265e+02 -1.1424e+02 -3.9543e+02
# New trial
-1.7001e+02 -1.6362e+02 -1.3794e+02 -4.8783e+02
-1.6993e+02 -1.6268e+02 -1.1426e+02 -5.8017e+01
-1.6978e+02 -1.6109e+02 -9.8691e+01 -1.5455e+02
-1.7024e+02 -1.6563e+02 -1.2596e+02 -2.2101e+02
# New trial
-1.6982e+02 -1.6177e+02 -1.1089e+02 -6.0320e+01
-1.6956e+02 -1.5928e+02 -9.5329e+01 -4.7213e+01
-1.6932e+02 -1.5681e+02 -8.7307e+01 -2.0744e+02
-1.7008e+02 -1.6410e+02 -1.2232e+02 -4.6738e+02
# New trial
-1.7007e+02 -1.6404e+02 -1.1896e+02 -5.5484e+01
-1.6990e+02 -1.6232e+02 -1.0692e+02 -4.8779e+01
-1.6957e+02 -1.5903e+02 -8.5818e+01 -9.1883e+01
-1.6983e+02 -1.6154e+02 -1.0529e+02 -3.4085e+02
# New trial
-1.7024e+02 -1.6565e+02 -1.2824e+02 -5.6694e+01
-1.6999e+02 -1.6316e+02 -1.0879e+02 -4.8901e+01
-1.6943e+02 -1.5761e+02 -8.0830e+01 -1.3720e+02
-1.6955e+02 -1.5875e+02 -8.4560e+01 -1.4466e+02
# New trial
-1.6991e+02 -1.6248e+02 -1.1055e+02 -7.2284e+01
-1.6976e+02 -1.6100e+02 -1.0207e+02 -5.0036e+01
-1.6955e+02 -1.5898e+02 -9.5535e+01 -1.8525e+02
-1.7010e+02 -1.6425e+02 -1.2100e+02 -3.7310e+02
# New trial
-1.7002e+02 -1.6361e+02 -1.2430e+02 -2.0041e+02
-1.6996e+02 -1.6289e+02 -1.0823e+02 -5.4483e+01
-1.6977e+02 -1.6096e+02 -1.0037e+02 -2.4106e+02
-1.7020e+02 -1.6518e+02 -1.2205e+02 -2.5981e+02
# New trial
-1.7031e+02 -1.6640e+02 -1.4146e+02 -2.4008e+02
-1.7013e+02 -1.6453e+02 -1.1553e+02 -4.7168e+01
-1.6978e+02 -1.6105e+02 -8.8023e+01 -6.0213e+01
-1.6971e+02 -1.6028e+02 -8.8318e+01 -6.7789e+01
# New trial
-1.6986e+02 -1.6229e+02 -1.2605e+02 -2.9732e+02
-1.6953e+02 -1.5908e+02 -9.9459e+01 -5.2496e+01
-1.6915e+02 -1.5529e+02 -9.1386e+01 -1.8846e+02
-1.6989e+02 -1.6230e+02 -1.2225e+02 -4.9654e+02
# New trial
-1.6978e+02 -1.6168e+02 -1.4890e+02 -6.3595e+02
-1.6950e+02 -1.5863e+02 -9.2288e+01 -5.4654e+01
-1.6906e+02 -1.5443e+02 -8.6666e+01 -1.9610e+02
-1.6968e+02 -1.6026e+02 -1.2489e+02 -6.5352e+02
# New trial
-1.7010e+02 -1.6430e+02 -1.2267e+02 -8.3998e+01
-1.6990e+02 -1.6234e+02 -1.0666e+02 -5.4070e+01
-1.6958e+02 -1.5919e+02 -9.0997e+01 -1.6118e+02
-1.6983e+02 -1.6151e+02 -1.0501e+02 -2.5456e+02
# New trial
-1.7025e+02 -1.6569e+02 -1.3105e+02 -1.6701e+02
-1.7005e+02 -1.6372e+02 -1.1054e+02 -5.7533e+01
-1.6965e+02 -1.5976e+02 -8.4218e+01 -1.1819e+02
-1.6962e+02 -1.5944e+02 -9.8247e+01 -3.1885e+02
# New trial
-1.7022e+02 -1.6544e+02 -1.2542e+02 -1.1455e+02
-1.7007e+02 -1.6399e+02 -1.1285e+02 -4.8522e+01
-1.6982e+02 -1.6146e+02 -9.4157e+01 -9.3804e+01
-1.7005e+02 -1.6366e+02 -1.1150e+02 -2.4801e+02
# New trial
-1.7018e+02 -1.6517e+02 -1.4487e+02 -5.4113e+02
-1.6993e+02 -1.6265e+02 -1.1016e+02 -5.1346e+01
-1.6942e+02 -1.5770e+02 -9.2453e+01 -2.2658e+02
-1.6978e+02 -1.6113e+02 -1.1899e+02 -5.6911e+02
# New trial
-1.7005e+02 -1.6392e+02 -1.3232e+02 -2.5227e+02
-1.6990e+02 -1.6235e+02 -1.0724e+02 -4.8919e+01
-1.6966e+02 -1.5996e+02 -8.4385e+01 -7.3393e+01
-1.7009e+02 -1.6407e+02 -1.1077e+02 -1.3057e+02
# New trial
-1.7015e+02 -1.6488e+02 -1.3724e+02 -4.5171e+02
-1.7000e+02 -1.6334e+02 -1.1469e+02 -5.7258e+01
-1.6977e+02 -1.6110e+02 -1.0380e+02 -1.9364e+02
-1.7011e+02 -1.6443e+02 -1.2752e+02 -4.6053e+02
# New trial
-1.7011e+02 -1.6435e+02 -1.2134e+02 -8.7410e+01
-1.6994e+02 -1.6273e+02 -1.0733e+02 -5.8723e+01
-1.6965e+02 -1.5978e+02 -8.9575e+01 -1.5137e+02
-1.6990e+02 -1.6220e+02 -1.0534e+02 -2.4920e+02
# New trial
-1.7014e+02 -1.6474e+02 -1.2644e+02 -1.0563e+02
-1.7002e+02 -1.6344e+02 -1.1250e+02 -6.2209e+01
-1.6983e+02 -1.6159e+02 -9.8448e+01 -1.3809e+02
-1.7014e+02 -1.6459e+02 -1.1788e+02 -2.0307e+02
# New trial
-1.7028e+02 -1.6604e+02 -1.3427e+02 -3.1066e+02
-1.7022e+02 -1.6547e+02 -1.2529e+02 -5.6118e+01
-1.7007e+02 -1.6393e+02 -1.1075e+02 -8.7652e+01
-1.7028e+02 -1.6595e+02 -1.2865e+02 -3.0830e+02
# New trial
-1.7001e+02 -1.6374e+02 -1.4416e+02 -4.0591e+02
-1.6976e+02 -1.6090e+02 -9.0530e+01 -4.6530e+01
-1.6944e+02 -1.5771e+02 -7.2330e+01 -8.6311e+01
-1.6971e+02 -1.6029e+02 -9.4709e+01 -1.9244e+02
# New trial
-1.7013e+02 -1.6455e+02 -1.2394e+02 -1.5049e+02
-1.7016e+02 -1.6483e+02 -1.2150e+02 -1.0244e+02
-1.7016e+02 -1.6482e+02 -1.2371e+02 -2.8888e+02
-1.7045e+02 -1.6769e+02 -1.4562e+02 -3.7831e+02
# New trial
-1.7003e+02 -1.6381e+02 -1.2948e+02 -2.4095e+02
-1.6980e+02 -1.6135e+02 -1.0231e+02 -5.2149e+01
-1.6936e+02 -1.5709e+02 -9.2275e+01 -2.4520e+02
-1.6972e+02 -1.6055e+02 -1.3558e+02 -7.3040e+02
# New trial
-1.7013e+02 -1.6457e+02 -1.2777e+02 -1.6753e+02
-1.6993e+02 -1.6258e+02 -1.0469e+02 -4.6578e+01
-1.6952e+02 -1.5848e+02 -7.3494e+01 -4.9912e+01
-1.6963e+02 -1.5952e+02 -8.4237e+01 -1.0184e+02
# New trial
-1.7021e+02 -1.6538e+02 -1.2573e+02 -9.9461e+01
-1.7020e+02 -1.6523e+02 -1.2248e+02 -6.3829e+01
-1.7020e+02 -1.6522e+02 -1.2145e+02 -1.3630e+02
-1.7043e+02 -1.6750e+02 -1.3976e+02 -1.5493e+02
# New trial
