# 0.1sig - Array shape (trial/sig/alpha): (30, 4, 4)
-1.5682e+02 -1.5601e+02 -1.4990e+02 -1.3992e+02
-1.5679e+02 -1.5569e+02 -1.4823e+02 -1.3914e+02
-1.5670e+02 -1.5483e+02 -1.4460e+02 -1.4644e+02
-1.5677e+02 -1.5547e+02 -1.4907e+02 -2.0940e+02
# New trial
-1.5685e+02 -1.5630e+02 -1.5147e+02 -1.4672e+02
-1.5683e+02 -1.5605e+02 -1.4936e+02 -1.4250e+02
-1.5677e+02 -1.5552e+02 -1.4594e+02 -1.5233e+02
-1.5680e+02 -1.5575e+02 -1.5078e+02 -2.3507e+02
# New trial
-1.5685e+02 -1.5628e+02 -1.5158e+02 -1.5009e+02
-1.5681e+02 -1.5588e+02 -1.4767e+02 -1.3970e+02
-1.5671e+02 -1.5492e+02 -1.4154e+02 -1.3852e+02
-1.5664e+02 -1.5417e+02 -1.4033e+02 -1.4014e+02
# New trial
-1.5684e+02 -1.5621e+02 -1.5138e+02 -1.8330e+02
-1.5681e+02 -1.5592e+02 -1.4812e+02 -1.3928e+02
-1.5674e+02 -1.5517e+02 -1.4416e+02 -1.5497e+02
-1.5669e+02 -1.5469e+02 -1.4614e+02 -1.9830e+02
# New trial
-1.5687e+02 -1.5644e+02 -1.5293e+02 -1.5949e+02
-1.5684e+02 -1.5620e+02 -1.5058e+02 -1.4009e+02
-1.5678e+02 -1.5563e+02 -1.4705e+02 -1.4833e+02
-1.5679e+02 -1.5565e+02 -1.4746e+02 -1.7295e+02
# New trial
-1.5687e+02 -1.5646e+02 -1.5264e+02 -1.4419e+02
-1.5685e+02 -1.5625e+02 -1.5070e+02 -1.4350e+02
-1.5680e+02 -1.5577e+02 -1.4706e+02 -1.4775e+02
-1.5682e+02 -1.5597e+02 -1.4853e+02 -1.5704e+02
# New trial
-1.5685e+02 -1.5627e+02 -1.5079e+02 -1.3851e+02
-1.5683e+02 -1.5609e+02 -1.4916e+02 -1.3846e+02
-1.5677e+02 -1.5549e+02 -1.4470e+02 -1.3927e+02
-1.5673e+02 -1.5509e+02 -1.4298e+02 -1.4956e+02
# New trial
-1.5683e+02 -1.5613e+02 -1.5042e+02 -1.8317e+02
-1.5681e+02 -1.5591e+02 -1.4863e+02 -1.3984e+02
-1.5676e+02 -1.5541e+02 -1.4652e+02 -1.6501e+02
-1.5680e+02 -1.5574e+02 -1.4749e+02 -1.7268e+02
# New trial
-1.5681e+02 -1.5588e+02 -1.4849e+02 -1.3908e+02
-1.5677e+02 -1.5555e+02 -1.4660e+02 -1.3856e+02
-1.5668e+02 -1.5463e+02 -1.4206e+02 -1.3853e+02
-1.5671e+02 -1.5494e+02 -1.4318e+02 -1.4438e+02
# New trial
-1.5684e+02 -1.5620e+02 -1.5012e+02 -1.3850e+02
-1.5682e+02 -1.5596e+02 -1.4810e+02 -1.3846e+02
-1.5674e+02 -1.5523e+02 -1.4264e+02 -1.3845e+02
-1.5671e+02 -1.5492e+02 -1.4177e+02 -1.3845e+02
# New trial
-1.5686e+02 -1.5634e+02 -1.5150e+02 -1.3886e+02
-1.5683e+02 -1.5603e+02 -1.4869e+02 -1.3846e+02
-1.5673e+02 -1.5506e+02 -1.4175e+02 -1.3845e+02
-1.5667e+02 -1.5444e+02 -1.3943e+02 -1.3845e+02
# New trial
-1.5684e+02 -1.5614e+02 -1.5041e+02 -1.4080e+02
-1.5681e+02 -1.5586e+02 -1.4843e+02 -1.3892e+02
-1.5673e+02 -1.5515e+02 -1.4396e+02 -1.4033e+02
-1.5677e+02 -1.5554e+02 -1.4586e+02 -1.5539e+02
# New trial
-1.5685e+02 -1.5628e+02 -1.5090e+02 -1.3966e+02
-1.5683e+02 -1.5604e+02 -1.4891e+02 -1.3978e+02
-1.5676e+02 -1.5538e+02 -1.4472e+02 -1.4932e+02
-1.5679e+02 -1.5565e+02 -1.4717e+02 -1.7537e+02
# New trial
-1.5687e+02 -1.5644e+02 -1.5249e+02 -1.3988e+02
-1.5684e+02 -1.5621e+02 -1.5006e+02 -1.3847e+02
-1.5678e+02 -1.5562e+02 -1.4523e+02 -1.3894e+02
-1.5673e+02 -1.5505e+02 -1.4270e+02 -1.5125e+02
# New trial
-1.5683e+02 -1.5610e+02 -1.5185e+02 -1.8389e+02
-1.5679e+02 -1.5567e+02 -1.4753e+02 -1.3848e+02
-1.5669e+02 -1.5468e+02 -1.4215e+02 -1.3845e+02
-1.5672e+02 -1.5498e+02 -1.4208e+02 -1.3877e+02
# New trial
-1.5683e+02 -1.5610e+02 -1.5333e+02 -2.0006e+02
-1.5679e+02 -1.5572e+02 -1.4805e+02 -1.4241e+02
-1.5670e+02 -1.5482e+02 -1.4554e+02 -1.6225e+02
-1.5672e+02 -1.5498e+02 -1.4983e+02 -2.3215e+02
# New trial
-1.5685e+02 -1.5629e+02 -1.5119e+02 -1.4197e+02
-1.5682e+02 -1.5600e+02 -1.4879e+02 -1.4003e+02
-1.5673e+02 -1.5505e+02 -1.4319e+02 -1.3879e+02
-1.5665e+02 -1.5431e+02 -1.4108e+02 -1.3876e+02
# New trial
-1.5687e+02 -1.5650e+02 -1.5306e+02 -1.4578e+02
-1.5685e+02 -1.5625e+02 -1.5066e+02 -1.4104e+02
-1.5678e+02 -1.5559e+02 -1.4494e+02 -1.3847e+02
-1.5674e+02 -1.5523e+02 -1.4324e+02 -1.4649e+02
# New trial
-1.5686e+02 -1.5636e+02 -1.5163e+02 -1.3982e+02
-1.5684e+02 -1.5615e+02 -1.4985e+02 -1.3857e+02
-1.5678e+02 -1.5558e+02 -1.4566e+02 -1.4061e+02
-1.5678e+02 -1.5561e+02 -1.4585e+02 -1.5197e+02
# New trial
-1.5686e+02 -1.5634e+02 -1.5254e+02 -1.7937e+02
-1.5683e+02 -1.5604e+02 -1.4951e+02 -1.3890e+02
-1.5674e+02 -1.5520e+02 -1.4536e+02 -1.4972e+02
-1.5674e+02 -1.5520e+02 -1.4693e+02 -1.7886e+02
# New trial
-1.5684e+02 -1.5617e+02 -1.5085e+02 -1.4818e+02
-1.5681e+02 -1.5591e+02 -1.4834e+02 -1.3882e+02
-1.5675e+02 -1.5526e+02 -1.4389e+02 -1.3845e+02
-1.5675e+02 -1.5530e+02 -1.4301e+02 -1.3845e+02
# New trial
-1.5685e+02 -1.5632e+02 -1.5238e+02 -1.8424e+02
-1.5683e+02 -1.5609e+02 -1.4975e+02 -1.3916e+02
-1.5678e+02 -1.5561e+02 -1.4691e+02 -1.4212e+02
-1.5681e+02 -1.5585e+02 -1.4914e+02 -1.8670e+02
# New trial
-1.5685e+02 -1.5626e+02 -1.5087e+02 -1.3976e+02
-1.5683e+02 -1.5605e+02 -1.4916e+02 -1.3892e+02
-1.5676e+02 -1.5542e+02 -1.4500e+02 -1.4432e+02
-1.5673e+02 -1.5511e+02 -1.4220e+02 -1.3913e+02
# New trial
-1.5685e+02 -1.5632e+02 -1.5141e+02 -1.4338e+02
-1.5683e+02 -1.5612e+02 -1.4960e+02 -1.4030e+02
-1.5679e+02 -1.5563e+02 -1.4573e+02 -1.5016e+02
-1.5678e+02 -1.5562e+02 -1.4585e+02 -1.6119e+02
# New trial
-1.5685e+02 -1.5633e+02 -1.5159e+02 -1.6329e+02
-1.5685e+02 -1.5624e+02 -1.5071e+02 -1.3883e+02
-1.5682e+02 -1.5596e+02 -1.4875e+02 -1.4690e+02
-1.5685e+02 -1.5626e+02 -1.5146e+02 -1.9125e+02
# New trial
-1.5684e+02 -1.5620e+02 -1.5176e+02 -1.7152e+02
-1.5681e+02 -1.5590e+02 -1.4790e+02 -1.3919e+02
-1.5675e+02 -1.5525e+02 -1.4456e+02 -1.4238e+02
-1.5672e+02 -1.5498e+02 -1.4555e+02 -1.7537e+02
# New trial
-1.5687e+02 -1.5644e+02 -1.5247e+02 -1.4850e+02
-1.5685e+02 -1.5632e+02 -1.5144e+02 -1.5011e+02
-1.5682e+02 -1.5599e+02 -1.4884e+02 -1.6466e+02
-1.5684e+02 -1.5619e+02 -1.5056e+02 -1.8463e+02
# New trial
-1.5685e+02 -1.5625e+02 -1.5176e+02 -1.6207e+02
-1.5681e+02 -1.5592e+02 -1.4834e+02 -1.3885e+02
-1.5671e+02 -1.5492e+02 -1.4376e+02 -1.3979e+02
-1.5667e+02 -1.5449e+02 -1.4306e+02 -1.4975e+02
# New trial
-1.5686e+02 -1.5639e+02 -1.5214e+02 -1.5653e+02
-1.5683e+02 -1.5611e+02 -1.4934e+02 -1.3899e+02
-1.5675e+02 -1.5528e+02 -1.4261e+02 -1.3845e+02
-1.5674e+02 -1.5514e+02 -1.4249e+02 -1.3846e+02
# New trial
-1.5686e+02 -1.5640e+02 -1.5202e+02 -1.4117e+02
-1.5685e+02 -1.5626e+02 -1.5084e+02 -1.4052e+02
-1.5682e+02 -1.5601e+02 -1.4895e+02 -1.4483e+02
-1.5685e+02 -1.5629e+02 -1.5118e+02 -1.6302e+02
# New trial
