# 0.1sig - Array shape (trial/sig/alpha): (30L, 4L, 4L)
-8.2635e+01 -7.9778e+01 -1.0531e+02 -6.5974e+02
-8.2625e+01 -7.9167e+01 -7.6526e+01 -3.3099e+02
-8.2683e+01 -7.9461e+01 -7.3723e+01 -3.7808e+02
-8.2987e+01 -8.2269e+01 -7.9682e+01 -3.3850e+02
# New trial
-8.2719e+01 -7.9827e+01 -7.4545e+01 -2.8047e+02
-8.2721e+01 -7.9834e+01 -6.9281e+01 -1.7240e+02
-8.2783e+01 -8.0307e+01 -6.6273e+01 -1.7378e+02
-8.2977e+01 -8.2143e+01 -7.5349e+01 -1.0155e+02
# New trial
-8.2743e+01 -8.0233e+01 -9.6443e+01 -5.6247e+02
-8.2695e+01 -7.9483e+01 -6.8605e+01 -3.2160e+02
-8.2581e+01 -7.8243e+01 -5.8777e+01 -2.9542e+02
-8.2774e+01 -8.0128e+01 -6.8783e+01 -2.7739e+02
# New trial
-8.2783e+01 -8.0542e+01 -1.0939e+02 -8.7518e+02
-8.2720e+01 -7.9719e+01 -7.0681e+01 -4.1508e+02
-8.2643e+01 -7.8847e+01 -5.7734e+01 -2.8161e+02
-8.2824e+01 -8.0607e+01 -6.4525e+01 -5.4316e+01
# New trial
-8.2850e+01 -8.1369e+01 -1.0517e+02 -7.0034e+02
-8.2791e+01 -8.0486e+01 -7.1357e+01 -2.0012e+02
-8.2798e+01 -8.0425e+01 -6.8280e+01 -2.7127e+02
-8.2982e+01 -8.2218e+01 -8.0178e+01 -3.5326e+02
# New trial
-8.2820e+01 -8.0754e+01 -7.9194e+01 -3.3656e+02
-8.2814e+01 -8.0635e+01 -7.1184e+01 -1.8917e+02
-8.2826e+01 -8.0660e+01 -6.4103e+01 -1.2118e+02
-8.2979e+01 -8.2150e+01 -7.4385e+01 -8.2155e+01
# New trial
-8.2657e+01 -7.9306e+01 -7.3047e+01 -3.1814e+02
-8.2678e+01 -7.9398e+01 -6.4585e+01 -2.1892e+02
-8.2708e+01 -7.9563e+01 -6.1062e+01 -1.9021e+02
-8.2934e+01 -8.1729e+01 -7.3843e+01 -3.0119e+02
# New trial
-8.2756e+01 -8.0502e+01 -1.1692e+02 -8.4414e+02
-8.2769e+01 -8.0281e+01 -7.7734e+01 -3.2463e+02
-8.2789e+01 -8.0322e+01 -6.8833e+01 -3.1058e+02
-8.2988e+01 -8.2241e+01 -7.6566e+01 -2.0748e+02
# New trial
-8.2664e+01 -7.9823e+01 -9.1154e+01 -5.1199e+02
-8.2637e+01 -7.9296e+01 -7.3482e+01 -3.4438e+02
-8.2651e+01 -7.9149e+01 -6.8259e+01 -3.6896e+02
-8.2961e+01 -8.2006e+01 -7.6215e+01 -2.3203e+02
# New trial
-8.2665e+01 -7.9429e+01 -8.0146e+01 -4.0077e+02
-8.2662e+01 -7.9278e+01 -6.8886e+01 -2.6556e+02
-8.2713e+01 -7.9595e+01 -6.3434e+01 -2.2314e+02
-8.2959e+01 -8.1953e+01 -7.3532e+01 -1.6539e+02
# New trial
-8.2886e+01 -8.1486e+01 -8.6386e+01 -3.5525e+02
-8.2816e+01 -8.0725e+01 -7.6506e+01 -3.1701e+02
-8.2652e+01 -7.8971e+01 -5.8320e+01 -1.7526e+02
-8.2826e+01 -8.0634e+01 -6.5159e+01 -1.4104e+02
# New trial
-8.2760e+01 -8.0554e+01 -1.0814e+02 -7.3964e+02
-8.2713e+01 -7.9930e+01 -8.4562e+01 -4.3023e+02
-8.2783e+01 -8.0377e+01 -7.7464e+01 -4.2449e+02
-8.3029e+01 -8.2658e+01 -8.1796e+01 -3.4753e+02
# New trial
-8.2709e+01 -8.0102e+01 -1.1741e+02 -8.6876e+02
-8.2736e+01 -8.0023e+01 -7.6420e+01 -3.4591e+02
-8.2788e+01 -8.0341e+01 -6.7243e+01 -2.6111e+02
-8.3007e+01 -8.2433e+01 -7.7922e+01 -1.2654e+02
# New trial
-8.2946e+01 -8.2178e+01 -1.0100e+02 -5.4703e+02
-8.2846e+01 -8.0920e+01 -7.1785e+01 -2.3513e+02
-8.2753e+01 -7.9917e+01 -6.0073e+01 -2.1787e+02
-8.2848e+01 -8.0851e+01 -6.8276e+01 -1.8129e+02
# New trial
-8.2644e+01 -7.9965e+01 -1.0613e+02 -6.2640e+02
-8.2511e+01 -7.8194e+01 -7.9077e+01 -4.7200e+02
-8.2546e+01 -7.8094e+01 -6.7249e+01 -3.4138e+02
-8.2954e+01 -8.1919e+01 -7.8260e+01 -2.7148e+02
# New trial
-8.2683e+01 -8.0208e+01 -1.2196e+02 -8.6122e+02
-8.2606e+01 -7.8942e+01 -8.2608e+01 -4.7623e+02
-8.2605e+01 -7.8708e+01 -7.3020e+01 -4.0821e+02
-8.2964e+01 -8.2059e+01 -7.7829e+01 -2.8135e+02
# New trial
-8.2629e+01 -7.9582e+01 -1.0083e+02 -6.2564e+02
-8.2661e+01 -7.9426e+01 -7.8699e+01 -3.9154e+02
-8.2756e+01 -8.0062e+01 -6.9217e+01 -2.9063e+02
-8.2986e+01 -8.2231e+01 -7.7465e+01 -2.8286e+02
# New trial
-8.2801e+01 -8.0610e+01 -8.6556e+01 -5.1588e+02
-8.2772e+01 -8.0191e+01 -6.8226e+01 -2.7369e+02
-8.2724e+01 -7.9635e+01 -5.9184e+01 -2.3365e+02
-8.2875e+01 -8.1113e+01 -6.7306e+01 -1.3410e+02
# New trial
-8.2794e+01 -8.0454e+01 -7.4305e+01 -3.0728e+02
-8.2749e+01 -7.9994e+01 -6.7561e+01 -2.3589e+02
-8.2768e+01 -8.0114e+01 -6.4410e+01 -2.4107e+02
-8.2946e+01 -8.1822e+01 -7.3502e+01 -1.7255e+02
# New trial
-8.2671e+01 -7.9840e+01 -1.0731e+02 -7.3903e+02
-8.2649e+01 -7.9289e+01 -7.2189e+01 -3.0050e+02
-8.2635e+01 -7.8918e+01 -6.3183e+01 -2.9961e+02
-8.2911e+01 -8.1482e+01 -7.1698e+01 -3.2353e+02
# New trial
-8.2686e+01 -7.9671e+01 -9.3207e+01 -6.1002e+02
-8.2711e+01 -7.9727e+01 -7.1938e+01 -3.2431e+02
-8.2759e+01 -8.0053e+01 -6.4745e+01 -2.6862e+02
-8.2990e+01 -8.2258e+01 -7.5591e+01 -1.1031e+02
# New trial
-8.2845e+01 -8.1116e+01 -9.4778e+01 -5.4663e+02
-8.2786e+01 -8.0462e+01 -7.5994e+01 -2.9509e+02
-8.2801e+01 -8.0475e+01 -6.7312e+01 -2.7168e+02
-8.3012e+01 -8.2486e+01 -7.8003e+01 -1.0058e+02
# New trial
-8.2700e+01 -7.9581e+01 -7.3836e+01 -3.1338e+02
-8.2710e+01 -7.9611e+01 -6.6628e+01 -2.4078e+02
-8.2720e+01 -7.9631e+01 -6.0928e+01 -2.0235e+02
-8.2919e+01 -8.1558e+01 -7.0638e+01 -1.5598e+02
# New trial
-8.2584e+01 -7.8771e+01 -7.3182e+01 -3.1954e+02
-8.2665e+01 -7.9182e+01 -6.0353e+01 -1.6864e+02
-8.2749e+01 -7.9913e+01 -6.3414e+01 -2.6046e+02
-8.2944e+01 -8.1822e+01 -7.4689e+01 -2.3634e+02
# New trial
-8.2835e+01 -8.0944e+01 -8.7518e+01 -4.4822e+02
-8.2851e+01 -8.0974e+01 -7.3617e+01 -2.1520e+02
-8.2863e+01 -8.1010e+01 -6.6170e+01 -1.2882e+02
-8.2980e+01 -8.2157e+01 -7.4424e+01 -6.6536e+01
# New trial
-8.2753e+01 -8.0691e+01 -1.1036e+02 -6.8530e+02
-8.2693e+01 -7.9528e+01 -7.3256e+01 -3.4013e+02
-8.2715e+01 -7.9604e+01 -6.8067e+01 -3.2738e+02
-8.2969e+01 -8.2056e+01 -7.6202e+01 -2.6328e+02
# New trial
-8.2736e+01 -7.9897e+01 -7.6671e+01 -4.1404e+02
-8.2814e+01 -8.0591e+01 -6.9545e+01 -2.2600e+02
-8.2933e+01 -8.1708e+01 -7.2903e+01 -1.8328e+02
-8.3052e+01 -8.2872e+01 -8.1397e+01 -1.5172e+02
# New trial
-8.2833e+01 -8.1480e+01 -1.1704e+02 -7.6375e+02
-8.2733e+01 -8.0105e+01 -8.4871e+01 -4.6483e+02
-8.2685e+01 -7.9389e+01 -7.1190e+01 -3.9462e+02
-8.2940e+01 -8.1787e+01 -7.7542e+01 -3.3481e+02
# New trial
-8.2706e+01 -7.9654e+01 -8.0895e+01 -4.2616e+02
-8.2685e+01 -7.9354e+01 -7.0302e+01 -3.4459e+02
-8.2676e+01 -7.9179e+01 -5.8892e+01 -2.1925e+02
-8.2921e+01 -8.1567e+01 -7.0497e+01 -1.4605e+02
# New trial
-8.2667e+01 -7.9349e+01 -7.4784e+01 -3.5941e+02
-8.2749e+01 -8.0003e+01 -6.6462e+01 -2.1846e+02
-8.2921e+01 -8.1606e+01 -7.1693e+01 -1.4372e+02
-8.3046e+01 -8.2815e+01 -8.0691e+01 -8.5002e+01
# New trial
