# 0.1sig - Array shape (trial/sig/alpha): (30L, 4L, 4L)
-5.5119e+01 -5.3486e+01 -7.3342e+01 -4.1584e+02
-5.5207e+01 -5.3942e+01 -5.9069e+01 -2.4433e+02
-5.5334e+01 -5.4997e+01 -5.7764e+01 -2.1519e+02
-5.5378e+01 -5.5360e+01 -5.5669e+01 -1.4523e+02
# New trial
-5.5256e+01 -5.4332e+01 -5.7965e+01 -2.1782e+02
-5.5319e+01 -5.4920e+01 -5.8733e+01 -1.7396e+02
-5.5356e+01 -5.5180e+01 -5.6532e+01 -1.4959e+02
-5.5379e+01 -5.5368e+01 -5.5616e+01 -1.0727e+02
# New trial
-5.5310e+01 -5.4892e+01 -7.3404e+01 -4.1385e+02
-5.5309e+01 -5.4771e+01 -6.2596e+01 -2.9025e+02
-5.5304e+01 -5.4644e+01 -5.4034e+01 -2.5046e+02
-5.5367e+01 -5.5244e+01 -5.5090e+01 -1.9084e+02
# New trial
-5.5347e+01 -5.5264e+01 -8.2683e+01 -5.5199e+02
-5.5308e+01 -5.4762e+01 -6.3817e+01 -3.4162e+02
-5.5301e+01 -5.4619e+01 -5.3818e+01 -2.3046e+02
-5.5359e+01 -5.5161e+01 -5.3514e+01 -7.8371e+01
# New trial
-5.5249e+01 -5.4462e+01 -7.3206e+01 -4.0666e+02
-5.5259e+01 -5.4335e+01 -5.4958e+01 -1.7186e+02
-5.5314e+01 -5.4766e+01 -5.3566e+01 -1.6487e+02
-5.5374e+01 -5.5313e+01 -5.5385e+01 -1.6334e+02
# New trial
-5.5298e+01 -5.4671e+01 -5.9847e+01 -2.4689e+02
-5.5310e+01 -5.4752e+01 -5.5873e+01 -1.6282e+02
-5.5349e+01 -5.5077e+01 -5.4153e+01 -1.3620e+02
-5.5380e+01 -5.5367e+01 -5.5310e+01 -7.1049e+01
# New trial
-5.5263e+01 -5.4338e+01 -5.7092e+01 -2.2631e+02
-5.5273e+01 -5.4404e+01 -5.4168e+01 -1.8543e+02
-5.5323e+01 -5.4822e+01 -5.2246e+01 -1.3200e+02
-5.5376e+01 -5.5324e+01 -5.4882e+01 -6.2966e+01
# New trial
-5.5265e+01 -5.4567e+01 -8.3072e+01 -5.3648e+02
-5.5291e+01 -5.4613e+01 -6.0239e+01 -2.5755e+02
-5.5314e+01 -5.4737e+01 -5.2430e+01 -1.7686e+02
-5.5373e+01 -5.5298e+01 -5.4695e+01 -8.7429e+01
# New trial
-5.5247e+01 -5.4591e+01 -7.0312e+01 -3.6732e+02
-5.5273e+01 -5.4660e+01 -6.4025e+01 -2.8226e+02
-5.5334e+01 -5.4987e+01 -5.7058e+01 -2.3704e+02
-5.5382e+01 -5.5385e+01 -5.5747e+01 -1.3372e+02
# New trial
-5.5200e+01 -5.3819e+01 -6.0182e+01 -2.8816e+02
-5.5253e+01 -5.4268e+01 -5.8598e+01 -2.4463e+02
-5.5335e+01 -5.4968e+01 -5.6058e+01 -1.7671e+02
-5.5375e+01 -5.5326e+01 -5.5190e+01 -8.1847e+01
# New trial
-5.5333e+01 -5.5172e+01 -6.9205e+01 -3.2296e+02
-5.5336e+01 -5.5119e+01 -6.5419e+01 -3.1877e+02
-5.5309e+01 -5.4715e+01 -5.3522e+01 -1.5574e+02
-5.5364e+01 -5.5206e+01 -5.4071e+01 -9.9352e+01
# New trial
-5.5285e+01 -5.4789e+01 -7.7988e+01 -4.6299e+02
-5.5300e+01 -5.4819e+01 -6.7704e+01 -3.0978e+02
-5.5343e+01 -5.5045e+01 -5.6085e+01 -1.8149e+02
-5.5377e+01 -5.5339e+01 -5.5142e+01 -6.5293e+01
# New trial
-5.5309e+01 -5.5094e+01 -8.7587e+01 -6.0521e+02
-5.5327e+01 -5.5035e+01 -6.3783e+01 -2.6677e+02
-5.5346e+01 -5.5076e+01 -5.5555e+01 -1.7032e+02
-5.5377e+01 -5.5340e+01 -5.5214e+01 -6.6545e+01
# New trial
-5.5309e+01 -5.4865e+01 -6.5866e+01 -2.9249e+02
-5.5315e+01 -5.4777e+01 -5.4758e+01 -1.7483e+02
-5.5308e+01 -5.4677e+01 -5.2457e+01 -1.8744e+02
-5.5362e+01 -5.5189e+01 -5.3705e+01 -7.7174e+01
# New trial
-5.5149e+01 -5.3767e+01 -6.6512e+01 -3.1438e+02
-5.5159e+01 -5.3647e+01 -6.2762e+01 -3.2912e+02
-5.5280e+01 -5.4515e+01 -5.7209e+01 -2.2635e+02
-5.5378e+01 -5.5355e+01 -5.6117e+01 -1.6238e+02
# New trial
-5.5235e+01 -5.4456e+01 -8.1203e+01 -5.1186e+02
-5.5230e+01 -5.4182e+01 -7.3129e+01 -4.6038e+02
-5.5293e+01 -5.4599e+01 -6.2030e+01 -3.5675e+02
-5.5372e+01 -5.5301e+01 -5.5938e+01 -1.6556e+02
# New trial
-5.5274e+01 -5.4685e+01 -7.8712e+01 -4.8759e+02
-5.5296e+01 -5.4748e+01 -6.5963e+01 -3.3856e+02
-5.5352e+01 -5.5137e+01 -5.7284e+01 -2.1324e+02
-5.5382e+01 -5.5398e+01 -5.7080e+01 -2.2571e+02
# New trial
-5.5320e+01 -5.4873e+01 -6.6532e+01 -3.7256e+02
-5.5312e+01 -5.4749e+01 -5.7263e+01 -2.4248e+02
-5.5316e+01 -5.4740e+01 -5.1727e+01 -1.8075e+02
-5.5369e+01 -5.5257e+01 -5.4374e+01 -1.3088e+02
# New trial
-5.5271e+01 -5.4367e+01 -5.5799e+01 -2.1079e+02
-5.5264e+01 -5.4290e+01 -5.2857e+01 -1.6870e+02
-5.5319e+01 -5.4792e+01 -5.2461e+01 -1.3781e+02
-5.5375e+01 -5.5323e+01 -5.5010e+01 -6.1249e+01
# New trial
-5.5280e+01 -5.4691e+01 -7.5623e+01 -4.4070e+02
-5.5299e+01 -5.4737e+01 -6.1720e+01 -2.6644e+02
-5.5322e+01 -5.4859e+01 -5.5140e+01 -2.0178e+02
-5.5370e+01 -5.5274e+01 -5.4814e+01 -1.1002e+02
# New trial
-5.5275e+01 -5.4649e+01 -7.6166e+01 -4.5028e+02
-5.5274e+01 -5.4483e+01 -6.0271e+01 -2.7962e+02
-5.5300e+01 -5.4621e+01 -5.3699e+01 -2.0260e+02
-5.5369e+01 -5.5272e+01 -5.4824e+01 -1.3115e+02
# New trial
-5.5311e+01 -5.4862e+01 -6.7647e+01 -3.3568e+02
-5.5300e+01 -5.4710e+01 -5.9169e+01 -2.3237e+02
-5.5327e+01 -5.4882e+01 -5.4218e+01 -1.7773e+02
-5.5375e+01 -5.5318e+01 -5.4952e+01 -8.6770e+01
# New trial
-5.5253e+01 -5.4233e+01 -5.9878e+01 -2.8648e+02
-5.5275e+01 -5.4406e+01 -5.5164e+01 -2.1383e+02
-5.5330e+01 -5.4897e+01 -5.3192e+01 -1.7513e+02
-5.5376e+01 -5.5327e+01 -5.5042e+01 -1.0282e+02
# New trial
-5.5182e+01 -5.3543e+01 -5.2365e+01 -1.8244e+02
-5.5257e+01 -5.4201e+01 -5.0649e+01 -1.5632e+02
-5.5346e+01 -5.5041e+01 -5.3608e+01 -1.5884e+02
-5.5381e+01 -5.5375e+01 -5.5488e+01 -1.0072e+02
# New trial
-5.5278e+01 -5.4499e+01 -6.6296e+01 -3.6965e+02
-5.5309e+01 -5.4719e+01 -5.5683e+01 -1.7183e+02
-5.5360e+01 -5.5184e+01 -5.5254e+01 -1.5052e+02
-5.5379e+01 -5.5363e+01 -5.5569e+01 -1.4473e+02
# New trial
-5.5270e+01 -5.4701e+01 -7.4305e+01 -3.8988e+02
-5.5247e+01 -5.4163e+01 -5.7308e+01 -2.3201e+02
-5.5309e+01 -5.4688e+01 -5.2978e+01 -1.9598e+02
-5.5373e+01 -5.5306e+01 -5.5062e+01 -1.3558e+02
# New trial
-5.5292e+01 -5.4585e+01 -5.9601e+01 -3.0735e+02
-5.5322e+01 -5.4838e+01 -5.5547e+01 -1.8074e+02
-5.5362e+01 -5.5204e+01 -5.5056e+01 -1.3807e+02
-5.5379e+01 -5.5358e+01 -5.5250e+01 -6.2066e+01
# New trial
-5.5368e+01 -5.5734e+01 -8.5908e+01 -5.2780e+02
-5.5335e+01 -5.5190e+01 -7.0630e+01 -3.7979e+02
-5.5352e+01 -5.5174e+01 -5.9899e+01 -2.3946e+02
-5.5377e+01 -5.5344e+01 -5.5490e+01 -1.0532e+02
# New trial
-5.5259e+01 -5.4337e+01 -6.6602e+01 -3.6186e+02
-5.5280e+01 -5.4484e+01 -6.4117e+01 -3.4159e+02
-5.5313e+01 -5.4738e+01 -5.3815e+01 -1.7731e+02
-5.5369e+01 -5.5265e+01 -5.4628e+01 -8.8958e+01
# New trial
-5.5223e+01 -5.3944e+01 -5.6544e+01 -2.5030e+02
-5.5262e+01 -5.4279e+01 -5.2412e+01 -1.6138e+02
-5.5347e+01 -5.5067e+01 -5.4268e+01 -1.2935e+02
-5.5380e+01 -5.5364e+01 -5.5346e+01 -6.9403e+01
# New trial
