# 0.01sig - Array shape (trial/sig/alpha): (30, 4, 4)
-1.4755e+02 -1.4636e+02 -1.3712e+02 -1.2532e+02
-1.4752e+02 -1.4610e+02 -1.3582e+02 -1.2900e+02
-1.4748e+02 -1.4573e+02 -1.3500e+02 -1.5261e+02
-1.4759e+02 -1.4680e+02 -1.3980e+02 -1.3805e+02
# New trial
-1.4756e+02 -1.4650e+02 -1.3893e+02 -1.3887e+02
-1.4753e+02 -1.4621e+02 -1.3851e+02 -1.5077e+02
-1.4748e+02 -1.4577e+02 -1.3725e+02 -1.6967e+02
-1.4758e+02 -1.4670e+02 -1.4102e+02 -2.0728e+02
# New trial
-1.4757e+02 -1.4652e+02 -1.3786e+02 -1.2528e+02
-1.4752e+02 -1.4604e+02 -1.3526e+02 -1.2496e+02
-1.4740e+02 -1.4492e+02 -1.3155e+02 -1.3732e+02
-1.4749e+02 -1.4574e+02 -1.3751e+02 -2.2217e+02
# New trial
-1.4753e+02 -1.4615e+02 -1.3634e+02 -1.3163e+02
-1.4747e+02 -1.4566e+02 -1.3507e+02 -1.4119e+02
-1.4739e+02 -1.4490e+02 -1.3262e+02 -1.5139e+02
-1.4754e+02 -1.4630e+02 -1.3720e+02 -1.8023e+02
# New trial
-1.4758e+02 -1.4668e+02 -1.3860e+02 -1.2516e+02
-1.4755e+02 -1.4636e+02 -1.3638e+02 -1.2924e+02
-1.4748e+02 -1.4572e+02 -1.3579e+02 -1.6819e+02
-1.4754e+02 -1.4626e+02 -1.4372e+02 -2.6786e+02
# New trial
-1.4758e+02 -1.4668e+02 -1.3861e+02 -1.2534e+02
-1.4753e+02 -1.4618e+02 -1.3603e+02 -1.2704e+02
-1.4740e+02 -1.4486e+02 -1.3090e+02 -1.3551e+02
-1.4743e+02 -1.4518e+02 -1.3021e+02 -1.4332e+02
# New trial
-1.4758e+02 -1.4663e+02 -1.3839e+02 -1.2595e+02
-1.4754e+02 -1.4628e+02 -1.3653e+02 -1.2698e+02
-1.4749e+02 -1.4582e+02 -1.3448e+02 -1.3150e+02
-1.4759e+02 -1.4677e+02 -1.4045e+02 -1.9374e+02
# New trial
-1.4757e+02 -1.4656e+02 -1.3750e+02 -1.2464e+02
-1.4753e+02 -1.4620e+02 -1.3448e+02 -1.2461e+02
-1.4744e+02 -1.4528e+02 -1.2840e+02 -1.2461e+02
-1.4750e+02 -1.4583e+02 -1.3152e+02 -1.2461e+02
# New trial
-1.4757e+02 -1.4652e+02 -1.3758e+02 -1.2602e+02
-1.4752e+02 -1.4604e+02 -1.3456e+02 -1.2554e+02
-1.4738e+02 -1.4472e+02 -1.3076e+02 -1.3457e+02
-1.4744e+02 -1.4525e+02 -1.3359e+02 -1.7761e+02
# New trial
-1.4755e+02 -1.4637e+02 -1.3680e+02 -1.2786e+02
-1.4751e+02 -1.4598e+02 -1.3511e+02 -1.2793e+02
-1.4744e+02 -1.4531e+02 -1.3241e+02 -1.4003e+02
-1.4757e+02 -1.4658e+02 -1.3964e+02 -1.9271e+02
# New trial
-1.4752e+02 -1.4607e+02 -1.3574e+02 -1.2621e+02
-1.4747e+02 -1.4560e+02 -1.3398e+02 -1.2815e+02
-1.4740e+02 -1.4495e+02 -1.3226e+02 -1.4862e+02
-1.4759e+02 -1.4677e+02 -1.4108e+02 -2.1296e+02
# New trial
-1.4761e+02 -1.4694e+02 -1.4068e+02 -1.2471e+02
-1.4759e+02 -1.4680e+02 -1.3941e+02 -1.2467e+02
-1.4756e+02 -1.4645e+02 -1.3646e+02 -1.2483e+02
-1.4760e+02 -1.4689e+02 -1.4041e+02 -1.5479e+02
# New trial
-1.4758e+02 -1.4665e+02 -1.3801e+02 -1.2461e+02
-1.4753e+02 -1.4618e+02 -1.3444e+02 -1.2461e+02
-1.4741e+02 -1.4495e+02 -1.2801e+02 -1.2466e+02
-1.4743e+02 -1.4517e+02 -1.2904e+02 -1.3007e+02
# New trial
-1.4761e+02 -1.4690e+02 -1.4021e+02 -1.2557e+02
-1.4758e+02 -1.4667e+02 -1.3817e+02 -1.2529e+02
-1.4750e+02 -1.4589e+02 -1.3238e+02 -1.2498e+02
-1.4747e+02 -1.4560e+02 -1.3095e+02 -1.3647e+02
# New trial
-1.4759e+02 -1.4677e+02 -1.3888e+02 -1.2462e+02
-1.4757e+02 -1.4655e+02 -1.3693e+02 -1.2462e+02
-1.4749e+02 -1.4580e+02 -1.3131e+02 -1.2461e+02
-1.4748e+02 -1.4569e+02 -1.3018e+02 -1.2461e+02
# New trial
-1.4754e+02 -1.4623e+02 -1.3633e+02 -1.2486e+02
-1.4749e+02 -1.4578e+02 -1.3456e+02 -1.2470e+02
-1.4740e+02 -1.4494e+02 -1.2964e+02 -1.2461e+02
-1.4753e+02 -1.4621e+02 -1.3566e+02 -1.6557e+02
# New trial
-1.4755e+02 -1.4640e+02 -1.3727e+02 -1.2653e+02
-1.4751e+02 -1.4602e+02 -1.3599e+02 -1.2672e+02
-1.4744e+02 -1.4533e+02 -1.3238e+02 -1.3501e+02
-1.4753e+02 -1.4618e+02 -1.3545e+02 -1.5584e+02
# New trial
-1.4754e+02 -1.4628e+02 -1.3670e+02 -1.2468e+02
-1.4749e+02 -1.4577e+02 -1.3413e+02 -1.2463e+02
-1.4741e+02 -1.4500e+02 -1.3146e+02 -1.4049e+02
-1.4758e+02 -1.4665e+02 -1.4224e+02 -2.5055e+02
# New trial
-1.4757e+02 -1.4658e+02 -1.3950e+02 -1.3493e+02
-1.4754e+02 -1.4625e+02 -1.3799e+02 -1.3968e+02
-1.4754e+02 -1.4631e+02 -1.3819e+02 -1.7893e+02
-1.4762e+02 -1.4703e+02 -1.4239e+02 -2.0980e+02
# New trial
-1.4757e+02 -1.4657e+02 -1.3853e+02 -1.2636e+02
-1.4754e+02 -1.4627e+02 -1.3698e+02 -1.2676e+02
-1.4748e+02 -1.4570e+02 -1.3468e+02 -1.4785e+02
-1.4757e+02 -1.4660e+02 -1.3976e+02 -1.8697e+02
# New trial
-1.4749e+02 -1.4581e+02 -1.3572e+02 -1.2889e+02
-1.4746e+02 -1.4557e+02 -1.3643e+02 -1.5152e+02
-1.4748e+02 -1.4578e+02 -1.4061e+02 -2.4167e+02
-1.4763e+02 -1.4719e+02 -1.4394e+02 -2.0943e+02
# New trial
-1.4759e+02 -1.4675e+02 -1.3945e+02 -1.3165e+02
-1.4755e+02 -1.4639e+02 -1.3737e+02 -1.3078e+02
-1.4748e+02 -1.4573e+02 -1.3571e+02 -1.5607e+02
-1.4757e+02 -1.4653e+02 -1.4052e+02 -2.1503e+02
# New trial
-1.4763e+02 -1.4715e+02 -1.4249e+02 -1.2928e+02
-1.4761e+02 -1.4690e+02 -1.4023e+02 -1.2886e+02
-1.4755e+02 -1.4639e+02 -1.3605e+02 -1.4279e+02
-1.4754e+02 -1.4630e+02 -1.3659e+02 -1.9048e+02
# New trial
-1.4747e+02 -1.4566e+02 -1.3530e+02 -1.2597e+02
-1.4742e+02 -1.4523e+02 -1.3456e+02 -1.2861e+02
-1.4743e+02 -1.4531e+02 -1.3560e+02 -1.6616e+02
-1.4761e+02 -1.4700e+02 -1.4239e+02 -1.8596e+02
# New trial
-1.4760e+02 -1.4686e+02 -1.4033e+02 -1.3245e+02
-1.4756e+02 -1.4646e+02 -1.3801e+02 -1.4047e+02
-1.4748e+02 -1.4568e+02 -1.3467e+02 -1.5854e+02
-1.4755e+02 -1.4642e+02 -1.3759e+02 -1.7838e+02
# New trial
-1.4762e+02 -1.4704e+02 -1.4160e+02 -1.3030e+02
-1.4760e+02 -1.4680e+02 -1.3959e+02 -1.2948e+02
-1.4753e+02 -1.4620e+02 -1.3498e+02 -1.3523e+02
-1.4758e+02 -1.4662e+02 -1.3822e+02 -1.6122e+02
# New trial
-1.4761e+02 -1.4692e+02 -1.4052e+02 -1.2976e+02
-1.4757e+02 -1.4654e+02 -1.3800e+02 -1.3319e+02
-1.4750e+02 -1.4584e+02 -1.3558e+02 -1.8152e+02
-1.4751e+02 -1.4594e+02 -1.3541e+02 -1.8730e+02
# New trial
-1.4760e+02 -1.4685e+02 -1.4001e+02 -1.2869e+02
-1.4756e+02 -1.4645e+02 -1.3721e+02 -1.2733e+02
-1.4747e+02 -1.4558e+02 -1.3301e+02 -1.4751e+02
-1.4752e+02 -1.4607e+02 -1.3683e+02 -2.1146e+02
# New trial
-1.4762e+02 -1.4701e+02 -1.4130e+02 -1.2608e+02
-1.4760e+02 -1.4684e+02 -1.3983e+02 -1.2614e+02
-1.4755e+02 -1.4637e+02 -1.3596e+02 -1.2886e+02
-1.4758e+02 -1.4665e+02 -1.3814e+02 -1.4425e+02
# New trial
-1.4758e+02 -1.4665e+02 -1.3914e+02 -1.4143e+02
-1.4756e+02 -1.4642e+02 -1.3810e+02 -1.5050e+02
-1.4752e+02 -1.4613e+02 -1.3947e+02 -2.0661e+02
-1.4762e+02 -1.4710e+02 -1.4701e+02 -2.9074e+02
# New trial
