# 0.1sig - Array shape (trial/sig/alpha): (30L, 4L, 4L)
-6.4359e+01 -6.2997e+01 -9.5793e+01 -6.6140e+02
-6.4402e+01 -6.2951e+01 -7.0809e+01 -3.2669e+02
-6.4484e+01 -6.3512e+01 -6.7289e+01 -3.3548e+02
-6.4598e+01 -6.4489e+01 -6.4399e+01 -1.7495e+02
# New trial
-6.4417e+01 -6.2935e+01 -6.6510e+01 -2.8139e+02
-6.4459e+01 -6.3310e+01 -6.3365e+01 -1.7165e+02
-6.4530e+01 -6.3861e+01 -6.0928e+01 -1.1840e+02
-6.4601e+01 -6.4522e+01 -6.4063e+01 -8.2688e+01
# New trial
-6.4475e+01 -6.3556e+01 -8.3708e+01 -4.6953e+02
-6.4436e+01 -6.2989e+01 -6.3169e+01 -2.9304e+02
-6.4383e+01 -6.2368e+01 -5.2535e+01 -2.2903e+02
-6.4521e+01 -6.3707e+01 -5.7698e+01 -9.8881e+01
# New trial
-6.4468e+01 -6.3403e+01 -7.9430e+01 -4.7405e+02
-6.4435e+01 -6.2984e+01 -6.7597e+01 -3.7058e+02
-6.4439e+01 -6.2947e+01 -5.6872e+01 -2.5367e+02
-6.4549e+01 -6.3997e+01 -5.9615e+01 -1.1811e+02
# New trial
-6.4446e+01 -6.3365e+01 -8.2765e+01 -5.1446e+02
-6.4441e+01 -6.3097e+01 -6.1664e+01 -1.8428e+02
-6.4481e+01 -6.3383e+01 -5.8132e+01 -1.8451e+02
-6.4578e+01 -6.4282e+01 -6.1943e+01 -1.1068e+02
# New trial
-6.4490e+01 -6.3538e+01 -6.7313e+01 -2.7597e+02
-6.4478e+01 -6.3394e+01 -6.1720e+01 -1.8281e+02
-6.4492e+01 -6.3452e+01 -5.6897e+01 -1.4624e+02
-6.4569e+01 -6.4189e+01 -6.0887e+01 -9.4718e+01
# New trial
-6.4355e+01 -6.2302e+01 -6.1720e+01 -2.3799e+02
-6.4400e+01 -6.2680e+01 -5.9207e+01 -1.8976e+02
-6.4460e+01 -6.3146e+01 -5.5847e+01 -1.5111e+02
-6.4577e+01 -6.4268e+01 -6.3031e+01 -2.5575e+02
# New trial
-6.4387e+01 -6.2773e+01 -9.4044e+01 -6.7787e+02
-6.4418e+01 -6.2846e+01 -6.4401e+01 -2.7890e+02
-6.4469e+01 -6.3222e+01 -5.9337e+01 -2.8946e+02
-6.4587e+01 -6.4368e+01 -6.3047e+01 -1.7592e+02
# New trial
-6.4279e+01 -6.2053e+01 -7.4382e+01 -3.7998e+02
-6.4345e+01 -6.2465e+01 -6.7387e+01 -2.9484e+02
-6.4482e+01 -6.3457e+01 -6.7371e+01 -3.5621e+02
-6.4607e+01 -6.4578e+01 -6.5541e+01 -2.2562e+02
# New trial
-6.4366e+01 -6.2486e+01 -7.0647e+01 -3.6270e+02
-6.4378e+01 -6.2509e+01 -6.3017e+01 -2.7512e+02
-6.4447e+01 -6.3035e+01 -5.8370e+01 -2.0027e+02
-6.4570e+01 -6.4209e+01 -6.1658e+01 -1.6999e+02
# New trial
-6.4506e+01 -6.3850e+01 -7.5232e+01 -3.3369e+02
-6.4479e+01 -6.3515e+01 -7.0263e+01 -3.2195e+02
-6.4407e+01 -6.2650e+01 -5.5637e+01 -1.6649e+02
-6.4528e+01 -6.3789e+01 -5.9347e+01 -1.3575e+02
# New trial
-6.4426e+01 -6.3232e+01 -8.9947e+01 -5.7334e+02
-6.4408e+01 -6.2901e+01 -7.1208e+01 -3.5871e+02
-6.4489e+01 -6.3460e+01 -5.9339e+01 -2.2291e+02
-6.4596e+01 -6.4468e+01 -6.3827e+01 -1.1190e+02
# New trial
-6.4458e+01 -6.3652e+01 -1.0508e+02 -7.7148e+02
-6.4466e+01 -6.3420e+01 -7.0202e+01 -3.1307e+02
-6.4484e+01 -6.3411e+01 -6.0223e+01 -2.5074e+02
-6.4587e+01 -6.4381e+01 -6.3189e+01 -1.5205e+02
# New trial
-6.4508e+01 -6.3866e+01 -7.9473e+01 -4.1171e+02
-6.4477e+01 -6.3353e+01 -6.1120e+01 -2.3305e+02
-6.4467e+01 -6.3206e+01 -5.6969e+01 -2.4865e+02
-6.4566e+01 -6.4157e+01 -6.0815e+01 -1.1874e+02
# New trial
-6.4294e+01 -6.2419e+01 -8.4502e+01 -4.7709e+02
-6.4222e+01 -6.1427e+01 -6.9689e+01 -4.0973e+02
-6.4344e+01 -6.2195e+01 -5.9625e+01 -2.8378e+02
-6.4573e+01 -6.4281e+01 -6.3408e+01 -1.9375e+02
# New trial
-6.4456e+01 -6.3920e+01 -1.0365e+02 -7.0314e+02
-6.4386e+01 -6.2850e+01 -8.3612e+01 -5.4583e+02
-6.4364e+01 -6.2384e+01 -7.0677e+01 -4.6484e+02
-6.4554e+01 -6.4089e+01 -6.3001e+01 -2.7454e+02
# New trial
-6.4365e+01 -6.2623e+01 -8.3244e+01 -5.5782e+02
-6.4397e+01 -6.2765e+01 -6.9077e+01 -3.5803e+02
-6.4501e+01 -6.3598e+01 -6.3171e+01 -2.6248e+02
-6.4609e+01 -6.4586e+01 -6.5181e+01 -2.2047e+02
# New trial
-6.4453e+01 -6.3171e+01 -7.0135e+01 -3.9027e+02
-6.4457e+01 -6.3156e+01 -6.1468e+01 -2.5294e+02
-6.4449e+01 -6.3006e+01 -5.3178e+01 -1.1788e+02
-6.4547e+01 -6.3967e+01 -5.8842e+01 -5.3431e+01
# New trial
-6.4483e+01 -6.3429e+01 -6.4282e+01 -2.4705e+02
-6.4460e+01 -6.3199e+01 -6.0422e+01 -2.0173e+02
-6.4494e+01 -6.3490e+01 -5.8227e+01 -1.6918e+02
-6.4591e+01 -6.4414e+01 -6.3006e+01 -7.4646e+01
# New trial
-6.4398e+01 -6.2994e+01 -8.7747e+01 -5.5061e+02
-6.4392e+01 -6.2724e+01 -6.4565e+01 -2.7027e+02
-6.4429e+01 -6.2880e+01 -5.5799e+01 -1.6571e+02
-6.4571e+01 -6.4215e+01 -6.1678e+01 -1.7460e+02
# New trial
-6.4442e+01 -6.3378e+01 -8.8213e+01 -5.4480e+02
-6.4419e+01 -6.2902e+01 -6.3834e+01 -2.7896e+02
-6.4477e+01 -6.3330e+01 -5.8739e+01 -2.1514e+02
-6.4597e+01 -6.4464e+01 -6.3397e+01 -8.6839e+01
# New trial
-6.4480e+01 -6.3511e+01 -7.6381e+01 -4.5868e+02
-6.4451e+01 -6.3191e+01 -6.5155e+01 -2.6778e+02
-6.4472e+01 -6.3298e+01 -5.8483e+01 -2.2735e+02
-6.4584e+01 -6.4359e+01 -6.3068e+01 -1.5064e+02
# New trial
-6.4433e+01 -6.2987e+01 -6.6374e+01 -3.0082e+02
-6.4438e+01 -6.2992e+01 -6.0786e+01 -2.4392e+02
-6.4470e+01 -6.3248e+01 -5.6919e+01 -1.8302e+02
-6.4574e+01 -6.4238e+01 -6.1499e+01 -9.0707e+01
# New trial
-6.4324e+01 -6.1998e+01 -6.0969e+01 -2.3386e+02
-6.4395e+01 -6.2553e+01 -5.4908e+01 -1.5571e+02
-6.4507e+01 -6.3592e+01 -5.7897e+01 -2.0291e+02
-6.4598e+01 -6.4483e+01 -6.3650e+01 -1.3536e+02
# New trial
-6.4429e+01 -6.2915e+01 -6.5964e+01 -3.6481e+02
-6.4474e+01 -6.3309e+01 -5.9192e+01 -1.7362e+02
-6.4537e+01 -6.3885e+01 -5.9539e+01 -1.4487e+02
-6.4593e+01 -6.4428e+01 -6.3145e+01 -1.3058e+02
# New trial
-6.4504e+01 -6.4140e+01 -9.2090e+01 -5.2944e+02
-6.4405e+01 -6.2709e+01 -6.1993e+01 -2.5543e+02
-6.4434e+01 -6.2883e+01 -5.6717e+01 -1.8310e+02
-6.4582e+01 -6.4328e+01 -6.2619e+01 -9.5304e+01
# New trial
-6.4415e+01 -6.2795e+01 -6.5978e+01 -3.2868e+02
-6.4481e+01 -6.3382e+01 -6.0840e+01 -2.1198e+02
-6.4574e+01 -6.4249e+01 -6.2676e+01 -1.4590e+02
-6.4607e+01 -6.4563e+01 -6.4298e+01 -6.7149e+01
# New trial
-6.4502e+01 -6.4161e+01 -9.8804e+01 -6.4416e+02
-6.4441e+01 -6.3247e+01 -7.5915e+01 -4.4411e+02
-6.4476e+01 -6.3358e+01 -6.4029e+01 -2.8185e+02
-6.4594e+01 -6.4454e+01 -6.5137e+01 -2.6795e+02
# New trial
-6.4442e+01 -6.3147e+01 -7.6714e+01 -4.1473e+02
-6.4432e+01 -6.2969e+01 -6.8272e+01 -3.4624e+02
-6.4438e+01 -6.2912e+01 -5.4293e+01 -1.5153e+02
-6.4571e+01 -6.4206e+01 -6.0870e+01 -7.3511e+01
# New trial
-6.4368e+01 -6.2358e+01 -6.2327e+01 -3.0159e+02
-6.4417e+01 -6.2776e+01 -5.6639e+01 -1.8088e+02
-6.4543e+01 -6.3972e+01 -6.1130e+01 -1.3958e+02
-6.4600e+01 -6.4507e+01 -6.4213e+01 -9.9891e+01
# New trial
