# 0.1sig - Array shape (trial/sig/alpha): (30, 4, 4)
-1.2919e+02 -1.2893e+02 -1.2715e+02 -1.3074e+02
-1.2919e+02 -1.2889e+02 -1.2693e+02 -1.2471e+02
-1.2917e+02 -1.2873e+02 -1.2632e+02 -1.2870e+02
-1.2919e+02 -1.2893e+02 -1.2729e+02 -1.4138e+02
# New trial
-1.2920e+02 -1.2904e+02 -1.2763e+02 -1.2485e+02
-1.2920e+02 -1.2898e+02 -1.2719e+02 -1.2508e+02
-1.2918e+02 -1.2877e+02 -1.2563e+02 -1.2461e+02
-1.2917e+02 -1.2869e+02 -1.2500e+02 -1.2461e+02
# New trial
-1.2920e+02 -1.2904e+02 -1.2778e+02 -1.2816e+02
-1.2919e+02 -1.2893e+02 -1.2663e+02 -1.2461e+02
-1.2918e+02 -1.2876e+02 -1.2591e+02 -1.3063e+02
-1.2918e+02 -1.2879e+02 -1.2620e+02 -1.3489e+02
# New trial
-1.2920e+02 -1.2896e+02 -1.2719e+02 -1.2872e+02
-1.2920e+02 -1.2896e+02 -1.2701e+02 -1.2476e+02
-1.2919e+02 -1.2891e+02 -1.2661e+02 -1.2884e+02
-1.2920e+02 -1.2899e+02 -1.2706e+02 -1.2533e+02
# New trial
-1.2921e+02 -1.2906e+02 -1.2787e+02 -1.3090e+02
-1.2920e+02 -1.2900e+02 -1.2724e+02 -1.2463e+02
-1.2918e+02 -1.2882e+02 -1.2609e+02 -1.2462e+02
-1.2917e+02 -1.2873e+02 -1.2534e+02 -1.2461e+02
# New trial
-1.2921e+02 -1.2908e+02 -1.2790e+02 -1.2723e+02
-1.2920e+02 -1.2903e+02 -1.2751e+02 -1.2810e+02
-1.2919e+02 -1.2887e+02 -1.2648e+02 -1.2871e+02
-1.2918e+02 -1.2881e+02 -1.2574e+02 -1.2461e+02
# New trial
-1.2921e+02 -1.2905e+02 -1.2760e+02 -1.2462e+02
-1.2920e+02 -1.2899e+02 -1.2709e+02 -1.2461e+02
-1.2919e+02 -1.2886e+02 -1.2625e+02 -1.2466e+02
-1.2920e+02 -1.2897e+02 -1.2758e+02 -1.4468e+02
# New trial
-1.2920e+02 -1.2901e+02 -1.2746e+02 -1.2580e+02
-1.2920e+02 -1.2896e+02 -1.2708e+02 -1.2499e+02
-1.2918e+02 -1.2879e+02 -1.2611e+02 -1.2604e+02
-1.2919e+02 -1.2890e+02 -1.2675e+02 -1.3715e+02
# New trial
-1.2919e+02 -1.2894e+02 -1.2712e+02 -1.2499e+02
-1.2918e+02 -1.2883e+02 -1.2655e+02 -1.2466e+02
-1.2917e+02 -1.2873e+02 -1.2682e+02 -1.3277e+02
-1.2920e+02 -1.2900e+02 -1.2801e+02 -1.4447e+02
# New trial
-1.2921e+02 -1.2906e+02 -1.2768e+02 -1.2468e+02
-1.2920e+02 -1.2898e+02 -1.2704e+02 -1.2461e+02
-1.2918e+02 -1.2882e+02 -1.2578e+02 -1.2461e+02
-1.2920e+02 -1.2895e+02 -1.2675e+02 -1.2510e+02
# New trial
-1.2921e+02 -1.2908e+02 -1.2795e+02 -1.2782e+02
-1.2920e+02 -1.2899e+02 -1.2714e+02 -1.2476e+02
-1.2917e+02 -1.2873e+02 -1.2568e+02 -1.2469e+02
-1.2917e+02 -1.2865e+02 -1.2597e+02 -1.3385e+02
# New trial
-1.2920e+02 -1.2902e+02 -1.2764e+02 -1.2934e+02
-1.2919e+02 -1.2894e+02 -1.2709e+02 -1.2531e+02
-1.2917e+02 -1.2873e+02 -1.2586e+02 -1.2461e+02
-1.2919e+02 -1.2889e+02 -1.2678e+02 -1.3446e+02
# New trial
-1.2921e+02 -1.2906e+02 -1.2771e+02 -1.2510e+02
-1.2920e+02 -1.2898e+02 -1.2710e+02 -1.2481e+02
-1.2918e+02 -1.2881e+02 -1.2599e+02 -1.2470e+02
-1.2920e+02 -1.2901e+02 -1.2735e+02 -1.3079e+02
# New trial
-1.2921e+02 -1.2907e+02 -1.2781e+02 -1.2468e+02
-1.2920e+02 -1.2901e+02 -1.2714e+02 -1.2461e+02
-1.2919e+02 -1.2884e+02 -1.2578e+02 -1.2461e+02
-1.2917e+02 -1.2872e+02 -1.2508e+02 -1.2461e+02
# New trial
-1.2920e+02 -1.2902e+02 -1.2825e+02 -1.3608e+02
-1.2919e+02 -1.2889e+02 -1.2700e+02 -1.2476e+02
-1.2916e+02 -1.2860e+02 -1.2557e+02 -1.2463e+02
-1.2917e+02 -1.2874e+02 -1.2570e+02 -1.2518e+02
# New trial
-1.2919e+02 -1.2895e+02 -1.2767e+02 -1.3691e+02
-1.2919e+02 -1.2886e+02 -1.2656e+02 -1.2461e+02
-1.2916e+02 -1.2864e+02 -1.2659e+02 -1.3228e+02
-1.2918e+02 -1.2877e+02 -1.2864e+02 -1.6093e+02
# New trial
-1.2920e+02 -1.2903e+02 -1.2743e+02 -1.2462e+02
-1.2920e+02 -1.2896e+02 -1.2687e+02 -1.2462e+02
-1.2918e+02 -1.2884e+02 -1.2603e+02 -1.2462e+02
-1.2920e+02 -1.2896e+02 -1.2677e+02 -1.2461e+02
# New trial
-1.2921e+02 -1.2909e+02 -1.2798e+02 -1.2608e+02
-1.2920e+02 -1.2902e+02 -1.2732e+02 -1.2474e+02
-1.2918e+02 -1.2882e+02 -1.2566e+02 -1.2461e+02
-1.2917e+02 -1.2868e+02 -1.2497e+02 -1.2461e+02
# New trial
-1.2921e+02 -1.2906e+02 -1.2772e+02 -1.2652e+02
-1.2920e+02 -1.2902e+02 -1.2734e+02 -1.2465e+02
-1.2920e+02 -1.2895e+02 -1.2685e+02 -1.2543e+02
-1.2921e+02 -1.2905e+02 -1.2769e+02 -1.3723e+02
# New trial
-1.2920e+02 -1.2901e+02 -1.2750e+02 -1.3092e+02
-1.2920e+02 -1.2899e+02 -1.2731e+02 -1.2477e+02
-1.2919e+02 -1.2893e+02 -1.2768e+02 -1.4217e+02
-1.2921e+02 -1.2910e+02 -1.2972e+02 -1.6891e+02
# New trial
-1.2920e+02 -1.2902e+02 -1.2762e+02 -1.2831e+02
-1.2920e+02 -1.2895e+02 -1.2700e+02 -1.2518e+02
-1.2918e+02 -1.2876e+02 -1.2577e+02 -1.2469e+02
-1.2918e+02 -1.2880e+02 -1.2566e+02 -1.2461e+02
# New trial
-1.2920e+02 -1.2903e+02 -1.2779e+02 -1.3416e+02
-1.2920e+02 -1.2896e+02 -1.2694e+02 -1.2461e+02
-1.2918e+02 -1.2878e+02 -1.2571e+02 -1.2461e+02
-1.2918e+02 -1.2879e+02 -1.2550e+02 -1.2461e+02
# New trial
-1.2921e+02 -1.2905e+02 -1.2769e+02 -1.2554e+02
-1.2920e+02 -1.2899e+02 -1.2718e+02 -1.2473e+02
-1.2918e+02 -1.2883e+02 -1.2608e+02 -1.2461e+02
-1.2919e+02 -1.2894e+02 -1.2684e+02 -1.3261e+02
# New trial
-1.2921e+02 -1.2907e+02 -1.2781e+02 -1.2632e+02
-1.2920e+02 -1.2902e+02 -1.2740e+02 -1.2560e+02
-1.2919e+02 -1.2891e+02 -1.2671e+02 -1.2553e+02
-1.2921e+02 -1.2904e+02 -1.2758e+02 -1.2686e+02
# New trial
-1.2921e+02 -1.2908e+02 -1.2790e+02 -1.2498e+02
-1.2920e+02 -1.2903e+02 -1.2748e+02 -1.2471e+02
-1.2919e+02 -1.2892e+02 -1.2661e+02 -1.2472e+02
-1.2920e+02 -1.2902e+02 -1.2776e+02 -1.4167e+02
# New trial
-1.2921e+02 -1.2907e+02 -1.2837e+02 -1.3970e+02
-1.2920e+02 -1.2895e+02 -1.2683e+02 -1.2472e+02
-1.2917e+02 -1.2870e+02 -1.2549e+02 -1.2461e+02
-1.2916e+02 -1.2862e+02 -1.2554e+02 -1.2461e+02
# New trial
-1.2921e+02 -1.2911e+02 -1.2817e+02 -1.2594e+02
-1.2921e+02 -1.2908e+02 -1.2794e+02 -1.2575e+02
-1.2921e+02 -1.2910e+02 -1.2817e+02 -1.3676e+02
-1.2922e+02 -1.2920e+02 -1.2903e+02 -1.4071e+02
# New trial
-1.2920e+02 -1.2903e+02 -1.2775e+02 -1.3079e+02
-1.2920e+02 -1.2894e+02 -1.2694e+02 -1.2529e+02
-1.2917e+02 -1.2866e+02 -1.2581e+02 -1.2748e+02
-1.2914e+02 -1.2845e+02 -1.2480e+02 -1.2461e+02
# New trial
-1.2921e+02 -1.2907e+02 -1.2785e+02 -1.2888e+02
-1.2920e+02 -1.2900e+02 -1.2720e+02 -1.2462e+02
-1.2919e+02 -1.2888e+02 -1.2624e+02 -1.2473e+02
-1.2920e+02 -1.2899e+02 -1.2715e+02 -1.3319e+02
# New trial
-1.2921e+02 -1.2907e+02 -1.2779e+02 -1.2467e+02
-1.2920e+02 -1.2904e+02 -1.2751e+02 -1.2469e+02
-1.2920e+02 -1.2897e+02 -1.2692e+02 -1.2461e+02
-1.2921e+02 -1.2907e+02 -1.2769e+02 -1.2461e+02
# New trial
