# 0.01sig - Array shape (trial/sig/alpha): (30, 4, 4)
-1.7525e+02 -1.7411e+02 -1.6455e+02 -1.4895e+02
-1.7522e+02 -1.7382e+02 -1.6305e+02 -1.5470e+02
-1.7517e+02 -1.7334e+02 -1.6156e+02 -1.9515e+02
-1.7528e+02 -1.7443e+02 -1.6866e+02 -2.4780e+02
# New trial
-1.7524e+02 -1.7400e+02 -1.6369e+02 -1.4829e+02
-1.7519e+02 -1.7360e+02 -1.6175e+02 -1.4805e+02
-1.7512e+02 -1.7284e+02 -1.5690e+02 -1.4773e+02
-1.7523e+02 -1.7389e+02 -1.6194e+02 -1.5559e+02
# New trial
-1.7525e+02 -1.7417e+02 -1.6441e+02 -1.4944e+02
-1.7520e+02 -1.7365e+02 -1.6055e+02 -1.4834e+02
-1.7507e+02 -1.7234e+02 -1.5387e+02 -1.5378e+02
-1.7510e+02 -1.7262e+02 -1.5742e+02 -2.0508e+02
# New trial
-1.7522e+02 -1.7387e+02 -1.6335e+02 -1.5839e+02
-1.7516e+02 -1.7333e+02 -1.6174e+02 -1.6814e+02
-1.7506e+02 -1.7238e+02 -1.5998e+02 -1.9940e+02
-1.7520e+02 -1.7368e+02 -1.6181e+02 -1.8150e+02
# New trial
-1.7527e+02 -1.7433e+02 -1.6568e+02 -1.4940e+02
-1.7523e+02 -1.7390e+02 -1.6260e+02 -1.5191e+02
-1.7510e+02 -1.7264e+02 -1.5600e+02 -1.5605e+02
-1.7505e+02 -1.7215e+02 -1.5196e+02 -1.5545e+02
# New trial
-1.7528e+02 -1.7442e+02 -1.6642e+02 -1.4977e+02
-1.7522e+02 -1.7386e+02 -1.6274e+02 -1.5045e+02
-1.7508e+02 -1.7249e+02 -1.5669e+02 -1.6565e+02
-1.7510e+02 -1.7267e+02 -1.5704e+02 -1.9764e+02
# New trial
-1.7527e+02 -1.7432e+02 -1.6589e+02 -1.5329e+02
-1.7523e+02 -1.7396e+02 -1.6376e+02 -1.5364e+02
-1.7516e+02 -1.7331e+02 -1.6076e+02 -1.6167e+02
-1.7523e+02 -1.7391e+02 -1.6385e+02 -2.0136e+02
# New trial
-1.7525e+02 -1.7418e+02 -1.6432e+02 -1.4813e+02
-1.7523e+02 -1.7393e+02 -1.6255e+02 -1.5360e+02
-1.7516e+02 -1.7322e+02 -1.5915e+02 -1.9156e+02
-1.7516e+02 -1.7329e+02 -1.5838e+02 -1.7911e+02
# New trial
-1.7525e+02 -1.7416e+02 -1.6416e+02 -1.4822e+02
-1.7520e+02 -1.7368e+02 -1.6049e+02 -1.5108e+02
-1.7507e+02 -1.7239e+02 -1.5708e+02 -1.9454e+02
-1.7510e+02 -1.7267e+02 -1.5876e+02 -2.0802e+02
# New trial
-1.7525e+02 -1.7410e+02 -1.6465e+02 -1.4930e+02
-1.7521e+02 -1.7377e+02 -1.6325e+02 -1.5058e+02
-1.7513e+02 -1.7303e+02 -1.5875e+02 -1.5458e+02
-1.7522e+02 -1.7381e+02 -1.6324e+02 -2.3255e+02
# New trial
-1.7520e+02 -1.7364e+02 -1.6177e+02 -1.4992e+02
-1.7514e+02 -1.7312e+02 -1.6000e+02 -1.6052e+02
-1.7504e+02 -1.7213e+02 -1.5553e+02 -1.5533e+02
-1.7521e+02 -1.7378e+02 -1.6308e+02 -2.1604e+02
# New trial
-1.7529e+02 -1.7457e+02 -1.6763e+02 -1.4799e+02
-1.7528e+02 -1.7442e+02 -1.6625e+02 -1.4807e+02
-1.7522e+02 -1.7388e+02 -1.6146e+02 -1.4769e+02
-1.7521e+02 -1.7370e+02 -1.5961e+02 -1.4768e+02
# New trial
-1.7528e+02 -1.7440e+02 -1.6618e+02 -1.4907e+02
-1.7523e+02 -1.7396e+02 -1.6292e+02 -1.4911e+02
-1.7511e+02 -1.7278e+02 -1.5689e+02 -1.6080e+02
-1.7508e+02 -1.7243e+02 -1.5586e+02 -1.8994e+02
# New trial
-1.7530e+02 -1.7462e+02 -1.6817e+02 -1.5014e+02
-1.7527e+02 -1.7437e+02 -1.6586e+02 -1.4981e+02
-1.7520e+02 -1.7362e+02 -1.6007e+02 -1.5360e+02
-1.7519e+02 -1.7350e+02 -1.6033e+02 -1.9300e+02
# New trial
-1.7529e+02 -1.7451e+02 -1.6702e+02 -1.4940e+02
-1.7526e+02 -1.7427e+02 -1.6487e+02 -1.4931e+02
-1.7518e+02 -1.7346e+02 -1.5823e+02 -1.4790e+02
-1.7515e+02 -1.7318e+02 -1.5581e+02 -1.4768e+02
# New trial
-1.7522e+02 -1.7387e+02 -1.6295e+02 -1.4992e+02
-1.7517e+02 -1.7338e+02 -1.6093e+02 -1.4811e+02
-1.7509e+02 -1.7258e+02 -1.5797e+02 -1.5430e+02
-1.7522e+02 -1.7383e+02 -1.6517e+02 -2.5912e+02
# New trial
-1.7524e+02 -1.7406e+02 -1.6376e+02 -1.4797e+02
-1.7520e+02 -1.7366e+02 -1.6178e+02 -1.4824e+02
-1.7513e+02 -1.7297e+02 -1.5708e+02 -1.5072e+02
-1.7519e+02 -1.7359e+02 -1.5939e+02 -1.5433e+02
# New trial
-1.7524e+02 -1.7403e+02 -1.6461e+02 -1.4831e+02
-1.7519e+02 -1.7357e+02 -1.6282e+02 -1.5001e+02
-1.7509e+02 -1.7261e+02 -1.6016e+02 -1.8242e+02
-1.7518e+02 -1.7348e+02 -1.6190e+02 -2.1839e+02
# New trial
-1.7519e+02 -1.7358e+02 -1.6256e+02 -1.5854e+02
-1.7514e+02 -1.7315e+02 -1.6164e+02 -1.8707e+02
-1.7516e+02 -1.7334e+02 -1.6875e+02 -2.9519e+02
-1.7533e+02 -1.7499e+02 -1.8163e+02 -4.6083e+02
# New trial
-1.7525e+02 -1.7415e+02 -1.6459e+02 -1.4930e+02
-1.7522e+02 -1.7387e+02 -1.6305e+02 -1.5113e+02
-1.7516e+02 -1.7325e+02 -1.5892e+02 -1.6611e+02
-1.7522e+02 -1.7386e+02 -1.6267e+02 -2.0205e+02
# New trial
-1.7515e+02 -1.7318e+02 -1.6012e+02 -1.4774e+02
-1.7509e+02 -1.7263e+02 -1.5866e+02 -1.4857e+02
-1.7501e+02 -1.7188e+02 -1.5446e+02 -1.4771e+02
-1.7519e+02 -1.7355e+02 -1.6053e+02 -1.7228e+02
# New trial
-1.7528e+02 -1.7441e+02 -1.6641e+02 -1.4866e+02
-1.7524e+02 -1.7402e+02 -1.6366e+02 -1.4861e+02
-1.7513e+02 -1.7299e+02 -1.5673e+02 -1.4851e+02
-1.7519e+02 -1.7355e+02 -1.5900e+02 -1.4768e+02
# New trial
-1.7531e+02 -1.7474e+02 -1.6913e+02 -1.4853e+02
-1.7528e+02 -1.7446e+02 -1.6649e+02 -1.4799e+02
-1.7521e+02 -1.7373e+02 -1.6042e+02 -1.4869e+02
-1.7516e+02 -1.7328e+02 -1.5804e+02 -1.7736e+02
# New trial
-1.7515e+02 -1.7320e+02 -1.6081e+02 -1.4848e+02
-1.7509e+02 -1.7272e+02 -1.5998e+02 -1.4864e+02
-1.7507e+02 -1.7250e+02 -1.5959e+02 -1.8133e+02
-1.7525e+02 -1.7416e+02 -1.6665e+02 -2.1883e+02
# New trial
-1.7529e+02 -1.7450e+02 -1.6717e+02 -1.4943e+02
-1.7524e+02 -1.7407e+02 -1.6423e+02 -1.5067e+02
-1.7513e+02 -1.7301e+02 -1.5771e+02 -1.6357e+02
-1.7521e+02 -1.7371e+02 -1.6275e+02 -2.3484e+02
# New trial
-1.7529e+02 -1.7457e+02 -1.6773e+02 -1.6211e+02
-1.7527e+02 -1.7431e+02 -1.6556e+02 -1.6508e+02
-1.7520e+02 -1.7361e+02 -1.6099e+02 -1.8720e+02
-1.7524e+02 -1.7406e+02 -1.6436e+02 -2.1685e+02
# New trial
-1.7529e+02 -1.7450e+02 -1.6706e+02 -1.5165e+02
-1.7524e+02 -1.7404e+02 -1.6348e+02 -1.4931e+02
-1.7513e+02 -1.7295e+02 -1.5689e+02 -1.5074e+02
-1.7513e+02 -1.7294e+02 -1.5940e+02 -2.0921e+02
# New trial
-1.7528e+02 -1.7446e+02 -1.6662e+02 -1.4780e+02
-1.7524e+02 -1.7405e+02 -1.6355e+02 -1.4786e+02
-1.7513e+02 -1.7297e+02 -1.5717e+02 -1.5393e+02
-1.7511e+02 -1.7279e+02 -1.5520e+02 -1.6856e+02
# New trial
-1.7531e+02 -1.7470e+02 -1.6886e+02 -1.5373e+02
-1.7529e+02 -1.7454e+02 -1.6746e+02 -1.5509e+02
-1.7524e+02 -1.7407e+02 -1.6369e+02 -1.7135e+02
-1.7527e+02 -1.7438e+02 -1.6663e+02 -2.1316e+02
# New trial
-1.7525e+02 -1.7415e+02 -1.6462e+02 -1.4884e+02
-1.7522e+02 -1.7382e+02 -1.6257e+02 -1.5160e+02
-1.7512e+02 -1.7292e+02 -1.5734e+02 -1.6160e+02
-1.7519e+02 -1.7355e+02 -1.5940e+02 -1.6244e+02
# New trial
