# 0.01sig - Array shape (trial/sig/alpha): (30L, 4L, 4L)
-1.0094e+02 -9.5979e+01 -8.1602e+01 -3.6490e+02
-1.0097e+02 -9.6177e+01 -7.8212e+01 -3.4023e+02
-1.0110e+02 -9.7355e+01 -7.9149e+01 -3.6105e+02
-1.0142e+02 -1.0049e+02 -9.3871e+01 -2.8434e+02
# New trial
-1.0084e+02 -9.5376e+01 -9.3539e+01 -4.6680e+02
-1.0089e+02 -9.5574e+01 -8.0988e+01 -2.7429e+02
-1.0109e+02 -9.7326e+01 -8.4258e+01 -3.2734e+02
-1.0143e+02 -1.0056e+02 -9.5593e+01 -2.6698e+02
# New trial
-1.0084e+02 -9.5429e+01 -9.0100e+01 -4.5236e+02
-1.0086e+02 -9.5313e+01 -7.7918e+01 -3.4377e+02
-1.0093e+02 -9.5681e+01 -7.5415e+01 -3.4559e+02
-1.0136e+02 -9.9872e+01 -9.0462e+01 -2.8793e+02
# New trial
-1.0075e+02 -9.4681e+01 -9.4975e+01 -5.0503e+02
-1.0078e+02 -9.4826e+01 -8.8696e+01 -4.9364e+02
-1.0113e+02 -9.7841e+01 -9.9092e+01 -6.3586e+02
-1.0149e+02 -1.0115e+02 -1.0214e+02 -4.4800e+02
# New trial
-1.0119e+02 -9.8458e+01 -9.6100e+01 -4.0829e+02
-1.0106e+02 -9.7085e+01 -8.1166e+01 -3.3359e+02
-1.0100e+02 -9.6325e+01 -7.0438e+01 -2.8360e+02
-1.0131e+02 -9.9340e+01 -8.8447e+01 -2.7690e+02
# New trial
-1.0089e+02 -9.5960e+01 -9.7309e+01 -4.8823e+02
-1.0093e+02 -9.5921e+01 -7.9313e+01 -2.8106e+02
-1.0108e+02 -9.7209e+01 -8.4109e+01 -3.8489e+02
-1.0143e+02 -1.0053e+02 -9.5361e+01 -2.7876e+02
# New trial
-1.0088e+02 -9.5564e+01 -8.8184e+01 -3.9465e+02
-1.0092e+02 -9.5819e+01 -8.0842e+01 -3.0258e+02
-1.0119e+02 -9.8279e+01 -8.5905e+01 -3.1950e+02
-1.0149e+02 -1.0110e+02 -9.9327e+01 -2.6552e+02
# New trial
-1.0082e+02 -9.5060e+01 -7.9624e+01 -3.4053e+02
-1.0089e+02 -9.5546e+01 -7.5140e+01 -2.6979e+02
-1.0106e+02 -9.7001e+01 -8.1441e+01 -3.7700e+02
-1.0142e+02 -1.0042e+02 -9.3254e+01 -2.6241e+02
# New trial
-1.0098e+02 -9.6735e+01 -1.0067e+02 -5.5400e+02
-1.0093e+02 -9.6093e+01 -9.0495e+01 -4.8446e+02
-1.0089e+02 -9.5376e+01 -7.4681e+01 -3.4459e+02
-1.0139e+02 -1.0008e+02 -9.0653e+01 -2.5296e+02
# New trial
-1.0090e+02 -9.5761e+01 -9.3255e+01 -5.0794e+02
-1.0098e+02 -9.6335e+01 -8.4283e+01 -4.1471e+02
-1.0118e+02 -9.8128e+01 -8.7171e+01 -4.1102e+02
-1.0148e+02 -1.0104e+02 -9.8562e+01 -3.2367e+02
# New trial
-1.0075e+02 -9.4445e+01 -8.2223e+01 -3.2927e+02
-1.0084e+02 -9.5195e+01 -7.8859e+01 -3.1222e+02
-1.0116e+02 -9.8099e+01 -1.0031e+02 -5.9934e+02
-1.0151e+02 -1.0137e+02 -1.0419e+02 -4.3742e+02
# New trial
-1.0115e+02 -9.7787e+01 -7.2905e+01 -1.1286e+02
-1.0122e+02 -9.8494e+01 -7.7275e+01 -9.5946e+01
-1.0133e+02 -9.9560e+01 -8.5428e+01 -1.6398e+02
-1.0148e+02 -1.0104e+02 -9.7004e+01 -1.1781e+02
# New trial
-1.0093e+02 -9.5912e+01 -8.7095e+01 -4.5571e+02
-1.0095e+02 -9.5976e+01 -7.6580e+01 -3.3969e+02
-1.0094e+02 -9.5798e+01 -7.8642e+01 -4.5885e+02
-1.0133e+02 -9.9523e+01 -8.7285e+01 -3.4015e+02
# New trial
-1.0115e+02 -9.7833e+01 -7.6227e+01 -1.7141e+02
-1.0112e+02 -9.7466e+01 -7.1235e+01 -1.3936e+02
-1.0114e+02 -9.7617e+01 -7.0178e+01 -1.4742e+02
-1.0137e+02 -9.9961e+01 -8.7115e+01 -1.9731e+02
# New trial
-1.0104e+02 -9.6802e+01 -7.7123e+01 -2.8935e+02
-1.0112e+02 -9.7516e+01 -7.4905e+01 -2.3171e+02
-1.0121e+02 -9.8325e+01 -7.9041e+01 -2.4409e+02
-1.0141e+02 -1.0035e+02 -9.1417e+01 -2.0249e+02
# New trial
-1.0084e+02 -9.5300e+01 -8.6533e+01 -3.8249e+02
-1.0088e+02 -9.5554e+01 -8.2604e+01 -2.9362e+02
-1.0109e+02 -9.7406e+01 -9.0376e+01 -4.1703e+02
-1.0147e+02 -1.0092e+02 -9.9946e+01 -4.5557e+02
# New trial
-1.0083e+02 -9.5102e+01 -7.5542e+01 -2.3201e+02
-1.0092e+02 -9.5937e+01 -7.9994e+01 -2.6296e+02
-1.0113e+02 -9.7756e+01 -8.6013e+01 -3.5844e+02
-1.0146e+02 -1.0081e+02 -9.7311e+01 -3.2381e+02
# New trial
-1.0090e+02 -9.6606e+01 -1.2212e+02 -7.5537e+02
-1.0096e+02 -9.6637e+01 -1.0028e+02 -5.5992e+02
-1.0119e+02 -9.8431e+01 -1.0144e+02 -6.3038e+02
-1.0147e+02 -1.0103e+02 -1.0358e+02 -4.6988e+02
# New trial
-1.0120e+02 -9.8404e+01 -8.6423e+01 -3.1223e+02
-1.0122e+02 -9.8452e+01 -7.9145e+01 -1.8600e+02
-1.0123e+02 -9.8572e+01 -7.8109e+01 -2.2109e+02
-1.0141e+02 -1.0034e+02 -9.1039e+01 -1.9018e+02
# New trial
-1.0108e+02 -9.7249e+01 -8.1311e+01 -3.3855e+02
-1.0113e+02 -9.7635e+01 -8.0958e+01 -2.6480e+02
-1.0122e+02 -9.8552e+01 -8.7496e+01 -3.7484e+02
-1.0146e+02 -1.0083e+02 -9.6348e+01 -2.4256e+02
# New trial
-1.0072e+02 -9.3996e+01 -6.8692e+01 -2.6053e+02
-1.0074e+02 -9.4397e+01 -7.1904e+01 -1.7051e+02
-1.0108e+02 -9.7423e+01 -8.8295e+01 -3.1752e+02
-1.0149e+02 -1.0111e+02 -9.9576e+01 -2.5209e+02
# New trial
-1.0096e+02 -9.6331e+01 -9.6852e+01 -5.2648e+02
-1.0105e+02 -9.7012e+01 -8.1941e+01 -2.8348e+02
-1.0122e+02 -9.8494e+01 -8.6325e+01 -3.8505e+02
-1.0149e+02 -1.0110e+02 -9.8289e+01 -3.2965e+02
# New trial
-1.0117e+02 -9.8098e+01 -9.1057e+01 -3.7943e+02
-1.0118e+02 -9.8129e+01 -8.3157e+01 -2.5320e+02
-1.0118e+02 -9.8130e+01 -7.8410e+01 -2.2915e+02
-1.0139e+02 -1.0008e+02 -9.1405e+01 -3.1164e+02
# New trial
-1.0055e+02 -9.3345e+01 -9.9547e+01 -5.4121e+02
-1.0067e+02 -9.4209e+01 -9.0581e+01 -4.1322e+02
-1.0116e+02 -9.8374e+01 -1.0379e+02 -5.6153e+02
-1.0148e+02 -1.0115e+02 -1.0192e+02 -3.2934e+02
# New trial
-1.0102e+02 -9.6667e+01 -7.6815e+01 -2.4153e+02
-1.0100e+02 -9.6508e+01 -7.5324e+01 -1.9231e+02
-1.0105e+02 -9.6997e+01 -8.2420e+01 -3.6240e+02
-1.0142e+02 -1.0043e+02 -9.4850e+01 -3.1187e+02
# New trial
-1.0095e+02 -9.6103e+01 -8.3597e+01 -4.0481e+02
-1.0103e+02 -9.6710e+01 -7.6347e+01 -2.3257e+02
-1.0119e+02 -9.8192e+01 -8.0887e+01 -2.9601e+02
-1.0147e+02 -1.0090e+02 -9.6534e+01 -2.2201e+02
# New trial
-1.0111e+02 -9.7646e+01 -9.2221e+01 -4.0228e+02
-1.0107e+02 -9.7205e+01 -8.3270e+01 -3.3927e+02
-1.0111e+02 -9.7430e+01 -8.1874e+01 -3.9899e+02
-1.0138e+02 -1.0000e+02 -9.3495e+01 -3.6021e+02
# New trial
-1.0107e+02 -9.7218e+01 -8.8103e+01 -3.6010e+02
-1.0100e+02 -9.6480e+01 -7.6759e+01 -2.2262e+02
-1.0099e+02 -9.6288e+01 -7.3443e+01 -2.7231e+02
-1.0135e+02 -9.9753e+01 -8.8923e+01 -2.6501e+02
# New trial
-1.0111e+02 -9.7714e+01 -9.9815e+01 -5.1889e+02
-1.0115e+02 -9.7874e+01 -8.0536e+01 -2.3362e+02
-1.0123e+02 -9.8579e+01 -7.7605e+01 -1.7109e+02
-1.0144e+02 -1.0058e+02 -9.2544e+01 -1.1214e+02
# New trial
-1.0098e+02 -9.6677e+01 -1.1038e+02 -6.7593e+02
-1.0101e+02 -9.6698e+01 -8.8063e+01 -4.2797e+02
-1.0113e+02 -9.7636e+01 -8.4752e+01 -4.1641e+02
-1.0146e+02 -1.0079e+02 -9.5972e+01 -2.1858e+02
# New trial
