# 0.1sig - Array shape (trial/sig/alpha): (30, 4, 4)
-1.7517e+02 -1.7334e+02 -1.5912e+02 -1.7052e+02
-1.7509e+02 -1.7258e+02 -1.5416e+02 -1.3407e+02
-1.7490e+02 -1.7071e+02 -1.4641e+02 -1.5622e+02
-1.7503e+02 -1.7200e+02 -1.5167e+02 -2.0284e+02
# New trial
-1.7523e+02 -1.7396e+02 -1.6250e+02 -1.4358e+02
-1.7518e+02 -1.7341e+02 -1.5830e+02 -1.4242e+02
-1.7504e+02 -1.7207e+02 -1.4889e+02 -1.5910e+02
-1.7504e+02 -1.7203e+02 -1.5104e+02 -2.3695e+02
# New trial
-1.7523e+02 -1.7393e+02 -1.6245e+02 -1.5458e+02
-1.7514e+02 -1.7306e+02 -1.5377e+02 -1.3385e+02
-1.7493e+02 -1.7093e+02 -1.4113e+02 -1.4178e+02
-1.7476e+02 -1.6925e+02 -1.4019e+02 -1.7760e+02
# New trial
-1.7522e+02 -1.7385e+02 -1.6249e+02 -2.1803e+02
-1.7516e+02 -1.7329e+02 -1.5725e+02 -1.3993e+02
-1.7500e+02 -1.7170e+02 -1.4934e+02 -1.7139e+02
-1.7492e+02 -1.7092e+02 -1.5572e+02 -3.0456e+02
# New trial
-1.7527e+02 -1.7429e+02 -1.6615e+02 -1.7571e+02
-1.7521e+02 -1.7374e+02 -1.6009e+02 -1.3391e+02
-1.7508e+02 -1.7245e+02 -1.4981e+02 -1.4025e+02
-1.7506e+02 -1.7228e+02 -1.4786e+02 -1.3391e+02
# New trial
-1.7526e+02 -1.7423e+02 -1.6453e+02 -1.4254e+02
-1.7521e+02 -1.7378e+02 -1.6061e+02 -1.4258e+02
-1.7510e+02 -1.7264e+02 -1.5250e+02 -1.5211e+02
-1.7512e+02 -1.7282e+02 -1.5271e+02 -1.6246e+02
# New trial
-1.7524e+02 -1.7401e+02 -1.6252e+02 -1.3451e+02
-1.7520e+02 -1.7360e+02 -1.5881e+02 -1.3427e+02
-1.7507e+02 -1.7235e+02 -1.4965e+02 -1.4025e+02
-1.7501e+02 -1.7175e+02 -1.4851e+02 -2.0081e+02
# New trial
-1.7520e+02 -1.7366e+02 -1.6064e+02 -2.2018e+02
-1.7516e+02 -1.7320e+02 -1.5658e+02 -1.3553e+02
-1.7504e+02 -1.7204e+02 -1.4800e+02 -1.5010e+02
-1.7511e+02 -1.7278e+02 -1.5251e+02 -1.6398e+02
# New trial
-1.7516e+02 -1.7329e+02 -1.5888e+02 -1.3898e+02
-1.7508e+02 -1.7254e+02 -1.5404e+02 -1.3459e+02
-1.7491e+02 -1.7080e+02 -1.4387e+02 -1.3460e+02
-1.7504e+02 -1.7203e+02 -1.5042e+02 -2.0830e+02
# New trial
-1.7523e+02 -1.7389e+02 -1.6135e+02 -1.3438e+02
-1.7517e+02 -1.7339e+02 -1.5707e+02 -1.3410e+02
-1.7502e+02 -1.7189e+02 -1.4691e+02 -1.4463e+02
-1.7496e+02 -1.7127e+02 -1.4553e+02 -1.8380e+02
# New trial
-1.7525e+02 -1.7415e+02 -1.6388e+02 -1.4497e+02
-1.7519e+02 -1.7353e+02 -1.5851e+02 -1.3441e+02
-1.7500e+02 -1.7162e+02 -1.4580e+02 -1.4415e+02
-1.7487e+02 -1.7034e+02 -1.4128e+02 -1.6890e+02
# New trial
-1.7520e+02 -1.7364e+02 -1.6111e+02 -1.7006e+02
-1.7513e+02 -1.7301e+02 -1.5655e+02 -1.4026e+02
-1.7497e+02 -1.7142e+02 -1.4711e+02 -1.6467e+02
-1.7505e+02 -1.7220e+02 -1.5050e+02 -2.0499e+02
# New trial
-1.7523e+02 -1.7393e+02 -1.6170e+02 -1.3448e+02
-1.7518e+02 -1.7340e+02 -1.5712e+02 -1.3628e+02
-1.7502e+02 -1.7181e+02 -1.4634e+02 -1.5070e+02
-1.7504e+02 -1.7200e+02 -1.4611e+02 -1.4337e+02
# New trial
-1.7527e+02 -1.7433e+02 -1.6560e+02 -1.3789e+02
-1.7522e+02 -1.7386e+02 -1.6086e+02 -1.3607e+02
-1.7511e+02 -1.7273e+02 -1.5163e+02 -1.3840e+02
-1.7501e+02 -1.7178e+02 -1.4684e+02 -1.5516e+02
# New trial
-1.7519e+02 -1.7354e+02 -1.6346e+02 -2.0842e+02
-1.7510e+02 -1.7268e+02 -1.5513e+02 -1.3589e+02
-1.7491e+02 -1.7085e+02 -1.4879e+02 -1.7110e+02
-1.7497e+02 -1.7134e+02 -1.5182e+02 -2.4936e+02
# New trial
-1.7516e+02 -1.7325e+02 -1.6219e+02 -2.5917e+02
-1.7508e+02 -1.7248e+02 -1.5260e+02 -1.4268e+02
-1.7487e+02 -1.7041e+02 -1.4757e+02 -1.9293e+02
-1.7490e+02 -1.7074e+02 -1.4920e+02 -2.3158e+02
# New trial
-1.7523e+02 -1.7398e+02 -1.6203e+02 -1.3423e+02
-1.7517e+02 -1.7337e+02 -1.5687e+02 -1.3404e+02
-1.7500e+02 -1.7162e+02 -1.4664e+02 -1.4871e+02
-1.7492e+02 -1.7083e+02 -1.4469e+02 -1.9496e+02
# New trial
-1.7528e+02 -1.7443e+02 -1.6626e+02 -1.4731e+02
-1.7522e+02 -1.7388e+02 -1.6104e+02 -1.3463e+02
-1.7508e+02 -1.7243e+02 -1.4929e+02 -1.3779e+02
-1.7496e+02 -1.7125e+02 -1.4499e+02 -1.7495e+02
# New trial
-1.7525e+02 -1.7416e+02 -1.6395e+02 -1.5615e+02
-1.7521e+02 -1.7371e+02 -1.5994e+02 -1.3401e+02
-1.7507e+02 -1.7239e+02 -1.4977e+02 -1.3648e+02
-1.7503e+02 -1.7194e+02 -1.4556e+02 -1.3715e+02
# New trial
-1.7525e+02 -1.7420e+02 -1.6729e+02 -2.1884e+02
-1.7517e+02 -1.7339e+02 -1.5773e+02 -1.3415e+02
-1.7497e+02 -1.7135e+02 -1.4278e+02 -1.3387e+02
-1.7494e+02 -1.7104e+02 -1.4148e+02 -1.3982e+02
# New trial
-1.7522e+02 -1.7384e+02 -1.6302e+02 -1.5520e+02
-1.7516e+02 -1.7330e+02 -1.5775e+02 -1.3594e+02
-1.7503e+02 -1.7196e+02 -1.4757e+02 -1.3529e+02
-1.7506e+02 -1.7224e+02 -1.4845e+02 -1.6156e+02
# New trial
-1.7523e+02 -1.7395e+02 -1.6365e+02 -2.3827e+02
-1.7518e+02 -1.7341e+02 -1.5738e+02 -1.3391e+02
-1.7504e+02 -1.7207e+02 -1.4763e+02 -1.3837e+02
-1.7505e+02 -1.7216e+02 -1.4756e+02 -1.3828e+02
# New trial
-1.7524e+02 -1.7403e+02 -1.6272e+02 -1.3583e+02
-1.7519e+02 -1.7353e+02 -1.5829e+02 -1.3485e+02
-1.7503e+02 -1.7200e+02 -1.4810e+02 -1.3532e+02
-1.7497e+02 -1.7140e+02 -1.4503e+02 -1.5174e+02
# New trial
-1.7524e+02 -1.7408e+02 -1.6342e+02 -1.4063e+02
-1.7520e+02 -1.7364e+02 -1.5948e+02 -1.3454e+02
-1.7509e+02 -1.7250e+02 -1.4966e+02 -1.4113e+02
-1.7510e+02 -1.7259e+02 -1.5029e+02 -1.3656e+02
# New trial
-1.7525e+02 -1.7413e+02 -1.6357e+02 -1.3539e+02
-1.7523e+02 -1.7392e+02 -1.6185e+02 -1.3449e+02
-1.7516e+02 -1.7323e+02 -1.5644e+02 -1.4766e+02
-1.7519e+02 -1.7356e+02 -1.5980e+02 -2.1611e+02
# New trial
-1.7522e+02 -1.7385e+02 -1.6462e+02 -2.0101e+02
-1.7516e+02 -1.7323e+02 -1.5613e+02 -1.3558e+02
-1.7502e+02 -1.7182e+02 -1.4717e+02 -1.4337e+02
-1.7495e+02 -1.7118e+02 -1.5124e+02 -2.6705e+02
# New trial
-1.7527e+02 -1.7433e+02 -1.6547e+02 -1.4170e+02
-1.7524e+02 -1.7404e+02 -1.6292e+02 -1.3866e+02
-1.7516e+02 -1.7320e+02 -1.5588e+02 -1.4283e+02
-1.7519e+02 -1.7357e+02 -1.5943e+02 -2.0184e+02
# New trial
-1.7521e+02 -1.7377e+02 -1.6161e+02 -1.8643e+02
-1.7514e+02 -1.7309e+02 -1.5533e+02 -1.3697e+02
-1.7493e+02 -1.7095e+02 -1.4558e+02 -1.4913e+02
-1.7489e+02 -1.7061e+02 -1.4698e+02 -2.1385e+02
# New trial
-1.7526e+02 -1.7422e+02 -1.6484e+02 -1.5410e+02
-1.7520e+02 -1.7368e+02 -1.5958e+02 -1.3675e+02
-1.7503e+02 -1.7196e+02 -1.4780e+02 -1.4035e+02
-1.7492e+02 -1.7085e+02 -1.4967e+02 -2.0625e+02
# New trial
-1.7525e+02 -1.7417e+02 -1.6385e+02 -1.3984e+02
-1.7522e+02 -1.7388e+02 -1.6138e+02 -1.3854e+02
-1.7516e+02 -1.7326e+02 -1.5681e+02 -1.5003e+02
-1.7520e+02 -1.7363e+02 -1.5996e+02 -2.1353e+02
# New trial
