# 0.01sig - Array shape (trial/sig/alpha): (30L, 4L, 4L)
-6.4320e+01 -6.1934e+01 -5.6391e+01 -1.4110e+02
-6.4382e+01 -6.2495e+01 -5.8049e+01 -1.4553e+02
-6.4537e+01 -6.3928e+01 -6.3276e+01 -1.8064e+02
-6.4610e+01 -6.4605e+01 -6.5444e+01 -1.8562e+02
# New trial
-6.4250e+01 -6.1273e+01 -5.3687e+01 -1.3399e+02
-6.4368e+01 -6.2398e+01 -5.9682e+01 -1.5633e+02
-6.4547e+01 -6.4046e+01 -6.4941e+01 -1.7425e+02
-6.4610e+01 -6.4594e+01 -6.4677e+01 -8.3590e+01
# New trial
-6.4348e+01 -6.2199e+01 -5.7207e+01 -1.2837e+02
-6.4393e+01 -6.2597e+01 -5.8367e+01 -1.4371e+02
-6.4502e+01 -6.3584e+01 -6.1220e+01 -1.7705e+02
-6.4601e+01 -6.4509e+01 -6.4270e+01 -1.2720e+02
# New trial
-6.4342e+01 -6.2328e+01 -6.2325e+01 -1.8146e+02
-6.4350e+01 -6.2364e+01 -6.0375e+01 -1.6031e+02
-6.4521e+01 -6.3823e+01 -6.3737e+01 -1.6736e+02
-6.4609e+01 -6.4603e+01 -6.6014e+01 -1.8962e+02
# New trial
-6.4402e+01 -6.2668e+01 -5.8129e+01 -1.4032e+02
-6.4396e+01 -6.2590e+01 -5.6246e+01 -1.3150e+02
-6.4494e+01 -6.3473e+01 -5.7467e+01 -1.2228e+02
-6.4600e+01 -6.4495e+01 -6.3718e+01 -1.1008e+02
# New trial
-6.4362e+01 -6.2344e+01 -6.2460e+01 -2.2240e+02
-6.4463e+01 -6.3301e+01 -6.3027e+01 -1.7743e+02
-6.4573e+01 -6.4275e+01 -6.4599e+01 -1.5894e+02
-6.4612e+01 -6.4614e+01 -6.4798e+01 -1.0291e+02
# New trial
-6.4314e+01 -6.1830e+01 -5.4998e+01 -1.2797e+02
-6.4366e+01 -6.2356e+01 -5.8133e+01 -1.4454e+02
-6.4547e+01 -6.4018e+01 -6.3082e+01 -1.5590e+02
-6.4610e+01 -6.4600e+01 -6.4993e+01 -1.4446e+02
# New trial
-6.4213e+01 -6.0999e+01 -5.3549e+01 -1.0953e+02
-6.4305e+01 -6.1748e+01 -5.3378e+01 -1.0265e+02
-6.4492e+01 -6.3450e+01 -5.7371e+01 -1.2176e+02
-6.4605e+01 -6.4551e+01 -6.4199e+01 -1.0490e+02
# New trial
-6.4449e+01 -6.3220e+01 -6.9172e+01 -2.5991e+02
-6.4457e+01 -6.3280e+01 -6.7966e+01 -2.5542e+02
-6.4484e+01 -6.3404e+01 -6.0407e+01 -1.4346e+02
-6.4603e+01 -6.4523e+01 -6.4226e+01 -1.3542e+02
# New trial
-6.4369e+01 -6.2397e+01 -6.0141e+01 -1.6406e+02
-6.4498e+01 -6.3614e+01 -6.5610e+01 -2.0836e+02
-6.4602e+01 -6.4555e+01 -6.8497e+01 -2.5439e+02
-6.4611e+01 -6.4613e+01 -6.4946e+01 -1.2282e+02
# New trial
-6.4257e+01 -6.1422e+01 -5.5624e+01 -1.2989e+02
-6.4349e+01 -6.2291e+01 -6.0930e+01 -1.7817e+02
-6.4530e+01 -6.3905e+01 -7.0469e+01 -3.1090e+02
-6.4611e+01 -6.4618e+01 -6.5970e+01 -1.8614e+02
# New trial
-6.4449e+01 -6.3029e+01 -5.4558e+01 -7.4624e+01
-6.4528e+01 -6.3805e+01 -5.9732e+01 -1.0853e+02
-6.4600e+01 -6.4501e+01 -6.4716e+01 -1.5080e+02
-6.4612e+01 -6.4620e+01 -6.4773e+01 -8.0561e+01
# New trial
-6.4327e+01 -6.1925e+01 -5.7694e+01 -1.6685e+02
-6.4360e+01 -6.2228e+01 -5.4427e+01 -1.2442e+02
-6.4467e+01 -6.3235e+01 -5.9945e+01 -2.0201e+02
-6.4601e+01 -6.4511e+01 -6.4591e+01 -1.8912e+02
# New trial
-6.4450e+01 -6.3062e+01 -5.6169e+01 -1.0368e+02
-6.4444e+01 -6.2987e+01 -5.4730e+01 -8.7493e+01
-6.4509e+01 -6.3609e+01 -5.7890e+01 -1.0580e+02
-6.4595e+01 -6.4444e+01 -6.3273e+01 -1.0380e+02
# New trial
-6.4433e+01 -6.2888e+01 -5.5600e+01 -1.2784e+02
-6.4504e+01 -6.3575e+01 -5.8577e+01 -1.1927e+02
-6.4588e+01 -6.4387e+01 -6.3610e+01 -1.3895e+02
-6.4611e+01 -6.4601e+01 -6.4569e+01 -6.9701e+01
# New trial
-6.4303e+01 -6.1844e+01 -5.7313e+01 -1.4479e+02
-6.4435e+01 -6.3088e+01 -6.4039e+01 -1.8653e+02
-6.4575e+01 -6.4330e+01 -6.7935e+01 -2.4020e+02
-6.4610e+01 -6.4600e+01 -6.4906e+01 -1.1768e+02
# New trial
-6.4365e+01 -6.2308e+01 -5.3872e+01 -9.5296e+01
-6.4412e+01 -6.2795e+01 -5.8022e+01 -1.3503e+02
-6.4523e+01 -6.3795e+01 -6.3129e+01 -1.9671e+02
-6.4604e+01 -6.4535e+01 -6.4019e+01 -8.3090e+01
# New trial
-6.4322e+01 -6.2278e+01 -7.0627e+01 -2.5937e+02
-6.4400e+01 -6.2881e+01 -6.9317e+01 -2.5306e+02
-6.4546e+01 -6.4071e+01 -6.8069e+01 -2.5442e+02
-6.4606e+01 -6.4570e+01 -6.4807e+01 -1.3868e+02
# New trial
-6.4424e+01 -6.2785e+01 -5.3167e+01 -8.6741e+01
-6.4481e+01 -6.3341e+01 -5.6142e+01 -8.4416e+01
-6.4557e+01 -6.4070e+01 -6.0272e+01 -1.0775e+02
-6.4604e+01 -6.4536e+01 -6.3966e+01 -6.6163e+01
# New trial
-6.4440e+01 -6.2997e+01 -6.0232e+01 -1.8355e+02
-6.4521e+01 -6.3767e+01 -6.1978e+01 -1.5023e+02
-6.4594e+01 -6.4453e+01 -6.5110e+01 -1.5552e+02
-6.4612e+01 -6.4620e+01 -6.4784e+01 -8.9792e+01
# New trial
-6.4335e+01 -6.2017e+01 -5.3752e+01 -1.2244e+02
-6.4425e+01 -6.2919e+01 -5.8506e+01 -1.1179e+02
-6.4566e+01 -6.4213e+01 -6.4704e+01 -1.7105e+02
-6.4610e+01 -6.4600e+01 -6.4814e+01 -1.0168e+02
# New trial
-6.4359e+01 -6.2254e+01 -6.3006e+01 -2.2920e+02
-6.4456e+01 -6.3174e+01 -6.1560e+01 -1.7294e+02
-6.4580e+01 -6.4356e+01 -6.8603e+01 -2.4367e+02
-6.4612e+01 -6.4621e+01 -6.5079e+01 -1.1662e+02
# New trial
-6.4413e+01 -6.2717e+01 -5.8211e+01 -1.5783e+02
-6.4466e+01 -6.3230e+01 -5.9155e+01 -1.4364e+02
-6.4560e+01 -6.4116e+01 -6.1955e+01 -1.2580e+02
-6.4607e+01 -6.4571e+01 -6.4451e+01 -8.5437e+01
# New trial
-6.4290e+01 -6.1859e+01 -6.1519e+01 -1.9492e+02
-6.4339e+01 -6.2276e+01 -5.9650e+01 -1.4119e+02
-6.4531e+01 -6.3938e+01 -6.5487e+01 -1.8985e+02
-6.4602e+01 -6.4544e+01 -6.4954e+01 -1.2171e+02
# New trial
-6.4442e+01 -6.3012e+01 -5.8603e+01 -1.6453e+02
-6.4467e+01 -6.3290e+01 -6.1343e+01 -1.5367e+02
-6.4524e+01 -6.3808e+01 -6.2505e+01 -1.8998e+02
-6.4601e+01 -6.4517e+01 -6.4173e+01 -8.8451e+01
# New trial
-6.4374e+01 -6.2383e+01 -5.7488e+01 -1.7513e+02
-6.4458e+01 -6.3189e+01 -6.0922e+01 -1.6101e+02
-6.4567e+01 -6.4214e+01 -6.4575e+01 -1.8469e+02
-6.4606e+01 -6.4560e+01 -6.4318e+01 -7.1683e+01
# New trial
-6.4387e+01 -6.2513e+01 -5.6335e+01 -1.2465e+02
-6.4416e+01 -6.2779e+01 -5.6681e+01 -9.9886e+01
-6.4548e+01 -6.4020e+01 -6.2326e+01 -1.6050e+02
-6.4609e+01 -6.4590e+01 -6.4757e+01 -1.1221e+02
# New trial
-6.4381e+01 -6.2425e+01 -5.3840e+01 -7.4594e+01
-6.4404e+01 -6.2667e+01 -5.5198e+01 -8.3346e+01
-6.4500e+01 -6.3578e+01 -6.1401e+01 -1.6520e+02
-6.4599e+01 -6.4496e+01 -6.4766e+01 -2.0538e+02
# New trial
-6.4329e+01 -6.1883e+01 -5.0955e+01 -1.1162e+02
-6.4439e+01 -6.2943e+01 -5.5005e+01 -9.3536e+01
-6.4569e+01 -6.4200e+01 -6.2371e+01 -1.1837e+02
-6.4607e+01 -6.4571e+01 -6.4366e+01 -6.6964e+01
# New trial
-6.4302e+01 -6.1898e+01 -6.7862e+01 -2.6949e+02
-6.4418e+01 -6.2867e+01 -6.1971e+01 -1.8010e+02
-6.4558e+01 -6.4121e+01 -6.4064e+01 -1.7583e+02
-6.4604e+01 -6.4540e+01 -6.4321e+01 -1.0506e+02
# New trial
