# 0.01sig - Array shape (trial/sig/alpha): (30, 4, 4)
-1.1962e+02 -1.1640e+02 -9.3604e+01 -6.7416e+01
-1.1955e+02 -1.1567e+02 -8.9884e+01 -7.9317e+01
-1.1948e+02 -1.1501e+02 -8.9444e+01 -1.5894e+02
-1.1982e+02 -1.1826e+02 -1.0980e+02 -3.5734e+02
# New trial
-1.1957e+02 -1.1587e+02 -9.2137e+01 -7.8830e+01
-1.1948e+02 -1.1505e+02 -9.0886e+01 -9.1527e+01
-1.1946e+02 -1.1488e+02 -8.9083e+01 -1.2871e+02
-1.1985e+02 -1.1861e+02 -1.1064e+02 -3.2126e+02
# New trial
-1.1958e+02 -1.1601e+02 -9.1672e+01 -6.6779e+01
-1.1946e+02 -1.1481e+02 -8.7042e+01 -7.6139e+01
-1.1931e+02 -1.1333e+02 -8.7835e+01 -2.0038e+02
-1.1973e+02 -1.1741e+02 -1.0442e+02 -3.3622e+02
# New trial
-1.1943e+02 -1.1452e+02 -8.4246e+01 -6.5242e+01
-1.1939e+02 -1.1425e+02 -8.6157e+01 -1.1017e+02
-1.1948e+02 -1.1510e+02 -9.4759e+01 -2.4240e+02
-1.1990e+02 -1.1904e+02 -1.1486e+02 -3.7560e+02
# New trial
-1.1964e+02 -1.1651e+02 -9.0750e+01 -6.7482e+01
-1.1953e+02 -1.1541e+02 -8.3586e+01 -7.8325e+01
-1.1937e+02 -1.1381e+02 -8.5584e+01 -2.1511e+02
-1.1964e+02 -1.1653e+02 -1.0342e+02 -3.7274e+02
# New trial
-1.1961e+02 -1.1621e+02 -8.8683e+01 -6.5183e+01
-1.1946e+02 -1.1477e+02 -8.3065e+01 -6.9930e+01
-1.1935e+02 -1.1367e+02 -8.2455e+01 -1.5039e+02
-1.1979e+02 -1.1796e+02 -1.0195e+02 -1.4255e+02
# New trial
-1.1962e+02 -1.1638e+02 -9.5017e+01 -6.9771e+01
-1.1954e+02 -1.1563e+02 -9.4078e+01 -8.3647e+01
-1.1960e+02 -1.1617e+02 -9.6578e+01 -1.5595e+02
-1.1990e+02 -1.1914e+02 -1.1330e+02 -1.7930e+02
# New trial
-1.1958e+02 -1.1593e+02 -8.8627e+01 -6.5583e+01
-1.1950e+02 -1.1517e+02 -8.4045e+01 -7.3778e+01
-1.1941e+02 -1.1423e+02 -8.4776e+01 -1.8104e+02
-1.1974e+02 -1.1753e+02 -9.9599e+01 -1.9663e+02
# New trial
-1.1954e+02 -1.1554e+02 -8.6627e+01 -6.7516e+01
-1.1944e+02 -1.1459e+02 -8.4281e+01 -1.1549e+02
-1.1927e+02 -1.1291e+02 -9.4318e+01 -3.1241e+02
-1.1972e+02 -1.1731e+02 -1.0344e+02 -2.9221e+02
# New trial
-1.1955e+02 -1.1567e+02 -9.1578e+01 -7.9511e+01
-1.1946e+02 -1.1489e+02 -8.8164e+01 -9.6740e+01
-1.1954e+02 -1.1556e+02 -9.3521e+01 -2.0918e+02
-1.1991e+02 -1.1917e+02 -1.1434e+02 -2.8096e+02
# New trial
-1.1945e+02 -1.1489e+02 -9.0342e+01 -6.8521e+01
-1.1942e+02 -1.1468e+02 -9.5049e+01 -1.8186e+02
-1.1955e+02 -1.1588e+02 -1.1145e+02 -4.1132e+02
-1.1994e+02 -1.1952e+02 -1.1829e+02 -3.2414e+02
# New trial
-1.1973e+02 -1.1738e+02 -9.7587e+01 -6.7633e+01
-1.1970e+02 -1.1715e+02 -9.6164e+01 -7.0709e+01
-1.1971e+02 -1.1722e+02 -9.6743e+01 -9.5111e+01
-1.1989e+02 -1.1893e+02 -1.1044e+02 -1.6878e+02
# New trial
-1.1961e+02 -1.1624e+02 -9.0458e+01 -6.9882e+01
-1.1950e+02 -1.1519e+02 -8.7803e+01 -1.1461e+02
-1.1929e+02 -1.1321e+02 -8.9347e+01 -2.0407e+02
-1.1964e+02 -1.1655e+02 -1.0140e+02 -3.0657e+02
# New trial
-1.1972e+02 -1.1728e+02 -9.5479e+01 -6.4803e+01
-1.1965e+02 -1.1656e+02 -8.9460e+01 -6.4679e+01
-1.1954e+02 -1.1545e+02 -8.0600e+01 -6.4613e+01
-1.1973e+02 -1.1736e+02 -9.5483e+01 -6.4661e+01
# New trial
-1.1968e+02 -1.1693e+02 -9.4691e+01 -8.2438e+01
-1.1963e+02 -1.1645e+02 -9.2649e+01 -1.0250e+02
-1.1959e+02 -1.1604e+02 -9.3978e+01 -1.8382e+02
-1.1984e+02 -1.1847e+02 -1.1158e+02 -3.1584e+02
# New trial
-1.1947e+02 -1.1497e+02 -8.8568e+01 -9.2349e+01
-1.1936e+02 -1.1394e+02 -8.5936e+01 -1.0871e+02
-1.1939e+02 -1.1427e+02 -9.5753e+01 -2.7752e+02
-1.1987e+02 -1.1882e+02 -1.1217e+02 -2.9418e+02
# New trial
-1.1954e+02 -1.1550e+02 -8.7337e+01 -6.8803e+01
-1.1947e+02 -1.1491e+02 -8.7904e+01 -7.9634e+01
-1.1950e+02 -1.1527e+02 -9.3518e+01 -2.1174e+02
-1.1983e+02 -1.1845e+02 -1.0984e+02 -3.0652e+02
# New trial
-1.1948e+02 -1.1507e+02 -9.0063e+01 -8.0546e+01
-1.1941e+02 -1.1456e+02 -9.0813e+01 -1.1416e+02
-1.1949e+02 -1.1524e+02 -1.0440e+02 -3.4527e+02
-1.1989e+02 -1.1900e+02 -1.1823e+02 -4.3033e+02
# New trial
-1.1977e+02 -1.1780e+02 -9.8953e+01 -6.6330e+01
-1.1971e+02 -1.1713e+02 -9.3378e+01 -6.8152e+01
-1.1958e+02 -1.1593e+02 -8.4184e+01 -7.2656e+01
-1.1973e+02 -1.1734e+02 -9.5540e+01 -7.6129e+01
# New trial
-1.1959e+02 -1.1603e+02 -8.9395e+01 -7.9439e+01
-1.1951e+02 -1.1530e+02 -8.6086e+01 -9.2382e+01
-1.1950e+02 -1.1511e+02 -8.3255e+01 -1.0582e+02
-1.1981e+02 -1.1816e+02 -1.0378e+02 -1.1141e+02
# New trial
-1.1922e+02 -1.1282e+02 -8.3609e+01 -6.5552e+01
-1.1914e+02 -1.1212e+02 -8.4077e+01 -9.1113e+01
-1.1941e+02 -1.1454e+02 -9.9933e+01 -2.6848e+02
-1.1993e+02 -1.1938e+02 -1.1827e+02 -3.3869e+02
# New trial
-1.1960e+02 -1.1611e+02 -8.9442e+01 -6.5863e+01
-1.1951e+02 -1.1530e+02 -8.7056e+01 -7.2604e+01
-1.1948e+02 -1.1509e+02 -9.1648e+01 -1.7101e+02
-1.1986e+02 -1.1867e+02 -1.1208e+02 -3.3069e+02
# New trial
-1.1976e+02 -1.1771e+02 -9.8756e+01 -6.5472e+01
-1.1968e+02 -1.1690e+02 -9.2821e+01 -6.7212e+01
-1.1955e+02 -1.1555e+02 -8.2262e+01 -7.7824e+01
-1.1969e+02 -1.1695e+02 -9.2779e+01 -7.1622e+01
# New trial
-1.1923e+02 -1.1289e+02 -8.4078e+01 -6.6351e+01
-1.1922e+02 -1.1295e+02 -9.0978e+01 -1.4507e+02
-1.1952e+02 -1.1566e+02 -1.0437e+02 -3.1606e+02
-1.1994e+02 -1.1952e+02 -1.1749e+02 -2.7049e+02
# New trial
-1.1967e+02 -1.1682e+02 -9.5883e+01 -7.5817e+01
-1.1955e+02 -1.1571e+02 -9.1860e+01 -7.9707e+01
-1.1945e+02 -1.1479e+02 -9.3026e+01 -2.6243e+02
-1.1984e+02 -1.1846e+02 -1.1045e+02 -3.3991e+02
# New trial
-1.1967e+02 -1.1681e+02 -9.4290e+01 -7.5950e+01
-1.1961e+02 -1.1623e+02 -9.2028e+01 -8.5465e+01
-1.1957e+02 -1.1585e+02 -9.1234e+01 -1.5099e+02
-1.1986e+02 -1.1866e+02 -1.0814e+02 -1.6677e+02
# New trial
-1.1970e+02 -1.1707e+02 -9.4686e+01 -6.7729e+01
-1.1958e+02 -1.1589e+02 -8.8807e+01 -6.9584e+01
-1.1941e+02 -1.1422e+02 -8.0938e+01 -1.0809e+02
-1.1968e+02 -1.1688e+02 -9.8859e+01 -2.8491e+02
# New trial
-1.1968e+02 -1.1685e+02 -9.2875e+01 -6.6186e+01
-1.1955e+02 -1.1560e+02 -8.6177e+01 -6.6120e+01
-1.1935e+02 -1.1370e+02 -8.3372e+01 -1.6979e+02
-1.1967e+02 -1.1680e+02 -9.7987e+01 -2.7945e+02
# New trial
-1.1973e+02 -1.1742e+02 -9.7957e+01 -6.6643e+01
-1.1968e+02 -1.1692e+02 -9.4024e+01 -6.6060e+01
-1.1961e+02 -1.1623e+02 -8.9396e+01 -1.0306e+02
-1.1983e+02 -1.1832e+02 -1.0546e+02 -1.8528e+02
# New trial
-1.1959e+02 -1.1609e+02 -9.0933e+01 -8.3970e+01
-1.1949e+02 -1.1506e+02 -8.6576e+01 -9.1818e+01
-1.1945e+02 -1.1466e+02 -9.3123e+01 -2.3937e+02
-1.1982e+02 -1.1829e+02 -1.0890e+02 -3.3308e+02
# New trial
