# 0.1sig - Array shape (trial/sig/alpha): (30, 4, 4)
-1.4293e+02 -1.4174e+02 -1.3308e+02 -1.2382e+02
-1.4289e+02 -1.4138e+02 -1.3123e+02 -1.2137e+02
-1.4281e+02 -1.4059e+02 -1.2949e+02 -1.6293e+02
-1.4292e+02 -1.4159e+02 -1.3373e+02 -1.9839e+02
# New trial
-1.4298e+02 -1.4222e+02 -1.3548e+02 -1.2151e+02
-1.4295e+02 -1.4188e+02 -1.3267e+02 -1.2000e+02
-1.4288e+02 -1.4117e+02 -1.2700e+02 -1.1999e+02
-1.4291e+02 -1.4146e+02 -1.2888e+02 -1.1999e+02
# New trial
-1.4297e+02 -1.4210e+02 -1.3481e+02 -1.3512e+02
-1.4292e+02 -1.4155e+02 -1.2921e+02 -1.1999e+02
-1.4279e+02 -1.4031e+02 -1.2201e+02 -1.1999e+02
-1.4274e+02 -1.3982e+02 -1.2201e+02 -1.1999e+02
# New trial
-1.4296e+02 -1.4195e+02 -1.3381e+02 -1.4746e+02
-1.4293e+02 -1.4171e+02 -1.3147e+02 -1.2085e+02
-1.4285e+02 -1.4092e+02 -1.2722e+02 -1.5265e+02
-1.4285e+02 -1.4093e+02 -1.2714e+02 -1.5193e+02
# New trial
-1.4300e+02 -1.4236e+02 -1.3715e+02 -1.5778e+02
-1.4297e+02 -1.4206e+02 -1.3399e+02 -1.2012e+02
-1.4290e+02 -1.4137e+02 -1.2870e+02 -1.2165e+02
-1.4290e+02 -1.4141e+02 -1.2859e+02 -1.2000e+02
# New trial
-1.4299e+02 -1.4234e+02 -1.3642e+02 -1.2321e+02
-1.4297e+02 -1.4206e+02 -1.3414e+02 -1.2322e+02
-1.4290e+02 -1.4141e+02 -1.3006e+02 -1.2293e+02
-1.4294e+02 -1.4177e+02 -1.3261e+02 -1.5546e+02
# New trial
-1.4299e+02 -1.4228e+02 -1.3580e+02 -1.2222e+02
-1.4296e+02 -1.4200e+02 -1.3329e+02 -1.2001e+02
-1.4289e+02 -1.4126e+02 -1.2751e+02 -1.1999e+02
-1.4291e+02 -1.4146e+02 -1.2956e+02 -1.4234e+02
# New trial
-1.4296e+02 -1.4199e+02 -1.3466e+02 -1.5823e+02
-1.4293e+02 -1.4173e+02 -1.3260e+02 -1.2188e+02
-1.4286e+02 -1.4106e+02 -1.2837e+02 -1.3662e+02
-1.4293e+02 -1.4172e+02 -1.3133e+02 -1.4066e+02
# New trial
-1.4294e+02 -1.4177e+02 -1.3326e+02 -1.2342e+02
-1.4288e+02 -1.4125e+02 -1.3024e+02 -1.2072e+02
-1.4278e+02 -1.4026e+02 -1.2640e+02 -1.2567e+02
-1.4290e+02 -1.4141e+02 -1.3313e+02 -1.9599e+02
# New trial
-1.4298e+02 -1.4216e+02 -1.3469e+02 -1.2112e+02
-1.4294e+02 -1.4182e+02 -1.3207e+02 -1.2044e+02
-1.4285e+02 -1.4089e+02 -1.2633e+02 -1.2002e+02
-1.4284e+02 -1.4083e+02 -1.2667e+02 -1.4450e+02
# New trial
-1.4299e+02 -1.4229e+02 -1.3595e+02 -1.2304e+02
-1.4295e+02 -1.4193e+02 -1.3323e+02 -1.2089e+02
-1.4286e+02 -1.4099e+02 -1.3032e+02 -1.5225e+02
-1.4284e+02 -1.4080e+02 -1.2768e+02 -1.4783e+02
# New trial
-1.4296e+02 -1.4199e+02 -1.3435e+02 -1.2666e+02
-1.4292e+02 -1.4164e+02 -1.3191e+02 -1.2098e+02
-1.4284e+02 -1.4083e+02 -1.2665e+02 -1.2629e+02
-1.4291e+02 -1.4151e+02 -1.2954e+02 -1.3085e+02
# New trial
-1.4298e+02 -1.4217e+02 -1.3472e+02 -1.2079e+02
-1.4295e+02 -1.4191e+02 -1.3258e+02 -1.2470e+02
-1.4288e+02 -1.4119e+02 -1.2891e+02 -1.5264e+02
-1.4291e+02 -1.4150e+02 -1.2978e+02 -1.4460e+02
# New trial
-1.4300e+02 -1.4241e+02 -1.3709e+02 -1.2414e+02
-1.4297e+02 -1.4209e+02 -1.3389e+02 -1.2115e+02
-1.4289e+02 -1.4130e+02 -1.2785e+02 -1.2552e+02
-1.4282e+02 -1.4060e+02 -1.2429e+02 -1.2961e+02
# New trial
-1.4295e+02 -1.4197e+02 -1.3690e+02 -1.7787e+02
-1.4289e+02 -1.4136e+02 -1.3051e+02 -1.2008e+02
-1.4276e+02 -1.4001e+02 -1.2281e+02 -1.1999e+02
-1.4281e+02 -1.4056e+02 -1.2466e+02 -1.2000e+02
# New trial
-1.4296e+02 -1.4200e+02 -1.3917e+02 -2.0559e+02
-1.4290e+02 -1.4139e+02 -1.3018e+02 -1.2001e+02
-1.4276e+02 -1.4004e+02 -1.2711e+02 -1.5054e+02
-1.4278e+02 -1.4019e+02 -1.2383e+02 -1.2022e+02
# New trial
-1.4298e+02 -1.4220e+02 -1.3512e+02 -1.2037e+02
-1.4294e+02 -1.4180e+02 -1.3165e+02 -1.2026e+02
-1.4285e+02 -1.4089e+02 -1.2556e+02 -1.1999e+02
-1.4286e+02 -1.4102e+02 -1.2775e+02 -1.5827e+02
# New trial
-1.4301e+02 -1.4245e+02 -1.3721e+02 -1.2682e+02
-1.4297e+02 -1.4210e+02 -1.3402e+02 -1.2004e+02
-1.4287e+02 -1.4110e+02 -1.2593e+02 -1.1999e+02
-1.4279e+02 -1.4025e+02 -1.2243e+02 -1.2004e+02
# New trial
-1.4299e+02 -1.4232e+02 -1.3623e+02 -1.3396e+02
-1.4297e+02 -1.4207e+02 -1.3419e+02 -1.2050e+02
-1.4291e+02 -1.4153e+02 -1.3105e+02 -1.3469e+02
-1.4293e+02 -1.4172e+02 -1.3194e+02 -1.6831e+02
# New trial
-1.4299e+02 -1.4230e+02 -1.3849e+02 -1.8506e+02
-1.4295e+02 -1.4187e+02 -1.3317e+02 -1.2172e+02
-1.4284e+02 -1.4085e+02 -1.2788e+02 -1.3900e+02
-1.4287e+02 -1.4115e+02 -1.3337e+02 -2.2337e+02
# New trial
-1.4297e+02 -1.4210e+02 -1.3539e+02 -1.3569e+02
-1.4294e+02 -1.4179e+02 -1.3273e+02 -1.2202e+02
-1.4286e+02 -1.4103e+02 -1.2780e+02 -1.2777e+02
-1.4290e+02 -1.4141e+02 -1.3012e+02 -1.6645e+02
# New trial
-1.4298e+02 -1.4218e+02 -1.3677e+02 -1.7131e+02
-1.4295e+02 -1.4188e+02 -1.3299e+02 -1.2129e+02
-1.4288e+02 -1.4123e+02 -1.2841e+02 -1.3025e+02
-1.4293e+02 -1.4168e+02 -1.3054e+02 -1.2613e+02
# New trial
-1.4298e+02 -1.4217e+02 -1.3482e+02 -1.2061e+02
-1.4295e+02 -1.4192e+02 -1.3289e+02 -1.2034e+02
-1.4289e+02 -1.4127e+02 -1.2959e+02 -1.3369e+02
-1.4291e+02 -1.4148e+02 -1.3251e+02 -1.7553e+02
# New trial
-1.4299e+02 -1.4231e+02 -1.3613e+02 -1.3278e+02
-1.4296e+02 -1.4203e+02 -1.3375e+02 -1.2074e+02
-1.4290e+02 -1.4140e+02 -1.2911e+02 -1.3101e+02
-1.4293e+02 -1.4167e+02 -1.3178e+02 -1.8044e+02
# New trial
-1.4298e+02 -1.4220e+02 -1.3492e+02 -1.2405e+02
-1.4297e+02 -1.4210e+02 -1.3420e+02 -1.2059e+02
-1.4293e+02 -1.4172e+02 -1.3173e+02 -1.3911e+02
-1.4296e+02 -1.4204e+02 -1.3479e+02 -1.8148e+02
# New trial
-1.4297e+02 -1.4214e+02 -1.3674e+02 -1.7631e+02
-1.4293e+02 -1.4170e+02 -1.3071e+02 -1.2034e+02
-1.4283e+02 -1.4068e+02 -1.2495e+02 -1.2204e+02
-1.4279e+02 -1.4029e+02 -1.2749e+02 -1.7694e+02
# New trial
-1.4300e+02 -1.4237e+02 -1.3644e+02 -1.2581e+02
-1.4298e+02 -1.4217e+02 -1.3468e+02 -1.2056e+02
-1.4294e+02 -1.4176e+02 -1.3138e+02 -1.2776e+02
-1.4299e+02 -1.4229e+02 -1.3586e+02 -1.3952e+02
# New trial
-1.4297e+02 -1.4213e+02 -1.3560e+02 -1.3822e+02
-1.4293e+02 -1.4166e+02 -1.3124e+02 -1.2038e+02
-1.4278e+02 -1.4020e+02 -1.2512e+02 -1.2000e+02
-1.4271e+02 -1.3959e+02 -1.2491e+02 -1.2362e+02
# New trial
-1.4299e+02 -1.4231e+02 -1.3634e+02 -1.3722e+02
-1.4296e+02 -1.4199e+02 -1.3334e+02 -1.2158e+02
-1.4287e+02 -1.4107e+02 -1.2731e+02 -1.3319e+02
-1.4283e+02 -1.4074e+02 -1.2888e+02 -1.8550e+02
# New trial
-1.4299e+02 -1.4230e+02 -1.3582e+02 -1.2324e+02
-1.4298e+02 -1.4215e+02 -1.3464e+02 -1.2295e+02
-1.4294e+02 -1.4181e+02 -1.3220e+02 -1.3311e+02
-1.4296e+02 -1.4203e+02 -1.3382e+02 -1.6563e+02
# New trial
