# 0.01sig - Array shape (trial/sig/alpha): (30, 4, 4)
-1.6146e+02 -1.6084e+02 -1.5572e+02 -1.4838e+02
-1.6145e+02 -1.6074e+02 -1.5526e+02 -1.5096e+02
-1.6144e+02 -1.6068e+02 -1.5573e+02 -1.7141e+02
-1.6150e+02 -1.6125e+02 -1.5948e+02 -1.9173e+02
# New trial
-1.6145e+02 -1.6079e+02 -1.5535e+02 -1.4969e+02
-1.6143e+02 -1.6056e+02 -1.5422e+02 -1.4832e+02
-1.6140e+02 -1.6028e+02 -1.5323e+02 -1.6336e+02
-1.6147e+02 -1.6097e+02 -1.5775e+02 -2.0671e+02
# New trial
-1.6147e+02 -1.6091e+02 -1.5601e+02 -1.4782e+02
-1.6144e+02 -1.6065e+02 -1.5437e+02 -1.4801e+02
-1.6136e+02 -1.5990e+02 -1.4991e+02 -1.4768e+02
-1.6138e+02 -1.6006e+02 -1.5069e+02 -1.6072e+02
# New trial
-1.6145e+02 -1.6074e+02 -1.5517e+02 -1.5126e+02
-1.6142e+02 -1.6050e+02 -1.5433e+02 -1.5637e+02
-1.6138e+02 -1.6011e+02 -1.5386e+02 -1.8167e+02
-1.6146e+02 -1.6083e+02 -1.5776e+02 -2.2339e+02
# New trial
-1.6147e+02 -1.6097e+02 -1.5630e+02 -1.4780e+02
-1.6145e+02 -1.6072e+02 -1.5444e+02 -1.4786e+02
-1.6137e+02 -1.5997e+02 -1.4997e+02 -1.4768e+02
-1.6135e+02 -1.5972e+02 -1.4842e+02 -1.4768e+02
# New trial
-1.6147e+02 -1.6099e+02 -1.5638e+02 -1.4770e+02
-1.6145e+02 -1.6071e+02 -1.5459e+02 -1.4823e+02
-1.6137e+02 -1.5993e+02 -1.5048e+02 -1.4773e+02
-1.6136e+02 -1.5988e+02 -1.4899e+02 -1.4768e+02
# New trial
-1.6147e+02 -1.6095e+02 -1.5613e+02 -1.4774e+02
-1.6145e+02 -1.6075e+02 -1.5482e+02 -1.4779e+02
-1.6142e+02 -1.6041e+02 -1.5273e+02 -1.4782e+02
-1.6145e+02 -1.6079e+02 -1.5468e+02 -1.4783e+02
# New trial
-1.6147e+02 -1.6098e+02 -1.5670e+02 -1.5000e+02
-1.6146e+02 -1.6089e+02 -1.5617e+02 -1.5568e+02
-1.6145e+02 -1.6073e+02 -1.5703e+02 -1.9428e+02
-1.6148e+02 -1.6105e+02 -1.6012e+02 -2.2820e+02
# New trial
-1.6147e+02 -1.6090e+02 -1.5587e+02 -1.4880e+02
-1.6144e+02 -1.6067e+02 -1.5443e+02 -1.5027e+02
-1.6139e+02 -1.6018e+02 -1.5347e+02 -1.7562e+02
-1.6142e+02 -1.6046e+02 -1.5689e+02 -2.1937e+02
# New trial
-1.6146e+02 -1.6087e+02 -1.5596e+02 -1.4850e+02
-1.6144e+02 -1.6069e+02 -1.5501e+02 -1.4844e+02
-1.6141e+02 -1.6032e+02 -1.5271e+02 -1.4881e+02
-1.6146e+02 -1.6083e+02 -1.5542e+02 -1.5975e+02
# New trial
-1.6144e+02 -1.6067e+02 -1.5487e+02 -1.4773e+02
-1.6141e+02 -1.6040e+02 -1.5394e+02 -1.4781e+02
-1.6137e+02 -1.5997e+02 -1.5271e+02 -1.5465e+02
-1.6147e+02 -1.6092e+02 -1.5741e+02 -1.9886e+02
# New trial
-1.6149e+02 -1.6112e+02 -1.5768e+02 -1.4848e+02
-1.6148e+02 -1.6105e+02 -1.5707e+02 -1.4871e+02
-1.6146e+02 -1.6080e+02 -1.5501e+02 -1.4829e+02
-1.6145e+02 -1.6070e+02 -1.5391e+02 -1.4770e+02
# New trial
-1.6148e+02 -1.6100e+02 -1.5648e+02 -1.4769e+02
-1.6145e+02 -1.6076e+02 -1.5453e+02 -1.4770e+02
-1.6139e+02 -1.6020e+02 -1.5074e+02 -1.4776e+02
-1.6139e+02 -1.6019e+02 -1.5142e+02 -1.4768e+02
# New trial
-1.6149e+02 -1.6112e+02 -1.5757e+02 -1.4808e+02
-1.6148e+02 -1.6099e+02 -1.5649e+02 -1.4815e+02
-1.6143e+02 -1.6059e+02 -1.5356e+02 -1.4819e+02
-1.6142e+02 -1.6045e+02 -1.5243e+02 -1.5473e+02
# New trial
-1.6148e+02 -1.6102e+02 -1.5659e+02 -1.4768e+02
-1.6147e+02 -1.6090e+02 -1.5545e+02 -1.4768e+02
-1.6142e+02 -1.6047e+02 -1.5190e+02 -1.4768e+02
-1.6140e+02 -1.6024e+02 -1.5023e+02 -1.4768e+02
# New trial
-1.6145e+02 -1.6077e+02 -1.5584e+02 -1.5018e+02
-1.6143e+02 -1.6052e+02 -1.5495e+02 -1.5076e+02
-1.6138e+02 -1.6009e+02 -1.5382e+02 -1.6265e+02
-1.6144e+02 -1.6065e+02 -1.5484e+02 -1.6624e+02
# New trial
-1.6146e+02 -1.6089e+02 -1.5603e+02 -1.5045e+02
-1.6144e+02 -1.6068e+02 -1.5512e+02 -1.5195e+02
-1.6142e+02 -1.6044e+02 -1.5435e+02 -1.6315e+02
-1.6147e+02 -1.6092e+02 -1.5794e+02 -2.2047e+02
# New trial
-1.6146e+02 -1.6081e+02 -1.5585e+02 -1.4780e+02
-1.6143e+02 -1.6058e+02 -1.5494e+02 -1.4866e+02
-1.6137e+02 -1.6002e+02 -1.5257e+02 -1.5686e+02
-1.6142e+02 -1.6050e+02 -1.5421e+02 -1.8505e+02
# New trial
-1.6143e+02 -1.6056e+02 -1.5462e+02 -1.5514e+02
-1.6141e+02 -1.6034e+02 -1.5386e+02 -1.7513e+02
-1.6138e+02 -1.6009e+02 -1.5316e+02 -1.8100e+02
-1.6148e+02 -1.6108e+02 -1.5771e+02 -1.5404e+02
# New trial
-1.6146e+02 -1.6088e+02 -1.5573e+02 -1.4854e+02
-1.6145e+02 -1.6075e+02 -1.5502e+02 -1.4842e+02
-1.6143e+02 -1.6054e+02 -1.5404e+02 -1.6025e+02
-1.6147e+02 -1.6091e+02 -1.5681e+02 -1.9519e+02
# New trial
-1.6142e+02 -1.6047e+02 -1.5448e+02 -1.4780e+02
-1.6139e+02 -1.6023e+02 -1.5395e+02 -1.4920e+02
-1.6135e+02 -1.5985e+02 -1.5177e+02 -1.4787e+02
-1.6144e+02 -1.6066e+02 -1.5482e+02 -1.7272e+02
# New trial
-1.6148e+02 -1.6104e+02 -1.5704e+02 -1.4859e+02
-1.6146e+02 -1.6084e+02 -1.5562e+02 -1.4963e+02
-1.6140e+02 -1.6030e+02 -1.5227e+02 -1.4918e+02
-1.6144e+02 -1.6062e+02 -1.5361e+02 -1.4872e+02
# New trial
-1.6150e+02 -1.6119e+02 -1.5817e+02 -1.4771e+02
-1.6148e+02 -1.6105e+02 -1.5691e+02 -1.4774e+02
-1.6145e+02 -1.6070e+02 -1.5385e+02 -1.4769e+02
-1.6142e+02 -1.6043e+02 -1.5168e+02 -1.4768e+02
# New trial
-1.6142e+02 -1.6047e+02 -1.5470e+02 -1.4839e+02
-1.6140e+02 -1.6030e+02 -1.5473e+02 -1.5145e+02
-1.6142e+02 -1.6050e+02 -1.5745e+02 -2.0643e+02
-1.6150e+02 -1.6125e+02 -1.6114e+02 -2.4568e+02
# New trial
-1.6149e+02 -1.6112e+02 -1.5787e+02 -1.5559e+02
-1.6147e+02 -1.6091e+02 -1.5661e+02 -1.5636e+02
-1.6142e+02 -1.6043e+02 -1.5451e+02 -1.7409e+02
-1.6144e+02 -1.6066e+02 -1.5483e+02 -1.6744e+02
# New trial
-1.6149e+02 -1.6111e+02 -1.5754e+02 -1.5292e+02
-1.6147e+02 -1.6099e+02 -1.5656e+02 -1.5757e+02
-1.6144e+02 -1.6061e+02 -1.5415e+02 -1.6348e+02
-1.6144e+02 -1.6066e+02 -1.5391e+02 -1.5506e+02
# New trial
-1.6149e+02 -1.6110e+02 -1.5747e+02 -1.5053e+02
-1.6146e+02 -1.6088e+02 -1.5588e+02 -1.5055e+02
-1.6141e+02 -1.6037e+02 -1.5304e+02 -1.5209e+02
-1.6141e+02 -1.6030e+02 -1.5282e+02 -1.7460e+02
# New trial
-1.6148e+02 -1.6105e+02 -1.5700e+02 -1.4808e+02
-1.6146e+02 -1.6085e+02 -1.5551e+02 -1.4783e+02
-1.6140e+02 -1.6027e+02 -1.5191e+02 -1.4769e+02
-1.6138e+02 -1.6003e+02 -1.5003e+02 -1.4769e+02
# New trial
-1.6149e+02 -1.6115e+02 -1.5791e+02 -1.4839e+02
-1.6148e+02 -1.6106e+02 -1.5710e+02 -1.4821e+02
-1.6145e+02 -1.6076e+02 -1.5436e+02 -1.4773e+02
-1.6146e+02 -1.6086e+02 -1.5517e+02 -1.4771e+02
# New trial
-1.6147e+02 -1.6092e+02 -1.5631e+02 -1.5015e+02
-1.6145e+02 -1.6078e+02 -1.5554e+02 -1.5551e+02
-1.6142e+02 -1.6046e+02 -1.5399e+02 -1.6438e+02
-1.6147e+02 -1.6096e+02 -1.5662e+02 -1.6730e+02
# New trial
