# 0.01sig - Array shape (trial/sig/alpha): (30, 4, 4)
-1.7060e+02 -1.6919e+02 -1.5777e+02 -1.4026e+02
-1.7056e+02 -1.6885e+02 -1.5570e+02 -1.4275e+02
-1.7051e+02 -1.6834e+02 -1.5329e+02 -1.6412e+02
-1.7065e+02 -1.6965e+02 -1.6117e+02 -1.9448e+02
# New trial
-1.7059e+02 -1.6913e+02 -1.5771e+02 -1.4549e+02
-1.7055e+02 -1.6869e+02 -1.5589e+02 -1.4934e+02
-1.7045e+02 -1.6778e+02 -1.5196e+02 -1.5234e+02
-1.7056e+02 -1.6886e+02 -1.5735e+02 -2.1569e+02
# New trial
-1.7061e+02 -1.6924e+02 -1.5709e+02 -1.3866e+02
-1.7055e+02 -1.6866e+02 -1.5365e+02 -1.3876e+02
-1.7037e+02 -1.6697e+02 -1.4748e+02 -1.3991e+02
-1.7037e+02 -1.6692e+02 -1.4642e+02 -1.6006e+02
# New trial
-1.7057e+02 -1.6885e+02 -1.5497e+02 -1.3858e+02
-1.7050e+02 -1.6819e+02 -1.5198e+02 -1.3855e+02
-1.7037e+02 -1.6699e+02 -1.4643e+02 -1.3847e+02
-1.7056e+02 -1.6879e+02 -1.5670e+02 -2.2807e+02
# New trial
-1.7063e+02 -1.6949e+02 -1.5904e+02 -1.4014e+02
-1.7058e+02 -1.6897e+02 -1.5515e+02 -1.3917e+02
-1.7044e+02 -1.6760e+02 -1.4836e+02 -1.4524e+02
-1.7043e+02 -1.6753e+02 -1.4743e+02 -1.6841e+02
# New trial
-1.7064e+02 -1.6954e+02 -1.5941e+02 -1.4470e+02
-1.7057e+02 -1.6886e+02 -1.5496e+02 -1.5443e+02
-1.7039e+02 -1.6717e+02 -1.5009e+02 -1.8074e+02
-1.7040e+02 -1.6723e+02 -1.4562e+02 -1.5505e+02
# New trial
-1.7063e+02 -1.6945e+02 -1.5881e+02 -1.4021e+02
-1.7058e+02 -1.6902e+02 -1.5626e+02 -1.4302e+02
-1.7051e+02 -1.6835e+02 -1.5269e+02 -1.4710e+02
-1.7061e+02 -1.6932e+02 -1.5772e+02 -1.5395e+02
# New trial
-1.7062e+02 -1.6936e+02 -1.5813e+02 -1.3988e+02
-1.7058e+02 -1.6902e+02 -1.5562e+02 -1.4118e+02
-1.7049e+02 -1.6809e+02 -1.5008e+02 -1.6573e+02
-1.7053e+02 -1.6845e+02 -1.5210e+02 -1.9456e+02
# New trial
-1.7061e+02 -1.6926e+02 -1.5700e+02 -1.3905e+02
-1.7055e+02 -1.6868e+02 -1.5261e+02 -1.3934e+02
-1.7039e+02 -1.6710e+02 -1.4687e+02 -1.6914e+02
-1.7042e+02 -1.6737e+02 -1.4848e+02 -1.9906e+02
# New trial
-1.7059e+02 -1.6909e+02 -1.5622e+02 -1.3856e+02
-1.7054e+02 -1.6862e+02 -1.5365e+02 -1.3855e+02
-1.7044e+02 -1.6762e+02 -1.4909e+02 -1.5029e+02
-1.7056e+02 -1.6881e+02 -1.5609e+02 -2.2431e+02
# New trial
-1.7057e+02 -1.6888e+02 -1.5711e+02 -1.4151e+02
-1.7051e+02 -1.6832e+02 -1.5534e+02 -1.4833e+02
-1.7041e+02 -1.6745e+02 -1.5373e+02 -1.8149e+02
-1.7063e+02 -1.6947e+02 -1.6319e+02 -2.5827e+02
# New trial
-1.7066e+02 -1.6982e+02 -1.6181e+02 -1.3931e+02
-1.7065e+02 -1.6963e+02 -1.6026e+02 -1.3936e+02
-1.7059e+02 -1.6903e+02 -1.5519e+02 -1.4039e+02
-1.7058e+02 -1.6899e+02 -1.5434e+02 -1.4525e+02
# New trial
-1.7064e+02 -1.6953e+02 -1.5897e+02 -1.3847e+02
-1.7058e+02 -1.6897e+02 -1.5444e+02 -1.3850e+02
-1.7042e+02 -1.6740e+02 -1.4444e+02 -1.3859e+02
-1.7040e+02 -1.6716e+02 -1.4384e+02 -1.4694e+02
# New trial
-1.7067e+02 -1.6986e+02 -1.6223e+02 -1.4146e+02
-1.7064e+02 -1.6956e+02 -1.5960e+02 -1.4045e+02
-1.7055e+02 -1.6864e+02 -1.5237e+02 -1.4013e+02
-1.7053e+02 -1.6846e+02 -1.5143e+02 -1.7357e+02
# New trial
-1.7065e+02 -1.6968e+02 -1.6033e+02 -1.4114e+02
-1.7062e+02 -1.6939e+02 -1.5778e+02 -1.4138e+02
-1.7052e+02 -1.6839e+02 -1.5029e+02 -1.4206e+02
-1.7048e+02 -1.6800e+02 -1.4773e+02 -1.3954e+02
# New trial
-1.7058e+02 -1.6901e+02 -1.5711e+02 -1.4094e+02
-1.7052e+02 -1.6843e+02 -1.5465e+02 -1.4232e+02
-1.7041e+02 -1.6741e+02 -1.5008e+02 -1.5321e+02
-1.7056e+02 -1.6880e+02 -1.5654e+02 -2.2019e+02
# New trial
-1.7061e+02 -1.6924e+02 -1.5777e+02 -1.4230e+02
-1.7056e+02 -1.6879e+02 -1.5598e+02 -1.4882e+02
-1.7048e+02 -1.6805e+02 -1.5261e+02 -1.5883e+02
-1.7057e+02 -1.6892e+02 -1.5728e+02 -2.4757e+02
# New trial
-1.7060e+02 -1.6915e+02 -1.5811e+02 -1.4061e+02
-1.7054e+02 -1.6859e+02 -1.5547e+02 -1.4177e+02
-1.7041e+02 -1.6738e+02 -1.5171e+02 -1.7117e+02
-1.7055e+02 -1.6869e+02 -1.5749e+02 -2.5866e+02
# New trial
-1.7051e+02 -1.6829e+02 -1.5394e+02 -1.4815e+02
-1.7044e+02 -1.6770e+02 -1.5353e+02 -1.7807e+02
-1.7048e+02 -1.6803e+02 -1.5813e+02 -2.5794e+02
-1.7070e+02 -1.7016e+02 -1.7245e+02 -4.4483e+02
# New trial
-1.7062e+02 -1.6934e+02 -1.5850e+02 -1.3992e+02
-1.7058e+02 -1.6900e+02 -1.5654e+02 -1.4044e+02
-1.7050e+02 -1.6820e+02 -1.5160e+02 -1.6116e+02
-1.7058e+02 -1.6895e+02 -1.5635e+02 -2.0645e+02
# New trial
-1.7049e+02 -1.6817e+02 -1.5338e+02 -1.3958e+02
-1.7042e+02 -1.6754e+02 -1.5222e+02 -1.4524e+02
-1.7036e+02 -1.6697e+02 -1.4805e+02 -1.5613e+02
-1.7058e+02 -1.6901e+02 -1.5602e+02 -1.9291e+02
# New trial
-1.7063e+02 -1.6950e+02 -1.5908e+02 -1.4778e+02
-1.7058e+02 -1.6898e+02 -1.5536e+02 -1.5032e+02
-1.7046e+02 -1.6781e+02 -1.5002e+02 -1.8076e+02
-1.7055e+02 -1.6869e+02 -1.5298e+02 -1.6939e+02
# New trial
-1.7069e+02 -1.7008e+02 -1.6418e+02 -1.4634e+02
-1.7066e+02 -1.6977e+02 -1.6144e+02 -1.4553e+02
-1.7059e+02 -1.6906e+02 -1.5636e+02 -1.6431e+02
-1.7055e+02 -1.6867e+02 -1.5482e+02 -2.1374e+02
# New trial
-1.7049e+02 -1.6822e+02 -1.5432e+02 -1.3910e+02
-1.7043e+02 -1.6769e+02 -1.5360e+02 -1.5170e+02
-1.7042e+02 -1.6759e+02 -1.5556e+02 -2.1732e+02
-1.7063e+02 -1.6954e+02 -1.6312e+02 -2.7116e+02
# New trial
-1.7065e+02 -1.6969e+02 -1.6079e+02 -1.3894e+02
-1.7060e+02 -1.6914e+02 -1.5696e+02 -1.4125e+02
-1.7048e+02 -1.6800e+02 -1.5016e+02 -1.5754e+02
-1.7058e+02 -1.6895e+02 -1.5418e+02 -1.4367e+02
# New trial
-1.7067e+02 -1.6985e+02 -1.6236e+02 -1.6276e+02
-1.7064e+02 -1.6955e+02 -1.5999e+02 -1.6673e+02
-1.7055e+02 -1.6870e+02 -1.5574e+02 -1.9374e+02
-1.7060e+02 -1.6923e+02 -1.5922e+02 -2.1590e+02
# New trial
-1.7065e+02 -1.6970e+02 -1.6062e+02 -1.3973e+02
-1.7060e+02 -1.6915e+02 -1.5609e+02 -1.3867e+02
-1.7046e+02 -1.6778e+02 -1.4741e+02 -1.4243e+02
-1.7046e+02 -1.6776e+02 -1.4855e+02 -1.7853e+02
# New trial
-1.7064e+02 -1.6960e+02 -1.5978e+02 -1.3967e+02
-1.7059e+02 -1.6905e+02 -1.5558e+02 -1.3970e+02
-1.7045e+02 -1.6770e+02 -1.4835e+02 -1.5114e+02
-1.7046e+02 -1.6782e+02 -1.4907e+02 -1.8219e+02
# New trial
-1.7068e+02 -1.6995e+02 -1.6306e+02 -1.4279e+02
-1.7066e+02 -1.6976e+02 -1.6145e+02 -1.4370e+02
-1.7060e+02 -1.6915e+02 -1.5668e+02 -1.5163e+02
-1.7061e+02 -1.6930e+02 -1.5762e+02 -1.6824e+02
# New trial
-1.7061e+02 -1.6928e+02 -1.5795e+02 -1.4062e+02
-1.7057e+02 -1.6892e+02 -1.5587e+02 -1.4558e+02
-1.7048e+02 -1.6805e+02 -1.5399e+02 -1.7802e+02
-1.7059e+02 -1.6907e+02 -1.6048e+02 -2.4676e+02
# New trial
