# 0.1sig - Array shape (trial/sig/alpha): (30, 4, 4)
-1.6589e+02 -1.6365e+02 -1.4905e+02 -2.2698e+02
-1.6580e+02 -1.6282e+02 -1.4305e+02 -1.2296e+02
-1.6561e+02 -1.6096e+02 -1.3259e+02 -1.2837e+02
-1.6580e+02 -1.6275e+02 -1.3821e+02 -1.5310e+02
# New trial
-1.6598e+02 -1.6450e+02 -1.5135e+02 -1.2728e+02
-1.6591e+02 -1.6383e+02 -1.4631e+02 -1.3005e+02
-1.6576e+02 -1.6237e+02 -1.3770e+02 -1.6436e+02
-1.6580e+02 -1.6272e+02 -1.4068e+02 -2.3331e+02
# New trial
-1.6596e+02 -1.6436e+02 -1.5055e+02 -1.4428e+02
-1.6587e+02 -1.6339e+02 -1.4171e+02 -1.2026e+02
-1.6563e+02 -1.6105e+02 -1.3229e+02 -1.5202e+02
-1.6548e+02 -1.5959e+02 -1.3495e+02 -2.2754e+02
# New trial
-1.6594e+02 -1.6409e+02 -1.4887e+02 -2.0660e+02
-1.6588e+02 -1.6355e+02 -1.4283e+02 -1.2084e+02
-1.6572e+02 -1.6191e+02 -1.3228e+02 -1.4018e+02
-1.6567e+02 -1.6147e+02 -1.3801e+02 -2.5951e+02
# New trial
-1.6601e+02 -1.6484e+02 -1.5504e+02 -1.8367e+02
-1.6595e+02 -1.6424e+02 -1.4885e+02 -1.2131e+02
-1.6582e+02 -1.6288e+02 -1.3901e+02 -1.3276e+02
-1.6583e+02 -1.6302e+02 -1.3958e+02 -1.5001e+02
# New trial
-1.6601e+02 -1.6477e+02 -1.5315e+02 -1.2728e+02
-1.6595e+02 -1.6425e+02 -1.4871e+02 -1.2633e+02
-1.6582e+02 -1.6298e+02 -1.3968e+02 -1.3477e+02
-1.6587e+02 -1.6345e+02 -1.4353e+02 -2.0948e+02
# New trial
-1.6599e+02 -1.6461e+02 -1.5215e+02 -1.3563e+02
-1.6594e+02 -1.6410e+02 -1.4769e+02 -1.2448e+02
-1.6579e+02 -1.6266e+02 -1.3765e+02 -1.2584e+02
-1.6577e+02 -1.6248e+02 -1.4082e+02 -2.3039e+02
# New trial
-1.6593e+02 -1.6404e+02 -1.4728e+02 -1.2257e+02
-1.6588e+02 -1.6351e+02 -1.4366e+02 -1.2072e+02
-1.6574e+02 -1.6214e+02 -1.3489e+02 -1.3167e+02
-1.6584e+02 -1.6315e+02 -1.3975e+02 -1.3363e+02
# New trial
-1.6590e+02 -1.6377e+02 -1.4857e+02 -1.2911e+02
-1.6581e+02 -1.6292e+02 -1.4292e+02 -1.2079e+02
-1.6564e+02 -1.6127e+02 -1.3657e+02 -1.5331e+02
-1.6581e+02 -1.6287e+02 -1.4882e+02 -3.1273e+02
# New trial
-1.6597e+02 -1.6439e+02 -1.4957e+02 -1.2226e+02
-1.6591e+02 -1.6377e+02 -1.4449e+02 -1.2121e+02
-1.6573e+02 -1.6208e+02 -1.3298e+02 -1.2181e+02
-1.6570e+02 -1.6168e+02 -1.3190e+02 -1.5461e+02
# New trial
-1.6600e+02 -1.6468e+02 -1.5254e+02 -1.3379e+02
-1.6592e+02 -1.6392e+02 -1.4588e+02 -1.2036e+02
-1.6571e+02 -1.6180e+02 -1.3190e+02 -1.2358e+02
-1.6561e+02 -1.6080e+02 -1.2654e+02 -1.2011e+02
# New trial
-1.6594e+02 -1.6411e+02 -1.4933e+02 -1.3135e+02
-1.6587e+02 -1.6341e+02 -1.4417e+02 -1.2294e+02
-1.6570e+02 -1.6173e+02 -1.3233e+02 -1.2317e+02
-1.6580e+02 -1.6277e+02 -1.3677e+02 -1.2896e+02
# New trial
-1.6598e+02 -1.6449e+02 -1.5080e+02 -1.2338e+02
-1.6593e+02 -1.6397e+02 -1.4683e+02 -1.2674e+02
-1.6578e+02 -1.6256e+02 -1.3914e+02 -1.6087e+02
-1.6583e+02 -1.6298e+02 -1.4035e+02 -2.0194e+02
# New trial
-1.6602e+02 -1.6487e+02 -1.5434e+02 -1.2529e+02
-1.6596e+02 -1.6430e+02 -1.4841e+02 -1.2163e+02
-1.6582e+02 -1.6288e+02 -1.3642e+02 -1.2181e+02
-1.6569e+02 -1.6165e+02 -1.3017e+02 -1.3027e+02
# New trial
-1.6592e+02 -1.6394e+02 -1.5174e+02 -2.0699e+02
-1.6581e+02 -1.6286e+02 -1.4207e+02 -1.2074e+02
-1.6556e+02 -1.6045e+02 -1.3018e+02 -1.2258e+02
-1.6566e+02 -1.6137e+02 -1.3414e+02 -1.6768e+02
# New trial
-1.6590e+02 -1.6372e+02 -1.5053e+02 -2.2389e+02
-1.6580e+02 -1.6280e+02 -1.3983e+02 -1.2032e+02
-1.6556e+02 -1.6039e+02 -1.3124e+02 -1.3423e+02
-1.6565e+02 -1.6129e+02 -1.3466e+02 -2.0401e+02
# New trial
-1.6598e+02 -1.6452e+02 -1.5115e+02 -1.2456e+02
-1.6591e+02 -1.6382e+02 -1.4572e+02 -1.2178e+02
-1.6571e+02 -1.6187e+02 -1.3548e+02 -1.2887e+02
-1.6564e+02 -1.6118e+02 -1.3094e+02 -1.6656e+02
# New trial
-1.6603e+02 -1.6500e+02 -1.5528e+02 -1.5672e+02
-1.6597e+02 -1.6437e+02 -1.4955e+02 -1.2348e+02
-1.6579e+02 -1.6259e+02 -1.3599e+02 -1.2564e+02
-1.6565e+02 -1.6119e+02 -1.3286e+02 -1.8732e+02
# New trial
-1.6600e+02 -1.6473e+02 -1.5268e+02 -1.3092e+02
-1.6595e+02 -1.6420e+02 -1.4823e+02 -1.2143e+02
-1.6581e+02 -1.6282e+02 -1.3760e+02 -1.2814e+02
-1.6582e+02 -1.6288e+02 -1.3948e+02 -2.0266e+02
# New trial
-1.6600e+02 -1.6473e+02 -1.5712e+02 -2.3385e+02
-1.6592e+02 -1.6390e+02 -1.4681e+02 -1.2096e+02
-1.6571e+02 -1.6189e+02 -1.3620e+02 -1.4062e+02
-1.6573e+02 -1.6202e+02 -1.3919e+02 -2.2447e+02
# New trial
-1.6596e+02 -1.6435e+02 -1.5185e+02 -1.5236e+02
-1.6590e+02 -1.6375e+02 -1.4632e+02 -1.2139e+02
-1.6576e+02 -1.6231e+02 -1.3629e+02 -1.2085e+02
-1.6580e+02 -1.6273e+02 -1.3784e+02 -1.6700e+02
# New trial
-1.6598e+02 -1.6448e+02 -1.5263e+02 -2.0663e+02
-1.6592e+02 -1.6390e+02 -1.4683e+02 -1.2354e+02
-1.6577e+02 -1.6249e+02 -1.3734e+02 -1.3000e+02
-1.6582e+02 -1.6292e+02 -1.4057e+02 -1.8910e+02
# New trial
-1.6598e+02 -1.6449e+02 -1.5089e+02 -1.2764e+02
-1.6592e+02 -1.6394e+02 -1.4627e+02 -1.2491e+02
-1.6577e+02 -1.6239e+02 -1.3689e+02 -1.3599e+02
-1.6574e+02 -1.6211e+02 -1.3882e+02 -2.2932e+02
# New trial
-1.6600e+02 -1.6467e+02 -1.5298e+02 -1.4713e+02
-1.6595e+02 -1.6418e+02 -1.4866e+02 -1.2176e+02
-1.6583e+02 -1.6303e+02 -1.4062e+02 -1.5396e+02
-1.6587e+02 -1.6342e+02 -1.4478e+02 -2.1876e+02
# New trial
-1.6599e+02 -1.6463e+02 -1.5262e+02 -2.1905e+02
-1.6597e+02 -1.6438e+02 -1.4984e+02 -1.2166e+02
-1.6589e+02 -1.6361e+02 -1.4384e+02 -1.4432e+02
-1.6594e+02 -1.6416e+02 -1.4895e+02 -2.0708e+02
# New trial
-1.6596e+02 -1.6434e+02 -1.5260e+02 -1.8344e+02
-1.6588e+02 -1.6348e+02 -1.4116e+02 -1.1999e+02
-1.6568e+02 -1.6154e+02 -1.2894e+02 -1.2000e+02
-1.6559e+02 -1.6060e+02 -1.2723e+02 -1.2001e+02
# New trial
-1.6601e+02 -1.6483e+02 -1.5357e+02 -1.2489e+02
-1.6598e+02 -1.6447e+02 -1.5038e+02 -1.2412e+02
-1.6589e+02 -1.6360e+02 -1.4352e+02 -1.3821e+02
-1.6596e+02 -1.6431e+02 -1.4944e+02 -1.7977e+02
# New trial
-1.6597e+02 -1.6439e+02 -1.5275e+02 -1.9160e+02
-1.6587e+02 -1.6346e+02 -1.4248e+02 -1.2279e+02
-1.6559e+02 -1.6070e+02 -1.3052e+02 -1.4308e+02
-1.6553e+02 -1.6005e+02 -1.3722e+02 -2.5116e+02
# New trial
-1.6600e+02 -1.6474e+02 -1.5368e+02 -1.5171e+02
-1.6594e+02 -1.6411e+02 -1.4754e+02 -1.2184e+02
-1.6575e+02 -1.6221e+02 -1.3478e+02 -1.2843e+02
-1.6564e+02 -1.6116e+02 -1.3679e+02 -2.2853e+02
# New trial
-1.6600e+02 -1.6473e+02 -1.5269e+02 -1.2462e+02
-1.6597e+02 -1.6441e+02 -1.5007e+02 -1.2192e+02
-1.6590e+02 -1.6373e+02 -1.4454e+02 -1.2684e+02
-1.6594e+02 -1.6415e+02 -1.4768e+02 -1.5963e+02
# New trial
