# 0.1sig - Array shape (trial/sig/alpha): (30L, 4L, 4L)
-1.0090e+02 -9.6064e+01 -1.0012e+02 -5.3939e+02
-1.0091e+02 -9.5968e+01 -8.2566e+01 -2.5167e+02
-1.0097e+02 -9.6251e+01 -8.3829e+01 -3.9682e+02
-1.0138e+02 -1.0004e+02 -9.3765e+01 -3.3918e+02
# New trial
-1.0112e+02 -9.7657e+01 -8.5501e+01 -2.8460e+02
-1.0111e+02 -9.7525e+01 -7.9562e+01 -1.7364e+02
-1.0105e+02 -9.6829e+01 -6.8726e+01 -1.4171e+02
-1.0123e+02 -9.8548e+01 -7.7826e+01 -9.6256e+01
# New trial
-1.0116e+02 -9.8095e+01 -1.0243e+02 -4.9912e+02
-1.0102e+02 -9.6535e+01 -7.2474e+01 -2.7978e+02
-1.0078e+02 -9.4079e+01 -5.3677e+01 -1.1348e+02
-1.0101e+02 -9.6326e+01 -6.6306e+01 -6.6108e+01
# New trial
-1.0114e+02 -9.7923e+01 -1.1167e+02 -7.2797e+02
-1.0105e+02 -9.6831e+01 -7.8959e+01 -3.5197e+02
-1.0087e+02 -9.5054e+01 -7.2082e+01 -4.1980e+02
-1.0104e+02 -9.6710e+01 -7.6788e+01 -2.9905e+02
# New trial
-1.0120e+02 -9.8725e+01 -1.1385e+02 -6.0674e+02
-1.0112e+02 -9.7624e+01 -7.9079e+01 -1.7008e+02
-1.0107e+02 -9.6997e+01 -6.8371e+01 -1.8394e+02
-1.0133e+02 -9.9512e+01 -8.4503e+01 -2.8074e+02
# New trial
-1.0127e+02 -9.9080e+01 -9.1939e+01 -2.7807e+02
-1.0121e+02 -9.8432e+01 -8.2513e+01 -1.6562e+02
-1.0116e+02 -9.7916e+01 -7.4464e+01 -1.8045e+02
-1.0137e+02 -9.9898e+01 -9.0911e+01 -3.1451e+02
# New trial
-1.0114e+02 -9.7798e+01 -8.2162e+01 -2.2009e+02
-1.0107e+02 -9.7087e+01 -7.4143e+01 -1.8215e+02
-1.0099e+02 -9.6209e+01 -7.0649e+01 -2.5219e+02
-1.0123e+02 -9.8587e+01 -8.3062e+01 -2.7176e+02
# New trial
-1.0102e+02 -9.6817e+01 -1.0880e+02 -6.8653e+02
-1.0105e+02 -9.6904e+01 -8.0865e+01 -2.6044e+02
-1.0110e+02 -9.7265e+01 -7.9027e+01 -3.6513e+02
-1.0139e+02 -1.0011e+02 -9.6353e+01 -4.4214e+02
# New trial
-1.0090e+02 -9.6070e+01 -9.2166e+01 -3.9018e+02
-1.0082e+02 -9.5191e+01 -7.8245e+01 -2.7864e+02
-1.0090e+02 -9.5605e+01 -7.8295e+01 -3.3686e+02
-1.0139e+02 -1.0018e+02 -1.0283e+02 -6.0468e+02
# New trial
-1.0102e+02 -9.6703e+01 -8.0250e+01 -2.8278e+02
-1.0098e+02 -9.6284e+01 -7.3691e+01 -2.5294e+02
-1.0094e+02 -9.5702e+01 -6.4486e+01 -1.8307e+02
-1.0122e+02 -9.8417e+01 -7.8489e+01 -2.5357e+02
# New trial
-1.0125e+02 -9.9003e+01 -9.6548e+01 -3.3928e+02
-1.0114e+02 -9.7894e+01 -8.6188e+01 -3.1522e+02
-1.0089e+02 -9.5307e+01 -7.1338e+01 -2.8048e+02
-1.0113e+02 -9.7581e+01 -9.2122e+01 -4.6590e+02
# New trial
-1.0110e+02 -9.7734e+01 -1.0780e+02 -5.6444e+02
-1.0104e+02 -9.7053e+01 -8.8534e+01 -3.1257e+02
-1.0108e+02 -9.7149e+01 -7.5898e+01 -2.4206e+02
-1.0141e+02 -1.0029e+02 -9.1124e+01 -1.6476e+02
# New trial
-1.0111e+02 -9.7853e+01 -1.0571e+02 -5.7903e+02
-1.0113e+02 -9.7745e+01 -8.3980e+01 -2.7105e+02
-1.0112e+02 -9.7550e+01 -7.8274e+01 -3.0897e+02
-1.0141e+02 -1.0028e+02 -9.0943e+01 -2.5074e+02
# New trial
-1.0132e+02 -9.9646e+01 -1.0346e+02 -3.9233e+02
-1.0123e+02 -9.8622e+01 -8.1722e+01 -1.9944e+02
-1.0107e+02 -9.6991e+01 -6.9559e+01 -2.5245e+02
-1.0115e+02 -9.7746e+01 -7.4108e+01 -2.2597e+02
# New trial
-1.0082e+02 -9.5295e+01 -9.2633e+01 -4.2628e+02
-1.0071e+02 -9.3958e+01 -7.0504e+01 -2.5888e+02
-1.0073e+02 -9.3851e+01 -6.1692e+01 -2.1243e+02
-1.0130e+02 -9.9189e+01 -8.2812e+01 -2.6693e+02
# New trial
-1.0107e+02 -9.7805e+01 -1.2421e+02 -7.9191e+02
-1.0090e+02 -9.5822e+01 -9.1669e+01 -4.6908e+02
-1.0078e+02 -9.4324e+01 -8.1014e+01 -4.6546e+02
-1.0122e+02 -9.8503e+01 -8.0320e+01 -1.9851e+02
# New trial
-1.0113e+02 -9.7986e+01 -1.0583e+02 -5.1372e+02
-1.0105e+02 -9.7017e+01 -8.3078e+01 -3.3568e+02
-1.0100e+02 -9.6394e+01 -7.1968e+01 -2.6763e+02
-1.0126e+02 -9.8864e+01 -8.1799e+01 -2.7030e+02
# New trial
-1.0123e+02 -9.8637e+01 -8.7587e+01 -3.0397e+02
-1.0113e+02 -9.7603e+01 -7.2328e+01 -1.9722e+02
-1.0099e+02 -9.6172e+01 -5.8609e+01 -7.1740e+01
-1.0118e+02 -9.7990e+01 -7.1747e+01 -5.5843e+01
# New trial
-1.0121e+02 -9.8398e+01 -8.4164e+01 -2.2127e+02
-1.0113e+02 -9.7666e+01 -7.6527e+01 -1.6353e+02
-1.0108e+02 -9.7113e+01 -6.9275e+01 -1.5416e+02
-1.0130e+02 -9.9224e+01 -8.6923e+01 -2.8048e+02
# New trial
-1.0123e+02 -9.9001e+01 -1.1787e+02 -6.3551e+02
-1.0109e+02 -9.7420e+01 -8.1677e+01 -2.6249e+02
-1.0088e+02 -9.5192e+01 -6.0987e+01 -1.8089e+02
-1.0119e+02 -9.8186e+01 -7.4232e+01 -1.1791e+02
# New trial
-1.0107e+02 -9.7342e+01 -1.0593e+02 -5.7104e+02
-1.0102e+02 -9.6688e+01 -7.8502e+01 -2.7327e+02
-1.0104e+02 -9.6748e+01 -7.0180e+01 -2.3318e+02
-1.0138e+02 -1.0003e+02 -8.7849e+01 -1.7899e+02
# New trial
-1.0122e+02 -9.8710e+01 -1.0190e+02 -4.8902e+02
-1.0115e+02 -9.7958e+01 -8.4365e+01 -2.3903e+02
-1.0111e+02 -9.7417e+01 -7.6019e+01 -2.6029e+02
-1.0137e+02 -9.9902e+01 -8.9245e+01 -2.2432e+02
# New trial
-1.0113e+02 -9.7659e+01 -8.4352e+01 -2.9672e+02
-1.0108e+02 -9.7183e+01 -7.7073e+01 -2.2402e+02
-1.0101e+02 -9.6440e+01 -6.7165e+01 -2.0047e+02
-1.0125e+02 -9.8730e+01 -7.8990e+01 -1.8094e+02
# New trial
-1.0104e+02 -9.6843e+01 -7.5578e+01 -1.8724e+02
-1.0106e+02 -9.6899e+01 -6.9468e+01 -1.5975e+02
-1.0109e+02 -9.7141e+01 -6.7961e+01 -1.9428e+02
-1.0132e+02 -9.9385e+01 -8.2875e+01 -1.4749e+02
# New trial
-1.0125e+02 -9.8880e+01 -9.6917e+01 -4.3803e+02
-1.0124e+02 -9.8734e+01 -8.4338e+01 -1.7235e+02
-1.0120e+02 -9.8233e+01 -7.5643e+01 -1.6830e+02
-1.0130e+02 -9.9225e+01 -8.3250e+01 -2.6125e+02
# New trial
-1.0114e+02 -9.8286e+01 -1.1459e+02 -5.4626e+02
-1.0099e+02 -9.6317e+01 -7.4611e+01 -2.4735e+02
-1.0096e+02 -9.5953e+01 -7.7167e+01 -3.3765e+02
-1.0128e+02 -9.9028e+01 -9.1507e+01 -4.0353e+02
# New trial
-1.0112e+02 -9.7585e+01 -8.5818e+01 -4.1927e+02
-1.0118e+02 -9.8098e+01 -8.0082e+01 -2.0988e+02
-1.0129e+02 -9.9108e+01 -8.3382e+01 -2.3784e+02
-1.0147e+02 -1.0093e+02 -9.6159e+01 -1.6336e+02
# New trial
-1.0117e+02 -9.8577e+01 -1.1440e+02 -5.6937e+02
-1.0107e+02 -9.7271e+01 -8.9406e+01 -3.9097e+02
-1.0098e+02 -9.6325e+01 -8.5401e+01 -4.2551e+02
-1.0132e+02 -9.9439e+01 -9.0143e+01 -4.1731e+02
# New trial
-1.0113e+02 -9.7804e+01 -9.5314e+01 -3.8566e+02
-1.0106e+02 -9.7018e+01 -8.2921e+01 -3.1712e+02
-1.0092e+02 -9.5535e+01 -6.3805e+01 -2.1750e+02
-1.0119e+02 -9.8128e+01 -7.5221e+01 -1.3574e+02
# New trial
-1.0113e+02 -9.7718e+01 -8.1151e+01 -2.5127e+02
-1.0117e+02 -9.7993e+01 -7.7229e+01 -1.5595e+02
-1.0129e+02 -9.9160e+01 -8.1941e+01 -1.5453e+02
-1.0146e+02 -1.0080e+02 -9.4715e+01 -8.5985e+01
# New trial
