# 0.1sig - Array shape (trial/sig/alpha): (30L, 4L, 4L)
-5.5203e+01 -5.4532e+01 -9.1299e+01 -6.4998e+02
-5.5263e+01 -5.4599e+01 -6.7545e+01 -3.4575e+02
-5.5346e+01 -5.5140e+01 -6.1132e+01 -3.1330e+02
-5.5379e+01 -5.5363e+01 -5.5880e+01 -1.4905e+02
# New trial
-5.5226e+01 -5.4051e+01 -5.8526e+01 -2.4277e+02
-5.5287e+01 -5.4600e+01 -5.7232e+01 -1.7425e+02
-5.5346e+01 -5.5080e+01 -5.5727e+01 -1.6189e+02
-5.5379e+01 -5.5355e+01 -5.5249e+01 -7.0266e+01
# New trial
-5.5288e+01 -5.4718e+01 -7.5200e+01 -4.6147e+02
-5.5292e+01 -5.4613e+01 -6.0679e+01 -3.0307e+02
-5.5304e+01 -5.4644e+01 -5.4772e+01 -2.6530e+02
-5.5372e+01 -5.5290e+01 -5.8097e+01 -2.8898e+02
# New trial
-5.5306e+01 -5.4902e+01 -8.3831e+01 -6.1533e+02
-5.5286e+01 -5.4545e+01 -6.2715e+01 -3.7058e+02
-5.5299e+01 -5.4606e+01 -5.6969e+01 -3.7926e+02
-5.5360e+01 -5.5172e+01 -5.4776e+01 -2.3471e+02
# New trial
-5.5278e+01 -5.4789e+01 -7.8064e+01 -4.9021e+02
-5.5266e+01 -5.4424e+01 -5.6830e+01 -1.9600e+02
-5.5314e+01 -5.4762e+01 -5.2760e+01 -1.5319e+02
-5.5369e+01 -5.5265e+01 -5.4583e+01 -6.0025e+01
# New trial
-5.5259e+01 -5.4311e+01 -5.9406e+01 -2.7040e+02
-5.5279e+01 -5.4469e+01 -5.4850e+01 -1.8333e+02
-5.5335e+01 -5.4945e+01 -5.3303e+01 -1.4647e+02
-5.5378e+01 -5.5350e+01 -5.5166e+01 -7.2044e+01
# New trial
-5.5173e+01 -5.3595e+01 -5.9764e+01 -2.9468e+02
-5.5223e+01 -5.3986e+01 -5.4616e+01 -2.0923e+02
-5.5304e+01 -5.4670e+01 -5.2583e+01 -1.7551e+02
-5.5374e+01 -5.5307e+01 -5.5192e+01 -1.7411e+02
# New trial
-5.5216e+01 -5.4067e+01 -8.2269e+01 -6.1702e+02
-5.5260e+01 -5.4305e+01 -5.9670e+01 -3.0355e+02
-5.5303e+01 -5.4630e+01 -5.0731e+01 -1.4769e+02
-5.5367e+01 -5.5240e+01 -5.4302e+01 -5.3042e+01
# New trial
-5.5173e+01 -5.4004e+01 -7.4239e+01 -4.4067e+02
-5.5235e+01 -5.4333e+01 -6.2863e+01 -3.1472e+02
-5.5318e+01 -5.4870e+01 -5.7097e+01 -2.8726e+02
-5.5374e+01 -5.5321e+01 -5.5742e+01 -1.6762e+02
# New trial
-5.5195e+01 -5.3811e+01 -6.4520e+01 -3.6627e+02
-5.5252e+01 -5.4274e+01 -5.9037e+01 -2.7578e+02
-5.5350e+01 -5.5119e+01 -5.7464e+01 -2.0765e+02
-5.5381e+01 -5.5386e+01 -5.6123e+01 -1.6489e+02
# New trial
-5.5361e+01 -5.5434e+01 -7.0427e+01 -3.3655e+02
-5.5361e+01 -5.5382e+01 -6.7384e+01 -3.1841e+02
-5.5309e+01 -5.4738e+01 -5.4972e+01 -1.8171e+02
-5.5359e+01 -5.5165e+01 -5.3573e+01 -7.6023e+01
# New trial
-5.5231e+01 -5.4383e+01 -8.4687e+01 -5.8123e+02
-5.5240e+01 -5.4288e+01 -6.7146e+01 -3.7851e+02
-5.5324e+01 -5.4875e+01 -5.7004e+01 -2.6753e+02
-5.5380e+01 -5.5373e+01 -5.6151e+01 -2.1675e+02
# New trial
-5.5309e+01 -5.5307e+01 -1.0590e+02 -8.2773e+02
-5.5303e+01 -5.4867e+01 -6.8318e+01 -3.6470e+02
-5.5323e+01 -5.4864e+01 -5.4156e+01 -1.6619e+02
-5.5374e+01 -5.5319e+01 -5.5210e+01 -1.0697e+02
# New trial
-5.5321e+01 -5.5071e+01 -7.3242e+01 -4.0945e+02
-5.5301e+01 -5.4664e+01 -5.6418e+01 -2.3084e+02
-5.5301e+01 -5.4614e+01 -5.4998e+01 -2.7296e+02
-5.5361e+01 -5.5185e+01 -5.4263e+01 -1.3726e+02
# New trial
-5.5246e+01 -5.4885e+01 -8.8284e+01 -5.7481e+02
-5.5196e+01 -5.3986e+01 -7.0278e+01 -4.4299e+02
-5.5290e+01 -5.4559e+01 -5.4432e+01 -2.4297e+02
-5.5377e+01 -5.5340e+01 -5.5467e+01 -1.4553e+02
# New trial
-5.5238e+01 -5.4569e+01 -8.2869e+01 -5.5333e+02
-5.5275e+01 -5.4672e+01 -7.5396e+01 -5.2123e+02
-5.5322e+01 -5.4891e+01 -6.3302e+01 -3.9945e+02
-5.5378e+01 -5.5346e+01 -5.5186e+01 -1.1067e+02
# New trial
-5.5167e+01 -5.3876e+01 -8.1052e+01 -5.4420e+02
-5.5244e+01 -5.4312e+01 -6.5060e+01 -3.7557e+02
-5.5340e+01 -5.5041e+01 -5.8955e+01 -2.8152e+02
-5.5385e+01 -5.5424e+01 -5.8000e+01 -2.7665e+02
# New trial
-5.5271e+01 -5.4435e+01 -6.6860e+01 -4.3680e+02
-5.5283e+01 -5.4478e+01 -5.6865e+01 -2.7586e+02
-5.5310e+01 -5.4683e+01 -5.0403e+01 -1.1700e+02
-5.5366e+01 -5.5230e+01 -5.3997e+01 -5.1193e+01
# New trial
-5.5274e+01 -5.4435e+01 -5.9255e+01 -2.7323e+02
-5.5269e+01 -5.4369e+01 -5.5566e+01 -2.2111e+02
-5.5323e+01 -5.4828e+01 -5.2513e+01 -1.5740e+02
-5.5376e+01 -5.5332e+01 -5.5065e+01 -7.0287e+01
# New trial
-5.5202e+01 -5.4161e+01 -8.1262e+01 -5.3636e+02
-5.5241e+01 -5.4335e+01 -6.2807e+01 -2.9992e+02
-5.5301e+01 -5.4719e+01 -5.5891e+01 -2.2286e+02
-5.5361e+01 -5.5216e+01 -5.5106e+01 -1.4692e+02
# New trial
-5.5292e+01 -5.4912e+01 -8.3772e+01 -5.5242e+02
-5.5268e+01 -5.4439e+01 -6.0993e+01 -3.1080e+02
-5.5286e+01 -5.4485e+01 -5.2022e+01 -2.2264e+02
-5.5371e+01 -5.5278e+01 -5.4662e+01 -1.0835e+02
# New trial
-5.5335e+01 -5.5130e+01 -7.3048e+01 -4.5145e+02
-5.5314e+01 -5.4886e+01 -6.2320e+01 -2.9224e+02
-5.5329e+01 -5.4915e+01 -5.4851e+01 -1.8698e+02
-5.5374e+01 -5.5309e+01 -5.4892e+01 -7.0691e+01
# New trial
-5.5198e+01 -5.3736e+01 -5.8671e+01 -3.0736e+02
-5.5257e+01 -5.4251e+01 -5.5668e+01 -2.4983e+02
-5.5323e+01 -5.4833e+01 -5.3669e+01 -2.0945e+02
-5.5374e+01 -5.5308e+01 -5.4987e+01 -9.3778e+01
# New trial
-5.5103e+01 -5.2975e+01 -5.4732e+01 -2.4701e+02
-5.5236e+01 -5.4036e+01 -5.1061e+01 -1.5745e+02
-5.5348e+01 -5.5068e+01 -5.4800e+01 -2.1026e+02
-5.5380e+01 -5.5367e+01 -5.5549e+01 -1.2676e+02
# New trial
-5.5249e+01 -5.4254e+01 -6.6093e+01 -4.0011e+02
-5.5295e+01 -5.4595e+01 -5.5135e+01 -1.8213e+02
-5.5360e+01 -5.5177e+01 -5.4832e+01 -1.6594e+02
-5.5380e+01 -5.5365e+01 -5.5365e+01 -1.0248e+02
# New trial
-5.5264e+01 -5.4799e+01 -8.0516e+01 -4.8454e+02
-5.5256e+01 -5.4282e+01 -5.8468e+01 -2.9222e+02
-5.5310e+01 -5.4692e+01 -5.2131e+01 -1.9059e+02
-5.5373e+01 -5.5303e+01 -5.4860e+01 -9.1235e+01
# New trial
-5.5252e+01 -5.4230e+01 -6.2377e+01 -3.8887e+02
-5.5300e+01 -5.4633e+01 -5.4909e+01 -2.1943e+02
-5.5360e+01 -5.5187e+01 -5.5026e+01 -1.5163e+02
-5.5381e+01 -5.5379e+01 -5.5475e+01 -1.0493e+02
# New trial
-5.5379e+01 -5.6036e+01 -9.9718e+01 -6.9219e+02
-5.5334e+01 -5.5246e+01 -7.6372e+01 -4.6672e+02
-5.5357e+01 -5.5252e+01 -6.3941e+01 -3.4176e+02
-5.5385e+01 -5.5430e+01 -5.8717e+01 -3.2139e+02
# New trial
-5.5223e+01 -5.3990e+01 -6.5307e+01 -3.8324e+02
-5.5258e+01 -5.4265e+01 -6.0983e+01 -3.6089e+02
-5.5310e+01 -5.4705e+01 -5.3907e+01 -2.2700e+02
-5.5373e+01 -5.5295e+01 -5.4851e+01 -1.3492e+02
# New trial
-5.5153e+01 -5.3359e+01 -5.6414e+01 -2.9227e+02
-5.5220e+01 -5.3901e+01 -5.0108e+01 -1.5438e+02
-5.5335e+01 -5.4953e+01 -5.3546e+01 -1.2557e+02
-5.5375e+01 -5.5326e+01 -5.5281e+01 -1.0406e+02
# New trial
