# 0.1sig - Array shape (trial/sig/alpha): (30, 4, 4)
-1.6131e+02 -1.5938e+02 -1.4650e+02 -1.7769e+02
-1.6124e+02 -1.5870e+02 -1.4181e+02 -1.2127e+02
-1.6107e+02 -1.5708e+02 -1.3423e+02 -1.3807e+02
-1.6123e+02 -1.5864e+02 -1.4134e+02 -2.0105e+02
# New trial
-1.6138e+02 -1.6007e+02 -1.4865e+02 -1.2552e+02
-1.6132e+02 -1.5947e+02 -1.4407e+02 -1.2291e+02
-1.6119e+02 -1.5818e+02 -1.3495e+02 -1.2499e+02
-1.6123e+02 -1.5855e+02 -1.4083e+02 -2.6415e+02
# New trial
-1.6137e+02 -1.5999e+02 -1.4869e+02 -1.4216e+02
-1.6128e+02 -1.5908e+02 -1.3977e+02 -1.2003e+02
-1.6106e+02 -1.5690e+02 -1.2799e+02 -1.3768e+02
-1.6093e+02 -1.5561e+02 -1.3261e+02 -2.2203e+02
# New trial
-1.6135e+02 -1.5977e+02 -1.4815e+02 -2.1354e+02
-1.6130e+02 -1.5927e+02 -1.4163e+02 -1.2066e+02
-1.6116e+02 -1.5783e+02 -1.3168e+02 -1.3736e+02
-1.6112e+02 -1.5751e+02 -1.3560e+02 -2.3294e+02
# New trial
-1.6141e+02 -1.6040e+02 -1.5227e+02 -1.6597e+02
-1.6136e+02 -1.5986e+02 -1.4702e+02 -1.2647e+02
-1.6124e+02 -1.5864e+02 -1.4001e+02 -1.4566e+02
-1.6124e+02 -1.5867e+02 -1.4109e+02 -2.1045e+02
# New trial
-1.6141e+02 -1.6033e+02 -1.5030e+02 -1.2579e+02
-1.6136e+02 -1.5985e+02 -1.4619e+02 -1.2526e+02
-1.6125e+02 -1.5874e+02 -1.3819e+02 -1.3032e+02
-1.6130e+02 -1.5926e+02 -1.4141e+02 -1.7100e+02
# New trial
-1.6139e+02 -1.6016e+02 -1.4892e+02 -1.3675e+02
-1.6135e+02 -1.5970e+02 -1.4494e+02 -1.2577e+02
-1.6121e+02 -1.5840e+02 -1.3605e+02 -1.3645e+02
-1.6120e+02 -1.5824e+02 -1.3728e+02 -2.1854e+02
# New trial
-1.6134e+02 -1.5971e+02 -1.4709e+02 -2.1941e+02
-1.6130e+02 -1.5922e+02 -1.4260e+02 -1.2739e+02
-1.6116e+02 -1.5788e+02 -1.3541e+02 -1.6734e+02
-1.6124e+02 -1.5870e+02 -1.4113e+02 -2.3879e+02
# New trial
-1.6128e+02 -1.5910e+02 -1.4214e+02 -1.3130e+02
-1.6120e+02 -1.5828e+02 -1.3813e+02 -1.2769e+02
-1.6104e+02 -1.5675e+02 -1.3452e+02 -1.6178e+02
-1.6120e+02 -1.5829e+02 -1.4318e+02 -2.6881e+02
# New trial
-1.6137e+02 -1.5995e+02 -1.4693e+02 -1.2110e+02
-1.6131e+02 -1.5940e+02 -1.4260e+02 -1.2053e+02
-1.6115e+02 -1.5782e+02 -1.3297e+02 -1.2151e+02
-1.6111e+02 -1.5739e+02 -1.3122e+02 -1.6607e+02
# New trial
-1.6139e+02 -1.6017e+02 -1.4881e+02 -1.2961e+02
-1.6132e+02 -1.5949e+02 -1.4265e+02 -1.2016e+02
-1.6113e+02 -1.5753e+02 -1.2927e+02 -1.2001e+02
-1.6105e+02 -1.5675e+02 -1.2586e+02 -1.1999e+02
# New trial
-1.6134e+02 -1.5964e+02 -1.4553e+02 -1.3946e+02
-1.6128e+02 -1.5903e+02 -1.4162e+02 -1.2241e+02
-1.6112e+02 -1.5753e+02 -1.3389e+02 -1.3934e+02
-1.6123e+02 -1.5859e+02 -1.4116e+02 -2.0087e+02
# New trial
-1.6138e+02 -1.6001e+02 -1.4744e+02 -1.2667e+02
-1.6133e+02 -1.5955e+02 -1.4380e+02 -1.3049e+02
-1.6120e+02 -1.5828e+02 -1.3719e+02 -1.6304e+02
-1.6126e+02 -1.5883e+02 -1.4054e+02 -2.0122e+02
# New trial
-1.6141e+02 -1.6035e+02 -1.5053e+02 -1.2267e+02
-1.6136e+02 -1.5983e+02 -1.4518e+02 -1.2000e+02
-1.6123e+02 -1.5851e+02 -1.3441e+02 -1.2058e+02
-1.6110e+02 -1.5729e+02 -1.2883e+02 -1.3970e+02
# New trial
-1.6132e+02 -1.5953e+02 -1.4877e+02 -2.1056e+02
-1.6122e+02 -1.5848e+02 -1.3858e+02 -1.2058e+02
-1.6099e+02 -1.5627e+02 -1.2959e+02 -1.3011e+02
-1.6110e+02 -1.5727e+02 -1.2919e+02 -1.3126e+02
# New trial
-1.6131e+02 -1.5944e+02 -1.5069e+02 -2.5118e+02
-1.6123e+02 -1.5857e+02 -1.3914e+02 -1.2279e+02
-1.6100e+02 -1.5632e+02 -1.2733e+02 -1.2413e+02
-1.6107e+02 -1.5701e+02 -1.2801e+02 -1.2331e+02
# New trial
-1.6138e+02 -1.6004e+02 -1.4782e+02 -1.3086e+02
-1.6131e+02 -1.5936e+02 -1.4233e+02 -1.2186e+02
-1.6112e+02 -1.5751e+02 -1.3114e+02 -1.2174e+02
-1.6105e+02 -1.5680e+02 -1.2786e+02 -1.3410e+02
# New trial
-1.6142e+02 -1.6049e+02 -1.5177e+02 -1.5515e+02
-1.6136e+02 -1.5989e+02 -1.4607e+02 -1.2145e+02
-1.6120e+02 -1.5823e+02 -1.3175e+02 -1.1999e+02
-1.6107e+02 -1.5700e+02 -1.2610e+02 -1.1999e+02
# New trial
-1.6140e+02 -1.6026e+02 -1.4980e+02 -1.4333e+02
-1.6135e+02 -1.5979e+02 -1.4564e+02 -1.2046e+02
-1.6123e+02 -1.5857e+02 -1.3642e+02 -1.2456e+02
-1.6124e+02 -1.5863e+02 -1.3787e+02 -1.9693e+02
# New trial
-1.6140e+02 -1.6022e+02 -1.5296e+02 -2.2546e+02
-1.6132e+02 -1.5943e+02 -1.4285e+02 -1.2039e+02
-1.6112e+02 -1.5751e+02 -1.3056e+02 -1.4160e+02
-1.6115e+02 -1.5779e+02 -1.3756e+02 -2.4521e+02
# New trial
-1.6135e+02 -1.5977e+02 -1.4730e+02 -1.4248e+02
-1.6129e+02 -1.5919e+02 -1.4179e+02 -1.2058e+02
-1.6116e+02 -1.5783e+02 -1.3152e+02 -1.1999e+02
-1.6121e+02 -1.5840e+02 -1.3389e+02 -1.2003e+02
# New trial
-1.6137e+02 -1.5998e+02 -1.4944e+02 -2.0682e+02
-1.6132e+02 -1.5944e+02 -1.4323e+02 -1.2080e+02
-1.6119e+02 -1.5822e+02 -1.3454e+02 -1.2491e+02
-1.6125e+02 -1.5877e+02 -1.3711e+02 -1.2275e+02
# New trial
-1.6138e+02 -1.6004e+02 -1.4774e+02 -1.2384e+02
-1.6133e+02 -1.5955e+02 -1.4395e+02 -1.2395e+02
-1.6119e+02 -1.5822e+02 -1.3676e+02 -1.4327e+02
-1.6117e+02 -1.5801e+02 -1.3886e+02 -2.2378e+02
# New trial
-1.6139e+02 -1.6013e+02 -1.4873e+02 -1.4474e+02
-1.6134e+02 -1.5969e+02 -1.4483e+02 -1.2101e+02
-1.6124e+02 -1.5865e+02 -1.3694e+02 -1.3136e+02
-1.6128e+02 -1.5901e+02 -1.3974e+02 -1.4572e+02
# New trial
-1.6139e+02 -1.6018e+02 -1.4920e+02 -1.8644e+02
-1.6137e+02 -1.5995e+02 -1.4701e+02 -1.2119e+02
-1.6130e+02 -1.5923e+02 -1.4176e+02 -1.3972e+02
-1.6135e+02 -1.5975e+02 -1.4746e+02 -2.4173e+02
# New trial
-1.6137e+02 -1.5996e+02 -1.5107e+02 -2.0926e+02
-1.6129e+02 -1.5918e+02 -1.4010e+02 -1.2004e+02
-1.6113e+02 -1.5759e+02 -1.3361e+02 -1.4671e+02
-1.6106e+02 -1.5689e+02 -1.3374e+02 -1.9716e+02
# New trial
-1.6141e+02 -1.6039e+02 -1.5079e+02 -1.2354e+02
-1.6138e+02 -1.6009e+02 -1.4817e+02 -1.2180e+02
-1.6131e+02 -1.5932e+02 -1.4167e+02 -1.3097e+02
-1.6137e+02 -1.5995e+02 -1.4702e+02 -1.6608e+02
# New trial
-1.6137e+02 -1.5997e+02 -1.4981e+02 -1.8909e+02
-1.6129e+02 -1.5914e+02 -1.4124e+02 -1.2066e+02
-1.6103e+02 -1.5658e+02 -1.2828e+02 -1.2136e+02
-1.6094e+02 -1.5574e+02 -1.2525e+02 -1.3290e+02
# New trial
-1.6140e+02 -1.6020e+02 -1.4930e+02 -1.3396e+02
-1.6134e+02 -1.5961e+02 -1.4328e+02 -1.2002e+02
-1.6116e+02 -1.5785e+02 -1.3051e+02 -1.2134e+02
-1.6108e+02 -1.5704e+02 -1.2906e+02 -1.5344e+02
# New trial
-1.6140e+02 -1.6023e+02 -1.4924e+02 -1.2285e+02
-1.6137e+02 -1.5993e+02 -1.4680e+02 -1.2225e+02
-1.6131e+02 -1.5933e+02 -1.4173e+02 -1.2569e+02
-1.6136e+02 -1.5981e+02 -1.4552e+02 -1.5873e+02
# New trial
