# 0.01sig - Array shape (trial/sig/alpha): (30L, 4L, 4L)
-1.1063e+02 -1.0943e+02 -1.0063e+02 -9.1833e+01
-1.1060e+02 -1.0916e+02 -9.9241e+01 -1.0256e+02
-1.1058e+02 -1.0896e+02 -9.8980e+01 -1.4138e+02
-1.1069e+02 -1.1007e+02 -1.0705e+02 -2.3804e+02
# New trial
-1.1060e+02 -1.0919e+02 -9.9281e+01 -1.0504e+02
-1.1057e+02 -1.0886e+02 -9.8799e+01 -1.1621e+02
-1.1053e+02 -1.0853e+02 -9.8012e+01 -1.5061e+02
-1.1068e+02 -1.0995e+02 -1.0373e+02 -1.2257e+02
# New trial
-1.1060e+02 -1.0921e+02 -9.9572e+01 -9.6005e+01
-1.1056e+02 -1.0876e+02 -9.8380e+01 -1.0428e+02
-1.1050e+02 -1.0822e+02 -9.8656e+01 -1.5969e+02
-1.1066e+02 -1.0970e+02 -1.0174e+02 -1.3384e+02
# New trial
-1.1051e+02 -1.0832e+02 -9.5347e+01 -8.7892e+01
-1.1047e+02 -1.0798e+02 -9.6044e+01 -1.0980e+02
-1.1050e+02 -1.0823e+02 -9.9440e+01 -1.5920e+02
-1.1071e+02 -1.1028e+02 -1.0756e+02 -1.7994e+02
# New trial
-1.1063e+02 -1.0944e+02 -9.9660e+01 -8.8165e+01
-1.1058e+02 -1.0894e+02 -9.6174e+01 -9.0175e+01
-1.1049e+02 -1.0808e+02 -9.5032e+01 -1.2432e+02
-1.1058e+02 -1.0899e+02 -1.0443e+02 -2.4139e+02
# New trial
-1.1062e+02 -1.0934e+02 -9.8754e+01 -8.8579e+01
-1.1055e+02 -1.0864e+02 -9.5591e+01 -8.8083e+01
-1.1043e+02 -1.0749e+02 -9.3386e+01 -1.0824e+02
-1.1063e+02 -1.0940e+02 -1.0203e+02 -1.9271e+02
# New trial
-1.1062e+02 -1.0939e+02 -1.0025e+02 -8.8896e+01
-1.1058e+02 -1.0895e+02 -9.8766e+01 -9.0700e+01
-1.1055e+02 -1.0866e+02 -9.6402e+01 -9.7290e+01
-1.1070e+02 -1.1016e+02 -1.0600e+02 -1.3715e+02
# New trial
-1.1061e+02 -1.0925e+02 -9.8437e+01 -8.8214e+01
-1.1058e+02 -1.0896e+02 -9.6840e+01 -8.8973e+01
-1.1054e+02 -1.0853e+02 -9.6995e+01 -1.3515e+02
-1.1066e+02 -1.0974e+02 -1.0316e+02 -1.6660e+02
# New trial
-1.1060e+02 -1.0912e+02 -9.8175e+01 -8.8587e+01
-1.1054e+02 -1.0860e+02 -9.5961e+01 -9.3250e+01
-1.1042e+02 -1.0742e+02 -9.4849e+01 -1.2397e+02
-1.1061e+02 -1.0925e+02 -1.0067e+02 -1.6062e+02
# New trial
-1.1060e+02 -1.0918e+02 -1.0005e+02 -9.2574e+01
-1.1056e+02 -1.0880e+02 -9.9076e+01 -1.0902e+02
-1.1053e+02 -1.0853e+02 -1.0158e+02 -1.7514e+02
-1.1071e+02 -1.1021e+02 -1.0743e+02 -1.9845e+02
# New trial
-1.1054e+02 -1.0861e+02 -9.7600e+01 -8.8139e+01
-1.1051e+02 -1.0837e+02 -9.7809e+01 -1.0308e+02
-1.1053e+02 -1.0863e+02 -1.0317e+02 -1.8912e+02
-1.1073e+02 -1.1047e+02 -1.0961e+02 -1.9107e+02
# New trial
-1.1065e+02 -1.0967e+02 -1.0077e+02 -8.7759e+01
-1.1064e+02 -1.0955e+02 -9.9855e+01 -8.8066e+01
-1.1062e+02 -1.0934e+02 -9.8286e+01 -9.7478e+01
-1.1069e+02 -1.1007e+02 -1.0422e+02 -1.0888e+02
# New trial
-1.1062e+02 -1.0938e+02 -9.9428e+01 -9.1780e+01
-1.1057e+02 -1.0886e+02 -9.7433e+01 -9.8744e+01
-1.1044e+02 -1.0765e+02 -9.6093e+01 -1.2544e+02
-1.1056e+02 -1.0876e+02 -9.7709e+01 -1.5085e+02
# New trial
-1.1066e+02 -1.0976e+02 -1.0167e+02 -8.8567e+01
-1.1063e+02 -1.0948e+02 -9.9355e+01 -9.0290e+01
-1.1060e+02 -1.0912e+02 -9.7610e+01 -1.1050e+02
-1.1066e+02 -1.0979e+02 -1.0296e+02 -1.6435e+02
# New trial
-1.1064e+02 -1.0955e+02 -9.9916e+01 -8.7927e+01
-1.1062e+02 -1.0931e+02 -9.8423e+01 -8.8513e+01
-1.1057e+02 -1.0886e+02 -9.6555e+01 -1.1425e+02
-1.1066e+02 -1.0972e+02 -1.0214e+02 -1.5797e+02
# New trial
-1.1055e+02 -1.0865e+02 -9.6794e+01 -8.8998e+01
-1.1050e+02 -1.0822e+02 -9.5771e+01 -9.4983e+01
-1.1048e+02 -1.0808e+02 -9.5381e+01 -1.1217e+02
-1.1070e+02 -1.1012e+02 -1.0526e+02 -1.1397e+02
# New trial
-1.1060e+02 -1.0917e+02 -9.8680e+01 -8.7963e+01
-1.1058e+02 -1.0896e+02 -9.8764e+01 -9.2889e+01
-1.1054e+02 -1.0865e+02 -9.6915e+01 -1.1686e+02
-1.1067e+02 -1.0986e+02 -1.0340e+02 -1.4527e+02
# New trial
-1.1056e+02 -1.0881e+02 -9.7634e+01 -8.8095e+01
-1.1050e+02 -1.0827e+02 -9.5829e+01 -8.8562e+01
-1.1043e+02 -1.0759e+02 -9.3851e+01 -1.0024e+02
-1.1067e+02 -1.0986e+02 -1.0430e+02 -1.6138e+02
# New trial
-1.1069e+02 -1.0999e+02 -1.0333e+02 -8.8157e+01
-1.1066e+02 -1.0975e+02 -1.0143e+02 -8.9463e+01
-1.1060e+02 -1.0919e+02 -9.7428e+01 -9.7425e+01
-1.1064e+02 -1.0950e+02 -9.9589e+01 -1.2132e+02
# New trial
-1.1061e+02 -1.0931e+02 -9.9979e+01 -8.9020e+01
-1.1057e+02 -1.0892e+02 -9.8186e+01 -9.0540e+01
-1.1052e+02 -1.0837e+02 -9.6776e+01 -1.2432e+02
-1.1066e+02 -1.0977e+02 -1.0474e+02 -1.9501e+02
# New trial
-1.1048e+02 -1.0810e+02 -9.5863e+01 -8.7773e+01
-1.1041e+02 -1.0749e+02 -9.3968e+01 -8.7839e+01
-1.1045e+02 -1.0779e+02 -9.5672e+01 -1.2009e+02
-1.1072e+02 -1.1032e+02 -1.0785e+02 -1.7952e+02
# New trial
-1.1063e+02 -1.0941e+02 -1.0003e+02 -9.2143e+01
-1.1058e+02 -1.0897e+02 -9.8575e+01 -9.8231e+01
-1.1055e+02 -1.0874e+02 -9.9537e+01 -1.4931e+02
-1.1072e+02 -1.1036e+02 -1.0782e+02 -1.8129e+02
# New trial
-1.1068e+02 -1.0989e+02 -1.0246e+02 -8.8448e+01
-1.1064e+02 -1.0956e+02 -9.9859e+01 -8.9007e+01
-1.1057e+02 -1.0886e+02 -9.4854e+01 -9.1532e+01
-1.1060e+02 -1.0915e+02 -9.6673e+01 -8.8590e+01
# New trial
-1.1048e+02 -1.0805e+02 -9.4739e+01 -8.7972e+01
-1.1047e+02 -1.0805e+02 -9.7336e+01 -1.1230e+02
-1.1057e+02 -1.0899e+02 -1.0329e+02 -1.9417e+02
-1.1074e+02 -1.1057e+02 -1.0986e+02 -1.8330e+02
# New trial
-1.1065e+02 -1.0963e+02 -1.0149e+02 -9.5067e+01
-1.1060e+02 -1.0913e+02 -9.9336e+01 -9.9956e+01
-1.1053e+02 -1.0850e+02 -1.0018e+02 -1.6522e+02
-1.1068e+02 -1.0992e+02 -1.0617e+02 -2.2426e+02
# New trial
-1.1066e+02 -1.0976e+02 -1.0191e+02 -9.8981e+01
-1.1063e+02 -1.0947e+02 -1.0012e+02 -1.0080e+02
-1.1059e+02 -1.0910e+02 -9.9334e+01 -1.3413e+02
-1.1070e+02 -1.1014e+02 -1.0603e+02 -1.8177e+02
# New trial
-1.1066e+02 -1.0970e+02 -1.0126e+02 -8.8129e+01
-1.1061e+02 -1.0922e+02 -9.8600e+01 -8.8278e+01
-1.1051e+02 -1.0829e+02 -9.4184e+01 -1.0028e+02
-1.1058e+02 -1.0894e+02 -9.8919e+01 -1.6753e+02
# New trial
-1.1065e+02 -1.0965e+02 -1.0110e+02 -9.4223e+01
-1.1060e+02 -1.0921e+02 -9.8703e+01 -9.2956e+01
-1.1053e+02 -1.0853e+02 -9.7679e+01 -1.4375e+02
-1.1064e+02 -1.0952e+02 -1.0494e+02 -2.2220e+02
# New trial
-1.1067e+02 -1.0984e+02 -1.0235e+02 -8.8006e+01
-1.1065e+02 -1.0962e+02 -1.0055e+02 -8.7861e+01
-1.1059e+02 -1.0908e+02 -9.6454e+01 -9.2239e+01
-1.1066e+02 -1.0970e+02 -1.0079e+02 -1.0097e+02
# New trial
-1.1062e+02 -1.0940e+02 -9.9676e+01 -9.6250e+01
-1.1059e+02 -1.0905e+02 -9.8095e+01 -1.0722e+02
-1.1054e+02 -1.0862e+02 -9.8505e+01 -1.5256e+02
-1.1068e+02 -1.0989e+02 -1.0453e+02 -1.9423e+02
# New trial
