# 0.1sig - Array shape (trial/sig/alpha): (30L, 4L, 4L)
-1.0092e+02 -9.6527e+01 -1.1895e+02 -8.5230e+02
-1.0091e+02 -9.5926e+01 -8.3714e+01 -3.3133e+02
-1.0094e+02 -9.6057e+01 -8.4832e+01 -4.4104e+02
-1.0137e+02 -9.9982e+01 -9.4507e+01 -4.2969e+02
# New trial
-1.0113e+02 -9.7802e+01 -8.6145e+01 -2.7449e+02
-1.0112e+02 -9.7675e+01 -8.0188e+01 -1.8077e+02
-1.0106e+02 -9.7022e+01 -7.5269e+01 -2.6073e+02
-1.0124e+02 -9.8640e+01 -8.2083e+01 -2.6090e+02
# New trial
-1.0110e+02 -9.7563e+01 -1.0223e+02 -5.6205e+02
-1.0099e+02 -9.6268e+01 -7.4351e+01 -3.0799e+02
-1.0078e+02 -9.4115e+01 -5.5379e+01 -1.8505e+02
-1.0102e+02 -9.6402e+01 -6.6887e+01 -1.0549e+02
# New trial
-1.0112e+02 -9.7721e+01 -1.1266e+02 -7.7464e+02
-1.0103e+02 -9.6735e+01 -8.1705e+01 -3.9267e+02
-1.0088e+02 -9.5150e+01 -6.4635e+01 -3.2611e+02
-1.0105e+02 -9.6751e+01 -7.6146e+01 -2.3359e+02
# New trial
-1.0124e+02 -9.9055e+01 -1.1254e+02 -7.2633e+02
-1.0119e+02 -9.8276e+01 -8.3989e+01 -1.9991e+02
-1.0112e+02 -9.7550e+01 -7.1849e+01 -1.7605e+02
-1.0133e+02 -9.9535e+01 -8.3475e+01 -1.3959e+02
# New trial
-1.0126e+02 -9.9036e+01 -9.5236e+01 -3.4147e+02
-1.0122e+02 -9.8523e+01 -8.3649e+01 -1.8268e+02
-1.0117e+02 -9.7972e+01 -7.3177e+01 -1.4965e+02
-1.0136e+02 -9.9853e+01 -8.5956e+01 -9.7961e+01
# New trial
-1.0108e+02 -9.7376e+01 -8.5441e+01 -2.8882e+02
-1.0106e+02 -9.7022e+01 -7.6935e+01 -2.1670e+02
-1.0099e+02 -9.6266e+01 -6.5411e+01 -1.7544e+02
-1.0123e+02 -9.8548e+01 -7.7679e+01 -1.7264e+02
# New trial
-1.0100e+02 -9.6670e+01 -1.1429e+02 -7.8967e+02
-1.0103e+02 -9.6704e+01 -8.0351e+01 -3.0236e+02
-1.0107e+02 -9.7050e+01 -7.4968e+01 -3.3701e+02
-1.0137e+02 -9.9964e+01 -9.2817e+01 -3.7106e+02
# New trial
-1.0090e+02 -9.6148e+01 -9.3889e+01 -4.4556e+02
-1.0085e+02 -9.5462e+01 -7.8623e+01 -3.0522e+02
-1.0090e+02 -9.5556e+01 -7.5120e+01 -3.6003e+02
-1.0137e+02 -9.9976e+01 -8.9414e+01 -2.6506e+02
# New trial
-1.0103e+02 -9.6890e+01 -8.7849e+01 -3.7765e+02
-1.0099e+02 -9.6410e+01 -7.5427e+01 -2.7696e+02
-1.0094e+02 -9.5772e+01 -6.5039e+01 -2.0891e+02
-1.0121e+02 -9.8363e+01 -7.7974e+01 -2.2594e+02
# New trial
-1.0125e+02 -9.9033e+01 -9.6895e+01 -3.4690e+02
-1.0115e+02 -9.7965e+01 -8.6379e+01 -3.1031e+02
-1.0091e+02 -9.5450e+01 -6.5798e+01 -1.8384e+02
-1.0113e+02 -9.7590e+01 -7.4208e+01 -1.6441e+02
# New trial
-1.0108e+02 -9.7575e+01 -1.1181e+02 -7.1777e+02
-1.0101e+02 -9.6817e+01 -9.1237e+01 -3.9972e+02
-1.0106e+02 -9.7086e+01 -8.8256e+01 -5.1922e+02
-1.0141e+02 -1.0034e+02 -9.4881e+01 -4.0209e+02
# New trial
-1.0110e+02 -9.7892e+01 -1.2478e+02 -8.5814e+02
-1.0109e+02 -9.7457e+01 -8.9300e+01 -3.7287e+02
-1.0109e+02 -9.7273e+01 -7.7524e+01 -3.0815e+02
-1.0140e+02 -1.0020e+02 -9.0214e+01 -1.8671e+02
# New trial
-1.0132e+02 -9.9768e+01 -1.1150e+02 -5.2108e+02
-1.0119e+02 -9.8251e+01 -7.8977e+01 -2.3131e+02
-1.0104e+02 -9.6659e+01 -6.4868e+01 -2.6580e+02
-1.0113e+02 -9.7530e+01 -7.0907e+01 -9.9202e+01
# New trial
-1.0103e+02 -9.7695e+01 -1.2058e+02 -6.5627e+02
-1.0080e+02 -9.4956e+01 -8.3782e+01 -4.7376e+02
-1.0076e+02 -9.4035e+01 -6.6506e+01 -3.3661e+02
-1.0131e+02 -9.9349e+01 -8.9212e+01 -4.1786e+02
# New trial
-1.0090e+02 -9.6134e+01 -1.2526e+02 -8.9094e+02
-1.0082e+02 -9.5106e+01 -9.5555e+01 -5.3703e+02
-1.0075e+02 -9.4256e+01 -1.0416e+02 -7.2355e+02
-1.0124e+02 -9.8726e+01 -1.0112e+02 -5.4403e+02
# New trial
-1.0099e+02 -9.6827e+01 -1.0606e+02 -5.6888e+02
-1.0097e+02 -9.6281e+01 -8.0821e+01 -3.5018e+02
-1.0097e+02 -9.6107e+01 -7.0266e+01 -2.8319e+02
-1.0125e+02 -9.8780e+01 -8.1863e+01 -2.5058e+02
# New trial
-1.0119e+02 -9.8294e+01 -9.2310e+01 -4.7007e+02
-1.0112e+02 -9.7514e+01 -7.5386e+01 -2.5422e+02
-1.0101e+02 -9.6303e+01 -6.0301e+01 -1.0494e+02
-1.0118e+02 -9.8043e+01 -7.1929e+01 -4.9726e+01
# New trial
-1.0121e+02 -9.8424e+01 -8.7690e+01 -2.8927e+02
-1.0114e+02 -9.7740e+01 -7.9488e+01 -2.2165e+02
-1.0108e+02 -9.7093e+01 -6.8796e+01 -1.3758e+02
-1.0130e+02 -9.9173e+01 -8.1914e+01 -1.3572e+02
# New trial
-1.0108e+02 -9.7610e+01 -1.1749e+02 -8.1456e+02
-1.0100e+02 -9.6637e+01 -8.1539e+01 -3.0625e+02
-1.0088e+02 -9.5235e+01 -6.7408e+01 -3.0752e+02
-1.0121e+02 -9.8344e+01 -7.8004e+01 -2.3470e+02
# New trial
-1.0102e+02 -9.6887e+01 -1.0401e+02 -6.5347e+02
-1.0099e+02 -9.6405e+01 -7.9053e+01 -3.1539e+02
-1.0104e+02 -9.6803e+01 -7.5107e+01 -3.2031e+02
-1.0139e+02 -1.0009e+02 -8.9852e+01 -2.8784e+02
# New trial
-1.0120e+02 -9.8557e+01 -1.0382e+02 -5.3365e+02
-1.0112e+02 -9.7664e+01 -8.6397e+01 -3.0550e+02
-1.0109e+02 -9.7278e+01 -7.6171e+01 -3.3238e+02
-1.0138e+02 -9.9993e+01 -9.0353e+01 -3.6475e+02
# New trial
-1.0109e+02 -9.7318e+01 -8.2807e+01 -3.0368e+02
-1.0106e+02 -9.6943e+01 -7.2541e+01 -2.4224e+02
-1.0101e+02 -9.6349e+01 -6.7281e+01 -2.6422e+02
-1.0125e+02 -9.8765e+01 -8.1020e+01 -3.2210e+02
# New trial
-1.0100e+02 -9.6693e+01 -8.3000e+01 -2.5935e+02
-1.0106e+02 -9.7024e+01 -7.3516e+01 -1.7033e+02
-1.0110e+02 -9.7305e+01 -7.0347e+01 -2.1936e+02
-1.0132e+02 -9.9430e+01 -8.3106e+01 -1.0417e+02
# New trial
-1.0121e+02 -9.8498e+01 -9.4710e+01 -4.5565e+02
-1.0122e+02 -9.8484e+01 -8.1742e+01 -1.8440e+02
-1.0119e+02 -9.8158e+01 -7.2788e+01 -1.3884e+02
-1.0129e+02 -9.9146e+01 -8.0342e+01 -9.1198e+01
# New trial
-1.0111e+02 -9.8074e+01 -1.1458e+02 -6.0734e+02
-1.0099e+02 -9.6377e+01 -7.5728e+01 -2.9444e+02
-1.0095e+02 -9.5807e+01 -7.3961e+01 -3.1274e+02
-1.0127e+02 -9.8936e+01 -8.5470e+01 -2.8460e+02
# New trial
-1.0111e+02 -9.7486e+01 -8.8790e+01 -4.5237e+02
-1.0119e+02 -9.8200e+01 -8.1566e+01 -2.3304e+02
-1.0130e+02 -9.9207e+01 -8.4329e+01 -2.2842e+02
-1.0148e+02 -1.0097e+02 -9.6988e+01 -2.5341e+02
# New trial
-1.0119e+02 -9.8937e+01 -1.2896e+02 -7.8415e+02
-1.0106e+02 -9.7288e+01 -9.3943e+01 -4.6024e+02
-1.0097e+02 -9.6108e+01 -7.7422e+01 -3.6977e+02
-1.0131e+02 -9.9293e+01 -9.1658e+01 -3.1883e+02
# New trial
-1.0104e+02 -9.6835e+01 -8.2953e+01 -3.8812e+02
-1.0100e+02 -9.6350e+01 -7.1951e+01 -3.3028e+02
-1.0091e+02 -9.5344e+01 -5.8796e+01 -2.1664e+02
-1.0118e+02 -9.8063e+01 -7.4242e+01 -1.6880e+02
# New trial
-1.0107e+02 -9.7243e+01 -8.6304e+01 -3.2705e+02
-1.0114e+02 -9.7754e+01 -7.8154e+01 -2.0534e+02
-1.0127e+02 -9.8949e+01 -8.2238e+01 -1.8128e+02
-1.0145e+02 -1.0073e+02 -9.4526e+01 -1.4882e+02
# New trial
