# 0.1sig - Array shape (trial/sig/alpha): (30L, 4L, 4L)
-7.3510e+01 -7.1530e+01 -1.0462e+02 -7.7039e+02
-7.3527e+01 -7.1190e+01 -7.4891e+01 -3.4595e+02
-7.3624e+01 -7.1867e+01 -6.8857e+01 -3.1242e+02
-7.3821e+01 -7.3644e+01 -7.2773e+01 -1.8775e+02
# New trial
-7.3547e+01 -7.1150e+01 -6.8155e+01 -2.4625e+02
-7.3573e+01 -7.1374e+01 -6.4777e+01 -1.7605e+02
-7.3660e+01 -7.2124e+01 -6.3263e+01 -1.4592e+02
-7.3803e+01 -7.3469e+01 -7.0850e+01 -1.1718e+02
# New trial
-7.3573e+01 -7.1603e+01 -8.9529e+01 -5.3442e+02
-7.3543e+01 -7.1041e+01 -6.5442e+01 -3.0078e+02
-7.3459e+01 -7.0068e+01 -5.0042e+01 -1.1170e+02
-7.3637e+01 -7.1809e+01 -5.9392e+01 -7.3613e+01
# New trial
-7.3623e+01 -7.1947e+01 -9.4333e+01 -7.5655e+02
-7.3587e+01 -7.1447e+01 -6.8607e+01 -4.2308e+02
-7.3551e+01 -7.0997e+01 -5.6033e+01 -2.0871e+02
-7.3693e+01 -7.2367e+01 -6.2673e+01 -9.0305e+01
# New trial
-7.3658e+01 -7.2471e+01 -9.4623e+01 -6.0255e+02
-7.3627e+01 -7.1919e+01 -6.8825e+01 -2.1625e+02
-7.3654e+01 -7.2058e+01 -6.6093e+01 -2.7082e+02
-7.3792e+01 -7.3363e+01 -7.1837e+01 -2.7167e+02
# New trial
-7.3617e+01 -7.1793e+01 -7.1559e+01 -3.2523e+02
-7.3616e+01 -7.1721e+01 -6.4002e+01 -1.8048e+02
-7.3644e+01 -7.1908e+01 -6.0239e+01 -1.7372e+02
-7.3777e+01 -7.3199e+01 -6.8338e+01 -1.6462e+02
# New trial
-7.3516e+01 -7.0950e+01 -7.0453e+01 -3.1786e+02
-7.3546e+01 -7.1146e+01 -6.3731e+01 -2.1515e+02
-7.3569e+01 -7.1223e+01 -5.8031e+01 -1.7937e+02
-7.3737e+01 -7.2813e+01 -6.5727e+01 -1.2350e+02
# New trial
-7.3556e+01 -7.1486e+01 -1.0603e+02 -7.7087e+02
-7.3572e+01 -7.1350e+01 -6.9963e+01 -3.0525e+02
-7.3590e+01 -7.1369e+01 -5.6492e+01 -2.0077e+02
-7.3763e+01 -7.3062e+01 -6.6714e+01 -9.5098e+01
# New trial
-7.3515e+01 -7.1360e+01 -8.7329e+01 -4.9301e+02
-7.3522e+01 -7.1172e+01 -7.3495e+01 -3.4891e+02
-7.3565e+01 -7.1285e+01 -6.6844e+01 -2.7774e+02
-7.3787e+01 -7.3327e+01 -7.1727e+01 -3.2031e+02
# New trial
-7.3476e+01 -7.0638e+01 -7.7337e+01 -4.2763e+02
-7.3488e+01 -7.0608e+01 -6.6690e+01 -2.9868e+02
-7.3586e+01 -7.1391e+01 -6.1676e+01 -2.1827e+02
-7.3785e+01 -7.3283e+01 -7.0115e+01 -2.3857e+02
# New trial
-7.3696e+01 -7.2673e+01 -8.0261e+01 -3.4533e+02
-7.3645e+01 -7.2103e+01 -7.2645e+01 -3.1186e+02
-7.3532e+01 -7.0837e+01 -5.6121e+01 -1.6580e+02
-7.3707e+01 -7.2508e+01 -6.2251e+01 -1.0208e+02
# New trial
-7.3581e+01 -7.1882e+01 -1.0453e+02 -7.5107e+02
-7.3519e+01 -7.1058e+01 -7.8869e+01 -4.1833e+02
-7.3616e+01 -7.1721e+01 -6.6083e+01 -3.1081e+02
-7.3817e+01 -7.3612e+01 -7.3341e+01 -2.9824e+02
# New trial
-7.3606e+01 -7.2295e+01 -1.2356e+02 -9.3513e+02
-7.3604e+01 -7.1779e+01 -7.5768e+01 -3.6090e+02
-7.3627e+01 -7.1777e+01 -6.1806e+01 -2.3363e+02
-7.3791e+01 -7.3342e+01 -6.9586e+01 -1.2101e+02
# New trial
-7.3713e+01 -7.2932e+01 -9.2161e+01 -5.0688e+02
-7.3641e+01 -7.1936e+01 -6.4600e+01 -2.3411e+02
-7.3597e+01 -7.1429e+01 -5.7622e+01 -2.7459e+02
-7.3707e+01 -7.2502e+01 -6.2771e+01 -8.6483e+01
# New trial
-7.3463e+01 -7.1168e+01 -9.7533e+01 -5.9369e+02
-7.3366e+01 -6.9851e+01 -7.5809e+01 -4.5135e+02
-7.3450e+01 -7.0170e+01 -5.8879e+01 -2.3937e+02
-7.3777e+01 -7.3248e+01 -7.0942e+01 -2.8226e+02
# New trial
-7.3528e+01 -7.1612e+01 -1.0958e+02 -7.9698e+02
-7.3466e+01 -7.0592e+01 -7.8673e+01 -4.7590e+02
-7.3466e+01 -7.0332e+01 -7.2524e+01 -5.0500e+02
-7.3770e+01 -7.3155e+01 -7.2153e+01 -4.1315e+02
# New trial
-7.3487e+01 -7.1164e+01 -9.5912e+01 -6.0729e+02
-7.3547e+01 -7.1290e+01 -7.5016e+01 -3.6680e+02
-7.3649e+01 -7.2037e+01 -6.6351e+01 -2.9726e+02
-7.3801e+01 -7.3463e+01 -7.1467e+01 -1.3335e+02
# New trial
-7.3585e+01 -7.1516e+01 -7.8695e+01 -4.9048e+02
-7.3574e+01 -7.1285e+01 -6.2486e+01 -2.7370e+02
-7.3592e+01 -7.1372e+01 -5.4866e+01 -9.3769e+01
-7.3751e+01 -7.2943e+01 -6.5641e+01 -6.8173e+01
# New trial
-7.3622e+01 -7.1797e+01 -6.8926e+01 -3.0235e+02
-7.3586e+01 -7.1411e+01 -6.1728e+01 -2.2552e+02
-7.3620e+01 -7.1685e+01 -5.8843e+01 -1.6052e+02
-7.3773e+01 -7.3159e+01 -6.7556e+01 -6.9639e+01
# New trial
-7.3472e+01 -7.0925e+01 -9.8697e+01 -6.9866e+02
-7.3483e+01 -7.0704e+01 -6.8721e+01 -3.0668e+02
-7.3539e+01 -7.1040e+01 -7.0364e+01 -3.8954e+02
-7.3751e+01 -7.2962e+01 -6.9061e+01 -2.5451e+02
# New trial
-7.3505e+01 -7.0953e+01 -9.0341e+01 -6.2158e+02
-7.3528e+01 -7.0950e+01 -6.4479e+01 -2.7110e+02
-7.3606e+01 -7.1592e+01 -6.1659e+01 -2.6089e+02
-7.3797e+01 -7.3412e+01 -7.0901e+01 -2.0612e+02
# New trial
-7.3665e+01 -7.2369e+01 -8.6616e+01 -4.8399e+02
-7.3626e+01 -7.1916e+01 -7.2642e+01 -3.1323e+02
-7.3658e+01 -7.2091e+01 -6.6075e+01 -2.9477e+02
-7.3812e+01 -7.3546e+01 -7.1880e+01 -1.7831e+02
# New trial
-7.3510e+01 -7.0718e+01 -6.3607e+01 -2.8029e+02
-7.3541e+01 -7.0964e+01 -6.0137e+01 -2.4615e+02
-7.3613e+01 -7.1601e+01 -5.8792e+01 -1.9595e+02
-7.3786e+01 -7.3287e+01 -6.8858e+01 -1.0203e+02
# New trial
-7.3427e+01 -7.0229e+01 -6.8276e+01 -3.2318e+02
-7.3528e+01 -7.0863e+01 -5.8024e+01 -1.6484e+02
-7.3638e+01 -7.1863e+01 -6.2820e+01 -2.3039e+02
-7.3779e+01 -7.3230e+01 -6.9179e+01 -1.5356e+02
# New trial
-7.3641e+01 -7.2063e+01 -8.2685e+01 -4.8730e+02
-7.3665e+01 -7.2170e+01 -6.6747e+01 -2.1179e+02
-7.3693e+01 -7.2376e+01 -6.1593e+01 -1.0012e+02
-7.3782e+01 -7.3241e+01 -6.8157e+01 -5.4490e+01
# New trial
-7.3664e+01 -7.2837e+01 -1.0710e+02 -6.8793e+02
-7.3583e+01 -7.1482e+01 -7.2701e+01 -3.4614e+02
-7.3582e+01 -7.1333e+01 -6.5266e+01 -2.8630e+02
-7.3766e+01 -7.3098e+01 -6.8168e+01 -1.2586e+02
# New trial
-7.3546e+01 -7.1070e+01 -7.0776e+01 -3.9756e+02
-7.3632e+01 -7.1832e+01 -6.4115e+01 -2.2828e+02
-7.3756e+01 -7.3005e+01 -6.7830e+01 -1.4284e+02
-7.3833e+01 -7.3757e+01 -7.3231e+01 -1.1306e+02
# New trial
-7.3635e+01 -7.2545e+01 -1.0961e+02 -7.4158e+02
-7.3565e+01 -7.1456e+01 -8.1095e+01 -4.6436e+02
-7.3592e+01 -7.1500e+01 -7.0194e+01 -3.9463e+02
-7.3796e+01 -7.3401e+01 -7.2869e+01 -3.3360e+02
# New trial
-7.3507e+01 -7.0698e+01 -7.1335e+01 -3.9746e+02
-7.3503e+01 -7.0585e+01 -6.0485e+01 -2.9285e+02
-7.3534e+01 -7.0817e+01 -5.2967e+01 -1.6902e+02
-7.3755e+01 -7.2981e+01 -6.5768e+01 -5.5340e+01
# New trial
-7.3486e+01 -7.0627e+01 -6.9714e+01 -3.6738e+02
-7.3559e+01 -7.1190e+01 -6.1121e+01 -2.0708e+02
-7.3722e+01 -7.2702e+01 -6.6080e+01 -1.6292e+02
-7.3820e+01 -7.3642e+01 -7.2592e+01 -9.3564e+01
# New trial
