# 1.0sig - Array shape (trial/sig/alpha): (30L, 4L, 4L)
-9.2211e+01 -9.1454e+01 -9.3004e+01 -2.3317e+02
-9.2164e+01 -9.0960e+01 -8.3976e+01 -1.1130e+02
-9.2047e+01 -8.9773e+01 -7.2529e+01 -7.0161e+01
-9.1972e+01 -8.9020e+01 -6.9131e+01 -7.2560e+01
# New trial
-9.2231e+01 -9.1639e+01 -9.0430e+01 -1.6052e+02
-9.2194e+01 -9.1264e+01 -8.5285e+01 -9.6668e+01
-9.2094e+01 -9.0260e+01 -7.5607e+01 -6.4958e+01
-9.2046e+01 -8.9748e+01 -7.2063e+01 -7.3870e+01
# New trial
-9.2228e+01 -9.1596e+01 -8.8938e+01 -1.5931e+02
-9.2197e+01 -9.1277e+01 -8.4996e+01 -8.7439e+01
-9.2106e+01 -9.0372e+01 -7.6676e+01 -6.5615e+01
-9.2041e+01 -8.9703e+01 -7.1498e+01 -6.4722e+01
# New trial
-9.2231e+01 -9.1638e+01 -9.3136e+01 -2.5844e+02
-9.2198e+01 -9.1303e+01 -8.7350e+01 -1.5093e+02
-9.2123e+01 -9.0528e+01 -7.7579e+01 -6.5555e+01
-9.2094e+01 -9.0227e+01 -7.4900e+01 -9.4350e+01
# New trial
-9.2180e+01 -9.1196e+01 -9.6873e+01 -2.8646e+02
-9.2135e+01 -9.0709e+01 -8.5334e+01 -1.6483e+02
-9.2060e+01 -8.9903e+01 -7.2137e+01 -6.4612e+01
-9.2071e+01 -8.9991e+01 -7.2505e+01 -6.4612e+01
# New trial
-9.2228e+01 -9.1593e+01 -9.0246e+01 -2.1677e+02
-9.2196e+01 -9.1260e+01 -8.4049e+01 -7.5146e+01
-9.2110e+01 -9.0390e+01 -7.4984e+01 -6.4612e+01
-9.2049e+01 -8.9783e+01 -7.1367e+01 -6.4612e+01
# New trial
-9.2260e+01 -9.1905e+01 -9.1870e+01 -2.0953e+02
-9.2233e+01 -9.1610e+01 -8.6041e+01 -8.2551e+01
-9.2195e+01 -9.1234e+01 -8.2084e+01 -6.5468e+01
-9.2209e+01 -9.1372e+01 -8.3717e+01 -1.2577e+02
# New trial
-9.2208e+01 -9.1469e+01 -9.7751e+01 -2.9814e+02
-9.2159e+01 -9.0934e+01 -8.6444e+01 -1.9501e+02
-9.2066e+01 -8.9971e+01 -7.3927e+01 -6.5106e+01
-9.2050e+01 -8.9801e+01 -7.3736e+01 -1.1030e+02
# New trial
-9.2182e+01 -9.1278e+01 -9.5775e+01 -2.5987e+02
-9.2078e+01 -9.0183e+01 -8.2167e+01 -1.3175e+02
-9.1848e+01 -8.7849e+01 -6.7127e+01 -6.4612e+01
-9.1829e+01 -8.7626e+01 -7.2508e+01 -1.2914e+02
# New trial
-9.2215e+01 -9.1489e+01 -9.0529e+01 -2.1047e+02
-9.2161e+01 -9.0943e+01 -8.4040e+01 -1.3949e+02
-9.2035e+01 -8.9647e+01 -7.0402e+01 -6.4612e+01
-9.1979e+01 -8.9085e+01 -6.9420e+01 -6.4612e+01
# New trial
-9.2213e+01 -9.1519e+01 -9.4807e+01 -2.5504e+02
-9.2159e+01 -9.0964e+01 -8.9405e+01 -2.0284e+02
-9.2008e+01 -8.9390e+01 -7.0001e+01 -6.4612e+01
-9.1942e+01 -8.8716e+01 -6.8946e+01 -6.4612e+01
# New trial
-9.2222e+01 -9.1622e+01 -9.9839e+01 -3.1761e+02
-9.2161e+01 -9.0928e+01 -8.3688e+01 -1.3098e+02
-9.2037e+01 -8.9667e+01 -7.0837e+01 -6.4805e+01
-9.1947e+01 -8.8769e+01 -6.7769e+01 -6.4612e+01
# New trial
-9.2244e+01 -9.1827e+01 -1.0078e+02 -3.2178e+02
-9.2176e+01 -9.1099e+01 -8.6774e+01 -1.4602e+02
-9.2100e+01 -9.0307e+01 -7.5531e+01 -6.4626e+01
-9.2108e+01 -9.0368e+01 -7.5275e+01 -6.4613e+01
# New trial
-9.2249e+01 -9.2058e+01 -1.1925e+02 -5.0909e+02
-9.2167e+01 -9.1069e+01 -9.3165e+01 -2.4016e+02
-9.1994e+01 -8.9268e+01 -7.0610e+01 -6.5384e+01
-9.1915e+01 -8.8472e+01 -7.0461e+01 -1.0717e+02
# New trial
-9.2237e+01 -9.1710e+01 -9.5094e+01 -2.9488e+02
-9.2205e+01 -9.1374e+01 -8.7402e+01 -1.3674e+02
-9.2118e+01 -9.0479e+01 -7.6390e+01 -6.4612e+01
-9.2069e+01 -8.9971e+01 -7.2280e+01 -6.4612e+01
# New trial
-9.2195e+01 -9.1600e+01 -1.1433e+02 -4.6068e+02
-9.2125e+01 -9.0810e+01 -9.3226e+01 -2.2659e+02
-9.1940e+01 -8.8777e+01 -6.7729e+01 -6.4612e+01
-9.1953e+01 -8.8837e+01 -6.9625e+01 -6.4612e+01
# New trial
-9.2202e+01 -9.1367e+01 -9.0004e+01 -1.7953e+02
-9.2136e+01 -9.0708e+01 -8.3656e+01 -1.3692e+02
-9.1957e+01 -8.8883e+01 -6.7073e+01 -6.4612e+01
-9.1931e+01 -8.8602e+01 -6.6951e+01 -6.4612e+01
# New trial
-9.2217e+01 -9.1512e+01 -9.0683e+01 -1.6887e+02
-9.2174e+01 -9.1090e+01 -8.6619e+01 -1.2987e+02
-9.2060e+01 -8.9915e+01 -7.3368e+01 -6.5580e+01
-9.2045e+01 -8.9751e+01 -7.4661e+01 -1.2321e+02
# New trial
-9.2225e+01 -9.1647e+01 -1.0019e+02 -3.3780e+02
-9.2182e+01 -9.1191e+01 -9.1382e+01 -2.1528e+02
-9.2060e+01 -8.9913e+01 -7.2734e+01 -6.4612e+01
-9.1985e+01 -8.9144e+01 -6.8991e+01 -6.4612e+01
# New trial
-9.2257e+01 -9.1928e+01 -9.9878e+01 -3.0662e+02
-9.2222e+01 -9.1531e+01 -8.8932e+01 -1.6749e+02
-9.2139e+01 -9.0677e+01 -7.7123e+01 -6.4612e+01
-9.2071e+01 -8.9992e+01 -7.2272e+01 -6.4624e+01
# New trial
-9.2187e+01 -9.1261e+01 -9.6542e+01 -3.1620e+02
-9.2132e+01 -9.0686e+01 -8.3769e+01 -1.3471e+02
-9.2070e+01 -9.0036e+01 -7.5059e+01 -6.4637e+01
-9.2154e+01 -9.0830e+01 -7.9032e+01 -9.0506e+01
# New trial
-9.2219e+01 -9.1512e+01 -9.2513e+01 -2.7577e+02
-9.2184e+01 -9.1139e+01 -8.2759e+01 -7.9167e+01
-9.2114e+01 -9.0423e+01 -7.5061e+01 -6.4612e+01
-9.2109e+01 -9.0373e+01 -7.4886e+01 -6.4612e+01
# New trial
-9.2212e+01 -9.1549e+01 -1.0003e+02 -2.8832e+02
-9.2131e+01 -9.0684e+01 -8.3762e+01 -1.2377e+02
-9.2022e+01 -8.9553e+01 -7.1730e+01 -6.4633e+01
-9.2059e+01 -8.9885e+01 -7.3026e+01 -6.4813e+01
# New trial
-9.2195e+01 -9.1385e+01 -9.4908e+01 -2.3177e+02
-9.2125e+01 -9.0631e+01 -8.3377e+01 -1.0906e+02
-9.1975e+01 -8.9092e+01 -6.9857e+01 -6.8734e+01
-9.1924e+01 -8.8565e+01 -7.6483e+01 -1.6439e+02
# New trial
-9.2271e+01 -9.2315e+01 -1.1937e+02 -5.2516e+02
-9.2194e+01 -9.1378e+01 -9.4982e+01 -2.2109e+02
-9.2015e+01 -8.9481e+01 -7.1566e+01 -6.4612e+01
-9.1977e+01 -8.9072e+01 -7.0957e+01 -8.4458e+01
# New trial
-9.2235e+01 -9.1637e+01 -8.7409e+01 -1.1309e+02
-9.2184e+01 -9.1134e+01 -8.2148e+01 -6.9901e+01
-9.2092e+01 -9.0217e+01 -7.4179e+01 -6.4615e+01
-9.2099e+01 -9.0271e+01 -7.4178e+01 -6.4612e+01
# New trial
-9.2213e+01 -9.1482e+01 -9.5799e+01 -3.0923e+02
-9.2181e+01 -9.1138e+01 -8.6524e+01 -1.5884e+02
-9.2093e+01 -9.0230e+01 -7.4657e+01 -6.4621e+01
-9.2054e+01 -8.9829e+01 -7.1868e+01 -6.4619e+01
# New trial
-9.2202e+01 -9.1541e+01 -1.0258e+02 -3.3809e+02
-9.2142e+01 -9.0840e+01 -8.8213e+01 -1.7671e+02
-9.2003e+01 -8.9360e+01 -7.1142e+01 -6.4967e+01
-9.1961e+01 -8.8927e+01 -7.1554e+01 -1.0350e+02
# New trial
-9.2233e+01 -9.1653e+01 -9.0754e+01 -1.7837e+02
-9.2181e+01 -9.1131e+01 -8.4741e+01 -1.1743e+02
-9.2072e+01 -9.0032e+01 -7.4178e+01 -6.4855e+01
-9.2076e+01 -9.0049e+01 -7.3529e+01 -6.4615e+01
# New trial
-9.2200e+01 -9.1329e+01 -9.0519e+01 -2.5214e+02
-9.2171e+01 -9.1035e+01 -8.4523e+01 -1.2573e+02
-9.2089e+01 -9.0184e+01 -7.4029e+01 -6.4734e+01
-9.2041e+01 -8.9698e+01 -7.1473e+01 -6.4613e+01
# New trial
