# 1.0sig - Array shape (trial/sig/alpha): (30, 4, 4)
-1.5673e+02 -1.5513e+02 -1.4813e+02 -3.2511e+02
-1.5664e+02 -1.5417e+02 -1.3439e+02 -1.6144e+02
-1.5639e+02 -1.5169e+02 -1.0973e+02 -8.7687e+01
-1.5614e+02 -1.4918e+02 -9.6601e+01 -8.7687e+01
# New trial
-1.5676e+02 -1.5542e+02 -1.4683e+02 -2.1574e+02
-1.5668e+02 -1.5460e+02 -1.3889e+02 -1.3345e+02
-1.5646e+02 -1.5242e+02 -1.1782e+02 -8.7954e+01
-1.5633e+02 -1.5112e+02 -1.0682e+02 -8.7687e+01
# New trial
-1.5677e+02 -1.5551e+02 -1.4735e+02 -3.4220e+02
-1.5670e+02 -1.5482e+02 -1.3894e+02 -1.4756e+02
-1.5651e+02 -1.5293e+02 -1.2152e+02 -1.0349e+02
-1.5635e+02 -1.5132e+02 -1.0932e+02 -1.0832e+02
# New trial
-1.5677e+02 -1.5558e+02 -1.5471e+02 -5.3958e+02
-1.5670e+02 -1.5481e+02 -1.4146e+02 -2.0099e+02
-1.5652e+02 -1.5300e+02 -1.2218e+02 -8.9449e+01
-1.5645e+02 -1.5228e+02 -1.1535e+02 -9.9640e+01
# New trial
-1.5665e+02 -1.5437e+02 -1.4603e+02 -3.8977e+02
-1.5656e+02 -1.5345e+02 -1.3263e+02 -2.6435e+02
-1.5637e+02 -1.5150e+02 -1.1193e+02 -8.8020e+01
-1.5624e+02 -1.5024e+02 -1.0894e+02 -1.9758e+02
# New trial
-1.5677e+02 -1.5556e+02 -1.5332e+02 -5.0262e+02
-1.5671e+02 -1.5493e+02 -1.4040e+02 -1.8200e+02
-1.5654e+02 -1.5318e+02 -1.2287e+02 -9.0497e+01
-1.5640e+02 -1.5179e+02 -1.1350e+02 -1.4124e+02
# New trial
-1.5685e+02 -1.5632e+02 -1.5491e+02 -3.4746e+02
-1.5681e+02 -1.5586e+02 -1.4702e+02 -1.7437e+02
-1.5673e+02 -1.5505e+02 -1.3870e+02 -9.9023e+01
-1.5669e+02 -1.5470e+02 -1.3523e+02 -9.5622e+01
# New trial
-1.5676e+02 -1.5550e+02 -1.5897e+02 -5.1138e+02
-1.5665e+02 -1.5436e+02 -1.3963e+02 -2.8988e+02
-1.5643e+02 -1.5208e+02 -1.1485e+02 -8.7695e+01
-1.5631e+02 -1.5088e+02 -1.0668e+02 -9.6164e+01
# New trial
-1.5663e+02 -1.5425e+02 -1.5031e+02 -4.0569e+02
-1.5644e+02 -1.5227e+02 -1.2818e+02 -2.6854e+02
-1.5603e+02 -1.4811e+02 -9.5951e+01 -8.7693e+01
-1.5586e+02 -1.4646e+02 -1.0368e+02 -2.0910e+02
# New trial
-1.5674e+02 -1.5523e+02 -1.4592e+02 -3.3018e+02
-1.5664e+02 -1.5425e+02 -1.3532e+02 -2.2022e+02
-1.5639e+02 -1.5167e+02 -1.0960e+02 -8.7687e+01
-1.5617e+02 -1.4951e+02 -1.0114e+02 -1.0941e+02
# New trial
-1.5666e+02 -1.5446e+02 -1.4456e+02 -3.4040e+02
-1.5656e+02 -1.5350e+02 -1.3622e+02 -2.4734e+02
-1.5631e+02 -1.5095e+02 -1.1098e+02 -1.1024e+02
-1.5619e+02 -1.4972e+02 -1.0214e+02 -1.1279e+02
# New trial
-1.5676e+02 -1.5554e+02 -1.6092e+02 -4.9995e+02
-1.5664e+02 -1.5421e+02 -1.3589e+02 -1.8741e+02
-1.5638e+02 -1.5162e+02 -1.0926e+02 -8.7688e+01
-1.5610e+02 -1.4876e+02 -9.5282e+01 -8.7687e+01
# New trial
-1.5681e+02 -1.5597e+02 -1.6483e+02 -5.3293e+02
-1.5670e+02 -1.5482e+02 -1.4357e+02 -2.4714e+02
-1.5651e+02 -1.5292e+02 -1.2147e+02 -9.1363e+01
-1.5645e+02 -1.5228e+02 -1.1585e+02 -1.1953e+02
# New trial
-1.5671e+02 -1.5525e+02 -1.8778e+02 -8.3228e+02
-1.5657e+02 -1.5365e+02 -1.4217e+02 -3.0534e+02
-1.5628e+02 -1.5063e+02 -1.0624e+02 -8.7706e+01
-1.5614e+02 -1.4924e+02 -9.8877e+01 -9.1571e+01
# New trial
-1.5677e+02 -1.5549e+02 -1.5040e+02 -4.9291e+02
-1.5670e+02 -1.5478e+02 -1.3948e+02 -1.7204e+02
-1.5652e+02 -1.5304e+02 -1.2249e+02 -9.1160e+01
-1.5643e+02 -1.5214e+02 -1.1786e+02 -1.9065e+02
# New trial
-1.5667e+02 -1.5479e+02 -1.7638e+02 -8.1849e+02
-1.5653e+02 -1.5340e+02 -1.4657e+02 -3.6170e+02
-1.5618e+02 -1.4973e+02 -1.0806e+02 -8.8094e+01
-1.5606e+02 -1.4846e+02 -1.0208e+02 -1.4919e+02
# New trial
-1.5671e+02 -1.5492e+02 -1.4475e+02 -2.8759e+02
-1.5658e+02 -1.5365e+02 -1.3219e+02 -2.0046e+02
-1.5623e+02 -1.5015e+02 -1.0061e+02 -8.7687e+01
-1.5603e+02 -1.4809e+02 -9.3393e+01 -8.7687e+01
# New trial
-1.5673e+02 -1.5516e+02 -1.4550e+02 -2.3767e+02
-1.5665e+02 -1.5435e+02 -1.3816e+02 -1.6776e+02
-1.5644e+02 -1.5219e+02 -1.1699e+02 -9.6583e+01
-1.5637e+02 -1.5152e+02 -1.1321e+02 -1.5967e+02
# New trial
-1.5674e+02 -1.5531e+02 -1.6439e+02 -5.9040e+02
-1.5665e+02 -1.5436e+02 -1.4566e+02 -3.1893e+02
-1.5641e+02 -1.5188e+02 -1.1363e+02 -8.7742e+01
-1.5623e+02 -1.5010e+02 -1.0599e+02 -1.5940e+02
# New trial
-1.5678e+02 -1.5560e+02 -1.5028e+02 -3.8769e+02
-1.5673e+02 -1.5512e+02 -1.4115e+02 -1.5872e+02
-1.5660e+02 -1.5375e+02 -1.2670e+02 -9.2997e+01
-1.5644e+02 -1.5222e+02 -1.1513e+02 -1.0827e+02
# New trial
-1.5674e+02 -1.5529e+02 -1.5933e+02 -4.9661e+02
-1.5660e+02 -1.5390e+02 -1.3740e+02 -1.9642e+02
-1.5643e+02 -1.5216e+02 -1.1773e+02 -8.8735e+01
-1.5650e+02 -1.5283e+02 -1.1926e+02 -9.3843e+01
# New trial
-1.5677e+02 -1.5547e+02 -1.5022e+02 -4.5618e+02
-1.5671e+02 -1.5487e+02 -1.3807e+02 -9.9294e+01
-1.5655e+02 -1.5330e+02 -1.2258e+02 -8.7688e+01
-1.5635e+02 -1.5131e+02 -1.0636e+02 -8.7687e+01
# New trial
-1.5674e+02 -1.5536e+02 -1.5906e+02 -4.5531e+02
-1.5658e+02 -1.5370e+02 -1.3497e+02 -2.3979e+02
-1.5633e+02 -1.5115e+02 -1.1201e+02 -9.3220e+01
-1.5630e+02 -1.5080e+02 -1.1482e+02 -2.4465e+02
# New trial
-1.5672e+02 -1.5514e+02 -1.5312e+02 -2.9226e+02
-1.5656e+02 -1.5351e+02 -1.3556e+02 -1.8910e+02
-1.5618e+02 -1.4966e+02 -1.0205e+02 -8.7689e+01
-1.5587e+02 -1.4659e+02 -9.2119e+01 -8.7687e+01
# New trial
-1.5675e+02 -1.5568e+02 -1.8857e+02 -8.1099e+02
-1.5658e+02 -1.5371e+02 -1.4068e+02 -2.0898e+02
-1.5624e+02 -1.5024e+02 -1.0575e+02 -9.0282e+01
-1.5603e+02 -1.4818e+02 -9.7561e+01 -8.9782e+01
# New trial
-1.5680e+02 -1.5578e+02 -1.4706e+02 -1.6126e+02
-1.5670e+02 -1.5480e+02 -1.3713e+02 -9.6741e+01
-1.5648e+02 -1.5264e+02 -1.1837e+02 -8.8120e+01
-1.5638e+02 -1.5159e+02 -1.1269e+02 -1.4414e+02
# New trial
-1.5671e+02 -1.5494e+02 -1.5251e+02 -5.0423e+02
-1.5664e+02 -1.5420e+02 -1.3765e+02 -2.1472e+02
-1.5645e+02 -1.5232e+02 -1.1651e+02 -8.7843e+01
-1.5634e+02 -1.5123e+02 -1.1116e+02 -1.7327e+02
# New trial
-1.5682e+02 -1.5619e+02 -1.6922e+02 -5.1981e+02
-1.5667e+02 -1.5458e+02 -1.4643e+02 -3.2033e+02
-1.5629e+02 -1.5073e+02 -1.0633e+02 -1.0832e+02
-1.5601e+02 -1.4792e+02 -9.5374e+01 -9.7718e+01
# New trial
-1.5678e+02 -1.5564e+02 -1.4927e+02 -2.8473e+02
-1.5669e+02 -1.5467e+02 -1.3842e+02 -1.5749e+02
-1.5645e+02 -1.5227e+02 -1.1706e+02 -8.7933e+01
-1.5636e+02 -1.5136e+02 -1.0886e+02 -1.1016e+02
# New trial
-1.5672e+02 -1.5506e+02 -1.4467e+02 -3.3004e+02
-1.5666e+02 -1.5444e+02 -1.3667e+02 -2.1324e+02
-1.5648e+02 -1.5259e+02 -1.1711e+02 -8.8035e+01
-1.5632e+02 -1.5102e+02 -1.0572e+02 -8.7687e+01
# New trial
