# 1.0sig - Array shape (trial/sig/alpha): (30, 4, 4)
-1.7998e+02 -1.7987e+02 -1.7900e+02 -1.8272e+02
-1.7997e+02 -1.7982e+02 -1.7837e+02 -1.7633e+02
-1.7996e+02 -1.7971e+02 -1.7731e+02 -1.7537e+02
-1.7995e+02 -1.7961e+02 -1.7653e+02 -1.7537e+02
# New trial
-1.7998e+02 -1.7990e+02 -1.7919e+02 -1.7801e+02
-1.7998e+02 -1.7986e+02 -1.7887e+02 -1.7780e+02
-1.7996e+02 -1.7974e+02 -1.7774e+02 -1.7538e+02
-1.7995e+02 -1.7957e+02 -1.7645e+02 -1.7537e+02
# New trial
-1.7999e+02 -1.7997e+02 -1.7986e+02 -1.8949e+02
-1.7999e+02 -1.7995e+02 -1.7964e+02 -1.8559e+02
-1.7998e+02 -1.7989e+02 -1.7908e+02 -1.8620e+02
-1.7998e+02 -1.7990e+02 -1.7912e+02 -1.8535e+02
# New trial
-1.7998e+02 -1.7992e+02 -1.7959e+02 -1.9859e+02
-1.7998e+02 -1.7988e+02 -1.7904e+02 -1.8036e+02
-1.7997e+02 -1.7977e+02 -1.7794e+02 -1.7545e+02
-1.7995e+02 -1.7963e+02 -1.7672e+02 -1.7537e+02
# New trial
-1.7997e+02 -1.7981e+02 -1.7873e+02 -1.8697e+02
-1.7997e+02 -1.7976e+02 -1.7808e+02 -1.8019e+02
-1.7996e+02 -1.7968e+02 -1.7712e+02 -1.7537e+02
-1.7996e+02 -1.7968e+02 -1.7709e+02 -1.7537e+02
# New trial
-1.7999e+02 -1.7995e+02 -1.7980e+02 -1.9613e+02
-1.7998e+02 -1.7991e+02 -1.7923e+02 -1.7908e+02
-1.7997e+02 -1.7978e+02 -1.7802e+02 -1.7542e+02
-1.7995e+02 -1.7961e+02 -1.7667e+02 -1.7538e+02
# New trial
-1.7999e+02 -1.7995e+02 -1.7973e+02 -1.8816e+02
-1.7998e+02 -1.7993e+02 -1.7937e+02 -1.7633e+02
-1.7998e+02 -1.7988e+02 -1.7887e+02 -1.7540e+02
-1.7997e+02 -1.7980e+02 -1.7813e+02 -1.7537e+02
# New trial
-1.7998e+02 -1.7993e+02 -1.7978e+02 -1.9677e+02
-1.7998e+02 -1.7988e+02 -1.7898e+02 -1.7780e+02
-1.7996e+02 -1.7974e+02 -1.7762e+02 -1.7537e+02
-1.7995e+02 -1.7960e+02 -1.7657e+02 -1.7537e+02
# New trial
-1.7997e+02 -1.7983e+02 -1.7883e+02 -1.8733e+02
-1.7996e+02 -1.7972e+02 -1.7790e+02 -1.7992e+02
-1.7994e+02 -1.7947e+02 -1.7610e+02 -1.7537e+02
-1.7993e+02 -1.7935e+02 -1.7554e+02 -1.7537e+02
# New trial
-1.7998e+02 -1.7991e+02 -1.7924e+02 -1.8428e+02
-1.7998e+02 -1.7986e+02 -1.7881e+02 -1.8205e+02
-1.7996e+02 -1.7972e+02 -1.7745e+02 -1.7538e+02
-1.7994e+02 -1.7948e+02 -1.7609e+02 -1.7538e+02
# New trial
-1.7998e+02 -1.7988e+02 -1.7914e+02 -1.8587e+02
-1.7997e+02 -1.7983e+02 -1.7864e+02 -1.8309e+02
-1.7996e+02 -1.7965e+02 -1.7703e+02 -1.7575e+02
-1.7993e+02 -1.7942e+02 -1.7618e+02 -1.7587e+02
# New trial
-1.7998e+02 -1.7991e+02 -1.7966e+02 -1.9315e+02
-1.7997e+02 -1.7984e+02 -1.7863e+02 -1.7970e+02
-1.7996e+02 -1.7972e+02 -1.7743e+02 -1.7538e+02
-1.7995e+02 -1.7956e+02 -1.7629e+02 -1.7537e+02
# New trial
-1.7998e+02 -1.7987e+02 -1.7928e+02 -1.9398e+02
-1.7997e+02 -1.7983e+02 -1.7855e+02 -1.7574e+02
-1.7997e+02 -1.7976e+02 -1.7788e+02 -1.7538e+02
-1.7997e+02 -1.7977e+02 -1.7792e+02 -1.7537e+02
# New trial
-1.7999e+02 -1.7997e+02 -1.8178e+02 -2.2067e+02
-1.7998e+02 -1.7987e+02 -1.7932e+02 -1.8900e+02
-1.7996e+02 -1.7966e+02 -1.7702e+02 -1.7537e+02
-1.7994e+02 -1.7947e+02 -1.7581e+02 -1.7537e+02
# New trial
-1.7998e+02 -1.7993e+02 -1.7962e+02 -1.9426e+02
-1.7998e+02 -1.7988e+02 -1.7905e+02 -1.8110e+02
-1.7997e+02 -1.7978e+02 -1.7793e+02 -1.7537e+02
-1.7996e+02 -1.7970e+02 -1.7724e+02 -1.7537e+02
# New trial
-1.7997e+02 -1.7984e+02 -1.8015e+02 -2.0853e+02
-1.7996e+02 -1.7974e+02 -1.7856e+02 -1.8251e+02
-1.7995e+02 -1.7959e+02 -1.7695e+02 -1.7541e+02
-1.7996e+02 -1.7969e+02 -1.7723e+02 -1.7537e+02
# New trial
-1.7998e+02 -1.7986e+02 -1.7890e+02 -1.8009e+02
-1.7997e+02 -1.7980e+02 -1.7828e+02 -1.7544e+02
-1.7996e+02 -1.7965e+02 -1.7697e+02 -1.7537e+02
-1.7995e+02 -1.7957e+02 -1.7673e+02 -1.7540e+02
# New trial
-1.7998e+02 -1.7987e+02 -1.7891e+02 -1.7728e+02
-1.7997e+02 -1.7983e+02 -1.7855e+02 -1.7579e+02
-1.7996e+02 -1.7971e+02 -1.7753e+02 -1.7537e+02
-1.7996e+02 -1.7967e+02 -1.7717e+02 -1.7543e+02
# New trial
-1.7998e+02 -1.7989e+02 -1.7969e+02 -1.9618e+02
-1.7997e+02 -1.7983e+02 -1.7885e+02 -1.8344e+02
-1.7996e+02 -1.7971e+02 -1.7745e+02 -1.7540e+02
-1.7996e+02 -1.7967e+02 -1.7747e+02 -1.8728e+02
# New trial
-1.7998e+02 -1.7992e+02 -1.7945e+02 -1.9181e+02
-1.7998e+02 -1.7989e+02 -1.7905e+02 -1.7915e+02
-1.7997e+02 -1.7981e+02 -1.7828e+02 -1.7538e+02
-1.7996e+02 -1.7968e+02 -1.7716e+02 -1.7537e+02
# New trial
-1.7998e+02 -1.7991e+02 -1.7960e+02 -1.9073e+02
-1.7997e+02 -1.7984e+02 -1.7881e+02 -1.7933e+02
-1.7996e+02 -1.7972e+02 -1.7772e+02 -1.7539e+02
-1.7996e+02 -1.7971e+02 -1.7755e+02 -1.7687e+02
# New trial
-1.7999e+02 -1.7997e+02 -1.7997e+02 -1.9872e+02
-1.7999e+02 -1.7995e+02 -1.7961e+02 -1.7890e+02
-1.7998e+02 -1.7993e+02 -1.7936e+02 -1.7938e+02
-1.7998e+02 -1.7992e+02 -1.7931e+02 -1.7745e+02
# New trial
-1.7997e+02 -1.7984e+02 -1.7900e+02 -1.8581e+02
-1.7997e+02 -1.7976e+02 -1.7804e+02 -1.7931e+02
-1.7996e+02 -1.7965e+02 -1.7716e+02 -1.7539e+02
-1.7996e+02 -1.7970e+02 -1.7768e+02 -1.8709e+02
# New trial
-1.7998e+02 -1.7989e+02 -1.7933e+02 -1.8211e+02
-1.7997e+02 -1.7980e+02 -1.7846e+02 -1.7980e+02
-1.7995e+02 -1.7958e+02 -1.7669e+02 -1.7537e+02
-1.7992e+02 -1.7931e+02 -1.7576e+02 -1.7537e+02
# New trial
-1.7998e+02 -1.7991e+02 -1.8073e+02 -2.1018e+02
-1.7997e+02 -1.7981e+02 -1.7864e+02 -1.8115e+02
-1.7995e+02 -1.7959e+02 -1.7653e+02 -1.7537e+02
-1.7992e+02 -1.7931e+02 -1.7557e+02 -1.7537e+02
# New trial
-1.7998e+02 -1.7993e+02 -1.7945e+02 -1.7865e+02
-1.7998e+02 -1.7989e+02 -1.7903e+02 -1.7638e+02
-1.7997e+02 -1.7978e+02 -1.7797e+02 -1.7538e+02
-1.7995e+02 -1.7964e+02 -1.7675e+02 -1.7537e+02
# New trial
-1.7998e+02 -1.7989e+02 -1.7940e+02 -1.9649e+02
-1.7998e+02 -1.7985e+02 -1.7883e+02 -1.8018e+02
-1.7997e+02 -1.7975e+02 -1.7778e+02 -1.7540e+02
-1.7996e+02 -1.7967e+02 -1.7702e+02 -1.7537e+02
# New trial
-1.7997e+02 -1.7984e+02 -1.7914e+02 -1.8832e+02
-1.7997e+02 -1.7976e+02 -1.7822e+02 -1.8193e+02
-1.7995e+02 -1.7960e+02 -1.7665e+02 -1.7537e+02
-1.7994e+02 -1.7951e+02 -1.7599e+02 -1.7537e+02
# New trial
-1.7998e+02 -1.7991e+02 -1.7940e+02 -1.8410e+02
-1.7998e+02 -1.7987e+02 -1.7898e+02 -1.8085e+02
-1.7996e+02 -1.7974e+02 -1.7785e+02 -1.7564e+02
-1.7995e+02 -1.7958e+02 -1.7663e+02 -1.7544e+02
# New trial
-1.7998e+02 -1.7991e+02 -1.7936e+02 -1.8494e+02
-1.7998e+02 -1.7986e+02 -1.7886e+02 -1.7737e+02
-1.7997e+02 -1.7976e+02 -1.7776e+02 -1.7537e+02
-1.7996e+02 -1.7968e+02 -1.7705e+02 -1.7537e+02
# New trial
