# 1.0sig - Array shape (trial/sig/alpha): (30, 4, 4)
-1.6588e+02 -1.6368e+02 -1.6005e+02 -4.7527e+02
-1.6574e+02 -1.6220e+02 -1.3648e+02 -2.0490e+02
-1.6538e+02 -1.5855e+02 -9.8383e+01 -6.9228e+01
-1.6501e+02 -1.5487e+02 -8.0625e+01 -6.9227e+01
# New trial
-1.6591e+02 -1.6388e+02 -1.5138e+02 -2.7367e+02
-1.6580e+02 -1.6281e+02 -1.4054e+02 -1.3772e+02
-1.6549e+02 -1.5969e+02 -1.1199e+02 -7.0784e+01
-1.6528e+02 -1.5752e+02 -9.4897e+01 -9.4367e+01
# New trial
-1.6591e+02 -1.6390e+02 -1.5209e+02 -4.4357e+02
-1.6582e+02 -1.6298e+02 -1.3989e+02 -1.3281e+02
-1.6556e+02 -1.6035e+02 -1.1461e+02 -7.8964e+01
-1.6533e+02 -1.5804e+02 -1.0183e+02 -1.8404e+02
# New trial
-1.6592e+02 -1.6396e+02 -1.6125e+02 -7.3148e+02
-1.6582e+02 -1.6294e+02 -1.4372e+02 -2.4345e+02
-1.6557e+02 -1.6041e+02 -1.1463e+02 -6.9234e+01
-1.6545e+02 -1.5924e+02 -1.0370e+02 -6.9229e+01
# New trial
-1.6578e+02 -1.6267e+02 -1.5855e+02 -6.4053e+02
-1.6564e+02 -1.6119e+02 -1.3218e+02 -3.0732e+02
-1.6537e+02 -1.5849e+02 -1.0138e+02 -6.9246e+01
-1.6524e+02 -1.5713e+02 -9.9583e+01 -2.1158e+02
# New trial
-1.6595e+02 -1.6430e+02 -1.5881e+02 -5.3755e+02
-1.6586e+02 -1.6332e+02 -1.4268e+02 -2.3703e+02
-1.6560e+02 -1.6070e+02 -1.1573e+02 -7.2374e+01
-1.6537e+02 -1.5838e+02 -9.8004e+01 -6.9271e+01
# New trial
-1.6605e+02 -1.6525e+02 -1.6465e+02 -5.2203e+02
-1.6598e+02 -1.6455e+02 -1.5205e+02 -2.2895e+02
-1.6586e+02 -1.6336e+02 -1.3930e+02 -9.5434e+01
-1.6583e+02 -1.6303e+02 -1.3582e+02 -8.9267e+01
# New trial
-1.6590e+02 -1.6393e+02 -1.7038e+02 -6.8833e+02
-1.6576e+02 -1.6245e+02 -1.4481e+02 -3.7451e+02
-1.6545e+02 -1.5933e+02 -1.1099e+02 -7.2720e+01
-1.6531e+02 -1.5792e+02 -1.0553e+02 -1.8996e+02
# New trial
-1.6574e+02 -1.6239e+02 -1.5761e+02 -5.3223e+02
-1.6547e+02 -1.5962e+02 -1.3028e+02 -3.3014e+02
-1.6487e+02 -1.5366e+02 -8.8310e+01 -6.9324e+01
-1.6465e+02 -1.5143e+02 -1.0665e+02 -3.4175e+02
# New trial
-1.6590e+02 -1.6381e+02 -1.5354e+02 -4.5917e+02
-1.6576e+02 -1.6238e+02 -1.3812e+02 -2.7083e+02
-1.6540e+02 -1.5875e+02 -1.0218e+02 -6.9969e+01
-1.6514e+02 -1.5614e+02 -9.4135e+01 -1.7812e+02
# New trial
-1.6583e+02 -1.6320e+02 -1.6002e+02 -5.4895e+02
-1.6569e+02 -1.6182e+02 -1.4554e+02 -3.6776e+02
-1.6527e+02 -1.5755e+02 -9.8993e+01 -8.8515e+01
-1.6499e+02 -1.5469e+02 -8.8887e+01 -1.6050e+02
# New trial
-1.6594e+02 -1.6431e+02 -1.7485e+02 -6.2830e+02
-1.6575e+02 -1.6231e+02 -1.3817e+02 -2.3565e+02
-1.6538e+02 -1.5854e+02 -9.7862e+01 -6.9227e+01
-1.6500e+02 -1.5477e+02 -8.0389e+01 -6.9227e+01
# New trial
-1.6599e+02 -1.6478e+02 -1.7904e+02 -7.2520e+02
-1.6582e+02 -1.6307e+02 -1.4836e+02 -3.0691e+02
-1.6556e+02 -1.6041e+02 -1.1882e+02 -7.2296e+01
-1.6549e+02 -1.5959e+02 -1.1131e+02 -2.0978e+02
# New trial
-1.6588e+02 -1.6406e+02 -2.2321e+02 -1.2472e+03
-1.6567e+02 -1.6163e+02 -1.5069e+02 -4.6141e+02
-1.6522e+02 -1.5702e+02 -9.5882e+01 -7.2229e+01
-1.6496e+02 -1.5441e+02 -9.8840e+01 -2.9158e+02
# New trial
-1.6596e+02 -1.6444e+02 -1.6112e+02 -5.3055e+02
-1.6586e+02 -1.6337e+02 -1.4649e+02 -2.8814e+02
-1.6558e+02 -1.6054e+02 -1.1471e+02 -6.9228e+01
-1.6539e+02 -1.5862e+02 -9.9888e+01 -6.9483e+01
# New trial
-1.6577e+02 -1.6304e+02 -2.0328e+02 -1.1202e+03
-1.6557e+02 -1.6097e+02 -1.5339e+02 -4.5899e+02
-1.6508e+02 -1.5575e+02 -9.1869e+01 -6.9326e+01
-1.6501e+02 -1.5484e+02 -8.5334e+01 -6.9657e+01
# New trial
-1.6586e+02 -1.6347e+02 -1.5358e+02 -3.4400e+02
-1.6568e+02 -1.6159e+02 -1.3296e+02 -2.0432e+02
-1.6516e+02 -1.5643e+02 -9.0636e+01 -6.9475e+01
-1.6490e+02 -1.5381e+02 -8.9774e+01 -1.8071e+02
# New trial
-1.6589e+02 -1.6373e+02 -1.5381e+02 -3.2385e+02
-1.6577e+02 -1.6249e+02 -1.4227e+02 -2.1921e+02
-1.6544e+02 -1.5915e+02 -1.0738e+02 -7.6489e+01
-1.6535e+02 -1.5831e+02 -1.0497e+02 -1.6513e+02
# New trial
-1.6592e+02 -1.6409e+02 -1.8190e+02 -8.1820e+02
-1.6578e+02 -1.6271e+02 -1.5496e+02 -4.4420e+02
-1.6542e+02 -1.5890e+02 -1.0208e+02 -6.9227e+01
-1.6516e+02 -1.5638e+02 -8.7215e+01 -6.9227e+01
# New trial
-1.6597e+02 -1.6449e+02 -1.6519e+02 -6.5640e+02
-1.6589e+02 -1.6368e+02 -1.4738e+02 -2.7168e+02
-1.6568e+02 -1.6155e+02 -1.2272e+02 -7.2452e+01
-1.6546e+02 -1.5932e+02 -1.0855e+02 -1.7048e+02
# New trial
-1.6587e+02 -1.6374e+02 -1.7649e+02 -6.7906e+02
-1.6566e+02 -1.6142e+02 -1.3440e+02 -1.9912e+02
-1.6544e+02 -1.5917e+02 -1.1074e+02 -7.3123e+01
-1.6558e+02 -1.6050e+02 -1.1675e+02 -1.6751e+02
# New trial
-1.6594e+02 -1.6416e+02 -1.6147e+02 -6.3001e+02
-1.6585e+02 -1.6323e+02 -1.4036e+02 -9.8733e+01
-1.6563e+02 -1.6103e+02 -1.1914e+02 -7.1565e+01
-1.6539e+02 -1.5860e+02 -1.0028e+02 -9.6673e+01
# New trial
-1.6587e+02 -1.6363e+02 -1.7008e+02 -6.4317e+02
-1.6565e+02 -1.6137e+02 -1.3688e+02 -2.8457e+02
-1.6531e+02 -1.5795e+02 -1.0547e+02 -7.1642e+01
-1.6529e+02 -1.5772e+02 -1.0151e+02 -1.5758e+02
# New trial
-1.6584e+02 -1.6345e+02 -1.6285e+02 -3.9814e+02
-1.6562e+02 -1.6109e+02 -1.3515e+02 -2.2088e+02
-1.6511e+02 -1.5599e+02 -9.1739e+01 -6.9980e+01
-1.6484e+02 -1.5317e+02 -8.2791e+01 -7.8298e+01
# New trial
-1.6597e+02 -1.6511e+02 -2.2360e+02 -1.1653e+03
-1.6571e+02 -1.6204e+02 -1.4829e+02 -3.1636e+02
-1.6522e+02 -1.5697e+02 -9.3544e+01 -6.9229e+01
-1.6499e+02 -1.5465e+02 -8.3345e+01 -9.0335e+01
# New trial
-1.6597e+02 -1.6446e+02 -1.5193e+02 -1.8631e+02
-1.6583e+02 -1.6306e+02 -1.3800e+02 -7.8332e+01
-1.6553e+02 -1.6002e+02 -1.1100e+02 -7.1168e+01
-1.6539e+02 -1.5867e+02 -1.0306e+02 -1.5698e+02
# New trial
-1.6587e+02 -1.6354e+02 -1.5980e+02 -5.9047e+02
-1.6578e+02 -1.6257e+02 -1.4272e+02 -2.8858e+02
-1.6551e+02 -1.5984e+02 -1.1090e+02 -6.9721e+01
-1.6535e+02 -1.5825e+02 -9.7127e+01 -6.9227e+01
# New trial
-1.6591e+02 -1.6422e+02 -1.7480e+02 -5.9480e+02
-1.6571e+02 -1.6210e+02 -1.4651e+02 -3.5797e+02
-1.6524e+02 -1.5719e+02 -9.9813e+01 -1.0145e+02
-1.6496e+02 -1.5434e+02 -8.5565e+01 -1.1784e+02
# New trial
-1.6595e+02 -1.6426e+02 -1.5781e+02 -3.9115e+02
-1.6581e+02 -1.6289e+02 -1.4185e+02 -2.6110e+02
-1.6548e+02 -1.5955e+02 -1.1108e+02 -6.9818e+01
-1.6533e+02 -1.5808e+02 -1.0139e+02 -1.7784e+02
# New trial
-1.6587e+02 -1.6348e+02 -1.5045e+02 -4.1794e+02
-1.6578e+02 -1.6259e+02 -1.3760e+02 -1.9958e+02
-1.6551e+02 -1.5988e+02 -1.0940e+02 -6.9499e+01
-1.6528e+02 -1.5753e+02 -9.7967e+01 -1.6582e+02
# New trial
