# 1.0sig - Array shape (trial/sig/alpha): (30, 4, 4)
-1.6582e+02 -1.6322e+02 -1.7637e+02 -8.3205e+02
-1.6564e+02 -1.6133e+02 -1.4158e+02 -3.8715e+02
-1.6517e+02 -1.5646e+02 -8.3931e+01 -1.2557e+02
-1.6476e+02 -1.5233e+02 -6.1807e+01 -4.8513e+01
# New trial
-1.6577e+02 -1.6269e+02 -1.5775e+02 -4.4745e+02
-1.6561e+02 -1.6108e+02 -1.3294e+02 -1.9197e+02
-1.6528e+02 -1.5773e+02 -9.6993e+01 -1.1112e+02
-1.6515e+02 -1.5625e+02 -8.3220e+01 -7.5367e+01
# New trial
-1.6584e+02 -1.6325e+02 -1.5345e+02 -4.7039e+02
-1.6570e+02 -1.6184e+02 -1.3527e+02 -1.9460e+02
-1.6537e+02 -1.5848e+02 -1.0177e+02 -1.1847e+02
-1.6514e+02 -1.5615e+02 -8.3701e+01 -9.5229e+01
# New trial
-1.6584e+02 -1.6331e+02 -1.6704e+02 -9.6960e+02
-1.6572e+02 -1.6209e+02 -1.4356e+02 -3.9891e+02
-1.6540e+02 -1.5880e+02 -1.0214e+02 -8.4283e+01
-1.6527e+02 -1.5741e+02 -8.8551e+01 -5.4491e+01
# New trial
-1.6567e+02 -1.6196e+02 -1.8813e+02 -1.0911e+03
-1.6546e+02 -1.5961e+02 -1.3251e+02 -5.7276e+02
-1.6512e+02 -1.5603e+02 -7.9766e+01 -1.0860e+02
-1.6504e+02 -1.5512e+02 -7.5081e+01 -6.1109e+01
# New trial
-1.6584e+02 -1.6330e+02 -1.7230e+02 -9.3831e+02
-1.6572e+02 -1.6206e+02 -1.3940e+02 -3.1426e+02
-1.6542e+02 -1.5891e+02 -1.0013e+02 -9.7233e+01
-1.6523e+02 -1.5704e+02 -8.5014e+01 -6.4590e+01
# New trial
-1.6601e+02 -1.6488e+02 -1.6882e+02 -6.1916e+02
-1.6590e+02 -1.6376e+02 -1.4569e+02 -1.4864e+02
-1.6576e+02 -1.6235e+02 -1.2980e+02 -8.1640e+01
-1.6576e+02 -1.6227e+02 -1.2846e+02 -5.9902e+01
# New trial
-1.6574e+02 -1.6238e+02 -1.6775e+02 -8.9645e+02
-1.6558e+02 -1.6068e+02 -1.3292e+02 -3.3418e+02
-1.6521e+02 -1.5691e+02 -8.5292e+01 -7.0052e+01
-1.6512e+02 -1.5599e+02 -7.9813e+01 -4.6421e+01
# New trial
-1.6564e+02 -1.6209e+02 -1.8477e+02 -1.0380e+03
-1.6526e+02 -1.5800e+02 -1.3931e+02 -6.0513e+02
-1.6449e+02 -1.4995e+02 -7.1814e+01 -2.5507e+02
-1.6442e+02 -1.4902e+02 -6.7389e+01 -1.4498e+02
# New trial
-1.6584e+02 -1.6342e+02 -1.6347e+02 -6.7001e+02
-1.6565e+02 -1.6138e+02 -1.4225e+02 -5.6165e+02
-1.6518e+02 -1.5656e+02 -8.9980e+01 -1.2515e+02
-1.6489e+02 -1.5372e+02 -8.7187e+01 -3.0362e+02
# New trial
-1.6560e+02 -1.6126e+02 -1.5943e+02 -6.6866e+02
-1.6543e+02 -1.5942e+02 -1.3793e+02 -4.8497e+02
-1.6499e+02 -1.5474e+02 -8.0283e+01 -1.4542e+02
-1.6483e+02 -1.5314e+02 -8.4711e+01 -3.1147e+02
# New trial
-1.6589e+02 -1.6413e+02 -2.0372e+02 -1.1818e+03
-1.6564e+02 -1.6128e+02 -1.3990e+02 -4.2930e+02
-1.6516e+02 -1.5633e+02 -8.0756e+01 -1.2945e+02
-1.6474e+02 -1.5213e+02 -6.1528e+01 -5.6135e+01
# New trial
-1.6581e+02 -1.6320e+02 -1.8537e+02 -1.0416e+03
-1.6563e+02 -1.6129e+02 -1.4004e+02 -3.5828e+02
-1.6538e+02 -1.5861e+02 -1.0425e+02 -1.1772e+02
-1.6535e+02 -1.5825e+02 -1.0219e+02 -2.7876e+02
# New trial
-1.6589e+02 -1.6494e+02 -2.7396e+02 -1.9523e+03
-1.6560e+02 -1.6131e+02 -1.7299e+02 -7.9937e+02
-1.6498e+02 -1.5459e+02 -7.4982e+01 -1.2455e+02
-1.6479e+02 -1.5270e+02 -6.6470e+01 -6.0159e+01
# New trial
-1.6582e+02 -1.6322e+02 -1.6966e+02 -8.8972e+02
-1.6570e+02 -1.6183e+02 -1.4099e+02 -4.0409e+02
-1.6544e+02 -1.5914e+02 -1.0522e+02 -1.0354e+02
-1.6529e+02 -1.5760e+02 -8.9575e+01 -9.7998e+01
# New trial
-1.6566e+02 -1.6267e+02 -2.3698e+02 -1.6000e+03
-1.6540e+02 -1.5973e+02 -1.6210e+02 -6.8161e+02
-1.6480e+02 -1.5310e+02 -7.3087e+01 -1.4220e+02
-1.6481e+02 -1.5296e+02 -8.2120e+01 -3.2435e+02
# New trial
-1.6571e+02 -1.6215e+02 -1.5963e+02 -6.0529e+02
-1.6547e+02 -1.5970e+02 -1.3416e+02 -5.1146e+02
-1.6486e+02 -1.5343e+02 -7.2416e+01 -1.4707e+02
-1.6474e+02 -1.5218e+02 -6.3363e+01 -8.6334e+01
# New trial
-1.6576e+02 -1.6263e+02 -1.6162e+02 -5.8519e+02
-1.6559e+02 -1.6099e+02 -1.4305e+02 -3.6592e+02
-1.6521e+02 -1.5691e+02 -8.9626e+01 -1.0455e+02
-1.6517e+02 -1.5643e+02 -8.3917e+01 -5.2792e+01
# New trial
-1.6573e+02 -1.6254e+02 -1.9406e+02 -1.1931e+03
-1.6563e+02 -1.6136e+02 -1.5730e+02 -6.6696e+02
-1.6521e+02 -1.5686e+02 -8.8868e+01 -1.4133e+02
-1.6493e+02 -1.5403e+02 -7.4414e+01 -1.6072e+02
# New trial
-1.6594e+02 -1.6435e+02 -1.8365e+02 -1.0391e+03
-1.6583e+02 -1.6311e+02 -1.5431e+02 -5.4667e+02
-1.6554e+02 -1.6013e+02 -1.1068e+02 -1.1635e+02
-1.6532e+02 -1.5788e+02 -9.0696e+01 -6.9378e+01
# New trial
-1.6568e+02 -1.6222e+02 -1.9952e+02 -1.1759e+03
-1.6542e+02 -1.5929e+02 -1.2988e+02 -3.3561e+02
-1.6525e+02 -1.5738e+02 -9.8631e+01 -9.4992e+01
-1.6553e+02 -1.6000e+02 -1.1394e+02 -2.6541e+02
# New trial
-1.6584e+02 -1.6334e+02 -1.7876e+02 -1.0565e+03
-1.6574e+02 -1.6223e+02 -1.3603e+02 -1.7533e+02
-1.6547e+02 -1.5947e+02 -1.0558e+02 -9.1464e+01
-1.6525e+02 -1.5721e+02 -8.5534e+01 -5.9506e+01
# New trial
-1.6587e+02 -1.6416e+02 -2.0929e+02 -1.1868e+03
-1.6549e+02 -1.5999e+02 -1.3172e+02 -2.9389e+02
-1.6502e+02 -1.5508e+02 -7.7125e+01 -1.1889e+02
-1.6511e+02 -1.5586e+02 -8.1169e+01 -5.7737e+01
# New trial
-1.6576e+02 -1.6314e+02 -1.8576e+02 -8.1083e+02
-1.6547e+02 -1.5988e+02 -1.3925e+02 -4.1312e+02
-1.6485e+02 -1.5341e+02 -7.2959e+01 -1.3409e+02
-1.6449e+02 -1.4969e+02 -5.9685e+01 -6.4549e+01
# New trial
-1.6593e+02 -1.6524e+02 -2.6214e+02 -1.7831e+03
-1.6563e+02 -1.6156e+02 -1.6100e+02 -5.6674e+02
-1.6497e+02 -1.5466e+02 -8.2688e+01 -1.3624e+02
-1.6481e+02 -1.5292e+02 -7.8561e+01 -1.9883e+02
# New trial
-1.6585e+02 -1.6330e+02 -1.4753e+02 -2.8948e+02
-1.6568e+02 -1.6157e+02 -1.2790e+02 -1.1745e+02
-1.6532e+02 -1.5795e+02 -9.4676e+01 -9.0956e+01
-1.6528e+02 -1.5757e+02 -9.0591e+01 -1.1732e+02
# New trial
-1.6580e+02 -1.6306e+02 -1.8796e+02 -1.1207e+03
-1.6570e+02 -1.6190e+02 -1.4683e+02 -4.5723e+02
-1.6537e+02 -1.5845e+02 -9.9998e+01 -9.9199e+01
-1.6523e+02 -1.5707e+02 -8.7370e+01 -6.8750e+01
# New trial
-1.6560e+02 -1.6181e+02 -1.9973e+02 -1.2729e+03
-1.6544e+02 -1.5980e+02 -1.4817e+02 -5.7043e+02
-1.6495e+02 -1.5440e+02 -8.0473e+01 -1.7188e+02
-1.6471e+02 -1.5193e+02 -6.7038e+01 -1.7184e+02
# New trial
-1.6580e+02 -1.6310e+02 -1.7060e+02 -6.8881e+02
-1.6556e+02 -1.6057e+02 -1.2976e+02 -3.1281e+02
-1.6519e+02 -1.5678e+02 -9.0850e+01 -9.5639e+01
-1.6517e+02 -1.5644e+02 -8.4593e+01 -1.0727e+02
# New trial
-1.6570e+02 -1.6201e+02 -1.6452e+02 -8.1037e+02
-1.6563e+02 -1.6123e+02 -1.4065e+02 -4.2743e+02
-1.6532e+02 -1.5804e+02 -9.7087e+01 -1.2312e+02
-1.6508e+02 -1.5550e+02 -7.7020e+01 -5.2145e+01
# New trial
