# 1.0sig - Array shape (trial/sig/alpha): (30, 4, 4)
-1.4306e+02 -1.4297e+02 -1.4250e+02 -1.5268e+02
-1.4305e+02 -1.4291e+02 -1.4163e+02 -1.4130e+02
-1.4304e+02 -1.4276e+02 -1.4020e+02 -1.3845e+02
-1.4303e+02 -1.4263e+02 -1.3925e+02 -1.3845e+02
# New trial
-1.4306e+02 -1.4297e+02 -1.4223e+02 -1.4365e+02
-1.4305e+02 -1.4292e+02 -1.4177e+02 -1.4016e+02
-1.4304e+02 -1.4278e+02 -1.4047e+02 -1.3845e+02
-1.4302e+02 -1.4263e+02 -1.3923e+02 -1.3845e+02
# New trial
-1.4306e+02 -1.4297e+02 -1.4219e+02 -1.4567e+02
-1.4305e+02 -1.4292e+02 -1.4168e+02 -1.3885e+02
-1.4304e+02 -1.4281e+02 -1.4067e+02 -1.3846e+02
-1.4304e+02 -1.4278e+02 -1.4042e+02 -1.3869e+02
# New trial
-1.4306e+02 -1.4299e+02 -1.4293e+02 -1.6420e+02
-1.4306e+02 -1.4295e+02 -1.4212e+02 -1.4548e+02
-1.4305e+02 -1.4283e+02 -1.4094e+02 -1.3847e+02
-1.4304e+02 -1.4281e+02 -1.4075e+02 -1.4066e+02
# New trial
-1.4305e+02 -1.4292e+02 -1.4249e+02 -1.5883e+02
-1.4305e+02 -1.4286e+02 -1.4148e+02 -1.5002e+02
-1.4303e+02 -1.4271e+02 -1.4002e+02 -1.3845e+02
-1.4302e+02 -1.4257e+02 -1.3936e+02 -1.3865e+02
# New trial
-1.4306e+02 -1.4301e+02 -1.4270e+02 -1.5878e+02
-1.4306e+02 -1.4295e+02 -1.4199e+02 -1.4398e+02
-1.4305e+02 -1.4284e+02 -1.4091e+02 -1.3849e+02
-1.4304e+02 -1.4283e+02 -1.4082e+02 -1.3918e+02
# New trial
-1.4307e+02 -1.4305e+02 -1.4300e+02 -1.5635e+02
-1.4306e+02 -1.4301e+02 -1.4255e+02 -1.4526e+02
-1.4306e+02 -1.4294e+02 -1.4179e+02 -1.3850e+02
-1.4305e+02 -1.4285e+02 -1.4099e+02 -1.3846e+02
# New trial
-1.4306e+02 -1.4300e+02 -1.4326e+02 -1.6513e+02
-1.4305e+02 -1.4293e+02 -1.4227e+02 -1.5347e+02
-1.4304e+02 -1.4278e+02 -1.4059e+02 -1.3846e+02
-1.4302e+02 -1.4260e+02 -1.3926e+02 -1.3845e+02
# New trial
-1.4304e+02 -1.4284e+02 -1.4176e+02 -1.5196e+02
-1.4303e+02 -1.4273e+02 -1.4064e+02 -1.4384e+02
-1.4302e+02 -1.4255e+02 -1.3908e+02 -1.3845e+02
-1.4302e+02 -1.4261e+02 -1.3950e+02 -1.3870e+02
# New trial
-1.4306e+02 -1.4300e+02 -1.4257e+02 -1.4949e+02
-1.4306e+02 -1.4295e+02 -1.4198e+02 -1.4437e+02
-1.4304e+02 -1.4275e+02 -1.4016e+02 -1.3845e+02
-1.4301e+02 -1.4246e+02 -1.3864e+02 -1.3845e+02
# New trial
-1.4306e+02 -1.4301e+02 -1.4299e+02 -1.5825e+02
-1.4306e+02 -1.4296e+02 -1.4252e+02 -1.5413e+02
-1.4306e+02 -1.4295e+02 -1.4239e+02 -1.6205e+02
-1.4306e+02 -1.4300e+02 -1.4409e+02 -1.9265e+02
# New trial
-1.4305e+02 -1.4294e+02 -1.4256e+02 -1.5810e+02
-1.4305e+02 -1.4287e+02 -1.4133e+02 -1.4059e+02
-1.4304e+02 -1.4277e+02 -1.4032e+02 -1.3846e+02
-1.4303e+02 -1.4273e+02 -1.4035e+02 -1.4825e+02
# New trial
-1.4307e+02 -1.4306e+02 -1.4370e+02 -1.6957e+02
-1.4306e+02 -1.4298e+02 -1.4247e+02 -1.4986e+02
-1.4304e+02 -1.4282e+02 -1.4084e+02 -1.3847e+02
-1.4303e+02 -1.4270e+02 -1.3973e+02 -1.3845e+02
# New trial
-1.4306e+02 -1.4296e+02 -1.4453e+02 -1.8655e+02
-1.4305e+02 -1.4288e+02 -1.4200e+02 -1.5564e+02
-1.4303e+02 -1.4268e+02 -1.3986e+02 -1.3846e+02
-1.4301e+02 -1.4251e+02 -1.3887e+02 -1.3845e+02
# New trial
-1.4306e+02 -1.4296e+02 -1.4249e+02 -1.5863e+02
-1.4305e+02 -1.4293e+02 -1.4187e+02 -1.4234e+02
-1.4305e+02 -1.4284e+02 -1.4087e+02 -1.3845e+02
-1.4304e+02 -1.4282e+02 -1.4067e+02 -1.3845e+02
# New trial
-1.4306e+02 -1.4296e+02 -1.4473e+02 -1.8399e+02
-1.4304e+02 -1.4282e+02 -1.4199e+02 -1.5032e+02
-1.4302e+02 -1.4260e+02 -1.3974e+02 -1.3850e+02
-1.4304e+02 -1.4279e+02 -1.4063e+02 -1.4530e+02
# New trial
-1.4306e+02 -1.4296e+02 -1.4241e+02 -1.5122e+02
-1.4305e+02 -1.4289e+02 -1.4173e+02 -1.4629e+02
-1.4303e+02 -1.4266e+02 -1.3963e+02 -1.3845e+02
-1.4300e+02 -1.4242e+02 -1.3862e+02 -1.3845e+02
# New trial
-1.4306e+02 -1.4295e+02 -1.4218e+02 -1.4477e+02
-1.4305e+02 -1.4290e+02 -1.4171e+02 -1.4102e+02
-1.4303e+02 -1.4273e+02 -1.4009e+02 -1.3846e+02
-1.4302e+02 -1.4253e+02 -1.3885e+02 -1.3845e+02
# New trial
-1.4306e+02 -1.4295e+02 -1.4305e+02 -1.6455e+02
-1.4305e+02 -1.4289e+02 -1.4196e+02 -1.4775e+02
-1.4304e+02 -1.4276e+02 -1.4032e+02 -1.3846e+02
-1.4303e+02 -1.4272e+02 -1.3991e+02 -1.3845e+02
# New trial
-1.4306e+02 -1.4301e+02 -1.4292e+02 -1.6282e+02
-1.4306e+02 -1.4298e+02 -1.4223e+02 -1.4168e+02
-1.4305e+02 -1.4287e+02 -1.4117e+02 -1.3850e+02
-1.4303e+02 -1.4272e+02 -1.3994e+02 -1.3846e+02
# New trial
-1.4306e+02 -1.4297e+02 -1.4296e+02 -1.6202e+02
-1.4305e+02 -1.4289e+02 -1.4167e+02 -1.3983e+02
-1.4304e+02 -1.4276e+02 -1.4055e+02 -1.3846e+02
-1.4304e+02 -1.4274e+02 -1.4009e+02 -1.3845e+02
# New trial
-1.4306e+02 -1.4299e+02 -1.4258e+02 -1.5792e+02
-1.4306e+02 -1.4295e+02 -1.4197e+02 -1.3911e+02
-1.4305e+02 -1.4286e+02 -1.4114e+02 -1.3855e+02
-1.4304e+02 -1.4276e+02 -1.4039e+02 -1.3983e+02
# New trial
-1.4306e+02 -1.4298e+02 -1.4305e+02 -1.5935e+02
-1.4305e+02 -1.4287e+02 -1.4165e+02 -1.4672e+02
-1.4303e+02 -1.4267e+02 -1.3984e+02 -1.3846e+02
-1.4301e+02 -1.4250e+02 -1.3894e+02 -1.3845e+02
# New trial
-1.4305e+02 -1.4290e+02 -1.4219e+02 -1.4673e+02
-1.4304e+02 -1.4282e+02 -1.4125e+02 -1.4230e+02
-1.4303e+02 -1.4264e+02 -1.3968e+02 -1.3845e+02
-1.4302e+02 -1.4260e+02 -1.4031e+02 -1.5355e+02
# New trial
-1.4306e+02 -1.4295e+02 -1.4393e+02 -1.7769e+02
-1.4305e+02 -1.4285e+02 -1.4169e+02 -1.4580e+02
-1.4302e+02 -1.4263e+02 -1.3950e+02 -1.3845e+02
-1.4300e+02 -1.4241e+02 -1.3874e+02 -1.3845e+02
# New trial
-1.4306e+02 -1.4299e+02 -1.4237e+02 -1.4293e+02
-1.4306e+02 -1.4293e+02 -1.4177e+02 -1.3853e+02
-1.4304e+02 -1.4279e+02 -1.4042e+02 -1.3845e+02
-1.4303e+02 -1.4264e+02 -1.3929e+02 -1.3845e+02
# New trial
-1.4305e+02 -1.4292e+02 -1.4216e+02 -1.5595e+02
-1.4305e+02 -1.4288e+02 -1.4148e+02 -1.4077e+02
-1.4304e+02 -1.4280e+02 -1.4064e+02 -1.3850e+02
-1.4304e+02 -1.4282e+02 -1.4071e+02 -1.3846e+02
# New trial
-1.4306e+02 -1.4297e+02 -1.4318e+02 -1.6221e+02
-1.4305e+02 -1.4289e+02 -1.4194e+02 -1.5040e+02
-1.4303e+02 -1.4265e+02 -1.3960e+02 -1.3845e+02
-1.4300e+02 -1.4237e+02 -1.3859e+02 -1.3845e+02
# New trial
-1.4306e+02 -1.4294e+02 -1.4200e+02 -1.4499e+02
-1.4305e+02 -1.4288e+02 -1.4142e+02 -1.4022e+02
-1.4304e+02 -1.4278e+02 -1.4047e+02 -1.3845e+02
-1.4304e+02 -1.4278e+02 -1.4063e+02 -1.4639e+02
# New trial
-1.4306e+02 -1.4298e+02 -1.4241e+02 -1.4819e+02
-1.4306e+02 -1.4294e+02 -1.4189e+02 -1.4106e+02
-1.4304e+02 -1.4278e+02 -1.4032e+02 -1.3845e+02
-1.4302e+02 -1.4253e+02 -1.3892e+02 -1.3845e+02
# New trial
