# 10.0sig - Array shape (trial/sig/alpha): (30L, 4L, 4L)
-9.2213e+01 -9.1493e+01 -9.4659e+01 -4.1822e+02
-9.2237e+01 -9.1707e+01 -9.2945e+01 -3.7263e+02
-9.2216e+01 -9.1452e+01 -8.5696e+01 -1.8023e+02
-9.2143e+01 -9.0711e+01 -7.7043e+01 -8.6540e+01
# New trial
-9.2289e+01 -9.3193e+01 -1.6175e+02 -1.2461e+03
-9.2271e+01 -9.2672e+01 -1.2979e+02 -7.7579e+02
-9.2165e+01 -9.1111e+01 -9.0714e+01 -3.2427e+02
-9.1998e+01 -8.9277e+01 -6.5894e+01 -1.2990e+02
# New trial
-9.2229e+01 -9.1763e+01 -1.1109e+02 -6.5204e+02
-9.2235e+01 -9.1780e+01 -1.0303e+02 -4.8436e+02
-9.2094e+01 -9.0262e+01 -7.6575e+01 -1.5836e+02
-9.1933e+01 -8.8625e+01 -5.9285e+01 -6.0390e+01
# New trial
-9.2198e+01 -9.1374e+01 -9.7697e+01 -4.9067e+02
-9.2190e+01 -9.1292e+01 -9.4808e+01 -3.9497e+02
-9.2096e+01 -9.0278e+01 -7.6448e+01 -1.7051e+02
-9.1973e+01 -8.9016e+01 -6.2465e+01 -5.1080e+01
# New trial
-9.2259e+01 -9.2542e+01 -1.4550e+02 -1.0480e+03
-9.2218e+01 -9.1717e+01 -1.0531e+02 -5.0928e+02
-9.2181e+01 -9.1170e+01 -8.7329e+01 -2.5522e+02
-9.2104e+01 -9.0339e+01 -7.4151e+01 -9.3593e+01
# New trial
-9.2230e+01 -9.1880e+01 -1.1349e+02 -6.1660e+02
-9.2193e+01 -9.1355e+01 -9.5893e+01 -3.8043e+02
-9.2081e+01 -9.0129e+01 -7.6479e+01 -2.3916e+02
-9.1925e+01 -8.8538e+01 -5.9062e+01 -8.7946e+01
# New trial
-9.2241e+01 -9.1775e+01 -9.8623e+01 -5.0902e+02
-9.2239e+01 -9.1723e+01 -9.3602e+01 -4.0772e+02
-9.2207e+01 -9.1362e+01 -8.5195e+01 -2.5911e+02
-9.2160e+01 -9.0882e+01 -7.8528e+01 -7.6211e+01
# New trial
-9.2097e+01 -9.0663e+01 -1.0800e+02 -5.9475e+02
-9.2152e+01 -9.1077e+01 -1.0170e+02 -4.8268e+02
-9.2144e+01 -9.0838e+01 -8.5603e+01 -3.2202e+02
-9.2042e+01 -8.9719e+01 -6.8296e+01 -9.0123e+01
# New trial
-9.2490e+01 -9.5121e+01 -1.9271e+02 -1.5865e+03
-9.2414e+01 -9.3954e+01 -1.4528e+02 -9.1911e+02
-9.2166e+01 -9.1015e+01 -8.5967e+01 -2.7428e+02
-9.1951e+01 -8.8795e+01 -6.1878e+01 -5.2516e+01
# New trial
-9.2241e+01 -9.1723e+01 -9.1188e+01 -3.3877e+02
-9.2224e+01 -9.1534e+01 -8.6786e+01 -1.9383e+02
-9.2185e+01 -9.1132e+01 -8.1376e+01 -1.0532e+02
-9.2169e+01 -9.0966e+01 -7.9231e+01 -6.9339e+01
# New trial
-9.2379e+01 -9.3655e+01 -1.5180e+02 -1.0927e+03
-9.2208e+01 -9.1632e+01 -1.1862e+02 -7.7151e+02
-9.1991e+01 -8.9319e+01 -8.9184e+01 -5.1005e+02
-9.1818e+01 -8.7488e+01 -5.4297e+01 -1.4090e+02
# New trial
-9.2372e+01 -9.3698e+01 -1.6712e+02 -1.2307e+03
-9.2239e+01 -9.1849e+01 -1.0144e+02 -3.7205e+02
-9.2185e+01 -9.1167e+01 -8.3854e+01 -1.4728e+02
-9.2108e+01 -9.0364e+01 -7.3763e+01 -6.7692e+01
# New trial
-9.2236e+01 -9.2205e+01 -1.3459e+02 -8.7187e+02
-9.2227e+01 -9.1913e+01 -1.1211e+02 -5.6014e+02
-9.2127e+01 -9.0660e+01 -8.4973e+01 -2.9002e+02
-9.1988e+01 -8.9179e+01 -6.4556e+01 -1.1293e+02
# New trial
-9.2183e+01 -9.1397e+01 -1.1065e+02 -6.1902e+02
-9.2202e+01 -9.1478e+01 -1.0112e+02 -4.6481e+02
-9.2106e+01 -9.0380e+01 -7.8486e+01 -2.7324e+02
-9.1991e+01 -8.9193e+01 -6.3162e+01 -5.3263e+01
# New trial
-9.2273e+01 -9.2444e+01 -1.3129e+02 -8.0312e+02
-9.2234e+01 -9.1914e+01 -1.1410e+02 -5.7983e+02
-9.2121e+01 -9.0560e+01 -8.2226e+01 -2.4085e+02
-9.1972e+01 -8.9013e+01 -6.3507e+01 -1.3751e+02
# New trial
-9.2419e+01 -9.4448e+01 -1.8316e+02 -1.4446e+03
-9.2337e+01 -9.3264e+01 -1.3468e+02 -7.8501e+02
-9.2125e+01 -9.0776e+01 -9.7068e+01 -4.6508e+02
-9.1865e+01 -8.7981e+01 -5.6797e+01 -1.4330e+02
# New trial
-9.2300e+01 -9.3066e+01 -1.7711e+02 -1.3547e+03
-9.2194e+01 -9.1554e+01 -1.1175e+02 -6.1354e+02
-9.2064e+01 -9.0004e+01 -7.7721e+01 -2.1543e+02
-9.1930e+01 -8.8589e+01 -5.9152e+01 -1.2056e+02
# New trial
-9.2336e+01 -9.2922e+01 -1.2731e+02 -8.8072e+02
-9.2274e+01 -9.2203e+01 -1.0806e+02 -5.8598e+02
-9.2137e+01 -9.0722e+01 -8.3300e+01 -2.9997e+02
-9.2063e+01 -8.9920e+01 -7.0917e+01 -1.3936e+02
# New trial
-9.2309e+01 -9.2476e+01 -1.0703e+02 -5.2503e+02
-9.2267e+01 -9.1990e+01 -9.3216e+01 -2.6666e+02
-9.2201e+01 -9.1293e+01 -8.3098e+01 -9.4153e+01
-9.2132e+01 -9.0596e+01 -7.5585e+01 -4.6684e+01
# New trial
-9.2391e+01 -9.3729e+01 -1.6448e+02 -1.2606e+03
-9.2335e+01 -9.2947e+01 -1.2643e+02 -7.9633e+02
-9.2103e+01 -9.0410e+01 -8.3345e+01 -3.6647e+02
-9.1927e+01 -8.8572e+01 -6.0214e+01 -1.2770e+02
# New trial
-9.2338e+01 -9.3012e+01 -1.3741e+02 -9.2774e+02
-9.2249e+01 -9.1866e+01 -9.6570e+01 -3.3062e+02
-9.2120e+01 -9.0504e+01 -7.7034e+01 -1.2673e+02
-9.2005e+01 -8.9337e+01 -6.4690e+01 -4.9566e+01
# New trial
-9.2229e+01 -9.1648e+01 -9.6643e+01 -4.1597e+02
-9.2243e+01 -9.1797e+01 -9.9254e+01 -4.5417e+02
-9.2164e+01 -9.0961e+01 -8.2943e+01 -2.1544e+02
-9.2008e+01 -8.9371e+01 -6.6448e+01 -5.4016e+01
# New trial
-9.2292e+01 -9.2428e+01 -1.1385e+02 -5.8262e+02
-9.2232e+01 -9.1807e+01 -1.0348e+02 -4.2255e+02
-9.2134e+01 -9.0678e+01 -8.2232e+01 -2.6348e+02
-9.2022e+01 -8.9507e+01 -6.6294e+01 -9.5504e+01
# New trial
-9.2229e+01 -9.1953e+01 -1.1936e+02 -6.4918e+02
-9.2209e+01 -9.1723e+01 -1.1205e+02 -5.7909e+02
-9.2105e+01 -9.0440e+01 -8.1765e+01 -2.5005e+02
-9.1898e+01 -8.8277e+01 -5.6668e+01 -5.6418e+01
# New trial
-9.2386e+01 -9.3775e+01 -1.5163e+02 -1.0120e+03
-9.2304e+01 -9.2751e+01 -1.2476e+02 -6.6920e+02
-9.2110e+01 -9.0452e+01 -8.1378e+01 -2.2943e+02
-9.1918e+01 -8.8468e+01 -5.7838e+01 -4.8132e+01
# New trial
-9.2437e+01 -9.5354e+01 -1.9856e+02 -1.4601e+03
-9.2342e+01 -9.3495e+01 -1.5094e+02 -1.0357e+03
-9.2022e+01 -8.9650e+01 -7.9963e+01 -2.8326e+02
-9.1695e+01 -8.6257e+01 -4.8854e+01 -1.2118e+02
# New trial
-9.2738e+01 -9.8436e+01 -2.3527e+02 -1.8678e+03
-9.2473e+01 -9.4605e+01 -1.4857e+02 -9.5436e+02
-9.2067e+01 -9.0073e+01 -8.1901e+01 -3.2752e+02
-9.1857e+01 -8.7871e+01 -5.6059e+01 -6.5402e+01
# New trial
-9.2204e+01 -9.1497e+01 -9.9121e+01 -4.4866e+02
-9.2212e+01 -9.1514e+01 -9.4278e+01 -3.8213e+02
-9.2122e+01 -9.0549e+01 -7.9391e+01 -2.1088e+02
-9.2008e+01 -8.9367e+01 -6.4952e+01 -7.9374e+01
# New trial
-9.2317e+01 -9.2963e+01 -1.5255e+02 -1.1237e+03
-9.2288e+01 -9.2471e+01 -1.1889e+02 -6.5655e+02
-9.2152e+01 -9.0907e+01 -8.5397e+01 -3.0793e+02
-9.1971e+01 -8.9002e+01 -6.2903e+01 -8.3443e+01
# New trial
-9.2198e+01 -9.1453e+01 -1.0793e+02 -6.5627e+02
-9.2172e+01 -9.1147e+01 -9.4103e+01 -4.2330e+02
-9.2090e+01 -9.0228e+01 -7.7834e+01 -3.0096e+02
-9.1954e+01 -8.8834e+01 -6.1989e+01 -1.4985e+02
# New trial
