# 10.0sig - Array shape (trial/sig/alpha): (30L, 4L, 4L)
-1.1530e+02 -1.1467e+02 -1.2045e+02 -5.0378e+02
-1.1529e+02 -1.1451e+02 -1.1425e+02 -4.1867e+02
-1.1523e+02 -1.1390e+02 -1.0213e+02 -1.2987e+02
-1.1513e+02 -1.1289e+02 -9.1112e+01 -4.8609e+01
# New trial
-1.1539e+02 -1.1657e+02 -1.9437e+02 -1.4125e+03
-1.1533e+02 -1.1569e+02 -1.6060e+02 -9.3393e+02
-1.1515e+02 -1.1334e+02 -1.0710e+02 -3.2879e+02
-1.1491e+02 -1.1073e+02 -7.2514e+01 -6.6394e+01
# New trial
-1.1536e+02 -1.1533e+02 -1.3960e+02 -7.8477e+02
-1.1531e+02 -1.1490e+02 -1.2780e+02 -5.8214e+02
-1.1509e+02 -1.1255e+02 -9.3224e+01 -2.4690e+02
-1.1484e+02 -1.1003e+02 -6.6615e+01 -6.1887e+01
# New trial
-1.1527e+02 -1.1444e+02 -1.1790e+02 -4.7246e+02
-1.1525e+02 -1.1422e+02 -1.1527e+02 -4.1995e+02
-1.1509e+02 -1.1250e+02 -9.1760e+01 -2.2629e+02
-1.1487e+02 -1.1035e+02 -6.9542e+01 -5.5524e+01
# New trial
-1.1534e+02 -1.1553e+02 -1.6178e+02 -9.8610e+02
-1.1528e+02 -1.1461e+02 -1.2637e+02 -5.5463e+02
-1.1519e+02 -1.1361e+02 -1.0272e+02 -2.0983e+02
-1.1506e+02 -1.1218e+02 -8.5079e+01 -5.1542e+01
# New trial
-1.1532e+02 -1.1506e+02 -1.3606e+02 -6.1146e+02
-1.1524e+02 -1.1414e+02 -1.1526e+02 -3.7292e+02
-1.1505e+02 -1.1213e+02 -9.0712e+01 -3.3034e+02
-1.1483e+02 -1.0989e+02 -6.7506e+01 -1.3662e+02
# New trial
-1.1534e+02 -1.1500e+02 -1.1918e+02 -5.6815e+02
-1.1532e+02 -1.1489e+02 -1.1652e+02 -4.5680e+02
-1.1526e+02 -1.1426e+02 -1.0800e+02 -3.7591e+02
-1.1516e+02 -1.1325e+02 -9.5397e+01 -1.8795e+02
# New trial
-1.1527e+02 -1.1462e+02 -1.3697e+02 -7.4348e+02
-1.1526e+02 -1.1449e+02 -1.2953e+02 -6.2383e+02
-1.1516e+02 -1.1330e+02 -1.0406e+02 -2.9645e+02
-1.1501e+02 -1.1169e+02 -8.1007e+01 -6.9117e+01
# New trial
-1.1550e+02 -1.1749e+02 -2.1576e+02 -1.6829e+03
-1.1540e+02 -1.1605e+02 -1.6076e+02 -9.3887e+02
-1.1511e+02 -1.1280e+02 -9.5731e+01 -2.2714e+02
-1.1482e+02 -1.0986e+02 -6.7198e+01 -7.5901e+01
# New trial
-1.1529e+02 -1.1456e+02 -1.1154e+02 -3.6071e+02
-1.1527e+02 -1.1430e+02 -1.0670e+02 -2.0175e+02
-1.1522e+02 -1.1380e+02 -1.0032e+02 -9.6602e+01
-1.1520e+02 -1.1357e+02 -9.7656e+01 -5.5711e+01
# New trial
-1.1541e+02 -1.1622e+02 -1.7419e+02 -1.1754e+03
-1.1521e+02 -1.1385e+02 -1.3900e+02 -1.0411e+03
-1.1495e+02 -1.1119e+02 -8.8286e+01 -4.0392e+02
-1.1471e+02 -1.0871e+02 -5.9924e+01 -5.4939e+01
# New trial
-1.1546e+02 -1.1695e+02 -1.9610e+02 -1.3243e+03
-1.1531e+02 -1.1482e+02 -1.2388e+02 -4.3579e+02
-1.1520e+02 -1.1368e+02 -1.0212e+02 -1.8983e+02
-1.1512e+02 -1.1276e+02 -9.0097e+01 -8.0281e+01
# New trial
-1.1525e+02 -1.1460e+02 -1.5888e+02 -1.0318e+03
-1.1522e+02 -1.1412e+02 -1.3031e+02 -6.5716e+02
-1.1511e+02 -1.1275e+02 -9.6162e+01 -2.1848e+02
-1.1492e+02 -1.1082e+02 -7.3315e+01 -6.3327e+01
# New trial
-1.1535e+02 -1.1532e+02 -1.3911e+02 -7.1436e+02
-1.1531e+02 -1.1485e+02 -1.2622e+02 -4.9575e+02
-1.1513e+02 -1.1298e+02 -9.8634e+01 -3.3113e+02
-1.1495e+02 -1.1108e+02 -7.6026e+01 -1.1693e+02
# New trial
-1.1540e+02 -1.1594e+02 -1.5791e+02 -9.3704e+02
-1.1534e+02 -1.1522e+02 -1.3808e+02 -6.6982e+02
-1.1514e+02 -1.1305e+02 -1.0048e+02 -2.5483e+02
-1.1488e+02 -1.1046e+02 -7.0219e+01 -6.2617e+01
# New trial
-1.1547e+02 -1.1721e+02 -2.0939e+02 -1.5266e+03
-1.1536e+02 -1.1576e+02 -1.5330e+02 -8.0516e+02
-1.1507e+02 -1.1256e+02 -1.0789e+02 -4.3192e+02
-1.1473e+02 -1.0890e+02 -6.0789e+01 -1.2239e+02
# New trial
-1.1530e+02 -1.1527e+02 -2.0033e+02 -1.5527e+03
-1.1519e+02 -1.1384e+02 -1.3098e+02 -7.0888e+02
-1.1504e+02 -1.1212e+02 -9.7804e+01 -3.5158e+02
-1.1483e+02 -1.0989e+02 -6.5536e+01 -7.1088e+01
# New trial
-1.1549e+02 -1.1673e+02 -1.5920e+02 -9.7868e+02
-1.1537e+02 -1.1546e+02 -1.2955e+02 -5.7275e+02
-1.1513e+02 -1.1296e+02 -9.7832e+01 -2.6372e+02
-1.1496e+02 -1.1125e+02 -7.7509e+01 -5.5006e+01
# New trial
-1.1537e+02 -1.1538e+02 -1.2744e+02 -5.8974e+02
-1.1531e+02 -1.1478e+02 -1.1362e+02 -2.6435e+02
-1.1522e+02 -1.1383e+02 -1.0117e+02 -8.6351e+01
-1.1512e+02 -1.1278e+02 -8.9989e+01 -4.9523e+01
# New trial
-1.1557e+02 -1.1805e+02 -2.0686e+02 -1.4320e+03
-1.1542e+02 -1.1602e+02 -1.4499e+02 -7.7901e+02
-1.1510e+02 -1.1271e+02 -9.5636e+01 -2.6704e+02
-1.1484e+02 -1.1001e+02 -6.8181e+01 -9.1095e+01
# New trial
-1.1543e+02 -1.1612e+02 -1.5316e+02 -9.1832e+02
-1.1533e+02 -1.1495e+02 -1.1875e+02 -4.3086e+02
-1.1516e+02 -1.1328e+02 -9.9306e+01 -3.0014e+02
-1.1497e+02 -1.1126e+02 -7.7367e+01 -1.1973e+02
# New trial
-1.1528e+02 -1.1447e+02 -1.1701e+02 -4.8498e+02
-1.1528e+02 -1.1452e+02 -1.1967e+02 -5.1028e+02
-1.1515e+02 -1.1313e+02 -9.7172e+01 -2.1866e+02
-1.1492e+02 -1.1079e+02 -7.4402e+01 -5.0401e+01
# New trial
-1.1540e+02 -1.1582e+02 -1.3928e+02 -6.2907e+02
-1.1533e+02 -1.1510e+02 -1.2704e+02 -5.0039e+02
-1.1516e+02 -1.1328e+02 -9.9445e+01 -1.6423e+02
-1.1497e+02 -1.1130e+02 -7.7173e+01 -9.3219e+01
# New trial
-1.1534e+02 -1.1540e+02 -1.4761e+02 -7.8418e+02
-1.1527e+02 -1.1469e+02 -1.3890e+02 -6.7108e+02
-1.1508e+02 -1.1260e+02 -9.9519e+01 -3.1092e+02
-1.1479e+02 -1.0955e+02 -6.4969e+01 -9.2368e+01
# New trial
-1.1547e+02 -1.1698e+02 -1.8353e+02 -1.2263e+03
-1.1536e+02 -1.1557e+02 -1.4727e+02 -7.8422e+02
-1.1508e+02 -1.1249e+02 -9.4327e+01 -2.1816e+02
-1.1479e+02 -1.0950e+02 -6.6938e+01 -1.6245e+02
# New trial
-1.1556e+02 -1.1882e+02 -2.2687e+02 -1.6213e+03
-1.1537e+02 -1.1602e+02 -1.6764e+02 -1.1698e+03
-1.1493e+02 -1.1100e+02 -8.2163e+01 -1.6082e+02
-1.1449e+02 -1.0649e+02 -4.9885e+01 -6.8234e+01
# New trial
-1.1588e+02 -1.2203e+02 -2.5820e+02 -1.8879e+03
-1.1556e+02 -1.1761e+02 -1.6602e+02 -9.5517e+02
-1.1512e+02 -1.1283e+02 -9.9135e+01 -3.6693e+02
-1.1482e+02 -1.0985e+02 -6.8647e+01 -6.7236e+01
# New trial
-1.1527e+02 -1.1436e+02 -1.1429e+02 -3.9884e+02
-1.1523e+02 -1.1392e+02 -1.0773e+02 -3.5236e+02
-1.1513e+02 -1.1289e+02 -9.3577e+01 -1.1743e+02
-1.1498e+02 -1.1142e+02 -7.7983e+01 -7.6890e+01
# New trial
-1.1538e+02 -1.1580e+02 -1.6594e+02 -1.1962e+03
-1.1535e+02 -1.1540e+02 -1.4001e+02 -7.3686e+02
-1.1515e+02 -1.1322e+02 -1.0067e+02 -1.4917e+02
-1.1487e+02 -1.1036e+02 -6.9745e+01 -5.0221e+01
# New trial
-1.1532e+02 -1.1503e+02 -1.3874e+02 -7.6903e+02
-1.1526e+02 -1.1435e+02 -1.1624e+02 -3.7861e+02
-1.1510e+02 -1.1259e+02 -9.1197e+01 -1.6683e+02
-1.1489e+02 -1.1049e+02 -7.2178e+01 -1.0070e+02
# New trial
