# 10.0sig - Array shape (trial/sig/alpha): (30L, 4L, 4L)
-8.7608e+01 -8.6986e+01 -9.2304e+01 -4.1508e+02
-8.7624e+01 -8.7113e+01 -8.8493e+01 -3.7535e+02
-8.7600e+01 -8.6828e+01 -8.0921e+01 -1.5019e+02
-8.7537e+01 -8.6188e+01 -7.3127e+01 -6.0581e+01
# New trial
-8.7672e+01 -8.8805e+01 -1.6628e+02 -1.2929e+03
-8.7616e+01 -8.7873e+01 -1.2715e+02 -7.6546e+02
-8.7536e+01 -8.6427e+01 -8.8872e+01 -3.9059e+02
-8.7402e+01 -8.4868e+01 -6.2052e+01 -7.0798e+01
# New trial
-8.7639e+01 -8.7419e+01 -1.0982e+02 -6.6735e+02
-8.7645e+01 -8.7432e+01 -1.0309e+02 -5.2703e+02
-8.7516e+01 -8.6022e+01 -7.6751e+01 -2.2852e+02
-8.7358e+01 -8.4403e+01 -5.7967e+01 -5.8400e+01
# New trial
-8.7606e+01 -8.6986e+01 -9.5898e+01 -4.8419e+02
-8.7599e+01 -8.6903e+01 -9.2435e+01 -4.3441e+02
-8.7513e+01 -8.5987e+01 -7.5002e+01 -1.8608e+02
-8.7399e+01 -8.4815e+01 -6.2261e+01 -1.4324e+02
# New trial
-8.7687e+01 -8.8521e+01 -1.4969e+02 -1.1049e+03
-8.7609e+01 -8.7171e+01 -9.9850e+01 -4.1619e+02
-8.7575e+01 -8.6617e+01 -8.0599e+01 -1.7540e+02
-8.7518e+01 -8.5994e+01 -7.1239e+01 -5.1852e+01
# New trial
-8.7596e+01 -8.7103e+01 -1.1152e+02 -6.7152e+02
-8.7578e+01 -8.6747e+01 -9.2188e+01 -3.8431e+02
-8.7490e+01 -8.5761e+01 -7.4527e+01 -2.4793e+02
-8.7348e+01 -8.4303e+01 -5.7912e+01 -6.7277e+01
# New trial
-8.7594e+01 -8.6843e+01 -9.1571e+01 -5.5227e+02
-8.7618e+01 -8.7045e+01 -8.7858e+01 -3.5245e+02
-8.7600e+01 -8.6836e+01 -8.1212e+01 -2.1217e+02
-8.7559e+01 -8.6406e+01 -7.5197e+01 -6.7066e+01
# New trial
-8.7389e+01 -8.5284e+01 -1.0187e+02 -5.6299e+02
-8.7486e+01 -8.5966e+01 -9.1623e+01 -4.3318e+02
-8.7541e+01 -8.6304e+01 -8.0059e+01 -2.4787e+02
-8.7464e+01 -8.5463e+01 -6.6481e+01 -9.5336e+01
# New trial
-8.7699e+01 -8.8749e+01 -1.8024e+02 -1.4675e+03
-8.7695e+01 -8.8296e+01 -1.3451e+02 -8.6433e+02
-8.7535e+01 -8.6277e+01 -8.4354e+01 -3.8355e+02
-8.7346e+01 -8.4301e+01 -6.2021e+01 -2.5551e+02
# New trial
-8.7613e+01 -8.6967e+01 -8.4065e+01 -2.6382e+02
-8.7596e+01 -8.6789e+01 -8.0565e+01 -1.5854e+02
-8.7565e+01 -8.6469e+01 -7.6478e+01 -1.4101e+02
-8.7556e+01 -8.6380e+01 -7.4997e+01 -7.1482e+01
# New trial
-8.7835e+01 -8.9819e+01 -1.5618e+02 -1.1563e+03
-8.7656e+01 -8.7692e+01 -1.3450e+02 -1.0505e+03
-8.7426e+01 -8.5183e+01 -8.2256e+01 -4.2891e+02
-8.7261e+01 -8.3433e+01 -5.2406e+01 -5.8777e+01
# New trial
-8.7753e+01 -8.9079e+01 -1.6100e+02 -1.1393e+03
-8.7621e+01 -8.7202e+01 -9.6609e+01 -3.6554e+02
-8.7570e+01 -8.6558e+01 -7.9209e+01 -9.4304e+01
-8.7507e+01 -8.5893e+01 -7.0303e+01 -4.6928e+01
# New trial
-8.7606e+01 -8.7418e+01 -1.3124e+02 -9.0655e+02
-8.7609e+01 -8.7268e+01 -1.0800e+02 -5.2522e+02
-8.7528e+01 -8.6210e+01 -8.3096e+01 -3.4233e+02
-8.7410e+01 -8.4932e+01 -6.3330e+01 -1.0214e+02
# New trial
-8.7622e+01 -8.7350e+01 -1.1077e+02 -6.6203e+02
-8.7625e+01 -8.7268e+01 -9.9761e+01 -4.7328e+02
-8.7522e+01 -8.6088e+01 -7.7244e+01 -2.9216e+02
-8.7410e+01 -8.4924e+01 -6.2242e+01 -1.0797e+02
# New trial
-8.7701e+01 -8.8242e+01 -1.2985e+02 -8.5233e+02
-8.7661e+01 -8.7695e+01 -1.1098e+02 -5.9367e+02
-8.7523e+01 -8.6113e+01 -7.8704e+01 -2.6225e+02
-8.7384e+01 -8.4661e+01 -5.9816e+01 -7.1905e+01
# New trial
-8.7765e+01 -8.9558e+01 -1.8120e+02 -1.3660e+03
-8.7688e+01 -8.8221e+01 -1.2295e+02 -7.2151e+02
-8.7505e+01 -8.6025e+01 -8.4122e+01 -3.8337e+02
-8.7293e+01 -8.3770e+01 -5.5760e+01 -1.6277e+02
# New trial
-8.7618e+01 -8.7884e+01 -1.6911e+02 -1.3761e+03
-8.7564e+01 -8.6819e+01 -1.0590e+02 -5.6158e+02
-8.7477e+01 -8.5666e+01 -7.5913e+01 -2.5375e+02
-8.7359e+01 -8.4413e+01 -5.7963e+01 -8.2698e+01
# New trial
-8.7678e+01 -8.7875e+01 -1.1509e+02 -7.2516e+02
-8.7642e+01 -8.7394e+01 -9.7126e+01 -4.1253e+02
-8.7523e+01 -8.6108e+01 -7.6172e+01 -1.8817e+02
-8.7482e+01 -8.5644e+01 -6.8980e+01 -6.5377e+01
# New trial
-8.7711e+01 -8.8041e+01 -1.0458e+02 -5.1312e+02
-8.7671e+01 -8.7569e+01 -9.1603e+01 -2.9363e+02
-8.7599e+01 -8.6816e+01 -8.0192e+01 -1.3067e+02
-8.7533e+01 -8.6142e+01 -7.2600e+01 -4.9040e+01
# New trial
-8.7873e+01 -9.0249e+01 -1.7309e+02 -1.2936e+03
-8.7796e+01 -8.9078e+01 -1.2526e+02 -7.8749e+02
-8.7536e+01 -8.6268e+01 -8.2368e+01 -3.7483e+02
-8.7335e+01 -8.4181e+01 -5.7708e+01 -1.2110e+02
# New trial
-8.7705e+01 -8.8423e+01 -1.3839e+02 -9.4211e+02
-8.7630e+01 -8.7272e+01 -9.5166e+01 -3.9898e+02
-8.7532e+01 -8.6184e+01 -7.8133e+01 -2.6360e+02
-8.7427e+01 -8.5094e+01 -6.3657e+01 -7.8685e+01
# New trial
-8.7599e+01 -8.6922e+01 -9.4130e+01 -3.9826e+02
-8.7621e+01 -8.7145e+01 -9.7239e+01 -4.6428e+02
-8.7545e+01 -8.6330e+01 -8.0732e+01 -2.9379e+02
-8.7401e+01 -8.4833e+01 -6.2820e+01 -6.7497e+01
# New trial
-8.7669e+01 -8.7784e+01 -1.1203e+02 -6.0038e+02
-8.7603e+01 -8.7069e+01 -9.8498e+01 -3.9599e+02
-8.7510e+01 -8.5990e+01 -7.7687e+01 -2.7419e+02
-8.7431e+01 -8.5144e+01 -6.4612e+01 -1.1625e+02
# New trial
-8.7604e+01 -8.7228e+01 -1.1316e+02 -6.3807e+02
-8.7599e+01 -8.7107e+01 -1.0609e+02 -5.5930e+02
-8.7536e+01 -8.6258e+01 -8.0850e+01 -2.8629e+02
-8.7329e+01 -8.4128e+01 -5.6481e+01 -9.3256e+01
# New trial
-8.7732e+01 -8.8712e+01 -1.3973e+02 -9.7161e+02
-8.7672e+01 -8.7933e+01 -1.1650e+02 -6.7974e+02
-8.7513e+01 -8.6033e+01 -8.0353e+01 -3.1727e+02
-8.7343e+01 -8.4261e+01 -5.8290e+01 -1.1172e+02
# New trial
-8.7805e+01 -9.0718e+01 -2.0151e+02 -1.5455e+03
-8.7710e+01 -8.8621e+01 -1.3976e+02 -9.6385e+02
-8.7441e+01 -8.5362e+01 -7.9465e+01 -3.8276e+02
-8.7143e+01 -8.2276e+01 -4.9086e+01 -1.6036e+02
# New trial
-8.8074e+01 -9.3440e+01 -2.2396e+02 -1.7761e+03
-8.7845e+01 -8.9856e+01 -1.4350e+02 -9.4334e+02
-8.7454e+01 -8.5475e+01 -7.9105e+01 -4.7206e+02
-8.7273e+01 -8.3575e+01 -5.5030e+01 -1.5117e+02
# New trial
-8.7615e+01 -8.7187e+01 -1.0007e+02 -4.3164e+02
-8.7611e+01 -8.7049e+01 -9.0892e+01 -3.1871e+02
-8.7525e+01 -8.6101e+01 -7.5412e+01 -2.0273e+02
-8.7425e+01 -8.5066e+01 -6.3174e+01 -7.3273e+01
# New trial
-8.7622e+01 -8.7591e+01 -1.4834e+02 -1.0823e+03
-8.7629e+01 -8.7406e+01 -1.0855e+02 -6.1016e+02
-8.7528e+01 -8.6219e+01 -8.0915e+01 -2.8855e+02
-8.7358e+01 -8.4415e+01 -5.9205e+01 -1.1610e+02
# New trial
-8.7597e+01 -8.7036e+01 -1.1040e+02 -7.0795e+02
-8.7563e+01 -8.6615e+01 -9.2842e+01 -4.6823e+02
-8.7488e+01 -8.5758e+01 -7.4797e+01 -2.7123e+02
-8.7369e+01 -8.4518e+01 -6.0019e+01 -6.1974e+01
# New trial
