# 1.0sig - Array shape (trial/sig/alpha): (30L, 4L, 4L)
-1.1072e+02 -1.1040e+02 -1.1012e+02 -1.5851e+02
-1.1070e+02 -1.1018e+02 -1.0657e+02 -1.1208e+02
-1.1065e+02 -1.0964e+02 -1.0085e+02 -9.6918e+01
-1.1061e+02 -1.0927e+02 -9.8559e+01 -9.6918e+01
# New trial
-1.1073e+02 -1.1045e+02 -1.0888e+02 -1.2984e+02
-1.1071e+02 -1.1027e+02 -1.0698e+02 -1.0535e+02
-1.1066e+02 -1.0976e+02 -1.0191e+02 -9.6918e+01
-1.1062e+02 -1.0934e+02 -9.8875e+01 -9.6918e+01
# New trial
-1.1072e+02 -1.1038e+02 -1.0821e+02 -1.4072e+02
-1.1071e+02 -1.1022e+02 -1.0624e+02 -1.0018e+02
-1.1067e+02 -1.0981e+02 -1.0240e+02 -9.6926e+01
-1.1063e+02 -1.0946e+02 -9.9763e+01 -9.6918e+01
# New trial
-1.1073e+02 -1.1045e+02 -1.0936e+02 -1.5701e+02
-1.1071e+02 -1.1028e+02 -1.0739e+02 -1.2493e+02
-1.1067e+02 -1.0986e+02 -1.0288e+02 -9.6920e+01
-1.1065e+02 -1.0968e+02 -1.0165e+02 -1.0867e+02
# New trial
-1.1071e+02 -1.1024e+02 -1.1043e+02 -1.8601e+02
-1.1069e+02 -1.1004e+02 -1.0630e+02 -1.3122e+02
-1.1064e+02 -1.0959e+02 -1.0095e+02 -9.6918e+01
-1.1062e+02 -1.0933e+02 -1.0011e+02 -1.0663e+02
# New trial
-1.1074e+02 -1.1055e+02 -1.1133e+02 -1.8293e+02
-1.1072e+02 -1.1037e+02 -1.0788e+02 -1.2632e+02
-1.1068e+02 -1.0993e+02 -1.0323e+02 -9.6922e+01
-1.1064e+02 -1.0954e+02 -1.0025e+02 -9.6918e+01
# New trial
-1.1074e+02 -1.1053e+02 -1.0912e+02 -1.3322e+02
-1.1073e+02 -1.1044e+02 -1.0763e+02 -9.8071e+01
-1.1072e+02 -1.1029e+02 -1.0622e+02 -9.7391e+01
-1.1072e+02 -1.1035e+02 -1.0692e+02 -1.1840e+02
# New trial
-1.1072e+02 -1.1041e+02 -1.1121e+02 -1.8236e+02
-1.1070e+02 -1.1017e+02 -1.0694e+02 -1.4116e+02
-1.1066e+02 -1.0978e+02 -1.0264e+02 -9.7041e+01
-1.1066e+02 -1.0975e+02 -1.0211e+02 -1.0556e+02
# New trial
-1.1070e+02 -1.1018e+02 -1.1027e+02 -1.6931e+02
-1.1067e+02 -1.0983e+02 -1.0650e+02 -1.4441e+02
-1.1058e+02 -1.0894e+02 -9.9678e+01 -9.6973e+01
-1.1051e+02 -1.0828e+02 -9.7501e+01 -9.6918e+01
# New trial
-1.1072e+02 -1.1033e+02 -1.0833e+02 -1.5495e+02
-1.1070e+02 -1.1013e+02 -1.0615e+02 -1.2763e+02
-1.1065e+02 -1.0963e+02 -1.0066e+02 -9.6918e+01
-1.1061e+02 -1.0927e+02 -9.9246e+01 -9.6918e+01
# New trial
-1.1070e+02 -1.1019e+02 -1.0844e+02 -1.4585e+02
-1.1068e+02 -1.0999e+02 -1.0637e+02 -1.2389e+02
-1.1063e+02 -1.0941e+02 -1.0030e+02 -9.6918e+01
-1.1063e+02 -1.0941e+02 -1.0281e+02 -1.4401e+02
# New trial
-1.1074e+02 -1.1055e+02 -1.1349e+02 -2.0113e+02
-1.1071e+02 -1.1022e+02 -1.0669e+02 -1.2099e+02
-1.1065e+02 -1.0963e+02 -1.0052e+02 -9.6918e+01
-1.1059e+02 -1.0900e+02 -9.8133e+01 -9.6918e+01
# New trial
-1.1072e+02 -1.1037e+02 -1.1071e+02 -1.9421e+02
-1.1070e+02 -1.1017e+02 -1.0632e+02 -1.1184e+02
-1.1068e+02 -1.0992e+02 -1.0371e+02 -9.8469e+01
-1.1070e+02 -1.1013e+02 -1.0693e+02 -1.6875e+02
# New trial
-1.1072e+02 -1.1035e+02 -1.1747e+02 -2.6711e+02
-1.1069e+02 -1.1004e+02 -1.0783e+02 -1.6072e+02
-1.1063e+02 -1.0949e+02 -1.0084e+02 -1.0249e+02
-1.1064e+02 -1.0955e+02 -1.0627e+02 -1.8540e+02
# New trial
-1.1075e+02 -1.1062e+02 -1.1266e+02 -2.0407e+02
-1.1073e+02 -1.1042e+02 -1.0871e+02 -1.3036e+02
-1.1068e+02 -1.0998e+02 -1.0351e+02 -9.6918e+01
-1.1066e+02 -1.0972e+02 -1.0143e+02 -9.6918e+01
# New trial
-1.1072e+02 -1.1040e+02 -1.1657e+02 -2.5614e+02
-1.1069e+02 -1.1010e+02 -1.1034e+02 -1.5850e+02
-1.1061e+02 -1.0931e+02 -1.0088e+02 -9.7607e+01
-1.1059e+02 -1.0903e+02 -9.8966e+01 -9.7013e+01
# New trial
-1.1073e+02 -1.1045e+02 -1.1010e+02 -1.5301e+02
-1.1070e+02 -1.1019e+02 -1.0725e+02 -1.2813e+02
-1.1062e+02 -1.0935e+02 -1.0054e+02 -9.7317e+01
-1.1056e+02 -1.0870e+02 -9.7683e+01 -9.6918e+01
# New trial
-1.1072e+02 -1.1038e+02 -1.0898e+02 -1.4065e+02
-1.1070e+02 -1.1020e+02 -1.0738e+02 -1.2620e+02
-1.1066e+02 -1.0972e+02 -1.0244e+02 -9.6943e+01
-1.1065e+02 -1.0963e+02 -1.0325e+02 -1.3280e+02
# New trial
-1.1072e+02 -1.1040e+02 -1.1288e+02 -2.0196e+02
-1.1070e+02 -1.1018e+02 -1.0844e+02 -1.4640e+02
-1.1066e+02 -1.0970e+02 -1.0167e+02 -9.7025e+01
-1.1065e+02 -1.0960e+02 -1.0329e+02 -1.4531e+02
# New trial
-1.1073e+02 -1.1047e+02 -1.0998e+02 -1.6184e+02
-1.1072e+02 -1.1037e+02 -1.0788e+02 -1.2906e+02
-1.1070e+02 -1.1013e+02 -1.0475e+02 -9.7153e+01
-1.1069e+02 -1.1007e+02 -1.0408e+02 -9.7083e+01
# New trial
-1.1072e+02 -1.1032e+02 -1.1150e+02 -1.9107e+02
-1.1069e+02 -1.1003e+02 -1.0586e+02 -1.2595e+02
-1.1066e+02 -1.0974e+02 -1.0254e+02 -9.6947e+01
-1.1069e+02 -1.1005e+02 -1.0464e+02 -1.2189e+02
# New trial
-1.1073e+02 -1.1046e+02 -1.1004e+02 -1.8753e+02
-1.1072e+02 -1.1031e+02 -1.0672e+02 -9.8915e+01
-1.1068e+02 -1.0997e+02 -1.0329e+02 -9.6918e+01
-1.1064e+02 -1.0951e+02 -9.9822e+01 -9.6918e+01
# New trial
-1.1072e+02 -1.1042e+02 -1.1252e+02 -1.8713e+02
-1.1068e+02 -1.0998e+02 -1.0559e+02 -1.1426e+02
-1.1064e+02 -1.0954e+02 -1.0133e+02 -9.7254e+01
-1.1068e+02 -1.0995e+02 -1.0326e+02 -9.6921e+01
# New trial
-1.1072e+02 -1.1042e+02 -1.1111e+02 -1.5584e+02
-1.1069e+02 -1.1008e+02 -1.0693e+02 -1.2393e+02
-1.1060e+02 -1.0917e+02 -9.9187e+01 -9.6918e+01
-1.1050e+02 -1.0814e+02 -9.6976e+01 -9.6918e+01
# New trial
-1.1073e+02 -1.1051e+02 -1.1832e+02 -2.5472e+02
-1.1069e+02 -1.1010e+02 -1.0768e+02 -1.2433e+02
-1.1062e+02 -1.0940e+02 -1.0065e+02 -9.7138e+01
-1.1059e+02 -1.0902e+02 -9.9486e+01 -1.0476e+02
# New trial
-1.1074e+02 -1.1050e+02 -1.0845e+02 -1.1339e+02
-1.1072e+02 -1.1030e+02 -1.0668e+02 -1.0053e+02
-1.1067e+02 -1.0987e+02 -1.0285e+02 -9.6918e+01
-1.1066e+02 -1.0977e+02 -1.0201e+02 -9.7826e+01
# New trial
-1.1072e+02 -1.1033e+02 -1.0904e+02 -1.5953e+02
-1.1070e+02 -1.1018e+02 -1.0642e+02 -1.1409e+02
-1.1067e+02 -1.0983e+02 -1.0253e+02 -9.6976e+01
-1.1066e+02 -1.0970e+02 -1.0144e+02 -9.6918e+01
# New trial
-1.1074e+02 -1.1056e+02 -1.1387e+02 -1.9489e+02
-1.1070e+02 -1.1018e+02 -1.0815e+02 -1.5075e+02
-1.1062e+02 -1.0933e+02 -9.9327e+01 -9.6918e+01
-1.1059e+02 -1.0904e+02 -9.7716e+01 -9.6918e+01
# New trial
-1.1073e+02 -1.1047e+02 -1.0944e+02 -1.4675e+02
-1.1071e+02 -1.1021e+02 -1.0660e+02 -1.1626e+02
-1.1066e+02 -1.0977e+02 -1.0293e+02 -9.7330e+01
-1.1069e+02 -1.1000e+02 -1.0528e+02 -1.4267e+02
# New trial
-1.1072e+02 -1.1035e+02 -1.0841e+02 -1.5710e+02
-1.1071e+02 -1.1022e+02 -1.0653e+02 -1.1750e+02
-1.1068e+02 -1.0989e+02 -1.0294e+02 -1.0152e+02
-1.1067e+02 -1.0982e+02 -1.0200e+02 -9.6926e+01
# New trial
