# 10.0sig - Array shape (trial/sig/alpha): (30L, 4L, 4L)
-7.8448e+01 -7.8387e+01 -8.0771e+01 -1.9487e+02
-7.8440e+01 -7.8300e+01 -7.8948e+01 -1.7790e+02
-7.8416e+01 -7.8049e+01 -7.4969e+01 -9.3187e+01
-7.8378e+01 -7.7665e+01 -7.0790e+01 -6.3996e+01
# New trial
-7.8475e+01 -7.8890e+01 -1.0024e+02 -4.3476e+02
-7.8455e+01 -7.8637e+01 -9.2496e+01 -3.2697e+02
-7.8405e+01 -7.7982e+01 -7.7542e+01 -1.7670e+02
-7.8304e+01 -7.6926e+01 -6.4021e+01 -5.5381e+01
# New trial
-7.8451e+01 -7.8449e+01 -8.7010e+01 -3.0101e+02
-7.8431e+01 -7.8249e+01 -8.1953e+01 -2.1667e+02
-7.8357e+01 -7.7474e+01 -7.0974e+01 -1.1158e+02
-7.8256e+01 -7.6452e+01 -6.0742e+01 -5.5381e+01
# New trial
-7.8428e+01 -7.8205e+01 -8.0735e+01 -2.1824e+02
-7.8419e+01 -7.8111e+01 -7.9489e+01 -1.7448e+02
-7.8361e+01 -7.7512e+01 -7.1013e+01 -8.3701e+01
-7.8278e+01 -7.6671e+01 -6.2620e+01 -5.5442e+01
# New trial
-7.8499e+01 -7.8984e+01 -9.5193e+01 -3.5537e+02
-7.8475e+01 -7.8690e+01 -8.5668e+01 -2.5190e+02
-7.8429e+01 -7.8199e+01 -7.7619e+01 -1.3195e+02
-7.8377e+01 -7.7661e+01 -7.1228e+01 -8.6819e+01
# New trial
-7.8443e+01 -7.8373e+01 -8.2393e+01 -1.9763e+02
-7.8419e+01 -7.8116e+01 -7.8961e+01 -1.6627e+02
-7.8350e+01 -7.7402e+01 -6.9905e+01 -8.1371e+01
-7.8247e+01 -7.6365e+01 -5.9975e+01 -5.5381e+01
# New trial
-7.8423e+01 -7.8126e+01 -7.6038e+01 -1.3214e+02
-7.8422e+01 -7.8117e+01 -7.6140e+01 -1.4936e+02
-7.8411e+01 -7.8005e+01 -7.4801e+01 -1.4000e+02
-7.8395e+01 -7.7833e+01 -7.2416e+01 -7.4553e+01
# New trial
-7.8436e+01 -7.8325e+01 -8.5592e+01 -2.5165e+02
-7.8424e+01 -7.8199e+01 -8.3454e+01 -2.2869e+02
-7.8383e+01 -7.7751e+01 -7.3846e+01 -1.0315e+02
-7.8330e+01 -7.7187e+01 -6.6686e+01 -5.5757e+01
# New trial
-7.8478e+01 -7.8897e+01 -1.0613e+02 -5.1657e+02
-7.8447e+01 -7.8477e+01 -9.0288e+01 -3.0080e+02
-7.8359e+01 -7.7502e+01 -7.0877e+01 -8.4040e+01
-7.8253e+01 -7.6423e+01 -6.0978e+01 -5.5381e+01
# New trial
-7.8428e+01 -7.8176e+01 -7.6554e+01 -1.1994e+02
-7.8417e+01 -7.8060e+01 -7.5024e+01 -9.7734e+01
-7.8391e+01 -7.7802e+01 -7.2278e+01 -7.8875e+01
-7.8378e+01 -7.7663e+01 -7.0695e+01 -5.5421e+01
# New trial
-7.8470e+01 -7.8810e+01 -9.7843e+01 -3.8298e+02
-7.8397e+01 -7.7959e+01 -8.7939e+01 -3.4319e+02
-7.8293e+01 -7.6868e+01 -7.1967e+01 -1.6663e+02
-7.8200e+01 -7.5894e+01 -5.7850e+01 -5.5381e+01
# New trial
-7.8495e+01 -7.9018e+01 -1.0193e+02 -4.3944e+02
-7.8451e+01 -7.8441e+01 -8.1989e+01 -1.7243e+02
-7.8412e+01 -7.8019e+01 -7.4977e+01 -9.4344e+01
-7.8351e+01 -7.7404e+01 -6.8300e+01 -5.5399e+01
# New trial
-7.8471e+01 -7.8724e+01 -9.1364e+01 -3.0683e+02
-7.8453e+01 -7.8515e+01 -8.5717e+01 -2.2590e+02
-7.8388e+01 -7.7791e+01 -7.4190e+01 -1.4820e+02
-7.8295e+01 -7.6839e+01 -6.4040e+01 -6.2012e+01
# New trial
-7.8463e+01 -7.8563e+01 -8.6027e+01 -2.6534e+02
-7.8445e+01 -7.8374e+01 -8.2034e+01 -2.0632e+02
-7.8381e+01 -7.7712e+01 -7.2381e+01 -1.0028e+02
-7.8304e+01 -7.6936e+01 -6.4854e+01 -6.9888e+01
# New trial
-7.8459e+01 -7.8592e+01 -9.1899e+01 -3.2508e+02
-7.8436e+01 -7.8336e+01 -8.5346e+01 -2.4787e+02
-7.8366e+01 -7.7576e+01 -7.1972e+01 -9.4228e+01
-7.8286e+01 -7.6757e+01 -6.2771e+01 -5.5381e+01
# New trial
-7.8514e+01 -7.9350e+01 -1.1083e+02 -5.2095e+02
-7.8472e+01 -7.8762e+01 -9.0911e+01 -2.8048e+02
-7.8368e+01 -7.7628e+01 -7.5511e+01 -1.5672e+02
-7.8232e+01 -7.6216e+01 -6.0378e+01 -5.6322e+01
# New trial
-7.8451e+01 -7.8603e+01 -1.0264e+02 -4.7827e+02
-7.8415e+01 -7.8148e+01 -8.5509e+01 -2.5094e+02
-7.8340e+01 -7.7323e+01 -7.0861e+01 -1.0630e+02
-7.8259e+01 -7.6487e+01 -6.0790e+01 -5.5381e+01
# New trial
-7.8476e+01 -7.8716e+01 -8.9042e+01 -3.0747e+02
-7.8437e+01 -7.8304e+01 -8.2083e+01 -2.2770e+02
-7.8368e+01 -7.7594e+01 -7.3236e+01 -1.2503e+02
-7.8319e+01 -7.7085e+01 -6.5961e+01 -6.3754e+01
# New trial
-7.8464e+01 -7.8557e+01 -8.3548e+01 -2.2529e+02
-7.8445e+01 -7.8354e+01 -7.8808e+01 -1.2893e+02
-7.8417e+01 -7.8060e+01 -7.4900e+01 -9.1808e+01
-7.8378e+01 -7.7668e+01 -7.0758e+01 -5.6328e+01
# New trial
-7.8472e+01 -7.8759e+01 -1.0196e+02 -4.4348e+02
-7.8435e+01 -7.8298e+01 -8.3802e+01 -2.3920e+02
-7.8345e+01 -7.7359e+01 -6.9574e+01 -7.7480e+01
-7.8234e+01 -7.6237e+01 -5.9374e+01 -5.5381e+01
# New trial
-7.8468e+01 -7.8625e+01 -8.7929e+01 -2.9246e+02
-7.8437e+01 -7.8275e+01 -7.9032e+01 -1.8831e+02
-7.8376e+01 -7.7652e+01 -7.1427e+01 -1.0783e+02
-7.8308e+01 -7.6965e+01 -6.4714e+01 -5.6338e+01
# New trial
-7.8449e+01 -7.8403e+01 -8.0934e+01 -2.0227e+02
-7.8443e+01 -7.8353e+01 -8.1793e+01 -2.0768e+02
-7.8390e+01 -7.7804e+01 -7.4659e+01 -1.5925e+02
-7.8308e+01 -7.6970e+01 -6.5719e+01 -8.7912e+01
# New trial
-7.8450e+01 -7.8467e+01 -8.5350e+01 -2.1813e+02
-7.8426e+01 -7.8202e+01 -8.1320e+01 -1.9031e+02
-7.8362e+01 -7.7528e+01 -7.1326e+01 -1.0226e+02
-7.8292e+01 -7.6811e+01 -6.3124e+01 -5.5381e+01
# New trial
-7.8441e+01 -7.8431e+01 -8.9284e+01 -2.8418e+02
-7.8427e+01 -7.8297e+01 -8.7314e+01 -2.6338e+02
-7.8365e+01 -7.7590e+01 -7.3727e+01 -1.1952e+02
-7.8251e+01 -7.6402e+01 -6.0324e+01 -5.5381e+01
# New trial
-7.8489e+01 -7.8945e+01 -9.5581e+01 -3.7305e+02
-7.8453e+01 -7.8560e+01 -8.9681e+01 -3.0182e+02
-7.8361e+01 -7.7539e+01 -7.3987e+01 -1.5203e+02
-7.8257e+01 -7.6468e+01 -6.1338e+01 -5.5844e+01
# New trial
-7.8515e+01 -7.9463e+01 -1.1351e+02 -5.4125e+02
-7.8459e+01 -7.8683e+01 -9.6737e+01 -3.8856e+02
-7.8316e+01 -7.7096e+01 -7.0677e+01 -1.3897e+02
-7.8147e+01 -7.5375e+01 -5.7120e+01 -5.5381e+01
# New trial
-7.8587e+01 -8.0195e+01 -1.1871e+02 -5.8343e+02
-7.8493e+01 -7.8949e+01 -9.2465e+01 -3.0795e+02
-7.8347e+01 -7.7393e+01 -7.1754e+01 -1.1980e+02
-7.8232e+01 -7.6214e+01 -6.0634e+01 -5.5388e+01
# New trial
-7.8423e+01 -7.8136e+01 -7.7235e+01 -1.6223e+02
-7.8410e+01 -7.8000e+01 -7.6141e+01 -1.6515e+02
-7.8364e+01 -7.7539e+01 -7.0295e+01 -6.7124e+01
-7.8296e+01 -7.6849e+01 -6.3346e+01 -5.5381e+01
# New trial
-7.8453e+01 -7.8537e+01 -9.3289e+01 -3.8582e+02
-7.8441e+01 -7.8409e+01 -8.6463e+01 -2.6419e+02
-7.8375e+01 -7.7690e+01 -7.4334e+01 -1.3270e+02
-7.8285e+01 -7.6739e+01 -6.2878e+01 -5.5389e+01
# New trial
-7.8450e+01 -7.8446e+01 -8.7805e+01 -2.8348e+02
-7.8429e+01 -7.8218e+01 -8.0521e+01 -1.9517e+02
-7.8365e+01 -7.7545e+01 -7.1200e+01 -1.2388e+02
-7.8279e+01 -7.6683e+01 -6.2889e+01 -6.2873e+01
# New trial
