# 10.0sig - Array shape (trial/sig/alpha): (30L, 4L, 4L)
-1.0610e+02 -1.0571e+02 -1.0960e+02 -4.0718e+02
-1.0608e+02 -1.0548e+02 -1.0491e+02 -3.4489e+02
-1.0602e+02 -1.0489e+02 -9.5470e+01 -1.8858e+02
-1.0593e+02 -1.0400e+02 -8.5564e+01 -6.3763e+01
# New trial
-1.0622e+02 -1.0749e+02 -1.7006e+02 -1.0975e+03
-1.0616e+02 -1.0679e+02 -1.4260e+02 -7.2355e+02
-1.0600e+02 -1.0476e+02 -1.0173e+02 -2.7486e+02
-1.0575e+02 -1.0220e+02 -6.9792e+01 -4.6163e+01
# New trial
-1.0614e+02 -1.0618e+02 -1.2446e+02 -6.0561e+02
-1.0609e+02 -1.0565e+02 -1.1385e+02 -4.2639e+02
-1.0590e+02 -1.0375e+02 -8.7217e+01 -2.1895e+02
-1.0569e+02 -1.0162e+02 -6.6253e+01 -6.5649e+01
# New trial
-1.0607e+02 -1.0547e+02 -1.1070e+02 -4.2499e+02
-1.0604e+02 -1.0518e+02 -1.0888e+02 -3.6675e+02
-1.0589e+02 -1.0362e+02 -8.5315e+01 -8.9417e+01
-1.0571e+02 -1.0180e+02 -6.6664e+01 -4.6165e+01
# New trial
-1.0620e+02 -1.0689e+02 -1.4169e+02 -7.9266e+02
-1.0613e+02 -1.0611e+02 -1.1795e+02 -4.5405e+02
-1.0602e+02 -1.0495e+02 -9.7618e+01 -1.7890e+02
-1.0588e+02 -1.0352e+02 -8.0851e+01 -4.7534e+01
# New trial
-1.0612e+02 -1.0596e+02 -1.1554e+02 -4.4747e+02
-1.0606e+02 -1.0530e+02 -1.0503e+02 -2.9056e+02
-1.0589e+02 -1.0356e+02 -8.3879e+01 -9.9065e+01
-1.0567e+02 -1.0137e+02 -6.3555e+01 -4.8394e+01
# New trial
-1.0610e+02 -1.0566e+02 -1.0445e+02 -3.0762e+02
-1.0608e+02 -1.0553e+02 -1.0220e+02 -2.3022e+02
-1.0603e+02 -1.0502e+02 -9.5659e+01 -1.1336e+02
-1.0597e+02 -1.0436e+02 -8.9138e+01 -1.2737e+02
# New trial
-1.0615e+02 -1.0630e+02 -1.2630e+02 -5.6810e+02
-1.0612e+02 -1.0599e+02 -1.1987e+02 -5.0466e+02
-1.0600e+02 -1.0475e+02 -9.9699e+01 -2.6389e+02
-1.0584e+02 -1.0306e+02 -7.6964e+01 -5.1197e+01
# New trial
-1.0626e+02 -1.0787e+02 -1.8325e+02 -1.2611e+03
-1.0616e+02 -1.0663e+02 -1.3813e+02 -6.6251e+02
-1.0592e+02 -1.0391e+02 -9.1960e+01 -2.8220e+02
-1.0567e+02 -1.0138e+02 -6.4931e+01 -7.3138e+01
# New trial
-1.0609e+02 -1.0563e+02 -1.0402e+02 -3.2332e+02
-1.0607e+02 -1.0537e+02 -9.9335e+01 -1.5424e+02
-1.0602e+02 -1.0485e+02 -9.3588e+01 -7.1892e+01
-1.0599e+02 -1.0459e+02 -9.0796e+01 -5.5005e+01
# New trial
-1.0625e+02 -1.0765e+02 -1.6307e+02 -1.1257e+03
-1.0604e+02 -1.0528e+02 -1.2488e+02 -7.8161e+02
-1.0577e+02 -1.0249e+02 -8.3407e+01 -2.7182e+02
-1.0554e+02 -1.0013e+02 -5.9330e+01 -6.3698e+01
# New trial
-1.0627e+02 -1.0792e+02 -1.6850e+02 -1.0116e+03
-1.0613e+02 -1.0603e+02 -1.1347e+02 -3.0361e+02
-1.0602e+02 -1.0490e+02 -9.5782e+01 -1.4047e+02
-1.0591e+02 -1.0380e+02 -8.3323e+01 -4.8842e+01
# New trial
-1.0616e+02 -1.0668e+02 -1.4292e+02 -7.8161e+02
-1.0611e+02 -1.0603e+02 -1.2354e+02 -5.2591e+02
-1.0594e+02 -1.0412e+02 -9.2107e+01 -2.4349e+02
-1.0575e+02 -1.0218e+02 -7.0895e+01 -7.8846e+01
# New trial
-1.0615e+02 -1.0633e+02 -1.2576e+02 -5.8175e+02
-1.0610e+02 -1.0572e+02 -1.1153e+02 -3.5794e+02
-1.0593e+02 -1.0399e+02 -8.7669e+01 -1.2153e+02
-1.0574e+02 -1.0206e+02 -6.7992e+01 -4.6151e+01
# New trial
-1.0618e+02 -1.0681e+02 -1.4103e+02 -7.1406e+02
-1.0611e+02 -1.0603e+02 -1.2398e+02 -5.2761e+02
-1.0592e+02 -1.0393e+02 -8.9637e+01 -1.6563e+02
-1.0571e+02 -1.0178e+02 -6.6180e+01 -4.6153e+01
# New trial
-1.0628e+02 -1.0826e+02 -1.8440e+02 -1.1717e+03
-1.0615e+02 -1.0646e+02 -1.3243e+02 -5.9511e+02
-1.0588e+02 -1.0350e+02 -8.6191e+01 -1.2880e+02
-1.0557e+02 -1.0043e+02 -5.6692e+01 -4.6151e+01
# New trial
-1.0611e+02 -1.0618e+02 -1.5245e+02 -9.7568e+02
-1.0604e+02 -1.0529e+02 -1.1968e+02 -5.2628e+02
-1.0587e+02 -1.0346e+02 -9.1796e+01 -3.0807e+02
-1.0567e+02 -1.0137e+02 -6.2854e+01 -4.6151e+01
# New trial
-1.0618e+02 -1.0657e+02 -1.2757e+02 -6.4913e+02
-1.0609e+02 -1.0570e+02 -1.1101e+02 -4.4894e+02
-1.0592e+02 -1.0394e+02 -9.0987e+01 -2.9849e+02
-1.0579e+02 -1.0258e+02 -7.5512e+01 -1.5540e+02
# New trial
-1.0613e+02 -1.0610e+02 -1.1675e+02 -5.0060e+02
-1.0609e+02 -1.0557e+02 -1.0295e+02 -2.0330e+02
-1.0602e+02 -1.0485e+02 -9.3677e+01 -5.7726e+01
-1.0592e+02 -1.0392e+02 -8.4243e+01 -4.6182e+01
# New trial
-1.0625e+02 -1.0762e+02 -1.6303e+02 -9.9891e+02
-1.0615e+02 -1.0631e+02 -1.2245e+02 -5.8316e+02
-1.0592e+02 -1.0396e+02 -8.8760e+01 -1.2253e+02
-1.0568e+02 -1.0151e+02 -6.4981e+01 -4.6173e+01
# New trial
-1.0617e+02 -1.0647e+02 -1.2936e+02 -6.4740e+02
-1.0609e+02 -1.0558e+02 -1.0518e+02 -2.9652e+02
-1.0594e+02 -1.0409e+02 -8.7605e+01 -8.8524e+01
-1.0579e+02 -1.0254e+02 -7.2167e+01 -4.6912e+01
# New trial
-1.0609e+02 -1.0562e+02 -1.0702e+02 -3.8395e+02
-1.0607e+02 -1.0544e+02 -1.0792e+02 -3.9911e+02
-1.0596e+02 -1.0432e+02 -9.4094e+01 -2.6554e+02
-1.0577e+02 -1.0241e+02 -7.4055e+01 -1.3877e+02
# New trial
-1.0615e+02 -1.0632e+02 -1.2267e+02 -4.4188e+02
-1.0609e+02 -1.0567e+02 -1.1402e+02 -3.9020e+02
-1.0594e+02 -1.0414e+02 -9.0583e+01 -1.5708e+02
-1.0579e+02 -1.0254e+02 -7.3565e+01 -7.9416e+01
# New trial
-1.0611e+02 -1.0602e+02 -1.2863e+02 -5.8977e+02
-1.0607e+02 -1.0563e+02 -1.2386e+02 -5.5676e+02
-1.0592e+02 -1.0393e+02 -9.2139e+01 -1.9539e+02
-1.0563e+02 -1.0100e+02 -6.0506e+01 -4.6151e+01
# New trial
-1.0623e+02 -1.0743e+02 -1.5814e+02 -9.0360e+02
-1.0613e+02 -1.0627e+02 -1.3221e+02 -6.3337e+02
-1.0589e+02 -1.0364e+02 -8.6396e+01 -1.4884e+02
-1.0564e+02 -1.0110e+02 -6.1037e+01 -4.6151e+01
# New trial
-1.0626e+02 -1.0844e+02 -1.9258e+02 -1.2179e+03
-1.0611e+02 -1.0627e+02 -1.5065e+02 -8.8953e+02
-1.0576e+02 -1.0230e+02 -7.4543e+01 -5.3334e+01
-1.0537e+02 -9.8446e+01 -4.9333e+01 -4.6151e+01
# New trial
-1.0640e+02 -1.0969e+02 -1.9985e+02 -1.3111e+03
-1.0618e+02 -1.0674e+02 -1.3413e+02 -6.4845e+02
-1.0587e+02 -1.0346e+02 -8.8009e+01 -1.6865e+02
-1.0563e+02 -1.0099e+02 -6.3174e+01 -4.6172e+01
# New trial
-1.0609e+02 -1.0559e+02 -1.0382e+02 -2.1694e+02
-1.0606e+02 -1.0526e+02 -1.0093e+02 -2.1967e+02
-1.0593e+02 -1.0404e+02 -8.6951e+01 -5.7631e+01
-1.0579e+02 -1.0256e+02 -7.2330e+01 -4.8153e+01
# New trial
-1.0618e+02 -1.0690e+02 -1.5663e+02 -9.7239e+02
-1.0614e+02 -1.0639e+02 -1.2945e+02 -5.8120e+02
-1.0595e+02 -1.0428e+02 -9.6420e+01 -2.4437e+02
-1.0571e+02 -1.0178e+02 -6.6615e+01 -5.0013e+01
# New trial
-1.0610e+02 -1.0575e+02 -1.2291e+02 -5.9509e+02
-1.0604e+02 -1.0518e+02 -1.0596e+02 -3.6703e+02
-1.0590e+02 -1.0371e+02 -8.5765e+01 -1.8361e+02
-1.0570e+02 -1.0172e+02 -6.6910e+01 -5.2452e+01
# New trial
