# 1.0sig - Array shape (trial/sig/alpha): (30L, 4L, 4L)
-7.8296e+01 -7.7291e+01 -1.0646e+02 -6.7442e+02
-7.8284e+01 -7.6948e+01 -8.4518e+01 -3.9611e+02
-7.8140e+01 -7.5342e+01 -5.5424e+01 -1.7046e+02
-7.8064e+01 -7.4543e+01 -5.0760e+01 -7.4355e+01
# New trial
-7.8216e+01 -7.6419e+01 -8.5076e+01 -4.0936e+02
-7.8192e+01 -7.6026e+01 -6.7868e+01 -1.5941e+02
-7.8186e+01 -7.5852e+01 -5.9849e+01 -1.5167e+02
-7.8234e+01 -7.6236e+01 -5.9999e+01 -8.0165e+01
# New trial
-7.8289e+01 -7.7034e+01 -9.2209e+01 -6.4807e+02
-7.8272e+01 -7.6780e+01 -7.4964e+01 -2.9302e+02
-7.8234e+01 -7.6280e+01 -6.1789e+01 -2.2702e+02
-7.8192e+01 -7.5813e+01 -5.6816e+01 -5.6863e+01
# New trial
-7.8256e+01 -7.6675e+01 -8.6827e+01 -5.5110e+02
-7.8268e+01 -7.6757e+01 -7.6652e+01 -2.9736e+02
-7.8225e+01 -7.6201e+01 -6.1462e+01 -1.2011e+02
-7.8233e+01 -7.6235e+01 -5.9462e+01 -5.8957e+01
# New trial
-7.8255e+01 -7.6983e+01 -1.1658e+02 -8.4989e+02
-7.8186e+01 -7.5989e+01 -7.3355e+01 -3.2378e+02
-7.8136e+01 -7.5342e+01 -5.9098e+01 -2.3942e+02
-7.8178e+01 -7.5701e+01 -5.8696e+01 -2.1953e+02
# New trial
-7.8235e+01 -7.6552e+01 -8.4828e+01 -4.7023e+02
-7.8254e+01 -7.6599e+01 -7.3802e+01 -2.7571e+02
-7.8210e+01 -7.6027e+01 -5.8933e+01 -1.4705e+02
-7.8216e+01 -7.6052e+01 -5.7752e+01 -8.5424e+01
# New trial
-7.8348e+01 -7.7561e+01 -8.9721e+01 -5.0640e+02
-7.8347e+01 -7.7422e+01 -7.3105e+01 -1.6734e+02
-7.8336e+01 -7.7263e+01 -6.8009e+01 -1.0453e+02
-7.8372e+01 -7.7605e+01 -7.0358e+01 -9.7045e+01
# New trial
-7.8402e+01 -7.8371e+01 -1.1474e+02 -7.5921e+02
-7.8307e+01 -7.7206e+01 -8.4301e+01 -4.0778e+02
-7.8163e+01 -7.5624e+01 -5.9150e+01 -1.6562e+02
-7.8205e+01 -7.5987e+01 -6.1361e+01 -2.1233e+02
# New trial
-7.8153e+01 -7.6837e+01 -1.2106e+02 -8.5028e+02
-7.8057e+01 -7.5172e+01 -8.8361e+01 -5.2752e+02
-7.7897e+01 -7.3125e+01 -5.9509e+01 -3.5679e+02
-7.8114e+01 -7.5083e+01 -5.5535e+01 -1.5155e+02
# New trial
-7.8306e+01 -7.7368e+01 -9.3814e+01 -5.3362e+02
-7.8279e+01 -7.6907e+01 -8.2742e+01 -4.3366e+02
-7.8129e+01 -7.5247e+01 -5.5617e+01 -1.9103e+02
-7.8091e+01 -7.4819e+01 -5.3509e+01 -7.3028e+01
# New trial
-7.8232e+01 -7.7029e+01 -1.1465e+02 -7.5407e+02
-7.8198e+01 -7.6424e+01 -9.9215e+01 -6.0899e+02
-7.8071e+01 -7.4717e+01 -5.4357e+01 -2.0029e+02
-7.8106e+01 -7.4975e+01 -5.3732e+01 -6.7475e+01
# New trial
-7.8397e+01 -7.8815e+01 -1.3453e+02 -9.6152e+02
-7.8291e+01 -7.7056e+01 -8.6956e+01 -4.4295e+02
-7.8129e+01 -7.5230e+01 -5.5347e+01 -2.2632e+02
-7.8079e+01 -7.4694e+01 -5.1205e+01 -6.3267e+01
# New trial
-7.8314e+01 -7.7431e+01 -1.0535e+02 -6.7157e+02
-7.8227e+01 -7.6358e+01 -7.2601e+01 -2.3088e+02
-7.8190e+01 -7.5863e+01 -5.9087e+01 -1.2199e+02
-7.8259e+01 -7.6505e+01 -6.3031e+01 -1.2162e+02
# New trial
-7.8256e+01 -7.7817e+01 -1.6617e+02 -1.3682e+03
-7.8169e+01 -7.6271e+01 -9.9835e+01 -5.9759e+02
-7.8057e+01 -7.4624e+01 -5.7138e+01 -2.4557e+02
-7.8120e+01 -7.5132e+01 -5.5925e+01 -9.6012e+01
# New trial
-7.8245e+01 -7.6813e+01 -1.0366e+02 -6.8270e+02
-7.8280e+01 -7.6900e+01 -7.8934e+01 -2.8733e+02
-7.8243e+01 -7.6376e+01 -6.2457e+01 -1.5236e+02
-7.8230e+01 -7.6202e+01 -5.9560e+01 -8.9423e+01
# New trial
-7.8097e+01 -7.6328e+01 -1.3570e+02 -1.0363e+03
-7.8106e+01 -7.5716e+01 -8.9509e+01 -4.8056e+02
-7.8049e+01 -7.4562e+01 -5.6728e+01 -2.4759e+02
-7.8206e+01 -7.5962e+01 -5.9705e+01 -1.6950e+02
# New trial
-7.8204e+01 -7.6686e+01 -1.0469e+02 -6.7580e+02
-7.8128e+01 -7.5629e+01 -7.9957e+01 -4.2321e+02
-7.7985e+01 -7.3930e+01 -5.8754e+01 -3.0426e+02
-7.8177e+01 -7.5693e+01 -6.0877e+01 -1.9009e+02
# New trial
-7.8213e+01 -7.6412e+01 -8.4994e+01 -4.6127e+02
-7.8193e+01 -7.6125e+01 -7.4973e+01 -2.9398e+02
-7.8130e+01 -7.5305e+01 -5.7572e+01 -1.5085e+02
-7.8182e+01 -7.5731e+01 -5.7298e+01 -7.4183e+01
# New trial
-7.8204e+01 -7.6343e+01 -1.0812e+02 -7.9473e+02
-7.8222e+01 -7.6381e+01 -8.5870e+01 -4.8975e+02
-7.8149e+01 -7.5462e+01 -5.9993e+01 -2.2548e+02
-7.8134e+01 -7.5262e+01 -5.8081e+01 -1.9146e+02
# New trial
-7.8348e+01 -7.7823e+01 -1.1283e+02 -7.8894e+02
-7.8326e+01 -7.7344e+01 -8.5219e+01 -4.0512e+02
-7.8241e+01 -7.6344e+01 -6.1689e+01 -1.7300e+02
-7.8215e+01 -7.6048e+01 -5.7611e+01 -8.1154e+01
# New trial
-7.8192e+01 -7.6534e+01 -1.1610e+02 -8.1054e+02
-7.8099e+01 -7.5248e+01 -6.8332e+01 -2.3037e+02
-7.8148e+01 -7.5541e+01 -5.8747e+01 -1.2927e+02
-7.8350e+01 -7.7429e+01 -7.0725e+01 -2.0264e+02
# New trial
-7.8250e+01 -7.6550e+01 -8.1071e+01 -4.9728e+02
-7.8267e+01 -7.6631e+01 -6.8572e+01 -2.1465e+02
-7.8203e+01 -7.5939e+01 -5.6362e+01 -9.3898e+01
-7.8223e+01 -7.6129e+01 -5.8039e+01 -4.6229e+01
# New trial
-7.8227e+01 -7.7260e+01 -1.3288e+02 -9.9056e+02
-7.8139e+01 -7.5895e+01 -8.2119e+01 -4.1667e+02
-7.8118e+01 -7.5290e+01 -5.8903e+01 -1.7941e+02
-7.8266e+01 -7.6578e+01 -6.2908e+01 -1.0930e+02
# New trial
-7.8228e+01 -7.7314e+01 -1.1939e+02 -8.1390e+02
-7.8176e+01 -7.6226e+01 -8.4459e+01 -3.8688e+02
-7.8038e+01 -7.4471e+01 -5.6210e+01 -2.3392e+02
-7.8014e+01 -7.4092e+01 -5.0955e+01 -8.7075e+01
# New trial
-7.8447e+01 -7.9086e+01 -1.3515e+02 -9.7179e+02
-7.8370e+01 -7.7919e+01 -9.5105e+01 -5.0718e+02
-7.8127e+01 -7.5263e+01 -5.9471e+01 -2.3374e+02
-7.8200e+01 -7.5905e+01 -5.9664e+01 -1.2873e+02
# New trial
-7.8288e+01 -7.7006e+01 -8.4632e+01 -3.9914e+02
-7.8214e+01 -7.6157e+01 -6.5060e+01 -1.6550e+02
-7.8169e+01 -7.5629e+01 -5.7229e+01 -1.6522e+02
-7.8281e+01 -7.6711e+01 -6.4447e+01 -1.6542e+02
# New trial
-7.8116e+01 -7.5482e+01 -8.5948e+01 -5.1557e+02
-7.8202e+01 -7.6110e+01 -7.2965e+01 -2.9162e+02
-7.8210e+01 -7.6054e+01 -6.1188e+01 -1.9105e+02
-7.8237e+01 -7.6269e+01 -6.0373e+01 -1.0650e+02
# New trial
-7.8266e+01 -7.8028e+01 -1.4953e+02 -1.1984e+03
-7.8238e+01 -7.6894e+01 -9.5716e+01 -5.5985e+02
-7.8072e+01 -7.4743e+01 -5.5504e+01 -1.8227e+02
-7.8095e+01 -7.4866e+01 -5.6202e+01 -9.6746e+01
# New trial
-7.8275e+01 -7.7085e+01 -9.9264e+01 -5.7494e+02
-7.8202e+01 -7.6132e+01 -6.9757e+01 -2.1758e+02
-7.8134e+01 -7.5327e+01 -5.6517e+01 -1.3807e+02
-7.8237e+01 -7.6275e+01 -6.0427e+01 -1.0004e+02
# New trial
-7.8275e+01 -7.7038e+01 -1.0913e+02 -7.9796e+02
-7.8254e+01 -7.6649e+01 -8.0515e+01 -3.8838e+02
-7.8198e+01 -7.5921e+01 -5.9885e+01 -2.1833e+02
-7.8169e+01 -7.5594e+01 -5.6286e+01 -1.4606e+02
# New trial
