# 1.0sig - Array shape (trial/sig/alpha): (30L, 4L, 4L)
-4.6185e+01 -4.6550e+01 -5.6910e+01 -2.0462e+02
-4.6181e+01 -4.6493e+01 -5.3853e+01 -1.6340e+02
-4.6163e+01 -4.6283e+01 -4.8577e+01 -1.1413e+02
-4.6152e+01 -4.6159e+01 -4.6301e+01 -6.4059e+01
# New trial
-4.6089e+01 -4.5624e+01 -4.7358e+01 -1.0300e+02
-4.6111e+01 -4.5795e+01 -4.4874e+01 -5.7173e+01
-4.6145e+01 -4.6114e+01 -4.6787e+01 -9.0077e+01
-4.6149e+01 -4.6134e+01 -4.6145e+01 -5.0673e+01
# New trial
-4.6140e+01 -4.6070e+01 -4.9782e+01 -1.4595e+02
-4.6134e+01 -4.6001e+01 -4.6820e+01 -8.9551e+01
-4.6144e+01 -4.6085e+01 -4.6226e+01 -7.4207e+01
-4.6150e+01 -4.6144e+01 -4.6161e+01 -5.2585e+01
# New trial
-4.6129e+01 -4.5962e+01 -4.8178e+01 -1.1930e+02
-4.6129e+01 -4.5961e+01 -4.7010e+01 -9.1321e+01
-4.6144e+01 -4.6086e+01 -4.6222e+01 -6.9081e+01
-4.6150e+01 -4.6143e+01 -4.6135e+01 -5.2885e+01
# New trial
-4.6176e+01 -4.6513e+01 -6.0159e+01 -2.3697e+02
-4.6161e+01 -4.6292e+01 -5.2995e+01 -1.6740e+02
-4.6152e+01 -4.6172e+01 -4.8157e+01 -1.2098e+02
-4.6151e+01 -4.6147e+01 -4.6176e+01 -5.2668e+01
# New trial
-4.6115e+01 -4.5842e+01 -4.6787e+01 -9.1772e+01
-4.6124e+01 -4.5925e+01 -4.6786e+01 -8.4326e+01
-4.6146e+01 -4.6111e+01 -4.6777e+01 -8.0692e+01
-4.6152e+01 -4.6156e+01 -4.6304e+01 -7.1346e+01
# New trial
-4.6152e+01 -4.6183e+01 -4.9998e+01 -1.4108e+02
-4.6142e+01 -4.6068e+01 -4.6313e+01 -7.7267e+01
-4.6145e+01 -4.6096e+01 -4.5861e+01 -6.5339e+01
-4.6151e+01 -4.6150e+01 -4.6165e+01 -5.8624e+01
# New trial
-4.6147e+01 -4.6143e+01 -4.9210e+01 -1.2315e+02
-4.6143e+01 -4.6087e+01 -4.7329e+01 -9.5336e+01
-4.6146e+01 -4.6105e+01 -4.6323e+01 -7.6759e+01
-4.6150e+01 -4.6143e+01 -4.6117e+01 -4.8090e+01
# New trial
-4.6160e+01 -4.6450e+01 -5.7688e+01 -2.1986e+02
-4.6131e+01 -4.6083e+01 -5.2910e+01 -1.7341e+02
-4.6136e+01 -4.6034e+01 -4.8069e+01 -1.2913e+02
-4.6149e+01 -4.6137e+01 -4.6228e+01 -6.0068e+01
# New trial
-4.6151e+01 -4.6203e+01 -5.0075e+01 -1.2207e+02
-4.6153e+01 -4.6201e+01 -4.9212e+01 -1.1529e+02
-4.6153e+01 -4.6180e+01 -4.7205e+01 -8.5088e+01
-4.6150e+01 -4.6142e+01 -4.6122e+01 -4.7322e+01
# New trial
-4.6065e+01 -4.5439e+01 -4.7950e+01 -1.1538e+02
-4.6092e+01 -4.5653e+01 -4.7805e+01 -1.2368e+02
-4.6142e+01 -4.6073e+01 -4.7639e+01 -1.1126e+02
-4.6153e+01 -4.6168e+01 -4.7063e+01 -1.1337e+02
# New trial
-4.6167e+01 -4.6390e+01 -5.7780e+01 -2.2676e+02
-4.6157e+01 -4.6248e+01 -5.1111e+01 -1.4462e+02
-4.6155e+01 -4.6192e+01 -4.7408e+01 -1.0844e+02
-4.6151e+01 -4.6147e+01 -4.6172e+01 -5.4719e+01
# New trial
-4.6109e+01 -4.5827e+01 -5.0986e+01 -1.4792e+02
-4.6122e+01 -4.5902e+01 -4.6931e+01 -9.0616e+01
-4.6143e+01 -4.6081e+01 -4.6581e+01 -9.2862e+01
-4.6151e+01 -4.6148e+01 -4.6190e+01 -6.5739e+01
# New trial
-4.6191e+01 -4.6770e+01 -6.7167e+01 -3.1342e+02
-4.6169e+01 -4.6445e+01 -5.6499e+01 -1.9468e+02
-4.6148e+01 -4.6140e+01 -4.8354e+01 -1.1985e+02
-4.6151e+01 -4.6148e+01 -4.6295e+01 -7.0195e+01
# New trial
-4.6101e+01 -4.5731e+01 -4.9660e+01 -1.5297e+02
-4.6110e+01 -4.5777e+01 -4.5822e+01 -7.6194e+01
-4.6143e+01 -4.6077e+01 -4.6096e+01 -8.5578e+01
-4.6151e+01 -4.6151e+01 -4.6297e+01 -7.8498e+01
# New trial
-4.6133e+01 -4.6155e+01 -5.8126e+01 -2.3672e+02
-4.6145e+01 -4.6227e+01 -5.3154e+01 -1.6328e+02
-4.6153e+01 -4.6198e+01 -4.8398e+01 -1.1510e+02
-4.6151e+01 -4.6152e+01 -4.6249e+01 -7.3175e+01
# New trial
-4.6107e+01 -4.5842e+01 -5.0178e+01 -1.3101e+02
-4.6118e+01 -4.5900e+01 -4.8417e+01 -1.1701e+02
-4.6138e+01 -4.6041e+01 -4.7931e+01 -1.3177e+02
-4.6150e+01 -4.6146e+01 -4.6331e+01 -7.5716e+01
# New trial
-4.6172e+01 -4.6418e+01 -5.3541e+01 -1.7495e+02
-4.6172e+01 -4.6406e+01 -5.2269e+01 -1.5532e+02
-4.6157e+01 -4.6221e+01 -4.7925e+01 -8.9047e+01
-4.6150e+01 -4.6146e+01 -4.6213e+01 -5.7094e+01
# New trial
-4.6067e+01 -4.5438e+01 -4.9355e+01 -1.3167e+02
-4.6122e+01 -4.5929e+01 -4.9491e+01 -1.2554e+02
-4.6143e+01 -4.6082e+01 -4.6789e+01 -9.9776e+01
-4.6152e+01 -4.6155e+01 -4.6374e+01 -7.9330e+01
# New trial
-4.6180e+01 -4.6495e+01 -5.4868e+01 -1.7553e+02
-4.6174e+01 -4.6409e+01 -5.2315e+01 -1.5349e+02
-4.6154e+01 -4.6180e+01 -4.6882e+01 -7.4605e+01
-4.6150e+01 -4.6142e+01 -4.6089e+01 -4.6199e+01
# New trial
-4.6107e+01 -4.5854e+01 -5.2579e+01 -1.6096e+02
-4.6122e+01 -4.5930e+01 -4.8067e+01 -1.0502e+02
-4.6145e+01 -4.6100e+01 -4.6413e+01 -7.7105e+01
-4.6152e+01 -4.6161e+01 -4.6326e+01 -6.7896e+01
# New trial
-4.6162e+01 -4.6286e+01 -5.2527e+01 -1.8333e+02
-4.6153e+01 -4.6181e+01 -4.8046e+01 -1.0716e+02
-4.6143e+01 -4.6075e+01 -4.5743e+01 -6.8259e+01
-4.6150e+01 -4.6144e+01 -4.6102e+01 -4.6746e+01
# New trial
-4.6206e+01 -4.6840e+01 -6.2870e+01 -2.6893e+02
-4.6194e+01 -4.6675e+01 -5.7284e+01 -1.9921e+02
-4.6157e+01 -4.6222e+01 -4.8075e+01 -1.0047e+02
-4.6152e+01 -4.6160e+01 -4.6295e+01 -5.7688e+01
# New trial
-4.6198e+01 -4.6760e+01 -5.8888e+01 -2.2291e+02
-4.6182e+01 -4.6547e+01 -5.4103e+01 -1.5979e+02
-4.6160e+01 -4.6271e+01 -4.9091e+01 -1.1646e+02
-4.6150e+01 -4.6144e+01 -4.6189e+01 -5.2872e+01
# New trial
-4.6114e+01 -4.5862e+01 -4.9362e+01 -1.3294e+02
-4.6147e+01 -4.6159e+01 -4.9562e+01 -1.2219e+02
-4.6153e+01 -4.6178e+01 -4.7895e+01 -1.1098e+02
-4.6151e+01 -4.6150e+01 -4.6159e+01 -4.7906e+01
# New trial
-4.6138e+01 -4.6046e+01 -4.7558e+01 -1.0505e+02
-4.6158e+01 -4.6240e+01 -4.8625e+01 -1.1140e+02
-4.6155e+01 -4.6193e+01 -4.7357e+01 -1.0279e+02
-4.6152e+01 -4.6155e+01 -4.6215e+01 -5.5085e+01
# New trial
-4.6114e+01 -4.5829e+01 -4.8188e+01 -1.2130e+02
-4.6139e+01 -4.6061e+01 -4.7808e+01 -1.0074e+02
-4.6148e+01 -4.6131e+01 -4.6488e+01 -6.4901e+01
-4.6150e+01 -4.6140e+01 -4.6108e+01 -4.7179e+01
# New trial
-4.6191e+01 -4.6837e+01 -6.5954e+01 -3.0584e+02
-4.6170e+01 -4.6481e+01 -5.6546e+01 -1.9694e+02
-4.6149e+01 -4.6153e+01 -4.7663e+01 -9.8811e+01
-4.6151e+01 -4.6153e+01 -4.6241e+01 -6.9080e+01
# New trial
-4.6074e+01 -4.5488e+01 -4.7764e+01 -1.1282e+02
-4.6085e+01 -4.5539e+01 -4.3161e+01 -4.8692e+01
-4.6131e+01 -4.5970e+01 -4.5722e+01 -8.1182e+01
-4.6150e+01 -4.6144e+01 -4.6167e+01 -6.3348e+01
# New trial
-4.6096e+01 -4.5679e+01 -4.9716e+01 -1.4899e+02
-4.6139e+01 -4.6069e+01 -4.9075e+01 -1.1754e+02
-4.6159e+01 -4.6246e+01 -4.8055e+01 -9.8197e+01
-4.6151e+01 -4.6148e+01 -4.6220e+01 -5.6804e+01
# New trial
