# 1.0sig - Array shape (trial/sig/alpha): (30L, 4L, 4L)
-3.2221e+01 -3.1551e+01 -3.0859e+01 -6.8481e+01
-3.2274e+01 -3.2026e+01 -3.2186e+01 -7.1192e+01
-3.2300e+01 -3.2251e+01 -3.2362e+01 -7.1696e+01
-3.2305e+01 -3.2296e+01 -3.2257e+01 -3.5611e+01
# New trial
-3.2282e+01 -3.2106e+01 -3.3615e+01 -7.9676e+01
-3.2299e+01 -3.2247e+01 -3.2842e+01 -6.7268e+01
-3.2305e+01 -3.2301e+01 -3.2520e+01 -5.5468e+01
-3.2306e+01 -3.2305e+01 -3.2306e+01 -3.3179e+01
# New trial
-3.2278e+01 -3.2122e+01 -3.7419e+01 -1.3948e+02
-3.2319e+01 -3.2502e+01 -3.7826e+01 -1.2727e+02
-3.2337e+01 -3.2633e+01 -3.6596e+01 -1.1090e+02
-3.2307e+01 -3.2314e+01 -3.2463e+01 -4.2472e+01
# New trial
-3.2248e+01 -3.1801e+01 -3.3238e+01 -9.7664e+01
-3.2293e+01 -3.2222e+01 -3.4155e+01 -8.3642e+01
-3.2305e+01 -3.2302e+01 -3.2670e+01 -6.1971e+01
-3.2305e+01 -3.2302e+01 -3.2398e+01 -5.9344e+01
# New trial
-3.2272e+01 -3.2140e+01 -4.1264e+01 -1.7184e+02
-3.2264e+01 -3.1958e+01 -3.3230e+01 -8.6691e+01
-3.2290e+01 -3.2165e+01 -3.1929e+01 -6.5781e+01
-3.2304e+01 -3.2290e+01 -3.2257e+01 -3.4207e+01
# New trial
-3.2242e+01 -3.1810e+01 -3.3677e+01 -7.8407e+01
-3.2293e+01 -3.2228e+01 -3.4493e+01 -9.3031e+01
-3.2302e+01 -3.2281e+01 -3.2944e+01 -7.1618e+01
-3.2306e+01 -3.2303e+01 -3.2340e+01 -5.0953e+01
# New trial
-3.2266e+01 -3.1978e+01 -3.4028e+01 -9.7740e+01
-3.2291e+01 -3.2176e+01 -3.2223e+01 -6.2753e+01
-3.2303e+01 -3.2284e+01 -3.2325e+01 -4.9561e+01
-3.2306e+01 -3.2305e+01 -3.2300e+01 -3.2578e+01
# New trial
-3.2337e+01 -3.2715e+01 -4.2305e+01 -1.7461e+02
-3.2312e+01 -3.2403e+01 -3.5442e+01 -9.5513e+01
-3.2297e+01 -3.2228e+01 -3.2216e+01 -6.0406e+01
-3.2305e+01 -3.2297e+01 -3.2268e+01 -3.8247e+01
# New trial
-3.2235e+01 -3.1863e+01 -3.9176e+01 -1.5434e+02
-3.2293e+01 -3.2338e+01 -4.0693e+01 -1.6851e+02
-3.2302e+01 -3.2313e+01 -3.6496e+01 -1.3986e+02
-3.2306e+01 -3.2310e+01 -3.2802e+01 -7.8994e+01
# New trial
-3.2308e+01 -3.2380e+01 -3.6452e+01 -1.1242e+02
-3.2315e+01 -3.2428e+01 -3.5892e+01 -1.0519e+02
-3.2308e+01 -3.2333e+01 -3.3164e+01 -6.8288e+01
-3.2306e+01 -3.2307e+01 -3.2380e+01 -4.6803e+01
# New trial
-3.2334e+01 -3.2724e+01 -4.6481e+01 -2.3241e+02
-3.2322e+01 -3.2566e+01 -4.2510e+01 -1.8974e+02
-3.2304e+01 -3.2304e+01 -3.3869e+01 -8.6563e+01
-3.2305e+01 -3.2303e+01 -3.2329e+01 -4.0892e+01
# New trial
-3.2208e+01 -3.1563e+01 -3.3002e+01 -7.6338e+01
-3.2284e+01 -3.2124e+01 -3.3102e+01 -8.2630e+01
-3.2303e+01 -3.2277e+01 -3.2508e+01 -7.1691e+01
-3.2306e+01 -3.2303e+01 -3.2288e+01 -3.5479e+01
# New trial
-3.2325e+01 -3.2521e+01 -3.7448e+01 -1.2832e+02
-3.2311e+01 -3.2367e+01 -3.3556e+01 -6.6526e+01
-3.2304e+01 -3.2291e+01 -3.2244e+01 -4.6947e+01
-3.2306e+01 -3.2306e+01 -3.2307e+01 -3.3082e+01
# New trial
-3.2279e+01 -3.2278e+01 -4.9505e+01 -2.7370e+02
-3.2258e+01 -3.1955e+01 -3.5888e+01 -1.1382e+02
-3.2293e+01 -3.2206e+01 -3.3168e+01 -8.1984e+01
-3.2304e+01 -3.2293e+01 -3.2374e+01 -5.7870e+01
# New trial
-3.2294e+01 -3.2274e+01 -3.7738e+01 -1.3128e+02
-3.2323e+01 -3.2510e+01 -3.6768e+01 -1.0891e+02
-3.2323e+01 -3.2480e+01 -3.4444e+01 -7.6323e+01
-3.2306e+01 -3.2311e+01 -3.2386e+01 -4.5000e+01
# New trial
-3.2336e+01 -3.2798e+01 -4.7292e+01 -2.4595e+02
-3.2320e+01 -3.2556e+01 -3.9616e+01 -1.5207e+02
-3.2309e+01 -3.2360e+01 -3.5077e+01 -1.1595e+02
-3.2306e+01 -3.2308e+01 -3.2521e+01 -6.7595e+01
# New trial
-3.2294e+01 -3.2312e+01 -3.9699e+01 -1.5625e+02
-3.2296e+01 -3.2283e+01 -3.6484e+01 -1.1346e+02
-3.2297e+01 -3.2235e+01 -3.2804e+01 -7.6021e+01
-3.2304e+01 -3.2289e+01 -3.2234e+01 -3.3253e+01
# New trial
-3.2237e+01 -3.1725e+01 -3.1969e+01 -7.1673e+01
-3.2270e+01 -3.2011e+01 -3.2608e+01 -6.9856e+01
-3.2299e+01 -3.2253e+01 -3.2847e+01 -6.4468e+01
-3.2305e+01 -3.2295e+01 -3.2332e+01 -4.6466e+01
# New trial
-3.2331e+01 -3.2630e+01 -4.2011e+01 -1.8567e+02
-3.2323e+01 -3.2518e+01 -3.7503e+01 -1.2740e+02
-3.2308e+01 -3.2341e+01 -3.3755e+01 -9.4309e+01
-3.2305e+01 -3.2303e+01 -3.2353e+01 -4.9688e+01
# New trial
-3.2252e+01 -3.1896e+01 -3.7119e+01 -1.2744e+02
-3.2275e+01 -3.2047e+01 -3.3543e+01 -8.1994e+01
-3.2299e+01 -3.2245e+01 -3.2541e+01 -6.4229e+01
-3.2306e+01 -3.2304e+01 -3.2349e+01 -4.6690e+01
# New trial
-3.2298e+01 -3.2445e+01 -4.6588e+01 -2.2818e+02
-3.2287e+01 -3.2200e+01 -3.5169e+01 -1.0104e+02
-3.2297e+01 -3.2244e+01 -3.2533e+01 -6.2837e+01
-3.2303e+01 -3.2288e+01 -3.2314e+01 -3.4011e+01
# New trial
-3.2317e+01 -3.2428e+01 -3.4497e+01 -8.9297e+01
-3.2315e+01 -3.2409e+01 -3.4251e+01 -8.0533e+01
-3.2305e+01 -3.2298e+01 -3.2502e+01 -6.2195e+01
-3.2305e+01 -3.2298e+01 -3.2266e+01 -3.3459e+01
# New trial
-3.2234e+01 -3.1901e+01 -4.2675e+01 -1.8230e+02
-3.2253e+01 -3.1916e+01 -3.3276e+01 -7.9470e+01
-3.2295e+01 -3.2236e+01 -3.2738e+01 -6.2453e+01
-3.2303e+01 -3.2292e+01 -3.2500e+01 -5.2799e+01
# New trial
-3.2299e+01 -3.2368e+01 -3.9888e+01 -1.5900e+02
-3.2306e+01 -3.2372e+01 -3.6495e+01 -1.1085e+02
-3.2303e+01 -3.2285e+01 -3.2707e+01 -6.2929e+01
-3.2305e+01 -3.2299e+01 -3.2269e+01 -3.2370e+01
# New trial
-3.2314e+01 -3.2392e+01 -3.3904e+01 -7.2825e+01
-3.2314e+01 -3.2394e+01 -3.3741e+01 -8.1364e+01
-3.2308e+01 -3.2333e+01 -3.2788e+01 -6.0197e+01
-3.2305e+01 -3.2302e+01 -3.2282e+01 -3.2927e+01
# New trial
-3.2309e+01 -3.2393e+01 -3.7444e+01 -1.3215e+02
-3.2284e+01 -3.2117e+01 -3.2326e+01 -6.0136e+01
-3.2299e+01 -3.2243e+01 -3.2044e+01 -5.2027e+01
-3.2306e+01 -3.2308e+01 -3.2337e+01 -3.5135e+01
# New trial
-3.2240e+01 -3.1709e+01 -3.0710e+01 -5.4471e+01
-3.2278e+01 -3.2051e+01 -3.1442e+01 -5.5544e+01
-3.2302e+01 -3.2272e+01 -3.2372e+01 -6.1172e+01
-3.2305e+01 -3.2302e+01 -3.2279e+01 -3.2573e+01
# New trial
-3.2374e+01 -3.3399e+01 -6.1096e+01 -3.7326e+02
-3.2326e+01 -3.2594e+01 -4.0235e+01 -1.5682e+02
-3.2302e+01 -3.2279e+01 -3.3234e+01 -8.6752e+01
-3.2305e+01 -3.2309e+01 -3.3427e+01 -9.8618e+01
# New trial
-3.2301e+01 -3.2402e+01 -4.1388e+01 -1.6381e+02
-3.2310e+01 -3.2408e+01 -3.6418e+01 -9.9224e+01
-3.2303e+01 -3.2294e+01 -3.3110e+01 -6.7528e+01
-3.2304e+01 -3.2293e+01 -3.2368e+01 -5.6867e+01
# New trial
-3.2315e+01 -3.2509e+01 -4.5151e+01 -2.1862e+02
-3.2298e+01 -3.2269e+01 -3.5125e+01 -9.2669e+01
-3.2299e+01 -3.2244e+01 -3.2179e+01 -5.6713e+01
-3.2305e+01 -3.2300e+01 -3.2265e+01 -3.2320e+01
# New trial
