# 1.0sig - Array shape (trial/sig/alpha): (30L, 4L, 4L)
-5.5368e+01 -5.5377e+01 -6.8578e+01 -2.8026e+02
-5.5352e+01 -5.5156e+01 -6.0361e+01 -1.8219e+02
-5.5303e+01 -5.4618e+01 -5.0910e+01 -1.2065e+02
-5.5306e+01 -5.4634e+01 -4.8881e+01 -6.2589e+01
# New trial
-5.5285e+01 -5.4546e+01 -5.7200e+01 -1.6525e+02
-5.5293e+01 -5.4570e+01 -5.1764e+01 -7.1870e+01
-5.5312e+01 -5.4725e+01 -5.1295e+01 -9.3380e+01
-5.5347e+01 -5.5036e+01 -5.2522e+01 -8.9707e+01
# New trial
-5.5343e+01 -5.5060e+01 -5.9111e+01 -1.8526e+02
-5.5324e+01 -5.4855e+01 -5.4073e+01 -1.0256e+02
-5.5311e+01 -5.4695e+01 -5.0207e+01 -7.7134e+01
-5.5333e+01 -5.4900e+01 -5.0855e+01 -5.2783e+01
# New trial
-5.5313e+01 -5.4765e+01 -5.7160e+01 -1.7931e+02
-5.5304e+01 -5.4680e+01 -5.4048e+01 -1.1618e+02
-5.5309e+01 -5.4682e+01 -5.0448e+01 -8.0015e+01
-5.5343e+01 -5.5000e+01 -5.1999e+01 -6.9741e+01
# New trial
-5.5351e+01 -5.5273e+01 -7.1980e+01 -3.2840e+02
-5.5319e+01 -5.4853e+01 -5.8596e+01 -2.0354e+02
-5.5296e+01 -5.4555e+01 -5.1246e+01 -1.2621e+02
-5.5335e+01 -5.4925e+01 -5.1531e+01 -8.8080e+01
# New trial
-5.5298e+01 -5.4638e+01 -5.6659e+01 -1.7450e+02
-5.5304e+01 -5.4671e+01 -5.3269e+01 -1.1022e+02
-5.5314e+01 -5.4721e+01 -5.0477e+01 -7.6175e+01
-5.5339e+01 -5.4955e+01 -5.1392e+01 -6.8823e+01
# New trial
-5.5356e+01 -5.5182e+01 -6.0494e+01 -2.0419e+02
-5.5341e+01 -5.4998e+01 -5.3940e+01 -1.1414e+02
-5.5342e+01 -5.4991e+01 -5.1965e+01 -6.0587e+01
-5.5361e+01 -5.5179e+01 -5.3434e+01 -4.6728e+01
# New trial
-5.5361e+01 -5.5287e+01 -6.4322e+01 -2.3543e+02
-5.5329e+01 -5.4914e+01 -5.5353e+01 -1.4812e+02
-5.5295e+01 -5.4548e+01 -5.0103e+01 -8.8645e+01
-5.5343e+01 -5.5005e+01 -5.2271e+01 -7.8722e+01
# New trial
-5.5253e+01 -5.4467e+01 -6.4792e+01 -2.6516e+02
-5.5200e+01 -5.3830e+01 -5.6889e+01 -1.9540e+02
-5.5216e+01 -5.3820e+01 -4.9573e+01 -1.3965e+02
-5.5346e+01 -5.5043e+01 -5.2695e+01 -1.0633e+02
# New trial
-5.5301e+01 -5.4670e+01 -5.7060e+01 -1.6332e+02
-5.5286e+01 -5.4510e+01 -5.4291e+01 -1.4437e+02
-5.5279e+01 -5.4386e+01 -4.9019e+01 -8.8227e+01
-5.5320e+01 -5.4770e+01 -5.0088e+01 -8.4350e+01
# New trial
-5.5225e+01 -5.4065e+01 -5.7578e+01 -1.7849e+02
-5.5232e+01 -5.4070e+01 -5.5587e+01 -1.6965e+02
-5.5267e+01 -5.4265e+01 -4.8484e+01 -9.8802e+01
-5.5319e+01 -5.4762e+01 -5.1964e+01 -9.8949e+01
# New trial
-5.5355e+01 -5.5329e+01 -7.3314e+01 -3.3598e+02
-5.5322e+01 -5.4859e+01 -5.7414e+01 -1.6945e+02
-5.5288e+01 -5.4457e+01 -4.8273e+01 -7.3388e+01
-5.5304e+01 -5.4612e+01 -4.8695e+01 -4.6655e+01
# New trial
-5.5304e+01 -5.4757e+01 -6.4647e+01 -2.5993e+02
-5.5297e+01 -5.4617e+01 -5.4365e+01 -1.2407e+02
-5.5308e+01 -5.4679e+01 -5.0657e+01 -8.9636e+01
-5.5347e+01 -5.5040e+01 -5.2144e+01 -5.1325e+01
# New trial
-5.5357e+01 -5.5526e+01 -8.6369e+01 -4.7210e+02
-5.5312e+01 -5.4878e+01 -6.5146e+01 -2.4649e+02
-5.5269e+01 -5.4305e+01 -4.9392e+01 -1.1353e+02
-5.5326e+01 -5.4832e+01 -5.1145e+01 -1.2318e+02
# New trial
-5.5288e+01 -5.4575e+01 -6.0118e+01 -2.3195e+02
-5.5288e+01 -5.4525e+01 -5.3184e+01 -1.0312e+02
-5.5308e+01 -5.4677e+01 -5.0735e+01 -8.6627e+01
-5.5338e+01 -5.4951e+01 -5.1702e+01 -6.2062e+01
# New trial
-5.5248e+01 -5.4415e+01 -7.2403e+01 -3.5942e+02
-5.5252e+01 -5.4372e+01 -5.9520e+01 -2.0754e+02
-5.5274e+01 -5.4369e+01 -5.0548e+01 -1.1201e+02
-5.5341e+01 -5.4983e+01 -5.4526e+01 -1.5997e+02
# New trial
-5.5265e+01 -5.4400e+01 -5.7635e+01 -1.7324e+02
-5.5252e+01 -5.4248e+01 -5.4821e+01 -1.4363e+02
-5.5249e+01 -5.4150e+01 -5.3292e+01 -1.4362e+02
-5.5345e+01 -5.5021e+01 -5.2555e+01 -8.8404e+01
# New trial
-5.5355e+01 -5.5237e+01 -6.3033e+01 -2.3677e+02
-5.5338e+01 -5.5045e+01 -5.9249e+01 -1.8753e+02
-5.5301e+01 -5.4612e+01 -5.0842e+01 -9.7538e+01
-5.5331e+01 -5.4888e+01 -5.1020e+01 -7.0087e+01
# New trial
-5.5226e+01 -5.4013e+01 -6.0092e+01 -2.1735e+02
-5.5273e+01 -5.4431e+01 -5.7924e+01 -1.6845e+02
-5.5282e+01 -5.4423e+01 -4.9456e+01 -9.4204e+01
-5.5319e+01 -5.4760e+01 -4.9781e+01 -5.3415e+01
# New trial
-5.5363e+01 -5.5289e+01 -6.5753e+01 -2.5629e+02
-5.5347e+01 -5.5088e+01 -5.9028e+01 -1.8434e+02
-5.5320e+01 -5.4778e+01 -5.0741e+01 -8.7370e+01
-5.5335e+01 -5.4916e+01 -5.0967e+01 -5.6998e+01
# New trial
-5.5278e+01 -5.4635e+01 -6.9335e+01 -3.0352e+02
-5.5265e+01 -5.4366e+01 -5.3368e+01 -1.2467e+02
-5.5298e+01 -5.4619e+01 -5.0545e+01 -7.5989e+01
-5.5355e+01 -5.5138e+01 -5.3549e+01 -6.1577e+01
# New trial
-5.5358e+01 -5.5206e+01 -6.3297e+01 -2.5558e+02
-5.5335e+01 -5.4943e+01 -5.4695e+01 -1.2413e+02
-5.5307e+01 -5.4646e+01 -4.9686e+01 -7.8270e+01
-5.5338e+01 -5.4949e+01 -5.1458e+01 -7.3013e+01
# New trial
-5.5380e+01 -5.5630e+01 -7.6821e+01 -3.6507e+02
-5.5340e+01 -5.5116e+01 -6.1942e+01 -2.2803e+02
-5.5300e+01 -5.4611e+01 -5.1011e+01 -1.0324e+02
-5.5345e+01 -5.5023e+01 -5.2108e+01 -6.3425e+01
# New trial
-5.5367e+01 -5.5528e+01 -7.2078e+01 -3.1722e+02
-5.5325e+01 -5.5000e+01 -6.0547e+01 -1.8464e+02
-5.5277e+01 -5.4399e+01 -5.0419e+01 -1.1250e+02
-5.5303e+01 -5.4607e+01 -4.8820e+01 -5.2462e+01
# New trial
-5.5317e+01 -5.5006e+01 -7.0202e+01 -3.1391e+02
-5.5312e+01 -5.4838e+01 -5.9052e+01 -1.8329e+02
-5.5275e+01 -5.4375e+01 -5.1340e+01 -1.2153e+02
-5.5339e+01 -5.4968e+01 -5.2870e+01 -1.3628e+02
# New trial
-5.5331e+01 -5.4917e+01 -5.6034e+01 -1.3511e+02
-5.5320e+01 -5.4803e+01 -5.2480e+01 -9.2636e+01
-5.5304e+01 -5.4622e+01 -4.9365e+01 -8.0052e+01
-5.5357e+01 -5.5136e+01 -5.3035e+01 -5.4856e+01
# New trial
-5.5292e+01 -5.4582e+01 -5.8921e+01 -2.0666e+02
-5.5312e+01 -5.4753e+01 -5.5079e+01 -1.3676e+02
-5.5322e+01 -5.4809e+01 -5.1458e+01 -7.4559e+01
-5.5356e+01 -5.5130e+01 -5.2998e+01 -5.2685e+01
# New trial
-5.5382e+01 -5.5875e+01 -8.3815e+01 -4.5613e+02
-5.5336e+01 -5.5201e+01 -6.5521e+01 -2.4268e+02
-5.5280e+01 -5.4430e+01 -5.0748e+01 -1.1874e+02
-5.5325e+01 -5.4825e+01 -5.0740e+01 -8.7659e+01
# New trial
-5.5257e+01 -5.4274e+01 -5.6660e+01 -1.6274e+02
-5.5252e+01 -5.4170e+01 -4.8899e+01 -6.0047e+01
-5.5280e+01 -5.4410e+01 -4.8956e+01 -7.8867e+01
-5.5342e+01 -5.4987e+01 -5.1773e+01 -6.7940e+01
# New trial
-5.5262e+01 -5.4296e+01 -5.5670e+01 -1.7364e+02
-5.5305e+01 -5.4687e+01 -5.4872e+01 -1.3617e+02
-5.5312e+01 -5.4716e+01 -5.1286e+01 -1.0176e+02
-5.5326e+01 -5.4836e+01 -5.0458e+01 -5.4799e+01
# New trial
