# 10.0sig - Array shape (trial/sig/alpha): (30L, 4L, 4L)
-4.1474e+01 -4.0962e+01 -4.0277e+01 -1.3234e+02
-4.1507e+01 -4.1261e+01 -4.0568e+01 -9.1719e+01
-4.1530e+01 -4.1486e+01 -4.1534e+01 -7.0070e+01
-4.1535e+01 -4.1528e+01 -4.1517e+01 -4.9347e+01
# New trial
-4.1511e+01 -4.2026e+01 -7.6049e+01 -5.4434e+02
-4.1481e+01 -4.1390e+01 -5.4409e+01 -2.6806e+02
-4.1506e+01 -4.1339e+01 -4.2891e+01 -1.4000e+02
-4.1525e+01 -4.1459e+01 -4.1370e+01 -4.4021e+01
# New trial
-4.1513e+01 -4.1436e+01 -5.2592e+01 -2.9581e+02
-4.1521e+01 -4.1434e+01 -4.5706e+01 -2.0491e+02
-4.1532e+01 -4.1513e+01 -4.3507e+01 -1.9813e+02
-4.1534e+01 -4.1522e+01 -4.1879e+01 -1.3722e+02
# New trial
-4.1508e+01 -4.1305e+01 -4.5025e+01 -1.8620e+02
-4.1527e+01 -4.1467e+01 -4.3679e+01 -1.5777e+02
-4.1532e+01 -4.1500e+01 -4.1976e+01 -1.2152e+02
-4.1535e+01 -4.1523e+01 -4.1504e+01 -6.3984e+01
# New trial
-4.1479e+01 -4.1647e+01 -7.4353e+01 -5.3719e+02
-4.1476e+01 -4.1139e+01 -4.7946e+01 -1.9117e+02
-4.1514e+01 -4.1350e+01 -4.2286e+01 -1.4654e+02
-4.1534e+01 -4.1514e+01 -4.1482e+01 -6.3277e+01
# New trial
-4.1565e+01 -4.2029e+01 -6.2314e+01 -3.9864e+02
-4.1555e+01 -4.1795e+01 -4.9800e+01 -2.3677e+02
-4.1539e+01 -4.1577e+01 -4.3681e+01 -1.6175e+02
-4.1536e+01 -4.1536e+01 -4.1575e+01 -4.8590e+01
# New trial
-4.1436e+01 -4.0696e+01 -4.4430e+01 -2.1228e+02
-4.1495e+01 -4.1182e+01 -4.2823e+01 -1.4542e+02
-4.1525e+01 -4.1433e+01 -4.1290e+01 -9.0422e+01
-4.1535e+01 -4.1522e+01 -4.1463e+01 -5.1255e+01
# New trial
-4.1390e+01 -4.0939e+01 -6.5281e+01 -4.2771e+02
-4.1459e+01 -4.1021e+01 -4.9222e+01 -2.2933e+02
-4.1519e+01 -4.1413e+01 -4.3406e+01 -1.6968e+02
-4.1535e+01 -4.1526e+01 -4.1693e+01 -9.0795e+01
# New trial
-4.1455e+01 -4.1144e+01 -7.1616e+01 -5.6113e+02
-4.1534e+01 -4.1737e+01 -5.8431e+01 -3.5543e+02
-4.1561e+01 -4.1818e+01 -4.7287e+01 -2.0980e+02
-4.1540e+01 -4.1574e+01 -4.2289e+01 -1.2131e+02
# New trial
-4.1505e+01 -4.1241e+01 -4.0629e+01 -1.2784e+02
-4.1513e+01 -4.1312e+01 -4.0280e+01 -8.6231e+01
-4.1523e+01 -4.1407e+01 -4.0475e+01 -4.8700e+01
-4.1534e+01 -4.1518e+01 -4.1383e+01 -4.0919e+01
# New trial
-4.1526e+01 -4.1833e+01 -6.5405e+01 -4.5651e+02
-4.1553e+01 -4.1867e+01 -5.7977e+01 -3.8646e+02
-4.1534e+01 -4.1549e+01 -4.4294e+01 -1.6426e+02
-4.1533e+01 -4.1512e+01 -4.1420e+01 -4.5910e+01
# New trial
-4.1520e+01 -4.1604e+01 -5.6906e+01 -3.0347e+02
-4.1496e+01 -4.1217e+01 -4.3391e+01 -1.1386e+02
-4.1517e+01 -4.1373e+01 -4.1079e+01 -6.9267e+01
-4.1533e+01 -4.1512e+01 -4.1499e+01 -6.4810e+01
# New trial
-4.1510e+01 -4.1483e+01 -5.8260e+01 -3.8320e+02
-4.1537e+01 -4.1647e+01 -4.9261e+01 -2.2181e+02
-4.1537e+01 -4.1567e+01 -4.3295e+01 -1.5356e+02
-4.1537e+01 -4.1545e+01 -4.1745e+01 -8.0076e+01
# New trial
-4.1473e+01 -4.1102e+01 -5.1399e+01 -2.9606e+02
-4.1531e+01 -4.1588e+01 -4.9941e+01 -2.5508e+02
-4.1534e+01 -4.1532e+01 -4.3183e+01 -1.8071e+02
-4.1537e+01 -4.1550e+01 -4.2092e+01 -1.4715e+02
# New trial
-4.1421e+01 -4.0578e+01 -4.9121e+01 -3.0050e+02
-4.1476e+01 -4.1030e+01 -4.4382e+01 -2.0202e+02
-4.1530e+01 -4.1492e+01 -4.2613e+01 -1.5563e+02
-4.1537e+01 -4.1543e+01 -4.1909e+01 -1.3838e+02
# New trial
-4.1653e+01 -4.3170e+01 -7.9955e+01 -5.5788e+02
-4.1635e+01 -4.2727e+01 -6.2698e+01 -3.3420e+02
-4.1562e+01 -4.1834e+01 -4.7303e+01 -1.8117e+02
-4.1535e+01 -4.1528e+01 -4.1622e+01 -6.2118e+01
# New trial
-4.1483e+01 -4.1690e+01 -7.8605e+01 -6.3065e+02
-4.1524e+01 -4.1590e+01 -5.1747e+01 -2.4836e+02
-4.1527e+01 -4.1477e+01 -4.3270e+01 -1.5540e+02
-4.1537e+01 -4.1545e+01 -4.2064e+01 -1.2116e+02
# New trial
-4.1565e+01 -4.2068e+01 -6.2912e+01 -4.1190e+02
-4.1553e+01 -4.1810e+01 -5.1486e+01 -2.4343e+02
-4.1529e+01 -4.1496e+01 -4.2717e+01 -1.1423e+02
-4.1535e+01 -4.1529e+01 -4.1994e+01 -1.3344e+02
# New trial
-4.1539e+01 -4.1576e+01 -4.3682e+01 -1.5250e+02
-4.1545e+01 -4.1639e+01 -4.3819e+01 -1.2020e+02
-4.1537e+01 -4.1550e+01 -4.2093e+01 -9.0352e+01
-4.1537e+01 -4.1541e+01 -4.1615e+01 -5.0877e+01
# New trial
-4.1587e+01 -4.2476e+01 -7.5650e+01 -5.2731e+02
-4.1604e+01 -4.2399e+01 -6.0825e+01 -3.4429e+02
-4.1546e+01 -4.1684e+01 -4.6032e+01 -1.6575e+02
-4.1532e+01 -4.1500e+01 -4.1463e+01 -4.6075e+01
# New trial
-4.1547e+01 -4.2248e+01 -8.3974e+01 -6.3100e+02
-4.1551e+01 -4.1866e+01 -5.4765e+01 -2.8840e+02
-4.1538e+01 -4.1605e+01 -4.5984e+01 -2.1911e+02
-4.1537e+01 -4.1545e+01 -4.1896e+01 -1.0300e+02
# New trial
-4.1534e+01 -4.1588e+01 -4.8250e+01 -2.2266e+02
-4.1535e+01 -4.1579e+01 -4.7285e+01 -2.1399e+02
-4.1539e+01 -4.1582e+01 -4.4378e+01 -1.9803e+02
-4.1536e+01 -4.1535e+01 -4.1690e+01 -8.2268e+01
# New trial
-4.1507e+01 -4.1397e+01 -5.0642e+01 -2.3568e+02
-4.1498e+01 -4.1273e+01 -4.5705e+01 -1.5507e+02
-4.1523e+01 -4.1433e+01 -4.2617e+01 -1.1711e+02
-4.1536e+01 -4.1542e+01 -4.1855e+01 -9.9681e+01
# New trial
-4.1501e+01 -4.1271e+01 -4.6601e+01 -1.9748e+02
-4.1529e+01 -4.1510e+01 -4.5644e+01 -1.6667e+02
-4.1539e+01 -4.1573e+01 -4.2799e+01 -1.1737e+02
-4.1536e+01 -4.1536e+01 -4.1569e+01 -4.6451e+01
# New trial
-4.1486e+01 -4.1222e+01 -5.1841e+01 -2.7764e+02
-4.1509e+01 -4.1382e+01 -4.6276e+01 -1.6432e+02
-4.1521e+01 -4.1412e+01 -4.2229e+01 -1.1610e+02
-4.1533e+01 -4.1508e+01 -4.1516e+01 -7.1457e+01
# New trial
-4.1590e+01 -4.3028e+01 -9.4541e+01 -7.4452e+02
-4.1593e+01 -4.2403e+01 -6.4737e+01 -3.8775e+02
-4.1546e+01 -4.1683e+01 -4.6499e+01 -2.1727e+02
-4.1536e+01 -4.1540e+01 -4.1822e+01 -9.9817e+01
# New trial
-4.1595e+01 -4.3067e+01 -9.2701e+01 -7.0273e+02
-4.1616e+01 -4.2683e+01 -7.1492e+01 -4.8502e+02
-4.1538e+01 -4.1628e+01 -4.8453e+01 -2.6082e+02
-4.1534e+01 -4.1520e+01 -4.1884e+01 -1.1388e+02
# New trial
-4.1504e+01 -4.1474e+01 -5.8594e+01 -3.5825e+02
-4.1524e+01 -4.1523e+01 -4.8365e+01 -1.9623e+02
-4.1519e+01 -4.1390e+01 -4.1623e+01 -1.2826e+02
-4.1535e+01 -4.1524e+01 -4.1807e+01 -1.2569e+02
# New trial
-4.1465e+01 -4.1078e+01 -6.4039e+01 -4.9225e+02
-4.1480e+01 -4.1071e+01 -4.4762e+01 -2.0524e+02
-4.1522e+01 -4.1414e+01 -4.1563e+01 -1.1408e+02
-4.1536e+01 -4.1536e+01 -4.1574e+01 -5.1298e+01
# New trial
-4.1463e+01 -4.1153e+01 -5.4929e+01 -2.9341e+02
-4.1502e+01 -4.1355e+01 -4.7328e+01 -1.9543e+02
-4.1517e+01 -4.1395e+01 -4.2646e+01 -1.5368e+02
-4.1531e+01 -4.1496e+01 -4.1552e+01 -8.0414e+01
# New trial
