# 1.0sig - Array shape (trial/sig/alpha): (30, 4, 4)
-1.6124e+02 -1.5884e+02 -1.5769e+02 -5.5461e+02
-1.6108e+02 -1.5716e+02 -1.2951e+02 -1.5257e+02
-1.6066e+02 -1.5292e+02 -8.5206e+01 -5.5381e+01
-1.6028e+02 -1.4910e+02 -6.8189e+01 -5.5381e+01
# New trial
-1.6125e+02 -1.5889e+02 -1.4603e+02 -2.9897e+02
-1.6114e+02 -1.5779e+02 -1.3469e+02 -1.5552e+02
-1.6081e+02 -1.5449e+02 -1.0153e+02 -5.6164e+01
-1.6064e+02 -1.5262e+02 -8.5228e+01 -5.5771e+01
# New trial
-1.6128e+02 -1.5914e+02 -1.4655e+02 -3.7286e+02
-1.6117e+02 -1.5805e+02 -1.3334e+02 -9.9617e+01
-1.6087e+02 -1.5500e+02 -1.0295e+02 -6.2267e+01
-1.6063e+02 -1.5261e+02 -8.8032e+01 -9.3995e+01
# New trial
-1.6129e+02 -1.5920e+02 -1.5347e+02 -6.7068e+02
-1.6117e+02 -1.5809e+02 -1.3943e+02 -2.8722e+02
-1.6090e+02 -1.5528e+02 -1.0655e+02 -5.6107e+01
-1.6075e+02 -1.5380e+02 -9.2661e+01 -5.6669e+01
# New trial
-1.6115e+02 -1.5810e+02 -1.6911e+02 -7.7159e+02
-1.6100e+02 -1.5640e+02 -1.3395e+02 -3.8937e+02
-1.6067e+02 -1.5305e+02 -9.3949e+01 -5.6786e+01
-1.6052e+02 -1.5149e+02 -8.1206e+01 -7.0810e+01
# New trial
-1.6129e+02 -1.5927e+02 -1.5391e+02 -6.0370e+02
-1.6118e+02 -1.5813e+02 -1.3515e+02 -2.5354e+02
-1.6090e+02 -1.5529e+02 -1.0531e+02 -5.6413e+01
-1.6070e+02 -1.5329e+02 -9.2994e+01 -1.6467e+02
# New trial
-1.6141e+02 -1.6039e+02 -1.6028e+02 -5.7212e+02
-1.6133e+02 -1.5960e+02 -1.4519e+02 -2.5056e+02
-1.6121e+02 -1.5831e+02 -1.3074e+02 -7.4868e+01
-1.6118e+02 -1.5801e+02 -1.2736e+02 -6.8735e+01
# New trial
-1.6124e+02 -1.5885e+02 -1.6744e+02 -7.4641e+02
-1.6106e+02 -1.5698e+02 -1.3150e+02 -3.0979e+02
-1.6072e+02 -1.5350e+02 -9.5407e+01 -5.6694e+01
-1.6062e+02 -1.5254e+02 -9.5870e+01 -2.3985e+02
# New trial
-1.6100e+02 -1.5673e+02 -1.6061e+02 -6.2586e+02
-1.6069e+02 -1.5356e+02 -1.2372e+02 -3.8441e+02
-1.6004e+02 -1.4694e+02 -7.3565e+01 -5.6035e+01
-1.5992e+02 -1.4558e+02 -7.4315e+01 -1.4096e+02
# New trial
-1.6124e+02 -1.5881e+02 -1.5172e+02 -5.5938e+02
-1.6108e+02 -1.5715e+02 -1.3440e+02 -4.0438e+02
-1.6067e+02 -1.5306e+02 -9.3259e+01 -5.6562e+01
-1.6040e+02 -1.5030e+02 -8.6835e+01 -2.0779e+02
# New trial
-1.6113e+02 -1.5784e+02 -1.5312e+02 -5.5062e+02
-1.6097e+02 -1.5617e+02 -1.3644e+02 -4.0686e+02
-1.6053e+02 -1.5164e+02 -8.4984e+01 -8.0255e+01
-1.6033e+02 -1.4964e+02 -8.9951e+01 -2.8339e+02
# New trial
-1.6126e+02 -1.5910e+02 -1.7375e+02 -7.5398e+02
-1.6105e+02 -1.5685e+02 -1.2643e+02 -2.5411e+02
-1.6064e+02 -1.5263e+02 -8.3395e+01 -5.5381e+01
-1.6023e+02 -1.4854e+02 -6.6278e+01 -5.5381e+01
# New trial
-1.6134e+02 -1.5990e+02 -1.8238e+02 -8.8030e+02
-1.6115e+02 -1.5784e+02 -1.4000e+02 -2.9676e+02
-1.6085e+02 -1.5480e+02 -1.0392e+02 -5.5538e+01
-1.6077e+02 -1.5400e+02 -9.4224e+01 -5.5382e+01
# New trial
-1.6125e+02 -1.5938e+02 -2.1959e+02 -1.3628e+03
-1.6103e+02 -1.5687e+02 -1.4974e+02 -5.5597e+02
-1.6051e+02 -1.5145e+02 -8.1776e+01 -5.5388e+01
-1.6029e+02 -1.4920e+02 -7.0829e+01 -5.5389e+01
# New trial
-1.6131e+02 -1.5949e+02 -1.5792e+02 -5.6403e+02
-1.6120e+02 -1.5837e+02 -1.4247e+02 -3.1079e+02
-1.6092e+02 -1.5549e+02 -1.0864e+02 -5.9825e+01
-1.6075e+02 -1.5377e+02 -9.2834e+01 -5.6794e+01
# New trial
-1.6115e+02 -1.5854e+02 -2.0734e+02 -1.2911e+03
-1.6092e+02 -1.5623e+02 -1.5363e+02 -5.1914e+02
-1.6035e+02 -1.5002e+02 -8.0013e+01 -5.5405e+01
-1.6029e+02 -1.4929e+02 -9.0025e+01 -3.1902e+02
# New trial
-1.6117e+02 -1.5811e+02 -1.4755e+02 -4.0890e+02
-1.6096e+02 -1.5599e+02 -1.2520e+02 -2.2304e+02
-1.6040e+02 -1.5037e+02 -7.5966e+01 -5.5386e+01
-1.6022e+02 -1.4854e+02 -6.6518e+01 -5.5381e+01
# New trial
-1.6124e+02 -1.5883e+02 -1.4950e+02 -3.6818e+02
-1.6110e+02 -1.5741e+02 -1.3637e+02 -2.5936e+02
-1.6074e+02 -1.5371e+02 -9.6343e+01 -6.2966e+01
-1.6066e+02 -1.5287e+02 -9.0777e+01 -1.1394e+02
# New trial
-1.6126e+02 -1.5914e+02 -1.8370e+02 -9.3221e+02
-1.6111e+02 -1.5757e+02 -1.5222e+02 -5.1087e+02
-1.6069e+02 -1.5326e+02 -9.2688e+01 -5.6310e+01
-1.6040e+02 -1.5029e+02 -8.3083e+01 -1.8792e+02
# New trial
-1.6132e+02 -1.5961e+02 -1.6865e+02 -7.6520e+02
-1.6123e+02 -1.5859e+02 -1.4153e+02 -2.7319e+02
-1.6099e+02 -1.5616e+02 -1.1067e+02 -5.5418e+01
-1.6078e+02 -1.5407e+02 -9.3691e+01 -5.5393e+01
# New trial
-1.6116e+02 -1.5818e+02 -1.7114e+02 -7.8725e+02
-1.6093e+02 -1.5576e+02 -1.2235e+02 -1.3378e+02
-1.6073e+02 -1.5365e+02 -9.9300e+01 -5.7824e+01
-1.6096e+02 -1.5590e+02 -1.1328e+02 -2.1492e+02
# New trial
-1.6128e+02 -1.5914e+02 -1.5887e+02 -7.5237e+02
-1.6117e+02 -1.5801e+02 -1.3081e+02 -8.1848e+01
-1.6092e+02 -1.5550e+02 -1.0604e+02 -5.5881e+01
-1.6070e+02 -1.5324e+02 -8.7552e+01 -5.5391e+01
# New trial
-1.6122e+02 -1.5878e+02 -1.7085e+02 -7.5861e+02
-1.6098e+02 -1.5629e+02 -1.3204e+02 -3.1877e+02
-1.6060e+02 -1.5242e+02 -9.4900e+01 -5.9154e+01
-1.6062e+02 -1.5261e+02 -1.1080e+02 -4.5053e+02
# New trial
-1.6124e+02 -1.5900e+02 -1.6518e+02 -5.1012e+02
-1.6097e+02 -1.5622e+02 -1.2808e+02 -2.4585e+02
-1.6037e+02 -1.5003e+02 -7.2036e+01 -5.5382e+01
-1.5998e+02 -1.4611e+02 -6.3099e+01 -5.5381e+01
# New trial
-1.6128e+02 -1.5986e+02 -2.2221e+02 -1.3551e+03
-1.6101e+02 -1.5670e+02 -1.4535e+02 -3.9346e+02
-1.6044e+02 -1.5074e+02 -7.5628e+01 -5.5381e+01
-1.6028e+02 -1.4914e+02 -7.0773e+01 -5.5382e+01
# New trial
-1.6132e+02 -1.5951e+02 -1.4559e+02 -2.3041e+02
-1.6116e+02 -1.5784e+02 -1.2874e+02 -8.2247e+01
-1.6081e+02 -1.5442e+02 -9.9135e+01 -5.9004e+01
-1.6072e+02 -1.5349e+02 -9.3155e+01 -1.4708e+02
# New trial
-1.6119e+02 -1.5823e+02 -1.5509e+02 -8.0706e+02
-1.6109e+02 -1.5724e+02 -1.3079e+02 -2.4311e+02
-1.6082e+02 -1.5450e+02 -1.0342e+02 -5.6889e+01
-1.6067e+02 -1.5303e+02 -9.9187e+01 -2.4559e+02
# New trial
-1.6125e+02 -1.5927e+02 -1.8276e+02 -9.7298e+02
-1.6102e+02 -1.5682e+02 -1.4164e+02 -4.6660e+02
-1.6048e+02 -1.5118e+02 -8.0182e+01 -7.8431e+01
-1.6019e+02 -1.4826e+02 -7.0268e+01 -8.7564e+01
# New trial
-1.6128e+02 -1.5914e+02 -1.5324e+02 -4.5363e+02
-1.6110e+02 -1.5736e+02 -1.3045e+02 -2.3565e+02
-1.6073e+02 -1.5363e+02 -9.6084e+01 -5.5657e+01
-1.6064e+02 -1.5265e+02 -8.5780e+01 -5.5501e+01
# New trial
-1.6125e+02 -1.5884e+02 -1.5290e+02 -5.5394e+02
-1.6114e+02 -1.5776e+02 -1.3524e+02 -2.5041e+02
-1.6083e+02 -1.5460e+02 -1.0092e+02 -7.2627e+01
-1.6057e+02 -1.5204e+02 -9.0147e+01 -2.0434e+02
# New trial
