# 10.0sig - Array shape (trial/sig/alpha): (30, 4, 4)
-1.5678e+02 -1.5573e+02 -1.5979e+02 -7.6036e+02
-1.5679e+02 -1.5575e+02 -1.5476e+02 -6.3691e+02
-1.5670e+02 -1.5485e+02 -1.3897e+02 -2.3594e+02
-1.5654e+02 -1.5317e+02 -1.2020e+02 -5.1861e+01
# New trial
-1.5691e+02 -1.5840e+02 -2.7551e+02 -2.2476e+03
-1.5676e+02 -1.5643e+02 -2.0999e+02 -1.3209e+03
-1.5651e+02 -1.5307e+02 -1.3429e+02 -5.1759e+02
-1.5616e+02 -1.4941e+02 -8.8268e+01 -1.8250e+02
# New trial
-1.5682e+02 -1.5629e+02 -1.8776e+02 -1.1995e+03
-1.5677e+02 -1.5570e+02 -1.6712e+02 -8.2577e+02
-1.5650e+02 -1.5287e+02 -1.2616e+02 -4.6258e+02
-1.5614e+02 -1.4921e+02 -8.7501e+01 -1.5525e+02
# New trial
-1.5673e+02 -1.5522e+02 -1.5455e+02 -6.4999e+02
-1.5672e+02 -1.5506e+02 -1.5272e+02 -6.2654e+02
-1.5648e+02 -1.5266e+02 -1.2133e+02 -3.8178e+02
-1.5615e+02 -1.4928e+02 -8.7011e+01 -1.0054e+02
# New trial
-1.5686e+02 -1.5752e+02 -2.3993e+02 -1.8712e+03
-1.5672e+02 -1.5534e+02 -1.6877e+02 -8.5613e+02
-1.5660e+02 -1.5388e+02 -1.3305e+02 -3.1915e+02
-1.5643e+02 -1.5211e+02 -1.1124e+02 -1.6992e+02
# New trial
-1.5669e+02 -1.5499e+02 -1.7056e+02 -7.8343e+02
-1.5664e+02 -1.5436e+02 -1.4884e+02 -5.4692e+02
-1.5642e+02 -1.5201e+02 -1.1809e+02 -3.6040e+02
-1.5608e+02 -1.4856e+02 -8.1472e+01 -9.2045e+01
# New trial
-1.5676e+02 -1.5556e+02 -1.6572e+02 -9.4451e+02
-1.5679e+02 -1.5576e+02 -1.5684e+02 -6.5967e+02
-1.5670e+02 -1.5481e+02 -1.3971e+02 -4.2405e+02
-1.5654e+02 -1.5316e+02 -1.2065e+02 -1.0220e+02
# New trial
-1.5664e+02 -1.5518e+02 -1.9726e+02 -1.2605e+03
-1.5665e+02 -1.5472e+02 -1.6961e+02 -9.3091e+02
-1.5655e+02 -1.5342e+02 -1.3076e+02 -2.8032e+02
-1.5632e+02 -1.5103e+02 -1.0114e+02 -6.3461e+01
# New trial
-1.5707e+02 -1.6029e+02 -3.2037e+02 -2.5632e+03
-1.5692e+02 -1.5778e+02 -2.2208e+02 -1.3351e+03
-1.5648e+02 -1.5270e+02 -1.2612e+02 -3.6774e+02
-1.5608e+02 -1.4864e+02 -9.1497e+01 -4.0098e+02
# New trial
-1.5682e+02 -1.5599e+02 -1.5521e+02 -5.8425e+02
-1.5677e+02 -1.5555e+02 -1.4616e+02 -2.8869e+02
-1.5669e+02 -1.5466e+02 -1.3561e+02 -1.7839e+02
-1.5661e+02 -1.5387e+02 -1.2745e+02 -1.3036e+02
# New trial
-1.5703e+02 -1.5917e+02 -2.7122e+02 -2.2433e+03
-1.5677e+02 -1.5586e+02 -1.9681e+02 -1.4390e+03
-1.5634e+02 -1.5126e+02 -1.2250e+02 -7.1295e+02
-1.5592e+02 -1.4705e+02 -7.2916e+01 -9.2946e+01
# New trial
-1.5712e+02 -1.5997e+02 -2.7615e+02 -1.9998e+03
-1.5685e+02 -1.5644e+02 -1.6932e+02 -6.4275e+02
-1.5669e+02 -1.5476e+02 -1.3813e+02 -1.1586e+02
-1.5653e+02 -1.5304e+02 -1.1919e+02 -5.0657e+01
# New trial
-1.5686e+02 -1.5707e+02 -2.2364e+02 -1.6590e+03
-1.5681e+02 -1.5628e+02 -1.8226e+02 -9.8696e+02
-1.5654e+02 -1.5336e+02 -1.3311e+02 -3.9884e+02
-1.5620e+02 -1.4984e+02 -9.2078e+01 -5.6350e+01
# New trial
-1.5686e+02 -1.5685e+02 -1.9609e+02 -1.1794e+03
-1.5685e+02 -1.5649e+02 -1.7672e+02 -8.2557e+02
-1.5658e+02 -1.5365e+02 -1.3074e+02 -2.8534e+02
-1.5627e+02 -1.5053e+02 -9.6717e+01 -8.1680e+01
# New trial
-1.5684e+02 -1.5686e+02 -2.1683e+02 -1.4194e+03
-1.5677e+02 -1.5586e+02 -1.8394e+02 -9.7033e+02
-1.5649e+02 -1.5278e+02 -1.2457e+02 -3.5994e+02
-1.5616e+02 -1.4937e+02 -8.6939e+01 -1.1320e+02
# New trial
-1.5716e+02 -1.6093e+02 -3.1490e+02 -2.4267e+03
-1.5692e+02 -1.5773e+02 -2.1025e+02 -1.1966e+03
-1.5644e+02 -1.5242e+02 -1.3780e+02 -6.3661e+02
-1.5593e+02 -1.4711e+02 -7.3083e+01 -1.4156e+02
# New trial
-1.5676e+02 -1.5710e+02 -2.9558e+02 -2.3928e+03
-1.5660e+02 -1.5437e+02 -1.7606e+02 -9.8534e+02
-1.5634e+02 -1.5134e+02 -1.1417e+02 -2.8864e+02
-1.5607e+02 -1.4853e+02 -8.0415e+01 -1.3287e+02
# New trial
-1.5693e+02 -1.5759e+02 -2.0902e+02 -1.3844e+03
-1.5679e+02 -1.5591e+02 -1.6881e+02 -8.9265e+02
-1.5648e+02 -1.5271e+02 -1.2400e+02 -2.5516e+02
-1.5621e+02 -1.4988e+02 -9.2358e+01 -7.0850e+01
# New trial
-1.5690e+02 -1.5689e+02 -1.7311e+02 -8.5427e+02
-1.5682e+02 -1.5602e+02 -1.5355e+02 -3.9220e+02
-1.5669e+02 -1.5465e+02 -1.3552e+02 -1.0668e+02
-1.5652e+02 -1.5298e+02 -1.1827e+02 -4.8240e+01
# New trial
-1.5718e+02 -1.6063e+02 -2.8520e+02 -2.1679e+03
-1.5702e+02 -1.5834e+02 -2.0527e+02 -1.2972e+03
-1.5657e+02 -1.5360e+02 -1.3060e+02 -2.7647e+02
-1.5616e+02 -1.4945e+02 -8.9581e+01 -4.9689e+01
# New trial
-1.5697e+02 -1.5826e+02 -2.3381e+02 -1.6317e+03
-1.5684e+02 -1.5638e+02 -1.6709e+02 -6.9043e+02
-1.5657e+02 -1.5357e+02 -1.2852e+02 -3.5938e+02
-1.5627e+02 -1.5048e+02 -9.5975e+01 -5.1805e+01
# New trial
-1.5678e+02 -1.5571e+02 -1.6297e+02 -7.4794e+02
-1.5675e+02 -1.5539e+02 -1.5880e+02 -6.8938e+02
-1.5654e+02 -1.5324e+02 -1.3125e+02 -5.6799e+02
-1.5622e+02 -1.5003e+02 -9.7355e+01 -2.9198e+02
# New trial
-1.5687e+02 -1.5685e+02 -1.8583e+02 -9.0966e+02
-1.5678e+02 -1.5584e+02 -1.6778e+02 -7.4388e+02
-1.5656e+02 -1.5342e+02 -1.2968e+02 -2.6315e+02
-1.5628e+02 -1.5055e+02 -9.7052e+01 -1.0700e+02
# New trial
-1.5683e+02 -1.5659e+02 -1.9843e+02 -1.1194e+03
-1.5675e+02 -1.5573e+02 -1.8559e+02 -9.8931e+02
-1.5646e+02 -1.5253e+02 -1.2322e+02 -3.0351e+02
-1.5599e+02 -1.4767e+02 -7.4020e+01 -6.2863e+01
# New trial
-1.5693e+02 -1.5786e+02 -2.2752e+02 -1.5416e+03
-1.5679e+02 -1.5620e+02 -1.8776e+02 -1.1285e+03
-1.5640e+02 -1.5191e+02 -1.1763e+02 -2.0964e+02
-1.5600e+02 -1.4783e+02 -7.5617e+01 -6.3405e+01
# New trial
-1.5723e+02 -1.6256e+02 -3.4311e+02 -2.6911e+03
-1.5695e+02 -1.5830e+02 -2.3931e+02 -1.7251e+03
-1.5628e+02 -1.5079e+02 -1.2507e+02 -6.5037e+02
-1.5563e+02 -1.4412e+02 -5.9594e+01 -1.4756e+02
# New trial
-1.5742e+02 -1.6440e+02 -3.5803e+02 -2.8105e+03
-1.5707e+02 -1.5919e+02 -2.2688e+02 -1.4807e+03
-1.5651e+02 -1.5294e+02 -1.2976e+02 -5.0400e+02
-1.5609e+02 -1.4873e+02 -8.6514e+01 -5.7723e+01
# New trial
-1.5681e+02 -1.5620e+02 -1.7512e+02 -8.3635e+02
-1.5678e+02 -1.5571e+02 -1.5931e+02 -6.6081e+02
-1.5658e+02 -1.5363e+02 -1.3033e+02 -3.8919e+02
-1.5635e+02 -1.5127e+02 -1.0472e+02 -1.8080e+02
# New trial
-1.5685e+02 -1.5705e+02 -2.4943e+02 -1.9665e+03
-1.5678e+02 -1.5601e+02 -1.8606e+02 -1.0815e+03
-1.5648e+02 -1.5273e+02 -1.2842e+02 -4.1797e+02
-1.5610e+02 -1.4884e+02 -8.4825e+01 -1.7152e+02
# New trial
-1.5675e+02 -1.5577e+02 -1.8787e+02 -1.1652e+03
-1.5671e+02 -1.5518e+02 -1.6168e+02 -7.3303e+02
-1.5652e+02 -1.5306e+02 -1.2585e+02 -2.9930e+02
-1.5622e+02 -1.5005e+02 -9.5128e+01 -7.7128e+01
# New trial
