# 10.0sig - Array shape (trial/sig/alpha): (30L, 4L, 4L)
-5.0703e+01 -5.0175e+01 -5.0010e+01 -1.4648e+02
-5.0725e+01 -5.0380e+01 -4.9358e+01 -1.0288e+02
-5.0742e+01 -5.0530e+01 -4.9023e+01 -5.9804e+01
-5.0746e+01 -5.0561e+01 -4.8833e+01 -4.5934e+01
# New trial
-5.0713e+01 -5.0724e+01 -7.7488e+01 -4.5741e+02
-5.0717e+01 -5.0606e+01 -6.3997e+01 -2.9222e+02
-5.0722e+01 -5.0408e+01 -5.1288e+01 -1.3961e+02
-5.0742e+01 -5.0530e+01 -4.9627e+01 -1.3397e+02
# New trial
-5.0740e+01 -5.0586e+01 -5.8255e+01 -2.3175e+02
-5.0768e+01 -5.0842e+01 -5.7860e+01 -2.3658e+02
-5.0755e+01 -5.0673e+01 -5.2148e+01 -1.8326e+02
-5.0739e+01 -5.0500e+01 -4.8370e+01 -7.0409e+01
# New trial
-5.0721e+01 -5.0365e+01 -5.3654e+01 -1.8633e+02
-5.0735e+01 -5.0495e+01 -5.2822e+01 -1.6357e+02
-5.0734e+01 -5.0463e+01 -4.9721e+01 -1.3709e+02
-5.0728e+01 -5.0389e+01 -4.7416e+01 -5.9950e+01
# New trial
-5.0657e+01 -5.0131e+01 -6.9546e+01 -3.6083e+02
-5.0671e+01 -4.9950e+01 -5.0663e+01 -1.1528e+02
-5.0726e+01 -5.0390e+01 -4.8870e+01 -8.0086e+01
-5.0745e+01 -5.0560e+01 -4.8886e+01 -4.9177e+01
# New trial
-5.0752e+01 -5.0800e+01 -6.3497e+01 -2.9501e+02
-5.0759e+01 -5.0772e+01 -5.6947e+01 -1.9160e+02
-5.0746e+01 -5.0582e+01 -5.1148e+01 -1.5664e+02
-5.0729e+01 -5.0399e+01 -4.7464e+01 -5.7735e+01
# New trial
-5.0723e+01 -5.0371e+01 -5.0938e+01 -1.4786e+02
-5.0737e+01 -5.0501e+01 -5.0827e+01 -1.5017e+02
-5.0751e+01 -5.0623e+01 -5.0049e+01 -1.0174e+02
-5.0755e+01 -5.0651e+01 -4.9681e+01 -6.4138e+01
# New trial
-5.0627e+01 -4.9564e+01 -5.1448e+01 -1.6371e+02
-5.0694e+01 -5.0177e+01 -5.2575e+01 -1.6542e+02
-5.0744e+01 -5.0587e+01 -5.1735e+01 -1.3557e+02
-5.0749e+01 -5.0592e+01 -4.9300e+01 -7.7944e+01
# New trial
-5.0840e+01 -5.1959e+01 -9.6655e+01 -7.0377e+02
-5.0810e+01 -5.1512e+01 -7.6084e+01 -4.1347e+02
-5.0753e+01 -5.0699e+01 -5.4394e+01 -1.9530e+02
-5.0726e+01 -5.0367e+01 -4.7488e+01 -7.7563e+01
# New trial
-5.0735e+01 -5.0466e+01 -5.0795e+01 -1.7797e+02
-5.0733e+01 -5.0449e+01 -4.9243e+01 -1.0344e+02
-5.0740e+01 -5.0505e+01 -4.8814e+01 -9.2709e+01
-5.0751e+01 -5.0617e+01 -4.9319e+01 -5.1150e+01
# New trial
-5.0783e+01 -5.1099e+01 -6.7183e+01 -3.5974e+02
-5.0741e+01 -5.0592e+01 -5.7611e+01 -2.4918e+02
-5.0719e+01 -5.0328e+01 -5.2412e+01 -2.2954e+02
-5.0724e+01 -5.0349e+01 -4.9327e+01 -1.7534e+02
# New trial
-5.0773e+01 -5.1149e+01 -7.8401e+01 -4.5439e+02
-5.0737e+01 -5.0556e+01 -5.4672e+01 -1.6473e+02
-5.0741e+01 -5.0531e+01 -4.9704e+01 -8.0052e+01
-5.0747e+01 -5.0577e+01 -4.9115e+01 -7.0128e+01
# New trial
-5.0623e+01 -4.9567e+01 -5.7854e+01 -2.6521e+02
-5.0682e+01 -5.0059e+01 -5.2991e+01 -1.7571e+02
-5.0733e+01 -5.0473e+01 -5.0215e+01 -1.4091e+02
-5.0730e+01 -5.0414e+01 -4.7809e+01 -8.5228e+01
# New trial
-5.0697e+01 -5.0230e+01 -5.8048e+01 -2.2571e+02
-5.0729e+01 -5.0494e+01 -5.6746e+01 -2.1530e+02
-5.0735e+01 -5.0478e+01 -5.0256e+01 -1.6280e+02
-5.0742e+01 -5.0521e+01 -4.8624e+01 -9.6174e+01
# New trial
-5.0733e+01 -5.0611e+01 -6.3379e+01 -2.9666e+02
-5.0737e+01 -5.0593e+01 -5.8840e+01 -2.3169e+02
-5.0739e+01 -5.0520e+01 -5.0307e+01 -1.0818e+02
-5.0736e+01 -5.0470e+01 -4.8065e+01 -6.4754e+01
# New trial
-5.0805e+01 -5.1663e+01 -8.7147e+01 -5.5727e+02
-5.0785e+01 -5.1269e+01 -6.9214e+01 -3.2785e+02
-5.0748e+01 -5.0693e+01 -5.6439e+01 -2.1457e+02
-5.0732e+01 -5.0435e+01 -4.9199e+01 -1.5069e+02
# New trial
-5.0735e+01 -5.0872e+01 -8.7439e+01 -5.7531e+02
-5.0707e+01 -5.0337e+01 -5.8024e+01 -2.2244e+02
-5.0714e+01 -5.0283e+01 -4.9618e+01 -1.2935e+02
-5.0733e+01 -5.0433e+01 -4.7762e+01 -5.2326e+01
# New trial
-5.0847e+01 -5.1729e+01 -7.3275e+01 -4.0584e+02
-5.0812e+01 -5.1334e+01 -6.3985e+01 -2.8179e+02
-5.0748e+01 -5.0626e+01 -5.2975e+01 -1.9715e+02
-5.0735e+01 -5.0458e+01 -4.8052e+01 -8.3617e+01
# New trial
-5.0775e+01 -5.0878e+01 -5.4822e+01 -1.8354e+02
-5.0768e+01 -5.0790e+01 -5.2369e+01 -1.2931e+02
-5.0753e+01 -5.0634e+01 -4.9791e+01 -7.4324e+01
-5.0749e+01 -5.0591e+01 -4.9069e+01 -4.6490e+01
# New trial
-5.0907e+01 -5.2535e+01 -9.1505e+01 -5.7215e+02
-5.0855e+01 -5.1820e+01 -7.3412e+01 -3.9231e+02
-5.0754e+01 -5.0669e+01 -5.2338e+01 -1.4602e+02
-5.0728e+01 -5.0382e+01 -4.7359e+01 -8.2517e+01
# New trial
-5.0780e+01 -5.1078e+01 -7.1017e+01 -3.7787e+02
-5.0755e+01 -5.0712e+01 -5.5753e+01 -2.1277e+02
-5.0745e+01 -5.0567e+01 -5.0705e+01 -1.4982e+02
-5.0740e+01 -5.0511e+01 -4.8863e+01 -1.3074e+02
# New trial
-5.0712e+01 -5.0266e+01 -5.0897e+01 -1.3747e+02
-5.0736e+01 -5.0505e+01 -5.3938e+01 -1.8787e+02
-5.0749e+01 -5.0612e+01 -5.2054e+01 -1.7084e+02
-5.0730e+01 -5.0404e+01 -4.7599e+01 -7.5448e+01
# New trial
-5.0785e+01 -5.1078e+01 -6.3068e+01 -2.6259e+02
-5.0765e+01 -5.0855e+01 -5.8419e+01 -2.0271e+02
-5.0754e+01 -5.0669e+01 -5.1619e+01 -1.2432e+02
-5.0764e+01 -5.0747e+01 -5.0818e+01 -9.8607e+01
# New trial
-5.0774e+01 -5.0974e+01 -6.2456e+01 -2.5360e+02
-5.0756e+01 -5.0772e+01 -5.8038e+01 -2.0597e+02
-5.0744e+01 -5.0582e+01 -5.1444e+01 -1.3298e+02
-5.0734e+01 -5.0446e+01 -4.7926e+01 -6.3259e+01
# New trial
-5.0775e+01 -5.1125e+01 -7.0444e+01 -3.6330e+02
-5.0758e+01 -5.0873e+01 -6.3048e+01 -2.7435e+02
-5.0731e+01 -5.0451e+01 -5.0172e+01 -1.3927e+02
-5.0728e+01 -5.0388e+01 -4.7363e+01 -4.9042e+01
# New trial
-5.0723e+01 -5.1130e+01 -8.3720e+01 -4.8903e+02
-5.0772e+01 -5.1193e+01 -7.1484e+01 -3.7479e+02
-5.0739e+01 -5.0581e+01 -5.6318e+01 -2.3746e+02
-5.0712e+01 -5.0238e+01 -4.7775e+01 -1.5192e+02
# New trial
-5.0995e+01 -5.3895e+01 -1.1435e+02 -7.9806e+02
-5.0891e+01 -5.2305e+01 -7.9889e+01 -4.3891e+02
-5.0751e+01 -5.0690e+01 -5.6311e+01 -2.5518e+02
-5.0730e+01 -5.0420e+01 -4.9225e+01 -1.7415e+02
# New trial
-5.0768e+01 -5.0878e+01 -6.0673e+01 -2.5867e+02
-5.0757e+01 -5.0737e+01 -5.5487e+01 -1.7475e+02
-5.0748e+01 -5.0605e+01 -5.0991e+01 -1.3947e+02
-5.0753e+01 -5.0641e+01 -4.9770e+01 -7.4311e+01
# New trial
-5.0742e+01 -5.0665e+01 -6.6240e+01 -3.7975e+02
-5.0743e+01 -5.0629e+01 -5.7160e+01 -2.1566e+02
-5.0737e+01 -5.0505e+01 -5.0172e+01 -1.0432e+02
-5.0735e+01 -5.0458e+01 -4.8257e+01 -1.0879e+02
# New trial
-5.0749e+01 -5.0685e+01 -5.9417e+01 -2.4810e+02
-5.0734e+01 -5.0519e+01 -5.4780e+01 -1.8408e+02
-5.0724e+01 -5.0367e+01 -4.8842e+01 -1.1322e+02
-5.0729e+01 -5.0393e+01 -4.7379e+01 -5.0923e+01
# New trial
