# 1.0sig - Array shape (trial/sig/alpha): (30, 4, 4)
-1.7060e+02 -1.6925e+02 -1.6336e+02 -3.3027e+02
-1.7051e+02 -1.6830e+02 -1.5014e+02 -1.6056e+02
-1.7026e+02 -1.6583e+02 -1.2582e+02 -1.0160e+02
-1.6998e+02 -1.6304e+02 -1.0983e+02 -1.0153e+02
# New trial
-1.7061e+02 -1.6928e+02 -1.5897e+02 -1.9131e+02
-1.7054e+02 -1.6861e+02 -1.5295e+02 -1.3824e+02
-1.7033e+02 -1.6649e+02 -1.3252e+02 -1.0153e+02
-1.7015e+02 -1.6465e+02 -1.1858e+02 -1.0572e+02
# New trial
-1.7063e+02 -1.6950e+02 -1.6215e+02 -3.3346e+02
-1.7056e+02 -1.6883e+02 -1.5371e+02 -1.3932e+02
-1.7038e+02 -1.6703e+02 -1.3662e+02 -1.0829e+02
-1.7022e+02 -1.6537e+02 -1.2375e+02 -1.1082e+02
# New trial
-1.7062e+02 -1.6943e+02 -1.6355e+02 -3.6963e+02
-1.7056e+02 -1.6878e+02 -1.5597e+02 -2.0003e+02
-1.7038e+02 -1.6700e+02 -1.3618e+02 -1.0153e+02
-1.7028e+02 -1.6596e+02 -1.2655e+02 -1.0153e+02
# New trial
-1.7053e+02 -1.6854e+02 -1.6141e+02 -3.9722e+02
-1.7044e+02 -1.6764e+02 -1.4869e+02 -2.8130e+02
-1.7025e+02 -1.6568e+02 -1.2701e+02 -1.0154e+02
-1.7012e+02 -1.6442e+02 -1.1699e+02 -1.0153e+02
# New trial
-1.7062e+02 -1.6940e+02 -1.6173e+02 -4.2859e+02
-1.7056e+02 -1.6881e+02 -1.5349e+02 -1.9264e+02
-1.7040e+02 -1.6715e+02 -1.3741e+02 -1.0231e+02
-1.7024e+02 -1.6558e+02 -1.2385e+02 -1.0153e+02
# New trial
-1.7071e+02 -1.7028e+02 -1.6895e+02 -3.5661e+02
-1.7067e+02 -1.6982e+02 -1.6194e+02 -2.0055e+02
-1.7058e+02 -1.6902e+02 -1.5378e+02 -1.2097e+02
-1.7054e+02 -1.6852e+02 -1.4926e+02 -1.5868e+02
# New trial
-1.7059e+02 -1.6918e+02 -1.6608e+02 -4.7777e+02
-1.7050e+02 -1.6823e+02 -1.5013e+02 -1.6316e+02
-1.7029e+02 -1.6611e+02 -1.2986e+02 -1.0328e+02
-1.7015e+02 -1.6472e+02 -1.1975e+02 -1.0563e+02
# New trial
-1.7046e+02 -1.6784e+02 -1.5332e+02 -3.8913e+02
-1.7030e+02 -1.6626e+02 -1.3829e+02 -2.8814e+02
-1.6993e+02 -1.6254e+02 -1.1196e+02 -1.0624e+02
-1.6970e+02 -1.6031e+02 -1.1175e+02 -1.5609e+02
# New trial
-1.7060e+02 -1.6918e+02 -1.5984e+02 -2.7590e+02
-1.7051e+02 -1.6828e+02 -1.5074e+02 -2.1250e+02
-1.7027e+02 -1.6593e+02 -1.2696e+02 -1.0153e+02
-1.7009e+02 -1.6406e+02 -1.1844e+02 -1.4175e+02
# New trial
-1.7053e+02 -1.6852e+02 -1.5839e+02 -3.3022e+02
-1.7044e+02 -1.6760e+02 -1.5043e+02 -2.7083e+02
-1.7017e+02 -1.6488e+02 -1.2082e+02 -1.1533e+02
-1.6999e+02 -1.6308e+02 -1.1349e+02 -1.2164e+02
# New trial
-1.7062e+02 -1.6947e+02 -1.7263e+02 -4.7779e+02
-1.7050e+02 -1.6822e+02 -1.5010e+02 -1.9110e+02
-1.7027e+02 -1.6586e+02 -1.2633e+02 -1.0155e+02
-1.7001e+02 -1.6324e+02 -1.1111e+02 -1.0153e+02
# New trial
-1.7065e+02 -1.6978e+02 -1.7298e+02 -5.5814e+02
-1.7054e+02 -1.6859e+02 -1.5346e+02 -2.3981e+02
-1.7036e+02 -1.6680e+02 -1.3538e+02 -1.0183e+02
-1.7031e+02 -1.6629e+02 -1.2965e+02 -1.0156e+02
# New trial
-1.7063e+02 -1.6979e+02 -2.0384e+02 -8.2346e+02
-1.7047e+02 -1.6797e+02 -1.5971e+02 -3.6626e+02
-1.7015e+02 -1.6470e+02 -1.1941e+02 -1.0155e+02
-1.6994e+02 -1.6261e+02 -1.0968e+02 -1.0153e+02
# New trial
-1.7066e+02 -1.6982e+02 -1.7319e+02 -5.2836e+02
-1.7058e+02 -1.6903e+02 -1.5766e+02 -2.1859e+02
-1.7039e+02 -1.6708e+02 -1.3603e+02 -1.0153e+02
-1.7026e+02 -1.6574e+02 -1.2502e+02 -1.0153e+02
# New trial
-1.7055e+02 -1.6905e+02 -1.9175e+02 -7.7812e+02
-1.7040e+02 -1.6745e+02 -1.5957e+02 -3.3179e+02
-1.7006e+02 -1.6385e+02 -1.2127e+02 -1.0358e+02
-1.6996e+02 -1.6285e+02 -1.1513e+02 -1.3131e+02
# New trial
-1.7059e+02 -1.6909e+02 -1.6165e+02 -3.0191e+02
-1.7046e+02 -1.6787e+02 -1.4914e+02 -2.0736e+02
-1.7012e+02 -1.6444e+02 -1.1868e+02 -1.0167e+02
-1.6992e+02 -1.6243e+02 -1.0854e+02 -1.0153e+02
# New trial
-1.7058e+02 -1.6899e+02 -1.5792e+02 -2.3424e+02
-1.7050e+02 -1.6818e+02 -1.5039e+02 -1.5792e+02
-1.7029e+02 -1.6608e+02 -1.3031e+02 -1.0663e+02
-1.7023e+02 -1.6545e+02 -1.2558e+02 -1.2213e+02
# New trial
-1.7061e+02 -1.6934e+02 -1.7229e+02 -5.1198e+02
-1.7053e+02 -1.6850e+02 -1.5880e+02 -2.9652e+02
-1.7028e+02 -1.6602e+02 -1.2945e+02 -1.0158e+02
-1.7008e+02 -1.6401e+02 -1.2169e+02 -2.0396e+02
# New trial
-1.7062e+02 -1.6942e+02 -1.6394e+02 -4.1641e+02
-1.7058e+02 -1.6893e+02 -1.5401e+02 -1.4363e+02
-1.7045e+02 -1.6771e+02 -1.4118e+02 -1.0153e+02
-1.7032e+02 -1.6635e+02 -1.2928e+02 -1.0153e+02
# New trial
-1.7059e+02 -1.6921e+02 -1.7324e+02 -4.7201e+02
-1.7046e+02 -1.6781e+02 -1.4824e+02 -1.4143e+02
-1.7029e+02 -1.6614e+02 -1.3095e+02 -1.0159e+02
-1.7033e+02 -1.6654e+02 -1.3222e+02 -1.3504e+02
# New trial
-1.7063e+02 -1.6950e+02 -1.6471e+02 -4.4714e+02
-1.7057e+02 -1.6892e+02 -1.5381e+02 -1.2341e+02
-1.7043e+02 -1.6745e+02 -1.3912e+02 -1.0157e+02
-1.7023e+02 -1.6550e+02 -1.2271e+02 -1.0153e+02
# New trial
-1.7060e+02 -1.6933e+02 -1.7170e+02 -4.3963e+02
-1.7044e+02 -1.6763e+02 -1.4790e+02 -2.3298e+02
-1.7017e+02 -1.6497e+02 -1.2213e+02 -1.0153e+02
-1.7016e+02 -1.6476e+02 -1.1968e+02 -1.0155e+02
# New trial
-1.7059e+02 -1.6920e+02 -1.6524e+02 -2.6914e+02
-1.7044e+02 -1.6770e+02 -1.4917e+02 -1.9294e+02
-1.7009e+02 -1.6417e+02 -1.2074e+02 -1.0220e+02
-1.6982e+02 -1.6146e+02 -1.0907e+02 -1.0160e+02
# New trial
-1.7058e+02 -1.6925e+02 -1.9411e+02 -7.4677e+02
-1.7043e+02 -1.6754e+02 -1.5110e+02 -2.0852e+02
-1.7011e+02 -1.6435e+02 -1.1917e+02 -1.0153e+02
-1.6993e+02 -1.6252e+02 -1.1007e+02 -1.0153e+02
# New trial
-1.7065e+02 -1.6971e+02 -1.6126e+02 -1.7204e+02
-1.7056e+02 -1.6880e+02 -1.5216e+02 -1.1306e+02
-1.7035e+02 -1.6667e+02 -1.3231e+02 -1.0153e+02
-1.7019e+02 -1.6508e+02 -1.1946e+02 -1.0153e+02
# New trial
-1.7057e+02 -1.6890e+02 -1.6219e+02 -4.8306e+02
-1.7051e+02 -1.6827e+02 -1.5088e+02 -1.9641e+02
-1.7034e+02 -1.6662e+02 -1.3369e+02 -1.0248e+02
-1.7025e+02 -1.6566e+02 -1.2899e+02 -1.6888e+02
# New trial
-1.7064e+02 -1.6975e+02 -1.7987e+02 -5.4777e+02
-1.7049e+02 -1.6817e+02 -1.5509e+02 -2.9128e+02
-1.7017e+02 -1.6486e+02 -1.2226e+02 -1.2601e+02
-1.6993e+02 -1.6249e+02 -1.1445e+02 -1.5790e+02
# New trial
-1.7062e+02 -1.6940e+02 -1.6139e+02 -2.6788e+02
-1.7053e+02 -1.6849e+02 -1.5164e+02 -2.1489e+02
-1.7030e+02 -1.6626e+02 -1.3199e+02 -1.0169e+02
-1.7018e+02 -1.6497e+02 -1.2182e+02 -1.3252e+02
# New trial
-1.7060e+02 -1.6916e+02 -1.6041e+02 -3.3835e+02
-1.7053e+02 -1.6850e+02 -1.5136e+02 -1.7914e+02
-1.7034e+02 -1.6662e+02 -1.3241e+02 -1.0213e+02
-1.7015e+02 -1.6473e+02 -1.2264e+02 -1.5742e+02
# New trial
