# 1.0sig - Array shape (trial/sig/alpha): (30, 4, 4)
-1.7964e+02 -1.7678e+02 -1.8297e+02 -7.0975e+02
-1.7944e+02 -1.7465e+02 -1.4575e+02 -2.5483e+02
-1.7893e+02 -1.6944e+02 -9.0277e+01 -5.4232e+01
-1.7846e+02 -1.6478e+02 -6.5185e+01 -4.6230e+01
# New trial
-1.7967e+02 -1.7694e+02 -1.6461e+02 -3.6591e+02
-1.7950e+02 -1.7532e+02 -1.4673e+02 -1.3496e+02
-1.7906e+02 -1.7084e+02 -1.0201e+02 -4.6234e+01
-1.7885e+02 -1.6869e+02 -8.3450e+01 -4.6153e+01
# New trial
-1.7967e+02 -1.7690e+02 -1.6059e+02 -3.9333e+02
-1.7954e+02 -1.7563e+02 -1.4492e+02 -1.4793e+02
-1.7919e+02 -1.7203e+02 -1.0972e+02 -6.7021e+01
-1.7890e+02 -1.6918e+02 -9.7726e+01 -3.0419e+02
# New trial
-1.7966e+02 -1.7691e+02 -1.8060e+02 -9.2460e+02
-1.7951e+02 -1.7539e+02 -1.5052e+02 -3.5114e+02
-1.7918e+02 -1.7195e+02 -1.1000e+02 -5.0808e+01
-1.7902e+02 -1.7038e+02 -9.8271e+01 -1.4504e+02
# New trial
-1.7948e+02 -1.7519e+02 -1.7618e+02 -8.7086e+02
-1.7929e+02 -1.7323e+02 -1.3344e+02 -3.8472e+02
-1.7892e+02 -1.6936e+02 -8.9335e+01 -4.6309e+01
-1.7878e+02 -1.6792e+02 -8.2377e+01 -7.8195e+01
# New trial
-1.7969e+02 -1.7714e+02 -1.7152e+02 -7.0363e+02
-1.7956e+02 -1.7582e+02 -1.4848e+02 -2.8104e+02
-1.7922e+02 -1.7235e+02 -1.1235e+02 -5.0947e+01
-1.7898e+02 -1.6995e+02 -9.2284e+01 -5.7745e+01
# New trial
-1.7983e+02 -1.7844e+02 -1.7527e+02 -5.4676e+02
-1.7974e+02 -1.7748e+02 -1.5759e+02 -2.2939e+02
-1.7958e+02 -1.7595e+02 -1.4107e+02 -6.7253e+01
-1.7955e+02 -1.7563e+02 -1.3791e+02 -1.0254e+02
# New trial
-1.7967e+02 -1.7718e+02 -1.9907e+02 -1.0028e+03
-1.7943e+02 -1.7464e+02 -1.5082e+02 -5.2793e+02
-1.7898e+02 -1.7003e+02 -9.4491e+01 -4.6252e+01
-1.7885e+02 -1.6862e+02 -8.2620e+01 -4.6231e+01
# New trial
-1.7940e+02 -1.7474e+02 -1.7408e+02 -6.2415e+02
-1.7897e+02 -1.7019e+02 -1.1770e+02 -1.6288e+02
-1.7816e+02 -1.6191e+02 -5.7567e+01 -4.6635e+01
-1.7808e+02 -1.6107e+02 -6.6126e+01 -1.1594e+02
# New trial
-1.7963e+02 -1.7661e+02 -1.6597e+02 -5.5653e+02
-1.7942e+02 -1.7449e+02 -1.4304e+02 -2.6862e+02
-1.7891e+02 -1.6924e+02 -8.6799e+01 -4.6151e+01
-1.7858e+02 -1.6596e+02 -7.1313e+01 -5.0939e+01
# New trial
-1.7950e+02 -1.7547e+02 -1.7364e+02 -7.4707e+02
-1.7929e+02 -1.7328e+02 -1.4995e+02 -5.2316e+02
-1.7876e+02 -1.6780e+02 -8.4686e+01 -7.2028e+01
-1.7856e+02 -1.6573e+02 -7.3675e+01 -6.9863e+01
# New trial
-1.7969e+02 -1.7748e+02 -2.0391e+02 -1.0261e+03
-1.7944e+02 -1.7468e+02 -1.4798e+02 -3.1368e+02
-1.7892e+02 -1.6940e+02 -9.2031e+01 -4.7137e+01
-1.7845e+02 -1.6469e+02 -6.5271e+01 -4.6166e+01
# New trial
-1.7969e+02 -1.7728e+02 -1.9446e+02 -1.0585e+03
-1.7949e+02 -1.7512e+02 -1.4799e+02 -3.0105e+02
-1.7917e+02 -1.7186e+02 -1.1008e+02 -5.2712e+01
-1.7913e+02 -1.7138e+02 -1.0252e+02 -6.9467e+01
# New trial
-1.7957e+02 -1.7662e+02 -2.5063e+02 -1.7226e+03
-1.7929e+02 -1.7335e+02 -1.5900e+02 -6.1250e+02
-1.7871e+02 -1.6731e+02 -8.3134e+01 -4.6595e+01
-1.7849e+02 -1.6512e+02 -7.2379e+01 -7.9104e+01
# New trial
-1.7969e+02 -1.7725e+02 -1.8159e+02 -8.8927e+02
-1.7955e+02 -1.7573e+02 -1.5146e+02 -3.3671e+02
-1.7920e+02 -1.7218e+02 -1.0821e+02 -4.6152e+01
-1.7903e+02 -1.7043e+02 -9.3271e+01 -4.6153e+01
# New trial
-1.7942e+02 -1.7550e+02 -2.4490e+02 -1.6054e+03
-1.7913e+02 -1.7225e+02 -1.5996e+02 -6.0005e+02
-1.7847e+02 -1.6518e+02 -7.3658e+01 -4.6738e+01
-1.7852e+02 -1.6543e+02 -8.8922e+01 -3.0512e+02
# New trial
-1.7955e+02 -1.7579e+02 -1.6358e+02 -5.0959e+02
-1.7928e+02 -1.7314e+02 -1.3664e+02 -3.4067e+02
-1.7862e+02 -1.6650e+02 -8.3856e+01 -4.7714e+01
-1.7847e+02 -1.6497e+02 -9.6795e+01 -3.3987e+02
# New trial
-1.7963e+02 -1.7660e+02 -1.6720e+02 -4.6230e+02
-1.7944e+02 -1.7475e+02 -1.4984e+02 -2.7686e+02
-1.7900e+02 -1.7018e+02 -1.0165e+02 -6.6472e+01
-1.7894e+02 -1.6953e+02 -9.4921e+01 -1.0583e+02
# New trial
-1.7964e+02 -1.7693e+02 -2.0005e+02 -1.1002e+03
-1.7946e+02 -1.7502e+02 -1.6407e+02 -5.9574e+02
-1.7896e+02 -1.6977e+02 -9.1931e+01 -4.7358e+01
-1.7863e+02 -1.6647e+02 -7.5788e+01 -6.2687e+01
# New trial
-1.7969e+02 -1.7718e+02 -1.8286e+02 -9.1719e+02
-1.7959e+02 -1.7604e+02 -1.5118e+02 -3.0710e+02
-1.7932e+02 -1.7332e+02 -1.1782e+02 -4.6631e+01
-1.7908e+02 -1.7091e+02 -9.7008e+01 -4.6245e+01
# New trial
-1.7954e+02 -1.7601e+02 -1.8865e+02 -9.3850e+02
-1.7927e+02 -1.7315e+02 -1.4019e+02 -2.6904e+02
-1.7904e+02 -1.7063e+02 -1.0310e+02 -4.7012e+01
-1.7927e+02 -1.7285e+02 -1.1329e+02 -6.5664e+01
# New trial
-1.7968e+02 -1.7699e+02 -1.8070e+02 -9.1263e+02
-1.7954e+02 -1.7556e+02 -1.4183e+02 -8.3040e+01
-1.7925e+02 -1.7260e+02 -1.1047e+02 -4.6712e+01
-1.7902e+02 -1.7029e+02 -9.2196e+01 -4.6339e+01
# New trial
-1.7956e+02 -1.7611e+02 -1.8880e+02 -8.7123e+02
-1.7927e+02 -1.7304e+02 -1.3591e+02 -2.9891e+02
-1.7883e+02 -1.6854e+02 -8.6512e+01 -4.6455e+01
-1.7890e+02 -1.6916e+02 -9.4021e+01 -2.1751e+02
# New trial
-1.7959e+02 -1.7651e+02 -1.8467e+02 -6.2793e+02
-1.7928e+02 -1.7322e+02 -1.4046e+02 -3.3585e+02
-1.7859e+02 -1.6623e+02 -7.6235e+01 -4.9284e+01
-1.7815e+02 -1.6179e+02 -9.5146e+01 -4.3820e+02
# New trial
-1.7972e+02 -1.7841e+02 -2.6318e+02 -1.6973e+03
-1.7936e+02 -1.7418e+02 -1.5945e+02 -4.5443e+02
-1.7865e+02 -1.6679e+02 -7.6800e+01 -4.6311e+01
-1.7844e+02 -1.6458e+02 -6.8936e+01 -5.0245e+01
# New trial
-1.7973e+02 -1.7740e+02 -1.6023e+02 -2.2627e+02
-1.7951e+02 -1.7528e+02 -1.3860e+02 -6.8119e+01
-1.7911e+02 -1.7122e+02 -1.0083e+02 -4.6152e+01
-1.7902e+02 -1.7029e+02 -9.1992e+01 -5.8314e+01
# New trial
-1.7960e+02 -1.7629e+02 -1.8180e+02 -9.8568e+02
-1.7947e+02 -1.7496e+02 -1.4608e+02 -3.3100e+02
-1.7914e+02 -1.7153e+02 -1.0522e+02 -6.2853e+01
-1.7900e+02 -1.7017e+02 -9.6939e+01 -1.5713e+02
# New trial
-1.7957e+02 -1.7661e+02 -2.0587e+02 -1.1534e+03
-1.7929e+02 -1.7351e+02 -1.5369e+02 -5.2474e+02
-1.7869e+02 -1.6714e+02 -8.4587e+01 -8.0617e+01
-1.7841e+02 -1.6431e+02 -6.9064e+01 -8.0449e+01
# New trial
-1.7967e+02 -1.7696e+02 -1.6927e+02 -5.2441e+02
-1.7945e+02 -1.7473e+02 -1.3999e+02 -2.7092e+02
-1.7900e+02 -1.7023e+02 -9.8147e+01 -4.8955e+01
-1.7890e+02 -1.6913e+02 -9.0954e+01 -1.4988e+02
# New trial
-1.7958e+02 -1.7609e+02 -1.6830e+02 -6.7178e+02
-1.7946e+02 -1.7480e+02 -1.4472e+02 -2.9156e+02
-1.7909e+02 -1.7110e+02 -1.0042e+02 -4.6695e+01
-1.7882e+02 -1.6829e+02 -8.3414e+01 -7.1604e+01
# New trial
