# 10.0sig - Array shape (trial/sig/alpha): (30, 4, 4)
-1.1999e+02 -1.1998e+02 -1.2031e+02 -1.5417e+02
-1.1999e+02 -1.1995e+02 -1.1991e+02 -1.4960e+02
-1.1998e+02 -1.1985e+02 -1.1867e+02 -1.2138e+02
-1.1996e+02 -1.1968e+02 -1.1692e+02 -1.1076e+02
# New trial
-1.1999e+02 -1.2002e+02 -1.2615e+02 -2.3237e+02
-1.1998e+02 -1.1985e+02 -1.2182e+02 -1.7690e+02
-1.1995e+02 -1.1959e+02 -1.1700e+02 -1.2773e+02
-1.1994e+02 -1.1943e+02 -1.1482e+02 -1.1127e+02
# New trial
-1.1999e+02 -1.1999e+02 -1.2131e+02 -1.7324e+02
-1.1999e+02 -1.1992e+02 -1.2009e+02 -1.5265e+02
-1.1996e+02 -1.1967e+02 -1.1705e+02 -1.1440e+02
-1.1992e+02 -1.1928e+02 -1.1343e+02 -1.1076e+02
# New trial
-1.1998e+02 -1.1984e+02 -1.1901e+02 -1.3763e+02
-1.1997e+02 -1.1978e+02 -1.1851e+02 -1.2994e+02
-1.1995e+02 -1.1957e+02 -1.1630e+02 -1.2161e+02
-1.1992e+02 -1.1928e+02 -1.1366e+02 -1.1076e+02
# New trial
-1.1999e+02 -1.1999e+02 -1.2211e+02 -1.9014e+02
-1.1998e+02 -1.1990e+02 -1.1998e+02 -1.5457e+02
-1.1997e+02 -1.1975e+02 -1.1785e+02 -1.1847e+02
-1.1995e+02 -1.1957e+02 -1.1592e+02 -1.1076e+02
# New trial
-1.1998e+02 -1.1982e+02 -1.1872e+02 -1.2458e+02
-1.1997e+02 -1.1974e+02 -1.1780e+02 -1.2039e+02
-1.1995e+02 -1.1952e+02 -1.1552e+02 -1.1077e+02
-1.1992e+02 -1.1928e+02 -1.1343e+02 -1.1076e+02
# New trial
-1.1999e+02 -1.1993e+02 -1.1965e+02 -1.6030e+02
-1.1998e+02 -1.1991e+02 -1.1933e+02 -1.4495e+02
-1.1998e+02 -1.1983e+02 -1.1847e+02 -1.2353e+02
-1.1996e+02 -1.1965e+02 -1.1673e+02 -1.1630e+02
# New trial
-1.1998e+02 -1.1986e+02 -1.2000e+02 -1.6209e+02
-1.1997e+02 -1.1981e+02 -1.1929e+02 -1.5373e+02
-1.1996e+02 -1.1966e+02 -1.1717e+02 -1.2266e+02
-1.1994e+02 -1.1951e+02 -1.1533e+02 -1.1076e+02
# New trial
-1.1998e+02 -1.1994e+02 -1.2583e+02 -2.3103e+02
-1.1997e+02 -1.1977e+02 -1.1973e+02 -1.5493e+02
-1.1994e+02 -1.1948e+02 -1.1548e+02 -1.1410e+02
-1.1992e+02 -1.1925e+02 -1.1320e+02 -1.1076e+02
# New trial
-1.1999e+02 -1.1994e+02 -1.1958e+02 -1.3081e+02
-1.1999e+02 -1.1992e+02 -1.1930e+02 -1.1857e+02
-1.1998e+02 -1.1985e+02 -1.1861e+02 -1.1443e+02
-1.1997e+02 -1.1977e+02 -1.1783e+02 -1.1171e+02
# New trial
-1.2001e+02 -1.2023e+02 -1.2655e+02 -2.4678e+02
-1.2000e+02 -1.2004e+02 -1.2217e+02 -1.9344e+02
-1.1997e+02 -1.1981e+02 -1.1883e+02 -1.6111e+02
-1.1994e+02 -1.1951e+02 -1.1587e+02 -1.3327e+02
# New trial
-1.2001e+02 -1.2021e+02 -1.2679e+02 -2.2832e+02
-1.1999e+02 -1.1999e+02 -1.2054e+02 -1.5121e+02
-1.1998e+02 -1.1986e+02 -1.1881e+02 -1.2594e+02
-1.1997e+02 -1.1975e+02 -1.1767e+02 -1.1744e+02
# New trial
-1.2001e+02 -1.2021e+02 -1.2466e+02 -2.1507e+02
-1.2001e+02 -1.2013e+02 -1.2282e+02 -1.8387e+02
-1.1998e+02 -1.1989e+02 -1.1944e+02 -1.4776e+02
-1.1995e+02 -1.1957e+02 -1.1598e+02 -1.1077e+02
# New trial
-1.1999e+02 -1.1998e+02 -1.2109e+02 -1.6532e+02
-1.1998e+02 -1.1990e+02 -1.1968e+02 -1.4307e+02
-1.1996e+02 -1.1969e+02 -1.1717e+02 -1.2106e+02
-1.1994e+02 -1.1949e+02 -1.1515e+02 -1.1076e+02
# New trial
-1.2000e+02 -1.2009e+02 -1.2333e+02 -1.9028e+02
-1.1999e+02 -1.2000e+02 -1.2146e+02 -1.6586e+02
-1.1997e+02 -1.1975e+02 -1.1787e+02 -1.2490e+02
-1.1993e+02 -1.1937e+02 -1.1413e+02 -1.1076e+02
# New trial
-1.1999e+02 -1.2000e+02 -1.2619e+02 -2.3049e+02
-1.1997e+02 -1.1981e+02 -1.2026e+02 -1.5921e+02
-1.1994e+02 -1.1948e+02 -1.1615e+02 -1.2018e+02
-1.1991e+02 -1.1916e+02 -1.1264e+02 -1.1076e+02
# New trial
-1.1998e+02 -1.1992e+02 -1.2501e+02 -2.1944e+02
-1.1997e+02 -1.1976e+02 -1.1958e+02 -1.6336e+02
-1.1995e+02 -1.1952e+02 -1.1624e+02 -1.2950e+02
-1.1992e+02 -1.1928e+02 -1.1349e+02 -1.1076e+02
# New trial
-1.1998e+02 -1.1986e+02 -1.1973e+02 -1.6144e+02
-1.1997e+02 -1.1972e+02 -1.1787e+02 -1.3721e+02
-1.1994e+02 -1.1948e+02 -1.1532e+02 -1.1083e+02
-1.1993e+02 -1.1933e+02 -1.1378e+02 -1.1076e+02
# New trial
-1.1999e+02 -1.1996e+02 -1.2025e+02 -1.5108e+02
-1.1998e+02 -1.1990e+02 -1.1916e+02 -1.2016e+02
-1.1997e+02 -1.1980e+02 -1.1811e+02 -1.1090e+02
-1.1996e+02 -1.1968e+02 -1.1686e+02 -1.1076e+02
# New trial
-1.2001e+02 -1.2015e+02 -1.2563e+02 -2.2093e+02
-1.1999e+02 -1.1999e+02 -1.2079e+02 -1.6973e+02
-1.1997e+02 -1.1973e+02 -1.1766e+02 -1.3560e+02
-1.1994e+02 -1.1948e+02 -1.1565e+02 -1.3342e+02
# New trial
-1.1999e+02 -1.1996e+02 -1.2082e+02 -1.6926e+02
-1.1998e+02 -1.1987e+02 -1.1898e+02 -1.4107e+02
-1.1996e+02 -1.1967e+02 -1.1687e+02 -1.1088e+02
-1.1993e+02 -1.1936e+02 -1.1398e+02 -1.1076e+02
# New trial
-1.1998e+02 -1.1985e+02 -1.1903e+02 -1.3634e+02
-1.1997e+02 -1.1977e+02 -1.1829e+02 -1.3382e+02
-1.1995e+02 -1.1954e+02 -1.1575e+02 -1.1076e+02
-1.1992e+02 -1.1928e+02 -1.1339e+02 -1.1076e+02
# New trial
-1.1999e+02 -1.1993e+02 -1.2016e+02 -1.4503e+02
-1.1998e+02 -1.1985e+02 -1.1917e+02 -1.3640e+02
-1.1996e+02 -1.1965e+02 -1.1676e+02 -1.1119e+02
-1.1993e+02 -1.1940e+02 -1.1439e+02 -1.1076e+02
# New trial
-1.1998e+02 -1.1991e+02 -1.2134e+02 -1.6397e+02
-1.1997e+02 -1.1981e+02 -1.2024e+02 -1.6314e+02
-1.1995e+02 -1.1953e+02 -1.1606e+02 -1.2129e+02
-1.1991e+02 -1.1917e+02 -1.1266e+02 -1.1076e+02
# New trial
-1.1999e+02 -1.2001e+02 -1.2283e+02 -1.8909e+02
-1.1998e+02 -1.1990e+02 -1.2106e+02 -1.6863e+02
-1.1995e+02 -1.1959e+02 -1.1671e+02 -1.2118e+02
-1.1991e+02 -1.1913e+02 -1.1242e+02 -1.1076e+02
# New trial
-1.2000e+02 -1.2015e+02 -1.2792e+02 -2.4527e+02
-1.1998e+02 -1.1991e+02 -1.2300e+02 -1.9845e+02
-1.1994e+02 -1.1946e+02 -1.1538e+02 -1.1278e+02
-1.1989e+02 -1.1897e+02 -1.1173e+02 -1.1076e+02
# New trial
-1.2002e+02 -1.2031e+02 -1.2869e+02 -2.4533e+02
-1.1999e+02 -1.2000e+02 -1.2121e+02 -1.6775e+02
-1.1996e+02 -1.1965e+02 -1.1684e+02 -1.1803e+02
-1.1991e+02 -1.1918e+02 -1.1281e+02 -1.1076e+02
# New trial
-1.1999e+02 -1.1994e+02 -1.1962e+02 -1.3414e+02
-1.1998e+02 -1.1991e+02 -1.1938e+02 -1.3891e+02
-1.1997e+02 -1.1979e+02 -1.1810e+02 -1.2649e+02
-1.1996e+02 -1.1964e+02 -1.1659e+02 -1.1086e+02
# New trial
-1.1999e+02 -1.1995e+02 -1.2306e+02 -2.0965e+02
-1.1998e+02 -1.1987e+02 -1.2042e+02 -1.6396e+02
-1.1995e+02 -1.1961e+02 -1.1673e+02 -1.1211e+02
-1.1993e+02 -1.1934e+02 -1.1407e+02 -1.1080e+02
# New trial
-1.1999e+02 -1.1999e+02 -1.2095e+02 -1.7257e+02
-1.1999e+02 -1.1995e+02 -1.1994e+02 -1.5503e+02
-1.1997e+02 -1.1981e+02 -1.1838e+02 -1.3561e+02
-1.1995e+02 -1.1957e+02 -1.1603e+02 -1.1249e+02
# New trial
