# 1.0sig - Array shape (trial/sig/alpha): (30L, 4L, 4L)
-8.7498e+01 -8.6289e+01 -1.1729e+02 -7.4211e+02
-8.7461e+01 -8.5659e+01 -8.9502e+01 -4.2274e+02
-8.7286e+01 -8.3741e+01 -5.9694e+01 -2.5283e+02
-8.7181e+01 -8.2662e+01 -5.5322e+01 -1.7529e+02
# New trial
-8.7432e+01 -8.5505e+01 -9.6397e+01 -5.2116e+02
-8.7413e+01 -8.5179e+01 -7.6235e+01 -1.9359e+02
-8.7342e+01 -8.4391e+01 -6.3139e+01 -1.3259e+02
-8.7358e+01 -8.4425e+01 -6.0792e+01 -9.7014e+01
# New trial
-8.7437e+01 -8.5531e+01 -9.6572e+01 -5.2177e+02
-8.7437e+01 -8.5414e+01 -8.1062e+01 -2.9225e+02
-8.7382e+01 -8.4724e+01 -6.4821e+01 -1.9029e+02
-8.7331e+01 -8.4140e+01 -5.8658e+01 -6.3322e+01
# New trial
-8.7432e+01 -8.5365e+01 -9.0672e+01 -6.2304e+02
-8.7430e+01 -8.5309e+01 -7.9617e+01 -2.7181e+02
-8.7376e+01 -8.4649e+01 -6.3953e+01 -1.3262e+02
-8.7383e+01 -8.4653e+01 -6.1492e+01 -8.8051e+01
# New trial
-8.7478e+01 -8.6239e+01 -1.2958e+02 -9.1696e+02
-8.7377e+01 -8.4911e+01 -9.0119e+01 -5.2627e+02
-8.7279e+01 -8.3730e+01 -6.0192e+01 -2.4064e+02
-8.7334e+01 -8.4206e+01 -6.2364e+01 -2.1279e+02
# New trial
-8.7456e+01 -8.5687e+01 -9.5692e+01 -6.1331e+02
-8.7470e+01 -8.5687e+01 -8.1960e+01 -3.3198e+02
-8.7390e+01 -8.4777e+01 -6.5085e+01 -1.5709e+02
-8.7372e+01 -8.4549e+01 -6.1871e+01 -1.5152e+02
# New trial
-8.7581e+01 -8.6806e+01 -9.7379e+01 -4.8449e+02
-8.7564e+01 -8.6508e+01 -8.0104e+01 -1.6267e+02
-8.7530e+01 -8.6129e+01 -7.3330e+01 -9.8261e+01
-8.7558e+01 -8.6398e+01 -7.5322e+01 -6.7237e+01
# New trial
-8.7555e+01 -8.6859e+01 -1.2340e+02 -8.2929e+02
-8.7449e+01 -8.5567e+01 -8.7471e+01 -4.5987e+02
-8.7290e+01 -8.3825e+01 -5.9245e+01 -1.4671e+02
-8.7355e+01 -8.4384e+01 -6.0601e+01 -4.8741e+01
# New trial
-8.7426e+01 -8.6900e+01 -1.5097e+02 -1.0960e+03
-8.7269e+01 -8.4497e+01 -1.0751e+02 -6.4529e+02
-8.6997e+01 -8.1042e+01 -5.9096e+01 -3.5817e+02
-8.7174e+01 -8.2589e+01 -5.4845e+01 -1.0276e+02
# New trial
-8.7488e+01 -8.6190e+01 -1.0633e+02 -6.3512e+02
-8.7448e+01 -8.5560e+01 -8.9910e+01 -4.6101e+02
-8.7277e+01 -8.3654e+01 -5.7457e+01 -1.9443e+02
-8.7249e+01 -8.3327e+01 -5.6497e+01 -1.1271e+02
# New trial
-8.7412e+01 -8.5738e+01 -1.2369e+02 -8.4438e+02
-8.7352e+01 -8.4893e+01 -1.0491e+02 -6.8427e+02
-8.7182e+01 -8.2783e+01 -5.6759e+01 -2.2588e+02
-8.7185e+01 -8.2722e+01 -5.3899e+01 -7.1511e+01
# New trial
-8.7586e+01 -8.7658e+01 -1.4827e+02 -1.1361e+03
-8.7454e+01 -8.5592e+01 -8.8379e+01 -4.6919e+02
-8.7266e+01 -8.3511e+01 -5.4341e+01 -1.5093e+02
-8.7185e+01 -8.2687e+01 -5.1930e+01 -4.8904e+01
# New trial
-8.7516e+01 -8.6419e+01 -1.1810e+02 -8.0307e+02
-8.7408e+01 -8.5117e+01 -8.0836e+01 -3.0004e+02
-8.7349e+01 -8.4391e+01 -6.2627e+01 -1.2290e+02
-8.7399e+01 -8.4824e+01 -6.3687e+01 -8.1366e+01
# New trial
-8.7466e+01 -8.6855e+01 -1.8508e+02 -1.5388e+03
-8.7376e+01 -8.5252e+01 -1.1153e+02 -7.0193e+02
-8.7221e+01 -8.3225e+01 -6.4013e+01 -2.5606e+02
-8.7235e+01 -8.3246e+01 -6.2307e+01 -1.8822e+02
# New trial
-8.7448e+01 -8.5812e+01 -1.1531e+02 -7.5243e+02
-8.7464e+01 -8.5687e+01 -8.6396e+01 -3.1096e+02
-8.7405e+01 -8.4931e+01 -6.6562e+01 -1.6279e+02
-8.7392e+01 -8.4756e+01 -6.5179e+01 -1.5791e+02
# New trial
-8.7308e+01 -8.5522e+01 -1.5368e+02 -1.1892e+03
-8.7286e+01 -8.4647e+01 -1.0330e+02 -5.6748e+02
-8.7139e+01 -8.2445e+01 -5.4235e+01 -1.8407e+02
-8.7304e+01 -8.3874e+01 -5.9489e+01 -1.4197e+02
# New trial
-8.7349e+01 -8.5160e+01 -1.1306e+02 -7.7143e+02
-8.7294e+01 -8.4218e+01 -8.4116e+01 -4.2468e+02
-8.7132e+01 -8.2303e+01 -6.0256e+01 -2.9973e+02
-8.7290e+01 -8.3762e+01 -6.6206e+01 -2.4654e+02
# New trial
-8.7446e+01 -8.5655e+01 -9.4319e+01 -4.7783e+02
-8.7412e+01 -8.5231e+01 -8.3341e+01 -3.2040e+02
-8.7295e+01 -8.3869e+01 -5.9983e+01 -1.5396e+02
-8.7347e+01 -8.4303e+01 -6.0734e+01 -1.0042e+02
# New trial
-8.7369e+01 -8.5044e+01 -1.1815e+02 -8.6811e+02
-8.7397e+01 -8.5132e+01 -9.5480e+01 -5.4023e+02
-8.7269e+01 -8.3602e+01 -5.7266e+01 -1.6944e+02
-8.7213e+01 -8.2971e+01 -5.3664e+01 -8.7915e+01
# New trial
-8.7530e+01 -8.6658e+01 -1.2387e+02 -8.6999e+02
-8.7508e+01 -8.6142e+01 -9.4754e+01 -4.7386e+02
-8.7418e+01 -8.5047e+01 -6.6995e+01 -1.6395e+02
-8.7394e+01 -8.4764e+01 -6.1354e+01 -5.8663e+01
# New trial
-8.7375e+01 -8.5427e+01 -1.2823e+02 -8.6826e+02
-8.7248e+01 -8.3697e+01 -7.3003e+01 -2.6515e+02
-8.7314e+01 -8.4066e+01 -6.0726e+01 -1.3186e+02
-8.7533e+01 -8.6158e+01 -7.3646e+01 -8.7325e+01
# New trial
-8.7439e+01 -8.5370e+01 -8.9013e+01 -6.0389e+02
-8.7448e+01 -8.5370e+01 -7.3017e+01 -2.1744e+02
-8.7375e+01 -8.4594e+01 -6.0866e+01 -1.4161e+02
-8.7398e+01 -8.4809e+01 -6.2209e+01 -7.5279e+01
# New trial
-8.7372e+01 -8.5839e+01 -1.5065e+02 -1.1501e+03
-8.7293e+01 -8.4411e+01 -8.5227e+01 -4.0108e+02
-8.7241e+01 -8.3496e+01 -6.1893e+01 -1.8920e+02
-8.7385e+01 -8.4695e+01 -6.4471e+01 -1.6641e+02
# New trial
-8.7464e+01 -8.6579e+01 -1.2737e+02 -8.4991e+02
-8.7382e+01 -8.5186e+01 -9.0503e+01 -4.1177e+02
-8.7196e+01 -8.2936e+01 -5.7760e+01 -2.3633e+02
-8.7162e+01 -8.2475e+01 -5.2471e+01 -9.6603e+01
# New trial
-8.7612e+01 -8.7717e+01 -1.4658e+02 -1.0839e+03
-8.7524e+01 -8.6479e+01 -1.0331e+02 -5.4301e+02
-8.7253e+01 -8.3513e+01 -6.5629e+01 -2.5666e+02
-8.7347e+01 -8.4345e+01 -7.2898e+01 -3.4528e+02
# New trial
-8.7476e+01 -8.5843e+01 -9.0955e+01 -4.2365e+02
-8.7413e+01 -8.5091e+01 -7.2582e+01 -1.8179e+02
-8.7343e+01 -8.4295e+01 -6.0280e+01 -1.3889e+02
-8.7444e+01 -8.5261e+01 -6.6287e+01 -1.6091e+02
# New trial
-8.7368e+01 -8.5071e+01 -1.0877e+02 -7.6251e+02
-8.7425e+01 -8.5306e+01 -8.2641e+01 -3.3579e+02
-8.7391e+01 -8.4802e+01 -6.6039e+01 -1.6434e+02
-8.7399e+01 -8.4819e+01 -6.5154e+01 -1.2789e+02
# New trial
-8.7422e+01 -8.6583e+01 -1.6472e+02 -1.3043e+03
-8.7372e+01 -8.5157e+01 -9.9064e+01 -5.9449e+02
-8.7205e+01 -8.3045e+01 -5.9602e+01 -2.8338e+02
-8.7230e+01 -8.3159e+01 -5.5409e+01 -1.5226e+02
# New trial
-8.7484e+01 -8.6120e+01 -1.0701e+02 -6.1499e+02
-8.7412e+01 -8.5176e+01 -7.8702e+01 -2.5227e+02
-8.7301e+01 -8.3947e+01 -6.1047e+01 -1.4328e+02
-8.7348e+01 -8.4327e+01 -6.0491e+01 -6.2760e+01
# New trial
-8.7440e+01 -8.5696e+01 -1.1076e+02 -7.5299e+02
-8.7438e+01 -8.5477e+01 -8.9819e+01 -4.3024e+02
-8.7345e+01 -8.4351e+01 -6.3499e+01 -1.8692e+02
-8.7301e+01 -8.3836e+01 -5.7165e+01 -6.1633e+01
# New trial
