# 1.0sig - Array shape (trial/sig/alpha): (30, 4, 4)
-1.6594e+02 -1.6421e+02 -1.6388e+02 -4.5198e+02
-1.6580e+02 -1.6275e+02 -1.4120e+02 -2.1495e+02
-1.6545e+02 -1.5927e+02 -1.0688e+02 -7.6300e+01
-1.6509e+02 -1.5567e+02 -1.0051e+02 -2.3042e+02
# New trial
-1.6595e+02 -1.6425e+02 -1.5531e+02 -2.6387e+02
-1.6583e+02 -1.6308e+02 -1.4233e+02 -1.5219e+02
-1.6553e+02 -1.6011e+02 -1.1370e+02 -7.4376e+01
-1.6533e+02 -1.5810e+02 -9.9763e+01 -1.3788e+02
# New trial
-1.6593e+02 -1.6409e+02 -1.5229e+02 -3.1465e+02
-1.6584e+02 -1.6315e+02 -1.4039e+02 -1.0897e+02
-1.6558e+02 -1.6056e+02 -1.1493e+02 -7.6854e+01
-1.6535e+02 -1.5823e+02 -9.8998e+01 -7.8621e+01
# New trial
-1.6593e+02 -1.6410e+02 -1.5619e+02 -5.2362e+02
-1.6583e+02 -1.6311e+02 -1.4415e+02 -2.3336e+02
-1.6560e+02 -1.6074e+02 -1.1817e+02 -7.4605e+01
-1.6549e+02 -1.5961e+02 -1.0681e+02 -7.3845e+01
# New trial
-1.6581e+02 -1.6298e+02 -1.6430e+02 -6.0567e+02
-1.6567e+02 -1.6154e+02 -1.3667e+02 -3.1770e+02
-1.6541e+02 -1.5886e+02 -1.0314e+02 -7.3843e+01
-1.6529e+02 -1.5763e+02 -9.4441e+01 -7.3842e+01
# New trial
-1.6595e+02 -1.6423e+02 -1.5473e+02 -4.7999e+02
-1.6587e+02 -1.6342e+02 -1.4268e+02 -2.0107e+02
-1.6563e+02 -1.6105e+02 -1.1931e+02 -7.3898e+01
-1.6542e+02 -1.5895e+02 -1.0218e+02 -7.3842e+01
# New trial
-1.6605e+02 -1.6528e+02 -1.6411e+02 -4.9267e+02
-1.6599e+02 -1.6464e+02 -1.5263e+02 -2.1944e+02
-1.6588e+02 -1.6353e+02 -1.4108e+02 -9.8984e+01
-1.6584e+02 -1.6312e+02 -1.3710e+02 -1.2914e+02
# New trial
-1.6589e+02 -1.6376e+02 -1.6265e+02 -5.7472e+02
-1.6577e+02 -1.6246e+02 -1.3994e+02 -2.9271e+02
-1.6547e+02 -1.5948e+02 -1.0846e+02 -7.3895e+01
-1.6531e+02 -1.5781e+02 -9.5876e+01 -7.3842e+01
# New trial
-1.6578e+02 -1.6275e+02 -1.5949e+02 -5.2659e+02
-1.6551e+02 -1.5996e+02 -1.2768e+02 -2.6826e+02
-1.6492e+02 -1.5407e+02 -8.4746e+01 -7.3910e+01
-1.6467e+02 -1.5155e+02 -8.0564e+01 -7.5086e+01
# New trial
-1.6591e+02 -1.6385e+02 -1.5271e+02 -4.1837e+02
-1.6578e+02 -1.6255e+02 -1.3948e+02 -2.3340e+02
-1.6544e+02 -1.5916e+02 -1.0702e+02 -7.7336e+01
-1.6516e+02 -1.5637e+02 -9.3240e+01 -1.1229e+02
# New trial
-1.6585e+02 -1.6337e+02 -1.5761e+02 -4.7969e+02
-1.6572e+02 -1.6208e+02 -1.4597e+02 -3.7730e+02
-1.6534e+02 -1.5817e+02 -1.0410e+02 -9.1696e+01
-1.6511e+02 -1.5586e+02 -9.7052e+01 -1.6983e+02
# New trial
-1.6595e+02 -1.6447e+02 -1.7835e+02 -6.9041e+02
-1.6578e+02 -1.6255e+02 -1.3946e+02 -2.4264e+02
-1.6543e+02 -1.5901e+02 -1.0483e+02 -7.6230e+01
-1.6505e+02 -1.5529e+02 -8.6083e+01 -8.0104e+01
# New trial
-1.6598e+02 -1.6467e+02 -1.7229e+02 -7.1503e+02
-1.6584e+02 -1.6314e+02 -1.4367e+02 -1.8249e+02
-1.6558e+02 -1.6059e+02 -1.1708e+02 -7.4500e+01
-1.6549e+02 -1.5959e+02 -1.0719e+02 -7.3896e+01
# New trial
-1.6593e+02 -1.6453e+02 -2.1311e+02 -1.1378e+03
-1.6573e+02 -1.6223e+02 -1.5436e+02 -4.6799e+02
-1.6528e+02 -1.5760e+02 -9.3633e+01 -7.3842e+01
-1.6504e+02 -1.5510e+02 -8.4482e+01 -7.3842e+01
# New trial
-1.6597e+02 -1.6454e+02 -1.6684e+02 -6.8675e+02
-1.6587e+02 -1.6345e+02 -1.4640e+02 -2.3407e+02
-1.6562e+02 -1.6089e+02 -1.1902e+02 -7.8461e+01
-1.6545e+02 -1.5920e+02 -1.0705e+02 -1.4447e+02
# New trial
-1.6591e+02 -1.6441e+02 -2.1383e+02 -1.1018e+03
-1.6571e+02 -1.6227e+02 -1.5693e+02 -4.3521e+02
-1.6521e+02 -1.5705e+02 -1.0218e+02 -7.4478e+01
-1.6507e+02 -1.5553e+02 -1.0069e+02 -2.3703e+02
# New trial
-1.6588e+02 -1.6366e+02 -1.5428e+02 -3.4792e+02
-1.6571e+02 -1.6195e+02 -1.3826e+02 -3.1584e+02
-1.6522e+02 -1.5706e+02 -9.8328e+01 -7.4201e+01
-1.6494e+02 -1.5419e+02 -8.2539e+01 -7.3905e+01
# New trial
-1.6587e+02 -1.6349e+02 -1.4958e+02 -2.9387e+02
-1.6575e+02 -1.6232e+02 -1.3840e+02 -1.6632e+02
-1.6545e+02 -1.5929e+02 -1.0716e+02 -7.4113e+01
-1.6536e+02 -1.5839e+02 -1.0064e+02 -7.4473e+01
# New trial
-1.6592e+02 -1.6411e+02 -1.7381e+02 -6.7324e+02
-1.6580e+02 -1.6283e+02 -1.5180e+02 -3.9229e+02
-1.6545e+02 -1.5926e+02 -1.0549e+02 -7.3844e+01
-1.6520e+02 -1.5672e+02 -9.0257e+01 -7.3842e+01
# New trial
-1.6598e+02 -1.6462e+02 -1.6663e+02 -6.1838e+02
-1.6591e+02 -1.6385e+02 -1.4937e+02 -2.6915e+02
-1.6572e+02 -1.6188e+02 -1.2571e+02 -7.6095e+01
-1.6550e+02 -1.5971e+02 -1.0765e+02 -7.3846e+01
# New trial
-1.6589e+02 -1.6388e+02 -1.7633e+02 -6.6843e+02
-1.6569e+02 -1.6173e+02 -1.3652e+02 -2.1180e+02
-1.6546e+02 -1.5944e+02 -1.1041e+02 -7.4052e+01
-1.6557e+02 -1.6045e+02 -1.1351e+02 -7.5138e+01
# New trial
-1.6593e+02 -1.6400e+02 -1.5196e+02 -4.6720e+02
-1.6585e+02 -1.6325e+02 -1.3954e+02 -9.0467e+01
-1.6565e+02 -1.6121e+02 -1.1998e+02 -7.6414e+01
-1.6542e+02 -1.5891e+02 -1.0344e+02 -1.1129e+02
# New trial
-1.6590e+02 -1.6397e+02 -1.7295e+02 -6.2501e+02
-1.6568e+02 -1.6161e+02 -1.3474e+02 -3.0556e+02
-1.6533e+02 -1.5812e+02 -1.0239e+02 -7.4965e+01
-1.6529e+02 -1.5769e+02 -1.0069e+02 -1.3625e+02
# New trial
-1.6592e+02 -1.6412e+02 -1.6437e+02 -3.8563e+02
-1.6569e+02 -1.6181e+02 -1.3982e+02 -2.7078e+02
-1.6521e+02 -1.5697e+02 -9.6226e+01 -7.3865e+01
-1.6489e+02 -1.5370e+02 -8.2826e+01 -7.3842e+01
# New trial
-1.6591e+02 -1.6442e+02 -2.0946e+02 -1.0582e+03
-1.6568e+02 -1.6177e+02 -1.4426e+02 -2.8809e+02
-1.6524e+02 -1.5720e+02 -9.5040e+01 -7.3844e+01
-1.6500e+02 -1.5474e+02 -8.4495e+01 -7.7354e+01
# New trial
-1.6598e+02 -1.6456e+02 -1.5278e+02 -1.9793e+02
-1.6585e+02 -1.6323e+02 -1.3960e+02 -1.0026e+02
-1.6557e+02 -1.6039e+02 -1.1416e+02 -7.5116e+01
-1.6543e+02 -1.5906e+02 -1.0208e+02 -7.3842e+01
# New trial
-1.6591e+02 -1.6394e+02 -1.6043e+02 -5.2270e+02
-1.6582e+02 -1.6300e+02 -1.4507e+02 -2.2350e+02
-1.6556e+02 -1.6032e+02 -1.1645e+02 -7.6419e+01
-1.6539e+02 -1.5864e+02 -1.0460e+02 -1.3647e+02
# New trial
-1.6589e+02 -1.6393e+02 -1.6899e+02 -4.7955e+02
-1.6571e+02 -1.6197e+02 -1.3955e+02 -1.6646e+02
-1.6528e+02 -1.5765e+02 -1.0238e+02 -1.1495e+02
-1.6506e+02 -1.5546e+02 -1.1250e+02 -3.4341e+02
# New trial
-1.6595e+02 -1.6425e+02 -1.5465e+02 -3.8601e+02
-1.6582e+02 -1.6294e+02 -1.4026e+02 -1.8021e+02
-1.6549e+02 -1.5970e+02 -1.1217e+02 -7.4672e+01
-1.6535e+02 -1.5825e+02 -1.0646e+02 -1.9999e+02
# New trial
-1.6589e+02 -1.6372e+02 -1.5316e+02 -4.5259e+02
-1.6581e+02 -1.6288e+02 -1.4104e+02 -2.2844e+02
-1.6556e+02 -1.6032e+02 -1.1295e+02 -7.3903e+01
-1.6534e+02 -1.5816e+02 -9.7116e+01 -7.3842e+01
# New trial
