# 1.0sig - Array shape (trial/sig/alpha): (30, 4, 4)
-1.5212e+02 -1.5060e+02 -1.4757e+02 -3.4663e+02
-1.5202e+02 -1.4956e+02 -1.3146e+02 -1.7169e+02
-1.5177e+02 -1.4706e+02 -1.0508e+02 -8.3073e+01
-1.5154e+02 -1.4478e+02 -9.2742e+01 -8.3072e+01
# New trial
-1.5214e+02 -1.5077e+02 -1.4217e+02 -2.1779e+02
-1.5206e+02 -1.5002e+02 -1.3510e+02 -1.3377e+02
-1.5185e+02 -1.4783e+02 -1.1429e+02 -8.3564e+01
-1.5170e+02 -1.4636e+02 -1.0167e+02 -9.1159e+01
# New trial
-1.5213e+02 -1.5068e+02 -1.4075e+02 -2.5362e+02
-1.5206e+02 -1.4996e+02 -1.3182e+02 -1.0290e+02
-1.5187e+02 -1.4800e+02 -1.1342e+02 -8.3312e+01
-1.5169e+02 -1.4620e+02 -1.0186e+02 -1.0445e+02
# New trial
-1.5215e+02 -1.5089e+02 -1.4984e+02 -4.7598e+02
-1.5208e+02 -1.5018e+02 -1.3818e+02 -2.1649e+02
-1.5191e+02 -1.4845e+02 -1.1906e+02 -8.4239e+01
-1.5183e+02 -1.4764e+02 -1.1352e+02 -1.6118e+02
# New trial
-1.5204e+02 -1.4989e+02 -1.5199e+02 -4.7772e+02
-1.5193e+02 -1.4873e+02 -1.2645e+02 -1.7395e+02
-1.5174e+02 -1.4670e+02 -1.0421e+02 -8.3172e+01
-1.5165e+02 -1.4582e+02 -9.8744e+01 -8.3260e+01
# New trial
-1.5215e+02 -1.5087e+02 -1.4852e+02 -4.7983e+02
-1.5208e+02 -1.5014e+02 -1.3390e+02 -1.5890e+02
-1.5190e+02 -1.4836e+02 -1.1624e+02 -8.8050e+01
-1.5177e+02 -1.4705e+02 -1.0532e+02 -8.3159e+01
# New trial
-1.5224e+02 -1.5172e+02 -1.5003e+02 -3.1858e+02
-1.5219e+02 -1.5124e+02 -1.4245e+02 -1.6039e+02
-1.5211e+02 -1.5042e+02 -1.3430e+02 -1.1009e+02
-1.5208e+02 -1.5008e+02 -1.3101e+02 -1.2748e+02
# New trial
-1.5215e+02 -1.5093e+02 -1.5682e+02 -5.0639e+02
-1.5204e+02 -1.4977e+02 -1.3523e+02 -2.4864e+02
-1.5181e+02 -1.4744e+02 -1.0997e+02 -8.3073e+01
-1.5167e+02 -1.4606e+02 -9.8872e+01 -8.3072e+01
# New trial
-1.5200e+02 -1.4948e+02 -1.4141e+02 -3.5063e+02
-1.5180e+02 -1.4742e+02 -1.1785e+02 -1.5039e+02
-1.5138e+02 -1.4321e+02 -8.8040e+01 -8.3072e+01
-1.5123e+02 -1.4165e+02 -8.6173e+01 -8.3072e+01
# New trial
-1.5209e+02 -1.5029e+02 -1.3681e+02 -1.8127e+02
-1.5200e+02 -1.4931e+02 -1.2653e+02 -1.0707e+02
-1.5175e+02 -1.4681e+02 -1.0245e+02 -8.3072e+01
-1.5156e+02 -1.4489e+02 -9.4423e+01 -8.3072e+01
# New trial
-1.5204e+02 -1.4984e+02 -1.4210e+02 -3.5441e+02
-1.5194e+02 -1.4881e+02 -1.3120e+02 -2.4862e+02
-1.5167e+02 -1.4603e+02 -1.0154e+02 -1.0597e+02
-1.5155e+02 -1.4485e+02 -9.7353e+01 -1.1271e+02
# New trial
-1.5212e+02 -1.5063e+02 -1.5443e+02 -5.1646e+02
-1.5200e+02 -1.4936e+02 -1.2851e+02 -2.0309e+02
-1.5175e+02 -1.4681e+02 -1.0307e+02 -8.3073e+01
-1.5149e+02 -1.4423e+02 -9.0987e+01 -8.3072e+01
# New trial
-1.5217e+02 -1.5115e+02 -1.5595e+02 -5.1388e+02
-1.5208e+02 -1.5012e+02 -1.3759e+02 -2.3195e+02
-1.5189e+02 -1.4827e+02 -1.1765e+02 -8.4183e+01
-1.5184e+02 -1.4769e+02 -1.1372e+02 -1.7963e+02
# New trial
-1.5206e+02 -1.5014e+02 -1.8123e+02 -8.5891e+02
-1.5194e+02 -1.4879e+02 -1.3769e+02 -3.7398e+02
-1.5165e+02 -1.4592e+02 -1.0227e+02 -8.3164e+01
-1.5153e+02 -1.4460e+02 -9.3692e+01 -8.3082e+01
# New trial
-1.5217e+02 -1.5107e+02 -1.4831e+02 -4.9161e+02
-1.5209e+02 -1.5028e+02 -1.3613e+02 -1.4465e+02
-1.5190e+02 -1.4838e+02 -1.1652e+02 -8.3883e+01
-1.5179e+02 -1.4728e+02 -1.0938e+02 -1.2976e+02
# New trial
-1.5202e+02 -1.4982e+02 -1.7130e+02 -8.2437e+02
-1.5189e+02 -1.4850e+02 -1.4093e+02 -3.6105e+02
-1.5153e+02 -1.4484e+02 -9.9691e+01 -8.3073e+01
-1.5142e+02 -1.4364e+02 -9.6355e+01 -1.5697e+02
# New trial
-1.5211e+02 -1.5045e+02 -1.4341e+02 -2.9920e+02
-1.5198e+02 -1.4921e+02 -1.3095e+02 -1.7749e+02
-1.5161e+02 -1.4550e+02 -9.8657e+01 -8.3577e+01
-1.5139e+02 -1.4328e+02 -9.1701e+01 -1.0393e+02
# New trial
-1.5215e+02 -1.5090e+02 -1.4704e+02 -2.8127e+02
-1.5206e+02 -1.4999e+02 -1.3867e+02 -2.1069e+02
-1.5182e+02 -1.4753e+02 -1.1139e+02 -8.4580e+01
-1.5176e+02 -1.4696e+02 -1.0569e+02 -8.3111e+01
# New trial
-1.5210e+02 -1.5042e+02 -1.5312e+02 -5.3162e+02
-1.5201e+02 -1.4954e+02 -1.3685e+02 -3.2277e+02
-1.5177e+02 -1.4710e+02 -1.0868e+02 -8.3945e+01
-1.5161e+02 -1.4545e+02 -1.0440e+02 -1.9685e+02
# New trial
-1.5215e+02 -1.5088e+02 -1.4395e+02 -4.2257e+02
-1.5211e+02 -1.5041e+02 -1.3554e+02 -1.5116e+02
-1.5197e+02 -1.4906e+02 -1.2144e+02 -8.7228e+01
-1.5183e+02 -1.4760e+02 -1.1145e+02 -1.4040e+02
# New trial
-1.5211e+02 -1.5055e+02 -1.5624e+02 -5.0688e+02
-1.5196e+02 -1.4904e+02 -1.3053e+02 -1.9022e+02
-1.5178e+02 -1.4715e+02 -1.1008e+02 -8.3521e+01
-1.5186e+02 -1.4792e+02 -1.1320e+02 -1.1391e+02
# New trial
-1.5214e+02 -1.5079e+02 -1.4647e+02 -4.8535e+02
-1.5208e+02 -1.5017e+02 -1.3286e+02 -1.1173e+02
-1.5192e+02 -1.4855e+02 -1.1738e+02 -8.3956e+01
-1.5174e+02 -1.4669e+02 -1.0200e+02 -8.3076e+01
# New trial
-1.5214e+02 -1.5084e+02 -1.5784e+02 -4.8271e+02
-1.5197e+02 -1.4912e+02 -1.3212e+02 -2.5601e+02
-1.5169e+02 -1.4626e+02 -1.0168e+02 -8.3073e+01
-1.5163e+02 -1.4566e+02 -9.8299e+01 -8.7140e+01
# New trial
-1.5209e+02 -1.5036e+02 -1.4901e+02 -3.0844e+02
-1.5193e+02 -1.4880e+02 -1.3089e+02 -1.9516e+02
-1.5156e+02 -1.4500e+02 -1.0020e+02 -8.3351e+01
-1.5127e+02 -1.4211e+02 -8.9268e+01 -8.3094e+01
# New trial
-1.5206e+02 -1.5028e+02 -1.7839e+02 -8.1132e+02
-1.5191e+02 -1.4853e+02 -1.3113e+02 -2.3490e+02
-1.5159e+02 -1.4526e+02 -9.7216e+01 -8.3072e+01
-1.5142e+02 -1.4352e+02 -8.9256e+01 -8.3072e+01
# New trial
-1.5218e+02 -1.5110e+02 -1.4162e+02 -1.5364e+02
-1.5208e+02 -1.5014e+02 -1.3273e+02 -9.8346e+01
-1.5187e+02 -1.4806e+02 -1.1562e+02 -8.6012e+01
-1.5178e+02 -1.4712e+02 -1.0929e+02 -1.5405e+02
# New trial
-1.5210e+02 -1.5046e+02 -1.5305e+02 -5.3602e+02
-1.5203e+02 -1.4967e+02 -1.3479e+02 -2.1445e+02
-1.5184e+02 -1.4779e+02 -1.1283e+02 -8.4433e+01
-1.5175e+02 -1.4683e+02 -1.0461e+02 -8.4881e+01
# New trial
-1.5217e+02 -1.5127e+02 -1.6552e+02 -5.9057e+02
-1.5201e+02 -1.4957e+02 -1.3991e+02 -3.3996e+02
-1.5165e+02 -1.4583e+02 -9.8713e+01 -9.3212e+01
-1.5141e+02 -1.4349e+02 -9.1603e+01 -9.9722e+01
# New trial
-1.5217e+02 -1.5107e+02 -1.4686e+02 -3.1508e+02
-1.5206e+02 -1.5000e+02 -1.3406e+02 -1.3129e+02
-1.5181e+02 -1.4752e+02 -1.1411e+02 -8.8269e+01
-1.5173e+02 -1.4668e+02 -1.0651e+02 -1.2845e+02
# New trial
-1.5212e+02 -1.5058e+02 -1.4434e+02 -3.7353e+02
-1.5205e+02 -1.4990e+02 -1.3412e+02 -2.1458e+02
-1.5186e+02 -1.4798e+02 -1.1357e+02 -8.4716e+01
-1.5170e+02 -1.4629e+02 -1.0092e+02 -8.3072e+01
# New trial
