# 10.0sig - Array shape (trial/sig/alpha): (30, 4, 4)
-1.3833e+02 -1.3730e+02 -1.4063e+02 -6.2756e+02
-1.3834e+02 -1.3742e+02 -1.3719e+02 -4.7137e+02
-1.3829e+02 -1.3681e+02 -1.2609e+02 -3.3348e+02
-1.3815e+02 -1.3546e+02 -1.0955e+02 -8.1931e+01
# New trial
-1.3846e+02 -1.4014e+02 -2.5785e+02 -2.0805e+03
-1.3830e+02 -1.3806e+02 -1.9356e+02 -1.1997e+03
-1.3804e+02 -1.3474e+02 -1.2033e+02 -4.0857e+02
-1.3777e+02 -1.3178e+02 -7.8942e+01 -7.5699e+01
# New trial
-1.3842e+02 -1.3841e+02 -1.7577e+02 -1.0888e+03
-1.3837e+02 -1.3780e+02 -1.5238e+02 -7.0845e+02
-1.3810e+02 -1.3493e+02 -1.1008e+02 -2.6049e+02
-1.3778e+02 -1.3172e+02 -7.6394e+01 -5.5236e+01
# New trial
-1.3830e+02 -1.3704e+02 -1.4093e+02 -5.8168e+02
-1.3829e+02 -1.3691e+02 -1.3885e+02 -5.4636e+02
-1.3810e+02 -1.3492e+02 -1.0909e+02 -2.2899e+02
-1.3781e+02 -1.3205e+02 -8.0989e+01 -1.6710e+02
# New trial
-1.3844e+02 -1.3940e+02 -2.1529e+02 -1.4409e+03
-1.3829e+02 -1.3719e+02 -1.4914e+02 -6.4757e+02
-1.3819e+02 -1.3592e+02 -1.1788e+02 -2.1611e+02
-1.3804e+02 -1.3433e+02 -9.8502e+01 -9.3537e+01
# New trial
-1.3829e+02 -1.3718e+02 -1.5770e+02 -8.3402e+02
-1.3824e+02 -1.3650e+02 -1.3675e+02 -5.2371e+02
-1.3803e+02 -1.3426e+02 -1.0538e+02 -2.8293e+02
-1.3773e+02 -1.3127e+02 -7.3840e+01 -7.3163e+01
# New trial
-1.3828e+02 -1.3687e+02 -1.4406e+02 -9.4845e+02
-1.3833e+02 -1.3726e+02 -1.3610e+02 -5.7038e+02
-1.3828e+02 -1.3675e+02 -1.2471e+02 -4.2109e+02
-1.3816e+02 -1.3548e+02 -1.0965e+02 -1.0641e+02
# New trial
-1.3814e+02 -1.3614e+02 -1.6733e+02 -9.8092e+02
-1.3822e+02 -1.3650e+02 -1.5335e+02 -7.9700e+02
-1.3815e+02 -1.3554e+02 -1.1939e+02 -2.6243e+02
-1.3796e+02 -1.3354e+02 -9.1768e+01 -6.9295e+01
# New trial
-1.3854e+02 -1.4064e+02 -2.8349e+02 -2.3393e+03
-1.3844e+02 -1.3899e+02 -1.9645e+02 -1.2045e+03
-1.3810e+02 -1.3504e+02 -1.1422e+02 -4.3573e+02
-1.3774e+02 -1.3136e+02 -7.6870e+01 -2.0194e+02
# New trial
-1.3835e+02 -1.3748e+02 -1.3471e+02 -5.1826e+02
-1.3832e+02 -1.3719e+02 -1.2866e+02 -2.5745e+02
-1.3826e+02 -1.3648e+02 -1.1970e+02 -1.3170e+02
-1.3821e+02 -1.3603e+02 -1.1467e+02 -6.1768e+01
# New trial
-1.3872e+02 -1.4200e+02 -2.4621e+02 -2.0514e+03
-1.3838e+02 -1.3814e+02 -2.0540e+02 -1.7359e+03
-1.3795e+02 -1.3360e+02 -1.1629e+02 -6.7933e+02
-1.3759e+02 -1.2987e+02 -6.6049e+01 -7.3841e+01
# New trial
-1.3862e+02 -1.4108e+02 -2.4159e+02 -1.7554e+03
-1.3838e+02 -1.3797e+02 -1.5256e+02 -6.0858e+02
-1.3825e+02 -1.3647e+02 -1.2283e+02 -2.3435e+02
-1.3813e+02 -1.3518e+02 -1.0718e+02 -1.1132e+02
# New trial
-1.3843e+02 -1.3889e+02 -2.0456e+02 -1.4304e+03
-1.3838e+02 -1.3820e+02 -1.6977e+02 -9.1014e+02
-1.3816e+02 -1.3567e+02 -1.2135e+02 -3.6502e+02
-1.3786e+02 -1.3254e+02 -8.6268e+01 -1.4534e+02
# New trial
-1.3843e+02 -1.3857e+02 -1.7812e+02 -1.0828e+03
-1.3839e+02 -1.3809e+02 -1.5759e+02 -7.5732e+02
-1.3815e+02 -1.3546e+02 -1.1556e+02 -3.6903e+02
-1.3790e+02 -1.3293e+02 -8.6846e+01 -5.7148e+01
# New trial
-1.3843e+02 -1.3878e+02 -1.9525e+02 -1.2913e+03
-1.3836e+02 -1.3789e+02 -1.6710e+02 -9.2038e+02
-1.3813e+02 -1.3530e+02 -1.1388e+02 -2.5385e+02
-1.3782e+02 -1.3211e+02 -7.9044e+01 -7.8342e+01
# New trial
-1.3858e+02 -1.4105e+02 -2.6760e+02 -2.1675e+03
-1.3842e+02 -1.3888e+02 -1.8744e+02 -1.0845e+03
-1.3804e+02 -1.3452e+02 -1.1907e+02 -4.5032e+02
-1.3758e+02 -1.2976e+02 -6.3417e+01 -8.4110e+01
# New trial
-1.3831e+02 -1.3858e+02 -2.6303e+02 -2.0852e+03
-1.3820e+02 -1.3640e+02 -1.5875e+02 -9.1905e+02
-1.3800e+02 -1.3403e+02 -1.0940e+02 -4.2079e+02
-1.3773e+02 -1.3126e+02 -7.3318e+01 -9.7677e+01
# New trial
-1.3846e+02 -1.3894e+02 -1.8811e+02 -1.2390e+03
-1.3835e+02 -1.3766e+02 -1.5055e+02 -7.0976e+02
-1.3810e+02 -1.3505e+02 -1.1376e+02 -3.6218e+02
-1.3788e+02 -1.3278e+02 -8.6828e+01 -1.1679e+02
# New trial
-1.3845e+02 -1.3850e+02 -1.5701e+02 -7.8167e+02
-1.3837e+02 -1.3769e+02 -1.3586e+02 -3.2939e+02
-1.3825e+02 -1.3646e+02 -1.1983e+02 -1.1510e+02
-1.3812e+02 -1.3511e+02 -1.0571e+02 -5.6710e+01
# New trial
-1.3862e+02 -1.4115e+02 -2.5542e+02 -1.9258e+03
-1.3850e+02 -1.3930e+02 -1.8320e+02 -1.1647e+03
-1.3814e+02 -1.3538e+02 -1.1611e+02 -2.5866e+02
-1.3781e+02 -1.3204e+02 -8.0954e+01 -8.7431e+01
# New trial
-1.3854e+02 -1.4002e+02 -2.0871e+02 -1.4348e+03
-1.3842e+02 -1.3830e+02 -1.5104e+02 -6.1300e+02
-1.3817e+02 -1.3564e+02 -1.1636e+02 -4.0689e+02
-1.3790e+02 -1.3298e+02 -8.6855e+01 -8.1276e+01
# New trial
-1.3829e+02 -1.3693e+02 -1.3689e+02 -5.4897e+02
-1.3828e+02 -1.3686e+02 -1.3666e+02 -6.4790e+02
-1.3815e+02 -1.3552e+02 -1.1625e+02 -4.1404e+02
-1.3789e+02 -1.3283e+02 -8.8355e+01 -6.6053e+01
# New trial
-1.3839e+02 -1.3809e+02 -1.6347e+02 -8.2238e+02
-1.3830e+02 -1.3721e+02 -1.4620e+02 -5.5962e+02
-1.3810e+02 -1.3503e+02 -1.1084e+02 -2.3818e+02
-1.3787e+02 -1.3268e+02 -8.4612e+01 -6.3576e+01
# New trial
-1.3836e+02 -1.3801e+02 -1.7992e+02 -1.0188e+03
-1.3830e+02 -1.3734e+02 -1.6570e+02 -9.2098e+02
-1.3809e+02 -1.3491e+02 -1.1461e+02 -2.8078e+02
-1.3769e+02 -1.3088e+02 -7.0360e+01 -6.4911e+01
# New trial
-1.3847e+02 -1.3935e+02 -2.1366e+02 -1.5298e+03
-1.3836e+02 -1.3805e+02 -1.7678e+02 -1.0548e+03
-1.3808e+02 -1.3480e+02 -1.1537e+02 -3.8363e+02
-1.3771e+02 -1.3109e+02 -7.3030e+01 -9.1965e+01
# New trial
-1.3880e+02 -1.4429e+02 -3.1052e+02 -2.4402e+03
-1.3854e+02 -1.4019e+02 -2.1495e+02 -1.5600e+03
-1.3792e+02 -1.3323e+02 -1.0386e+02 -4.5734e+02
-1.3732e+02 -1.2716e+02 -5.4000e+01 -2.1946e+02
# New trial
-1.3892e+02 -1.4522e+02 -3.2304e+02 -2.6017e+03
-1.3863e+02 -1.4096e+02 -2.1103e+02 -1.4126e+03
-1.3810e+02 -1.3510e+02 -1.2012e+02 -5.8311e+02
-1.3773e+02 -1.3123e+02 -7.7999e+01 -1.3084e+02
# New trial
-1.3828e+02 -1.3697e+02 -1.4585e+02 -7.2697e+02
-1.3827e+02 -1.3680e+02 -1.3552e+02 -6.1573e+02
-1.3814e+02 -1.3541e+02 -1.1343e+02 -2.7856e+02
-1.3796e+02 -1.3355e+02 -9.2352e+01 -1.1356e+02
# New trial
-1.3837e+02 -1.3825e+02 -2.1742e+02 -1.7394e+03
-1.3835e+02 -1.3779e+02 -1.6494e+02 -9.3456e+02
-1.3811e+02 -1.3517e+02 -1.1656e+02 -2.3842e+02
-1.3777e+02 -1.3161e+02 -7.6233e+01 -6.5997e+01
# New trial
-1.3830e+02 -1.3737e+02 -1.6646e+02 -1.0190e+03
-1.3827e+02 -1.3685e+02 -1.4039e+02 -5.8419e+02
-1.3810e+02 -1.3500e+02 -1.1133e+02 -4.1610e+02
-1.3782e+02 -1.3214e+02 -8.2450e+01 -1.2241e+02
# New trial
