# 1.0sig - Array shape (trial/sig/alpha): (30, 4, 4)
-1.5667e+02 -1.5458e+02 -1.5005e+02 -4.3360e+02
-1.5655e+02 -1.5334e+02 -1.3020e+02 -1.5436e+02
-1.5622e+02 -1.5004e+02 -9.9368e+01 -1.0116e+02
-1.5590e+02 -1.4684e+02 -9.7781e+01 -2.8339e+02
# New trial
-1.5672e+02 -1.5504e+02 -1.4588e+02 -2.5881e+02
-1.5663e+02 -1.5412e+02 -1.3614e+02 -1.4633e+02
-1.5633e+02 -1.5113e+02 -1.0632e+02 -6.9227e+01
-1.5612e+02 -1.4898e+02 -8.9704e+01 -6.9227e+01
# New trial
-1.5670e+02 -1.5484e+02 -1.4306e+02 -4.1249e+02
-1.5661e+02 -1.5395e+02 -1.3217e+02 -1.4265e+02
-1.5637e+02 -1.5149e+02 -1.0937e+02 -8.0747e+01
-1.5617e+02 -1.4953e+02 -9.4622e+01 -8.6471e+01
# New trial
-1.5673e+02 -1.5516e+02 -1.5437e+02 -5.9264e+02
-1.5663e+02 -1.5420e+02 -1.3996e+02 -2.5511e+02
-1.5641e+02 -1.5190e+02 -1.1251e+02 -6.9282e+01
-1.5632e+02 -1.5098e+02 -1.0354e+02 -8.8878e+01
# New trial
-1.5661e+02 -1.5408e+02 -1.5618e+02 -6.0619e+02
-1.5648e+02 -1.5266e+02 -1.2856e+02 -2.6117e+02
-1.5621e+02 -1.5000e+02 -1.0195e+02 -7.3024e+01
-1.5610e+02 -1.4881e+02 -1.0334e+02 -2.8837e+02
# New trial
-1.5673e+02 -1.5513e+02 -1.5316e+02 -5.7024e+02
-1.5664e+02 -1.5420e+02 -1.3469e+02 -1.8275e+02
-1.5640e+02 -1.5176e+02 -1.0922e+02 -6.9244e+01
-1.5620e+02 -1.4975e+02 -9.4357e+01 -6.9227e+01
# New trial
-1.5682e+02 -1.5604e+02 -1.5454e+02 -4.9649e+02
-1.5676e+02 -1.5539e+02 -1.4313e+02 -2.1358e+02
-1.5666e+02 -1.5434e+02 -1.3197e+02 -8.2499e+01
-1.5663e+02 -1.5412e+02 -1.2966e+02 -8.2585e+01
# New trial
-1.5673e+02 -1.5529e+02 -1.6591e+02 -6.5702e+02
-1.5659e+02 -1.5374e+02 -1.3621e+02 -3.2444e+02
-1.5628e+02 -1.5067e+02 -1.0297e+02 -6.9551e+01
-1.5613e+02 -1.4910e+02 -9.1422e+01 -6.9249e+01
# New trial
-1.5647e+02 -1.5270e+02 -1.4144e+02 -5.0810e+02
-1.5623e+02 -1.5025e+02 -1.1458e+02 -2.0284e+02
-1.5572e+02 -1.4521e+02 -8.2367e+01 -6.9229e+01
-1.5558e+02 -1.4379e+02 -1.0170e+02 -3.4392e+02
# New trial
-1.5671e+02 -1.5497e+02 -1.4987e+02 -3.9682e+02
-1.5657e+02 -1.5359e+02 -1.3572e+02 -2.7914e+02
-1.5623e+02 -1.5008e+02 -9.7832e+01 -6.9494e+01
-1.5600e+02 -1.4781e+02 -8.9295e+01 -1.1703e+02
# New trial
-1.5660e+02 -1.5391e+02 -1.4958e+02 -4.8384e+02
-1.5646e+02 -1.5254e+02 -1.3539e+02 -3.7448e+02
-1.5608e+02 -1.4867e+02 -8.9469e+01 -8.0354e+01
-1.5587e+02 -1.4649e+02 -8.2687e+01 -7.3740e+01
# New trial
-1.5673e+02 -1.5527e+02 -1.6975e+02 -6.8329e+02
-1.5655e+02 -1.5338e+02 -1.3077e+02 -2.0681e+02
-1.5620e+02 -1.4982e+02 -9.3105e+01 -6.9227e+01
-1.5586e+02 -1.4641e+02 -7.8428e+01 -6.9227e+01
# New trial
-1.5677e+02 -1.5559e+02 -1.6513e+02 -6.7847e+02
-1.5662e+02 -1.5409e+02 -1.3844e+02 -2.6100e+02
-1.5637e+02 -1.5156e+02 -1.1139e+02 -7.0698e+01
-1.5629e+02 -1.5072e+02 -1.0209e+02 -8.6899e+01
# New trial
-1.5670e+02 -1.5529e+02 -2.0677e+02 -1.1386e+03
-1.5650e+02 -1.5305e+02 -1.4561e+02 -4.1241e+02
-1.5609e+02 -1.4875e+02 -9.5209e+01 -6.9583e+01
-1.5585e+02 -1.4634e+02 -8.1676e+01 -6.9709e+01
# New trial
-1.5674e+02 -1.5527e+02 -1.5175e+02 -5.4048e+02
-1.5664e+02 -1.5428e+02 -1.3730e+02 -1.9213e+02
-1.5640e+02 -1.5181e+02 -1.1047e+02 -7.2235e+01
-1.5624e+02 -1.5023e+02 -9.8274e+01 -7.1940e+01
# New trial
-1.5660e+02 -1.5447e+02 -2.0162e+02 -1.0763e+03
-1.5640e+02 -1.5228e+02 -1.5034e+02 -4.3421e+02
-1.5593e+02 -1.4730e+02 -9.2554e+01 -7.0848e+01
-1.5588e+02 -1.4666e+02 -8.5934e+01 -9.2405e+01
# New trial
-1.5666e+02 -1.5445e+02 -1.4605e+02 -3.5454e+02
-1.5649e+02 -1.5274e+02 -1.2710e+02 -1.5655e+02
-1.5600e+02 -1.4789e+02 -8.3998e+01 -6.9227e+01
-1.5577e+02 -1.4556e+02 -7.6783e+01 -6.9227e+01
# New trial
-1.5671e+02 -1.5492e+02 -1.4716e+02 -3.0759e+02
-1.5659e+02 -1.5379e+02 -1.3672e+02 -2.1144e+02
-1.5628e+02 -1.5063e+02 -1.0385e+02 -7.8143e+01
-1.5620e+02 -1.4980e+02 -9.7148e+01 -7.9990e+01
# New trial
-1.5671e+02 -1.5514e+02 -1.7006e+02 -7.2915e+02
-1.5659e+02 -1.5388e+02 -1.4727e+02 -4.0957e+02
-1.5625e+02 -1.5037e+02 -1.0091e+02 -7.1177e+01
-1.5603e+02 -1.4811e+02 -8.8737e+01 -9.6448e+01
# New trial
-1.5676e+02 -1.5552e+02 -1.5970e+02 -6.2161e+02
-1.5669e+02 -1.5473e+02 -1.4130e+02 -2.7033e+02
-1.5649e+02 -1.5268e+02 -1.1699e+02 -7.3186e+01
-1.5629e+02 -1.5068e+02 -1.0305e+02 -1.3119e+02
# New trial
-1.5665e+02 -1.5454e+02 -1.6647e+02 -6.5763e+02
-1.5646e+02 -1.5255e+02 -1.2723e+02 -2.0288e+02
-1.5625e+02 -1.5043e+02 -1.0597e+02 -7.1338e+01
-1.5641e+02 -1.5193e+02 -1.1269e+02 -1.3906e+02
# New trial
-1.5673e+02 -1.5514e+02 -1.5667e+02 -6.0196e+02
-1.5664e+02 -1.5416e+02 -1.3275e+02 -9.1281e+01
-1.5642e+02 -1.5202e+02 -1.1066e+02 -6.9227e+01
-1.5620e+02 -1.4981e+02 -9.3054e+01 -6.9227e+01
# New trial
-1.5667e+02 -1.5469e+02 -1.6359e+02 -5.7814e+02
-1.5645e+02 -1.5246e+02 -1.2803e+02 -2.7978e+02
-1.5612e+02 -1.4910e+02 -9.5222e+01 -6.9365e+01
-1.5611e+02 -1.4892e+02 -9.4831e+01 -1.5144e+02
# New trial
-1.5667e+02 -1.5481e+02 -1.5722e+02 -3.9278e+02
-1.5645e+02 -1.5252e+02 -1.3035e+02 -2.2980e+02
-1.5596e+02 -1.4745e+02 -8.2018e+01 -6.9227e+01
-1.5568e+02 -1.4463e+02 -7.5798e+01 -6.9227e+01
# New trial
-1.5676e+02 -1.5608e+02 -2.1044e+02 -1.0959e+03
-1.5652e+02 -1.5326e+02 -1.4248e+02 -3.0166e+02
-1.5606e+02 -1.4844e+02 -9.2238e+01 -6.9448e+01
-1.5587e+02 -1.4654e+02 -8.2234e+01 -8.3846e+01
# New trial
-1.5675e+02 -1.5532e+02 -1.4333e+02 -1.8754e+02
-1.5663e+02 -1.5413e+02 -1.3201e+02 -9.1571e+01
-1.5635e+02 -1.5136e+02 -1.0812e+02 -6.9810e+01
-1.5624e+02 -1.5017e+02 -9.7504e+01 -7.6134e+01
# New trial
-1.5665e+02 -1.5436e+02 -1.5534e+02 -6.8868e+02
-1.5655e+02 -1.5339e+02 -1.3123e+02 -2.2518e+02
-1.5632e+02 -1.5099e+02 -1.0256e+02 -6.9227e+01
-1.5618e+02 -1.4959e+02 -9.2895e+01 -6.9227e+01
# New trial
-1.5672e+02 -1.5540e+02 -1.7906e+02 -7.8376e+02
-1.5651e+02 -1.5307e+02 -1.3965e+02 -3.7999e+02
-1.5606e+02 -1.4845e+02 -9.1068e+01 -9.2834e+01
-1.5578e+02 -1.4569e+02 -7.9764e+01 -8.7066e+01
# New trial
-1.5673e+02 -1.5518e+02 -1.4873e+02 -3.3700e+02
-1.5660e+02 -1.5379e+02 -1.3218e+02 -1.8802e+02
-1.5627e+02 -1.5055e+02 -1.0459e+02 -7.1947e+01
-1.5617e+02 -1.4945e+02 -9.2989e+01 -6.9953e+01
# New trial
-1.5666e+02 -1.5445e+02 -1.4471e+02 -4.8595e+02
-1.5658e+02 -1.5361e+02 -1.3088e+02 -1.8785e+02
-1.5633e+02 -1.5113e+02 -1.0509e+02 -7.9496e+01
-1.5613e+02 -1.4906e+02 -9.1249e+01 -7.0094e+01
# New trial
