# 10.0sig - Array shape (trial/sig/alpha): (30, 4, 4)
-1.1995e+02 -1.1959e+02 -1.2510e+02 -5.2568e+02
-1.1992e+02 -1.1930e+02 -1.1775e+02 -2.9977e+02
-1.1984e+02 -1.1850e+02 -1.0678e+02 -1.1899e+02
-1.1973e+02 -1.1732e+02 -9.4020e+01 -5.5099e+01
# New trial
-1.1999e+02 -1.2077e+02 -1.8938e+02 -1.2526e+03
-1.1992e+02 -1.1982e+02 -1.5587e+02 -8.5581e+02
-1.1974e+02 -1.1765e+02 -1.0818e+02 -2.8908e+02
-1.1950e+02 -1.1509e+02 -7.5473e+01 -6.9328e+01
# New trial
-1.1995e+02 -1.1967e+02 -1.3851e+02 -6.9848e+02
-1.1990e+02 -1.1924e+02 -1.2752e+02 -5.3711e+02
-1.1969e+02 -1.1699e+02 -9.4265e+01 -1.2721e+02
-1.1942e+02 -1.1428e+02 -6.7847e+01 -4.6551e+01
# New trial
-1.1988e+02 -1.1901e+02 -1.2287e+02 -4.5063e+02
-1.1986e+02 -1.1882e+02 -1.2164e+02 -4.3680e+02
-1.1970e+02 -1.1707e+02 -9.7742e+01 -2.6926e+02
-1.1945e+02 -1.1461e+02 -7.1670e+01 -8.5083e+01
# New trial
-1.1999e+02 -1.2028e+02 -1.5976e+02 -9.4057e+02
-1.1993e+02 -1.1952e+02 -1.2880e+02 -5.1155e+02
-1.1982e+02 -1.1836e+02 -1.0890e+02 -2.4202e+02
-1.1967e+02 -1.1673e+02 -8.8673e+01 -5.7017e+01
# New trial
-1.1992e+02 -1.1946e+02 -1.3073e+02 -4.8201e+02
-1.1987e+02 -1.1888e+02 -1.1942e+02 -3.3571e+02
-1.1968e+02 -1.1696e+02 -9.7451e+01 -2.4868e+02
-1.1942e+02 -1.1428e+02 -6.9150e+01 -8.4388e+01
# New trial
-1.1994e+02 -1.1949e+02 -1.2261e+02 -5.6361e+02
-1.1992e+02 -1.1931e+02 -1.1808e+02 -4.1998e+02
-1.1985e+02 -1.1861e+02 -1.0783e+02 -1.6516e+02
-1.1975e+02 -1.1759e+02 -9.6640e+01 -7.4029e+01
# New trial
-1.1996e+02 -1.1989e+02 -1.4286e+02 -6.9539e+02
-1.1992e+02 -1.1944e+02 -1.3330e+02 -5.9679e+02
-1.1979e+02 -1.1805e+02 -1.0780e+02 -2.7740e+02
-1.1960e+02 -1.1607e+02 -8.3451e+01 -5.3338e+01
# New trial
-1.2009e+02 -1.2176e+02 -2.1888e+02 -1.5833e+03
-1.1998e+02 -1.2025e+02 -1.5612e+02 -8.3334e+02
-1.1968e+02 -1.1695e+02 -9.5778e+01 -2.1201e+02
-1.1940e+02 -1.1407e+02 -6.7929e+01 -5.3018e+01
# New trial
-1.1993e+02 -1.1936e+02 -1.1672e+02 -3.3169e+02
-1.1990e+02 -1.1912e+02 -1.1304e+02 -2.0617e+02
-1.1985e+02 -1.1857e+02 -1.0671e+02 -1.5753e+02
-1.1981e+02 -1.1818e+02 -1.0221e+02 -6.5079e+01
# New trial
-1.2015e+02 -1.2211e+02 -1.8817e+02 -1.2840e+03
-1.1991e+02 -1.1935e+02 -1.4139e+02 -8.1766e+02
-1.1960e+02 -1.1615e+02 -9.8587e+01 -3.4332e+02
-1.1930e+02 -1.1310e+02 -6.5109e+01 -1.2428e+02
# New trial
-1.2012e+02 -1.2184e+02 -1.9473e+02 -1.2742e+03
-1.1996e+02 -1.1981e+02 -1.2910e+02 -4.4126e+02
-1.1984e+02 -1.1854e+02 -1.0802e+02 -1.3901e+02
-1.1972e+02 -1.1729e+02 -9.4260e+01 -8.2312e+01
# New trial
-1.1995e+02 -1.2002e+02 -1.6057e+02 -9.6090e+02
-1.1990e+02 -1.1931e+02 -1.3519e+02 -5.3962e+02
-1.1973e+02 -1.1748e+02 -1.0219e+02 -3.0119e+02
-1.1952e+02 -1.1524e+02 -7.6525e+01 -5.3062e+01
# New trial
-1.1997e+02 -1.1990e+02 -1.3972e+02 -6.4295e+02
-1.1991e+02 -1.1935e+02 -1.2762e+02 -4.7054e+02
-1.1974e+02 -1.1748e+02 -1.0083e+02 -2.2792e+02
-1.1953e+02 -1.1543e+02 -7.8987e+01 -1.0752e+02
# New trial
-1.2004e+02 -1.2076e+02 -1.6098e+02 -8.9528e+02
-1.1997e+02 -1.2000e+02 -1.4130e+02 -6.6439e+02
-1.1975e+02 -1.1763e+02 -1.0201e+02 -2.0013e+02
-1.1947e+02 -1.1479e+02 -7.1365e+01 -5.0266e+01
# New trial
-1.2008e+02 -1.2181e+02 -2.1092e+02 -1.4508e+03
-1.1994e+02 -1.1993e+02 -1.4969e+02 -7.4111e+02
-1.1964e+02 -1.1664e+02 -1.0240e+02 -2.7999e+02
-1.1929e+02 -1.1305e+02 -6.2259e+01 -7.9806e+01
# New trial
-1.1990e+02 -1.1969e+02 -1.9120e+02 -1.2832e+03
-1.1977e+02 -1.1808e+02 -1.2617e+02 -4.7131e+02
-1.1960e+02 -1.1617e+02 -8.9430e+01 -1.8929e+02
-1.1940e+02 -1.1409e+02 -6.8874e+01 -6.7821e+01
# New trial
-1.2000e+02 -1.2026e+02 -1.4688e+02 -8.4405e+02
-1.1990e+02 -1.1921e+02 -1.2268e+02 -4.3611e+02
-1.1972e+02 -1.1728e+02 -1.0009e+02 -2.5918e+02
-1.1955e+02 -1.1557e+02 -7.9175e+01 -5.2705e+01
# New trial
-1.1996e+02 -1.1971e+02 -1.2893e+02 -6.0005e+02
-1.1991e+02 -1.1917e+02 -1.1538e+02 -2.4136e+02
-1.1983e+02 -1.1835e+02 -1.0474e+02 -1.1507e+02
-1.1972e+02 -1.1724e+02 -9.3387e+01 -6.6624e+01
# New trial
-1.2014e+02 -1.2193e+02 -1.9421e+02 -1.2601e+03
-1.2001e+02 -1.2032e+02 -1.4173e+02 -7.3254e+02
-1.1972e+02 -1.1727e+02 -9.7158e+01 -1.1828e+02
-1.1943e+02 -1.1443e+02 -7.0266e+01 -5.4069e+01
# New trial
-1.2004e+02 -1.2061e+02 -1.5156e+02 -8.4692e+02
-1.1994e+02 -1.1955e+02 -1.2365e+02 -4.7533e+02
-1.1976e+02 -1.1768e+02 -9.9895e+01 -1.5814e+02
-1.1955e+02 -1.1555e+02 -7.8124e+01 -5.1303e+01
# New trial
-1.1988e+02 -1.1891e+02 -1.1712e+02 -3.8943e+02
-1.1987e+02 -1.1887e+02 -1.1887e+02 -4.3618e+02
-1.1973e+02 -1.1740e+02 -9.7667e+01 -1.4505e+02
-1.1950e+02 -1.1505e+02 -7.5984e+01 -6.0752e+01
# New trial
-1.1998e+02 -1.2009e+02 -1.3959e+02 -5.5723e+02
-1.1991e+02 -1.1937e+02 -1.2960e+02 -4.9866e+02
-1.1974e+02 -1.1751e+02 -1.0179e+02 -2.5920e+02
-1.1955e+02 -1.1557e+02 -7.8415e+01 -5.8112e+01
# New trial
-1.1994e+02 -1.1986e+02 -1.5182e+02 -7.4420e+02
-1.1986e+02 -1.1906e+02 -1.4071e+02 -6.4820e+02
-1.1969e+02 -1.1712e+02 -1.0241e+02 -3.0183e+02
-1.1937e+02 -1.1383e+02 -6.6102e+01 -6.6737e+01
# New trial
-1.2010e+02 -1.2163e+02 -1.8369e+02 -1.1448e+03
-1.1996e+02 -1.2007e+02 -1.5368e+02 -8.2593e+02
-1.1967e+02 -1.1685e+02 -1.0018e+02 -3.5312e+02
-1.1936e+02 -1.1372e+02 -6.4547e+01 -6.6190e+01
# New trial
-1.2023e+02 -1.2371e+02 -2.3013e+02 -1.5808e+03
-1.2000e+02 -1.2070e+02 -1.7300e+02 -1.1105e+03
-1.1952e+02 -1.1537e+02 -8.3627e+01 -1.0063e+02
-1.1905e+02 -1.1062e+02 -5.0568e+01 -5.7704e+01
# New trial
-1.2035e+02 -1.2483e+02 -2.4031e+02 -1.6868e+03
-1.2008e+02 -1.2121e+02 -1.5805e+02 -8.2928e+02
-1.1968e+02 -1.1694e+02 -9.7934e+01 -2.5709e+02
-1.1938e+02 -1.1387e+02 -6.8663e+01 -5.5556e+01
# New trial
-1.1990e+02 -1.1916e+02 -1.1732e+02 -3.4185e+02
-1.1986e+02 -1.1876e+02 -1.1353e+02 -3.3633e+02
-1.1974e+02 -1.1749e+02 -9.7840e+01 -1.0639e+02
-1.1957e+02 -1.1577e+02 -8.0052e+01 -5.9191e+01
# New trial
-1.2001e+02 -1.2055e+02 -1.7628e+02 -1.1861e+03
-1.1996e+02 -1.1999e+02 -1.4392e+02 -7.0484e+02
-1.1973e+02 -1.1752e+02 -1.0442e+02 -2.8798e+02
-1.1945e+02 -1.1459e+02 -7.0939e+01 -5.9237e+01
# New trial
-1.1990e+02 -1.1922e+02 -1.3551e+02 -7.0581e+02
-1.1985e+02 -1.1869e+02 -1.1703e+02 -3.8303e+02
-1.1970e+02 -1.1711e+02 -9.5057e+01 -1.4565e+02
-1.1947e+02 -1.1478e+02 -7.3444e+01 -5.5546e+01
# New trial
