# 1.0sig - Array shape (trial/sig/alpha): (30, 4, 4)
-1.5663e+02 -1.5422e+02 -1.5312e+02 -5.2657e+02
-1.5647e+02 -1.5262e+02 -1.2692e+02 -2.4327e+02
-1.5608e+02 -1.4867e+02 -8.5727e+01 -5.6352e+01
-1.5571e+02 -1.4496e+02 -6.7661e+01 -5.5381e+01
# New trial
-1.5665e+02 -1.5441e+02 -1.4375e+02 -3.2455e+02
-1.5652e+02 -1.5314e+02 -1.2943e+02 -1.3099e+02
-1.5620e+02 -1.4992e+02 -9.9842e+01 -5.6232e+01
-1.5605e+02 -1.4837e+02 -8.5137e+01 -6.0770e+01
# New trial
-1.5665e+02 -1.5437e+02 -1.4025e+02 -3.0676e+02
-1.5655e+02 -1.5330e+02 -1.2664e+02 -8.2205e+01
-1.5626e+02 -1.5046e+02 -9.8144e+01 -5.6522e+01
-1.5605e+02 -1.4825e+02 -8.3947e+01 -5.5682e+01
# New trial
-1.5667e+02 -1.5459e+02 -1.5751e+02 -7.7782e+02
-1.5655e+02 -1.5343e+02 -1.3522e+02 -2.9794e+02
-1.5629e+02 -1.5069e+02 -1.0204e+02 -5.5954e+01
-1.5617e+02 -1.4947e+02 -9.2749e+01 -1.0287e+02
# New trial
-1.5651e+02 -1.5320e+02 -1.5919e+02 -7.4139e+02
-1.5638e+02 -1.5174e+02 -1.2987e+02 -3.8422e+02
-1.5609e+02 -1.4881e+02 -9.2462e+01 -5.6156e+01
-1.5597e+02 -1.4757e+02 -9.1964e+01 -2.6374e+02
# New trial
-1.5670e+02 -1.5491e+02 -1.5779e+02 -7.2859e+02
-1.5659e+02 -1.5377e+02 -1.3359e+02 -2.4587e+02
-1.5632e+02 -1.5099e+02 -1.0384e+02 -5.7436e+01
-1.5613e+02 -1.4908e+02 -9.1903e+01 -1.4541e+02
# New trial
-1.5679e+02 -1.5575e+02 -1.5522e+02 -5.5432e+02
-1.5672e+02 -1.5496e+02 -1.3976e+02 -2.3866e+02
-1.5660e+02 -1.5377e+02 -1.2648e+02 -6.9331e+01
-1.5658e+02 -1.5360e+02 -1.2459e+02 -6.3163e+01
# New trial
-1.5668e+02 -1.5489e+02 -1.7224e+02 -7.8212e+02
-1.5651e+02 -1.5304e+02 -1.3966e+02 -4.4505e+02
-1.5615e+02 -1.4937e+02 -9.4268e+01 -5.5938e+01
-1.5601e+02 -1.4795e+02 -8.3876e+01 -9.8823e+01
# New trial
-1.5649e+02 -1.5314e+02 -1.5495e+02 -5.6676e+02
-1.5615e+02 -1.4969e+02 -1.2182e+02 -2.9387e+02
-1.5548e+02 -1.4278e+02 -6.7807e+01 -5.5382e+01
-1.5535e+02 -1.4139e+02 -6.0925e+01 -5.5381e+01
# New trial
-1.5665e+02 -1.5439e+02 -1.4941e+02 -5.6054e+02
-1.5649e+02 -1.5281e+02 -1.3247e+02 -3.6598e+02
-1.5607e+02 -1.4857e+02 -8.3890e+01 -5.5381e+01
-1.5579e+02 -1.4573e+02 -7.2598e+01 -5.5381e+01
# New trial
-1.5653e+02 -1.5331e+02 -1.4621e+02 -5.2334e+02
-1.5637e+02 -1.5170e+02 -1.3067e+02 -4.1805e+02
-1.5594e+02 -1.4728e+02 -7.8643e+01 -7.3013e+01
-1.5576e+02 -1.4543e+02 -7.2826e+01 -5.6239e+01
# New trial
-1.5666e+02 -1.5471e+02 -1.7085e+02 -8.0364e+02
-1.5646e+02 -1.5245e+02 -1.2246e+02 -1.1257e+02
-1.5605e+02 -1.4830e+02 -8.0487e+01 -5.5381e+01
-1.5567e+02 -1.4452e+02 -6.6118e+01 -5.5381e+01
# New trial
-1.5672e+02 -1.5514e+02 -1.6605e+02 -7.3999e+02
-1.5654e+02 -1.5337e+02 -1.3656e+02 -2.9733e+02
-1.5627e+02 -1.5061e+02 -1.0550e+02 -6.1507e+01
-1.5620e+02 -1.4985e+02 -9.4611e+01 -8.2371e+01
# New trial
-1.5663e+02 -1.5473e+02 -2.1681e+02 -1.2952e+03
-1.5639e+02 -1.5200e+02 -1.4623e+02 -5.1658e+02
-1.5590e+02 -1.4691e+02 -7.8649e+01 -5.5708e+01
-1.5574e+02 -1.4522e+02 -7.1359e+01 -5.5400e+01
# New trial
-1.5671e+02 -1.5499e+02 -1.6195e+02 -7.9668e+02
-1.5658e+02 -1.5370e+02 -1.3554e+02 -2.5223e+02
-1.5630e+02 -1.5084e+02 -1.0300e+02 -5.8682e+01
-1.5617e+02 -1.4948e+02 -9.1787e+01 -6.8542e+01
# New trial
-1.5655e+02 -1.5411e+02 -2.1166e+02 -1.2574e+03
-1.5634e+02 -1.5184e+02 -1.5055e+02 -5.1611e+02
-1.5577e+02 -1.4582e+02 -8.0584e+01 -6.1464e+01
-1.5573e+02 -1.4519e+02 -9.1825e+01 -3.3302e+02
# New trial
-1.5660e+02 -1.5395e+02 -1.4698e+02 -4.1371e+02
-1.5640e+02 -1.5197e+02 -1.2964e+02 -3.1455e+02
-1.5586e+02 -1.4651e+02 -8.0431e+01 -5.5407e+01
-1.5567e+02 -1.4456e+02 -6.7094e+01 -5.5382e+01
# New trial
-1.5663e+02 -1.5426e+02 -1.4486e+02 -3.6408e+02
-1.5650e+02 -1.5288e+02 -1.3111e+02 -2.4341e+02
-1.5614e+02 -1.4925e+02 -9.2736e+01 -6.6309e+01
-1.5608e+02 -1.4863e+02 -8.7299e+01 -6.4084e+01
# New trial
-1.5663e+02 -1.5437e+02 -1.7078e+02 -8.8424e+02
-1.5649e+02 -1.5294e+02 -1.4442e+02 -4.8108e+02
-1.5611e+02 -1.4902e+02 -9.5349e+01 -6.1145e+01
-1.5583e+02 -1.4616e+02 -7.6697e+01 -6.4613e+01
# New trial
-1.5672e+02 -1.5507e+02 -1.5878e+02 -6.6881e+02
-1.5663e+02 -1.5417e+02 -1.3923e+02 -3.2657e+02
-1.5640e+02 -1.5179e+02 -1.0982e+02 -5.8426e+01
-1.5619e+02 -1.4973e+02 -9.2082e+01 -5.7739e+01
# New trial
-1.5659e+02 -1.5416e+02 -1.7687e+02 -7.8678e+02
-1.5634e+02 -1.5143e+02 -1.2247e+02 -2.2843e+02
-1.5611e+02 -1.4901e+02 -9.1912e+01 -5.5887e+01
-1.5635e+02 -1.5133e+02 -1.0558e+02 -5.5551e+01
# New trial
-1.5667e+02 -1.5457e+02 -1.5458e+02 -7.0415e+02
-1.5657e+02 -1.5348e+02 -1.2788e+02 -1.0087e+02
-1.5633e+02 -1.5108e+02 -1.0344e+02 -5.5522e+01
-1.5611e+02 -1.4888e+02 -8.5138e+01 -5.5386e+01
# New trial
-1.5663e+02 -1.5450e+02 -1.7237e+02 -7.4798e+02
-1.5636e+02 -1.5161e+02 -1.2380e+02 -2.7633e+02
-1.5599e+02 -1.4785e+02 -8.6582e+01 -5.6853e+01
-1.5602e+02 -1.4800e+02 -8.4510e+01 -7.9733e+01
# New trial
-1.5662e+02 -1.5440e+02 -1.6293e+02 -5.0279e+02
-1.5637e+02 -1.5181e+02 -1.3271e+02 -2.9868e+02
-1.5579e+02 -1.4592e+02 -7.9126e+01 -5.5587e+01
-1.5544e+02 -1.4231e+02 -6.7288e+01 -7.4229e+01
# New trial
-1.5676e+02 -1.5625e+02 -2.2713e+02 -1.3570e+03
-1.5647e+02 -1.5286e+02 -1.4714e+02 -4.2201e+02
-1.5589e+02 -1.4689e+02 -8.3481e+01 -5.5435e+01
-1.5571e+02 -1.4497e+02 -7.2103e+01 -7.8889e+01
# New trial
-1.5671e+02 -1.5492e+02 -1.4097e+02 -2.1324e+02
-1.5656e+02 -1.5338e+02 -1.2592e+02 -9.0711e+01
-1.5623e+02 -1.5013e+02 -9.6235e+01 -5.5383e+01
-1.5615e+02 -1.4929e+02 -8.7863e+01 -5.5384e+01
# New trial
-1.5661e+02 -1.5402e+02 -1.6127e+02 -8.3393e+02
-1.5651e+02 -1.5297e+02 -1.3323e+02 -2.9990e+02
-1.5623e+02 -1.5018e+02 -9.8504e+01 -5.6356e+01
-1.5609e+02 -1.4870e+02 -8.6456e+01 -5.9214e+01
# New trial
-1.5659e+02 -1.5426e+02 -1.7099e+02 -7.3168e+02
-1.5638e+02 -1.5194e+02 -1.3392e+02 -4.6793e+02
-1.5588e+02 -1.4669e+02 -7.5020e+01 -6.7593e+01
-1.5561e+02 -1.4396e+02 -6.7437e+01 -5.7320e+01
# New trial
-1.5670e+02 -1.5486e+02 -1.5004e+02 -4.2636e+02
-1.5652e+02 -1.5312e+02 -1.3002e+02 -2.1459e+02
-1.5614e+02 -1.4929e+02 -9.4901e+01 -5.6666e+01
-1.5605e+02 -1.4836e+02 -8.5657e+01 -8.3219e+01
# New trial
-1.5665e+02 -1.5443e+02 -1.5467e+02 -5.4861e+02
-1.5653e+02 -1.5322e+02 -1.3216e+02 -2.4903e+02
-1.5622e+02 -1.4999e+02 -9.5285e+01 -5.7836e+01
-1.5599e+02 -1.4767e+02 -7.9749e+01 -5.5382e+01
# New trial
