# 10.0sig - Array shape (trial/sig/alpha): (30, 4, 4)
-1.5689e+02 -1.5670e+02 -1.5695e+02 -2.9682e+02
-1.5689e+02 -1.5664e+02 -1.5537e+02 -2.6735e+02
-1.5685e+02 -1.5627e+02 -1.5071e+02 -1.5053e+02
-1.5678e+02 -1.5556e+02 -1.4355e+02 -1.1581e+02
# New trial
-1.5693e+02 -1.5724e+02 -1.8340e+02 -6.9838e+02
-1.5687e+02 -1.5658e+02 -1.6573e+02 -4.1948e+02
-1.5673e+02 -1.5509e+02 -1.4337e+02 -1.7423e+02
-1.5659e+02 -1.5369e+02 -1.2691e+02 -1.1076e+02
# New trial
-1.5691e+02 -1.5688e+02 -1.6185e+02 -3.9682e+02
-1.5687e+02 -1.5650e+02 -1.5507e+02 -2.6062e+02
-1.5677e+02 -1.5545e+02 -1.4298e+02 -1.2312e+02
-1.5663e+02 -1.5410e+02 -1.3040e+02 -1.1078e+02
# New trial
-1.5688e+02 -1.5657e+02 -1.5570e+02 -2.8542e+02
-1.5685e+02 -1.5632e+02 -1.5310e+02 -2.3739e+02
-1.5676e+02 -1.5536e+02 -1.4301e+02 -1.9129e+02
-1.5662e+02 -1.5393e+02 -1.2930e+02 -1.1100e+02
# New trial
-1.5692e+02 -1.5708e+02 -1.6950e+02 -5.0218e+02
-1.5688e+02 -1.5656e+02 -1.5683e+02 -3.1713e+02
-1.5680e+02 -1.5582e+02 -1.4721e+02 -1.7963e+02
-1.5672e+02 -1.5503e+02 -1.3881e+02 -1.1999e+02
# New trial
-1.5687e+02 -1.5645e+02 -1.5385e+02 -2.1590e+02
-1.5683e+02 -1.5610e+02 -1.5025e+02 -2.2137e+02
-1.5673e+02 -1.5509e+02 -1.3995e+02 -1.6228e+02
-1.5660e+02 -1.5374e+02 -1.2752e+02 -1.1114e+02
# New trial
-1.5689e+02 -1.5672e+02 -1.5548e+02 -2.8277e+02
-1.5688e+02 -1.5662e+02 -1.5439e+02 -2.1054e+02
-1.5684e+02 -1.5618e+02 -1.4989e+02 -1.4837e+02
-1.5676e+02 -1.5533e+02 -1.4135e+02 -1.1089e+02
# New trial
-1.5686e+02 -1.5637e+02 -1.5597e+02 -3.2980e+02
-1.5683e+02 -1.5612e+02 -1.5278e+02 -2.8216e+02
-1.5676e+02 -1.5537e+02 -1.4338e+02 -1.2145e+02
-1.5667e+02 -1.5447e+02 -1.3346e+02 -1.1076e+02
# New trial
-1.5694e+02 -1.5738e+02 -1.9014e+02 -7.3312e+02
-1.5687e+02 -1.5660e+02 -1.6263e+02 -3.9779e+02
-1.5674e+02 -1.5522e+02 -1.4201e+02 -1.5139e+02
-1.5661e+02 -1.5388e+02 -1.2909e+02 -1.1166e+02
# New trial
-1.5689e+02 -1.5671e+02 -1.5653e+02 -2.6869e+02
-1.5687e+02 -1.5648e+02 -1.5300e+02 -1.8121e+02
-1.5683e+02 -1.5603e+02 -1.4849e+02 -1.6356e+02
-1.5677e+02 -1.5546e+02 -1.4275e+02 -1.2350e+02
# New trial
-1.5695e+02 -1.5741e+02 -1.8160e+02 -6.9871e+02
-1.5686e+02 -1.5641e+02 -1.6580e+02 -6.0496e+02
-1.5673e+02 -1.5514e+02 -1.4173e+02 -2.0613e+02
-1.5658e+02 -1.5361e+02 -1.2732e+02 -1.1419e+02
# New trial
-1.5698e+02 -1.5773e+02 -1.8286e+02 -6.5012e+02
-1.5692e+02 -1.5695e+02 -1.5972e+02 -2.9695e+02
-1.5685e+02 -1.5633e+02 -1.5209e+02 -2.0124e+02
-1.5679e+02 -1.5563e+02 -1.4446e+02 -1.3192e+02
# New trial
-1.5691e+02 -1.5689e+02 -1.6372e+02 -4.3762e+02
-1.5688e+02 -1.5658e+02 -1.5744e+02 -2.8307e+02
-1.5678e+02 -1.5564e+02 -1.4594e+02 -2.0460e+02
-1.5665e+02 -1.5426e+02 -1.3247e+02 -1.2835e+02
# New trial
-1.5694e+02 -1.5715e+02 -1.6323e+02 -3.7379e+02
-1.5690e+02 -1.5682e+02 -1.5781e+02 -2.7537e+02
-1.5681e+02 -1.5586e+02 -1.4688e+02 -1.5094e+02
-1.5669e+02 -1.5469e+02 -1.3536e+02 -1.1076e+02
# New trial
-1.5692e+02 -1.5703e+02 -1.6895e+02 -4.4837e+02
-1.5687e+02 -1.5655e+02 -1.5922e+02 -3.2665e+02
-1.5676e+02 -1.5539e+02 -1.4286e+02 -1.2164e+02
-1.5663e+02 -1.5408e+02 -1.3013e+02 -1.1078e+02
# New trial
-1.5696e+02 -1.5764e+02 -1.8946e+02 -7.0806e+02
-1.5689e+02 -1.5672e+02 -1.6390e+02 -4.0582e+02
-1.5673e+02 -1.5507e+02 -1.4341e+02 -2.0854e+02
-1.5654e+02 -1.5322e+02 -1.2430e+02 -1.1952e+02
# New trial
-1.5687e+02 -1.5665e+02 -1.7739e+02 -6.3376e+02
-1.5681e+02 -1.5595e+02 -1.5259e+02 -2.9086e+02
-1.5670e+02 -1.5479e+02 -1.3789e+02 -1.3113e+02
-1.5659e+02 -1.5364e+02 -1.2667e+02 -1.1076e+02
# New trial
-1.5689e+02 -1.5669e+02 -1.5955e+02 -3.8439e+02
-1.5684e+02 -1.5617e+02 -1.5186e+02 -2.9195e+02
-1.5673e+02 -1.5510e+02 -1.4029e+02 -1.4809e+02
-1.5660e+02 -1.5375e+02 -1.2722e+02 -1.1076e+02
# New trial
-1.5690e+02 -1.5676e+02 -1.5753e+02 -3.0722e+02
-1.5687e+02 -1.5648e+02 -1.5304e+02 -1.6854e+02
-1.5683e+02 -1.5604e+02 -1.4844e+02 -1.3848e+02
-1.5676e+02 -1.5540e+02 -1.4204e+02 -1.1077e+02
# New trial
-1.5697e+02 -1.5760e+02 -1.7923e+02 -5.8871e+02
-1.5692e+02 -1.5698e+02 -1.6194e+02 -3.8523e+02
-1.5681e+02 -1.5589e+02 -1.4756e+02 -1.7009e+02
-1.5668e+02 -1.5461e+02 -1.3510e+02 -1.1176e+02
# New trial
-1.5690e+02 -1.5685e+02 -1.6096e+02 -3.6432e+02
-1.5686e+02 -1.5637e+02 -1.5200e+02 -1.6216e+02
-1.5678e+02 -1.5559e+02 -1.4406e+02 -1.2171e+02
-1.5666e+02 -1.5436e+02 -1.3243e+02 -1.1076e+02
# New trial
-1.5688e+02 -1.5653e+02 -1.5431e+02 -2.6012e+02
-1.5685e+02 -1.5629e+02 -1.5252e+02 -2.6894e+02
-1.5676e+02 -1.5539e+02 -1.4282e+02 -1.5949e+02
-1.5664e+02 -1.5417e+02 -1.3144e+02 -1.1320e+02
# New trial
-1.5690e+02 -1.5675e+02 -1.5780e+02 -2.7677e+02
-1.5687e+02 -1.5645e+02 -1.5424e+02 -2.1846e+02
-1.5678e+02 -1.5557e+02 -1.4464e+02 -1.7235e+02
-1.5666e+02 -1.5439e+02 -1.3311e+02 -1.2046e+02
# New trial
-1.5690e+02 -1.5685e+02 -1.6405e+02 -3.8778e+02
-1.5686e+02 -1.5644e+02 -1.6039e+02 -3.5025e+02
-1.5673e+02 -1.5512e+02 -1.4220e+02 -1.7462e+02
-1.5654e+02 -1.5317e+02 -1.2510e+02 -1.2319e+02
# New trial
-1.5692e+02 -1.5705e+02 -1.6949e+02 -4.4484e+02
-1.5685e+02 -1.5635e+02 -1.5810e+02 -3.5588e+02
-1.5671e+02 -1.5485e+02 -1.3822e+02 -1.4301e+02
-1.5656e+02 -1.5335e+02 -1.2468e+02 -1.1076e+02
# New trial
-1.5698e+02 -1.5784e+02 -1.9089e+02 -7.2732e+02
-1.5687e+02 -1.5653e+02 -1.6539e+02 -4.8444e+02
-1.5667e+02 -1.5453e+02 -1.3709e+02 -2.1660e+02
-1.5645e+02 -1.5234e+02 -1.1999e+02 -1.2686e+02
# New trial
-1.5700e+02 -1.5800e+02 -1.9122e+02 -7.0818e+02
-1.5691e+02 -1.5693e+02 -1.6215e+02 -3.8529e+02
-1.5679e+02 -1.5570e+02 -1.4626e+02 -2.0768e+02
-1.5663e+02 -1.5407e+02 -1.3132e+02 -1.1540e+02
# New trial
-1.5688e+02 -1.5656e+02 -1.5367e+02 -1.7323e+02
-1.5687e+02 -1.5643e+02 -1.5245e+02 -1.8011e+02
-1.5681e+02 -1.5587e+02 -1.4681e+02 -1.3432e+02
-1.5673e+02 -1.5506e+02 -1.3894e+02 -1.1171e+02
# New trial
-1.5687e+02 -1.5660e+02 -1.6930e+02 -5.5708e+02
-1.5684e+02 -1.5619e+02 -1.5493e+02 -2.7978e+02
-1.5671e+02 -1.5491e+02 -1.3879e+02 -1.1083e+02
-1.5657e+02 -1.5347e+02 -1.2491e+02 -1.1076e+02
# New trial
-1.5691e+02 -1.5687e+02 -1.6078e+02 -3.8196e+02
-1.5689e+02 -1.5665e+02 -1.5581e+02 -2.7772e+02
-1.5682e+02 -1.5596e+02 -1.4796e+02 -1.7677e+02
-1.5671e+02 -1.5486e+02 -1.3768e+02 -1.1376e+02
# New trial
