# 10.0sig - Array shape (trial/sig/alpha): (30, 4, 4)
-1.3378e+02 -1.3333e+02 -1.3718e+02 -4.7277e+02
-1.3376e+02 -1.3311e+02 -1.3234e+02 -3.5574e+02
-1.3368e+02 -1.3232e+02 -1.2073e+02 -1.9918e+02
-1.3355e+02 -1.3100e+02 -1.0623e+02 -7.1637e+01
# New trial
-1.3390e+02 -1.3508e+02 -2.0300e+02 -1.4117e+03
-1.3383e+02 -1.3434e+02 -1.7313e+02 -9.2190e+02
-1.3361e+02 -1.3174e+02 -1.2790e+02 -4.9344e+02
-1.3326e+02 -1.2811e+02 -8.2538e+01 -7.0965e+01
# New trial
-1.3382e+02 -1.3390e+02 -1.6085e+02 -8.2484e+02
-1.3375e+02 -1.3305e+02 -1.4156e+02 -5.0495e+02
-1.3349e+02 -1.3043e+02 -1.0400e+02 -1.5175e+02
-1.3320e+02 -1.2745e+02 -7.5069e+01 -4.6166e+01
# New trial
-1.3374e+02 -1.3295e+02 -1.3773e+02 -5.4081e+02
-1.3370e+02 -1.3253e+02 -1.3407e+02 -4.6970e+02
-1.3349e+02 -1.3038e+02 -1.0531e+02 -1.7526e+02
-1.3321e+02 -1.2752e+02 -7.6104e+01 -4.6377e+01
# New trial
-1.3384e+02 -1.3421e+02 -1.7341e+02 -9.4281e+02
-1.3374e+02 -1.3296e+02 -1.3755e+02 -4.6530e+02
-1.3361e+02 -1.3157e+02 -1.1550e+02 -2.2943e+02
-1.3345e+02 -1.2994e+02 -9.6108e+01 -5.0966e+01
# New trial
-1.3379e+02 -1.3354e+02 -1.4505e+02 -4.9982e+02
-1.3371e+02 -1.3261e+02 -1.3191e+02 -3.7692e+02
-1.3347e+02 -1.3018e+02 -1.0439e+02 -1.7218e+02
-1.3317e+02 -1.2712e+02 -7.3080e+01 -5.3078e+01
# New trial
-1.3376e+02 -1.3310e+02 -1.2940e+02 -3.2679e+02
-1.3375e+02 -1.3293e+02 -1.2822e+02 -3.5285e+02
-1.3367e+02 -1.3218e+02 -1.1899e+02 -2.2147e+02
-1.3355e+02 -1.3094e+02 -1.0552e+02 -6.5262e+01
# New trial
-1.3384e+02 -1.3409e+02 -1.5679e+02 -6.4619e+02
-1.3380e+02 -1.3362e+02 -1.4773e+02 -5.4615e+02
-1.3362e+02 -1.3172e+02 -1.2054e+02 -2.5624e+02
-1.3338e+02 -1.2926e+02 -9.0107e+01 -4.6210e+01
# New trial
-1.3396e+02 -1.3591e+02 -2.3199e+02 -1.6173e+03
-1.3384e+02 -1.3418e+02 -1.7016e+02 -8.4832e+02
-1.3350e+02 -1.3053e+02 -1.0758e+02 -2.9395e+02
-1.3316e+02 -1.2707e+02 -7.3986e+01 -5.3240e+01
# New trial
-1.3378e+02 -1.3328e+02 -1.3125e+02 -3.7012e+02
-1.3375e+02 -1.3295e+02 -1.2629e+02 -1.9708e+02
-1.3368e+02 -1.3223e+02 -1.1850e+02 -1.1398e+02
-1.3362e+02 -1.3168e+02 -1.1268e+02 -6.7890e+01
# New trial
-1.3394e+02 -1.3548e+02 -2.0737e+02 -1.4145e+03
-1.3369e+02 -1.3258e+02 -1.6055e+02 -1.0627e+03
-1.3334e+02 -1.2896e+02 -1.0564e+02 -4.5745e+02
-1.3301e+02 -1.2555e+02 -6.4368e+01 -5.8760e+01
# New trial
-1.3395e+02 -1.3538e+02 -2.0230e+02 -1.3407e+03
-1.3381e+02 -1.3368e+02 -1.4190e+02 -4.5279e+02
-1.3368e+02 -1.3229e+02 -1.2102e+02 -1.7536e+02
-1.3352e+02 -1.3066e+02 -1.0294e+02 -4.9297e+01
# New trial
-1.3384e+02 -1.3425e+02 -1.7571e+02 -1.0124e+03
-1.3378e+02 -1.3352e+02 -1.5220e+02 -6.6865e+02
-1.3357e+02 -1.3122e+02 -1.1634e+02 -2.5677e+02
-1.3328e+02 -1.2828e+02 -8.3356e+01 -6.1544e+01
# New trial
-1.3386e+02 -1.3426e+02 -1.5780e+02 -7.3396e+02
-1.3378e+02 -1.3341e+02 -1.4056e+02 -4.3118e+02
-1.3355e+02 -1.3101e+02 -1.0890e+02 -1.5628e+02
-1.3331e+02 -1.2859e+02 -8.4496e+01 -5.3029e+01
# New trial
-1.3386e+02 -1.3441e+02 -1.7496e+02 -9.3137e+02
-1.3378e+02 -1.3353e+02 -1.5284e+02 -6.4988e+02
-1.3354e+02 -1.3088e+02 -1.0995e+02 -1.9725e+02
-1.3323e+02 -1.2779e+02 -7.7238e+01 -4.6151e+01
# New trial
-1.3395e+02 -1.3589e+02 -2.2867e+02 -1.5487e+03
-1.3379e+02 -1.3381e+02 -1.6295e+02 -7.8575e+02
-1.3344e+02 -1.3003e+02 -1.1146e+02 -3.6290e+02
-1.3300e+02 -1.2552e+02 -6.3942e+01 -4.6185e+01
# New trial
-1.3379e+02 -1.3388e+02 -2.1100e+02 -1.4602e+03
-1.3365e+02 -1.3222e+02 -1.4073e+02 -6.0685e+02
-1.3343e+02 -1.2981e+02 -1.0436e+02 -1.8514e+02
-1.3316e+02 -1.2707e+02 -7.2155e+01 -4.6151e+01
# New trial
-1.3386e+02 -1.3422e+02 -1.5642e+02 -8.1931e+02
-1.3376e+02 -1.3312e+02 -1.3829e+02 -5.2519e+02
-1.3352e+02 -1.3070e+02 -1.1058e+02 -3.6793e+02
-1.3330e+02 -1.2848e+02 -8.4117e+01 -5.9633e+01
# New trial
-1.3383e+02 -1.3379e+02 -1.4476e+02 -6.3335e+02
-1.3377e+02 -1.3315e+02 -1.3034e+02 -2.4319e+02
-1.3366e+02 -1.3210e+02 -1.1781e+02 -1.3064e+02
-1.3352e+02 -1.3068e+02 -1.0295e+02 -4.7902e+01
# New trial
-1.3400e+02 -1.3600e+02 -2.0839e+02 -1.2882e+03
-1.3385e+02 -1.3410e+02 -1.5258e+02 -7.2572e+02
-1.3354e+02 -1.3092e+02 -1.0857e+02 -1.2670e+02
-1.3324e+02 -1.2783e+02 -7.9846e+01 -5.9593e+01
# New trial
-1.3386e+02 -1.3419e+02 -1.6064e+02 -8.2125e+02
-1.3376e+02 -1.3309e+02 -1.3273e+02 -4.2534e+02
-1.3356e+02 -1.3107e+02 -1.0861e+02 -1.0810e+02
-1.3332e+02 -1.2866e+02 -8.4766e+01 -4.6579e+01
# New trial
-1.3377e+02 -1.3316e+02 -1.3383e+02 -4.8244e+02
-1.3373e+02 -1.3287e+02 -1.3301e+02 -4.5386e+02
-1.3355e+02 -1.3102e+02 -1.1112e+02 -3.0026e+02
-1.3329e+02 -1.2842e+02 -8.5316e+01 -9.1457e+01
# New trial
-1.3383e+02 -1.3390e+02 -1.5060e+02 -5.7086e+02
-1.3375e+02 -1.3315e+02 -1.4052e+02 -4.9118e+02
-1.3356e+02 -1.3108e+02 -1.1138e+02 -2.7574e+02
-1.3331e+02 -1.2857e+02 -8.4053e+01 -5.9947e+01
# New trial
-1.3376e+02 -1.3345e+02 -1.6204e+02 -7.7096e+02
-1.3368e+02 -1.3264e+02 -1.5357e+02 -7.4683e+02
-1.3347e+02 -1.3023e+02 -1.0746e+02 -2.2833e+02
-1.3311e+02 -1.2653e+02 -6.8123e+01 -4.6151e+01
# New trial
-1.3394e+02 -1.3537e+02 -1.9299e+02 -1.1551e+03
-1.3381e+02 -1.3391e+02 -1.6458e+02 -8.0609e+02
-1.3349e+02 -1.3039e+02 -1.0951e+02 -3.0253e+02
-1.3312e+02 -1.2666e+02 -6.9993e+01 -4.6198e+01
# New trial
-1.3404e+02 -1.3717e+02 -2.3734e+02 -1.6145e+03
-1.3379e+02 -1.3388e+02 -1.8025e+02 -1.1277e+03
-1.3330e+02 -1.2853e+02 -9.0529e+01 -9.2850e+01
-1.3275e+02 -1.2298e+02 -5.1802e+01 -4.6151e+01
# New trial
-1.3409e+02 -1.3746e+02 -2.4614e+02 -1.6795e+03
-1.3383e+02 -1.3400e+02 -1.5929e+02 -7.4650e+02
-1.3347e+02 -1.3019e+02 -1.0578e+02 -2.2209e+02
-1.3313e+02 -1.2676e+02 -7.4231e+01 -4.9724e+01
# New trial
-1.3378e+02 -1.3326e+02 -1.3308e+02 -4.2954e+02
-1.3374e+02 -1.3286e+02 -1.2981e+02 -4.4184e+02
-1.3357e+02 -1.3120e+02 -1.0985e+02 -1.1179e+02
-1.3337e+02 -1.2916e+02 -8.9452e+01 -4.6424e+01
# New trial
-1.3384e+02 -1.3433e+02 -1.9360e+02 -1.2381e+03
-1.3380e+02 -1.3371e+02 -1.5765e+02 -7.1113e+02
-1.3354e+02 -1.3098e+02 -1.1345e+02 -2.1262e+02
-1.3319e+02 -1.2737e+02 -7.5206e+01 -5.2899e+01
# New trial
-1.3375e+02 -1.3311e+02 -1.4749e+02 -7.3016e+02
-1.3368e+02 -1.3237e+02 -1.2790e+02 -4.2268e+02
-1.3350e+02 -1.3051e+02 -1.0590e+02 -2.9393e+02
-1.3324e+02 -1.2789e+02 -8.0436e+01 -8.4322e+01
# New trial
