# 10.0sig - Array shape (trial/sig/alpha): (30L, 4L, 4L)
-1.1526e+02 -1.1425e+02 -1.1714e+02 -5.6741e+02
-1.1527e+02 -1.1430e+02 -1.1088e+02 -3.1249e+02
-1.1522e+02 -1.1384e+02 -1.0186e+02 -1.4325e+02
-1.1513e+02 -1.1291e+02 -9.1743e+01 -9.3756e+01
# New trial
-1.1538e+02 -1.1683e+02 -2.1394e+02 -1.6702e+03
-1.1530e+02 -1.1548e+02 -1.6256e+02 -1.0463e+03
-1.1517e+02 -1.1343e+02 -1.0795e+02 -4.5088e+02
-1.1494e+02 -1.1097e+02 -7.4939e+01 -1.4453e+02
# New trial
-1.1529e+02 -1.1471e+02 -1.3655e+02 -8.1269e+02
-1.1527e+02 -1.1447e+02 -1.2541e+02 -6.3150e+02
-1.1508e+02 -1.1249e+02 -9.2090e+01 -1.9896e+02
-1.1484e+02 -1.1000e+02 -6.6495e+01 -7.5006e+01
# New trial
-1.1528e+02 -1.1451e+02 -1.2432e+02 -5.7287e+02
-1.1526e+02 -1.1431e+02 -1.2150e+02 -5.2708e+02
-1.1509e+02 -1.1256e+02 -9.4384e+01 -3.1413e+02
-1.1487e+02 -1.1031e+02 -6.9774e+01 -8.2096e+01
# New trial
-1.1537e+02 -1.1609e+02 -1.8274e+02 -1.3890e+03
-1.1529e+02 -1.1481e+02 -1.3187e+02 -6.5726e+02
-1.1520e+02 -1.1373e+02 -1.0562e+02 -2.7593e+02
-1.1507e+02 -1.1233e+02 -8.6085e+01 -9.2679e+01
# New trial
-1.1527e+02 -1.1468e+02 -1.3980e+02 -7.6709e+02
-1.1524e+02 -1.1416e+02 -1.2179e+02 -5.1142e+02
-1.1507e+02 -1.1237e+02 -9.2934e+01 -2.2147e+02
-1.1483e+02 -1.0990e+02 -6.6335e+01 -5.4993e+01
# New trial
-1.1525e+02 -1.1418e+02 -1.1086e+02 -3.5893e+02
-1.1527e+02 -1.1438e+02 -1.1020e+02 -3.1634e+02
-1.1524e+02 -1.1400e+02 -1.0263e+02 -1.1344e+02
-1.1516e+02 -1.1317e+02 -9.4067e+01 -1.0197e+02
# New trial
-1.1512e+02 -1.1353e+02 -1.4040e+02 -8.0557e+02
-1.1520e+02 -1.1402e+02 -1.3174e+02 -6.7618e+02
-1.1517e+02 -1.1338e+02 -1.0594e+02 -4.0074e+02
-1.1502e+02 -1.1185e+02 -8.1500e+01 -5.9426e+01
# New trial
-1.1546e+02 -1.1750e+02 -2.4265e+02 -1.9941e+03
-1.1540e+02 -1.1625e+02 -1.7004e+02 -1.0474e+03
-1.1511e+02 -1.1281e+02 -1.0030e+02 -4.0679e+02
-1.1483e+02 -1.0994e+02 -7.3640e+01 -3.2110e+02
# New trial
-1.1530e+02 -1.1467e+02 -1.1367e+02 -4.2788e+02
-1.1528e+02 -1.1439e+02 -1.0787e+02 -2.1260e+02
-1.1522e+02 -1.1383e+02 -1.0065e+02 -1.0327e+02
-1.1520e+02 -1.1357e+02 -9.7672e+01 -5.6665e+01
# New trial
-1.1560e+02 -1.1828e+02 -2.0360e+02 -1.6941e+03
-1.1533e+02 -1.1515e+02 -1.6320e+02 -1.2819e+03
-1.1499e+02 -1.1161e+02 -1.0322e+02 -6.5588e+02
-1.1471e+02 -1.0872e+02 -6.0825e+01 -1.5877e+02
# New trial
-1.1552e+02 -1.1787e+02 -2.1554e+02 -1.5306e+03
-1.1529e+02 -1.1473e+02 -1.2482e+02 -4.0458e+02
-1.1521e+02 -1.1369e+02 -1.0157e+02 -1.8727e+02
-1.1512e+02 -1.1277e+02 -9.0062e+01 -7.0236e+01
# New trial
-1.1526e+02 -1.1471e+02 -1.5608e+02 -1.1067e+03
-1.1527e+02 -1.1464e+02 -1.3713e+02 -7.1298e+02
-1.1513e+02 -1.1305e+02 -1.0623e+02 -4.1314e+02
-1.1492e+02 -1.1081e+02 -7.5185e+01 -1.1667e+02
# New trial
-1.1531e+02 -1.1506e+02 -1.4609e+02 -8.3467e+02
-1.1529e+02 -1.1474e+02 -1.2895e+02 -5.7693e+02
-1.1512e+02 -1.1284e+02 -9.6343e+01 -2.4416e+02
-1.1493e+02 -1.1095e+02 -7.4268e+01 -7.7301e+01
# New trial
-1.1539e+02 -1.1594e+02 -1.6624e+02 -1.0535e+03
-1.1533e+02 -1.1525e+02 -1.4520e+02 -7.9676e+02
-1.1514e+02 -1.1307e+02 -1.0077e+02 -2.7860e+02
-1.1488e+02 -1.1046e+02 -6.9975e+01 -6.8166e+01
# New trial
-1.1556e+02 -1.1860e+02 -2.3571e+02 -1.8030e+03
-1.1541e+02 -1.1639e+02 -1.6171e+02 -9.1961e+02
-1.1505e+02 -1.1237e+02 -1.0090e+02 -3.7328e+02
-1.1471e+02 -1.0878e+02 -6.0733e+01 -1.2276e+02
# New trial
-1.1524e+02 -1.1503e+02 -2.1443e+02 -1.7438e+03
-1.1515e+02 -1.1347e+02 -1.3023e+02 -7.0937e+02
-1.1502e+02 -1.1188e+02 -9.6857e+01 -4.7499e+02
-1.1482e+02 -1.0982e+02 -6.4933e+01 -5.6218e+01
# New trial
-1.1536e+02 -1.1560e+02 -1.5611e+02 -1.0470e+03
-1.1530e+02 -1.1483e+02 -1.3250e+02 -7.3097e+02
-1.1510e+02 -1.1270e+02 -9.8450e+01 -3.1939e+02
-1.1496e+02 -1.1119e+02 -7.7529e+01 -6.4331e+01
# New trial
-1.1541e+02 -1.1585e+02 -1.3672e+02 -6.8184e+02
-1.1534e+02 -1.1506e+02 -1.1744e+02 -3.3180e+02
-1.1523e+02 -1.1393e+02 -1.0232e+02 -1.7993e+02
-1.1512e+02 -1.1281e+02 -9.0307e+01 -5.6887e+01
# New trial
-1.1558e+02 -1.1817e+02 -2.1548e+02 -1.6303e+03
-1.1547e+02 -1.1667e+02 -1.5911e+02 -1.0093e+03
-1.1514e+02 -1.1310e+02 -1.0335e+02 -3.6466e+02
-1.1484e+02 -1.1004e+02 -6.8554e+01 -1.2250e+02
# New trial
-1.1539e+02 -1.1604e+02 -1.7059e+02 -1.1686e+03
-1.1530e+02 -1.1478e+02 -1.2234e+02 -4.7318e+02
-1.1515e+02 -1.1313e+02 -9.7224e+01 -2.3850e+02
-1.1496e+02 -1.1125e+02 -7.6637e+01 -1.1150e+02
# New trial
-1.1525e+02 -1.1415e+02 -1.1521e+02 -4.7923e+02
-1.1526e+02 -1.1431e+02 -1.1866e+02 -5.6728e+02
-1.1514e+02 -1.1308e+02 -9.9323e+01 -3.1658e+02
-1.1492e+02 -1.1081e+02 -7.4670e+01 -6.3439e+01
# New trial
-1.1541e+02 -1.1596e+02 -1.4608e+02 -7.4783e+02
-1.1532e+02 -1.1503e+02 -1.3035e+02 -5.6472e+02
-1.1516e+02 -1.1327e+02 -1.0054e+02 -3.2402e+02
-1.1497e+02 -1.1136e+02 -7.7697e+01 -9.7333e+01
# New trial
-1.1527e+02 -1.1477e+02 -1.4945e+02 -8.4785e+02
-1.1521e+02 -1.1410e+02 -1.3731e+02 -7.4450e+02
-1.1507e+02 -1.1241e+02 -9.7532e+01 -3.5566e+02
-1.1479e+02 -1.0955e+02 -6.3347e+01 -5.9009e+01
# New trial
-1.1542e+02 -1.1650e+02 -1.8220e+02 -1.2483e+03
-1.1530e+02 -1.1508e+02 -1.4707e+02 -8.8591e+02
-1.1505e+02 -1.1221e+02 -9.4463e+01 -2.8779e+02
-1.1479e+02 -1.0951e+02 -6.4869e+01 -1.2051e+02
# New trial
-1.1566e+02 -1.2030e+02 -2.5938e+02 -1.9603e+03
-1.1543e+02 -1.1673e+02 -1.7399e+02 -1.2277e+03
-1.1494e+02 -1.1116e+02 -9.1633e+01 -4.8257e+02
-1.1449e+02 -1.0650e+02 -5.0397e+01 -1.2880e+02
# New trial
-1.1581e+02 -1.2180e+02 -2.8614e+02 -2.2627e+03
-1.1554e+02 -1.1766e+02 -1.7916e+02 -1.1746e+03
-1.1509e+02 -1.1261e+02 -9.7261e+01 -3.4189e+02
-1.1481e+02 -1.0971e+02 -6.8067e+01 -7.3943e+01
# New trial
-1.1527e+02 -1.1456e+02 -1.2505e+02 -4.9394e+02
-1.1526e+02 -1.1434e+02 -1.1591e+02 -3.9277e+02
-1.1514e+02 -1.1300e+02 -9.5599e+01 -2.3466e+02
-1.1498e+02 -1.1142e+02 -7.8257e+01 -7.7691e+01
# New trial
-1.1526e+02 -1.1466e+02 -1.4905e+02 -9.8833e+02
-1.1527e+02 -1.1462e+02 -1.3519e+02 -7.7655e+02
-1.1512e+02 -1.1300e+02 -1.0166e+02 -2.9751e+02
-1.1487e+02 -1.1029e+02 -6.9656e+01 -5.8398e+01
# New trial
-1.1525e+02 -1.1440e+02 -1.3954e+02 -8.9139e+02
-1.1519e+02 -1.1370e+02 -1.1678e+02 -5.5935e+02
-1.1507e+02 -1.1235e+02 -9.0180e+01 -1.8612e+02
-1.1489e+02 -1.1054e+02 -7.2225e+01 -9.2327e+01
# New trial
