# 1.0sig - Array shape (trial/sig/alpha): (30, 4, 4)
-1.4304e+02 -1.4277e+02 -1.4159e+02 -1.7207e+02
-1.4302e+02 -1.4259e+02 -1.3893e+02 -1.3977e+02
-1.4298e+02 -1.4214e+02 -1.3446e+02 -1.2922e+02
-1.4295e+02 -1.4184e+02 -1.3210e+02 -1.2922e+02
# New trial
-1.4304e+02 -1.4279e+02 -1.4085e+02 -1.4670e+02
-1.4303e+02 -1.4267e+02 -1.3979e+02 -1.3852e+02
-1.4298e+02 -1.4221e+02 -1.3533e+02 -1.2922e+02
-1.4293e+02 -1.4166e+02 -1.3114e+02 -1.2922e+02
# New trial
-1.4304e+02 -1.4281e+02 -1.4099e+02 -1.6765e+02
-1.4303e+02 -1.4266e+02 -1.3933e+02 -1.3230e+02
-1.4299e+02 -1.4233e+02 -1.3621e+02 -1.3087e+02
-1.4298e+02 -1.4220e+02 -1.3526e+02 -1.3759e+02
# New trial
-1.4304e+02 -1.4274e+02 -1.4104e+02 -2.0274e+02
-1.4302e+02 -1.4263e+02 -1.3942e+02 -1.4822e+02
-1.4299e+02 -1.4230e+02 -1.3605e+02 -1.2927e+02
-1.4298e+02 -1.4216e+02 -1.3490e+02 -1.3395e+02
# New trial
-1.4301e+02 -1.4250e+02 -1.3999e+02 -1.7194e+02
-1.4299e+02 -1.4232e+02 -1.3702e+02 -1.4808e+02
-1.4296e+02 -1.4201e+02 -1.3376e+02 -1.2922e+02
-1.4295e+02 -1.4193e+02 -1.3303e+02 -1.2922e+02
# New trial
-1.4305e+02 -1.4288e+02 -1.4231e+02 -2.0004e+02
-1.4303e+02 -1.4273e+02 -1.4007e+02 -1.4375e+02
-1.4300e+02 -1.4241e+02 -1.3699e+02 -1.3493e+02
-1.4298e+02 -1.4221e+02 -1.3523e+02 -1.3281e+02
# New trial
-1.4306e+02 -1.4295e+02 -1.4255e+02 -1.8505e+02
-1.4305e+02 -1.4287e+02 -1.4124e+02 -1.4921e+02
-1.4303e+02 -1.4270e+02 -1.3948e+02 -1.2927e+02
-1.4302e+02 -1.4258e+02 -1.3830e+02 -1.2925e+02
# New trial
-1.4304e+02 -1.4279e+02 -1.4237e+02 -2.0796e+02
-1.4302e+02 -1.4260e+02 -1.3940e+02 -1.5474e+02
-1.4298e+02 -1.4215e+02 -1.3502e+02 -1.2999e+02
-1.4294e+02 -1.4180e+02 -1.3304e+02 -1.3599e+02
# New trial
-1.4300e+02 -1.4237e+02 -1.3864e+02 -1.5294e+02
-1.4296e+02 -1.4204e+02 -1.3512e+02 -1.3050e+02
-1.4290e+02 -1.4143e+02 -1.3072e+02 -1.2922e+02
-1.4290e+02 -1.4139e+02 -1.3048e+02 -1.2922e+02
# New trial
-1.4304e+02 -1.4278e+02 -1.4067e+02 -1.4582e+02
-1.4302e+02 -1.4259e+02 -1.3877e+02 -1.3320e+02
-1.4297e+02 -1.4205e+02 -1.3368e+02 -1.2922e+02
-1.4290e+02 -1.4141e+02 -1.3060e+02 -1.2922e+02
# New trial
-1.4304e+02 -1.4283e+02 -1.4321e+02 -1.9336e+02
-1.4302e+02 -1.4264e+02 -1.4130e+02 -1.7920e+02
-1.4298e+02 -1.4214e+02 -1.3551e+02 -1.4627e+02
-1.4293e+02 -1.4169e+02 -1.3350e+02 -1.4582e+02
# New trial
-1.4303e+02 -1.4273e+02 -1.4238e+02 -2.0042e+02
-1.4301e+02 -1.4250e+02 -1.3813e+02 -1.4299e+02
-1.4297e+02 -1.4206e+02 -1.3401e+02 -1.2924e+02
-1.4292e+02 -1.4159e+02 -1.3168e+02 -1.2940e+02
# New trial
-1.4306e+02 -1.4300e+02 -1.4477e+02 -2.2377e+02
-1.4304e+02 -1.4275e+02 -1.4088e+02 -1.5896e+02
-1.4300e+02 -1.4237e+02 -1.3697e+02 -1.2928e+02
-1.4300e+02 -1.4235e+02 -1.3696e+02 -1.5335e+02
# New trial
-1.4304e+02 -1.4280e+02 -1.4860e+02 -2.7601e+02
-1.4301e+02 -1.4249e+02 -1.4038e+02 -1.7602e+02
-1.4294e+02 -1.4182e+02 -1.3251e+02 -1.2922e+02
-1.4290e+02 -1.4137e+02 -1.3022e+02 -1.2922e+02
# New trial
-1.4304e+02 -1.4281e+02 -1.4165e+02 -1.9088e+02
-1.4303e+02 -1.4267e+02 -1.3967e+02 -1.4507e+02
-1.4300e+02 -1.4234e+02 -1.3622e+02 -1.2926e+02
-1.4299e+02 -1.4224e+02 -1.3550e+02 -1.3810e+02
# New trial
-1.4303e+02 -1.4280e+02 -1.4836e+02 -2.6951e+02
-1.4300e+02 -1.4242e+02 -1.4110e+02 -1.7511e+02
-1.4293e+02 -1.4167e+02 -1.3279e+02 -1.2924e+02
-1.4293e+02 -1.4173e+02 -1.3291e+02 -1.2967e+02
# New trial
-1.4303e+02 -1.4268e+02 -1.4036e+02 -1.6563e+02
-1.4301e+02 -1.4245e+02 -1.3821e+02 -1.5793e+02
-1.4294e+02 -1.4178e+02 -1.3221e+02 -1.2922e+02
-1.4288e+02 -1.4117e+02 -1.2976e+02 -1.2922e+02
# New trial
-1.4304e+02 -1.4280e+02 -1.4115e+02 -1.5334e+02
-1.4303e+02 -1.4265e+02 -1.3985e+02 -1.3917e+02
-1.4298e+02 -1.4214e+02 -1.3542e+02 -1.2924e+02
-1.4294e+02 -1.4184e+02 -1.3335e+02 -1.4126e+02
# New trial
-1.4303e+02 -1.4267e+02 -1.4267e+02 -2.1105e+02
-1.4301e+02 -1.4250e+02 -1.3946e+02 -1.6360e+02
-1.4297e+02 -1.4210e+02 -1.3445e+02 -1.2923e+02
-1.4296e+02 -1.4197e+02 -1.3340e+02 -1.2923e+02
# New trial
-1.4304e+02 -1.4278e+02 -1.4154e+02 -1.9113e+02
-1.4303e+02 -1.4270e+02 -1.3974e+02 -1.4418e+02
-1.4301e+02 -1.4246e+02 -1.3713e+02 -1.2922e+02
-1.4298e+02 -1.4220e+02 -1.3482e+02 -1.2922e+02
# New trial
-1.4303e+02 -1.4273e+02 -1.4259e+02 -2.0163e+02
-1.4301e+02 -1.4248e+02 -1.3868e+02 -1.3854e+02
-1.4297e+02 -1.4208e+02 -1.3496e+02 -1.2923e+02
-1.4298e+02 -1.4215e+02 -1.3470e+02 -1.2923e+02
# New trial
-1.4305e+02 -1.4286e+02 -1.4235e+02 -2.0196e+02
-1.4304e+02 -1.4274e+02 -1.3997e+02 -1.3498e+02
-1.4301e+02 -1.4245e+02 -1.3718e+02 -1.2997e+02
-1.4296e+02 -1.4200e+02 -1.3331e+02 -1.2922e+02
# New trial
-1.4303e+02 -1.4274e+02 -1.4232e+02 -1.9184e+02
-1.4300e+02 -1.4244e+02 -1.3817e+02 -1.5726e+02
-1.4295e+02 -1.4189e+02 -1.3313e+02 -1.2922e+02
-1.4291e+02 -1.4152e+02 -1.3106e+02 -1.2922e+02
# New trial
-1.4303e+02 -1.4275e+02 -1.4203e+02 -1.6564e+02
-1.4301e+02 -1.4245e+02 -1.3899e+02 -1.5133e+02
-1.4294e+02 -1.4180e+02 -1.3313e+02 -1.2924e+02
-1.4290e+02 -1.4143e+02 -1.3073e+02 -1.2922e+02
# New trial
-1.4304e+02 -1.4281e+02 -1.4799e+02 -2.5672e+02
-1.4300e+02 -1.4243e+02 -1.3929e+02 -1.4773e+02
-1.4294e+02 -1.4175e+02 -1.3311e+02 -1.2947e+02
-1.4290e+02 -1.4144e+02 -1.3378e+02 -1.6100e+02
# New trial
-1.4305e+02 -1.4288e+02 -1.4137e+02 -1.4297e+02
-1.4303e+02 -1.4270e+02 -1.3959e+02 -1.3063e+02
-1.4299e+02 -1.4226e+02 -1.3561e+02 -1.2990e+02
-1.4296e+02 -1.4195e+02 -1.3353e+02 -1.3173e+02
# New trial
-1.4303e+02 -1.4267e+02 -1.4155e+02 -2.0664e+02
-1.4301e+02 -1.4253e+02 -1.3878e+02 -1.5004e+02
-1.4298e+02 -1.4218e+02 -1.3496e+02 -1.2922e+02
-1.4296e+02 -1.4200e+02 -1.3358e+02 -1.2922e+02
# New trial
-1.4304e+02 -1.4278e+02 -1.4376e+02 -2.1901e+02
-1.4301e+02 -1.4252e+02 -1.3960e+02 -1.6859e+02
-1.4294e+02 -1.4180e+02 -1.3220e+02 -1.2922e+02
-1.4286e+02 -1.4095e+02 -1.2946e+02 -1.2922e+02
# New trial
-1.4305e+02 -1.4286e+02 -1.4177e+02 -1.6832e+02
-1.4303e+02 -1.4266e+02 -1.3969e+02 -1.5393e+02
-1.4298e+02 -1.4217e+02 -1.3504e+02 -1.2922e+02
-1.4295e+02 -1.4194e+02 -1.3300e+02 -1.2922e+02
# New trial
-1.4305e+02 -1.4285e+02 -1.4201e+02 -1.8777e+02
-1.4303e+02 -1.4271e+02 -1.4020e+02 -1.5625e+02
-1.4299e+02 -1.4224e+02 -1.3549e+02 -1.2939e+02
-1.4291e+02 -1.4152e+02 -1.3062e+02 -1.2922e+02
# New trial
