# 10.0sig - Array shape (trial/sig/alpha): (30L, 4L, 4L)
-7.3767e+01 -7.3174e+01 -7.7275e+01 -3.7874e+02
-7.3787e+01 -7.3332e+01 -7.3481e+01 -2.3090e+02
-7.3778e+01 -7.3217e+01 -6.8919e+01 -1.0149e+02
-7.3739e+01 -7.2812e+01 -6.3915e+01 -5.8481e+01
# New trial
-7.3756e+01 -7.4178e+01 -1.3831e+02 -1.1178e+03
-7.3710e+01 -7.3334e+01 -1.0431e+02 -6.3807e+02
-7.3720e+01 -7.2787e+01 -7.1407e+01 -2.2758e+02
-7.3654e+01 -7.1979e+01 -5.7166e+01 -1.2604e+02
# New trial
-7.3795e+01 -7.3613e+01 -9.7675e+01 -6.2670e+02
-7.3803e+01 -7.3594e+01 -8.6758e+01 -4.5664e+02
-7.3728e+01 -7.2740e+01 -6.8348e+01 -2.6239e+02
-7.3624e+01 -7.1676e+01 -5.6393e+01 -1.7755e+02
# New trial
-7.3735e+01 -7.2885e+01 -7.6094e+01 -3.7324e+02
-7.3756e+01 -7.3069e+01 -7.4927e+01 -3.0372e+02
-7.3697e+01 -7.2425e+01 -6.3085e+01 -1.5898e+02
-7.3605e+01 -7.1489e+01 -5.3109e+01 -8.2680e+01
# New trial
-7.3784e+01 -7.4192e+01 -1.3432e+02 -1.0265e+03
-7.3765e+01 -7.3348e+01 -8.6616e+01 -4.3003e+02
-7.3781e+01 -7.3283e+01 -7.2340e+01 -2.4458e+02
-7.3740e+01 -7.2821e+01 -6.3983e+01 -8.7478e+01
# New trial
-7.3753e+01 -7.3273e+01 -9.5538e+01 -6.0966e+02
-7.3758e+01 -7.3150e+01 -7.9621e+01 -3.8000e+02
-7.3695e+01 -7.2404e+01 -6.3683e+01 -1.9973e+02
-7.3585e+01 -7.1280e+01 -5.1429e+01 -6.2412e+01
# New trial
-7.3726e+01 -7.2842e+01 -7.7966e+01 -4.6862e+02
-7.3779e+01 -7.3276e+01 -7.4837e+01 -3.4420e+02
-7.3775e+01 -7.3183e+01 -6.8614e+01 -1.7287e+02
-7.3749e+01 -7.2919e+01 -6.4885e+01 -6.5013e+01
# New trial
-7.3641e+01 -7.2743e+01 -1.0553e+02 -7.4516e+02
-7.3702e+01 -7.2780e+01 -8.4156e+01 -4.6132e+02
-7.3732e+01 -7.2836e+01 -7.0030e+01 -2.3045e+02
-7.3695e+01 -7.2396e+01 -6.1149e+01 -1.3610e+02
# New trial
-7.3895e+01 -7.5374e+01 -1.5906e+02 -1.3080e+03
-7.3914e+01 -7.5099e+01 -1.2100e+02 -7.8899e+02
-7.3777e+01 -7.3291e+01 -7.7232e+01 -3.8397e+02
-7.3633e+01 -7.1766e+01 -5.6537e+01 -1.3547e+02
# New trial
-7.3784e+01 -7.3295e+01 -7.2837e+01 -2.7481e+02
-7.3776e+01 -7.3204e+01 -6.9483e+01 -1.5696e+02
-7.3759e+01 -7.3018e+01 -6.6375e+01 -1.3508e+02
-7.3764e+01 -7.3063e+01 -6.6221e+01 -5.4278e+01
# New trial
-7.3834e+01 -7.4473e+01 -1.2672e+02 -1.0026e+03
-7.3772e+01 -7.3415e+01 -9.6553e+01 -7.1177e+02
-7.3640e+01 -7.1908e+01 -6.8688e+01 -3.9020e+02
-7.3554e+01 -7.0986e+01 -5.0850e+01 -8.2244e+01
# New trial
-7.3890e+01 -7.4950e+01 -1.3406e+02 -9.7691e+02
-7.3789e+01 -7.3479e+01 -8.2453e+01 -3.0993e+02
-7.3758e+01 -7.3047e+01 -6.8757e+01 -1.3975e+02
-7.3719e+01 -7.2619e+01 -6.2294e+01 -7.3933e+01
# New trial
-7.3810e+01 -7.4035e+01 -1.1678e+02 -8.5776e+02
-7.3816e+01 -7.3888e+01 -9.3474e+01 -4.6946e+02
-7.3752e+01 -7.3023e+01 -7.1850e+01 -2.5817e+02
-7.3676e+01 -7.2196e+01 -5.9504e+01 -1.1510e+02
# New trial
-7.3779e+01 -7.3537e+01 -9.6753e+01 -5.9393e+02
-7.3813e+01 -7.3751e+01 -8.8915e+01 -4.4891e+02
-7.3725e+01 -7.2714e+01 -6.6682e+01 -2.6520e+02
-7.3655e+01 -7.1988e+01 -5.7063e+01 -1.1329e+02
# New trial
-7.3758e+01 -7.3444e+01 -1.0784e+02 -7.5741e+02
-7.3776e+01 -7.3461e+01 -9.2852e+01 -5.1445e+02
-7.3727e+01 -7.2750e+01 -6.8572e+01 -2.2342e+02
-7.3644e+01 -7.1873e+01 -5.5880e+01 -7.4992e+01
# New trial
-7.4027e+01 -7.6800e+01 -1.6280e+02 -1.2391e+03
-7.3927e+01 -7.5195e+01 -1.1205e+02 -6.6488e+02
-7.3745e+01 -7.2995e+01 -7.6607e+01 -3.6235e+02
-7.3580e+01 -7.1236e+01 -5.2492e+01 -1.5569e+02
# New trial
-7.3763e+01 -7.4219e+01 -1.5165e+02 -1.2344e+03
-7.3741e+01 -7.3225e+01 -9.3196e+01 -5.0959e+02
-7.3677e+01 -7.2271e+01 -6.7145e+01 -3.2007e+02
-7.3627e+01 -7.1702e+01 -5.4791e+01 -1.1889e+02
# New trial
-7.3882e+01 -7.4644e+01 -1.1469e+02 -8.3787e+02
-7.3813e+01 -7.3738e+01 -8.8576e+01 -5.0159e+02
-7.3706e+01 -7.2561e+01 -6.7392e+01 -2.6013e+02
-7.3676e+01 -7.2198e+01 -5.9136e+01 -6.5133e+01
# New trial
-7.3846e+01 -7.3951e+01 -8.3312e+01 -4.0359e+02
-7.3827e+01 -7.3723e+01 -7.6093e+01 -2.3738e+02
-7.3785e+01 -7.3289e+01 -6.9452e+01 -1.3205e+02
-7.3740e+01 -7.2827e+01 -6.4035e+01 -5.2875e+01
# New trial
-7.3962e+01 -7.5747e+01 -1.4871e+02 -1.1429e+03
-7.3935e+01 -7.5048e+01 -1.0628e+02 -6.7600e+02
-7.3739e+01 -7.2882e+01 -6.9686e+01 -2.0341e+02
-7.3575e+01 -7.1180e+01 -5.0998e+01 -6.3943e+01
# New trial
-7.3850e+01 -7.4543e+01 -1.2430e+02 -1.0149e+03
-7.3826e+01 -7.3890e+01 -8.7307e+01 -4.1150e+02
-7.3733e+01 -7.2804e+01 -6.8570e+01 -2.5004e+02
-7.3642e+01 -7.1853e+01 -5.5774e+01 -1.1689e+02
# New trial
-7.3773e+01 -7.3262e+01 -8.0166e+01 -4.1742e+02
-7.3785e+01 -7.3375e+01 -8.0598e+01 -4.2777e+02
-7.3738e+01 -7.2852e+01 -6.9653e+01 -3.3357e+02
-7.3645e+01 -7.1887e+01 -5.8091e+01 -1.6185e+02
# New trial
-7.3842e+01 -7.4125e+01 -9.7879e+01 -5.3919e+02
-7.3802e+01 -7.3660e+01 -8.6862e+01 -3.8473e+02
-7.3744e+01 -7.2953e+01 -7.1992e+01 -2.5145e+02
-7.3690e+01 -7.2344e+01 -6.1374e+01 -1.7045e+02
# New trial
-7.3783e+01 -7.3579e+01 -9.5603e+01 -5.5628e+02
-7.3781e+01 -7.3521e+01 -9.1214e+01 -4.6906e+02
-7.3730e+01 -7.2801e+01 -6.8370e+01 -1.5890e+02
-7.3599e+01 -7.1424e+01 -5.2430e+01 -4.6964e+01
# New trial
-7.3832e+01 -7.4234e+01 -1.1495e+02 -7.9354e+02
-7.3809e+01 -7.3853e+01 -9.7391e+01 -5.6751e+02
-7.3713e+01 -7.2638e+01 -6.7481e+01 -1.8504e+02
-7.3611e+01 -7.1547e+01 -5.3725e+01 -6.4944e+01
# New trial
-7.4004e+01 -7.7288e+01 -1.8492e+02 -1.4911e+03
-7.3920e+01 -7.5376e+01 -1.2882e+02 -9.4775e+02
-7.3677e+01 -7.2329e+01 -7.2908e+01 -4.2447e+02
-7.3477e+01 -7.0216e+01 -4.9111e+01 -2.0148e+02
# New trial
-7.4047e+01 -7.7717e+01 -1.9155e+02 -1.5282e+03
-7.3942e+01 -7.5508e+01 -1.2682e+02 -8.8077e+02
-7.3677e+01 -7.2335e+01 -7.0846e+01 -3.4516e+02
-7.3564e+01 -7.1095e+01 -5.2432e+01 -9.5057e+01
# New trial
-7.3774e+01 -7.3487e+01 -9.3912e+01 -5.4466e+02
-7.3772e+01 -7.3292e+01 -8.0031e+01 -3.6037e+02
-7.3715e+01 -7.2601e+01 -6.4101e+01 -1.2579e+02
-7.3669e+01 -7.2121e+01 -5.7747e+01 -6.8560e+01
# New trial
-7.3758e+01 -7.3464e+01 -1.1966e+02 -1.0115e+03
-7.3755e+01 -7.3236e+01 -8.8516e+01 -5.3889e+02
-7.3695e+01 -7.2489e+01 -6.6462e+01 -1.4764e+02
-7.3620e+01 -7.1655e+01 -5.5021e+01 -7.5693e+01
# New trial
-7.3689e+01 -7.2780e+01 -9.6607e+01 -6.0389e+02
-7.3698e+01 -7.2633e+01 -7.7438e+01 -3.7848e+02
-7.3659e+01 -7.2084e+01 -6.1261e+01 -2.0079e+02
-7.3582e+01 -7.1264e+01 -5.1620e+01 -9.5424e+01
# New trial
