# 10.0sig - Array shape (trial/sig/alpha): (30, 4, 4)
-1.3844e+02 -1.3832e+02 -1.3795e+02 -1.9344e+02
-1.3844e+02 -1.3836e+02 -1.3815e+02 -1.9686e+02
-1.3844e+02 -1.3830e+02 -1.3713e+02 -1.5519e+02
-1.3842e+02 -1.3810e+02 -1.3500e+02 -1.2530e+02
# New trial
-1.3845e+02 -1.3849e+02 -1.4923e+02 -3.5632e+02
-1.3842e+02 -1.3820e+02 -1.4149e+02 -2.4046e+02
-1.3837e+02 -1.3762e+02 -1.3199e+02 -1.4120e+02
-1.3831e+02 -1.3706e+02 -1.2574e+02 -1.1999e+02
# New trial
-1.3845e+02 -1.3844e+02 -1.4054e+02 -2.3161e+02
-1.3844e+02 -1.3828e+02 -1.3761e+02 -1.8919e+02
-1.3839e+02 -1.3785e+02 -1.3261e+02 -1.2154e+02
-1.3834e+02 -1.3735e+02 -1.2803e+02 -1.1999e+02
# New trial
-1.3845e+02 -1.3839e+02 -1.3823e+02 -1.7684e+02
-1.3844e+02 -1.3831e+02 -1.3767e+02 -1.7628e+02
-1.3840e+02 -1.3794e+02 -1.3358e+02 -1.2541e+02
-1.3834e+02 -1.3736e+02 -1.2808e+02 -1.1999e+02
# New trial
-1.3845e+02 -1.3843e+02 -1.4226e+02 -2.8859e+02
-1.3843e+02 -1.3823e+02 -1.3743e+02 -1.9361e+02
-1.3840e+02 -1.3792e+02 -1.3356e+02 -1.3292e+02
-1.3837e+02 -1.3759e+02 -1.3002e+02 -1.1999e+02
# New trial
-1.3844e+02 -1.3829e+02 -1.3754e+02 -1.6003e+02
-1.3842e+02 -1.3813e+02 -1.3575e+02 -1.4821e+02
-1.3838e+02 -1.3771e+02 -1.3140e+02 -1.2292e+02
-1.3832e+02 -1.3716e+02 -1.2651e+02 -1.2004e+02
# New trial
-1.3845e+02 -1.3840e+02 -1.3833e+02 -1.9676e+02
-1.3844e+02 -1.3836e+02 -1.3785e+02 -1.8780e+02
-1.3842e+02 -1.3817e+02 -1.3589e+02 -1.6876e+02
-1.3839e+02 -1.3784e+02 -1.3250e+02 -1.2470e+02
# New trial
-1.3843e+02 -1.3826e+02 -1.3924e+02 -2.1971e+02
-1.3842e+02 -1.3817e+02 -1.3822e+02 -2.0485e+02
-1.3839e+02 -1.3785e+02 -1.3347e+02 -1.3905e+02
-1.3835e+02 -1.3746e+02 -1.2901e+02 -1.1999e+02
# New trial
-1.3847e+02 -1.3870e+02 -1.5194e+02 -3.8012e+02
-1.3845e+02 -1.3843e+02 -1.4189e+02 -2.4783e+02
-1.3839e+02 -1.3786e+02 -1.3335e+02 -1.5264e+02
-1.3832e+02 -1.3715e+02 -1.2678e+02 -1.2478e+02
# New trial
-1.3844e+02 -1.3832e+02 -1.3754e+02 -1.6549e+02
-1.3843e+02 -1.3823e+02 -1.3637e+02 -1.3180e+02
-1.3841e+02 -1.3806e+02 -1.3461e+02 -1.2582e+02
-1.3840e+02 -1.3787e+02 -1.3276e+02 -1.2469e+02
# New trial
-1.3845e+02 -1.3850e+02 -1.4389e+02 -2.8240e+02
-1.3842e+02 -1.3809e+02 -1.3726e+02 -2.5046e+02
-1.3836e+02 -1.3756e+02 -1.3145e+02 -1.8104e+02
-1.3831e+02 -1.3699e+02 -1.2540e+02 -1.2001e+02
# New trial
-1.3849e+02 -1.3888e+02 -1.5002e+02 -3.3982e+02
-1.3846e+02 -1.3853e+02 -1.4019e+02 -1.9880e+02
-1.3844e+02 -1.3828e+02 -1.3701e+02 -1.5394e+02
-1.3841e+02 -1.3797e+02 -1.3386e+02 -1.4194e+02
# New trial
-1.3844e+02 -1.3837e+02 -1.4121e+02 -2.4332e+02
-1.3843e+02 -1.3823e+02 -1.3819e+02 -1.9443e+02
-1.3839e+02 -1.3786e+02 -1.3359e+02 -1.5658e+02
-1.3833e+02 -1.3726e+02 -1.2754e+02 -1.2028e+02
# New trial
-1.3847e+02 -1.3860e+02 -1.4163e+02 -2.3093e+02
-1.3845e+02 -1.3846e+02 -1.3928e+02 -1.8350e+02
-1.3841e+02 -1.3806e+02 -1.3463e+02 -1.2242e+02
-1.3838e+02 -1.3768e+02 -1.3090e+02 -1.1999e+02
# New trial
-1.3844e+02 -1.3838e+02 -1.4166e+02 -2.4433e+02
-1.3843e+02 -1.3821e+02 -1.3828e+02 -1.9395e+02
-1.3838e+02 -1.3774e+02 -1.3200e+02 -1.3088e+02
-1.3834e+02 -1.3733e+02 -1.2781e+02 -1.1999e+02
# New trial
-1.3847e+02 -1.3873e+02 -1.5165e+02 -3.6246e+02
-1.3844e+02 -1.3835e+02 -1.4109e+02 -2.3474e+02
-1.3837e+02 -1.3764e+02 -1.3200e+02 -1.4999e+02
-1.3829e+02 -1.3678e+02 -1.2366e+02 -1.1999e+02
# New trial
-1.3844e+02 -1.3840e+02 -1.4773e+02 -3.2831e+02
-1.3842e+02 -1.3810e+02 -1.3769e+02 -2.0671e+02
-1.3837e+02 -1.3761e+02 -1.3142e+02 -1.2786e+02
-1.3832e+02 -1.3714e+02 -1.2624e+02 -1.1999e+02
# New trial
-1.3845e+02 -1.3845e+02 -1.4019e+02 -2.3576e+02
-1.3843e+02 -1.3826e+02 -1.3740e+02 -2.0225e+02
-1.3839e+02 -1.3784e+02 -1.3335e+02 -1.5887e+02
-1.3834e+02 -1.3727e+02 -1.2775e+02 -1.2880e+02
# New trial
-1.3845e+02 -1.3841e+02 -1.3876e+02 -1.9033e+02
-1.3844e+02 -1.3831e+02 -1.3713e+02 -1.4409e+02
-1.3842e+02 -1.3813e+02 -1.3525e+02 -1.2238e+02
-1.3839e+02 -1.3785e+02 -1.3248e+02 -1.1999e+02
# New trial
-1.3847e+02 -1.3863e+02 -1.4709e+02 -3.1682e+02
-1.3845e+02 -1.3840e+02 -1.3968e+02 -2.2781e+02
-1.3841e+02 -1.3801e+02 -1.3448e+02 -1.6404e+02
-1.3837e+02 -1.3762e+02 -1.3056e+02 -1.2793e+02
# New trial
-1.3845e+02 -1.3846e+02 -1.4015e+02 -2.3210e+02
-1.3844e+02 -1.3829e+02 -1.3703e+02 -1.5927e+02
-1.3840e+02 -1.3796e+02 -1.3365e+02 -1.2170e+02
-1.3835e+02 -1.3747e+02 -1.2894e+02 -1.1999e+02
# New trial
-1.3845e+02 -1.3844e+02 -1.3884e+02 -1.9379e+02
-1.3845e+02 -1.3842e+02 -1.3864e+02 -1.9071e+02
-1.3843e+02 -1.3818e+02 -1.3597e+02 -1.4719e+02
-1.3839e+02 -1.3783e+02 -1.3264e+02 -1.2088e+02
# New trial
-1.3844e+02 -1.3829e+02 -1.3787e+02 -1.7761e+02
-1.3842e+02 -1.3816e+02 -1.3642e+02 -1.6585e+02
-1.3839e+02 -1.3779e+02 -1.3220e+02 -1.2314e+02
-1.3834e+02 -1.3728e+02 -1.2725e+02 -1.1999e+02
# New trial
-1.3845e+02 -1.3844e+02 -1.4180e+02 -2.3269e+02
-1.3843e+02 -1.3824e+02 -1.4001e+02 -2.2644e+02
-1.3838e+02 -1.3771e+02 -1.3232e+02 -1.3721e+02
-1.3831e+02 -1.3703e+02 -1.2540e+02 -1.1999e+02
# New trial
-1.3846e+02 -1.3857e+02 -1.4461e+02 -2.8276e+02
-1.3844e+02 -1.3834e+02 -1.4017e+02 -2.2317e+02
-1.3839e+02 -1.3787e+02 -1.3388e+02 -1.7688e+02
-1.3834e+02 -1.3732e+02 -1.2802e+02 -1.2159e+02
# New trial
-1.3848e+02 -1.3879e+02 -1.5215e+02 -3.7176e+02
-1.3843e+02 -1.3829e+02 -1.4184e+02 -2.7674e+02
-1.3835e+02 -1.3742e+02 -1.2890e+02 -1.2000e+02
-1.3824e+02 -1.3636e+02 -1.2162e+02 -1.1999e+02
# New trial
-1.3850e+02 -1.3899e+02 -1.5356e+02 -3.6428e+02
-1.3846e+02 -1.3851e+02 -1.4134e+02 -2.2386e+02
-1.3841e+02 -1.3799e+02 -1.3440e+02 -1.5420e+02
-1.3834e+02 -1.3734e+02 -1.2863e+02 -1.2000e+02
# New trial
-1.3844e+02 -1.3837e+02 -1.3785e+02 -1.6991e+02
-1.3844e+02 -1.3832e+02 -1.3752e+02 -1.7531e+02
-1.3842e+02 -1.3811e+02 -1.3527e+02 -1.5232e+02
-1.3839e+02 -1.3778e+02 -1.3199e+02 -1.3116e+02
# New trial
-1.3844e+02 -1.3838e+02 -1.4443e+02 -3.0146e+02
-1.3843e+02 -1.3821e+02 -1.3890e+02 -2.0871e+02
-1.3837e+02 -1.3767e+02 -1.3166e+02 -1.3461e+02
-1.3830e+02 -1.3696e+02 -1.2490e+02 -1.1999e+02
# New trial
-1.3844e+02 -1.3835e+02 -1.3915e+02 -2.2043e+02
-1.3843e+02 -1.3823e+02 -1.3714e+02 -1.8313e+02
-1.3840e+02 -1.3788e+02 -1.3331e+02 -1.5360e+02
-1.3834e+02 -1.3733e+02 -1.2804e+02 -1.2559e+02
# New trial
