# 1.0sig - Array shape (trial/sig/alpha): (30, 4, 4)
-1.7508e+02 -1.7262e+02 -1.6888e+02 -5.5647e+02
-1.7492e+02 -1.7092e+02 -1.4306e+02 -1.8753e+02
-1.7447e+02 -1.6641e+02 -9.6401e+01 -6.0107e+01
-1.7405e+02 -1.6213e+02 -7.3957e+01 -5.9997e+01
# New trial
-1.7511e+02 -1.7285e+02 -1.5936e+02 -3.1940e+02
-1.7500e+02 -1.7173e+02 -1.4794e+02 -1.7541e+02
-1.7463e+02 -1.6803e+02 -1.1255e+02 -6.1755e+01
-1.7437e+02 -1.6543e+02 -9.2170e+01 -8.1854e+01
# New trial
-1.7512e+02 -1.7288e+02 -1.6095e+02 -4.4764e+02
-1.7500e+02 -1.7166e+02 -1.4474e+02 -1.2906e+02
-1.7467e+02 -1.6837e+02 -1.1245e+02 -6.7198e+01
-1.7440e+02 -1.6568e+02 -9.2578e+01 -6.4511e+01
# New trial
-1.7515e+02 -1.7334e+02 -1.8308e+02 -8.4952e+02
-1.7503e+02 -1.7202e+02 -1.5588e+02 -3.1631e+02
-1.7471e+02 -1.6882e+02 -1.1550e+02 -5.9999e+01
-1.7455e+02 -1.6714e+02 -1.0049e+02 -5.9997e+01
# New trial
-1.7495e+02 -1.7142e+02 -1.7711e+02 -7.5906e+02
-1.7479e+02 -1.6963e+02 -1.3445e+02 -2.0269e+02
-1.7445e+02 -1.6623e+02 -9.6989e+01 -5.9998e+01
-1.7431e+02 -1.6482e+02 -9.8632e+01 -2.8242e+02
# New trial
-1.7513e+02 -1.7305e+02 -1.6776e+02 -6.6476e+02
-1.7502e+02 -1.7185e+02 -1.4743e+02 -2.3252e+02
-1.7472e+02 -1.6888e+02 -1.1710e+02 -6.6732e+01
-1.7447e+02 -1.6640e+02 -9.7172e+01 -7.1320e+01
# New trial
-1.7526e+02 -1.7434e+02 -1.7285e+02 -5.0661e+02
-1.7518e+02 -1.7344e+02 -1.5793e+02 -2.0298e+02
-1.7504e+02 -1.7205e+02 -1.4374e+02 -9.5269e+01
-1.7500e+02 -1.7166e+02 -1.4105e+02 -2.0646e+02
# New trial
-1.7509e+02 -1.7277e+02 -1.8590e+02 -8.1732e+02
-1.7490e+02 -1.7072e+02 -1.4547e+02 -3.5801e+02
-1.7452e+02 -1.6685e+02 -9.9723e+01 -6.0044e+01
-1.7435e+02 -1.6514e+02 -9.2289e+01 -1.3395e+02
# New trial
-1.7490e+02 -1.7110e+02 -1.6645e+02 -6.6981e+02
-1.7458e+02 -1.6773e+02 -1.3191e+02 -3.0916e+02
-1.7387e+02 -1.6055e+02 -8.4189e+01 -6.7557e+01
-1.7365e+02 -1.5833e+02 -1.0865e+02 -4.6815e+02
# New trial
-1.7506e+02 -1.7235e+02 -1.6028e+02 -4.7268e+02
-1.7489e+02 -1.7066e+02 -1.4448e+02 -3.7206e+02
-1.7447e+02 -1.6640e+02 -9.8253e+01 -6.0105e+01
-1.7417e+02 -1.6336e+02 -8.1210e+01 -5.9997e+01
# New trial
-1.7497e+02 -1.7153e+02 -1.6469e+02 -6.7621e+02
-1.7478e+02 -1.6966e+02 -1.4195e+02 -3.9588e+02
-1.7432e+02 -1.6486e+02 -8.7831e+01 -7.1781e+01
-1.7411e+02 -1.6281e+02 -8.1770e+01 -6.5938e+01
# New trial
-1.7508e+02 -1.7266e+02 -1.7848e+02 -7.2884e+02
-1.7488e+02 -1.7048e+02 -1.3870e+02 -2.7950e+02
-1.7445e+02 -1.6619e+02 -9.5195e+01 -6.0005e+01
-1.7400e+02 -1.6170e+02 -7.3667e+01 -5.9997e+01
# New trial
-1.7517e+02 -1.7353e+02 -1.9010e+02 -8.8539e+02
-1.7496e+02 -1.7132e+02 -1.4806e+02 -2.5613e+02
-1.7466e+02 -1.6834e+02 -1.1650e+02 -6.6101e+01
-1.7461e+02 -1.6776e+02 -1.1148e+02 -1.8721e+02
# New trial
-1.7510e+02 -1.7335e+02 -2.4165e+02 -1.4737e+03
-1.7483e+02 -1.7027e+02 -1.6205e+02 -5.8386e+02
-1.7428e+02 -1.6457e+02 -8.7476e+01 -6.0169e+01
-1.7403e+02 -1.6198e+02 -8.5988e+01 -1.9700e+02
# New trial
-1.7515e+02 -1.7332e+02 -1.7975e+02 -8.0227e+02
-1.7502e+02 -1.7194e+02 -1.5163e+02 -2.8255e+02
-1.7470e+02 -1.6863e+02 -1.1300e+02 -5.9997e+01
-1.7450e+02 -1.6667e+02 -9.7351e+01 -5.9997e+01
# New trial
-1.7496e+02 -1.7193e+02 -2.1714e+02 -1.3330e+03
-1.7471e+02 -1.6943e+02 -1.6123e+02 -5.4542e+02
-1.7408e+02 -1.6280e+02 -8.5536e+01 -6.0061e+01
-1.7399e+02 -1.6171e+02 -7.9875e+01 -6.6630e+01
# New trial
-1.7500e+02 -1.7183e+02 -1.5714e+02 -3.9295e+02
-1.7478e+02 -1.6961e+02 -1.3418e+02 -2.4164e+02
-1.7420e+02 -1.6371e+02 -8.4324e+01 -5.9999e+01
-1.7394e+02 -1.6113e+02 -7.6335e+01 -9.3882e+01
# New trial
-1.7508e+02 -1.7258e+02 -1.6320e+02 -3.7949e+02
-1.7492e+02 -1.7096e+02 -1.4733e+02 -2.3026e+02
-1.7450e+02 -1.6672e+02 -1.0072e+02 -6.0894e+01
-1.7440e+02 -1.6564e+02 -9.2887e+01 -6.0003e+01
# New trial
-1.7510e+02 -1.7288e+02 -1.9117e+02 -9.4347e+02
-1.7495e+02 -1.7133e+02 -1.6108e+02 -4.9163e+02
-1.7452e+02 -1.6691e+02 -1.0512e+02 -6.1633e+01
-1.7420e+02 -1.6373e+02 -8.5805e+01 -7.3090e+01
# New trial
-1.7518e+02 -1.7355e+02 -1.8129e+02 -7.7013e+02
-1.7507e+02 -1.7241e+02 -1.5355e+02 -2.8840e+02
-1.7482e+02 -1.6983e+02 -1.2317e+02 -7.3745e+01
-1.7458e+02 -1.6746e+02 -1.0375e+02 -7.1088e+01
# New trial
-1.7502e+02 -1.7215e+02 -1.8452e+02 -8.1229e+02
-1.7479e+02 -1.6976e+02 -1.3693e+02 -1.9668e+02
-1.7454e+02 -1.6721e+02 -1.0843e+02 -6.1720e+01
-1.7471e+02 -1.6881e+02 -1.1684e+02 -1.2711e+02
# New trial
-1.7511e+02 -1.7280e+02 -1.6861e+02 -7.4636e+02
-1.7501e+02 -1.7173e+02 -1.4263e+02 -8.9971e+01
-1.7475e+02 -1.6917e+02 -1.1792e+02 -6.2997e+01
-1.7451e+02 -1.6675e+02 -9.7504e+01 -6.0020e+01
# New trial
-1.7506e+02 -1.7256e+02 -1.8591e+02 -7.6100e+02
-1.7476e+02 -1.6946e+02 -1.3724e+02 -3.3302e+02
-1.7435e+02 -1.6526e+02 -9.2900e+01 -6.0840e+01
-1.7439e+02 -1.6557e+02 -9.3228e+01 -6.0042e+01
# New trial
-1.7502e+02 -1.7219e+02 -1.7353e+02 -4.9074e+02
-1.7476e+02 -1.6942e+02 -1.3882e+02 -3.1470e+02
-1.7418e+02 -1.6358e+02 -8.6213e+01 -6.1108e+01
-1.7378e+02 -1.5960e+02 -7.5388e+01 -6.2037e+01
# New trial
-1.7521e+02 -1.7448e+02 -2.3860e+02 -1.4170e+03
-1.7490e+02 -1.7095e+02 -1.5901e+02 -4.1604e+02
-1.7425e+02 -1.6426e+02 -8.7712e+01 -6.0514e+01
-1.7398e+02 -1.6148e+02 -7.4543e+01 -5.9997e+01
# New trial
-1.7516e+02 -1.7323e+02 -1.5702e+02 -1.7724e+02
-1.7499e+02 -1.7156e+02 -1.4015e+02 -7.4817e+01
-1.7462e+02 -1.6790e+02 -1.0662e+02 -6.0007e+01
-1.7448e+02 -1.6643e+02 -9.5662e+01 -7.2001e+01
# New trial
-1.7505e+02 -1.7237e+02 -1.7673e+02 -7.9090e+02
-1.7494e+02 -1.7111e+02 -1.4580e+02 -2.5114e+02
-1.7463e+02 -1.6800e+02 -1.1186e+02 -6.4247e+01
-1.7447e+02 -1.6637e+02 -1.0060e+02 -1.2535e+02
# New trial
-1.7517e+02 -1.7394e+02 -2.0198e+02 -9.3537e+02
-1.7491e+02 -1.7103e+02 -1.5863e+02 -4.7946e+02
-1.7432e+02 -1.6493e+02 -9.8206e+01 -1.0200e+02
-1.7397e+02 -1.6151e+02 -1.0470e+02 -3.7704e+02
# New trial
-1.7510e+02 -1.7279e+02 -1.6350e+02 -4.0154e+02
-1.7491e+02 -1.7075e+02 -1.3665e+02 -1.4495e+02
-1.7451e+02 -1.6678e+02 -1.0052e+02 -6.0041e+01
-1.7441e+02 -1.6577e+02 -9.2331e+01 -6.0019e+01
# New trial
-1.7503e+02 -1.7208e+02 -1.6018e+02 -5.3780e+02
-1.7493e+02 -1.7101e+02 -1.4337e+02 -2.7749e+02
-1.7462e+02 -1.6793e+02 -1.1014e+02 -6.9772e+01
-1.7435e+02 -1.6521e+02 -9.9596e+01 -2.5328e+02
# New trial
