# 1.0sig - Array shape (trial/sig/alpha): (30L, 4L, 4L)
-8.2934e+01 -8.1863e+01 -9.0064e+01 -3.3230e+02
-8.2871e+01 -8.1165e+01 -7.5163e+01 -1.3919e+02
-8.2701e+01 -7.9399e+01 -5.3953e+01 -4.6158e+01
-8.2603e+01 -7.8401e+01 -5.0822e+01 -4.6151e+01
# New trial
-8.2950e+01 -8.1939e+01 -8.0870e+01 -2.0580e+02
-8.2900e+01 -8.1451e+01 -7.3523e+01 -9.8793e+01
-8.2792e+01 -8.0355e+01 -6.1198e+01 -4.6882e+01
-8.2802e+01 -8.0381e+01 -6.0267e+01 -4.6181e+01
# New trial
-8.2938e+01 -8.1798e+01 -7.7934e+01 -1.8003e+02
-8.2888e+01 -8.1283e+01 -7.0112e+01 -6.1439e+01
-8.2787e+01 -8.0260e+01 -5.9053e+01 -4.6265e+01
-8.2773e+01 -8.0092e+01 -5.8616e+01 -5.1775e+01
# New trial
-8.2958e+01 -8.2044e+01 -8.6903e+01 -3.3734e+02
-8.2916e+01 -8.1613e+01 -7.7569e+01 -1.5886e+02
-8.2824e+01 -8.0635e+01 -6.3198e+01 -4.6307e+01
-8.2814e+01 -8.0505e+01 -6.0788e+01 -5.0680e+01
# New trial
-8.2914e+01 -8.1778e+01 -9.6965e+01 -4.0577e+02
-8.2835e+01 -8.0844e+01 -7.4764e+01 -1.7661e+02
-8.2725e+01 -7.9654e+01 -5.5766e+01 -4.6324e+01
-8.2761e+01 -7.9976e+01 -5.7876e+01 -4.6160e+01
# New trial
-8.2969e+01 -8.2133e+01 -8.6141e+01 -3.0917e+02
-8.2926e+01 -8.1670e+01 -7.5013e+01 -1.4529e+02
-8.2815e+01 -8.0525e+01 -6.0909e+01 -4.6155e+01
-8.2779e+01 -8.0153e+01 -5.8135e+01 -4.6152e+01
# New trial
-8.2997e+01 -8.2384e+01 -8.4280e+01 -2.7179e+02
-8.2966e+01 -8.2038e+01 -7.5866e+01 -1.2608e+02
-8.2934e+01 -8.1701e+01 -7.0323e+01 -4.8513e+01
-8.2972e+01 -8.2073e+01 -7.3410e+01 -6.2114e+01
# New trial
-8.2956e+01 -8.2108e+01 -9.6435e+01 -4.2997e+02
-8.2878e+01 -8.1246e+01 -7.7560e+01 -2.3316e+02
-8.2748e+01 -7.9876e+01 -5.7745e+01 -4.6232e+01
-8.2806e+01 -8.0415e+01 -6.0627e+01 -5.2704e+01
# New trial
-8.2793e+01 -8.0726e+01 -8.5619e+01 -2.9826e+02
-8.2649e+01 -7.9140e+01 -6.8171e+01 -1.4169e+02
-8.2442e+01 -7.6938e+01 -5.0571e+01 -4.6404e+01
-8.2630e+01 -7.8751e+01 -6.3158e+01 -1.6405e+02
# New trial
-8.2909e+01 -8.1566e+01 -8.0830e+01 -2.4182e+02
-8.2838e+01 -8.0839e+01 -7.2770e+01 -1.4368e+02
-8.2701e+01 -7.9407e+01 -5.5122e+01 -4.6153e+01
-8.2668e+01 -7.9046e+01 -5.4486e+01 -4.6156e+01
# New trial
-8.2885e+01 -8.1422e+01 -8.5818e+01 -3.1361e+02
-8.2811e+01 -8.0663e+01 -7.8971e+01 -2.6008e+02
-8.2656e+01 -7.8963e+01 -5.1816e+01 -4.6151e+01
-8.2665e+01 -7.9016e+01 -5.4023e+01 -4.6152e+01
# New trial
-8.2953e+01 -8.2149e+01 -9.9713e+01 -4.4509e+02
-8.2871e+01 -8.1174e+01 -7.5262e+01 -1.6246e+02
-8.2706e+01 -7.9447e+01 -5.4856e+01 -4.7099e+01
-8.2620e+01 -7.8577e+01 -5.2083e+01 -4.6799e+01
# New trial
-8.2958e+01 -8.2103e+01 -9.5042e+01 -4.1330e+02
-8.2879e+01 -8.1251e+01 -7.5350e+01 -1.6520e+02
-8.2795e+01 -8.0347e+01 -6.0191e+01 -4.6152e+01
-8.2830e+01 -8.0664e+01 -6.1843e+01 -4.8394e+01
# New trial
-8.2925e+01 -8.2035e+01 -1.2045e+02 -6.7676e+02
-8.2819e+01 -8.0759e+01 -8.2395e+01 -2.7910e+02
-8.2652e+01 -7.8945e+01 -5.5065e+01 -4.6392e+01
-8.2698e+01 -7.9376e+01 -6.0167e+01 -1.1644e+02
# New trial
-8.2949e+01 -8.1967e+01 -8.4538e+01 -2.6809e+02
-8.2911e+01 -8.1554e+01 -7.6509e+01 -1.5682e+02
-8.2820e+01 -8.0592e+01 -6.2122e+01 -4.6936e+01
-8.2816e+01 -8.0531e+01 -6.1503e+01 -5.6333e+01
# New trial
-8.2844e+01 -8.1521e+01 -1.1396e+02 -6.0188e+02
-8.2759e+01 -8.0458e+01 -8.2625e+01 -2.4366e+02
-8.2607e+01 -7.8568e+01 -5.2061e+01 -4.6151e+01
-8.2767e+01 -8.0050e+01 -6.0183e+01 -6.9834e+01
# New trial
-8.2876e+01 -8.1269e+01 -7.8874e+01 -1.9692e+02
-8.2775e+01 -8.0257e+01 -6.8265e+01 -1.2994e+02
-8.2591e+01 -7.8364e+01 -5.1743e+01 -4.6188e+01
-8.2753e+01 -7.9913e+01 -6.2294e+01 -1.3591e+02
# New trial
-8.2899e+01 -8.1480e+01 -8.0029e+01 -2.4530e+02
-8.2837e+01 -8.0866e+01 -7.4008e+01 -1.6915e+02
-8.2712e+01 -7.9550e+01 -5.6848e+01 -4.6165e+01
-8.2758e+01 -7.9945e+01 -5.8038e+01 -4.7259e+01
# New trial
-8.2946e+01 -8.2064e+01 -9.9917e+01 -4.5710e+02
-8.2888e+01 -8.1435e+01 -8.6055e+01 -2.8012e+02
-8.2738e+01 -7.9785e+01 -5.7790e+01 -4.6959e+01
-8.2674e+01 -7.9122e+01 -5.7264e+01 -9.9385e+01
# New trial
-8.2984e+01 -8.2334e+01 -9.1725e+01 -3.7617e+02
-8.2943e+01 -8.1862e+01 -7.9442e+01 -1.9008e+02
-8.2845e+01 -8.0817e+01 -6.3061e+01 -4.6260e+01
-8.2812e+01 -8.0480e+01 -5.9871e+01 -5.0560e+01
# New trial
-8.2870e+01 -8.1374e+01 -9.6800e+01 -4.1456e+02
-8.2782e+01 -8.0353e+01 -6.9068e+01 -1.2511e+02
-8.2776e+01 -8.0200e+01 -6.0907e+01 -4.6362e+01
-8.2957e+01 -8.1934e+01 -7.3247e+01 -1.4787e+02
# New trial
-8.2937e+01 -8.1769e+01 -8.2755e+01 -3.3546e+02
-8.2896e+01 -8.1345e+01 -6.9441e+01 -6.6173e+01
-8.2812e+01 -8.0494e+01 -6.0626e+01 -4.6473e+01
-8.2823e+01 -8.0585e+01 -6.0990e+01 -4.6158e+01
# New trial
-8.2907e+01 -8.1714e+01 -9.5945e+01 -3.9729e+02
-8.2804e+01 -8.0546e+01 -7.0351e+01 -1.4684e+02
-8.2721e+01 -7.9628e+01 -5.6812e+01 -4.6709e+01
-8.2835e+01 -8.0710e+01 -6.2801e+01 -4.9551e+01
# New trial
-8.2967e+01 -8.2382e+01 -9.5512e+01 -3.4668e+02
-8.2846e+01 -8.1036e+01 -7.6020e+01 -1.8180e+02
-8.2640e+01 -7.8861e+01 -5.4514e+01 -4.6352e+01
-8.2607e+01 -7.8460e+01 -5.7616e+01 -1.1343e+02
# New trial
-8.3038e+01 -8.3366e+01 -1.3357e+02 -7.9034e+02
-8.2910e+01 -8.1767e+01 -9.0451e+01 -3.1667e+02
-8.2688e+01 -7.9345e+01 -5.8000e+01 -4.6161e+01
-8.2785e+01 -8.0222e+01 -6.2595e+01 -1.2593e+02
# New trial
-8.2959e+01 -8.1973e+01 -7.6508e+01 -1.4209e+02
-8.2876e+01 -8.1145e+01 -6.7085e+01 -4.7800e+01
-8.2763e+01 -8.0016e+01 -5.7457e+01 -4.6292e+01
-8.2844e+01 -8.0799e+01 -6.2876e+01 -4.8800e+01
# New trial
-8.2912e+01 -8.1584e+01 -8.3532e+01 -3.4010e+02
-8.2883e+01 -8.1288e+01 -7.6766e+01 -2.0056e+02
-8.2801e+01 -8.0420e+01 -6.2122e+01 -5.3513e+01
-8.2801e+01 -8.0374e+01 -6.0535e+01 -5.0263e+01
# New trial
-8.2977e+01 -8.2656e+01 -1.0715e+02 -5.4122e+02
-8.2874e+01 -8.1409e+01 -8.0798e+01 -1.8368e+02
-8.2676e+01 -7.9194e+01 -5.5408e+01 -4.6353e+01
-8.2676e+01 -7.9144e+01 -6.3702e+01 -1.9600e+02
# New trial
-8.2947e+01 -8.1935e+01 -8.3038e+01 -2.4659e+02
-8.2868e+01 -8.1122e+01 -7.1818e+01 -1.2519e+02
-8.2743e+01 -7.9857e+01 -5.9472e+01 -4.6592e+01
-8.2799e+01 -8.0355e+01 -6.0513e+01 -5.0468e+01
# New trial
-8.2908e+01 -8.1552e+01 -8.3913e+01 -3.0838e+02
-8.2875e+01 -8.1200e+01 -7.4628e+01 -1.6812e+02
-8.2775e+01 -8.0144e+01 -5.9019e+01 -4.6760e+01
-8.2741e+01 -7.9786e+01 -5.8106e+01 -6.6667e+01
# New trial
