# 1.0sig - Array shape (trial/sig/alpha): (30L, 4L, 4L)
-5.9917e+01 -5.9580e+01 -8.5899e+01 -5.5587e+02
-5.9931e+01 -5.9513e+01 -6.9964e+01 -3.4509e+02
-5.9868e+01 -5.8762e+01 -5.4853e+01 -2.5181e+02
-5.9829e+01 -5.8336e+01 -4.9494e+01 -1.3608e+02
# New trial
-5.9825e+01 -5.8643e+01 -7.2001e+01 -3.8450e+02
-5.9819e+01 -5.8418e+01 -5.4673e+01 -1.5436e+02
-5.9862e+01 -5.8745e+01 -5.3354e+01 -1.7124e+02
-5.9932e+01 -5.9357e+01 -5.4151e+01 -7.7427e+01
# New trial
-5.9827e+01 -5.8625e+01 -7.2757e+01 -4.7866e+02
-5.9861e+01 -5.8858e+01 -6.3287e+01 -2.8103e+02
-5.9894e+01 -5.9061e+01 -5.6387e+01 -2.4144e+02
-5.9879e+01 -5.8834e+01 -5.1162e+01 -1.1239e+02
# New trial
-5.9836e+01 -5.8578e+01 -6.4726e+01 -3.7453e+02
-5.9867e+01 -5.8857e+01 -5.9825e+01 -2.3139e+02
-5.9878e+01 -5.8865e+01 -5.2722e+01 -1.3923e+02
-5.9906e+01 -5.9099e+01 -5.2529e+01 -8.7562e+01
# New trial
-5.9887e+01 -5.9344e+01 -9.5117e+01 -6.9359e+02
-5.9852e+01 -5.8790e+01 -6.7752e+01 -3.8168e+02
-5.9838e+01 -5.8492e+01 -5.2516e+01 -2.3484e+02
-5.9879e+01 -5.8833e+01 -5.1393e+01 -1.1188e+02
# New trial
-5.9840e+01 -5.8712e+01 -6.7805e+01 -3.8955e+02
-5.9890e+01 -5.9075e+01 -6.1586e+01 -2.6991e+02
-5.9903e+01 -5.9093e+01 -5.4091e+01 -1.5915e+02
-5.9928e+01 -5.9310e+01 -5.3467e+01 -7.1087e+01
# New trial
-5.9933e+01 -5.9532e+01 -7.2421e+01 -4.0377e+02
-5.9946e+01 -5.9551e+01 -6.1022e+01 -2.3081e+02
-5.9944e+01 -5.9488e+01 -5.6148e+01 -1.0429e+02
-5.9965e+01 -5.9679e+01 -5.6985e+01 -4.8553e+01
# New trial
-5.9942e+01 -5.9831e+01 -8.6904e+01 -5.6522e+02
-5.9885e+01 -5.9077e+01 -6.3824e+01 -2.9187e+02
-5.9838e+01 -5.8478e+01 -5.0218e+01 -1.6729e+02
-5.9931e+01 -5.9344e+01 -5.3929e+01 -7.6836e+01
# New trial
-5.9836e+01 -5.9910e+01 -1.1214e+02 -8.6909e+02
-5.9785e+01 -5.8664e+01 -8.4119e+01 -5.5696e+02
-5.9758e+01 -5.7839e+01 -6.3308e+01 -4.3603e+02
-5.9918e+01 -5.9219e+01 -5.4039e+01 -1.3652e+02
# New trial
-5.9924e+01 -5.9694e+01 -8.0843e+01 -4.7021e+02
-5.9921e+01 -5.9431e+01 -6.8834e+01 -3.3708e+02
-5.9850e+01 -5.8576e+01 -5.1447e+01 -2.0129e+02
-5.9852e+01 -5.8566e+01 -5.0998e+01 -2.0278e+02
# New trial
-5.9850e+01 -5.9197e+01 -9.6157e+01 -7.0635e+02
-5.9853e+01 -5.8981e+01 -8.0944e+01 -5.4278e+02
-5.9818e+01 -5.8296e+01 -5.1754e+01 -2.2484e+02
-5.9874e+01 -5.8783e+01 -5.0222e+01 -1.0931e+02
# New trial
-5.9991e+01 -6.0871e+01 -1.1443e+02 -8.5164e+02
-5.9911e+01 -5.9337e+01 -6.7896e+01 -3.4486e+02
-5.9849e+01 -5.8550e+01 -5.1775e+01 -2.3330e+02
-5.9866e+01 -5.8702e+01 -4.9964e+01 -1.1762e+02
# New trial
-5.9910e+01 -5.9416e+01 -8.0187e+01 -4.9158e+02
-5.9880e+01 -5.8977e+01 -6.0918e+01 -2.2483e+02
-5.9884e+01 -5.8905e+01 -5.2017e+01 -1.0481e+02
-5.9909e+01 -5.9129e+01 -5.2596e+01 -5.0425e+01
# New trial
-5.9875e+01 -6.0168e+01 -1.3483e+02 -1.0806e+03
-5.9824e+01 -5.8926e+01 -8.3763e+01 -5.1498e+02
-5.9808e+01 -5.8237e+01 -5.1942e+01 -2.3234e+02
-5.9909e+01 -5.9127e+01 -5.2021e+01 -8.7665e+01
# New trial
-5.9804e+01 -5.8458e+01 -7.3147e+01 -4.4761e+02
-5.9866e+01 -5.8873e+01 -6.1610e+01 -2.2749e+02
-5.9900e+01 -5.9071e+01 -5.4036e+01 -1.4610e+02
-5.9930e+01 -5.9330e+01 -5.3722e+01 -5.2075e+01
# New trial
-5.9734e+01 -5.8562e+01 -1.0039e+02 -7.4840e+02
-5.9767e+01 -5.8438e+01 -7.2402e+01 -4.0457e+02
-5.9793e+01 -5.8215e+01 -5.5754e+01 -2.5580e+02
-5.9911e+01 -5.9210e+01 -5.4407e+01 -1.2885e+02
# New trial
-5.9801e+01 -5.8914e+01 -9.2585e+01 -6.5316e+02
-5.9799e+01 -5.8504e+01 -7.1084e+01 -3.9608e+02
-5.9763e+01 -5.7825e+01 -5.2428e+01 -2.6530e+02
-5.9911e+01 -5.9173e+01 -5.3496e+01 -1.6089e+02
# New trial
-5.9819e+01 -5.8567e+01 -6.9391e+01 -3.7345e+02
-5.9834e+01 -5.8618e+01 -6.2289e+01 -2.5779e+02
-5.9861e+01 -5.8705e+01 -5.3513e+01 -1.7475e+02
-5.9926e+01 -5.9304e+01 -5.4513e+01 -1.4980e+02
# New trial
-5.9797e+01 -5.8471e+01 -8.5633e+01 -6.1191e+02
-5.9866e+01 -5.8957e+01 -7.1234e+01 -4.0036e+02
-5.9859e+01 -5.8678e+01 -5.2807e+01 -2.0554e+02
-5.9858e+01 -5.8615e+01 -5.0107e+01 -7.2722e+01
# New trial
-5.9916e+01 -5.9646e+01 -9.0893e+01 -6.2889e+02
-5.9926e+01 -5.9479e+01 -7.0602e+01 -3.6163e+02
-5.9906e+01 -5.9124e+01 -5.4341e+01 -1.6155e+02
-5.9912e+01 -5.9161e+01 -5.2285e+01 -5.0196e+01
# New trial
-5.9853e+01 -5.9255e+01 -9.7204e+01 -6.5837e+02
-5.9808e+01 -5.8424e+01 -6.1439e+01 -2.4496e+02
-5.9876e+01 -5.8889e+01 -5.3756e+01 -1.2834e+02
-5.9950e+01 -5.9592e+01 -5.7144e+01 -7.5658e+01
# New trial
-5.9848e+01 -5.8674e+01 -6.9168e+01 -4.7468e+02
-5.9884e+01 -5.8939e+01 -5.6878e+01 -2.1137e+02
-5.9876e+01 -5.8810e+01 -5.0811e+01 -1.6421e+02
-5.9902e+01 -5.9057e+01 -5.1962e+01 -9.8803e+01
# New trial
-5.9808e+01 -5.9203e+01 -1.0590e+02 -8.2456e+02
-5.9808e+01 -5.8714e+01 -7.3503e+01 -4.1066e+02
-5.9849e+01 -5.8649e+01 -5.3656e+01 -1.9726e+02
-5.9898e+01 -5.9021e+01 -5.2341e+01 -8.8456e+01
# New trial
-5.9912e+01 -6.0074e+01 -9.8538e+01 -6.7635e+02
-5.9895e+01 -5.9405e+01 -7.2544e+01 -3.5570e+02
-5.9820e+01 -5.8382e+01 -5.3719e+01 -2.2573e+02
-5.9800e+01 -5.8091e+01 -5.0044e+01 -1.9381e+02
# New trial
-5.9959e+01 -6.0112e+01 -9.1578e+01 -5.8502e+02
-5.9943e+01 -5.9688e+01 -7.0719e+01 -3.4011e+02
-5.9861e+01 -5.8716e+01 -5.4875e+01 -2.0917e+02
-5.9943e+01 -5.9474e+01 -5.7044e+01 -2.1454e+02
# New trial
-5.9860e+01 -5.8877e+01 -6.7025e+01 -3.4355e+02
-5.9843e+01 -5.8597e+01 -5.5381e+01 -1.7440e+02
-5.9866e+01 -5.8736e+01 -5.2236e+01 -1.7353e+02
-5.9956e+01 -5.9596e+01 -5.6458e+01 -1.0756e+02
# New trial
-5.9727e+01 -5.7819e+01 -7.1723e+01 -4.5529e+02
-5.9811e+01 -5.8334e+01 -5.7582e+01 -2.2543e+02
-5.9879e+01 -5.8873e+01 -5.2553e+01 -1.3570e+02
-5.9943e+01 -5.9466e+01 -5.5050e+01 -6.5692e+01
# New trial
-5.9876e+01 -6.0088e+01 -1.2483e+02 -1.0213e+03
-5.9878e+01 -5.9303e+01 -7.9372e+01 -4.8383e+02
-5.9841e+01 -5.8547e+01 -5.5937e+01 -2.8642e+02
-5.9904e+01 -5.9095e+01 -5.4850e+01 -2.7831e+02
# New trial
-5.9859e+01 -5.8980e+01 -7.8020e+01 -4.7291e+02
-5.9852e+01 -5.8728e+01 -5.8347e+01 -2.0249e+02
-5.9842e+01 -5.8529e+01 -5.0557e+01 -1.2294e+02
-5.9892e+01 -5.8965e+01 -5.1798e+01 -7.7177e+01
# New trial
-5.9850e+01 -5.8918e+01 -8.6425e+01 -6.6011e+02
-5.9886e+01 -5.9091e+01 -6.7301e+01 -3.4001e+02
-5.9880e+01 -5.8883e+01 -5.3390e+01 -1.8075e+02
-5.9869e+01 -5.8734e+01 -5.0466e+01 -5.9804e+01
# New trial
