# 1.0sig - Array shape (trial/sig/alpha): (30, 4, 4)
-1.7994e+02 -1.7948e+02 -1.7652e+02 -2.2100e+02
-1.7990e+02 -1.7913e+02 -1.7191e+02 -1.6004e+02
-1.7981e+02 -1.7818e+02 -1.6289e+02 -1.5230e+02
-1.7967e+02 -1.7683e+02 -1.5534e+02 -1.5230e+02
# New trial
-1.7993e+02 -1.7944e+02 -1.7518e+02 -1.7512e+02
-1.7991e+02 -1.7917e+02 -1.7269e+02 -1.6734e+02
-1.7983e+02 -1.7840e+02 -1.6589e+02 -1.5233e+02
-1.7975e+02 -1.7761e+02 -1.5918e+02 -1.5230e+02
# New trial
-1.7995e+02 -1.7955e+02 -1.7627e+02 -2.1448e+02
-1.7993e+02 -1.7935e+02 -1.7403e+02 -1.6571e+02
-1.7987e+02 -1.7877e+02 -1.6879e+02 -1.7048e+02
-1.7981e+02 -1.7818e+02 -1.6403e+02 -1.7299e+02
# New trial
-1.7994e+02 -1.7951e+02 -1.7703e+02 -2.8281e+02
-1.7992e+02 -1.7927e+02 -1.7389e+02 -1.8464e+02
-1.7985e+02 -1.7856e+02 -1.6673e+02 -1.5236e+02
-1.7977e+02 -1.7781e+02 -1.6020e+02 -1.5230e+02
# New trial
-1.7990e+02 -1.7916e+02 -1.7503e+02 -2.6247e+02
-1.7987e+02 -1.7883e+02 -1.6992e+02 -1.7707e+02
-1.7980e+02 -1.7813e+02 -1.6359e+02 -1.5231e+02
-1.7974e+02 -1.7750e+02 -1.6001e+02 -1.7137e+02
# New trial
-1.7995e+02 -1.7957e+02 -1.7717e+02 -2.6004e+02
-1.7993e+02 -1.7935e+02 -1.7387e+02 -1.5655e+02
-1.7986e+02 -1.7869e+02 -1.6744e+02 -1.5230e+02
-1.7979e+02 -1.7795e+02 -1.6131e+02 -1.5233e+02
# New trial
-1.7997e+02 -1.7977e+02 -1.7840e+02 -2.3766e+02
-1.7995e+02 -1.7963e+02 -1.7652e+02 -1.7157e+02
-1.7992e+02 -1.7931e+02 -1.7342e+02 -1.5899e+02
-1.7988e+02 -1.7894e+02 -1.6996e+02 -1.6920e+02
# New trial
-1.7994e+02 -1.7950e+02 -1.7802e+02 -2.9130e+02
-1.7991e+02 -1.7917e+02 -1.7302e+02 -2.2071e+02
-1.7982e+02 -1.7834e+02 -1.6449e+02 -1.5230e+02
-1.7976e+02 -1.7772e+02 -1.5962e+02 -1.5230e+02
# New trial
-1.7989e+02 -1.7901e+02 -1.7386e+02 -2.4396e+02
-1.7983e+02 -1.7843e+02 -1.6775e+02 -1.8480e+02
-1.7969e+02 -1.7699e+02 -1.5616e+02 -1.5230e+02
-1.7958e+02 -1.7594e+02 -1.5361e+02 -1.5230e+02
# New trial
-1.7993e+02 -1.7943e+02 -1.7559e+02 -2.2944e+02
-1.7990e+02 -1.7912e+02 -1.7233e+02 -1.9263e+02
-1.7982e+02 -1.7828e+02 -1.6376e+02 -1.5230e+02
-1.7973e+02 -1.7740e+02 -1.5775e+02 -1.5230e+02
# New trial
-1.7993e+02 -1.7938e+02 -1.7588e+02 -2.2613e+02
-1.7989e+02 -1.7903e+02 -1.7255e+02 -1.9158e+02
-1.7979e+02 -1.7796e+02 -1.6295e+02 -1.5736e+02
-1.7971e+02 -1.7719e+02 -1.6356e+02 -2.2459e+02
# New trial
-1.7994e+02 -1.7948e+02 -1.7689e+02 -2.4903e+02
-1.7990e+02 -1.7913e+02 -1.7214e+02 -1.9166e+02
-1.7982e+02 -1.7830e+02 -1.6394e+02 -1.5230e+02
-1.7970e+02 -1.7714e+02 -1.5642e+02 -1.5230e+02
# New trial
-1.7994e+02 -1.7954e+02 -1.7789e+02 -2.4500e+02
-1.7991e+02 -1.7916e+02 -1.7284e+02 -1.9034e+02
-1.7984e+02 -1.7854e+02 -1.6677e+02 -1.5326e+02
-1.7983e+02 -1.7836e+02 -1.6492e+02 -1.5840e+02
# New trial
-1.7994e+02 -1.7956e+02 -1.8576e+02 -3.7835e+02
-1.7989e+02 -1.7907e+02 -1.7531e+02 -2.5468e+02
-1.7978e+02 -1.7786e+02 -1.6164e+02 -1.5230e+02
-1.7965e+02 -1.7659e+02 -1.5504e+02 -1.5233e+02
# New trial
-1.7995e+02 -1.7957e+02 -1.7763e+02 -2.7003e+02
-1.7992e+02 -1.7931e+02 -1.7393e+02 -1.8517e+02
-1.7985e+02 -1.7862e+02 -1.6699e+02 -1.5230e+02
-1.7979e+02 -1.7798e+02 -1.6148e+02 -1.5230e+02
# New trial
-1.7992e+02 -1.7941e+02 -1.8720e+02 -3.9167e+02
-1.7986e+02 -1.7874e+02 -1.7327e+02 -2.2427e+02
-1.7973e+02 -1.7748e+02 -1.6300e+02 -1.5579e+02
-1.7971e+02 -1.7721e+02 -1.6146e+02 -1.9519e+02
# New trial
-1.7994e+02 -1.7948e+02 -1.7667e+02 -2.2935e+02
-1.7990e+02 -1.7906e+02 -1.7237e+02 -1.9933e+02
-1.7977e+02 -1.7781e+02 -1.6150e+02 -1.5236e+02
-1.7966e+02 -1.7674e+02 -1.5595e+02 -1.5250e+02
# New trial
-1.7992e+02 -1.7934e+02 -1.7442e+02 -1.7943e+02
-1.7990e+02 -1.7908e+02 -1.7203e+02 -1.6308e+02
-1.7982e+02 -1.7827e+02 -1.6420e+02 -1.5230e+02
-1.7976e+02 -1.7770e+02 -1.5964e+02 -1.5230e+02
# New trial
-1.7995e+02 -1.7959e+02 -1.8110e+02 -3.0659e+02
-1.7991e+02 -1.7923e+02 -1.7507e+02 -2.2371e+02
-1.7981e+02 -1.7825e+02 -1.6363e+02 -1.5230e+02
-1.7973e+02 -1.7735e+02 -1.5779e+02 -1.5230e+02
# New trial
-1.7995e+02 -1.7955e+02 -1.7705e+02 -2.5508e+02
-1.7993e+02 -1.7940e+02 -1.7457e+02 -1.7863e+02
-1.7989e+02 -1.7896e+02 -1.6995e+02 -1.5249e+02
-1.7982e+02 -1.7834e+02 -1.6454e+02 -1.5255e+02
# New trial
-1.7993e+02 -1.7947e+02 -1.7892e+02 -2.7112e+02
-1.7989e+02 -1.7902e+02 -1.7222e+02 -1.7352e+02
-1.7982e+02 -1.7833e+02 -1.6544e+02 -1.5239e+02
-1.7981e+02 -1.7817e+02 -1.6373e+02 -1.6590e+02
# New trial
-1.7995e+02 -1.7965e+02 -1.7844e+02 -2.7460e+02
-1.7993e+02 -1.7944e+02 -1.7477e+02 -1.6366e+02
-1.7989e+02 -1.7901e+02 -1.7043e+02 -1.5522e+02
-1.7983e+02 -1.7844e+02 -1.6534e+02 -1.5266e+02
# New trial
-1.7993e+02 -1.7944e+02 -1.7862e+02 -2.6103e+02
-1.7987e+02 -1.7881e+02 -1.6991e+02 -1.6984e+02
-1.7978e+02 -1.7788e+02 -1.6170e+02 -1.5230e+02
-1.7979e+02 -1.7799e+02 -1.6188e+02 -1.5230e+02
# New trial
-1.7992e+02 -1.7928e+02 -1.7559e+02 -1.9563e+02
-1.7987e+02 -1.7878e+02 -1.7029e+02 -1.6948e+02
-1.7974e+02 -1.7752e+02 -1.5999e+02 -1.5308e+02
-1.7964e+02 -1.7655e+02 -1.5566e+02 -1.5231e+02
# New trial
-1.7993e+02 -1.7952e+02 -1.8629e+02 -3.7067e+02
-1.7988e+02 -1.7888e+02 -1.7198e+02 -1.8226e+02
-1.7975e+02 -1.7756e+02 -1.5977e+02 -1.5230e+02
-1.7963e+02 -1.7637e+02 -1.5560e+02 -1.6083e+02
# New trial
-1.7995e+02 -1.7963e+02 -1.7658e+02 -1.6779e+02
-1.7993e+02 -1.7937e+02 -1.7412e+02 -1.6847e+02
-1.7986e+02 -1.7865e+02 -1.6756e+02 -1.5236e+02
-1.7978e+02 -1.7786e+02 -1.6043e+02 -1.5230e+02
# New trial
-1.7992e+02 -1.7933e+02 -1.7527e+02 -2.6062e+02
-1.7990e+02 -1.7910e+02 -1.7217e+02 -1.9294e+02
-1.7984e+02 -1.7851e+02 -1.6623e+02 -1.5231e+02
-1.7981e+02 -1.7819e+02 -1.6407e+02 -1.6731e+02
# New trial
-1.7992e+02 -1.7938e+02 -1.7869e+02 -2.5501e+02
-1.7988e+02 -1.7888e+02 -1.7245e+02 -1.9625e+02
-1.7977e+02 -1.7780e+02 -1.6209e+02 -1.5786e+02
-1.7970e+02 -1.7711e+02 -1.6342e+02 -2.4163e+02
# New trial
-1.7993e+02 -1.7945e+02 -1.7564e+02 -2.0409e+02
-1.7990e+02 -1.7915e+02 -1.7278e+02 -1.8700e+02
-1.7982e+02 -1.7833e+02 -1.6572e+02 -1.5267e+02
-1.7975e+02 -1.7760e+02 -1.5912e+02 -1.5230e+02
# New trial
-1.7993e+02 -1.7943e+02 -1.7536e+02 -2.2537e+02
-1.7991e+02 -1.7921e+02 -1.7305e+02 -1.8757e+02
-1.7984e+02 -1.7847e+02 -1.6565e+02 -1.5230e+02
-1.7974e+02 -1.7749e+02 -1.5806e+02 -1.5230e+02
# New trial
