# 1.0sig - Array shape (trial/sig/alpha): (30L, 4L, 4L)
-7.8363e+01 -7.7749e+01 -9.5733e+01 -4.4797e+02
-7.8300e+01 -7.7023e+01 -7.7300e+01 -2.1910e+02
-7.8140e+01 -7.5329e+01 -5.4788e+01 -1.1156e+02
-7.8061e+01 -7.4520e+01 -5.0772e+01 -6.3050e+01
# New trial
-7.8279e+01 -7.6865e+01 -7.8755e+01 -2.6887e+02
-7.8251e+01 -7.6534e+01 -6.7630e+01 -9.5462e+01
-7.8200e+01 -7.5968e+01 -5.8612e+01 -7.6554e+01
-7.8232e+01 -7.6212e+01 -5.9343e+01 -5.0279e+01
# New trial
-7.8340e+01 -7.7385e+01 -7.8741e+01 -2.8117e+02
-7.8296e+01 -7.6916e+01 -6.9037e+01 -9.3019e+01
-7.8220e+01 -7.6125e+01 -5.9663e+01 -9.4455e+01
-7.8198e+01 -7.5881e+01 -6.0547e+01 -1.6223e+02
# New trial
-7.8319e+01 -7.7187e+01 -7.8276e+01 -2.9395e+02
-7.8284e+01 -7.6855e+01 -7.3247e+01 -1.7887e+02
-7.8228e+01 -7.6223e+01 -6.1337e+01 -7.1540e+01
-7.8233e+01 -7.6228e+01 -5.9288e+01 -4.7819e+01
# New trial
-7.8295e+01 -7.7157e+01 -1.0308e+02 -5.7012e+02
-7.8233e+01 -7.6399e+01 -7.8303e+01 -2.9276e+02
-7.8145e+01 -7.5397e+01 -5.6195e+01 -1.0963e+02
-7.8178e+01 -7.5676e+01 -5.6332e+01 -6.4228e+01
# New trial
-7.8301e+01 -7.7000e+01 -7.5200e+01 -2.7393e+02
-7.8277e+01 -7.6740e+01 -6.8155e+01 -1.0647e+02
-7.8222e+01 -7.6134e+01 -5.8369e+01 -8.2394e+01
-7.8220e+01 -7.6095e+01 -5.7822e+01 -5.3678e+01
# New trial
-7.8381e+01 -7.7776e+01 -8.2926e+01 -3.5317e+02
-7.8348e+01 -7.7394e+01 -7.0955e+01 -1.6123e+02
-7.8331e+01 -7.7202e+01 -6.7016e+01 -6.4818e+01
-7.8372e+01 -7.7604e+01 -7.0218e+01 -6.6692e+01
# New trial
-7.8360e+01 -7.7710e+01 -9.5353e+01 -4.7639e+02
-7.8291e+01 -7.6935e+01 -7.6014e+01 -2.6122e+02
-7.8170e+01 -7.5635e+01 -5.5632e+01 -7.0687e+01
-7.8213e+01 -7.6028e+01 -5.8262e+01 -4.7314e+01
# New trial
-7.8171e+01 -7.6256e+01 -9.0295e+01 -4.1661e+02
-7.8023e+01 -7.4602e+01 -7.3387e+01 -2.9737e+02
-7.7878e+01 -7.2860e+01 -5.2455e+01 -1.4669e+02
-7.8118e+01 -7.5102e+01 -5.4532e+01 -6.5930e+01
# New trial
-7.8321e+01 -7.7290e+01 -8.4462e+01 -3.1950e+02
-7.8264e+01 -7.6691e+01 -7.7297e+01 -2.6818e+02
-7.8127e+01 -7.5210e+01 -5.4442e+01 -9.5523e+01
-7.8088e+01 -7.4793e+01 -5.3619e+01 -7.2226e+01
# New trial
-7.8201e+01 -7.6269e+01 -8.4413e+01 -3.6109e+02
-7.8159e+01 -7.5758e+01 -7.4765e+01 -2.8002e+02
-7.8082e+01 -7.4771e+01 -5.3446e+01 -1.0469e+02
-7.8117e+01 -7.5080e+01 -5.5487e+01 -8.6474e+01
# New trial
-7.8336e+01 -7.7557e+01 -1.0364e+02 -5.8461e+02
-7.8250e+01 -7.6507e+01 -7.1461e+01 -2.2733e+02
-7.8119e+01 -7.5115e+01 -5.4226e+01 -1.2414e+02
-7.8079e+01 -7.4706e+01 -5.2961e+01 -7.9857e+01
# New trial
-7.8320e+01 -7.7361e+01 -9.5441e+01 -5.1831e+02
-7.8255e+01 -7.6600e+01 -7.2970e+01 -1.9805e+02
-7.8212e+01 -7.6069e+01 -6.0711e+01 -9.3937e+01
-7.8270e+01 -7.6604e+01 -6.4930e+01 -1.8561e+02
# New trial
-7.8388e+01 -7.8527e+01 -1.3640e+02 -8.7654e+02
-7.8264e+01 -7.6895e+01 -9.2568e+01 -4.1372e+02
-7.8082e+01 -7.4778e+01 -5.3220e+01 -1.0739e+02
-7.8125e+01 -7.5152e+01 -5.4781e+01 -5.2279e+01
# New trial
-7.8299e+01 -7.7070e+01 -8.5411e+01 -4.2561e+02
-7.8275e+01 -7.6759e+01 -7.2841e+01 -1.8178e+02
-7.8236e+01 -7.6284e+01 -6.0497e+01 -6.7696e+01
-7.8233e+01 -7.6230e+01 -5.9012e+01 -5.9490e+01
# New trial
-7.8230e+01 -7.7074e+01 -1.2002e+02 -7.3490e+02
-7.8169e+01 -7.6165e+01 -8.5453e+01 -3.4386e+02
-7.8058e+01 -7.4612e+01 -5.2823e+01 -9.9257e+01
-7.8200e+01 -7.5924e+01 -6.0449e+01 -1.3698e+02
# New trial
-7.8218e+01 -7.6326e+01 -7.6569e+01 -2.7261e+02
-7.8136e+01 -7.5471e+01 -6.6387e+01 -1.6529e+02
-7.8007e+01 -7.4089e+01 -5.3947e+01 -1.3590e+02
-7.8185e+01 -7.5765e+01 -6.0401e+01 -1.6069e+02
# New trial
-7.8347e+01 -7.7556e+01 -8.4862e+01 -3.1912e+02
-7.8293e+01 -7.7011e+01 -7.8259e+01 -2.2820e+02
-7.8160e+01 -7.5575e+01 -5.8664e+01 -1.0511e+02
-7.8186e+01 -7.5774e+01 -5.8299e+01 -8.6102e+01
# New trial
-7.8213e+01 -7.6269e+01 -8.7256e+01 -4.0922e+02
-7.8224e+01 -7.6328e+01 -7.7813e+01 -2.9219e+02
-7.8129e+01 -7.5255e+01 -5.4425e+01 -8.5649e+01
-7.8119e+01 -7.5092e+01 -5.3346e+01 -5.7929e+01
# New trial
-7.8399e+01 -7.8032e+01 -9.3766e+01 -4.6634e+02
-7.8357e+01 -7.7542e+01 -8.0301e+01 -2.9573e+02
-7.8255e+01 -7.6458e+01 -6.1224e+01 -8.6453e+01
-7.8224e+01 -7.6128e+01 -5.7668e+01 -5.5630e+01
# New trial
-7.8234e+01 -7.6759e+01 -1.0060e+02 -5.1582e+02
-7.8159e+01 -7.5750e+01 -6.9388e+01 -1.8074e+02
-7.8184e+01 -7.5839e+01 -6.0095e+01 -7.6071e+01
-7.8348e+01 -7.7401e+01 -6.9106e+01 -5.1152e+01
# New trial
-7.8341e+01 -7.7364e+01 -7.8549e+01 -3.1451e+02
-7.8297e+01 -7.6894e+01 -6.7929e+01 -1.3042e+02
-7.8212e+01 -7.6025e+01 -5.6824e+01 -6.2881e+01
-7.8229e+01 -7.6178e+01 -5.8350e+01 -4.7445e+01
# New trial
-7.8362e+01 -7.7987e+01 -1.0919e+02 -5.7488e+02
-7.8229e+01 -7.6431e+01 -7.4710e+01 -2.2327e+02
-7.8138e+01 -7.5377e+01 -5.7064e+01 -9.7691e+01
-7.8275e+01 -7.6659e+01 -6.6249e+01 -1.7964e+02
# New trial
-7.8415e+01 -7.8530e+01 -1.0385e+02 -4.9886e+02
-7.8292e+01 -7.7098e+01 -8.0524e+01 -2.6072e+02
-7.8079e+01 -7.4800e+01 -5.3952e+01 -1.1492e+02
-7.8024e+01 -7.4168e+01 -5.0835e+01 -5.8289e+01
# New trial
-7.8438e+01 -7.8963e+01 -1.2956e+02 -8.2431e+02
-7.8335e+01 -7.7554e+01 -8.9199e+01 -3.6732e+02
-7.8111e+01 -7.5110e+01 -5.7389e+01 -1.1278e+02
-7.8203e+01 -7.5955e+01 -6.7306e+01 -2.5339e+02
# New trial
-7.8340e+01 -7.7339e+01 -7.3440e+01 -1.7811e+02
-7.8289e+01 -7.6837e+01 -6.7611e+01 -1.0896e+02
-7.8189e+01 -7.5827e+01 -5.8933e+01 -1.0112e+02
-7.8280e+01 -7.6700e+01 -6.3973e+01 -1.2101e+02
# New trial
-7.8292e+01 -7.7002e+01 -8.7553e+01 -4.1752e+02
-7.8287e+01 -7.6892e+01 -7.4823e+01 -2.2168e+02
-7.8226e+01 -7.6196e+01 -6.0136e+01 -8.0733e+01
-7.8239e+01 -7.6282e+01 -5.9962e+01 -5.9043e+01
# New trial
-7.8337e+01 -7.7968e+01 -1.1601e+02 -7.3425e+02
-7.8253e+01 -7.6822e+01 -8.5087e+01 -3.5331e+02
-7.8100e+01 -7.4982e+01 -5.5051e+01 -1.1797e+02
-7.8102e+01 -7.4923e+01 -5.4257e+01 -9.9311e+01
# New trial
-7.8246e+01 -7.6544e+01 -7.8209e+01 -2.9676e+02
-7.8190e+01 -7.5921e+01 -6.3142e+01 -9.0935e+01
-7.8142e+01 -7.5406e+01 -5.7112e+01 -7.8030e+01
-7.8239e+01 -7.6303e+01 -6.1506e+01 -8.6783e+01
# New trial
-7.8284e+01 -7.6922e+01 -8.5891e+01 -4.1941e+02
-7.8296e+01 -7.6973e+01 -7.5625e+01 -2.1256e+02
-7.8217e+01 -7.6100e+01 -6.0038e+01 -1.0390e+02
-7.8165e+01 -7.5554e+01 -5.5632e+01 -5.9947e+01
# New trial
