# 1.0sig - Array shape (trial/sig/alpha): (30, 4, 4)
-1.1992e+02 -1.1933e+02 -1.1923e+02 -2.1966e+02
-1.1988e+02 -1.1886e+02 -1.1136e+02 -1.1845e+02
-1.1976e+02 -1.1769e+02 -9.9796e+01 -9.2302e+01
-1.1964e+02 -1.1652e+02 -9.6382e+01 -1.0025e+02
# New trial
-1.1993e+02 -1.1938e+02 -1.1614e+02 -1.5164e+02
-1.1990e+02 -1.1907e+02 -1.1318e+02 -1.1226e+02
-1.1981e+02 -1.1817e+02 -1.0474e+02 -9.3036e+01
-1.1978e+02 -1.1788e+02 -1.0247e+02 -1.2052e+02
# New trial
-1.1993e+02 -1.1935e+02 -1.1547e+02 -1.8217e+02
-1.1990e+02 -1.1906e+02 -1.1204e+02 -9.7583e+01
-1.1982e+02 -1.1823e+02 -1.0404e+02 -9.2304e+01
-1.1974e+02 -1.1749e+02 -9.8781e+01 -9.2302e+01
# New trial
-1.1993e+02 -1.1938e+02 -1.1832e+02 -2.6902e+02
-1.1990e+02 -1.1909e+02 -1.1373e+02 -1.3864e+02
-1.1983e+02 -1.1833e+02 -1.0487e+02 -9.2302e+01
-1.1979e+02 -1.1798e+02 -1.0173e+02 -9.2302e+01
# New trial
-1.1988e+02 -1.1889e+02 -1.1881e+02 -2.6360e+02
-1.1984e+02 -1.1846e+02 -1.0838e+02 -1.4331e+02
-1.1976e+02 -1.1764e+02 -1.0012e+02 -9.2303e+01
-1.1971e+02 -1.1714e+02 -9.8727e+01 -1.1083e+02
# New trial
-1.1994e+02 -1.1951e+02 -1.1894e+02 -2.4375e+02
-1.1991e+02 -1.1919e+02 -1.1356e+02 -1.4536e+02
-1.1983e+02 -1.1835e+02 -1.0480e+02 -9.2311e+01
-1.1975e+02 -1.1760e+02 -9.9088e+01 -9.2302e+01
# New trial
-1.1996e+02 -1.1967e+02 -1.1862e+02 -1.8842e+02
-1.1994e+02 -1.1950e+02 -1.1551e+02 -1.2969e+02
-1.1992e+02 -1.1923e+02 -1.1268e+02 -1.0156e+02
-1.1992e+02 -1.1924e+02 -1.1284e+02 -1.3136e+02
# New trial
-1.1991e+02 -1.1925e+02 -1.1948e+02 -2.6102e+02
-1.1987e+02 -1.1880e+02 -1.1122e+02 -1.2638e+02
-1.1979e+02 -1.1795e+02 -1.0181e+02 -9.2302e+01
-1.1978e+02 -1.1787e+02 -1.0082e+02 -9.2302e+01
# New trial
-1.1986e+02 -1.1880e+02 -1.1739e+02 -2.2994e+02
-1.1979e+02 -1.1802e+02 -1.0916e+02 -1.7574e+02
-1.1963e+02 -1.1635e+02 -9.4916e+01 -9.2302e+01
-1.1958e+02 -1.1585e+02 -9.3617e+01 -9.2302e+01
# New trial
-1.1991e+02 -1.1923e+02 -1.1560e+02 -1.9536e+02
-1.1987e+02 -1.1883e+02 -1.1181e+02 -1.7429e+02
-1.1977e+02 -1.1778e+02 -1.0130e+02 -9.2321e+01
-1.1968e+02 -1.1690e+02 -9.6410e+01 -9.2303e+01
# New trial
-1.1986e+02 -1.1874e+02 -1.1395e+02 -1.9103e+02
-1.1982e+02 -1.1835e+02 -1.0988e+02 -1.5319e+02
-1.1972e+02 -1.1733e+02 -9.9074e+01 -9.2349e+01
-1.1973e+02 -1.1741e+02 -9.8593e+01 -9.2460e+01
# New trial
-1.1992e+02 -1.1937e+02 -1.2304e+02 -2.8037e+02
-1.1987e+02 -1.1882e+02 -1.1102e+02 -1.4600e+02
-1.1977e+02 -1.1774e+02 -9.9743e+01 -9.2302e+01
-1.1966e+02 -1.1669e+02 -9.5063e+01 -9.2302e+01
# New trial
-1.1993e+02 -1.1939e+02 -1.2292e+02 -2.9728e+02
-1.1989e+02 -1.1898e+02 -1.1311e+02 -1.5140e+02
-1.1982e+02 -1.1827e+02 -1.0481e+02 -9.2310e+01
-1.1981e+02 -1.1814e+02 -1.0312e+02 -9.2302e+01
# New trial
-1.1989e+02 -1.1910e+02 -1.3358e+02 -4.0987e+02
-1.1984e+02 -1.1855e+02 -1.1481e+02 -2.0327e+02
-1.1974e+02 -1.1750e+02 -1.0016e+02 -9.2307e+01
-1.1975e+02 -1.1756e+02 -1.0001e+02 -9.7536e+01
# New trial
-1.1994e+02 -1.1949e+02 -1.1898e+02 -2.5436e+02
-1.1991e+02 -1.1919e+02 -1.1458e+02 -1.6109e+02
-1.1983e+02 -1.1841e+02 -1.0567e+02 -9.2602e+01
-1.1978e+02 -1.1789e+02 -1.0195e+02 -1.0777e+02
# New trial
-1.1987e+02 -1.1900e+02 -1.3261e+02 -4.0513e+02
-1.1981e+02 -1.1831e+02 -1.1746e+02 -2.1660e+02
-1.1968e+02 -1.1698e+02 -9.7772e+01 -9.2302e+01
-1.1967e+02 -1.1682e+02 -9.7347e+01 -9.2308e+01
# New trial
-1.1992e+02 -1.1931e+02 -1.1759e+02 -1.8756e+02
-1.1987e+02 -1.1876e+02 -1.1177e+02 -1.3629e+02
-1.1971e+02 -1.1715e+02 -9.8534e+01 -9.2303e+01
-1.1963e+02 -1.1640e+02 -9.5106e+01 -9.3659e+01
# New trial
-1.1993e+02 -1.1935e+02 -1.1689e+02 -1.7180e+02
-1.1989e+02 -1.1900e+02 -1.1383e+02 -1.5024e+02
-1.1981e+02 -1.1821e+02 -1.0574e+02 -1.0291e+02
-1.1982e+02 -1.1825e+02 -1.0430e+02 -1.0110e+02
# New trial
-1.1992e+02 -1.1930e+02 -1.2342e+02 -3.1117e+02
-1.1988e+02 -1.1892e+02 -1.1612e+02 -2.0472e+02
-1.1978e+02 -1.1787e+02 -1.0237e+02 -9.3665e+01
-1.1971e+02 -1.1713e+02 -9.7559e+01 -9.2319e+01
# New trial
-1.1994e+02 -1.1945e+02 -1.1859e+02 -2.5710e+02
-1.1991e+02 -1.1921e+02 -1.1355e+02 -1.5388e+02
-1.1985e+02 -1.1859e+02 -1.0647e+02 -9.2314e+01
-1.1979e+02 -1.1795e+02 -1.0169e+02 -9.2302e+01
# New trial
-1.1991e+02 -1.1924e+02 -1.2340e+02 -2.7150e+02
-1.1984e+02 -1.1853e+02 -1.1039e+02 -1.3490e+02
-1.1978e+02 -1.1794e+02 -1.0337e+02 -9.2472e+01
-1.1985e+02 -1.1863e+02 -1.0744e+02 -1.0077e+02
# New trial
-1.1992e+02 -1.1933e+02 -1.1795e+02 -2.4598e+02
-1.1990e+02 -1.1904e+02 -1.1131e+02 -9.3852e+01
-1.1983e+02 -1.1838e+02 -1.0477e+02 -9.2303e+01
-1.1975e+02 -1.1759e+02 -9.8686e+01 -9.2302e+01
# New trial
-1.1992e+02 -1.1938e+02 -1.2381e+02 -2.7083e+02
-1.1985e+02 -1.1864e+02 -1.1251e+02 -1.6677e+02
-1.1975e+02 -1.1758e+02 -1.0101e+02 -9.2309e+01
-1.1976e+02 -1.1770e+02 -1.0137e+02 -1.0783e+02
# New trial
-1.1992e+02 -1.1935e+02 -1.2072e+02 -2.0055e+02
-1.1985e+02 -1.1864e+02 -1.1261e+02 -1.6091e+02
-1.1969e+02 -1.1696e+02 -9.7321e+01 -9.2309e+01
-1.1955e+02 -1.1560e+02 -9.4059e+01 -9.2302e+01
# New trial
-1.1992e+02 -1.1943e+02 -1.3454e+02 -4.0822e+02
-1.1985e+02 -1.1862e+02 -1.1386e+02 -1.5671e+02
-1.1971e+02 -1.1721e+02 -9.8398e+01 -9.2302e+01
-1.1964e+02 -1.1652e+02 -9.4881e+01 -9.2302e+01
# New trial
-1.1994e+02 -1.1942e+02 -1.1475e+02 -1.2030e+02
-1.1990e+02 -1.1903e+02 -1.1102e+02 -9.3315e+01
-1.1981e+02 -1.1817e+02 -1.0370e+02 -9.2338e+01
-1.1978e+02 -1.1783e+02 -1.0103e+02 -9.2527e+01
# New trial
-1.1990e+02 -1.1907e+02 -1.1858e+02 -2.8325e+02
-1.1987e+02 -1.1877e+02 -1.1164e+02 -1.5201e+02
-1.1980e+02 -1.1808e+02 -1.0338e+02 -9.2340e+01
-1.1978e+02 -1.1788e+02 -1.0123e+02 -9.2302e+01
# New trial
-1.1993e+02 -1.1952e+02 -1.2433e+02 -2.8149e+02
-1.1988e+02 -1.1891e+02 -1.1585e+02 -2.0337e+02
-1.1974e+02 -1.1751e+02 -1.0096e+02 -1.1804e+02
-1.1970e+02 -1.1704e+02 -9.8463e+01 -1.1317e+02
# New trial
-1.1993e+02 -1.1937e+02 -1.1692e+02 -1.8993e+02
-1.1988e+02 -1.1889e+02 -1.1142e+02 -1.2663e+02
-1.1978e+02 -1.1793e+02 -1.0236e+02 -9.2416e+01
-1.1978e+02 -1.1790e+02 -1.0182e+02 -9.6442e+01
# New trial
-1.1991e+02 -1.1921e+02 -1.1585e+02 -2.1559e+02
-1.1989e+02 -1.1895e+02 -1.1176e+02 -1.1884e+02
-1.1981e+02 -1.1817e+02 -1.0329e+02 -9.2303e+01
-1.1976e+02 -1.1768e+02 -9.9936e+01 -9.2302e+01
# New trial
