# 1.0sig - Array shape (trial/sig/alpha): (30, 4, 4)
-1.3357e+02 -1.3148e+02 -1.4510e+02 -7.3424e+02
-1.3344e+02 -1.3001e+02 -1.1646e+02 -3.2172e+02
-1.3308e+02 -1.2629e+02 -7.2778e+01 -1.4982e+02
-1.3281e+02 -1.2355e+02 -5.8403e+01 -7.4200e+01
# New trial
-1.3352e+02 -1.3090e+02 -1.2826e+02 -4.3853e+02
-1.3343e+02 -1.2999e+02 -1.0951e+02 -1.8493e+02
-1.3322e+02 -1.2779e+02 -8.4315e+01 -9.3761e+01
-1.3315e+02 -1.2700e+02 -8.1459e+01 -2.6800e+02
# New trial
-1.3359e+02 -1.3153e+02 -1.2812e+02 -4.9832e+02
-1.3348e+02 -1.3042e+02 -1.1151e+02 -1.8348e+02
-1.3323e+02 -1.2783e+02 -8.4416e+01 -1.1724e+02
-1.3304e+02 -1.2588e+02 -7.0203e+01 -8.4905e+01
# New trial
-1.3358e+02 -1.3143e+02 -1.2894e+02 -6.4870e+02
-1.3349e+02 -1.3053e+02 -1.1644e+02 -3.1661e+02
-1.3329e+02 -1.2840e+02 -8.8079e+01 -9.7859e+01
-1.3323e+02 -1.2780e+02 -8.1030e+01 -8.4481e+01
# New trial
-1.3344e+02 -1.3039e+02 -1.6352e+02 -9.7209e+02
-1.3329e+02 -1.2858e+02 -1.0920e+02 -5.1608e+02
-1.3305e+02 -1.2602e+02 -6.7990e+01 -1.0173e+02
-1.3304e+02 -1.2593e+02 -6.8649e+01 -4.6150e+01
# New trial
-1.3355e+02 -1.3119e+02 -1.3360e+02 -7.6032e+02
-1.3348e+02 -1.3040e+02 -1.1285e+02 -2.7831e+02
-1.3327e+02 -1.2821e+02 -8.4671e+01 -9.6415e+01
-1.3315e+02 -1.2697e+02 -7.3527e+01 -6.0133e+01
# New trial
-1.3373e+02 -1.3288e+02 -1.4324e+02 -7.0507e+02
-1.3366e+02 -1.3205e+02 -1.2172e+02 -3.1724e+02
-1.3355e+02 -1.3095e+02 -1.0706e+02 -9.2800e+01
-1.3357e+02 -1.3111e+02 -1.0772e+02 -8.2837e+01
# New trial
-1.3357e+02 -1.3160e+02 -1.5907e+02 -8.8266e+02
-1.3342e+02 -1.2988e+02 -1.1672e+02 -4.1854e+02
-1.3314e+02 -1.2697e+02 -8.0127e+01 -1.0667e+02
-1.3312e+02 -1.2676e+02 -8.1076e+01 -2.5093e+02
# New trial
-1.3338e+02 -1.3003e+02 -1.4563e+02 -7.4162e+02
-1.3308e+02 -1.2685e+02 -1.1251e+02 -5.3325e+02
-1.3252e+02 -1.2090e+02 -6.0379e+01 -1.9632e+02
-1.3257e+02 -1.2124e+02 -5.6444e+01 -6.5046e+01
# New trial
-1.3360e+02 -1.3171e+02 -1.3725e+02 -6.3504e+02
-1.3343e+02 -1.3005e+02 -1.2127e+02 -4.8294e+02
-1.3307e+02 -1.2623e+02 -7.5608e+01 -1.0839e+02
-1.3291e+02 -1.2460e+02 -7.2650e+01 -1.6341e+02
# New trial
-1.3341e+02 -1.3019e+02 -1.4333e+02 -7.2180e+02
-1.3328e+02 -1.2873e+02 -1.2659e+02 -5.8455e+02
-1.3294e+02 -1.2498e+02 -7.0983e+01 -1.3081e+02
-1.3290e+02 -1.2453e+02 -7.2761e+01 -2.0137e+02
# New trial
-1.3357e+02 -1.3165e+02 -1.6368e+02 -9.3737e+02
-1.3339e+02 -1.2956e+02 -1.1166e+02 -3.4417e+02
-1.3304e+02 -1.2596e+02 -7.1126e+01 -1.6102e+02
-1.3278e+02 -1.2327e+02 -5.7499e+01 -8.9445e+01
# New trial
-1.3355e+02 -1.3133e+02 -1.5254e+02 -9.0407e+02
-1.3341e+02 -1.2975e+02 -1.1228e+02 -2.4790e+02
-1.3324e+02 -1.2791e+02 -8.4315e+01 -1.0690e+02
-1.3325e+02 -1.2800e+02 -8.2304e+01 -1.2543e+02
# New trial
-1.3356e+02 -1.3234e+02 -2.2989e+02 -1.6236e+03
-1.3334e+02 -1.2937e+02 -1.3895e+02 -6.7034e+02
-1.3294e+02 -1.2503e+02 -7.1190e+01 -1.4866e+02
-1.3294e+02 -1.2490e+02 -6.9843e+01 -1.6723e+02
# New trial
-1.3358e+02 -1.3156e+02 -1.4018e+02 -7.4811e+02
-1.3349e+02 -1.3051e+02 -1.1704e+02 -3.1361e+02
-1.3329e+02 -1.2847e+02 -8.8004e+01 -1.0882e+02
-1.3321e+02 -1.2761e+02 -7.9788e+01 -1.0973e+02
# New trial
-1.3344e+02 -1.3117e+02 -2.1045e+02 -1.4583e+03
-1.3325e+02 -1.2882e+02 -1.3354e+02 -5.8852e+02
-1.3285e+02 -1.2432e+02 -7.3264e+01 -1.4707e+02
-1.3291e+02 -1.2466e+02 -7.0719e+01 -1.4420e+02
# New trial
-1.3348e+02 -1.3060e+02 -1.3293e+02 -5.6562e+02
-1.3330e+02 -1.2874e+02 -1.1102e+02 -3.4969e+02
-1.3284e+02 -1.2403e+02 -7.0551e+01 -1.8837e+02
-1.3287e+02 -1.2425e+02 -7.5757e+01 -2.5940e+02
# New trial
-1.3353e+02 -1.3108e+02 -1.3325e+02 -5.4026e+02
-1.3341e+02 -1.2987e+02 -1.1976e+02 -3.5735e+02
-1.3312e+02 -1.2681e+02 -8.2607e+01 -1.3862e+02
-1.3314e+02 -1.2690e+02 -8.1548e+01 -2.1160e+02
# New trial
-1.3347e+02 -1.3069e+02 -1.5437e+02 -8.7012e+02
-1.3341e+02 -1.2995e+02 -1.3180e+02 -5.5115e+02
-1.3310e+02 -1.2660e+02 -7.6711e+01 -1.3122e+02
-1.3292e+02 -1.2475e+02 -6.7858e+01 -1.2390e+02
# New trial
-1.3370e+02 -1.3264e+02 -1.5353e+02 -9.1215e+02
-1.3361e+02 -1.3172e+02 -1.2986e+02 -4.9388e+02
-1.3338e+02 -1.2928e+02 -9.3754e+01 -1.4090e+02
-1.3323e+02 -1.2773e+02 -7.9976e+01 -8.6320e+01
# New trial
-1.3346e+02 -1.3086e+02 -1.7149e+02 -1.0248e+03
-1.3320e+02 -1.2792e+02 -1.0262e+02 -2.7475e+02
-1.3311e+02 -1.2675e+02 -7.8838e+01 -9.7284e+01
-1.3344e+02 -1.2984e+02 -9.7021e+01 -1.3926e+02
# New trial
-1.3356e+02 -1.3124e+02 -1.4281e+02 -8.1234e+02
-1.3349e+02 -1.3040e+02 -1.0867e+02 -1.5940e+02
-1.3328e+02 -1.2833e+02 -8.5112e+01 -9.3137e+01
-1.3318e+02 -1.2733e+02 -7.9311e+01 -1.2346e+02
# New trial
-1.3358e+02 -1.3202e+02 -1.7562e+02 -1.0161e+03
-1.3333e+02 -1.2920e+02 -1.2413e+02 -4.7519e+02
-1.3302e+02 -1.2586e+02 -7.2242e+01 -1.2092e+02
-1.3314e+02 -1.2695e+02 -8.1082e+01 -1.8606e+02
# New trial
-1.3356e+02 -1.3185e+02 -1.5823e+02 -7.5753e+02
-1.3334e+02 -1.2934e+02 -1.1985e+02 -3.8541e+02
-1.3285e+02 -1.2419e+02 -6.9361e+01 -1.6445e+02
-1.3259e+02 -1.2148e+02 -6.7051e+01 -2.2804e+02
# New trial
-1.3363e+02 -1.3276e+02 -2.0737e+02 -1.4622e+03
-1.3342e+02 -1.3014e+02 -1.3364e+02 -5.3411e+02
-1.3294e+02 -1.2502e+02 -7.5770e+01 -1.6048e+02
-1.3290e+02 -1.2454e+02 -7.7078e+01 -2.7338e+02
# New trial
-1.3359e+02 -1.3141e+02 -1.1962e+02 -2.7021e+02
-1.3345e+02 -1.3009e+02 -1.0508e+02 -1.2839e+02
-1.3321e+02 -1.2761e+02 -8.3061e+01 -1.1040e+02
-1.3324e+02 -1.2791e+02 -8.2995e+01 -1.1593e+02
# New trial
-1.3351e+02 -1.3083e+02 -1.3464e+02 -7.2618e+02
-1.3346e+02 -1.3028e+02 -1.1902e+02 -3.8249e+02
-1.3324e+02 -1.2794e+02 -8.4702e+01 -8.9562e+01
-1.3316e+02 -1.2706e+02 -7.5745e+01 -5.0117e+01
# New trial
-1.3341e+02 -1.3070e+02 -1.6921e+02 -9.9844e+02
-1.3330e+02 -1.2915e+02 -1.3067e+02 -5.8169e+02
-1.3291e+02 -1.2482e+02 -7.3327e+01 -1.4868e+02
-1.3280e+02 -1.2360e+02 -6.6654e+01 -1.7221e+02
# New trial
-1.3355e+02 -1.3129e+02 -1.3757e+02 -5.8129e+02
-1.3339e+02 -1.2958e+02 -1.0923e+02 -2.5665e+02
-1.3313e+02 -1.2690e+02 -8.1392e+01 -9.9943e+01
-1.3316e+02 -1.2714e+02 -8.3868e+01 -2.8044e+02
# New trial
-1.3351e+02 -1.3088e+02 -1.4152e+02 -7.2514e+02
-1.3345e+02 -1.3019e+02 -1.1685e+02 -3.7104e+02
-1.3322e+02 -1.2774e+02 -8.2088e+01 -1.3646e+02
-1.3308e+02 -1.2624e+02 -7.0366e+01 -5.9021e+01
# New trial
