# 1.0sig - Array shape (trial/sig/alpha): (30L, 4L, 4L)
-7.3774e+01 -7.3234e+01 -7.7030e+01 -1.9079e+02
-7.3740e+01 -7.2868e+01 -6.9350e+01 -1.0450e+02
-7.3657e+01 -7.2009e+01 -5.9124e+01 -5.5381e+01
-7.3612e+01 -7.1557e+01 -5.7792e+01 -5.5381e+01
# New trial
-7.3776e+01 -7.3233e+01 -7.2810e+01 -1.3842e+02
-7.3752e+01 -7.2992e+01 -6.8718e+01 -7.5466e+01
-7.3699e+01 -7.2447e+01 -6.2809e+01 -5.5521e+01
-7.3712e+01 -7.2552e+01 -6.2951e+01 -5.9622e+01
# New trial
-7.3785e+01 -7.3309e+01 -7.2550e+01 -1.4376e+02
-7.3762e+01 -7.3068e+01 -6.8538e+01 -7.3913e+01
-7.3709e+01 -7.2525e+01 -6.2372e+01 -5.5381e+01
-7.3690e+01 -7.2330e+01 -6.1112e+01 -5.5381e+01
# New trial
-7.3792e+01 -7.3391e+01 -7.7597e+01 -2.3616e+02
-7.3769e+01 -7.3161e+01 -7.1556e+01 -1.3152e+02
-7.3713e+01 -7.2574e+01 -6.3447e+01 -5.6058e+01
-7.3682e+01 -7.2253e+01 -6.1155e+01 -5.6542e+01
# New trial
-7.3783e+01 -7.3365e+01 -8.1944e+01 -2.5883e+02
-7.3749e+01 -7.2976e+01 -7.1815e+01 -1.5080e+02
-7.3676e+01 -7.2204e+01 -6.1326e+01 -5.5877e+01
-7.3646e+01 -7.1889e+01 -5.9310e+01 -5.5382e+01
# New trial
-7.3794e+01 -7.3404e+01 -7.6201e+01 -2.1300e+02
-7.3765e+01 -7.3098e+01 -6.9067e+01 -9.0321e+01
-7.3711e+01 -7.2548e+01 -6.2639e+01 -5.5459e+01
-7.3702e+01 -7.2453e+01 -6.2986e+01 -9.6266e+01
# New trial
-7.3799e+01 -7.3442e+01 -7.3674e+01 -1.6720e+02
-7.3787e+01 -7.3303e+01 -6.9404e+01 -9.3800e+01
-7.3772e+01 -7.3143e+01 -6.7269e+01 -5.6051e+01
-7.3782e+01 -7.3244e+01 -6.8252e+01 -7.6202e+01
# New trial
-7.3790e+01 -7.3426e+01 -8.0833e+01 -2.4278e+02
-7.3753e+01 -7.3022e+01 -7.2221e+01 -1.5653e+02
-7.3684e+01 -7.2290e+01 -6.1826e+01 -5.5733e+01
-7.3700e+01 -7.2435e+01 -6.2528e+01 -7.7535e+01
# New trial
-7.3707e+01 -7.2674e+01 -7.4761e+01 -1.7008e+02
-7.3638e+01 -7.1938e+01 -6.5205e+01 -9.0854e+01
-7.3517e+01 -7.0667e+01 -5.7305e+01 -5.5382e+01
-7.3603e+01 -7.1475e+01 -5.7870e+01 -5.5390e+01
# New trial
-7.3776e+01 -7.3243e+01 -7.4044e+01 -1.7992e+02
-7.3738e+01 -7.2861e+01 -7.0438e+01 -1.4757e+02
-7.3654e+01 -7.1990e+01 -6.0055e+01 -5.5384e+01
-7.3618e+01 -7.1609e+01 -5.8915e+01 -5.5381e+01
# New trial
-7.3745e+01 -7.2979e+01 -7.6113e+01 -1.9935e+02
-7.3707e+01 -7.2599e+01 -7.1843e+01 -1.5916e+02
-7.3631e+01 -7.1760e+01 -5.8316e+01 -5.5381e+01
-7.3633e+01 -7.1761e+01 -5.9502e+01 -5.5382e+01
# New trial
-7.3791e+01 -7.3464e+01 -8.2295e+01 -2.5510e+02
-7.3742e+01 -7.2887e+01 -6.9066e+01 -1.1465e+02
-7.3653e+01 -7.1963e+01 -5.8621e+01 -5.5381e+01
-7.3606e+01 -7.1498e+01 -5.7683e+01 -5.5381e+01
# New trial
-7.3777e+01 -7.3294e+01 -8.0466e+01 -2.4520e+02
-7.3740e+01 -7.2872e+01 -6.9232e+01 -1.0851e+02
-7.3698e+01 -7.2429e+01 -6.2083e+01 -5.5395e+01
-7.3725e+01 -7.2680e+01 -6.3577e+01 -5.5382e+01
# New trial
-7.3784e+01 -7.3545e+01 -9.4375e+01 -3.7661e+02
-7.3719e+01 -7.2741e+01 -7.4755e+01 -1.7371e+02
-7.3625e+01 -7.1706e+01 -5.8370e+01 -5.5382e+01
-7.3654e+01 -7.1974e+01 -5.9856e+01 -5.5381e+01
# New trial
-7.3787e+01 -7.3358e+01 -7.6317e+01 -2.0053e+02
-7.3766e+01 -7.3130e+01 -7.0860e+01 -1.1116e+02
-7.3716e+01 -7.2594e+01 -6.3099e+01 -5.5394e+01
-7.3710e+01 -7.2529e+01 -6.2265e+01 -5.5382e+01
# New trial
-7.3716e+01 -7.2900e+01 -8.9086e+01 -3.3799e+02
-7.3674e+01 -7.2412e+01 -7.2735e+01 -1.5435e+02
-7.3592e+01 -7.1442e+01 -5.9094e+01 -5.5513e+01
-7.3658e+01 -7.2019e+01 -6.1187e+01 -5.5546e+01
# New trial
-7.3750e+01 -7.2992e+01 -7.1449e+01 -1.2935e+02
-7.3699e+01 -7.2484e+01 -6.6649e+01 -1.0869e+02
-7.3595e+01 -7.1423e+01 -5.7351e+01 -5.5381e+01
-7.3672e+01 -7.2155e+01 -5.9803e+01 -5.5450e+01
# New trial
-7.3755e+01 -7.3035e+01 -7.1712e+01 -1.4216e+02
-7.3726e+01 -7.2742e+01 -6.8916e+01 -1.0990e+02
-7.3665e+01 -7.2109e+01 -6.0666e+01 -5.5413e+01
-7.3690e+01 -7.2333e+01 -6.1906e+01 -5.5658e+01
# New trial
-7.3790e+01 -7.3441e+01 -8.2908e+01 -2.6938e+02
-7.3757e+01 -7.3087e+01 -7.5602e+01 -1.8248e+02
-7.3666e+01 -7.2107e+01 -5.9653e+01 -5.5381e+01
-7.3606e+01 -7.1497e+01 -5.7829e+01 -5.5381e+01
# New trial
-7.3784e+01 -7.3302e+01 -7.5502e+01 -2.2612e+02
-7.3767e+01 -7.3117e+01 -6.9552e+01 -1.0905e+02
-7.3720e+01 -7.2634e+01 -6.2919e+01 -5.5389e+01
-7.3707e+01 -7.2494e+01 -6.1531e+01 -5.5381e+01
# New trial
-7.3732e+01 -7.2914e+01 -7.9359e+01 -2.2342e+02
-7.3680e+01 -7.2311e+01 -6.5239e+01 -6.7341e+01
-7.3688e+01 -7.2342e+01 -6.2782e+01 -5.5831e+01
-7.3799e+01 -7.3416e+01 -7.0464e+01 -1.2523e+02
# New trial
-7.3769e+01 -7.3148e+01 -7.4522e+01 -1.8970e+02
-7.3747e+01 -7.2910e+01 -6.6540e+01 -6.8266e+01
-7.3705e+01 -7.2479e+01 -6.1750e+01 -5.5434e+01
-7.3709e+01 -7.2517e+01 -6.2094e+01 -5.5401e+01
# New trial
-7.3779e+01 -7.3337e+01 -7.9813e+01 -2.3335e+02
-7.3725e+01 -7.2765e+01 -7.0190e+01 -1.2937e+02
-7.3668e+01 -7.2148e+01 -6.1440e+01 -5.5731e+01
-7.3720e+01 -7.2626e+01 -6.3915e+01 -7.8063e+01
# New trial
-7.3778e+01 -7.3356e+01 -7.9761e+01 -2.2252e+02
-7.3728e+01 -7.2799e+01 -7.0039e+01 -1.1609e+02
-7.3611e+01 -7.1587e+01 -5.7811e+01 -5.5381e+01
-7.3532e+01 -7.0766e+01 -5.6542e+01 -5.5381e+01
# New trial
-7.3890e+01 -7.4642e+01 -1.0237e+02 -4.5139e+02
-7.3814e+01 -7.3696e+01 -8.0117e+01 -2.0797e+02
-7.3653e+01 -7.2013e+01 -6.1665e+01 -5.5589e+01
-7.3678e+01 -7.2219e+01 -6.2950e+01 -8.0395e+01
# New trial
-7.3790e+01 -7.3336e+01 -7.0311e+01 -1.0173e+02
-7.3754e+01 -7.2974e+01 -6.6528e+01 -5.7864e+01
-7.3687e+01 -7.2308e+01 -6.0779e+01 -5.5382e+01
-7.3712e+01 -7.2549e+01 -6.2243e+01 -5.5386e+01
# New trial
-7.3762e+01 -7.3115e+01 -7.7088e+01 -2.2395e+02
-7.3745e+01 -7.2931e+01 -7.0126e+01 -1.2463e+02
-7.3698e+01 -7.2428e+01 -6.2421e+01 -5.5922e+01
-7.3706e+01 -7.2489e+01 -6.2318e+01 -5.5446e+01
# New trial
-7.3806e+01 -7.3724e+01 -8.6405e+01 -3.1678e+02
-7.3753e+01 -7.3102e+01 -7.3946e+01 -1.6582e+02
-7.3630e+01 -7.1772e+01 -5.8124e+01 -5.5381e+01
-7.3574e+01 -7.1185e+01 -5.7767e+01 -5.5434e+01
# New trial
-7.3778e+01 -7.3253e+01 -7.4022e+01 -1.5492e+02
-7.3739e+01 -7.2857e+01 -6.7735e+01 -9.0413e+01
-7.3679e+01 -7.2244e+01 -6.1253e+01 -5.5388e+01
-7.3721e+01 -7.2640e+01 -6.5776e+01 -1.2822e+02
# New trial
-7.3786e+01 -7.3340e+01 -7.6582e+01 -2.2151e+02
-7.3760e+01 -7.3062e+01 -7.0387e+01 -1.3304e+02
-7.3690e+01 -7.2342e+01 -6.1040e+01 -5.5381e+01
-7.3633e+01 -7.1762e+01 -5.8629e+01 -5.5381e+01
# New trial
