# 10.0sig - Array shape (trial/sig/alpha): (30, 4, 4)
-1.7074e+02 -1.7062e+02 -1.7175e+02 -3.1861e+02
-1.7074e+02 -1.7056e+02 -1.7028e+02 -2.8451e+02
-1.7070e+02 -1.7014e+02 -1.6508e+02 -1.9477e+02
-1.7062e+02 -1.6932e+02 -1.5671e+02 -1.3697e+02
# New trial
-1.7075e+02 -1.7078e+02 -1.9075e+02 -7.4948e+02
-1.7068e+02 -1.7004e+02 -1.7533e+02 -4.4711e+02
-1.7053e+02 -1.6851e+02 -1.5331e+02 -2.1397e+02
-1.7036e+02 -1.6683e+02 -1.3546e+02 -1.1546e+02
# New trial
-1.7076e+02 -1.7078e+02 -1.7775e+02 -4.4510e+02
-1.7072e+02 -1.7035e+02 -1.6909e+02 -2.9025e+02
-1.7061e+02 -1.6925e+02 -1.5617e+02 -1.3631e+02
-1.7047e+02 -1.6789e+02 -1.4346e+02 -1.1855e+02
# New trial
-1.7073e+02 -1.7049e+02 -1.7019e+02 -3.1997e+02
-1.7071e+02 -1.7026e+02 -1.6807e+02 -2.8754e+02
-1.7060e+02 -1.6919e+02 -1.5618e+02 -1.7041e+02
-1.7044e+02 -1.6757e+02 -1.4059e+02 -1.1938e+02
# New trial
-1.7077e+02 -1.7098e+02 -1.8545e+02 -6.5271e+02
-1.7072e+02 -1.7039e+02 -1.6994e+02 -3.2021e+02
-1.7064e+02 -1.6957e+02 -1.5966e+02 -1.5890e+02
-1.7056e+02 -1.6875e+02 -1.5113e+02 -1.1869e+02
# New trial
-1.7072e+02 -1.7041e+02 -1.6909e+02 -2.3510e+02
-1.7068e+02 -1.7001e+02 -1.6479e+02 -2.2273e+02
-1.7057e+02 -1.6885e+02 -1.5253e+02 -1.4042e+02
-1.7040e+02 -1.6720e+02 -1.3727e+02 -1.1538e+02
# New trial
-1.7074e+02 -1.7061e+02 -1.7073e+02 -3.9497e+02
-1.7073e+02 -1.7050e+02 -1.6930e+02 -2.8841e+02
-1.7068e+02 -1.7000e+02 -1.6386e+02 -2.0968e+02
-1.7059e+02 -1.6908e+02 -1.5426e+02 -1.2265e+02
# New trial
-1.7071e+02 -1.7032e+02 -1.7243e+02 -3.9159e+02
-1.7068e+02 -1.6999e+02 -1.6786e+02 -3.4765e+02
-1.7058e+02 -1.6899e+02 -1.5467e+02 -1.3140e+02
-1.7047e+02 -1.6783e+02 -1.4256e+02 -1.1538e+02
# New trial
-1.7077e+02 -1.7108e+02 -2.0406e+02 -8.0622e+02
-1.7070e+02 -1.7024e+02 -1.7405e+02 -4.0506e+02
-1.7055e+02 -1.6867e+02 -1.5234e+02 -2.0917e+02
-1.7039e+02 -1.6705e+02 -1.3688e+02 -1.2780e+02
# New trial
-1.7073e+02 -1.7051e+02 -1.7027e+02 -3.0944e+02
-1.7070e+02 -1.7022e+02 -1.6571e+02 -1.8267e+02
-1.7065e+02 -1.6967e+02 -1.6006e+02 -1.3704e+02
-1.7058e+02 -1.6893e+02 -1.5295e+02 -1.2117e+02
# New trial
-1.7079e+02 -1.7117e+02 -1.9229e+02 -7.1394e+02
-1.7068e+02 -1.7005e+02 -1.7246e+02 -5.0322e+02
-1.7053e+02 -1.6849e+02 -1.5036e+02 -1.7472e+02
-1.7034e+02 -1.6653e+02 -1.3258e+02 -1.1543e+02
# New trial
-1.7084e+02 -1.7175e+02 -2.0285e+02 -7.1837e+02
-1.7074e+02 -1.7060e+02 -1.7128e+02 -2.5372e+02
-1.7067e+02 -1.6990e+02 -1.6277e+02 -1.7699e+02
-1.7059e+02 -1.6908e+02 -1.5433e+02 -1.1736e+02
# New trial
-1.7073e+02 -1.7055e+02 -1.7852e+02 -4.9089e+02
-1.7069e+02 -1.7012e+02 -1.6936e+02 -3.3189e+02
-1.7057e+02 -1.6892e+02 -1.5402e+02 -1.7283e+02
-1.7041e+02 -1.6727e+02 -1.3814e+02 -1.1538e+02
# New trial
-1.7076e+02 -1.7083e+02 -1.7582e+02 -3.9735e+02
-1.7073e+02 -1.7044e+02 -1.6963e+02 -2.7284e+02
-1.7061e+02 -1.6929e+02 -1.5670e+02 -1.4268e+02
-1.7048e+02 -1.6792e+02 -1.4336e+02 -1.1538e+02
# New trial
-1.7077e+02 -1.7092e+02 -1.8334e+02 -4.8797e+02
-1.7072e+02 -1.7038e+02 -1.7279e+02 -3.4839e+02
-1.7058e+02 -1.6900e+02 -1.5464e+02 -1.5615e+02
-1.7045e+02 -1.6763e+02 -1.4116e+02 -1.1735e+02
# New trial
-1.7085e+02 -1.7191e+02 -2.1060e+02 -8.0814e+02
-1.7074e+02 -1.7061e+02 -1.7716e+02 -4.4643e+02
-1.7053e+02 -1.6851e+02 -1.5027e+02 -1.3368e+02
-1.7032e+02 -1.6634e+02 -1.3114e+02 -1.1701e+02
# New trial
-1.7073e+02 -1.7059e+02 -1.9539e+02 -7.2303e+02
-1.7066e+02 -1.6976e+02 -1.6608e+02 -3.4357e+02
-1.7053e+02 -1.6847e+02 -1.5230e+02 -2.9551e+02
-1.7041e+02 -1.6730e+02 -1.3890e+02 -1.2873e+02
# New trial
-1.7072e+02 -1.7036e+02 -1.7025e+02 -3.7291e+02
-1.7066e+02 -1.6980e+02 -1.6334e+02 -2.7973e+02
-1.7054e+02 -1.6857e+02 -1.5192e+02 -2.2423e+02
-1.7038e+02 -1.6700e+02 -1.3559e+02 -1.1538e+02
# New trial
-1.7074e+02 -1.7061e+02 -1.7140e+02 -3.1173e+02
-1.7072e+02 -1.7032e+02 -1.6687e+02 -1.8234e+02
-1.7067e+02 -1.6984e+02 -1.6170e+02 -1.2838e+02
-1.7059e+02 -1.6911e+02 -1.5449e+02 -1.1947e+02
# New trial
-1.7080e+02 -1.7130e+02 -1.9109e+02 -6.3243e+02
-1.7075e+02 -1.7072e+02 -1.7420e+02 -4.2729e+02
-1.7064e+02 -1.6955e+02 -1.5966e+02 -2.0177e+02
-1.7049e+02 -1.6803e+02 -1.4484e+02 -1.1696e+02
# New trial
-1.7075e+02 -1.7072e+02 -1.7451e+02 -4.1954e+02
-1.7071e+02 -1.7027e+02 -1.6665e+02 -2.8583e+02
-1.7062e+02 -1.6939e+02 -1.5735e+02 -1.4030e+02
-1.7049e+02 -1.6804e+02 -1.4442e+02 -1.1538e+02
# New trial
-1.7071e+02 -1.7028e+02 -1.6729e+02 -2.7784e+02
-1.7068e+02 -1.6999e+02 -1.6486e+02 -2.6290e+02
-1.7057e+02 -1.6887e+02 -1.5311e+02 -1.6700e+02
-1.7042e+02 -1.6735e+02 -1.3915e+02 -1.1847e+02
# New trial
-1.7073e+02 -1.7051e+02 -1.7069e+02 -2.9957e+02
-1.7070e+02 -1.7016e+02 -1.6619e+02 -2.2791e+02
-1.7060e+02 -1.6918e+02 -1.5555e+02 -1.2592e+02
-1.7047e+02 -1.6788e+02 -1.4313e+02 -1.1542e+02
# New trial
-1.7075e+02 -1.7077e+02 -1.7988e+02 -4.4201e+02
-1.7070e+02 -1.7030e+02 -1.7578e+02 -4.2535e+02
-1.7055e+02 -1.6873e+02 -1.5378e+02 -1.5937e+02
-1.7032e+02 -1.6635e+02 -1.3056e+02 -1.1538e+02
# New trial
-1.7076e+02 -1.7085e+02 -1.8431e+02 -5.2659e+02
-1.7069e+02 -1.7012e+02 -1.7081e+02 -3.6121e+02
-1.7053e+02 -1.6852e+02 -1.5101e+02 -2.1086e+02
-1.7036e+02 -1.6676e+02 -1.3419e+02 -1.1558e+02
# New trial
-1.7080e+02 -1.7150e+02 -2.0692e+02 -7.8464e+02
-1.7068e+02 -1.7011e+02 -1.7778e+02 -5.4455e+02
-1.7046e+02 -1.6781e+02 -1.4415e+02 -1.5284e+02
-1.7021e+02 -1.6529e+02 -1.2498e+02 -1.1538e+02
# New trial
-1.7085e+02 -1.7189e+02 -2.0716e+02 -7.7066e+02
-1.7074e+02 -1.7064e+02 -1.7393e+02 -4.0465e+02
-1.7061e+02 -1.6931e+02 -1.5750e+02 -1.8661e+02
-1.7046e+02 -1.6780e+02 -1.4416e+02 -1.2333e+02
# New trial
-1.7071e+02 -1.7027e+02 -1.6613e+02 -1.7451e+02
-1.7069e+02 -1.7009e+02 -1.6441e+02 -1.7568e+02
-1.7062e+02 -1.6942e+02 -1.5763e+02 -1.3625e+02
-1.7053e+02 -1.6844e+02 -1.4827e+02 -1.1632e+02
# New trial
-1.7073e+02 -1.7060e+02 -1.8888e+02 -6.4141e+02
-1.7069e+02 -1.7008e+02 -1.7019e+02 -3.7765e+02
-1.7054e+02 -1.6861e+02 -1.5134e+02 -1.3067e+02
-1.7038e+02 -1.6693e+02 -1.3522e+02 -1.2079e+02
# New trial
-1.7074e+02 -1.7063e+02 -1.7419e+02 -4.2679e+02
-1.7072e+02 -1.7033e+02 -1.6806e+02 -3.0281e+02
-1.7063e+02 -1.6949e+02 -1.5870e+02 -1.7082e+02
-1.7050e+02 -1.6815e+02 -1.4622e+02 -1.2332e+02
# New trial
