# 1.0sig - Array shape (trial/sig/alpha): (30L, 4L, 4L)
-6.9161e+01 -6.8680e+01 -7.5257e+01 -2.0924e+02
-6.9125e+01 -6.8274e+01 -6.6234e+01 -1.0538e+02
-6.9039e+01 -6.7374e+01 -5.4609e+01 -5.0766e+01
-6.8997e+01 -6.6936e+01 -5.2896e+01 -5.0766e+01
# New trial
-6.9153e+01 -6.8543e+01 -6.7682e+01 -1.3250e+02
-6.9125e+01 -6.8266e+01 -6.3532e+01 -6.6491e+01
-6.9083e+01 -6.7818e+01 -5.7537e+01 -5.0766e+01
-6.9132e+01 -6.8281e+01 -6.0119e+01 -5.0766e+01
# New trial
-6.9163e+01 -6.8624e+01 -6.7486e+01 -1.4380e+02
-6.9141e+01 -6.8398e+01 -6.3984e+01 -7.2757e+01
-6.9085e+01 -6.7836e+01 -5.7826e+01 -5.0881e+01
-6.9070e+01 -6.7664e+01 -5.6186e+01 -5.0766e+01
# New trial
-6.9172e+01 -6.8729e+01 -7.0968e+01 -1.9277e+02
-6.9153e+01 -6.8539e+01 -6.6692e+01 -1.1585e+02
-6.9095e+01 -6.7932e+01 -5.8342e+01 -5.0767e+01
-6.9067e+01 -6.7637e+01 -5.5922e+01 -5.0766e+01
# New trial
-6.9147e+01 -6.8570e+01 -7.6366e+01 -2.4140e+02
-6.9112e+01 -6.8151e+01 -6.6000e+01 -1.4584e+02
-6.9052e+01 -6.7507e+01 -5.5978e+01 -5.0846e+01
-6.9066e+01 -6.7629e+01 -5.6531e+01 -5.3089e+01
# New trial
-6.9170e+01 -6.8700e+01 -7.0545e+01 -1.9264e+02
-6.9144e+01 -6.8435e+01 -6.4394e+01 -9.3573e+01
-6.9098e+01 -6.7949e+01 -5.8037e+01 -5.0767e+01
-6.9116e+01 -6.8125e+01 -5.8731e+01 -5.0766e+01
# New trial
-6.9185e+01 -6.8841e+01 -6.9721e+01 -1.8773e+02
-6.9173e+01 -6.8697e+01 -6.4956e+01 -8.6557e+01
-6.9156e+01 -6.8518e+01 -6.2615e+01 -5.2894e+01
-6.9164e+01 -6.8602e+01 -6.3162e+01 -5.0886e+01
# New trial
-6.9178e+01 -6.8860e+01 -7.7848e+01 -2.5823e+02
-6.9137e+01 -6.8393e+01 -6.7964e+01 -1.6457e+02
-6.9066e+01 -6.7649e+01 -5.6886e+01 -5.1388e+01
-6.9093e+01 -6.7903e+01 -5.8275e+01 -5.6809e+01
# New trial
-6.9085e+01 -6.8033e+01 -7.0734e+01 -1.9225e+02
-6.9010e+01 -6.7228e+01 -6.1558e+01 -8.6993e+01
-6.8894e+01 -6.6013e+01 -5.3555e+01 -5.0798e+01
-6.9009e+01 -6.7095e+01 -5.9843e+01 -1.1085e+02
# New trial
-6.9165e+01 -6.8679e+01 -7.0198e+01 -1.5920e+02
-6.9125e+01 -6.8271e+01 -6.5553e+01 -1.2118e+02
-6.9031e+01 -6.7304e+01 -5.5209e+01 -5.1379e+01
-6.8988e+01 -6.6852e+01 -5.4035e+01 -6.0090e+01
# New trial
-6.9112e+01 -6.8203e+01 -7.0511e+01 -1.8850e+02
-6.9073e+01 -6.7809e+01 -6.6844e+01 -1.5818e+02
-6.9012e+01 -6.7116e+01 -5.4002e+01 -5.0778e+01
-6.9068e+01 -6.7640e+01 -5.5612e+01 -5.0766e+01
# New trial
-6.9151e+01 -6.8589e+01 -7.7017e+01 -2.5987e+02
-6.9111e+01 -6.8132e+01 -6.5079e+01 -1.1660e+02
-6.9029e+01 -6.7272e+01 -5.3965e+01 -5.0766e+01
-6.8983e+01 -6.6801e+01 -5.2691e+01 -5.0766e+01
# New trial
-6.9160e+01 -6.8663e+01 -7.5258e+01 -2.2899e+02
-6.9119e+01 -6.8210e+01 -6.4234e+01 -9.5987e+01
-6.9075e+01 -6.7744e+01 -5.7460e+01 -5.0873e+01
-6.9105e+01 -6.8019e+01 -5.8795e+01 -5.9183e+01
# New trial
-6.9152e+01 -6.8777e+01 -8.9072e+01 -3.6381e+02
-6.9093e+01 -6.8030e+01 -6.9403e+01 -1.6033e+02
-6.9010e+01 -6.7096e+01 -5.3634e+01 -5.0766e+01
-6.9083e+01 -6.7799e+01 -5.6340e+01 -5.0766e+01
# New trial
-6.9153e+01 -6.8567e+01 -7.2816e+01 -2.3303e+02
-6.9134e+01 -6.8348e+01 -6.5451e+01 -1.0359e+02
-6.9091e+01 -6.7891e+01 -5.8018e+01 -5.0767e+01
-6.9121e+01 -6.8171e+01 -5.9183e+01 -5.0766e+01
# New trial
-6.9109e+01 -6.8449e+01 -8.5883e+01 -3.4143e+02
-6.9072e+01 -6.7951e+01 -6.9236e+01 -1.5898e+02
-6.8986e+01 -6.6921e+01 -5.5519e+01 -5.0993e+01
-6.9035e+01 -6.7327e+01 -5.6074e+01 -5.1478e+01
# New trial
-6.9129e+01 -6.8329e+01 -6.7091e+01 -1.4070e+02
-6.9076e+01 -6.7805e+01 -6.2353e+01 -9.4234e+01
-6.8976e+01 -6.6781e+01 -5.4227e+01 -5.0871e+01
-6.9073e+01 -6.7706e+01 -5.7927e+01 -7.8745e+01
# New trial
-6.9151e+01 -6.8531e+01 -6.8023e+01 -1.3712e+02
-6.9119e+01 -6.8217e+01 -6.5182e+01 -1.1011e+02
-6.9044e+01 -6.7436e+01 -5.5228e+01 -5.0766e+01
-6.9061e+01 -6.7584e+01 -5.5974e+01 -5.0766e+01
# New trial
-6.9157e+01 -6.8643e+01 -7.7186e+01 -2.6666e+02
-6.9127e+01 -6.8332e+01 -7.0746e+01 -1.7983e+02
-6.9044e+01 -6.7432e+01 -5.5742e+01 -5.0800e+01
-6.8991e+01 -6.6884e+01 -5.3131e+01 -5.0766e+01
# New trial
-6.9169e+01 -6.8714e+01 -7.1631e+01 -1.8534e+02
-6.9152e+01 -6.8521e+01 -6.7311e+01 -1.3648e+02
-6.9109e+01 -6.8063e+01 -5.9193e+01 -5.0871e+01
-6.9112e+01 -6.8082e+01 -5.8907e+01 -5.4440e+01
# New trial
-6.9119e+01 -6.8307e+01 -7.4647e+01 -2.3126e+02
-6.9074e+01 -6.7806e+01 -6.2874e+01 -9.5521e+01
-6.9080e+01 -6.7806e+01 -5.8781e+01 -5.0871e+01
-6.9182e+01 -6.8787e+01 -6.5222e+01 -7.2622e+01
# New trial
-6.9165e+01 -6.8664e+01 -7.2152e+01 -2.1883e+02
-6.9139e+01 -6.8374e+01 -6.3383e+01 -6.8261e+01
-6.9092e+01 -6.7886e+01 -5.7721e+01 -5.0773e+01
-6.9102e+01 -6.7982e+01 -5.8296e+01 -5.5110e+01
# New trial
-6.9160e+01 -6.8757e+01 -7.9373e+01 -2.4848e+02
-6.9094e+01 -6.7993e+01 -6.4009e+01 -1.1428e+02
-6.9042e+01 -6.7412e+01 -5.5257e+01 -5.0768e+01
-6.9100e+01 -6.7962e+01 -5.8470e+01 -5.0767e+01
# New trial
-6.9183e+01 -6.8960e+01 -7.6778e+01 -2.2806e+02
-6.9134e+01 -6.8419e+01 -6.7827e+01 -1.3811e+02
-6.9002e+01 -6.7027e+01 -5.3424e+01 -5.0766e+01
-6.8917e+01 -6.6147e+01 -5.1804e+01 -5.0766e+01
# New trial
-6.9238e+01 -6.9667e+01 -9.6356e+01 -4.4054e+02
-6.9169e+01 -6.8821e+01 -7.5352e+01 -2.0688e+02
-6.9021e+01 -6.7224e+01 -5.5629e+01 -5.0775e+01
-6.9047e+01 -6.7443e+01 -5.6309e+01 -5.1024e+01
# New trial
-6.9170e+01 -6.8674e+01 -6.5801e+01 -1.0384e+02
-6.9132e+01 -6.8294e+01 -6.1877e+01 -6.1137e+01
-6.9072e+01 -6.7698e+01 -5.6787e+01 -5.0795e+01
-6.9121e+01 -6.8178e+01 -6.0315e+01 -9.0426e+01
# New trial
-6.9151e+01 -6.8536e+01 -7.1990e+01 -2.2899e+02
-6.9138e+01 -6.8390e+01 -6.5814e+01 -1.0834e+02
-6.9096e+01 -6.7944e+01 -5.8644e+01 -6.5429e+01
-6.9112e+01 -6.8085e+01 -5.9617e+01 -6.9189e+01
# New trial
-6.9179e+01 -6.8992e+01 -8.0809e+01 -2.9971e+02
-6.9133e+01 -6.8438e+01 -6.9836e+01 -1.5553e+02
-6.9025e+01 -6.7253e+01 -5.4399e+01 -5.0766e+01
-6.9019e+01 -6.7159e+01 -5.4182e+01 -5.0766e+01
# New trial
-6.9160e+01 -6.8623e+01 -6.9614e+01 -1.5594e+02
-6.9120e+01 -6.8212e+01 -6.3539e+01 -8.4304e+01
-6.9054e+01 -6.7533e+01 -5.6085e+01 -5.0770e+01
-6.9094e+01 -6.7910e+01 -5.8391e+01 -5.9113e+01
# New trial
-6.9150e+01 -6.8509e+01 -6.8194e+01 -1.4968e+02
-6.9128e+01 -6.8287e+01 -6.4419e+01 -9.8200e+01
-6.9070e+01 -6.7679e+01 -5.6052e+01 -5.0766e+01
-6.9054e+01 -6.7507e+01 -5.5346e+01 -5.0766e+01
# New trial
