# 1.0sig - Array shape (trial/sig/alpha): (30, 4, 4)
-1.3814e+02 -1.3560e+02 -1.4599e+02 -7.6165e+02
-1.3800e+02 -1.3413e+02 -1.1815e+02 -3.8372e+02
-1.3764e+02 -1.3043e+02 -7.4260e+01 -1.6610e+02
-1.3738e+02 -1.2773e+02 -5.9264e+01 -6.3146e+01
# New trial
-1.3816e+02 -1.3582e+02 -1.3969e+02 -5.0308e+02
-1.3802e+02 -1.3437e+02 -1.1234e+02 -1.6537e+02
-1.3779e+02 -1.3189e+02 -8.4152e+01 -1.3235e+02
-1.3772e+02 -1.3120e+02 -8.0838e+01 -1.8035e+02
# New trial
-1.3814e+02 -1.3552e+02 -1.3230e+02 -6.2986e+02
-1.3806e+02 -1.3462e+02 -1.1199e+02 -1.5625e+02
-1.3782e+02 -1.3225e+02 -8.5925e+01 -1.3667e+02
-1.3764e+02 -1.3035e+02 -7.8717e+01 -2.2405e+02
# New trial
-1.3820e+02 -1.3613e+02 -1.3999e+02 -6.5339e+02
-1.3808e+02 -1.3500e+02 -1.2605e+02 -3.8213e+02
-1.3785e+02 -1.3252e+02 -9.2962e+01 -1.1995e+02
-1.3780e+02 -1.3199e+02 -8.4538e+01 -1.8127e+02
# New trial
-1.3804e+02 -1.3487e+02 -1.6876e+02 -1.0665e+03
-1.3790e+02 -1.3317e+02 -1.1513e+02 -4.8995e+02
-1.3767e+02 -1.3072e+02 -7.8376e+01 -1.5620e+02
-1.3763e+02 -1.3030e+02 -7.1618e+01 -6.8858e+01
# New trial
-1.3819e+02 -1.3606e+02 -1.4403e+02 -8.2225e+02
-1.3810e+02 -1.3511e+02 -1.1949e+02 -3.1207e+02
-1.3786e+02 -1.3263e+02 -8.7884e+01 -1.1283e+02
-1.3773e+02 -1.3121e+02 -7.5136e+01 -7.2936e+01
# New trial
-1.3833e+02 -1.3739e+02 -1.4576e+02 -6.4533e+02
-1.3825e+02 -1.3647e+02 -1.2260e+02 -1.8776e+02
-1.3814e+02 -1.3538e+02 -1.0998e+02 -1.0414e+02
-1.3817e+02 -1.3563e+02 -1.1134e+02 -1.1739e+02
# New trial
-1.3821e+02 -1.3651e+02 -1.6701e+02 -9.8075e+02
-1.3805e+02 -1.3468e+02 -1.2658e+02 -4.4028e+02
-1.3773e+02 -1.3139e+02 -8.4859e+01 -1.2355e+02
-1.3769e+02 -1.3083e+02 -7.4535e+01 -7.2347e+01
# New trial
-1.3804e+02 -1.3535e+02 -1.7053e+02 -1.0591e+03
-1.3770e+02 -1.3165e+02 -1.3224e+02 -7.0151e+02
-1.3709e+02 -1.2514e+02 -6.3742e+01 -2.6427e+02
-1.3711e+02 -1.2515e+02 -5.7142e+01 -1.4911e+02
# New trial
-1.3822e+02 -1.3643e+02 -1.4263e+02 -6.1533e+02
-1.3805e+02 -1.3462e+02 -1.2088e+02 -3.9697e+02
-1.3764e+02 -1.3039e+02 -7.1560e+01 -1.4772e+02
-1.3746e+02 -1.2861e+02 -6.4475e+01 -1.0269e+02
# New trial
-1.3806e+02 -1.3517e+02 -1.4742e+02 -7.1596e+02
-1.3792e+02 -1.3353e+02 -1.2660e+02 -5.1770e+02
-1.3754e+02 -1.2954e+02 -7.6312e+01 -1.6994e+02
-1.3745e+02 -1.2851e+02 -6.5671e+01 -1.3635e+02
# New trial
-1.3814e+02 -1.3590e+02 -1.7031e+02 -1.0400e+03
-1.3798e+02 -1.3395e+02 -1.1513e+02 -3.8774e+02
-1.3762e+02 -1.3021e+02 -6.7299e+01 -9.3931e+01
-1.3732e+02 -1.2720e+02 -5.6791e+01 -5.2420e+01
# New trial
-1.3819e+02 -1.3637e+02 -1.7028e+02 -1.0138e+03
-1.3799e+02 -1.3403e+02 -1.1502e+02 -3.0280e+02
-1.3780e+02 -1.3203e+02 -8.3877e+01 -9.1183e+01
-1.3784e+02 -1.3233e+02 -8.3536e+01 -5.6745e+01
# New trial
-1.3808e+02 -1.3563e+02 -2.2073e+02 -1.7619e+03
-1.3788e+02 -1.3331e+02 -1.4047e+02 -6.8220e+02
-1.3747e+02 -1.2882e+02 -6.5134e+01 -1.3976e+02
-1.3748e+02 -1.2875e+02 -6.4159e+01 -4.7527e+01
# New trial
-1.3823e+02 -1.3661e+02 -1.6683e+02 -1.0790e+03
-1.3814e+02 -1.3549e+02 -1.2654e+02 -3.5399e+02
-1.3791e+02 -1.3308e+02 -9.0417e+01 -1.2060e+02
-1.3779e+02 -1.3181e+02 -7.9251e+01 -6.1980e+01
# New trial
-1.3799e+02 -1.3514e+02 -2.1383e+02 -1.5625e+03
-1.3777e+02 -1.3261e+02 -1.3902e+02 -6.3803e+02
-1.3736e+02 -1.2779e+02 -6.5640e+01 -1.7819e+02
-1.3745e+02 -1.2850e+02 -7.0563e+01 -2.0602e+02
# New trial
-1.3803e+02 -1.3470e+02 -1.3503e+02 -5.2651e+02
-1.3785e+02 -1.3284e+02 -1.1518e+02 -4.0601e+02
-1.3740e+02 -1.2823e+02 -7.7845e+01 -2.1731e+02
-1.3742e+02 -1.2824e+02 -7.4967e+01 -2.9446e+02
# New trial
-1.3808e+02 -1.3508e+02 -1.3312e+02 -5.5422e+02
-1.3797e+02 -1.3389e+02 -1.1883e+02 -3.9137e+02
-1.3769e+02 -1.3091e+02 -7.7052e+01 -1.2257e+02
-1.3772e+02 -1.3111e+02 -7.6642e+01 -6.7366e+01
# New trial
-1.3811e+02 -1.3553e+02 -1.7324e+02 -1.1387e+03
-1.3803e+02 -1.3462e+02 -1.3823e+02 -6.4963e+02
-1.3769e+02 -1.3090e+02 -7.8207e+01 -1.3516e+02
-1.3748e+02 -1.2881e+02 -6.4467e+01 -6.8989e+01
# New trial
-1.3831e+02 -1.3735e+02 -1.6358e+02 -9.6559e+02
-1.3822e+02 -1.3634e+02 -1.3741e+02 -5.6733e+02
-1.3797e+02 -1.3366e+02 -9.6226e+01 -1.5893e+02
-1.3781e+02 -1.3206e+02 -8.1595e+01 -1.0356e+02
# New trial
-1.3802e+02 -1.3489e+02 -1.6588e+02 -1.0570e+03
-1.3785e+02 -1.3289e+02 -1.1331e+02 -3.2017e+02
-1.3777e+02 -1.3179e+02 -8.7484e+01 -1.1122e+02
-1.3803e+02 -1.3422e+02 -1.0189e+02 -2.0961e+02
# New trial
-1.3820e+02 -1.3614e+02 -1.5298e+02 -9.5957e+02
-1.3812e+02 -1.3521e+02 -1.1603e+02 -1.9475e+02
-1.3788e+02 -1.3281e+02 -8.9275e+01 -1.0225e+02
-1.3776e+02 -1.3150e+02 -7.6546e+01 -6.4907e+01
# New trial
-1.3810e+02 -1.3566e+02 -1.7332e+02 -1.0694e+03
-1.3791e+02 -1.3351e+02 -1.2091e+02 -4.4204e+02
-1.3762e+02 -1.3033e+02 -7.9482e+01 -1.3035e+02
-1.3772e+02 -1.3116e+02 -7.8156e+01 -8.2294e+01
# New trial
-1.3808e+02 -1.3556e+02 -1.6301e+02 -8.1525e+02
-1.3786e+02 -1.3303e+02 -1.1886e+02 -3.9930e+02
-1.3742e+02 -1.2833e+02 -6.8959e+01 -1.7519e+02
-1.3717e+02 -1.2570e+02 -6.5429e+01 -1.7435e+02
# New trial
-1.3837e+02 -1.3885e+02 -2.3111e+02 -1.5750e+03
-1.3810e+02 -1.3541e+02 -1.4342e+02 -5.7386e+02
-1.3753e+02 -1.2936e+02 -6.9330e+01 -1.4679e+02
-1.3746e+02 -1.2855e+02 -6.8042e+01 -1.9913e+02
# New trial
-1.3820e+02 -1.3603e+02 -1.2498e+02 -3.3444e+02
-1.3807e+02 -1.3466e+02 -1.0862e+02 -1.2904e+02
-1.3779e+02 -1.3187e+02 -8.1742e+01 -1.1859e+02
-1.3781e+02 -1.3203e+02 -8.2821e+01 -1.5244e+02
# New trial
-1.3806e+02 -1.3488e+02 -1.4361e+02 -7.6554e+02
-1.3801e+02 -1.3420e+02 -1.2073e+02 -4.1132e+02
-1.3779e+02 -1.3193e+02 -8.4397e+01 -9.7616e+01
-1.3773e+02 -1.3129e+02 -7.7111e+01 -5.4705e+01
# New trial
-1.3820e+02 -1.3737e+02 -2.0488e+02 -1.4187e+03
-1.3800e+02 -1.3457e+02 -1.3706e+02 -5.8959e+02
-1.3752e+02 -1.2931e+02 -7.5238e+01 -2.0454e+02
-1.3737e+02 -1.2770e+02 -6.7199e+01 -2.0157e+02
# New trial
-1.3820e+02 -1.3637e+02 -1.5389e+02 -7.2658e+02
-1.3801e+02 -1.3426e+02 -1.1625e+02 -3.1333e+02
-1.3769e+02 -1.3095e+02 -7.8155e+01 -1.1043e+02
-1.3773e+02 -1.3120e+02 -7.6843e+01 -8.7223e+01
# New trial
-1.3811e+02 -1.3533e+02 -1.5015e+02 -8.6603e+02
-1.3804e+02 -1.3452e+02 -1.1978e+02 -4.0857e+02
-1.3780e+02 -1.3205e+02 -8.6969e+01 -1.6588e+02
-1.3764e+02 -1.3037e+02 -7.6786e+01 -2.1051e+02
# New trial
