# 10.0sig - Array shape (trial/sig/alpha): (30L, 4L, 4L)
-3.2265e+01 -3.1913e+01 -2.9680e+01 -3.4871e+01
-3.2291e+01 -3.2163e+01 -3.1225e+01 -3.6416e+01
-3.2304e+01 -3.2292e+01 -3.2260e+01 -3.9136e+01
-3.2306e+01 -3.2303e+01 -3.2287e+01 -3.2321e+01
# New trial
-3.2302e+01 -3.2554e+01 -4.6082e+01 -2.3516e+02
-3.2282e+01 -3.2233e+01 -3.6149e+01 -1.0101e+02
-3.2297e+01 -3.2243e+01 -3.2921e+01 -7.0978e+01
-3.2306e+01 -3.2307e+01 -3.2338e+01 -3.9826e+01
# New trial
-3.2254e+01 -3.1831e+01 -3.1528e+01 -6.1398e+01
-3.2282e+01 -3.2078e+01 -3.1597e+01 -5.9249e+01
-3.2304e+01 -3.2289e+01 -3.2635e+01 -6.9151e+01
-3.2306e+01 -3.2308e+01 -3.2384e+01 -4.9773e+01
# New trial
-3.2292e+01 -3.2182e+01 -3.2050e+01 -5.7908e+01
-3.2297e+01 -3.2227e+01 -3.2142e+01 -5.9437e+01
-3.2304e+01 -3.2289e+01 -3.2277e+01 -4.7968e+01
-3.2305e+01 -3.2302e+01 -3.2281e+01 -3.2803e+01
# New trial
-3.2329e+01 -3.2717e+01 -4.6715e+01 -2.3203e+02
-3.2312e+01 -3.2422e+01 -3.6348e+01 -1.0267e+02
-3.2304e+01 -3.2296e+01 -3.2880e+01 -6.6461e+01
-3.2305e+01 -3.2302e+01 -3.2286e+01 -3.7196e+01
# New trial
-3.2306e+01 -3.2342e+01 -3.7392e+01 -1.3825e+02
-3.2307e+01 -3.2325e+01 -3.4028e+01 -8.8742e+01
-3.2306e+01 -3.2310e+01 -3.2714e+01 -7.0118e+01
-3.2306e+01 -3.2303e+01 -3.2296e+01 -3.3736e+01
# New trial
-3.2268e+01 -3.1963e+01 -3.2629e+01 -8.7700e+01
-3.2279e+01 -3.2059e+01 -3.1700e+01 -6.1108e+01
-3.2298e+01 -3.2230e+01 -3.1939e+01 -6.4791e+01
-3.2305e+01 -3.2303e+01 -3.2318e+01 -4.6855e+01
# New trial
-3.2216e+01 -3.1575e+01 -3.2698e+01 -8.2281e+01
-3.2265e+01 -3.1974e+01 -3.2717e+01 -7.4042e+01
-3.2301e+01 -3.2266e+01 -3.2524e+01 -5.8059e+01
-3.2306e+01 -3.2305e+01 -3.2326e+01 -3.6190e+01
# New trial
-3.2299e+01 -3.2385e+01 -4.2564e+01 -1.9548e+02
-3.2304e+01 -3.2373e+01 -3.7942e+01 -1.3199e+02
-3.2301e+01 -3.2280e+01 -3.3526e+01 -7.9076e+01
-3.2306e+01 -3.2306e+01 -3.2431e+01 -5.2947e+01
# New trial
-3.2306e+01 -3.2309e+01 -3.3166e+01 -7.2381e+01
-3.2306e+01 -3.2309e+01 -3.2731e+01 -5.5849e+01
-3.2305e+01 -3.2299e+01 -3.2318e+01 -4.4030e+01
-3.2306e+01 -3.2306e+01 -3.2307e+01 -3.3461e+01
# New trial
-3.2378e+01 -3.3104e+01 -4.5093e+01 -2.1234e+02
-3.2348e+01 -3.2757e+01 -3.9813e+01 -1.5720e+02
-3.2313e+01 -3.2383e+01 -3.3671e+01 -9.0997e+01
-3.2306e+01 -3.2304e+01 -3.2300e+01 -3.4690e+01
# New trial
-3.2323e+01 -3.2607e+01 -4.4786e+01 -2.1477e+02
-3.2293e+01 -3.2216e+01 -3.3828e+01 -7.1884e+01
-3.2299e+01 -3.2243e+01 -3.2129e+01 -4.0796e+01
-3.2305e+01 -3.2295e+01 -3.2270e+01 -3.3295e+01
# New trial
-3.2280e+01 -3.2093e+01 -3.4053e+01 -9.1776e+01
-3.2303e+01 -3.2299e+01 -3.3595e+01 -7.2321e+01
-3.2304e+01 -3.2291e+01 -3.2525e+01 -5.5410e+01
-3.2306e+01 -3.2304e+01 -3.2301e+01 -3.4134e+01
# New trial
-3.2230e+01 -3.1608e+01 -2.9276e+01 -4.0817e+01
-3.2271e+01 -3.1983e+01 -3.1132e+01 -5.8706e+01
-3.2302e+01 -3.2271e+01 -3.2263e+01 -6.4738e+01
-3.2305e+01 -3.2302e+01 -3.2280e+01 -3.2718e+01
# New trial
-3.2274e+01 -3.2047e+01 -3.4087e+01 -9.5315e+01
-3.2280e+01 -3.2079e+01 -3.2138e+01 -6.6305e+01
-3.2300e+01 -3.2254e+01 -3.2141e+01 -5.0147e+01
-3.2305e+01 -3.2302e+01 -3.2286e+01 -3.2780e+01
# New trial
-3.2325e+01 -3.2599e+01 -4.0767e+01 -1.6156e+02
-3.2319e+01 -3.2508e+01 -3.7694e+01 -1.2107e+02
-3.2306e+01 -3.2323e+01 -3.3902e+01 -9.3740e+01
-3.2305e+01 -3.2303e+01 -3.2369e+01 -4.8353e+01
# New trial
-3.2301e+01 -3.2391e+01 -4.2557e+01 -2.0062e+02
-3.2296e+01 -3.2254e+01 -3.4626e+01 -9.0056e+01
-3.2301e+01 -3.2264e+01 -3.2283e+01 -5.8731e+01
-3.2306e+01 -3.2307e+01 -3.2346e+01 -4.4596e+01
# New trial
-3.2253e+01 -3.1865e+01 -3.5267e+01 -1.1613e+02
-3.2267e+01 -3.1973e+01 -3.2549e+01 -7.3622e+01
-3.2292e+01 -3.2185e+01 -3.1983e+01 -6.5754e+01
-3.2304e+01 -3.2293e+01 -3.2269e+01 -3.3555e+01
# New trial
-3.2290e+01 -3.2150e+01 -3.1356e+01 -5.2330e+01
-3.2300e+01 -3.2250e+01 -3.2316e+01 -6.0817e+01
-3.2305e+01 -3.2297e+01 -3.2355e+01 -4.8640e+01
-3.2306e+01 -3.2303e+01 -3.2291e+01 -3.2579e+01
# New trial
-3.2286e+01 -3.2230e+01 -3.8970e+01 -1.4182e+02
-3.2315e+01 -3.2461e+01 -3.7910e+01 -1.3279e+02
-3.2310e+01 -3.2359e+01 -3.4049e+01 -8.4993e+01
-3.2307e+01 -3.2320e+01 -3.2686e+01 -6.9769e+01
# New trial
-3.2343e+01 -3.2818e+01 -4.7363e+01 -2.2923e+02
-3.2322e+01 -3.2507e+01 -3.7237e+01 -1.2074e+02
-3.2307e+01 -3.2328e+01 -3.4025e+01 -9.6284e+01
-3.2306e+01 -3.2312e+01 -3.2532e+01 -5.9378e+01
# New trial
-3.2305e+01 -3.2299e+01 -3.2874e+01 -6.3371e+01
-3.2291e+01 -3.2170e+01 -3.1890e+01 -6.6679e+01
-3.2292e+01 -3.2168e+01 -3.1203e+01 -4.7556e+01
-3.2304e+01 -3.2285e+01 -3.2132e+01 -3.0814e+01
# New trial
-3.2317e+01 -3.2455e+01 -3.6202e+01 -1.0413e+02
-3.2304e+01 -3.2317e+01 -3.4059e+01 -7.0269e+01
-3.2304e+01 -3.2294e+01 -3.2663e+01 -5.3177e+01
-3.2306e+01 -3.2305e+01 -3.2344e+01 -3.9279e+01
# New trial
-3.2255e+01 -3.1845e+01 -3.1671e+01 -6.4184e+01
-3.2278e+01 -3.2054e+01 -3.1746e+01 -5.4360e+01
-3.2302e+01 -3.2268e+01 -3.2313e+01 -5.9779e+01
-3.2306e+01 -3.2303e+01 -3.2308e+01 -3.8324e+01
# New trial
-3.2290e+01 -3.2160e+01 -3.2479e+01 -6.6593e+01
-3.2294e+01 -3.2196e+01 -3.1873e+01 -4.8863e+01
-3.2304e+01 -3.2284e+01 -3.2207e+01 -4.2940e+01
-3.2306e+01 -3.2306e+01 -3.2311e+01 -3.5275e+01
# New trial
-3.2278e+01 -3.2295e+01 -4.2432e+01 -1.8365e+02
-3.2299e+01 -3.2312e+01 -3.5600e+01 -9.0499e+01
-3.2301e+01 -3.2274e+01 -3.3140e+01 -8.7556e+01
-3.2305e+01 -3.2299e+01 -3.2789e+01 -9.2078e+01
# New trial
-3.2444e+01 -3.4056e+01 -6.3288e+01 -3.9009e+02
-3.2396e+01 -3.3330e+01 -4.8280e+01 -2.3632e+02
-3.2311e+01 -3.2376e+01 -3.4519e+01 -1.0569e+02
-3.2304e+01 -3.2293e+01 -3.2545e+01 -7.8649e+01
# New trial
-3.2270e+01 -3.2037e+01 -3.5317e+01 -1.0311e+02
-3.2310e+01 -3.2380e+01 -3.5393e+01 -8.8237e+01
-3.2307e+01 -3.2325e+01 -3.3045e+01 -6.6568e+01
-3.2306e+01 -3.2304e+01 -3.2329e+01 -4.1666e+01
# New trial
-3.2273e+01 -3.2069e+01 -3.8420e+01 -1.5649e+02
-3.2278e+01 -3.2064e+01 -3.3037e+01 -8.1257e+01
-3.2298e+01 -3.2235e+01 -3.2223e+01 -6.7032e+01
-3.2305e+01 -3.2302e+01 -3.2314e+01 -5.0428e+01
# New trial
-3.2274e+01 -3.2074e+01 -3.5099e+01 -9.9043e+01
-3.2277e+01 -3.2078e+01 -3.3091e+01 -7.5021e+01
-3.2291e+01 -3.2177e+01 -3.2058e+01 -6.5717e+01
-3.2302e+01 -3.2276e+01 -3.2227e+01 -3.5428e+01
# New trial
