# 1.0sig - Array shape (trial/sig/alpha): (30L, 4L, 4L)
-8.7554e+01 -8.6492e+01 -9.3443e+01 -3.3047e+02
-8.7487e+01 -8.5765e+01 -7.7559e+01 -1.3542e+02
-8.7322e+01 -8.4064e+01 -5.7933e+01 -5.0766e+01
-8.7213e+01 -8.2967e+01 -5.4755e+01 -5.0766e+01
# New trial
-8.7580e+01 -8.6692e+01 -8.5414e+01 -1.9342e+02
-8.7536e+01 -8.6265e+01 -7.9434e+01 -9.8901e+01
-8.7402e+01 -8.4917e+01 -6.5562e+01 -5.0986e+01
-8.7377e+01 -8.4612e+01 -6.2393e+01 -5.4447e+01
# New trial
-8.7577e+01 -8.6646e+01 -8.4639e+01 -2.0877e+02
-8.7530e+01 -8.6167e+01 -7.7147e+01 -7.8778e+01
-8.7413e+01 -8.4977e+01 -6.4844e+01 -5.0937e+01
-8.7352e+01 -8.4356e+01 -6.1536e+01 -5.9590e+01
# New trial
-8.7578e+01 -8.6678e+01 -8.9091e+01 -3.2177e+02
-8.7540e+01 -8.6294e+01 -8.1355e+01 -1.6883e+02
-8.7432e+01 -8.5170e+01 -6.5966e+01 -5.0766e+01
-8.7394e+01 -8.4765e+01 -6.2220e+01 -5.0766e+01
# New trial
-8.7534e+01 -8.6363e+01 -9.8062e+01 -3.9621e+02
-8.7468e+01 -8.5614e+01 -7.8342e+01 -1.7645e+02
-8.7356e+01 -8.4419e+01 -6.0929e+01 -5.1325e+01
-8.7365e+01 -8.4483e+01 -6.2568e+01 -6.9478e+01
# New trial
-8.7594e+01 -8.6826e+01 -9.2065e+01 -3.7590e+02
-8.7545e+01 -8.6314e+01 -7.8793e+01 -1.3596e+02
-8.7430e+01 -8.5138e+01 -6.5531e+01 -5.2413e+01
-8.7382e+01 -8.4645e+01 -6.2028e+01 -5.1046e+01
# New trial
-8.7617e+01 -8.7031e+01 -8.8210e+01 -2.7983e+02
-8.7584e+01 -8.6674e+01 -7.9503e+01 -1.3617e+02
-8.7541e+01 -8.6231e+01 -7.3797e+01 -5.0930e+01
-8.7564e+01 -8.6453e+01 -7.5685e+01 -5.1504e+01
# New trial
-8.7594e+01 -8.6972e+01 -1.0310e+02 -4.2488e+02
-8.7509e+01 -8.6005e+01 -8.0469e+01 -1.7189e+02
-8.7363e+01 -8.4490e+01 -6.1423e+01 -5.0766e+01
-8.7371e+01 -8.4547e+01 -6.1979e+01 -5.0768e+01
# New trial
-8.7457e+01 -8.5733e+01 -9.1060e+01 -3.1154e+02
-8.7311e+01 -8.4171e+01 -7.3995e+01 -1.8197e+02
-8.7054e+01 -8.1463e+01 -5.1642e+01 -5.0766e+01
-8.7187e+01 -8.2719e+01 -5.6109e+01 -6.4382e+01
# New trial
-8.7551e+01 -8.6441e+01 -8.7346e+01 -2.8567e+02
-8.7480e+01 -8.5714e+01 -7.9850e+01 -1.9551e+02
-8.7320e+01 -8.4055e+01 -5.8902e+01 -5.0766e+01
-8.7266e+01 -8.3500e+01 -5.7782e+01 -5.0766e+01
# New trial
-8.7522e+01 -8.6199e+01 -9.0365e+01 -3.2441e+02
-8.7451e+01 -8.5484e+01 -8.4125e+01 -2.8381e+02
-8.7276e+01 -8.3629e+01 -5.7651e+01 -5.0770e+01
-8.7226e+01 -8.3099e+01 -5.6218e+01 -5.1551e+01
# New trial
-8.7582e+01 -8.6873e+01 -1.0338e+02 -4.3027e+02
-8.7488e+01 -8.5779e+01 -7.7151e+01 -1.4134e+02
-8.7310e+01 -8.3939e+01 -5.6635e+01 -5.0766e+01
-8.7213e+01 -8.2959e+01 -5.4499e+01 -5.0766e+01
# New trial
-8.7591e+01 -8.6908e+01 -1.0348e+02 -4.5354e+02
-8.7512e+01 -8.6034e+01 -8.0355e+01 -1.6919e+02
-8.7405e+01 -8.4915e+01 -6.5117e+01 -5.1155e+01
-8.7413e+01 -8.4958e+01 -6.4677e+01 -7.9534e+01
# New trial
-8.7610e+01 -8.7385e+01 -1.2555e+02 -6.7178e+02
-8.7499e+01 -8.6043e+01 -9.0886e+01 -2.8651e+02
-8.7283e+01 -8.3713e+01 -5.9902e+01 -5.0827e+01
-8.7249e+01 -8.3333e+01 -5.7585e+01 -5.3853e+01
# New trial
-8.7586e+01 -8.6795e+01 -9.6517e+01 -4.1220e+02
-8.7539e+01 -8.6280e+01 -8.1089e+01 -1.5073e+02
-8.7434e+01 -8.5181e+01 -6.5524e+01 -5.0766e+01
-8.7402e+01 -8.4848e+01 -6.2831e+01 -5.0766e+01
# New trial
-8.7487e+01 -8.6259e+01 -1.1726e+02 -6.0127e+02
-8.7411e+01 -8.5346e+01 -8.6623e+01 -2.5759e+02
-8.7229e+01 -8.3284e+01 -6.1342e+01 -5.4675e+01
-8.7329e+01 -8.4177e+01 -6.8765e+01 -1.5905e+02
# New trial
-8.7510e+01 -8.6040e+01 -8.4119e+01 -2.0364e+02
-8.7411e+01 -8.5042e+01 -7.2783e+01 -1.0740e+02
-8.7198e+01 -8.2875e+01 -5.5810e+01 -5.1414e+01
-8.7290e+01 -8.3763e+01 -6.7286e+01 -1.8268e+02
# New trial
-8.7549e+01 -8.6402e+01 -8.5129e+01 -2.2292e+02
-8.7484e+01 -8.5746e+01 -7.7759e+01 -1.5802e+02
-8.7336e+01 -8.4217e+01 -5.9071e+01 -5.0766e+01
-8.7356e+01 -8.4393e+01 -6.1192e+01 -5.0766e+01
# New trial
-8.7566e+01 -8.6683e+01 -1.0319e+02 -4.5893e+02
-8.7502e+01 -8.6000e+01 -8.9066e+01 -2.8214e+02
-8.7331e+01 -8.4174e+01 -5.9183e+01 -5.0766e+01
-8.7242e+01 -8.3260e+01 -5.5849e+01 -5.0766e+01
# New trial
-8.7607e+01 -8.7020e+01 -9.8240e+01 -3.8623e+02
-8.7559e+01 -8.6464e+01 -8.3445e+01 -2.0649e+02
-8.7453e+01 -8.5362e+01 -6.6556e+01 -5.0767e+01
-8.7413e+01 -8.4950e+01 -6.2979e+01 -5.0766e+01
# New trial
-8.7509e+01 -8.6171e+01 -9.7713e+01 -4.1681e+02
-8.7413e+01 -8.5122e+01 -7.5037e+01 -1.3051e+02
-8.7388e+01 -8.4758e+01 -6.5217e+01 -5.1547e+01
-8.7549e+01 -8.6316e+01 -7.5955e+01 -1.2794e+02
# New trial
-8.7557e+01 -8.6421e+01 -8.2015e+01 -2.5683e+02
-8.7518e+01 -8.6024e+01 -7.4388e+01 -6.7536e+01
-8.7424e+01 -8.5071e+01 -6.4227e+01 -5.0769e+01
-8.7410e+01 -8.4928e+01 -6.3223e+01 -5.0766e+01
# New trial
-8.7545e+01 -8.6487e+01 -9.8000e+01 -3.9724e+02
-8.7457e+01 -8.5553e+01 -8.0021e+01 -1.8432e+02
-8.7339e+01 -8.4296e+01 -6.3358e+01 -5.2123e+01
-8.7407e+01 -8.4901e+01 -6.7301e+01 -1.1305e+02
# New trial
-8.7569e+01 -8.6828e+01 -9.7370e+01 -3.2774e+02
-8.7456e+01 -8.5588e+01 -8.0141e+01 -1.4951e+02
-8.7236e+01 -8.3269e+01 -5.5987e+01 -5.0766e+01
-8.7182e+01 -8.2677e+01 -5.4362e+01 -5.0766e+01
# New trial
-8.7667e+01 -8.8061e+01 -1.3380e+02 -7.4901e+02
-8.7542e+01 -8.6509e+01 -9.4368e+01 -2.9276e+02
-8.7283e+01 -8.3706e+01 -5.7157e+01 -5.0766e+01
-8.7348e+01 -8.4314e+01 -6.1193e+01 -5.0767e+01
# New trial
-8.7588e+01 -8.6716e+01 -8.0995e+01 -1.3572e+02
-8.7517e+01 -8.6008e+01 -7.3869e+01 -6.3055e+01
-8.7396e+01 -8.4801e+01 -6.3053e+01 -5.1439e+01
-8.7450e+01 -8.5324e+01 -6.6287e+01 -5.1200e+01
# New trial
-8.7545e+01 -8.6383e+01 -9.4485e+01 -4.3496e+02
-8.7513e+01 -8.6038e+01 -8.1455e+01 -2.0058e+02
-8.7418e+01 -8.5051e+01 -6.7182e+01 -6.2077e+01
-8.7404e+01 -8.4886e+01 -6.5205e+01 -7.7902e+01
# New trial
-8.7568e+01 -8.6960e+01 -1.0739e+02 -5.1234e+02
-8.7475e+01 -8.5837e+01 -8.5834e+01 -2.3241e+02
-8.7283e+01 -8.3700e+01 -5.6650e+01 -5.0766e+01
-8.7262e+01 -8.3453e+01 -5.6876e+01 -5.0766e+01
# New trial
-8.7563e+01 -8.6522e+01 -8.5312e+01 -2.4653e+02
-8.7499e+01 -8.5881e+01 -7.6442e+01 -1.1487e+02
-8.7366e+01 -8.4527e+01 -6.2614e+01 -5.0770e+01
-8.7375e+01 -8.4580e+01 -6.2251e+01 -5.9650e+01
# New trial
-8.7549e+01 -8.6412e+01 -8.9998e+01 -3.2880e+02
-8.7507e+01 -8.5952e+01 -7.7896e+01 -1.5069e+02
-8.7383e+01 -8.4675e+01 -6.1543e+01 -5.0766e+01
-8.7315e+01 -8.3978e+01 -5.8681e+01 -5.0766e+01
# New trial
