# 1.0sig - Array shape (trial/sig/alpha): (30L, 4L, 4L)
-5.0682e+01 -5.0208e+01 -6.7463e+01 -3.8137e+02
-5.0726e+01 -5.0487e+01 -5.8203e+01 -2.6193e+02
-5.0728e+01 -5.0408e+01 -4.9789e+01 -1.8773e+02
-5.0737e+01 -5.0474e+01 -4.8086e+01 -5.6689e+01
# New trial
-5.0641e+01 -4.9754e+01 -5.8177e+01 -2.6760e+02
-5.0658e+01 -4.9814e+01 -4.7838e+01 -1.1984e+02
-5.0713e+01 -5.0285e+01 -4.8681e+01 -1.4827e+02
-5.0754e+01 -5.0651e+01 -5.0206e+01 -1.4596e+02
# New trial
-5.0729e+01 -5.0577e+01 -6.6922e+01 -4.1158e+02
-5.0742e+01 -5.0663e+01 -5.9151e+01 -2.6125e+02
-5.0755e+01 -5.0717e+01 -5.3781e+01 -2.0219e+02
-5.0748e+01 -5.0584e+01 -4.9306e+01 -7.1778e+01
# New trial
-5.0633e+01 -4.9584e+01 -5.3119e+01 -2.5840e+02
-5.0681e+01 -5.0029e+01 -5.1895e+01 -1.8694e+02
-5.0721e+01 -5.0341e+01 -4.8614e+01 -1.0238e+02
-5.0752e+01 -5.0624e+01 -4.9561e+01 -6.7089e+01
# New trial
-5.0684e+01 -5.0253e+01 -7.9103e+01 -5.5686e+02
-5.0660e+01 -4.9897e+01 -5.8798e+01 -3.1626e+02
-5.0695e+01 -5.0128e+01 -5.0512e+01 -2.2846e+02
-5.0748e+01 -5.0594e+01 -5.0114e+01 -1.7864e+02
# New trial
-5.0640e+01 -4.9738e+01 -5.6805e+01 -2.6397e+02
-5.0704e+01 -5.0260e+01 -5.5118e+01 -2.2840e+02
-5.0731e+01 -5.0438e+01 -4.9720e+01 -1.3437e+02
-5.0752e+01 -5.0621e+01 -4.9683e+01 -1.2914e+02
# New trial
-5.0752e+01 -5.0752e+01 -6.2704e+01 -3.2133e+02
-5.0754e+01 -5.0691e+01 -5.3743e+01 -1.9209e+02
-5.0751e+01 -5.0628e+01 -5.0334e+01 -1.0230e+02
-5.0761e+01 -5.0710e+01 -5.0258e+01 -5.3163e+01
# New trial
-5.0770e+01 -5.1023e+01 -7.1396e+01 -4.2887e+02
-5.0732e+01 -5.0536e+01 -5.6256e+01 -2.3141e+02
-5.0710e+01 -5.0227e+01 -4.7921e+01 -1.3951e+02
-5.0750e+01 -5.0608e+01 -4.9288e+01 -5.1721e+01
# New trial
-5.0637e+01 -5.0367e+01 -8.1385e+01 -5.3657e+02
-5.0690e+01 -5.0477e+01 -7.2836e+01 -4.5862e+02
-5.0694e+01 -5.0205e+01 -5.8742e+01 -3.3951e+02
-5.0745e+01 -5.0585e+01 -5.1377e+01 -2.2651e+02
# New trial
-5.0657e+01 -4.9941e+01 -5.8228e+01 -2.6419e+02
-5.0714e+01 -5.0363e+01 -5.5850e+01 -2.3106e+02
-5.0720e+01 -5.0340e+01 -5.0043e+01 -1.8848e+02
-5.0748e+01 -5.0588e+01 -4.9260e+01 -9.2571e+01
# New trial
-5.0636e+01 -4.9968e+01 -7.3411e+01 -4.5788e+02
-5.0672e+01 -5.0150e+01 -6.8199e+01 -4.1781e+02
-5.0700e+01 -5.0163e+01 -5.0909e+01 -2.5650e+02
-5.0745e+01 -5.0560e+01 -4.9722e+01 -1.7470e+02
# New trial
-5.0732e+01 -5.1046e+01 -8.2661e+01 -5.3447e+02
-5.0735e+01 -5.0597e+01 -6.0801e+01 -3.0512e+02
-5.0721e+01 -5.0327e+01 -4.8309e+01 -1.5147e+02
-5.0739e+01 -5.0497e+01 -4.8267e+01 -6.7336e+01
# New trial
-5.0687e+01 -5.0205e+01 -6.5379e+01 -3.6190e+02
-5.0678e+01 -4.9987e+01 -5.0669e+01 -1.5993e+02
-5.0718e+01 -5.0313e+01 -4.8466e+01 -1.3128e+02
-5.0756e+01 -5.0664e+01 -4.9975e+01 -9.4123e+01
# New trial
-5.0631e+01 -5.0215e+01 -9.5131e+01 -7.2533e+02
-5.0656e+01 -5.0118e+01 -6.7688e+01 -3.6148e+02
-5.0695e+01 -5.0157e+01 -5.1409e+01 -2.1788e+02
-5.0748e+01 -5.0592e+01 -4.9511e+01 -1.1825e+02
# New trial
-5.0634e+01 -4.9810e+01 -6.6526e+01 -3.8694e+02
-5.0699e+01 -5.0239e+01 -5.5716e+01 -2.0905e+02
-5.0741e+01 -5.0541e+01 -5.0050e+01 -9.1384e+01
-5.0751e+01 -5.0619e+01 -4.9405e+01 -5.0800e+01
# New trial
-5.0602e+01 -5.0103e+01 -8.8764e+01 -6.2512e+02
-5.0637e+01 -4.9916e+01 -6.1263e+01 -3.2054e+02
-5.0698e+01 -5.0199e+01 -5.1154e+01 -2.1545e+02
-5.0749e+01 -5.0611e+01 -5.0086e+01 -1.5562e+02
# New trial
-5.0628e+01 -4.9836e+01 -6.7364e+01 -3.8352e+02
-5.0662e+01 -4.9984e+01 -5.8980e+01 -3.0213e+02
-5.0683e+01 -5.0014e+01 -5.3162e+01 -2.8046e+02
-5.0758e+01 -5.0689e+01 -5.1104e+01 -1.8457e+02
# New trial
-5.0622e+01 -4.9628e+01 -5.9684e+01 -3.0564e+02
-5.0645e+01 -4.9764e+01 -5.4021e+01 -2.2550e+02
-5.0698e+01 -5.0158e+01 -4.8968e+01 -1.3655e+02
-5.0750e+01 -5.0612e+01 -4.9883e+01 -1.3640e+02
# New trial
-5.0648e+01 -4.9926e+01 -7.3161e+01 -4.5587e+02
-5.0697e+01 -5.0247e+01 -5.9984e+01 -2.8806e+02
-5.0721e+01 -5.0343e+01 -5.0232e+01 -2.0286e+02
-5.0748e+01 -5.0582e+01 -4.9960e+01 -1.6215e+02
# New trial
-5.0762e+01 -5.1004e+01 -7.6242e+01 -4.7452e+02
-5.0758e+01 -5.0800e+01 -6.1107e+01 -2.8444e+02
-5.0747e+01 -5.0594e+01 -5.0923e+01 -1.4934e+02
-5.0751e+01 -5.0615e+01 -4.9363e+01 -6.7788e+01
# New trial
-5.0696e+01 -5.0648e+01 -8.1210e+01 -5.2580e+02
-5.0656e+01 -4.9937e+01 -5.4576e+01 -2.1511e+02
-5.0718e+01 -5.0342e+01 -4.9224e+01 -1.2237e+02
-5.0761e+01 -5.0713e+01 -5.0353e+01 -6.4529e+01
# New trial
-5.0689e+01 -5.0105e+01 -5.9037e+01 -3.6258e+02
-5.0725e+01 -5.0401e+01 -5.1798e+01 -1.8174e+02
-5.0725e+01 -5.0361e+01 -4.7979e+01 -1.1757e+02
-5.0754e+01 -5.0641e+01 -4.9842e+01 -1.1174e+02
# New trial
-5.0690e+01 -5.0858e+01 -9.2222e+01 -6.4961e+02
-5.0655e+01 -5.0064e+01 -6.1254e+01 -2.8456e+02
-5.0700e+01 -5.0178e+01 -4.8720e+01 -1.5808e+02
-5.0757e+01 -5.0677e+01 -4.9995e+01 -8.8576e+01
# New trial
-5.0656e+01 -5.0328e+01 -7.6275e+01 -4.7387e+02
-5.0690e+01 -5.0293e+01 -5.9735e+01 -2.6862e+02
-5.0715e+01 -5.0321e+01 -5.1285e+01 -2.2540e+02
-5.0739e+01 -5.0499e+01 -4.8534e+01 -9.9883e+01
# New trial
-5.0753e+01 -5.0891e+01 -6.9077e+01 -3.8448e+02
-5.0756e+01 -5.0801e+01 -5.9876e+01 -2.7872e+02
-5.0726e+01 -5.0409e+01 -5.2483e+01 -2.1303e+02
-5.0753e+01 -5.0643e+01 -4.9989e+01 -9.5963e+01
# New trial
-5.0680e+01 -5.0056e+01 -5.7077e+01 -2.7202e+02
-5.0675e+01 -4.9955e+01 -4.9330e+01 -1.4036e+02
-5.0711e+01 -5.0246e+01 -4.8355e+01 -1.3660e+02
-5.0756e+01 -5.0674e+01 -5.0388e+01 -1.3919e+02
# New trial
-5.0580e+01 -4.9134e+01 -5.3946e+01 -2.5074e+02
-5.0668e+01 -4.9891e+01 -5.0271e+01 -1.5854e+02
-5.0723e+01 -5.0362e+01 -4.9210e+01 -1.4300e+02
-5.0751e+01 -5.0619e+01 -4.9807e+01 -1.4786e+02
# New trial
-5.0716e+01 -5.1296e+01 -1.0851e+02 -8.2132e+02
-5.0716e+01 -5.0610e+01 -6.7952e+01 -3.8163e+02
-5.0704e+01 -5.0225e+01 -5.0397e+01 -2.3570e+02
-5.0745e+01 -5.0567e+01 -5.1032e+01 -2.3673e+02
# New trial
-5.0692e+01 -5.0349e+01 -7.0479e+01 -4.0117e+02
-5.0677e+01 -5.0036e+01 -5.2526e+01 -1.7552e+02
-5.0707e+01 -5.0228e+01 -4.9119e+01 -1.3798e+02
-5.0752e+01 -5.0634e+01 -4.9919e+01 -9.5563e+01
# New trial
-5.0692e+01 -5.0242e+01 -7.1150e+01 -4.8594e+02
-5.0710e+01 -5.0320e+01 -5.7102e+01 -2.5428e+02
-5.0735e+01 -5.0482e+01 -5.1400e+01 -2.0506e+02
-5.0748e+01 -5.0587e+01 -4.9395e+01 -1.3011e+02
# New trial
