# 1.0sig - Array shape (trial/sig/alpha): (30, 4, 4)
-1.1979e+02 -1.1816e+02 -1.2137e+02 -4.3976e+02
-1.1969e+02 -1.1702e+02 -1.0043e+02 -1.6309e+02
-1.1941e+02 -1.1419e+02 -7.0206e+01 -5.5381e+01
-1.1917e+02 -1.1176e+02 -6.1982e+01 -5.5381e+01
# New trial
-1.1982e+02 -1.1838e+02 -1.1459e+02 -2.5650e+02
-1.1973e+02 -1.1750e+02 -1.0363e+02 -1.3490e+02
-1.1953e+02 -1.1545e+02 -8.1822e+01 -5.5912e+01
-1.1947e+02 -1.1480e+02 -7.9124e+01 -1.3725e+02
# New trial
-1.1982e+02 -1.1836e+02 -1.1142e+02 -2.5237e+02
-1.1975e+02 -1.1763e+02 -1.0165e+02 -1.1168e+02
-1.1954e+02 -1.1556e+02 -8.1825e+01 -5.9261e+01
-1.1939e+02 -1.1397e+02 -7.1896e+01 -6.9076e+01
# New trial
-1.1982e+02 -1.1840e+02 -1.2047e+02 -5.0318e+02
-1.1974e+02 -1.1757e+02 -1.0743e+02 -2.3818e+02
-1.1955e+02 -1.1567e+02 -8.4169e+01 -5.5885e+01
-1.1949e+02 -1.1500e+02 -7.6280e+01 -5.5382e+01
# New trial
-1.1974e+02 -1.1772e+02 -1.2861e+02 -5.5855e+02
-1.1963e+02 -1.1652e+02 -1.0022e+02 -2.4383e+02
-1.1943e+02 -1.1445e+02 -7.4447e+01 -5.5661e+01
-1.1938e+02 -1.1391e+02 -7.0904e+01 -5.5485e+01
# New trial
-1.1984e+02 -1.1852e+02 -1.1708e+02 -4.6775e+02
-1.1977e+02 -1.1778e+02 -1.0311e+02 -1.7350e+02
-1.1958e+02 -1.1590e+02 -8.2886e+01 -5.5387e+01
-1.1945e+02 -1.1459e+02 -7.3272e+01 -5.5381e+01
# New trial
-1.1990e+02 -1.1910e+02 -1.1813e+02 -3.7525e+02
-1.1985e+02 -1.1855e+02 -1.0734e+02 -1.5114e+02
-1.1977e+02 -1.1778e+02 -9.8923e+01 -6.8640e+01
-1.1978e+02 -1.1788e+02 -9.9504e+01 -6.4576e+01
# New trial
-1.1981e+02 -1.1835e+02 -1.2960e+02 -5.5478e+02
-1.1970e+02 -1.1717e+02 -1.0848e+02 -3.3877e+02
-1.1948e+02 -1.1487e+02 -7.6947e+01 -5.5388e+01
-1.1945e+02 -1.1455e+02 -7.3389e+01 -5.5381e+01
# New trial
-1.1970e+02 -1.1750e+02 -1.2402e+02 -4.8415e+02
-1.1948e+02 -1.1517e+02 -9.8798e+01 -2.7409e+02
-1.1902e+02 -1.1049e+02 -6.6408e+01 -5.5710e+01
-1.1902e+02 -1.1035e+02 -7.0968e+01 -1.5594e+02
# New trial
-1.1980e+02 -1.1824e+02 -1.1763e+02 -4.1197e+02
-1.1970e+02 -1.1720e+02 -1.0663e+02 -3.0686e+02
-1.1943e+02 -1.1440e+02 -7.6777e+01 -5.6172e+01
-1.1926e+02 -1.1266e+02 -6.7613e+01 -5.5711e+01
# New trial
-1.1971e+02 -1.1734e+02 -1.1826e+02 -4.2072e+02
-1.1960e+02 -1.1630e+02 -1.0855e+02 -3.4325e+02
-1.1933e+02 -1.1348e+02 -7.3114e+01 -5.5535e+01
-1.1930e+02 -1.1312e+02 -8.8932e+01 -3.4671e+02
# New trial
-1.1983e+02 -1.1863e+02 -1.3488e+02 -6.1972e+02
-1.1969e+02 -1.1709e+02 -1.0154e+02 -2.2027e+02
-1.1941e+02 -1.1415e+02 -7.0954e+01 -5.5382e+01
-1.1916e+02 -1.1165e+02 -6.1550e+01 -5.5381e+01
# New trial
-1.1983e+02 -1.1857e+02 -1.3529e+02 -6.4009e+02
-1.1971e+02 -1.1732e+02 -1.0522e+02 -2.2549e+02
-1.1955e+02 -1.1564e+02 -8.2026e+01 -5.5474e+01
-1.1954e+02 -1.1546e+02 -7.9680e+01 -5.5383e+01
# New trial
-1.1979e+02 -1.1850e+02 -1.6661e+02 -9.4178e+02
-1.1963e+02 -1.1663e+02 -1.1411e+02 -4.0896e+02
-1.1932e+02 -1.1337e+02 -6.7623e+01 -5.5382e+01
-1.1930e+02 -1.1310e+02 -6.7583e+01 -5.5381e+01
# New trial
-1.1984e+02 -1.1856e+02 -1.2606e+02 -5.9299e+02
-1.1977e+02 -1.1783e+02 -1.0708e+02 -1.9932e+02
-1.1959e+02 -1.1604e+02 -8.5503e+01 -5.5731e+01
-1.1950e+02 -1.1510e+02 -7.6797e+01 -5.5389e+01
# New trial
-1.1974e+02 -1.1824e+02 -1.6486e+02 -9.2676e+02
-1.1958e+02 -1.1640e+02 -1.1507e+02 -3.5989e+02
-1.1922e+02 -1.1253e+02 -7.0693e+01 -5.5775e+01
-1.1927e+02 -1.1281e+02 -7.1224e+01 -9.2364e+01
# New trial
-1.1975e+02 -1.1767e+02 -1.1188e+02 -2.8166e+02
-1.1960e+02 -1.1618e+02 -9.8478e+01 -1.9086e+02
-1.1922e+02 -1.1241e+02 -6.9164e+01 -5.5615e+01
-1.1919e+02 -1.1197e+02 -6.4175e+01 -5.7052e+01
# New trial
-1.1981e+02 -1.1828e+02 -1.1574e+02 -2.9931e+02
-1.1971e+02 -1.1734e+02 -1.0701e+02 -2.0254e+02
-1.1948e+02 -1.1497e+02 -8.1757e+01 -6.5745e+01
-1.1947e+02 -1.1477e+02 -7.8967e+01 -8.7680e+01
# New trial
-1.1982e+02 -1.1854e+02 -1.4073e+02 -6.5504e+02
-1.1972e+02 -1.1746e+02 -1.1895e+02 -3.9168e+02
-1.1944e+02 -1.1454e+02 -7.3999e+01 -5.5381e+01
-1.1926e+02 -1.1272e+02 -6.5560e+01 -5.5381e+01
# New trial
-1.1988e+02 -1.1901e+02 -1.2763e+02 -5.3255e+02
-1.1981e+02 -1.1824e+02 -1.1002e+02 -2.5136e+02
-1.1963e+02 -1.1641e+02 -8.6868e+01 -5.6124e+01
-1.1950e+02 -1.1505e+02 -7.6653e+01 -6.4448e+01
# New trial
-1.1974e+02 -1.1779e+02 -1.3611e+02 -5.9009e+02
-1.1958e+02 -1.1602e+02 -9.6531e+01 -1.7495e+02
-1.1948e+02 -1.1499e+02 -8.0003e+01 -5.7694e+01
-1.1970e+02 -1.1703e+02 -9.4621e+01 -2.0076e+02
# New trial
-1.1979e+02 -1.1805e+02 -1.1258e+02 -4.4266e+02
-1.1973e+02 -1.1740e+02 -9.7708e+01 -8.0358e+01
-1.1958e+02 -1.1585e+02 -8.1726e+01 -5.5382e+01
-1.1948e+02 -1.1492e+02 -7.4871e+01 -5.5382e+01
# New trial
-1.1981e+02 -1.1849e+02 -1.3665e+02 -5.6234e+02
-1.1961e+02 -1.1635e+02 -1.0158e+02 -2.6203e+02
-1.1937e+02 -1.1391e+02 -7.3112e+01 -5.5457e+01
-1.1944e+02 -1.1450e+02 -7.5061e+01 -5.5384e+01
# New trial
-1.1984e+02 -1.1875e+02 -1.3037e+02 -4.3324e+02
-1.1966e+02 -1.1687e+02 -1.0382e+02 -1.8128e+02
-1.1926e+02 -1.1279e+02 -6.6930e+01 -5.5516e+01
-1.1901e+02 -1.1025e+02 -6.0489e+01 -5.5384e+01
# New trial
-1.1989e+02 -1.1966e+02 -1.7370e+02 -1.0364e+03
-1.1971e+02 -1.1752e+02 -1.1997e+02 -3.6339e+02
-1.1934e+02 -1.1362e+02 -7.4455e+01 -5.5404e+01
-1.1927e+02 -1.1278e+02 -7.1123e+01 -1.0277e+02
# New trial
-1.1984e+02 -1.1850e+02 -1.0825e+02 -1.6709e+02
-1.1973e+02 -1.1740e+02 -9.7424e+01 -5.9015e+01
-1.1952e+02 -1.1531e+02 -7.9604e+01 -5.5770e+01
-1.1953e+02 -1.1538e+02 -8.1927e+01 -1.4201e+02
# New trial
-1.1977e+02 -1.1793e+02 -1.1846e+02 -4.6602e+02
-1.1971e+02 -1.1723e+02 -1.0367e+02 -2.2022e+02
-1.1952e+02 -1.1537e+02 -8.2107e+01 -5.7431e+01
-1.1948e+02 -1.1490e+02 -7.6952e+01 -6.4883e+01
# New trial
-1.1982e+02 -1.1873e+02 -1.3956e+02 -6.8877e+02
-1.1968e+02 -1.1712e+02 -1.1264e+02 -3.4035e+02
-1.1935e+02 -1.1366e+02 -7.3169e+01 -8.3609e+01
-1.1923e+02 -1.1245e+02 -7.6590e+01 -2.0960e+02
# New trial
-1.1984e+02 -1.1856e+02 -1.1784e+02 -3.3887e+02
-1.1972e+02 -1.1736e+02 -1.0348e+02 -1.9056e+02
-1.1947e+02 -1.1483e+02 -7.7455e+01 -5.5385e+01
-1.1947e+02 -1.1480e+02 -7.6187e+01 -5.5382e+01
# New trial
-1.1978e+02 -1.1801e+02 -1.1764e+02 -4.2191e+02
-1.1971e+02 -1.1723e+02 -1.0157e+02 -2.2319e+02
-1.1952e+02 -1.1529e+02 -7.9084e+01 -5.6339e+01
-1.1940e+02 -1.1408e+02 -7.8014e+01 -1.8897e+02
# New trial
