# 1.0sig - Array shape (trial/sig/alpha): (30, 4, 4)
-1.6595e+02 -1.6436e+02 -1.6489e+02 -4.4691e+02
-1.6582e+02 -1.6296e+02 -1.4269e+02 -1.8631e+02
-1.6549e+02 -1.5968e+02 -1.0890e+02 -7.9337e+01
-1.6515e+02 -1.5627e+02 -9.0051e+01 -7.8457e+01
# New trial
-1.6595e+02 -1.6422e+02 -1.5325e+02 -2.3755e+02
-1.6584e+02 -1.6322e+02 -1.4403e+02 -1.4728e+02
-1.6557e+02 -1.6043e+02 -1.1676e+02 -7.9372e+01
-1.6539e+02 -1.5860e+02 -1.0108e+02 -8.1544e+01
# New trial
-1.6596e+02 -1.6435e+02 -1.5351e+02 -2.9118e+02
-1.6588e+02 -1.6349e+02 -1.4346e+02 -1.0995e+02
-1.6563e+02 -1.6103e+02 -1.1922e+02 -8.2692e+01
-1.6542e+02 -1.5892e+02 -1.0354e+02 -7.9754e+01
# New trial
-1.6598e+02 -1.6457e+02 -1.6989e+02 -7.1263e+02
-1.6588e+02 -1.6358e+02 -1.4958e+02 -2.5468e+02
-1.6564e+02 -1.6111e+02 -1.2019e+02 -7.8457e+01
-1.6551e+02 -1.5982e+02 -1.0875e+02 -7.8470e+01
# New trial
-1.6580e+02 -1.6287e+02 -1.5502e+02 -5.6999e+02
-1.6570e+02 -1.6177e+02 -1.3714e+02 -3.0184e+02
-1.6546e+02 -1.5941e+02 -1.1113e+02 -7.8867e+01
-1.6534e+02 -1.5816e+02 -1.0133e+02 -9.0724e+01
# New trial
-1.6597e+02 -1.6446e+02 -1.6148e+02 -5.9973e+02
-1.6588e+02 -1.6356e+02 -1.4477e+02 -2.1347e+02
-1.6566e+02 -1.6131e+02 -1.2197e+02 -8.6476e+01
-1.6548e+02 -1.5952e+02 -1.1177e+02 -1.9748e+02
# New trial
-1.6606e+02 -1.6534e+02 -1.6400e+02 -4.7872e+02
-1.6601e+02 -1.6476e+02 -1.5330e+02 -1.7837e+02
-1.6590e+02 -1.6371e+02 -1.4265e+02 -9.9332e+01
-1.6585e+02 -1.6322e+02 -1.3815e+02 -1.4249e+02
# New trial
-1.6595e+02 -1.6437e+02 -1.7142e+02 -6.4144e+02
-1.6582e+02 -1.6304e+02 -1.4668e+02 -2.8504e+02
-1.6554e+02 -1.6017e+02 -1.1514e+02 -7.8960e+01
-1.6540e+02 -1.5869e+02 -1.0151e+02 -7.8457e+01
# New trial
-1.6578e+02 -1.6276e+02 -1.5829e+02 -4.5289e+02
-1.6555e+02 -1.6035e+02 -1.2879e+02 -1.8509e+02
-1.6499e+02 -1.5470e+02 -8.4154e+01 -7.8457e+01
-1.6471e+02 -1.5189e+02 -8.1509e+01 -7.8457e+01
# New trial
-1.6589e+02 -1.6364e+02 -1.4783e+02 -3.4894e+02
-1.6577e+02 -1.6248e+02 -1.3732e+02 -3.0959e+02
-1.6549e+02 -1.5962e+02 -1.0935e+02 -7.9517e+01
-1.6525e+02 -1.5724e+02 -9.7432e+01 -1.0834e+02
# New trial
-1.6583e+02 -1.6307e+02 -1.4861e+02 -3.2657e+02
-1.6570e+02 -1.6186e+02 -1.3669e+02 -2.1641e+02
-1.6536e+02 -1.5843e+02 -1.0599e+02 -9.5462e+01
-1.6518e+02 -1.5659e+02 -1.1051e+02 -3.0308e+02
# New trial
-1.6595e+02 -1.6431e+02 -1.6842e+02 -5.4293e+02
-1.6579e+02 -1.6262e+02 -1.3760e+02 -2.0179e+02
-1.6546e+02 -1.5937e+02 -1.0438e+02 -7.8457e+01
-1.6511e+02 -1.5584e+02 -8.8598e+01 -7.8457e+01
# New trial
-1.6600e+02 -1.6490e+02 -1.7872e+02 -7.0640e+02
-1.6586e+02 -1.6335e+02 -1.4822e+02 -2.5650e+02
-1.6561e+02 -1.6083e+02 -1.1881e+02 -8.0287e+01
-1.6553e+02 -1.5999e+02 -1.1138e+02 -1.0222e+02
# New trial
-1.6590e+02 -1.6414e+02 -2.0860e+02 -1.1025e+03
-1.6574e+02 -1.6226e+02 -1.5363e+02 -4.2674e+02
-1.6534e+02 -1.5814e+02 -1.0044e+02 -7.8482e+01
-1.6512e+02 -1.5599e+02 -8.9511e+01 -7.8462e+01
# New trial
-1.6599e+02 -1.6465e+02 -1.6549e+02 -5.9389e+02
-1.6589e+02 -1.6365e+02 -1.4705e+02 -2.3689e+02
-1.6565e+02 -1.6122e+02 -1.2057e+02 -7.8467e+01
-1.6550e+02 -1.5973e+02 -1.0909e+02 -8.9194e+01
# New trial
-1.6581e+02 -1.6332e+02 -2.0206e+02 -1.0362e+03
-1.6562e+02 -1.6125e+02 -1.4997e+02 -4.3009e+02
-1.6519e+02 -1.5676e+02 -9.7083e+01 -7.8469e+01
-1.6507e+02 -1.5546e+02 -8.9815e+01 -7.8457e+01
# New trial
-1.6588e+02 -1.6356e+02 -1.5190e+02 -3.1970e+02
-1.6572e+02 -1.6198e+02 -1.3507e+02 -1.2405e+02
-1.6528e+02 -1.5758e+02 -9.9592e+01 -7.8544e+01
-1.6502e+02 -1.5496e+02 -9.7395e+01 -1.8260e+02
# New trial
-1.6591e+02 -1.6388e+02 -1.5156e+02 -3.0488e+02
-1.6580e+02 -1.6276e+02 -1.4135e+02 -2.2574e+02
-1.6552e+02 -1.5993e+02 -1.1287e+02 -8.7615e+01
-1.6544e+02 -1.5914e+02 -1.0563e+02 -8.4035e+01
# New trial
-1.6597e+02 -1.6465e+02 -1.8072e+02 -7.3704e+02
-1.6585e+02 -1.6335e+02 -1.5661e+02 -3.9719e+02
-1.6550e+02 -1.5973e+02 -1.0869e+02 -7.8459e+01
-1.6524e+02 -1.5710e+02 -9.3695e+01 -7.8457e+01
# New trial
-1.6599e+02 -1.6464e+02 -1.6674e+02 -5.8147e+02
-1.6592e+02 -1.6393e+02 -1.4860e+02 -2.4313e+02
-1.6574e+02 -1.6213e+02 -1.2776e+02 -8.3414e+01
-1.6555e+02 -1.6021e+02 -1.1157e+02 -7.8743e+01
# New trial
-1.6592e+02 -1.6409e+02 -1.7370e+02 -6.2056e+02
-1.6573e+02 -1.6209e+02 -1.3840e+02 -1.6723e+02
-1.6550e+02 -1.5982e+02 -1.1413e+02 -7.9468e+01
-1.6560e+02 -1.6077e+02 -1.2075e+02 -2.2833e+02
# New trial
-1.6596e+02 -1.6437e+02 -1.5987e+02 -5.5220e+02
-1.6588e+02 -1.6356e+02 -1.4268e+02 -9.6077e+01
-1.6569e+02 -1.6159e+02 -1.2347e+02 -7.8604e+01
-1.6547e+02 -1.5938e+02 -1.0477e+02 -7.8457e+01
# New trial
-1.6594e+02 -1.6426e+02 -1.7122e+02 -5.8505e+02
-1.6573e+02 -1.6218e+02 -1.4206e+02 -2.9174e+02
-1.6540e+02 -1.5880e+02 -1.1006e+02 -7.8988e+01
-1.6533e+02 -1.5805e+02 -1.0060e+02 -8.8048e+01
# New trial
-1.6589e+02 -1.6380e+02 -1.6116e+02 -3.3795e+02
-1.6569e+02 -1.6175e+02 -1.3798e+02 -2.1834e+02
-1.6522e+02 -1.5706e+02 -9.9901e+01 -7.9418e+01
-1.6492e+02 -1.5403e+02 -8.7246e+01 -7.8458e+01
# New trial
-1.6594e+02 -1.6473e+02 -2.0741e+02 -9.7703e+02
-1.6572e+02 -1.6212e+02 -1.4651e+02 -2.5213e+02
-1.6531e+02 -1.5790e+02 -1.0159e+02 -7.8509e+01
-1.6508e+02 -1.5554e+02 -8.9783e+01 -8.2888e+01
# New trial
-1.6599e+02 -1.6464e+02 -1.5276e+02 -1.6430e+02
-1.6587e+02 -1.6345e+02 -1.4103e+02 -1.0426e+02
-1.6560e+02 -1.6073e+02 -1.1634e+02 -7.8457e+01
-1.6546e+02 -1.5929e+02 -1.0436e+02 -7.8457e+01
# New trial
-1.6589e+02 -1.6374e+02 -1.6050e+02 -6.1761e+02
-1.6580e+02 -1.6280e+02 -1.4228e+02 -2.1181e+02
-1.6557e+02 -1.6047e+02 -1.1701e+02 -7.9444e+01
-1.6545e+02 -1.5923e+02 -1.1116e+02 -1.9738e+02
# New trial
-1.6592e+02 -1.6416e+02 -1.7337e+02 -6.5054e+02
-1.6574e+02 -1.6230e+02 -1.4346e+02 -3.4474e+02
-1.6533e+02 -1.5811e+02 -1.0223e+02 -1.0431e+02
-1.6509e+02 -1.5562e+02 -9.1819e+01 -1.0978e+02
# New trial
-1.6597e+02 -1.6442e+02 -1.5593e+02 -3.2072e+02
-1.6584e+02 -1.6320e+02 -1.4293e+02 -2.4834e+02
-1.6554e+02 -1.6013e+02 -1.1603e+02 -7.8943e+01
-1.6539e+02 -1.5868e+02 -1.0360e+02 -1.0648e+02
# New trial
-1.6591e+02 -1.6393e+02 -1.5613e+02 -4.4604e+02
-1.6583e+02 -1.6308e+02 -1.4327e+02 -2.3230e+02
-1.6559e+02 -1.6064e+02 -1.1570e+02 -7.8613e+01
-1.6538e+02 -1.5848e+02 -9.9990e+01 -7.8457e+01
# New trial
