# 10.0sig - Array shape (trial/sig/alpha): (30L, 4L, 4L)
-7.8397e+01 -7.7940e+01 -8.2596e+01 -3.2758e+02
-7.8409e+01 -7.8033e+01 -8.0481e+01 -2.9604e+02
-7.8386e+01 -7.7766e+01 -7.3298e+01 -1.5183e+02
-7.8335e+01 -7.7238e+01 -6.6604e+01 -4.9041e+01
# New trial
-7.8468e+01 -7.9421e+01 -1.3637e+02 -9.7023e+02
-7.8439e+01 -7.8875e+01 -1.1162e+02 -6.3034e+02
-7.8345e+01 -7.7491e+01 -7.7657e+01 -2.5570e+02
-7.8238e+01 -7.6299e+01 -5.9428e+01 -9.8278e+01
# New trial
-7.8401e+01 -7.8055e+01 -9.6490e+01 -5.2914e+02
-7.8399e+01 -7.7982e+01 -8.6120e+01 -4.0035e+02
-7.8307e+01 -7.6989e+01 -6.7893e+01 -2.3549e+02
-7.8195e+01 -7.5843e+01 -5.5008e+01 -7.1699e+01
# New trial
-7.8385e+01 -7.7819e+01 -8.2057e+01 -3.2337e+02
-7.8387e+01 -7.7836e+01 -8.1429e+01 -3.0345e+02
-7.8315e+01 -7.7072e+01 -6.8876e+01 -2.2123e+02
-7.8213e+01 -7.6030e+01 -5.6897e+01 -6.9680e+01
# New trial
-7.8390e+01 -7.8352e+01 -1.1776e+02 -7.4964e+02
-7.8382e+01 -7.7904e+01 -8.6445e+01 -3.6238e+02
-7.8384e+01 -7.7778e+01 -7.6103e+01 -2.1578e+02
-7.8332e+01 -7.7213e+01 -6.6685e+01 -8.9683e+01
# New trial
-7.8425e+01 -7.8404e+01 -9.8632e+01 -4.9780e+02
-7.8394e+01 -7.7952e+01 -8.3948e+01 -3.1718e+02
-7.8299e+01 -7.6913e+01 -6.8096e+01 -2.5166e+02
-7.8165e+01 -7.5548e+01 -5.2955e+01 -9.6040e+01
# New trial
-7.8393e+01 -7.7882e+01 -8.2132e+01 -3.9378e+02
-7.8405e+01 -7.7979e+01 -8.0151e+01 -3.1339e+02
-7.8397e+01 -7.7881e+01 -7.5414e+01 -2.2986e+02
-7.8367e+01 -7.7562e+01 -6.9978e+01 -1.0876e+02
# New trial
-7.8294e+01 -7.7106e+01 -8.7383e+01 -4.5206e+02
-7.8345e+01 -7.7542e+01 -8.3260e+01 -3.3749e+02
-7.8340e+01 -7.7377e+01 -7.3371e+01 -2.0961e+02
-7.8280e+01 -7.6705e+01 -6.2302e+01 -7.7417e+01
# New trial
-7.8593e+01 -8.0695e+01 -1.6603e+02 -1.2972e+03
-7.8514e+01 -7.9488e+01 -1.2295e+02 -7.5783e+02
-7.8354e+01 -7.7491e+01 -7.5823e+01 -3.4288e+02
-7.8204e+01 -7.5945e+01 -5.6985e+01 -8.9573e+01
# New trial
-7.8405e+01 -7.7970e+01 -7.8658e+01 -2.9755e+02
-7.8389e+01 -7.7800e+01 -7.4326e+01 -1.6139e+02
-7.8364e+01 -7.7532e+01 -7.0095e+01 -1.2354e+02
-7.8361e+01 -7.7494e+01 -6.9031e+01 -5.4149e+01
# New trial
-7.8499e+01 -7.9339e+01 -1.2037e+02 -7.9816e+02
-7.8363e+01 -7.7714e+01 -9.4831e+01 -5.6499e+02
-7.8222e+01 -7.6187e+01 -7.3094e+01 -3.4868e+02
-7.8125e+01 -7.5153e+01 -5.1173e+01 -5.3494e+01
# New trial
-7.8514e+01 -7.9565e+01 -1.3287e+02 -8.9281e+02
-7.8415e+01 -7.8185e+01 -8.7229e+01 -3.1750e+02
-7.8373e+01 -7.7652e+01 -7.2922e+01 -1.3938e+02
-7.8318e+01 -7.7074e+01 -6.5256e+01 -6.7986e+01
# New trial
-7.8323e+01 -7.7531e+01 -1.0526e+02 -6.4994e+02
-7.8354e+01 -7.7708e+01 -9.1010e+01 -4.0860e+02
-7.8332e+01 -7.7288e+01 -7.2103e+01 -1.5913e+02
-7.8241e+01 -7.6316e+01 -5.9351e+01 -5.5243e+01
# New trial
-7.8428e+01 -7.8396e+01 -9.8783e+01 -5.0833e+02
-7.8430e+01 -7.8332e+01 -9.0180e+01 -3.8712e+02
-7.8341e+01 -7.7335e+01 -7.1319e+01 -2.4613e+02
-7.8245e+01 -7.6341e+01 -5.8607e+01 -5.2291e+01
# New trial
-7.8429e+01 -7.8531e+01 -1.0951e+02 -6.3902e+02
-7.8399e+01 -7.8119e+01 -9.5806e+01 -4.6956e+02
-7.8306e+01 -7.7010e+01 -6.9599e+01 -1.6968e+02
-7.8212e+01 -7.6023e+01 -5.6253e+01 -5.5015e+01
# New trial
-7.8572e+01 -8.0582e+01 -1.5641e+02 -1.1358e+03
-7.8485e+01 -7.9266e+01 -1.1265e+02 -6.1742e+02
-7.8301e+01 -7.7103e+01 -7.7585e+01 -3.3234e+02
-7.8124e+01 -7.5167e+01 -5.1890e+01 -1.1977e+02
# New trial
-7.8404e+01 -7.8501e+01 -1.4245e+02 -1.0729e+03
-7.8339e+01 -7.7544e+01 -9.1251e+01 -4.4300e+02
-7.8274e+01 -7.6707e+01 -7.0187e+01 -2.9204e+02
-7.8202e+01 -7.5927e+01 -5.6806e+01 -1.1043e+02
# New trial
-7.8562e+01 -7.9716e+01 -1.1297e+02 -6.9431e+02
-7.8495e+01 -7.8979e+01 -9.6149e+01 -5.0648e+02
-7.8347e+01 -7.7424e+01 -7.4011e+01 -2.6378e+02
-7.8281e+01 -7.6713e+01 -6.2730e+01 -9.4667e+01
# New trial
-7.8465e+01 -7.8599e+01 -8.8005e+01 -4.0206e+02
-7.8438e+01 -7.8299e+01 -8.0111e+01 -2.2964e+02
-7.8390e+01 -7.7799e+01 -7.2879e+01 -1.1521e+02
-7.8337e+01 -7.7262e+01 -6.6847e+01 -4.7747e+01
# New trial
-7.8656e+01 -8.1057e+01 -1.5025e+02 -1.0429e+03
-7.8549e+01 -7.9627e+01 -1.0957e+02 -6.3164e+02
-7.8328e+01 -7.7222e+01 -7.1681e+01 -2.0304e+02
-7.8149e+01 -7.5385e+01 -5.1952e+01 -5.4739e+01
# New trial
-7.8478e+01 -7.8914e+01 -1.1123e+02 -6.7327e+02
-7.8410e+01 -7.8055e+01 -8.0803e+01 -2.4469e+02
-7.8335e+01 -7.7257e+01 -6.9652e+01 -2.1031e+02
-7.8257e+01 -7.6473e+01 -6.2035e+01 -2.0093e+02
# New trial
-7.8370e+01 -7.7641e+01 -7.8502e+01 -3.0798e+02
-7.8384e+01 -7.7796e+01 -8.1792e+01 -3.5092e+02
-7.8347e+01 -7.7397e+01 -7.2954e+01 -2.9064e+02
-7.8227e+01 -7.6163e+01 -5.9239e+01 -1.5226e+02
# New trial
-7.8472e+01 -7.8813e+01 -9.8818e+01 -4.6939e+02
-7.8425e+01 -7.8318e+01 -9.0392e+01 -3.6640e+02
-7.8341e+01 -7.7353e+01 -7.2640e+01 -2.1614e+02
-7.8269e+01 -7.6591e+01 -6.1367e+01 -9.5026e+01
# New trial
-7.8443e+01 -7.8630e+01 -1.0313e+02 -5.3084e+02
-7.8406e+01 -7.8244e+01 -9.7089e+01 -4.6332e+02
-7.8327e+01 -7.7233e+01 -7.1951e+01 -1.7739e+02
-7.8174e+01 -7.5640e+01 -5.3475e+01 -4.7161e+01
# New trial
-7.8519e+01 -7.9602e+01 -1.2536e+02 -7.8748e+02
-7.8457e+01 -7.8800e+01 -1.0391e+02 -5.1908e+02
-7.8321e+01 -7.7164e+01 -7.1101e+01 -2.2609e+02
-7.8197e+01 -7.5864e+01 -5.5149e+01 -6.0666e+01
# New trial
-7.8475e+01 -8.0085e+01 -1.5621e+02 -1.0799e+03
-7.8444e+01 -7.8972e+01 -1.2191e+02 -8.1704e+02
-7.8233e+01 -7.6337e+01 -6.6831e+01 -2.2887e+02
-7.8014e+01 -7.4068e+01 -4.7541e+01 -7.9784e+01
# New trial
-7.8752e+01 -8.2738e+01 -1.8568e+02 -1.4230e+03
-7.8572e+01 -8.0097e+01 -1.2334e+02 -7.4074e+02
-7.8299e+01 -7.6994e+01 -7.6867e+01 -3.3147e+02
-7.8151e+01 -7.5416e+01 -5.4332e+01 -1.0963e+02
# New trial
-7.8417e+01 -7.8169e+01 -8.5510e+01 -3.5041e+02
-7.8388e+01 -7.7851e+01 -7.9639e+01 -2.8191e+02
-7.8325e+01 -7.7176e+01 -6.9457e+01 -1.7528e+02
-7.8259e+01 -7.6486e+01 -6.0385e+01 -7.9892e+01
# New trial
-7.8439e+01 -7.8546e+01 -1.1275e+02 -8.0780e+02
-7.8434e+01 -7.8438e+01 -9.3979e+01 -4.7388e+02
-7.8339e+01 -7.7368e+01 -7.2409e+01 -1.2233e+02
-7.8211e+01 -7.6009e+01 -5.7556e+01 -1.2981e+02
# New trial
-7.8398e+01 -7.7999e+01 -9.0198e+01 -4.7988e+02
-7.8363e+01 -7.7631e+01 -8.1424e+01 -3.3937e+02
-7.8286e+01 -7.6799e+01 -6.7242e+01 -1.8932e+02
-7.8192e+01 -7.5823e+01 -5.7143e+01 -1.3233e+02
# New trial
