# 1.0sig - Array shape (trial/sig/alpha): (30, 4, 4)
-1.7972e+02 -1.7744e+02 -1.7708e+02 -5.3989e+02
-1.7954e+02 -1.7559e+02 -1.4686e+02 -1.8873e+02
-1.7910e+02 -1.7115e+02 -1.0076e+02 -6.4612e+01
-1.7867e+02 -1.6681e+02 -7.8782e+01 -6.4612e+01
# New trial
-1.7974e+02 -1.7757e+02 -1.6518e+02 -3.0493e+02
-1.7961e+02 -1.7629e+02 -1.5149e+02 -1.2508e+02
-1.7923e+02 -1.7253e+02 -1.1632e+02 -6.4886e+01
-1.7897e+02 -1.6985e+02 -9.3757e+01 -6.9600e+01
# New trial
-1.7974e+02 -1.7759e+02 -1.6219e+02 -2.9446e+02
-1.7964e+02 -1.7652e+02 -1.5042e+02 -1.4995e+02
-1.7933e+02 -1.7340e+02 -1.2120e+02 -8.9594e+01
-1.7905e+02 -1.7064e+02 -1.0862e+02 -2.9111e+02
# New trial
-1.7974e+02 -1.7755e+02 -1.7185e+02 -6.9769e+02
-1.7962e+02 -1.7636e+02 -1.5547e+02 -2.7275e+02
-1.7932e+02 -1.7339e+02 -1.2070e+02 -6.4901e+01
-1.7916e+02 -1.7177e+02 -1.0966e+02 -2.0281e+02
# New trial
-1.7957e+02 -1.7600e+02 -1.7798e+02 -7.5954e+02
-1.7940e+02 -1.7422e+02 -1.4077e+02 -3.1549e+02
-1.7908e+02 -1.7092e+02 -1.0343e+02 -6.9268e+01
-1.7893e+02 -1.6944e+02 -1.0035e+02 -2.0877e+02
# New trial
-1.7976e+02 -1.7780e+02 -1.7755e+02 -6.9787e+02
-1.7964e+02 -1.7655e+02 -1.5259e+02 -2.6078e+02
-1.7932e+02 -1.7335e+02 -1.1851e+02 -6.4635e+01
-1.7906e+02 -1.7068e+02 -9.7749e+01 -6.4612e+01
# New trial
-1.7987e+02 -1.7887e+02 -1.7700e+02 -5.5029e+02
-1.7979e+02 -1.7806e+02 -1.6305e+02 -2.5998e+02
-1.7966e+02 -1.7670e+02 -1.4823e+02 -8.4276e+01
-1.7962e+02 -1.7627e+02 -1.4402e+02 -1.1888e+02
# New trial
-1.7966e+02 -1.7685e+02 -1.7339e+02 -7.0082e+02
-1.7951e+02 -1.7525e+02 -1.4640e+02 -3.8140e+02
-1.7914e+02 -1.7160e+02 -1.0516e+02 -6.4612e+01
-1.7897e+02 -1.6984e+02 -9.2745e+01 -6.4612e+01
# New trial
-1.7947e+02 -1.7513e+02 -1.6453e+02 -5.3470e+02
-1.7916e+02 -1.7198e+02 -1.2882e+02 -2.1870e+02
-1.7849e+02 -1.6514e+02 -7.8990e+01 -6.4612e+01
-1.7823e+02 -1.6259e+02 -8.2500e+01 -1.6552e+02
# New trial
-1.7968e+02 -1.7702e+02 -1.6082e+02 -3.0224e+02
-1.7952e+02 -1.7538e+02 -1.4399e+02 -1.6829e+02
-1.7910e+02 -1.7117e+02 -1.0357e+02 -6.6268e+01
-1.7876e+02 -1.6779e+02 -8.7660e+01 -9.5765e+01
# New trial
-1.7959e+02 -1.7619e+02 -1.6621e+02 -5.6073e+02
-1.7942e+02 -1.7445e+02 -1.4899e+02 -4.4053e+02
-1.7894e+02 -1.6959e+02 -9.6309e+01 -8.2811e+01
-1.7868e+02 -1.6696e+02 -8.4442e+01 -7.6323e+01
# New trial
-1.7974e+02 -1.7775e+02 -1.9250e+02 -8.0656e+02
-1.7953e+02 -1.7551e+02 -1.4749e+02 -2.8459e+02
-1.7910e+02 -1.7118e+02 -1.0200e+02 -6.4858e+01
-1.7867e+02 -1.6683e+02 -7.9080e+01 -6.4612e+01
# New trial
-1.7979e+02 -1.7819e+02 -1.9229e+02 -8.6305e+02
-1.7960e+02 -1.7622e+02 -1.5477e+02 -3.0007e+02
-1.7930e+02 -1.7316e+02 -1.2039e+02 -6.7117e+01
-1.7923e+02 -1.7240e+02 -1.1174e+02 -8.9589e+01
# New trial
-1.7969e+02 -1.7766e+02 -2.4352e+02 -1.4393e+03
-1.7943e+02 -1.7467e+02 -1.5784e+02 -5.4995e+02
-1.7889e+02 -1.6908e+02 -9.4002e+01 -6.5681e+01
-1.7858e+02 -1.6603e+02 -8.0670e+01 -6.8882e+01
# New trial
-1.7980e+02 -1.7822e+02 -1.8374e+02 -7.6223e+02
-1.7966e+02 -1.7682e+02 -1.5984e+02 -3.3873e+02
-1.7934e+02 -1.7355e+02 -1.2109e+02 -6.6168e+01
-1.7913e+02 -1.7140e+02 -1.0540e+02 -1.2120e+02
# New trial
-1.7959e+02 -1.7675e+02 -2.2971e+02 -1.2873e+03
-1.7936e+02 -1.7426e+02 -1.6615e+02 -5.2437e+02
-1.7878e+02 -1.6821e+02 -9.8440e+01 -8.5041e+01
-1.7863e+02 -1.6665e+02 -9.8642e+01 -2.8355e+02
# New trial
-1.7963e+02 -1.7651e+02 -1.5880e+02 -3.9376e+02
-1.7942e+02 -1.7444e+02 -1.3767e+02 -2.0261e+02
-1.7885e+02 -1.6867e+02 -9.3238e+01 -6.6490e+01
-1.7857e+02 -1.6589e+02 -9.2927e+01 -2.1687e+02
# New trial
-1.7971e+02 -1.7729e+02 -1.6682e+02 -3.6220e+02
-1.7956e+02 -1.7585e+02 -1.5359e+02 -2.1488e+02
-1.7918e+02 -1.7195e+02 -1.1203e+02 -7.3396e+01
-1.7906e+02 -1.7070e+02 -1.0036e+02 -6.5303e+01
# New trial
-1.7972e+02 -1.7754e+02 -1.9594e+02 -9.1263e+02
-1.7957e+02 -1.7595e+02 -1.6531e+02 -5.0596e+02
-1.7914e+02 -1.7151e+02 -1.0563e+02 -6.4618e+01
-1.7882e+02 -1.6829e+02 -8.6398e+01 -6.4612e+01
# New trial
-1.7978e+02 -1.7802e+02 -1.8132e+02 -7.3502e+02
-1.7969e+02 -1.7701e+02 -1.5751e+02 -2.7162e+02
-1.7944e+02 -1.7450e+02 -1.2855e+02 -7.5230e+01
-1.7919e+02 -1.7197e+02 -1.0763e+02 -7.0653e+01
# New trial
-1.7967e+02 -1.7717e+02 -1.9516e+02 -8.1784e+02
-1.7943e+02 -1.7454e+02 -1.4332e+02 -2.3367e+02
-1.7916e+02 -1.7183e+02 -1.1306e+02 -6.7261e+01
-1.7931e+02 -1.7323e+02 -1.1936e+02 -1.6501e+02
# New trial
-1.7973e+02 -1.7743e+02 -1.6244e+02 -5.1564e+02
-1.7964e+02 -1.7652e+02 -1.4866e+02 -1.0131e+02
-1.7940e+02 -1.7407e+02 -1.2549e+02 -7.6841e+01
-1.7915e+02 -1.7161e+02 -1.0584e+02 -9.9037e+01
# New trial
-1.7967e+02 -1.7711e+02 -1.8697e+02 -7.3292e+02
-1.7941e+02 -1.7439e+02 -1.4451e+02 -3.0390e+02
-1.7899e+02 -1.7017e+02 -1.0236e+02 -6.6856e+01
-1.7900e+02 -1.7013e+02 -9.8207e+01 -6.7791e+01
# New trial
-1.7965e+02 -1.7696e+02 -1.7524e+02 -4.6101e+02
-1.7939e+02 -1.7421e+02 -1.4254e+02 -2.6368e+02
-1.7880e+02 -1.6831e+02 -9.6292e+01 -6.7887e+01
-1.7837e+02 -1.6397e+02 -8.0538e+01 -8.3028e+01
# New trial
-1.7971e+02 -1.7793e+02 -2.3584e+02 -1.3676e+03
-1.7944e+02 -1.7479e+02 -1.5500e+02 -3.5516e+02
-1.7888e+02 -1.6901e+02 -9.1992e+01 -6.4673e+01
-1.7858e+02 -1.6594e+02 -8.0734e+01 -9.1955e+01
# New trial
-1.7978e+02 -1.7792e+02 -1.6198e+02 -1.7909e+02
-1.7963e+02 -1.7643e+02 -1.4824e+02 -1.1519e+02
-1.7928e+02 -1.7299e+02 -1.1824e+02 -6.5778e+01
-1.7910e+02 -1.7115e+02 -1.0335e+02 -9.6313e+01
# New trial
-1.7967e+02 -1.7691e+02 -1.7775e+02 -8.4695e+02
-1.7956e+02 -1.7580e+02 -1.5129e+02 -3.2135e+02
-1.7926e+02 -1.7276e+02 -1.1724e+02 -6.6849e+01
-1.7908e+02 -1.7089e+02 -1.0132e+02 -6.8476e+01
# New trial
-1.7970e+02 -1.7757e+02 -1.9772e+02 -9.0018e+02
-1.7945e+02 -1.7496e+02 -1.5805e+02 -4.4574e+02
-1.7889e+02 -1.6914e+02 -9.1035e+01 -8.3412e+01
-1.7858e+02 -1.6596e+02 -7.9456e+01 -6.9778e+01
# New trial
-1.7975e+02 -1.7766e+02 -1.6840e+02 -4.0993e+02
-1.7958e+02 -1.7604e+02 -1.5047e+02 -2.3818e+02
-1.7919e+02 -1.7208e+02 -1.1543e+02 -6.9294e+01
-1.7902e+02 -1.7038e+02 -9.7962e+01 -8.4447e+01
# New trial
-1.7967e+02 -1.7693e+02 -1.6301e+02 -5.4566e+02
-1.7957e+02 -1.7586e+02 -1.4810e+02 -2.0482e+02
-1.7925e+02 -1.7262e+02 -1.1311e+02 -6.7230e+01
-1.7896e+02 -1.6976e+02 -9.2744e+01 -6.4612e+01
# New trial
