# 10.0sig - Array shape (trial/sig/alpha): (30, 4, 4)
-1.7531e+02 -1.7482e+02 -1.8294e+02 -6.9675e+02
-1.7527e+02 -1.7443e+02 -1.7460e+02 -5.2112e+02
-1.7515e+02 -1.7319e+02 -1.5599e+02 -2.7089e+02
-1.7496e+02 -1.7128e+02 -1.3557e+02 -7.1160e+01
# New trial
-1.7541e+02 -1.7676e+02 -2.6801e+02 -1.9095e+03
-1.7527e+02 -1.7508e+02 -2.2341e+02 -1.2096e+03
-1.7493e+02 -1.7110e+02 -1.4925e+02 -4.3097e+02
-1.7449e+02 -1.6656e+02 -9.3409e+01 -5.0778e+01
# New trial
-1.7533e+02 -1.7508e+02 -1.9965e+02 -9.7841e+02
-1.7525e+02 -1.7430e+02 -1.8342e+02 -7.2062e+02
-1.7494e+02 -1.7101e+02 -1.3567e+02 -1.2810e+02
-1.7455e+02 -1.6715e+02 -9.8949e+01 -5.0876e+01
# New trial
-1.7522e+02 -1.7394e+02 -1.7723e+02 -7.2358e+02
-1.7518e+02 -1.7356e+02 -1.7319e+02 -6.3217e+02
-1.7492e+02 -1.7092e+02 -1.3668e+02 -1.7615e+02
-1.7455e+02 -1.6717e+02 -9.9513e+01 -5.7044e+01
# New trial
-1.7539e+02 -1.7599e+02 -2.2775e+02 -1.4230e+03
-1.7528e+02 -1.7459e+02 -1.8508e+02 -8.1372e+02
-1.7511e+02 -1.7278e+02 -1.5496e+02 -3.6299e+02
-1.7486e+02 -1.7029e+02 -1.2624e+02 -7.8378e+01
# New trial
-1.7522e+02 -1.7407e+02 -1.8224e+02 -6.1636e+02
-1.7514e+02 -1.7313e+02 -1.6478e+02 -3.9924e+02
-1.7485e+02 -1.7021e+02 -1.2865e+02 -1.4315e+02
-1.7445e+02 -1.6613e+02 -9.5453e+01 -1.7230e+02
# New trial
-1.7531e+02 -1.7475e+02 -1.7678e+02 -8.5371e+02
-1.7528e+02 -1.7448e+02 -1.7118e+02 -5.8062e+02
-1.7516e+02 -1.7326e+02 -1.5712e+02 -3.6271e+02
-1.7497e+02 -1.7130e+02 -1.3608e+02 -1.1107e+02
# New trial
-1.7522e+02 -1.7400e+02 -1.8751e+02 -8.5009e+02
-1.7516e+02 -1.7342e+02 -1.7891e+02 -7.7628e+02
-1.7498e+02 -1.7154e+02 -1.4691e+02 -3.5324e+02
-1.7471e+02 -1.6872e+02 -1.1172e+02 -6.5820e+01
# New trial
-1.7549e+02 -1.7742e+02 -2.8948e+02 -2.2440e+03
-1.7533e+02 -1.7541e+02 -2.1796e+02 -1.1348e+03
-1.7488e+02 -1.7051e+02 -1.3800e+02 -3.3748e+02
-1.7442e+02 -1.6590e+02 -9.0937e+01 -9.7770e+01
# New trial
-1.7529e+02 -1.7459e+02 -1.7415e+02 -5.8620e+02
-1.7524e+02 -1.7400e+02 -1.6403e+02 -2.7868e+02
-1.7512e+02 -1.7286e+02 -1.5111e+02 -1.2297e+02
-1.7501e+02 -1.7172e+02 -1.3958e+02 -7.3153e+01
# New trial
-1.7556e+02 -1.7807e+02 -2.9385e+02 -2.1946e+03
-1.7523e+02 -1.7443e+02 -2.4327e+02 -1.7846e+03
-1.7474e+02 -1.6914e+02 -1.3646e+02 -4.3031e+02
-1.7424e+02 -1.6410e+02 -7.9283e+01 -9.0098e+01
# New trial
-1.7561e+02 -1.7852e+02 -2.8447e+02 -1.8700e+03
-1.7533e+02 -1.7508e+02 -1.8538e+02 -5.7935e+02
-1.7513e+02 -1.7296e+02 -1.5382e+02 -1.2638e+02
-1.7493e+02 -1.7092e+02 -1.3239e+02 -8.8828e+01
# New trial
-1.7533e+02 -1.7539e+02 -2.2603e+02 -1.3536e+03
-1.7524e+02 -1.7437e+02 -1.9558e+02 -9.0105e+02
-1.7494e+02 -1.7116e+02 -1.4411e+02 -3.1067e+02
-1.7454e+02 -1.6704e+02 -9.8583e+01 -5.9595e+01
# New trial
-1.7539e+02 -1.7578e+02 -2.0536e+02 -9.5446e+02
-1.7529e+02 -1.7467e+02 -1.8412e+02 -5.9710e+02
-1.7497e+02 -1.7139e+02 -1.4145e+02 -2.7659e+02
-1.7464e+02 -1.6804e+02 -1.0905e+02 -1.5874e+02
# New trial
-1.7543e+02 -1.7632e+02 -2.2711e+02 -1.2368e+03
-1.7532e+02 -1.7512e+02 -2.0196e+02 -8.5596e+02
-1.7496e+02 -1.7131e+02 -1.4415e+02 -3.3158e+02
-1.7454e+02 -1.6704e+02 -9.7658e+01 -5.4116e+01
# New trial
-1.7553e+02 -1.7813e+02 -3.0928e+02 -2.1552e+03
-1.7528e+02 -1.7490e+02 -2.0628e+02 -1.0110e+03
-1.7480e+02 -1.6978e+02 -1.3879e+02 -3.7953e+02
-1.7424e+02 -1.6406e+02 -7.8102e+01 -9.2858e+01
# New trial
-1.7526e+02 -1.7481e+02 -2.6575e+02 -1.9573e+03
-1.7509e+02 -1.7277e+02 -1.7665e+02 -7.7680e+02
-1.7479e+02 -1.6958e+02 -1.2848e+02 -2.2737e+02
-1.7444e+02 -1.6608e+02 -9.3205e+01 -1.0504e+02
# New trial
-1.7534e+02 -1.7521e+02 -1.9976e+02 -1.0822e+03
-1.7520e+02 -1.7374e+02 -1.7026e+02 -4.8455e+02
-1.7489e+02 -1.7064e+02 -1.3754e+02 -3.1774e+02
-1.7458e+02 -1.6742e+02 -1.0206e+02 -9.8461e+01
# New trial
-1.7538e+02 -1.7556e+02 -1.9267e+02 -8.1637e+02
-1.7528e+02 -1.7446e+02 -1.7016e+02 -3.0501e+02
-1.7513e+02 -1.7296e+02 -1.5242e+02 -1.3177e+02
-1.7494e+02 -1.7104e+02 -1.3275e+02 -5.1269e+01
# New trial
-1.7553e+02 -1.7748e+02 -2.6073e+02 -1.7570e+03
-1.7536e+02 -1.7543e+02 -2.0105e+02 -1.0467e+03
-1.7497e+02 -1.7145e+02 -1.4558e+02 -4.5320e+02
-1.7454e+02 -1.6701e+02 -9.9106e+01 -6.8210e+01
# New trial
-1.7542e+02 -1.7600e+02 -2.0892e+02 -1.0203e+03
-1.7527e+02 -1.7441e+02 -1.7067e+02 -4.3759e+02
-1.7501e+02 -1.7177e+02 -1.4125e+02 -1.4928e+02
-1.7469e+02 -1.6851e+02 -1.1042e+02 -8.0821e+01
# New trial
-1.7521e+02 -1.7379e+02 -1.6972e+02 -5.8895e+02
-1.7517e+02 -1.7342e+02 -1.6778e+02 -5.4573e+02
-1.7493e+02 -1.7094e+02 -1.3567e+02 -2.0733e+02
-1.7455e+02 -1.6715e+02 -1.0035e+02 -6.1074e+01
# New trial
-1.7537e+02 -1.7549e+02 -1.9360e+02 -7.4205e+02
-1.7528e+02 -1.7456e+02 -1.8254e+02 -6.9989e+02
-1.7500e+02 -1.7170e+02 -1.4802e+02 -3.8221e+02
-1.7468e+02 -1.6843e+02 -1.1121e+02 -1.2247e+02
# New trial
-1.7534e+02 -1.7553e+02 -2.1903e+02 -1.0730e+03
-1.7522e+02 -1.7428e+02 -2.0379e+02 -9.2560e+02
-1.7489e+02 -1.7067e+02 -1.4143e+02 -3.7266e+02
-1.7433e+02 -1.6495e+02 -8.0822e+01 -5.4676e+01
# New trial
-1.7544e+02 -1.7669e+02 -2.4690e+02 -1.5096e+03
-1.7525e+02 -1.7457e+02 -2.0344e+02 -1.0397e+03
-1.7481e+02 -1.6985e+02 -1.2727e+02 -1.8799e+02
-1.7433e+02 -1.6497e+02 -8.1933e+01 -4.6751e+01
# New trial
-1.7562e+02 -1.7943e+02 -3.2132e+02 -2.2516e+03
-1.7534e+02 -1.7572e+02 -2.4293e+02 -1.5374e+03
-1.7468e+02 -1.6855e+02 -1.2886e+02 -4.5745e+02
-1.7394e+02 -1.6111e+02 -6.4108e+01 -6.9251e+01
# New trial
-1.7584e+02 -1.8140e+02 -3.2481e+02 -2.3068e+03
-1.7545e+02 -1.7649e+02 -2.1349e+02 -1.1500e+03
-1.7493e+02 -1.7102e+02 -1.3988e+02 -3.3681e+02
-1.7450e+02 -1.6667e+02 -1.0100e+02 -1.6157e+02
# New trial
-1.7529e+02 -1.7456e+02 -1.7550e+02 -5.3240e+02
-1.7523e+02 -1.7399e+02 -1.7127e+02 -5.3410e+02
-1.7501e+02 -1.7173e+02 -1.4223e+02 -1.5490e+02
-1.7472e+02 -1.6885e+02 -1.1315e+02 -6.4492e+01
# New trial
-1.7538e+02 -1.7592e+02 -2.4666e+02 -1.6629e+03
-1.7530e+02 -1.7499e+02 -2.0497e+02 -1.0087e+03
-1.7492e+02 -1.7100e+02 -1.4295e+02 -2.7706e+02
-1.7446e+02 -1.6623e+02 -9.1686e+01 -5.4808e+01
# New trial
-1.7530e+02 -1.7483e+02 -2.0141e+02 -1.0318e+03
-1.7522e+02 -1.7394e+02 -1.7612e+02 -6.3814e+02
-1.7499e+02 -1.7162e+02 -1.4257e+02 -2.2257e+02
-1.7463e+02 -1.6798e+02 -1.0782e+02 -6.9613e+01
# New trial
