# 1.0sig - Array shape (trial/sig/alpha): (30, 4, 4)
-1.7534e+02 -1.7500e+02 -1.7275e+02 -2.0180e+02
-1.7531e+02 -1.7478e+02 -1.6992e+02 -1.6087e+02
-1.7525e+02 -1.7414e+02 -1.6375e+02 -1.5691e+02
-1.7516e+02 -1.7319e+02 -1.5859e+02 -1.5691e+02
# New trial
-1.7534e+02 -1.7505e+02 -1.7261e+02 -1.7560e+02
-1.7532e+02 -1.7487e+02 -1.7094e+02 -1.5939e+02
-1.7527e+02 -1.7432e+02 -1.6611e+02 -1.5705e+02
-1.7521e+02 -1.7372e+02 -1.6158e+02 -1.5694e+02
# New trial
-1.7534e+02 -1.7499e+02 -1.7200e+02 -1.9534e+02
-1.7532e+02 -1.7485e+02 -1.7046e+02 -1.6303e+02
-1.7528e+02 -1.7439e+02 -1.6628e+02 -1.5698e+02
-1.7521e+02 -1.7375e+02 -1.6163e+02 -1.5822e+02
# New trial
-1.7534e+02 -1.7503e+02 -1.7292e+02 -2.2726e+02
-1.7532e+02 -1.7488e+02 -1.7106e+02 -1.7305e+02
-1.7528e+02 -1.7441e+02 -1.6622e+02 -1.5691e+02
-1.7523e+02 -1.7394e+02 -1.6230e+02 -1.5691e+02
# New trial
-1.7532e+02 -1.7487e+02 -1.7262e+02 -2.2308e+02
-1.7530e+02 -1.7462e+02 -1.6888e+02 -1.7706e+02
-1.7525e+02 -1.7412e+02 -1.6397e+02 -1.5694e+02
-1.7520e+02 -1.7368e+02 -1.6125e+02 -1.5779e+02
# New trial
-1.7535e+02 -1.7509e+02 -1.7330e+02 -2.1917e+02
-1.7533e+02 -1.7494e+02 -1.7124e+02 -1.6206e+02
-1.7529e+02 -1.7450e+02 -1.6707e+02 -1.5693e+02
-1.7523e+02 -1.7396e+02 -1.6240e+02 -1.5691e+02
# New trial
-1.7536e+02 -1.7523e+02 -1.7437e+02 -2.1275e+02
-1.7535e+02 -1.7513e+02 -1.7304e+02 -1.7359e+02
-1.7533e+02 -1.7491e+02 -1.7082e+02 -1.5708e+02
-1.7531e+02 -1.7470e+02 -1.6880e+02 -1.5717e+02
# New trial
-1.7535e+02 -1.7513e+02 -1.7567e+02 -2.5610e+02
-1.7533e+02 -1.7490e+02 -1.7223e+02 -2.1740e+02
-1.7527e+02 -1.7432e+02 -1.6589e+02 -1.5762e+02
-1.7522e+02 -1.7381e+02 -1.6279e+02 -1.7035e+02
# New trial
-1.7531e+02 -1.7471e+02 -1.7145e+02 -2.1453e+02
-1.7527e+02 -1.7432e+02 -1.6778e+02 -1.8960e+02
-1.7518e+02 -1.7345e+02 -1.6161e+02 -1.5743e+02
-1.7512e+02 -1.7285e+02 -1.6351e+02 -2.0616e+02
# New trial
-1.7534e+02 -1.7502e+02 -1.7226e+02 -1.9141e+02
-1.7532e+02 -1.7483e+02 -1.7042e+02 -1.8588e+02
-1.7526e+02 -1.7428e+02 -1.6536e+02 -1.5694e+02
-1.7521e+02 -1.7370e+02 -1.6216e+02 -1.6595e+02
# New trial
-1.7533e+02 -1.7493e+02 -1.7184e+02 -1.8570e+02
-1.7531e+02 -1.7469e+02 -1.6960e+02 -1.7319e+02
-1.7524e+02 -1.7401e+02 -1.6334e+02 -1.5692e+02
-1.7520e+02 -1.7365e+02 -1.6123e+02 -1.5691e+02
# New trial
-1.7535e+02 -1.7510e+02 -1.7501e+02 -2.4136e+02
-1.7532e+02 -1.7481e+02 -1.7029e+02 -1.7659e+02
-1.7526e+02 -1.7425e+02 -1.6464e+02 -1.5691e+02
-1.7519e+02 -1.7353e+02 -1.5998e+02 -1.5691e+02
# New trial
-1.7535e+02 -1.7510e+02 -1.7416e+02 -2.4868e+02
-1.7532e+02 -1.7483e+02 -1.7067e+02 -1.6965e+02
-1.7528e+02 -1.7443e+02 -1.6685e+02 -1.5815e+02
-1.7527e+02 -1.7433e+02 -1.6562e+02 -1.5724e+02
# New trial
-1.7534e+02 -1.7503e+02 -1.7886e+02 -3.1952e+02
-1.7531e+02 -1.7471e+02 -1.7083e+02 -2.0157e+02
-1.7523e+02 -1.7394e+02 -1.6273e+02 -1.5691e+02
-1.7515e+02 -1.7313e+02 -1.5853e+02 -1.5691e+02
# New trial
-1.7535e+02 -1.7514e+02 -1.7452e+02 -2.5172e+02
-1.7533e+02 -1.7496e+02 -1.7171e+02 -1.8003e+02
-1.7528e+02 -1.7446e+02 -1.6670e+02 -1.5704e+02
-1.7523e+02 -1.7392e+02 -1.6278e+02 -1.6318e+02
# New trial
-1.7533e+02 -1.7503e+02 -1.8076e+02 -3.1476e+02
-1.7529e+02 -1.7456e+02 -1.7146e+02 -1.9905e+02
-1.7520e+02 -1.7368e+02 -1.6284e+02 -1.5733e+02
-1.7519e+02 -1.7350e+02 -1.6193e+02 -1.6757e+02
# New trial
-1.7534e+02 -1.7504e+02 -1.7301e+02 -2.0687e+02
-1.7531e+02 -1.7476e+02 -1.7017e+02 -1.7636e+02
-1.7523e+02 -1.7393e+02 -1.6299e+02 -1.5691e+02
-1.7515e+02 -1.7319e+02 -1.5907e+02 -1.5695e+02
# New trial
-1.7533e+02 -1.7497e+02 -1.7190e+02 -1.7340e+02
-1.7532e+02 -1.7479e+02 -1.7023e+02 -1.6187e+02
-1.7526e+02 -1.7423e+02 -1.6480e+02 -1.5691e+02
-1.7521e+02 -1.7377e+02 -1.6123e+02 -1.5691e+02
# New trial
-1.7534e+02 -1.7509e+02 -1.7499e+02 -2.3900e+02
-1.7532e+02 -1.7486e+02 -1.7182e+02 -2.0169e+02
-1.7526e+02 -1.7422e+02 -1.6484e+02 -1.5692e+02
-1.7520e+02 -1.7362e+02 -1.6120e+02 -1.5794e+02
# New trial
-1.7535e+02 -1.7512e+02 -1.7406e+02 -2.3175e+02
-1.7534e+02 -1.7500e+02 -1.7192e+02 -1.6964e+02
-1.7531e+02 -1.7469e+02 -1.6870e+02 -1.5691e+02
-1.7526e+02 -1.7427e+02 -1.6491e+02 -1.5691e+02
# New trial
-1.7534e+02 -1.7503e+02 -1.7414e+02 -2.3340e+02
-1.7531e+02 -1.7476e+02 -1.7049e+02 -1.7258e+02
-1.7526e+02 -1.7428e+02 -1.6609e+02 -1.5697e+02
-1.7524e+02 -1.7404e+02 -1.6366e+02 -1.5694e+02
# New trial
-1.7535e+02 -1.7511e+02 -1.7386e+02 -2.3635e+02
-1.7533e+02 -1.7498e+02 -1.7152e+02 -1.5770e+02
-1.7530e+02 -1.7466e+02 -1.6849e+02 -1.5694e+02
-1.7526e+02 -1.7426e+02 -1.6485e+02 -1.5691e+02
# New trial
-1.7534e+02 -1.7507e+02 -1.7483e+02 -2.3277e+02
-1.7530e+02 -1.7465e+02 -1.6933e+02 -1.8004e+02
-1.7523e+02 -1.7395e+02 -1.6312e+02 -1.5691e+02
-1.7523e+02 -1.7396e+02 -1.6345e+02 -1.6117e+02
# New trial
-1.7533e+02 -1.7496e+02 -1.7282e+02 -1.8194e+02
-1.7530e+02 -1.7463e+02 -1.6951e+02 -1.6781e+02
-1.7522e+02 -1.7381e+02 -1.6277e+02 -1.5695e+02
-1.7515e+02 -1.7315e+02 -1.6068e+02 -1.6995e+02
# New trial
-1.7534e+02 -1.7505e+02 -1.7940e+02 -2.9690e+02
-1.7530e+02 -1.7460e+02 -1.6969e+02 -1.6809e+02
-1.7521e+02 -1.7377e+02 -1.6207e+02 -1.5693e+02
-1.7514e+02 -1.7308e+02 -1.5889e+02 -1.5692e+02
# New trial
-1.7535e+02 -1.7511e+02 -1.7283e+02 -1.6767e+02
-1.7533e+02 -1.7495e+02 -1.7130e+02 -1.6097e+02
-1.7528e+02 -1.7448e+02 -1.6705e+02 -1.5720e+02
-1.7523e+02 -1.7393e+02 -1.6241e+02 -1.5691e+02
# New trial
-1.7533e+02 -1.7493e+02 -1.7228e+02 -2.1932e+02
-1.7531e+02 -1.7478e+02 -1.7022e+02 -1.7624e+02
-1.7528e+02 -1.7440e+02 -1.6626e+02 -1.5692e+02
-1.7527e+02 -1.7428e+02 -1.6500e+02 -1.5691e+02
# New trial
-1.7531e+02 -1.7472e+02 -1.7192e+02 -2.1100e+02
-1.7528e+02 -1.7441e+02 -1.6761e+02 -1.7057e+02
-1.7522e+02 -1.7379e+02 -1.6145e+02 -1.5691e+02
-1.7519e+02 -1.7352e+02 -1.6054e+02 -1.5691e+02
# New trial
-1.7534e+02 -1.7500e+02 -1.7237e+02 -1.9049e+02
-1.7531e+02 -1.7477e+02 -1.7000e+02 -1.7009e+02
-1.7526e+02 -1.7423e+02 -1.6507e+02 -1.5716e+02
-1.7522e+02 -1.7379e+02 -1.6258e+02 -1.7268e+02
# New trial
-1.7534e+02 -1.7506e+02 -1.7304e+02 -2.0958e+02
-1.7533e+02 -1.7491e+02 -1.7124e+02 -1.8029e+02
-1.7527e+02 -1.7438e+02 -1.6591e+02 -1.5691e+02
-1.7520e+02 -1.7364e+02 -1.6030e+02 -1.5691e+02
# New trial
