# 1.0sig - Array shape (trial/sig/alpha): (30L, 4L, 4L)
-1.0133e+02 -9.9774e+01 -1.1753e+02 -6.5263e+02
-1.0123e+02 -9.8723e+01 -9.2601e+01 -3.3642e+02
-1.0100e+02 -9.6256e+01 -5.9441e+01 -1.5852e+02
-1.0086e+02 -9.4811e+01 -5.3668e+01 -5.6036e+01
# New trial
-1.0132e+02 -9.9669e+01 -1.0511e+02 -4.2559e+02
-1.0126e+02 -9.9010e+01 -8.8049e+01 -1.7300e+02
-1.0112e+02 -9.7521e+01 -6.8986e+01 -1.3496e+02
-1.0112e+02 -9.7422e+01 -6.7994e+01 -1.1643e+02
# New trial
-1.0127e+02 -9.9071e+01 -9.6850e+01 -4.3066e+02
-1.0122e+02 -9.8576e+01 -8.3143e+01 -1.5564e+02
-1.0112e+02 -9.7479e+01 -6.7601e+01 -1.1375e+02
-1.0104e+02 -9.6605e+01 -6.1350e+01 -5.9419e+01
# New trial
-1.0135e+02 -9.9911e+01 -1.0153e+02 -4.6493e+02
-1.0129e+02 -9.9245e+01 -9.4142e+01 -3.0682e+02
-1.0116e+02 -9.7837e+01 -7.1910e+01 -1.0387e+02
-1.0114e+02 -9.7612e+01 -6.8850e+01 -1.4234e+02
# New trial
-1.0127e+02 -9.9418e+01 -1.3323e+02 -8.4817e+02
-1.0117e+02 -9.8215e+01 -9.6324e+01 -4.7988e+02
-1.0103e+02 -9.6539e+01 -6.1135e+01 -1.0534e+02
-1.0104e+02 -9.6593e+01 -6.1545e+01 -5.9403e+01
# New trial
-1.0132e+02 -9.9595e+01 -1.0262e+02 -5.3880e+02
-1.0128e+02 -9.9096e+01 -8.8897e+01 -2.4342e+02
-1.0115e+02 -9.7788e+01 -7.1520e+01 -1.1986e+02
-1.0111e+02 -9.7354e+01 -6.7096e+01 -1.4353e+02
# New trial
-1.0145e+02 -1.0083e+02 -1.1115e+02 -5.3543e+02
-1.0139e+02 -1.0012e+02 -9.1590e+01 -1.7687e+02
-1.0132e+02 -9.9414e+01 -8.1842e+01 -8.8560e+01
-1.0136e+02 -9.9814e+01 -8.5102e+01 -9.9850e+01
# New trial
-1.0140e+02 -1.0055e+02 -1.2966e+02 -7.3920e+02
-1.0128e+02 -9.9209e+01 -9.9090e+01 -4.1403e+02
-1.0107e+02 -9.7044e+01 -6.8635e+01 -1.2304e+02
-1.0110e+02 -9.7240e+01 -6.6398e+01 -1.0401e+02
# New trial
-1.0128e+02 -1.0003e+02 -1.3740e+02 -8.4944e+02
-1.0104e+02 -9.7313e+01 -1.0875e+02 -6.1509e+02
-1.0064e+02 -9.2897e+01 -5.9702e+01 -2.7535e+02
-1.0078e+02 -9.4131e+01 -5.5388e+01 -7.3025e+01
# New trial
-1.0137e+02 -1.0020e+02 -1.1172e+02 -5.6433e+02
-1.0126e+02 -9.8984e+01 -9.6129e+01 -3.8148e+02
-1.0100e+02 -9.6254e+01 -5.9508e+01 -1.1986e+02
-1.0090e+02 -9.5186e+01 -5.6337e+01 -5.1526e+01
# New trial
-1.0128e+02 -9.9634e+01 -1.2636e+02 -7.5887e+02
-1.0117e+02 -9.8424e+01 -1.0860e+02 -5.9007e+02
-1.0093e+02 -9.5665e+01 -6.1712e+01 -1.9421e+02
-1.0094e+02 -9.5663e+01 -6.2674e+01 -1.9589e+02
# New trial
-1.0129e+02 -9.9562e+01 -1.3051e+02 -8.1220e+02
-1.0121e+02 -9.8496e+01 -8.9419e+01 -3.3400e+02
-1.0099e+02 -9.6108e+01 -5.6550e+01 -9.5178e+01
-1.0083e+02 -9.4572e+01 -5.2858e+01 -5.5165e+01
# New trial
-1.0132e+02 -9.9872e+01 -1.2636e+02 -7.1255e+02
-1.0120e+02 -9.8402e+01 -8.9705e+01 -2.8036e+02
-1.0111e+02 -9.7425e+01 -6.9078e+01 -9.2155e+01
-1.0116e+02 -9.7802e+01 -6.8741e+01 -5.8069e+01
# New trial
-1.0134e+02 -1.0071e+02 -1.8947e+02 -1.4071e+03
-1.0119e+02 -9.8637e+01 -1.1582e+02 -5.9507e+02
-1.0091e+02 -9.5411e+01 -5.5243e+01 -1.0771e+02
-1.0094e+02 -9.5613e+01 -5.7614e+01 -5.9228e+01
# New trial
-1.0139e+02 -1.0046e+02 -1.3144e+02 -8.5907e+02
-1.0132e+02 -9.9557e+01 -9.9121e+01 -3.4330e+02
-1.0118e+02 -9.8063e+01 -7.2838e+01 -1.3940e+02
-1.0113e+02 -9.7483e+01 -6.6034e+01 -7.0768e+01
# New trial
-1.0126e+02 -1.0005e+02 -1.6766e+02 -1.1986e+03
-1.0114e+02 -9.8394e+01 -1.1278e+02 -5.6111e+02
-1.0087e+02 -9.5129e+01 -6.1655e+01 -1.5842e+02
-1.0095e+02 -9.5756e+01 -6.1053e+01 -1.1223e+02
# New trial
-1.0123e+02 -9.8914e+01 -1.0651e+02 -4.5809e+02
-1.0111e+02 -9.7672e+01 -9.2678e+01 -3.2148e+02
-1.0081e+02 -9.4509e+01 -6.2099e+01 -2.1792e+02
-1.0089e+02 -9.5240e+01 -6.1487e+01 -1.2298e+02
# New trial
-1.0130e+02 -9.9509e+01 -1.0482e+02 -4.4234e+02
-1.0123e+02 -9.8781e+01 -9.4906e+01 -3.3374e+02
-1.0106e+02 -9.6885e+01 -6.9938e+01 -1.7012e+02
-1.0108e+02 -9.7022e+01 -6.9689e+01 -2.0269e+02
# New trial
-1.0126e+02 -9.9291e+01 -1.3494e+02 -8.5672e+02
-1.0122e+02 -9.8751e+01 -1.0963e+02 -5.2410e+02
-1.0101e+02 -9.6400e+01 -6.0610e+01 -1.0772e+02
-1.0092e+02 -9.5475e+01 -5.6411e+01 -6.5317e+01
# New trial
-1.0143e+02 -1.0082e+02 -1.2786e+02 -8.0032e+02
-1.0138e+02 -1.0013e+02 -1.0519e+02 -4.9341e+02
-1.0122e+02 -9.8435e+01 -7.5177e+01 -1.5492e+02
-1.0113e+02 -9.7531e+01 -6.6093e+01 -6.7290e+01
# New trial
-1.0122e+02 -9.9212e+01 -1.3402e+02 -8.8970e+02
-1.0109e+02 -9.7533e+01 -8.6168e+01 -2.6850e+02
-1.0109e+02 -9.7235e+01 -6.9997e+01 -1.1700e+02
-1.0129e+02 -9.9132e+01 -8.2085e+01 -2.1601e+02
# New trial
-1.0131e+02 -9.9477e+01 -1.1493e+02 -7.5714e+02
-1.0127e+02 -9.9017e+01 -8.5076e+01 -1.6365e+02
-1.0114e+02 -9.7654e+01 -6.7609e+01 -1.0359e+02
-1.0113e+02 -9.7496e+01 -6.5783e+01 -5.1353e+01
# New trial
-1.0132e+02 -1.0029e+02 -1.4566e+02 -8.9525e+02
-1.0116e+02 -9.8307e+01 -9.9759e+01 -4.5114e+02
-1.0097e+02 -9.6109e+01 -6.5719e+01 -1.3367e+02
-1.0108e+02 -9.7075e+01 -6.8325e+01 -1.1881e+02
# New trial
-1.0132e+02 -1.0020e+02 -1.3190e+02 -7.1392e+02
-1.0117e+02 -9.8347e+01 -9.8245e+01 -3.8404e+02
-1.0087e+02 -9.5047e+01 -5.8512e+01 -1.6529e+02
-1.0075e+02 -9.3804e+01 -5.3007e+01 -6.1990e+01
# New trial
-1.0147e+02 -1.0186e+02 -1.7109e+02 -1.1933e+03
-1.0132e+02 -9.9827e+01 -1.1453e+02 -5.1828e+02
-1.0097e+02 -9.6067e+01 -6.6613e+01 -1.5553e+02
-1.0098e+02 -9.6097e+01 -6.6739e+01 -2.3509e+02
# New trial
-1.0135e+02 -9.9864e+01 -9.6836e+01 -3.0162e+02
-1.0125e+02 -9.8811e+01 -8.2466e+01 -1.3846e+02
-1.0110e+02 -9.7282e+01 -6.7191e+01 -1.2254e+02
-1.0120e+02 -9.8235e+01 -7.2873e+01 -1.0262e+02
# New trial
-1.0128e+02 -9.9359e+01 -1.2201e+02 -7.4949e+02
-1.0126e+02 -9.8974e+01 -9.6645e+01 -3.4876e+02
-1.0113e+02 -9.7574e+01 -7.0660e+01 -1.1206e+02
-1.0110e+02 -9.7280e+01 -6.5961e+01 -6.4108e+01
# New trial
-1.0122e+02 -9.9788e+01 -1.5802e+02 -1.1267e+03
-1.0112e+02 -9.8020e+01 -1.0126e+02 -4.5270e+02
-1.0090e+02 -9.5314e+01 -5.9077e+01 -1.7815e+02
-1.0091e+02 -9.5314e+01 -5.7751e+01 -1.7156e+02
# New trial
-1.0135e+02 -1.0004e+02 -1.1533e+02 -5.8601e+02
-1.0123e+02 -9.8703e+01 -8.7849e+01 -2.5533e+02
-1.0103e+02 -9.6646e+01 -6.2525e+01 -1.2426e+02
-1.0111e+02 -9.7352e+01 -6.6309e+01 -7.3037e+01
# New trial
-1.0126e+02 -9.9093e+01 -1.1185e+02 -7.0429e+02
-1.0124e+02 -9.8772e+01 -8.9317e+01 -2.6560e+02
-1.0112e+02 -9.7419e+01 -6.7694e+01 -1.6161e+02
-1.0104e+02 -9.6616e+01 -6.1790e+01 -7.2824e+01
# New trial
