# 10.0sig - Array shape (trial/sig/alpha): (30L, 4L, 4L)
-1.0608e+02 -1.0555e+02 -1.1035e+02 -4.7024e+02
-1.0608e+02 -1.0548e+02 -1.0679e+02 -4.0736e+02
-1.0603e+02 -1.0497e+02 -9.6358e+01 -1.6558e+02
-1.0593e+02 -1.0399e+02 -8.5139e+01 -5.6650e+01
# New trial
-1.0611e+02 -1.0664e+02 -1.7628e+02 -1.3061e+03
-1.0605e+02 -1.0584e+02 -1.4166e+02 -8.3680e+02
-1.0594e+02 -1.0420e+02 -9.8964e+01 -3.4025e+02
-1.0575e+02 -1.0220e+02 -6.9210e+01 -8.1030e+01
# New trial
-1.0613e+02 -1.0612e+02 -1.3166e+02 -7.4220e+02
-1.0609e+02 -1.0575e+02 -1.1894e+02 -5.3742e+02
-1.0590e+02 -1.0374e+02 -8.8555e+01 -3.1451e+02
-1.0569e+02 -1.0159e+02 -6.5103e+01 -8.6443e+01
# New trial
-1.0607e+02 -1.0546e+02 -1.1093e+02 -4.6664e+02
-1.0606e+02 -1.0533e+02 -1.0934e+02 -4.1492e+02
-1.0591e+02 -1.0379e+02 -8.6639e+01 -1.5478e+02
-1.0572e+02 -1.0185e+02 -6.6962e+01 -4.7082e+01
# New trial
-1.0612e+02 -1.0638e+02 -1.5221e+02 -1.0185e+03
-1.0609e+02 -1.0576e+02 -1.1830e+02 -5.1105e+02
-1.0602e+02 -1.0491e+02 -9.8220e+01 -1.7578e+02
-1.0589e+02 -1.0356e+02 -8.1079e+01 -5.0374e+01
# New trial
-1.0608e+02 -1.0571e+02 -1.2536e+02 -5.9895e+02
-1.0602e+02 -1.0507e+02 -1.0827e+02 -3.8463e+02
-1.0587e+02 -1.0344e+02 -8.6417e+01 -3.1510e+02
-1.0567e+02 -1.0135e+02 -6.4768e+01 -1.4251e+02
# New trial
-1.0610e+02 -1.0571e+02 -1.1031e+02 -5.3926e+02
-1.0609e+02 -1.0558e+02 -1.0693e+02 -4.4109e+02
-1.0603e+02 -1.0503e+02 -9.7352e+01 -2.5286e+02
-1.0596e+02 -1.0431e+02 -8.8327e+01 -7.0266e+01
# New trial
-1.0604e+02 -1.0529e+02 -1.2303e+02 -6.2734e+02
-1.0604e+02 -1.0527e+02 -1.1693e+02 -5.6522e+02
-1.0598e+02 -1.0455e+02 -9.7193e+01 -2.1317e+02
-1.0582e+02 -1.0294e+02 -7.6145e+01 -5.4378e+01
# New trial
-1.0637e+02 -1.0921e+02 -2.1366e+02 -1.6202e+03
-1.0628e+02 -1.0791e+02 -1.5720e+02 -9.1783e+02
-1.0598e+02 -1.0454e+02 -9.9165e+01 -4.1513e+02
-1.0568e+02 -1.0146e+02 -6.5330e+01 -9.2635e+01
# New trial
-1.0607e+02 -1.0541e+02 -1.0261e+02 -3.0895e+02
-1.0605e+02 -1.0523e+02 -9.8915e+01 -1.7750e+02
-1.0601e+02 -1.0480e+02 -9.3619e+01 -1.0804e+02
-1.0599e+02 -1.0461e+02 -9.1140e+01 -8.4910e+01
# New trial
-1.0622e+02 -1.0756e+02 -1.7535e+02 -1.2513e+03
-1.0603e+02 -1.0535e+02 -1.5065e+02 -1.0236e+03
-1.0578e+02 -1.0256e+02 -9.4146e+01 -4.1672e+02
-1.0554e+02 -1.0006e+02 -5.5717e+01 -5.6788e+01
# New trial
-1.0625e+02 -1.0790e+02 -1.8009e+02 -1.2199e+03
-1.0609e+02 -1.0578e+02 -1.1597e+02 -4.0902e+02
-1.0600e+02 -1.0474e+02 -9.5535e+01 -1.8211e+02
-1.0591e+02 -1.0382e+02 -8.4160e+01 -8.5709e+01
# New trial
-1.0605e+02 -1.0565e+02 -1.4218e+02 -8.6006e+02
-1.0602e+02 -1.0525e+02 -1.2118e+02 -5.9222e+02
-1.0590e+02 -1.0380e+02 -9.0515e+01 -2.5586e+02
-1.0574e+02 -1.0209e+02 -6.9621e+01 -6.4206e+01
# New trial
-1.0610e+02 -1.0589e+02 -1.2956e+02 -6.6784e+02
-1.0607e+02 -1.0556e+02 -1.1851e+02 -5.0237e+02
-1.0591e+02 -1.0381e+02 -8.7972e+01 -1.6559e+02
-1.0574e+02 -1.0203e+02 -6.7596e+01 -4.9808e+01
# New trial
-1.0619e+02 -1.0698e+02 -1.5175e+02 -8.8912e+02
-1.0612e+02 -1.0619e+02 -1.3196e+02 -6.4866e+02
-1.0593e+02 -1.0401e+02 -9.1181e+01 -2.2231e+02
-1.0571e+02 -1.0179e+02 -6.5838e+01 -6.4198e+01
# New trial
-1.0628e+02 -1.0849e+02 -2.0636e+02 -1.5324e+03
-1.0617e+02 -1.0691e+02 -1.4385e+02 -7.4019e+02
-1.0590e+02 -1.0384e+02 -9.6813e+01 -3.5449e+02
-1.0558e+02 -1.0048e+02 -5.9014e+01 -1.2639e+02
# New trial
-1.0608e+02 -1.0609e+02 -1.8757e+02 -1.4492e+03
-1.0597e+02 -1.0466e+02 -1.2101e+02 -5.8852e+02
-1.0582e+02 -1.0300e+02 -8.5592e+01 -2.6439e+02
-1.0567e+02 -1.0134e+02 -6.3291e+01 -1.1487e+02
# New trial
-1.0620e+02 -1.0691e+02 -1.3712e+02 -8.7830e+02
-1.0612e+02 -1.0597e+02 -1.1781e+02 -5.5256e+02
-1.0592e+02 -1.0396e+02 -9.1910e+01 -2.9278e+02
-1.0578e+02 -1.0252e+02 -7.3469e+01 -9.4980e+01
# New trial
-1.0617e+02 -1.0650e+02 -1.2236e+02 -5.4470e+02
-1.0611e+02 -1.0584e+02 -1.0716e+02 -2.7407e+02
-1.0602e+02 -1.0487e+02 -9.4366e+01 -7.8504e+01
-1.0592e+02 -1.0388e+02 -8.4016e+01 -4.7092e+01
# New trial
-1.0641e+02 -1.0939e+02 -1.9498e+02 -1.3488e+03
-1.0626e+02 -1.0754e+02 -1.4162e+02 -8.0552e+02
-1.0596e+02 -1.0431e+02 -9.3095e+01 -2.7943e+02
-1.0569e+02 -1.0155e+02 -6.5123e+01 -7.6362e+01
# New trial
-1.0618e+02 -1.0674e+02 -1.4310e+02 -8.1767e+02
-1.0609e+02 -1.0566e+02 -1.0926e+02 -4.3560e+02
-1.0595e+02 -1.0422e+02 -9.2274e+01 -2.4752e+02
-1.0579e+02 -1.0258e+02 -7.3152e+01 -1.0044e+02
# New trial
-1.0607e+02 -1.0548e+02 -1.1218e+02 -4.4835e+02
-1.0608e+02 -1.0559e+02 -1.1363e+02 -4.8131e+02
-1.0597e+02 -1.0440e+02 -9.2737e+01 -2.0322e+02
-1.0577e+02 -1.0235e+02 -7.2400e+01 -6.1775e+01
# New trial
-1.0613e+02 -1.0622e+02 -1.2707e+02 -5.6316e+02
-1.0607e+02 -1.0558e+02 -1.1764e+02 -4.9242e+02
-1.0593e+02 -1.0406e+02 -9.2214e+01 -2.9585e+02
-1.0578e+02 -1.0253e+02 -7.2624e+01 -9.0708e+01
# New trial
-1.0614e+02 -1.0649e+02 -1.3768e+02 -6.9319e+02
-1.0608e+02 -1.0589e+02 -1.3076e+02 -6.5600e+02
-1.0591e+02 -1.0391e+02 -9.2568e+01 -2.6793e+02
-1.0563e+02 -1.0099e+02 -6.0205e+01 -5.1044e+01
# New trial
-1.0625e+02 -1.0783e+02 -1.7251e+02 -1.1338e+03
-1.0615e+02 -1.0661e+02 -1.4166e+02 -8.1831e+02
-1.0589e+02 -1.0369e+02 -9.1066e+01 -3.6679e+02
-1.0564e+02 -1.0110e+02 -6.1008e+01 -5.6583e+01
# New trial
-1.0631e+02 -1.0936e+02 -2.1436e+02 -1.5299e+03
-1.0615e+02 -1.0692e+02 -1.6160e+02 -1.1397e+03
-1.0576e+02 -1.0239e+02 -7.9027e+01 -1.6299e+02
-1.0537e+02 -9.8372e+01 -4.9340e+01 -7.2071e+01
# New trial
-1.0656e+02 -1.1172e+02 -2.3056e+02 -1.7135e+03
-1.0628e+02 -1.0792e+02 -1.5263e+02 -8.7963e+02
-1.0588e+02 -1.0355e+02 -8.8449e+01 -2.5270e+02
-1.0563e+02 -1.0097e+02 -6.3505e+01 -8.2961e+01
# New trial
-1.0605e+02 -1.0530e+02 -1.0709e+02 -3.6903e+02
-1.0602e+02 -1.0495e+02 -1.0236e+02 -3.2099e+02
-1.0591e+02 -1.0386e+02 -8.6914e+01 -1.0570e+02
-1.0578e+02 -1.0248e+02 -7.1783e+01 -5.3026e+01
# New trial
-1.0618e+02 -1.0680e+02 -1.6264e+02 -1.1719e+03
-1.0613e+02 -1.0631e+02 -1.3162e+02 -6.9715e+02
-1.0594e+02 -1.0423e+02 -9.5746e+01 -3.1403e+02
-1.0570e+02 -1.0174e+02 -6.7082e+01 -7.3526e+01
# New trial
-1.0608e+02 -1.0558e+02 -1.2499e+02 -7.0726e+02
-1.0603e+02 -1.0505e+02 -1.0794e+02 -4.4450e+02
-1.0589e+02 -1.0360e+02 -8.5170e+01 -2.0049e+02
-1.0570e+02 -1.0170e+02 -6.6749e+01 -6.2378e+01
# New trial
