# 1.0sig - Array shape (trial/sig/alpha): (30, 4, 4)
-1.4277e+02 -1.4022e+02 -1.4049e+02 -5.5004e+02
-1.4263e+02 -1.3879e+02 -1.1374e+02 -2.0470e+02
-1.4228e+02 -1.3520e+02 -7.6163e+01 -5.0855e+01
-1.4198e+02 -1.3225e+02 -6.3546e+01 -5.0885e+01
# New trial
-1.4285e+02 -1.4101e+02 -1.3516e+02 -2.9397e+02
-1.4272e+02 -1.3972e+02 -1.1976e+02 -1.4965e+02
-1.4241e+02 -1.3656e+02 -8.8973e+01 -5.1147e+01
-1.4231e+02 -1.3552e+02 -8.3463e+01 -1.7484e+02
# New trial
-1.4284e+02 -1.4082e+02 -1.2978e+02 -3.0431e+02
-1.4273e+02 -1.3976e+02 -1.1636e+02 -9.1816e+01
-1.4245e+02 -1.3690e+02 -8.7575e+01 -5.0766e+01
-1.4224e+02 -1.3480e+02 -7.4008e+01 -5.0766e+01
# New trial
-1.4279e+02 -1.4039e+02 -1.2923e+02 -3.8530e+02
-1.4268e+02 -1.3932e+02 -1.1750e+02 -2.1879e+02
-1.4245e+02 -1.3694e+02 -8.8525e+01 -5.0766e+01
-1.4240e+02 -1.3636e+02 -8.3330e+01 -5.0766e+01
# New trial
-1.4268e+02 -1.3950e+02 -1.5268e+02 -7.2154e+02
-1.4253e+02 -1.3790e+02 -1.1363e+02 -3.3725e+02
-1.4228e+02 -1.3524e+02 -7.7414e+01 -5.0896e+01
-1.4222e+02 -1.3462e+02 -7.3303e+01 -5.0770e+01
# New trial
-1.4287e+02 -1.4121e+02 -1.4597e+02 -7.0142e+02
-1.4277e+02 -1.4013e+02 -1.2093e+02 -1.9825e+02
-1.4250e+02 -1.3746e+02 -9.2258e+01 -5.1547e+01
-1.4233e+02 -1.3568e+02 -7.8301e+01 -5.0767e+01
# New trial
-1.4294e+02 -1.4183e+02 -1.4016e+02 -4.7663e+02
-1.4287e+02 -1.4109e+02 -1.2502e+02 -1.1174e+02
-1.4276e+02 -1.4002e+02 -1.1365e+02 -6.2006e+01
-1.4277e+02 -1.4006e+02 -1.1408e+02 -8.6719e+01
# New trial
-1.4287e+02 -1.4139e+02 -1.6612e+02 -7.8231e+02
-1.4269e+02 -1.3948e+02 -1.2883e+02 -4.5646e+02
-1.4236e+02 -1.3608e+02 -8.4655e+01 -5.1318e+01
-1.4227e+02 -1.3508e+02 -7.7816e+01 -1.0585e+02
# New trial
-1.4263e+02 -1.3930e+02 -1.4641e+02 -5.5234e+02
-1.4233e+02 -1.3603e+02 -1.0947e+02 -2.4991e+02
-1.4172e+02 -1.2976e+02 -5.7853e+01 -5.0766e+01
-1.4170e+02 -1.2950e+02 -5.8350e+01 -5.0776e+01
# New trial
-1.4282e+02 -1.4072e+02 -1.3633e+02 -5.4319e+02
-1.4267e+02 -1.3921e+02 -1.2063e+02 -3.8155e+02
-1.4228e+02 -1.3525e+02 -7.7013e+01 -5.0807e+01
-1.4204e+02 -1.3285e+02 -6.6259e+01 -5.0766e+01
# New trial
-1.4270e+02 -1.3961e+02 -1.3449e+02 -4.9317e+02
-1.4254e+02 -1.3807e+02 -1.1912e+02 -3.8319e+02
-1.4217e+02 -1.3420e+02 -7.8751e+01 -6.8385e+01
-1.4208e+02 -1.3329e+02 -8.9512e+01 -3.4446e+02
# New trial
-1.4285e+02 -1.4128e+02 -1.6518e+02 -7.9690e+02
-1.4265e+02 -1.3902e+02 -1.1725e+02 -2.6704e+02
-1.4226e+02 -1.3501e+02 -7.3297e+01 -5.0766e+01
-1.4193e+02 -1.3175e+02 -6.0711e+01 -5.0766e+01
# New trial
-1.4287e+02 -1.4130e+02 -1.5723e+02 -7.6170e+02
-1.4271e+02 -1.3964e+02 -1.2318e+02 -2.6963e+02
-1.4246e+02 -1.3708e+02 -9.4255e+01 -6.3729e+01
-1.4243e+02 -1.3675e+02 -9.1266e+01 -1.9212e+02
# New trial
-1.4281e+02 -1.4125e+02 -2.0606e+02 -1.2935e+03
-1.4259e+02 -1.3863e+02 -1.3609e+02 -5.2359e+02
-1.4214e+02 -1.3391e+02 -7.0915e+01 -5.2187e+01
-1.4206e+02 -1.3307e+02 -6.6846e+01 -5.0767e+01
# New trial
-1.4282e+02 -1.4070e+02 -1.3260e+02 -4.7721e+02
-1.4275e+02 -1.3995e+02 -1.2222e+02 -1.9019e+02
-1.4252e+02 -1.3761e+02 -9.5019e+01 -7.7469e+01
-1.4240e+02 -1.3643e+02 -9.5998e+01 -3.5273e+02
# New trial
-1.4267e+02 -1.3999e+02 -1.9296e+02 -1.2243e+03
-1.4248e+02 -1.3790e+02 -1.3479e+02 -4.8116e+02
-1.4199e+02 -1.3260e+02 -7.3048e+01 -5.1215e+01
-1.4200e+02 -1.3255e+02 -7.2345e+01 -8.8550e+01
# New trial
-1.4274e+02 -1.3990e+02 -1.2880e+02 -3.4611e+02
-1.4254e+02 -1.3789e+02 -1.0800e+02 -2.0574e+02
-1.4202e+02 -1.3273e+02 -6.7746e+01 -5.0817e+01
-1.4196e+02 -1.3205e+02 -6.2917e+01 -5.0768e+01
# New trial
-1.4279e+02 -1.4042e+02 -1.3242e+02 -3.4534e+02
-1.4266e+02 -1.3911e+02 -1.2026e+02 -2.3947e+02
-1.4233e+02 -1.3577e+02 -8.6055e+01 -5.9615e+01
-1.4230e+02 -1.3539e+02 -7.9856e+01 -5.9845e+01
# New trial
-1.4285e+02 -1.4125e+02 -1.6721e+02 -8.1622e+02
-1.4271e+02 -1.3976e+02 -1.3900e+02 -4.8026e+02
-1.4231e+02 -1.3551e+02 -7.8457e+01 -5.0766e+01
-1.4209e+02 -1.3328e+02 -6.6848e+01 -5.0766e+01
# New trial
-1.4287e+02 -1.4120e+02 -1.4476e+02 -6.1212e+02
-1.4279e+02 -1.4032e+02 -1.2560e+02 -3.0292e+02
-1.4257e+02 -1.3805e+02 -9.5411e+01 -5.0767e+01
-1.4240e+02 -1.3640e+02 -8.2838e+01 -5.0787e+01
# New trial
-1.4275e+02 -1.4037e+02 -1.6202e+02 -7.6256e+02
-1.4252e+02 -1.3786e+02 -1.1153e+02 -1.9081e+02
-1.4237e+02 -1.3618e+02 -8.8930e+01 -5.2091e+01
-1.4260e+02 -1.3846e+02 -1.0350e+02 -1.8861e+02
# New trial
-1.4281e+02 -1.4051e+02 -1.3505e+02 -6.3858e+02
-1.4272e+02 -1.3961e+02 -1.1291e+02 -6.8868e+01
-1.4250e+02 -1.3745e+02 -9.1050e+01 -5.0769e+01
-1.4234e+02 -1.3584e+02 -7.8299e+01 -5.0766e+01
# New trial
-1.4278e+02 -1.4056e+02 -1.5933e+02 -7.0692e+02
-1.4252e+02 -1.3782e+02 -1.0705e+02 -2.0202e+02
-1.4219e+02 -1.3438e+02 -7.2464e+01 -5.0839e+01
-1.4226e+02 -1.3505e+02 -7.9399e+01 -1.2511e+02
# New trial
-1.4279e+02 -1.4075e+02 -1.5249e+02 -5.2257e+02
-1.4255e+02 -1.3825e+02 -1.2195e+02 -2.7592e+02
-1.4202e+02 -1.3274e+02 -6.9028e+01 -5.0852e+01
-1.4174e+02 -1.2984e+02 -5.8983e+01 -5.0772e+01
# New trial
-1.4291e+02 -1.4227e+02 -2.1261e+02 -1.3406e+03
-1.4265e+02 -1.3926e+02 -1.3334e+02 -4.0038e+02
-1.4212e+02 -1.3377e+02 -7.2952e+01 -5.1537e+01
-1.4201e+02 -1.3260e+02 -7.2226e+01 -1.2471e+02
# New trial
-1.4287e+02 -1.4109e+02 -1.2768e+02 -2.0540e+02
-1.4272e+02 -1.3966e+02 -1.1344e+02 -8.2709e+01
-1.4243e+02 -1.3669e+02 -8.7815e+01 -5.3811e+01
-1.4239e+02 -1.3628e+02 -8.3075e+01 -5.4444e+01
# New trial
-1.4279e+02 -1.4049e+02 -1.5113e+02 -8.2067e+02
-1.4270e+02 -1.3953e+02 -1.2497e+02 -3.0466e+02
-1.4246e+02 -1.3703e+02 -9.1940e+01 -6.2613e+01
-1.4237e+02 -1.3608e+02 -8.9467e+01 -2.2360e+02
# New trial
-1.4283e+02 -1.4137e+02 -1.7227e+02 -9.7253e+02
-1.4261e+02 -1.3888e+02 -1.2860e+02 -4.3887e+02
-1.4213e+02 -1.3385e+02 -7.6368e+01 -8.1418e+01
-1.4194e+02 -1.3190e+02 -7.9738e+01 -2.3716e+02
# New trial
-1.4283e+02 -1.4083e+02 -1.3541e+02 -4.0716e+02
-1.4268e+02 -1.3930e+02 -1.1586e+02 -2.3325e+02
-1.4235e+02 -1.3600e+02 -8.4685e+01 -5.1362e+01
-1.4232e+02 -1.3569e+02 -8.8062e+01 -2.4510e+02
# New trial
-1.4278e+02 -1.4037e+02 -1.3893e+02 -5.6679e+02
-1.4269e+02 -1.3936e+02 -1.1950e+02 -2.6072e+02
-1.4241e+02 -1.3651e+02 -8.4799e+01 -5.0897e+01
-1.4221e+02 -1.3450e+02 -7.2034e+01 -5.0766e+01
# New trial
