# 10.0sig - Array shape (trial/sig/alpha): (30L, 4L, 4L)
-7.8412e+01 -7.8054e+01 -8.1064e+01 -3.1606e+02
-7.8406e+01 -7.7983e+01 -7.7989e+01 -2.1685e+02
-7.8380e+01 -7.7698e+01 -7.2000e+01 -1.0240e+02
-7.8334e+01 -7.7226e+01 -6.6516e+01 -4.8556e+01
# New trial
-7.8517e+01 -7.9699e+01 -1.2891e+02 -8.5590e+02
-7.8472e+01 -7.9094e+01 -1.0794e+02 -5.4972e+02
-7.8362e+01 -7.7598e+01 -7.6235e+01 -2.4238e+02
-7.8240e+01 -7.6298e+01 -5.8383e+01 -4.7092e+01
# New trial
-7.8442e+01 -7.8441e+01 -9.6293e+01 -4.6994e+02
-7.8436e+01 -7.8356e+01 -8.9171e+01 -3.7904e+02
-7.8322e+01 -7.7138e+01 -6.8901e+01 -1.4558e+02
-7.8195e+01 -7.5848e+01 -5.5112e+01 -6.7080e+01
# New trial
-7.8410e+01 -7.8067e+01 -8.2650e+01 -3.0226e+02
-7.8414e+01 -7.8112e+01 -8.3339e+01 -2.9134e+02
-7.8333e+01 -7.7258e+01 -7.0985e+01 -1.9672e+02
-7.8220e+01 -7.6092e+01 -5.7333e+01 -6.8668e+01
# New trial
-7.8415e+01 -7.8387e+01 -1.0485e+02 -5.9822e+02
-7.8414e+01 -7.8192e+01 -8.7804e+01 -3.3580e+02
-7.8387e+01 -7.7813e+01 -7.6011e+01 -1.8044e+02
-7.8329e+01 -7.7180e+01 -6.6237e+01 -5.2988e+01
# New trial
-7.8389e+01 -7.7972e+01 -8.8955e+01 -3.5030e+02
-7.8376e+01 -7.7756e+01 -8.0514e+01 -2.2263e+02
-7.8294e+01 -7.6866e+01 -6.8273e+01 -1.9728e+02
-7.8164e+01 -7.5535e+01 -5.3109e+01 -8.0247e+01
# New trial
-7.8428e+01 -7.8199e+01 -8.0389e+01 -3.2030e+02
-7.8424e+01 -7.8151e+01 -7.9372e+01 -2.7422e+02
-7.8400e+01 -7.7897e+01 -7.4392e+01 -2.0458e+02
-7.8366e+01 -7.7548e+01 -6.9576e+01 -5.6766e+01
# New trial
-7.8346e+01 -7.7545e+01 -8.7600e+01 -3.8815e+02
-7.8353e+01 -7.7582e+01 -8.2848e+01 -3.1244e+02
-7.8322e+01 -7.7200e+01 -7.1791e+01 -1.5038e+02
-7.8278e+01 -7.6686e+01 -6.2164e+01 -5.3142e+01
# New trial
-7.8543e+01 -7.9944e+01 -1.4443e+02 -1.0131e+03
-7.8485e+01 -7.9073e+01 -1.0842e+02 -5.5711e+02
-7.8335e+01 -7.7299e+01 -7.2826e+01 -2.1872e+02
-7.8201e+01 -7.5914e+01 -5.6649e+01 -6.8348e+01
# New trial
-7.8417e+01 -7.8069e+01 -7.6036e+01 -1.5882e+02
-7.8403e+01 -7.7923e+01 -7.4236e+01 -1.2910e+02
-7.8373e+01 -7.7621e+01 -7.0661e+01 -7.9616e+01
-7.8361e+01 -7.7499e+01 -6.9107e+01 -5.9709e+01
# New trial
-7.8535e+01 -7.9629e+01 -1.1936e+02 -7.2497e+02
-7.8399e+01 -7.8066e+01 -1.0038e+02 -6.0159e+02
-7.8225e+01 -7.6236e+01 -7.0985e+01 -2.6093e+02
-7.8128e+01 -7.5200e+01 -5.5488e+01 -1.4754e+02
# New trial
-7.8549e+01 -7.9813e+01 -1.2726e+02 -7.7207e+02
-7.8446e+01 -7.8459e+01 -8.7117e+01 -3.0226e+02
-7.8378e+01 -7.7695e+01 -7.2880e+01 -1.1692e+02
-7.8319e+01 -7.7077e+01 -6.5083e+01 -5.5342e+01
# New trial
-7.8354e+01 -7.7735e+01 -1.0315e+02 -5.9363e+02
-7.8360e+01 -7.7710e+01 -8.7619e+01 -3.3865e+02
-7.8335e+01 -7.7307e+01 -7.2833e+01 -2.1399e+02
-7.8249e+01 -7.6388e+01 -6.0919e+01 -1.2582e+02
# New trial
-7.8475e+01 -7.8823e+01 -1.0025e+02 -4.9042e+02
-7.8442e+01 -7.8445e+01 -9.0287e+01 -3.4144e+02
-7.8338e+01 -7.7303e+01 -7.1441e+01 -2.3261e+02
-7.8246e+01 -7.6348e+01 -5.8676e+01 -4.6259e+01
# New trial
-7.8486e+01 -7.9037e+01 -1.0796e+02 -5.4220e+02
-7.8454e+01 -7.8649e+01 -9.8189e+01 -4.2045e+02
-7.8334e+01 -7.7267e+01 -7.0064e+01 -9.1303e+01
-7.8223e+01 -7.6124e+01 -5.6792e+01 -5.3741e+01
# New trial
-7.8507e+01 -7.9708e+01 -1.3746e+02 -9.0989e+02
-7.8421e+01 -7.8518e+01 -1.0119e+02 -4.6475e+02
-7.8284e+01 -7.6886e+01 -7.2659e+01 -2.3099e+02
-7.8130e+01 -7.5214e+01 -5.1757e+01 -8.0455e+01
# New trial
-7.8396e+01 -7.8321e+01 -1.2881e+02 -8.7304e+02
-7.8332e+01 -7.7446e+01 -8.8993e+01 -3.9072e+02
-7.8258e+01 -7.6543e+01 -6.6956e+01 -1.6561e+02
-7.8198e+01 -7.5882e+01 -5.6161e+01 -9.7156e+01
# New trial
-7.8525e+01 -7.9301e+01 -1.0358e+02 -5.8474e+02
-7.8464e+01 -7.8617e+01 -8.8948e+01 -3.8428e+02
-7.8351e+01 -7.7442e+01 -7.3290e+01 -2.5957e+02
-7.8285e+01 -7.6739e+01 -6.2739e+01 -8.0257e+01
# New trial
-7.8469e+01 -7.8650e+01 -8.9007e+01 -3.7736e+02
-7.8439e+01 -7.8304e+01 -7.9936e+01 -1.9165e+02
-7.8391e+01 -7.7808e+01 -7.2718e+01 -7.2970e+01
-7.8339e+01 -7.7275e+01 -6.6919e+01 -4.6701e+01
# New trial
-7.8535e+01 -7.9620e+01 -1.2950e+02 -8.1579e+02
-7.8469e+01 -7.8755e+01 -9.8317e+01 -5.1296e+02
-7.8295e+01 -7.6896e+01 -6.8009e+01 -1.7322e+02
-7.8144e+01 -7.5345e+01 -5.2004e+01 -8.0686e+01
# New trial
-7.8468e+01 -7.8746e+01 -1.0279e+02 -5.4491e+02
-7.8422e+01 -7.8164e+01 -8.2002e+01 -2.9039e+02
-7.8336e+01 -7.7268e+01 -6.9556e+01 -1.4049e+02
-7.8251e+01 -7.6402e+01 -5.9483e+01 -5.6846e+01
# New trial
-7.8397e+01 -7.7923e+01 -8.1819e+01 -2.8730e+02
-7.8410e+01 -7.8062e+01 -8.4427e+01 -3.3238e+02
-7.8348e+01 -7.7401e+01 -7.2074e+01 -1.7339e+02
-7.8224e+01 -7.6133e+01 -5.8118e+01 -5.4159e+01
# New trial
-7.8453e+01 -7.8588e+01 -9.4952e+01 -3.9213e+02
-7.8409e+01 -7.8118e+01 -8.6487e+01 -2.9555e+02
-7.8340e+01 -7.7331e+01 -7.1359e+01 -1.7671e+02
-7.8275e+01 -7.6646e+01 -6.1713e+01 -7.8186e+01
# New trial
-7.8440e+01 -7.8568e+01 -9.8715e+01 -4.4303e+02
-7.8403e+01 -7.8188e+01 -9.4838e+01 -4.2494e+02
-7.8328e+01 -7.7239e+01 -7.2529e+01 -2.0652e+02
-7.8176e+01 -7.5659e+01 -5.3982e+01 -6.4141e+01
# New trial
-7.8502e+01 -7.9334e+01 -1.1683e+02 -6.7001e+02
-7.8463e+01 -7.8826e+01 -1.0200e+02 -5.4076e+02
-7.8333e+01 -7.7284e+01 -7.3370e+01 -2.5697e+02
-7.8197e+01 -7.5873e+01 -5.5867e+01 -8.2956e+01
# New trial
-7.8621e+01 -8.1153e+01 -1.5337e+02 -1.0106e+03
-7.8520e+01 -7.9580e+01 -1.2018e+02 -7.5469e+02
-7.8263e+01 -7.6645e+01 -7.2711e+01 -2.7346e+02
-7.8026e+01 -7.4199e+01 -5.0625e+01 -1.2473e+02
# New trial
-7.8637e+01 -8.1284e+01 -1.5733e+02 -1.0816e+03
-7.8487e+01 -7.9095e+01 -1.0652e+02 -5.2356e+02
-7.8279e+01 -7.6748e+01 -6.9315e+01 -1.9241e+02
-7.8149e+01 -7.5399e+01 -5.4034e+01 -8.9388e+01
# New trial
-7.8374e+01 -7.7692e+01 -7.7665e+01 -2.6598e+02
-7.8355e+01 -7.7493e+01 -7.4760e+01 -2.3815e+02
-7.8313e+01 -7.7044e+01 -6.7365e+01 -1.3180e+02
-7.8257e+01 -7.6461e+01 -5.9818e+01 -7.7127e+01
# New trial
-7.8423e+01 -7.8343e+01 -1.0560e+02 -6.4369e+02
-7.8403e+01 -7.8121e+01 -9.1426e+01 -4.1848e+02
-7.8320e+01 -7.7173e+01 -7.0654e+01 -1.2298e+02
-7.8211e+01 -7.6008e+01 -5.6434e+01 -4.7911e+01
# New trial
-7.8400e+01 -7.8004e+01 -9.0009e+01 -4.2231e+02
-7.8370e+01 -7.7672e+01 -8.0168e+01 -2.9476e+02
-7.8293e+01 -7.6849e+01 -6.5262e+01 -1.0660e+02
-7.8192e+01 -7.5815e+01 -5.5243e+01 -4.8264e+01
# New trial
