# 1.0sig - Array shape (trial/sig/alpha): (30, 4, 4)
-1.6574e+02 -1.6253e+02 -1.7639e+02 -9.3208e+02
-1.6560e+02 -1.6099e+02 -1.3819e+02 -4.4215e+02
-1.6515e+02 -1.5628e+02 -8.2045e+01 -1.7532e+02
-1.6475e+02 -1.5226e+02 -6.1513e+01 -4.9039e+01
# New trial
-1.6572e+02 -1.6227e+02 -1.5825e+02 -5.5109e+02
-1.6561e+02 -1.6107e+02 -1.3417e+02 -2.2816e+02
-1.6532e+02 -1.5807e+02 -1.0099e+02 -1.4187e+02
-1.6517e+02 -1.5649e+02 -8.3447e+01 -6.3501e+01
# New trial
-1.6582e+02 -1.6312e+02 -1.6126e+02 -6.3764e+02
-1.6571e+02 -1.6197e+02 -1.4054e+02 -2.9038e+02
-1.6539e+02 -1.5872e+02 -1.0282e+02 -2.0680e+02
-1.6515e+02 -1.5627e+02 -8.2007e+01 -9.2881e+01
# New trial
-1.6573e+02 -1.6232e+02 -1.6255e+02 -9.3263e+02
-1.6566e+02 -1.6151e+02 -1.4139e+02 -3.6418e+02
-1.6540e+02 -1.5877e+02 -1.0242e+02 -1.1227e+02
-1.6530e+02 -1.5769e+02 -9.0265e+01 -9.7613e+01
# New trial
-1.6561e+02 -1.6151e+02 -1.8898e+02 -1.1796e+03
-1.6541e+02 -1.5925e+02 -1.4108e+02 -7.0799e+02
-1.6512e+02 -1.5611e+02 -9.0873e+01 -2.1754e+02
-1.6505e+02 -1.5532e+02 -8.5496e+01 -2.3844e+02
# New trial
-1.6578e+02 -1.6287e+02 -1.6471e+02 -8.7369e+02
-1.6572e+02 -1.6212e+02 -1.4042e+02 -3.3491e+02
-1.6543e+02 -1.5903e+02 -1.0156e+02 -1.1821e+02
-1.6524e+02 -1.5708e+02 -8.5207e+01 -5.1798e+01
# New trial
-1.6600e+02 -1.6493e+02 -1.7805e+02 -9.5671e+02
-1.6593e+02 -1.6403e+02 -1.5137e+02 -3.2228e+02
-1.6578e+02 -1.6253e+02 -1.3240e+02 -1.5337e+02
-1.6577e+02 -1.6239e+02 -1.3141e+02 -2.2854e+02
# New trial
-1.6591e+02 -1.6443e+02 -2.1053e+02 -1.2877e+03
-1.6565e+02 -1.6155e+02 -1.5158e+02 -6.9945e+02
-1.6523e+02 -1.5718e+02 -9.4556e+01 -1.5238e+02
-1.6516e+02 -1.5633e+02 -8.3718e+01 -7.8697e+01
# New trial
-1.6540e+02 -1.6034e+02 -2.0038e+02 -1.2093e+03
-1.6513e+02 -1.5706e+02 -1.5727e+02 -8.0053e+02
-1.6445e+02 -1.4960e+02 -6.9883e+01 -3.2104e+02
-1.6440e+02 -1.4882e+02 -5.8360e+01 -9.1216e+01
# New trial
-1.6571e+02 -1.6227e+02 -1.6671e+02 -8.6625e+02
-1.6558e+02 -1.6084e+02 -1.4821e+02 -6.5067e+02
-1.6514e+02 -1.5622e+02 -8.5875e+01 -1.8312e+02
-1.6486e+02 -1.5338e+02 -6.8717e+01 -7.4289e+01
# New trial
-1.6560e+02 -1.6156e+02 -1.8308e+02 -1.0340e+03
-1.6546e+02 -1.5991e+02 -1.5847e+02 -8.1073e+02
-1.6501e+02 -1.5493e+02 -8.1719e+01 -2.3389e+02
-1.6483e+02 -1.5312e+02 -9.0784e+01 -3.9924e+02
# New trial
-1.6582e+02 -1.6389e+02 -2.1479e+02 -1.3725e+03
-1.6560e+02 -1.6094e+02 -1.4127e+02 -5.2918e+02
-1.6513e+02 -1.5605e+02 -7.8728e+01 -1.3363e+02
-1.6473e+02 -1.5202e+02 -6.1140e+01 -5.5424e+01
# New trial
-1.6584e+02 -1.6361e+02 -1.9463e+02 -1.2191e+03
-1.6563e+02 -1.6127e+02 -1.4151e+02 -4.0861e+02
-1.6536e+02 -1.5841e+02 -1.0213e+02 -1.0554e+02
-1.6533e+02 -1.5801e+02 -9.3853e+01 -5.4819e+01
# New trial
-1.6566e+02 -1.6292e+02 -2.8576e+02 -2.2011e+03
-1.6543e+02 -1.5982e+02 -1.6762e+02 -8.7091e+02
-1.6494e+02 -1.5429e+02 -7.7885e+01 -2.2254e+02
-1.6480e+02 -1.5275e+02 -6.8043e+01 -1.3122e+02
# New trial
-1.6574e+02 -1.6262e+02 -1.7678e+02 -1.0237e+03
-1.6569e+02 -1.6188e+02 -1.4651e+02 -4.5129e+02
-1.6544e+02 -1.5914e+02 -1.0482e+02 -1.1441e+02
-1.6527e+02 -1.5748e+02 -8.9044e+01 -5.7728e+01
# New trial
-1.6557e+02 -1.6232e+02 -2.6427e+02 -2.0076e+03
-1.6535e+02 -1.5950e+02 -1.7048e+02 -8.6247e+02
-1.6480e+02 -1.5329e+02 -8.5820e+01 -2.5650e+02
-1.6480e+02 -1.5296e+02 -8.2883e+01 -3.3432e+02
# New trial
-1.6561e+02 -1.6146e+02 -1.6572e+02 -7.5776e+02
-1.6539e+02 -1.5906e+02 -1.3105e+02 -4.7194e+02
-1.6480e+02 -1.5292e+02 -6.9741e+01 -2.3144e+02
-1.6473e+02 -1.5205e+02 -6.3460e+01 -1.5367e+02
# New trial
-1.6566e+02 -1.6178e+02 -1.5950e+02 -6.7562e+02
-1.6552e+02 -1.6034e+02 -1.3998e+02 -4.1439e+02
-1.6520e+02 -1.5695e+02 -1.0006e+02 -1.9715e+02
-1.6520e+02 -1.5676e+02 -9.4706e+01 -2.2203e+02
# New trial
-1.6572e+02 -1.6264e+02 -2.1159e+02 -1.4092e+03
-1.6561e+02 -1.6124e+02 -1.6675e+02 -8.0520e+02
-1.6518e+02 -1.5660e+02 -8.6749e+01 -1.6127e+02
-1.6490e+02 -1.5376e+02 -6.8666e+01 -8.9127e+01
# New trial
-1.6591e+02 -1.6426e+02 -1.9955e+02 -1.2370e+03
-1.6580e+02 -1.6294e+02 -1.5324e+02 -4.8672e+02
-1.6553e+02 -1.6009e+02 -1.1170e+02 -1.5222e+02
-1.6532e+02 -1.5789e+02 -9.0890e+01 -8.2686e+01
# New trial
-1.6567e+02 -1.6224e+02 -2.0474e+02 -1.3643e+03
-1.6542e+02 -1.5939e+02 -1.2821e+02 -3.1986e+02
-1.6523e+02 -1.5726e+02 -9.7110e+01 -1.2881e+02
-1.6552e+02 -1.5997e+02 -1.0961e+02 -1.2421e+02
# New trial
-1.6576e+02 -1.6244e+02 -1.5622e+02 -8.5192e+02
-1.6569e+02 -1.6168e+02 -1.3172e+02 -2.3568e+02
-1.6543e+02 -1.5907e+02 -1.0189e+02 -1.1367e+02
-1.6524e+02 -1.5711e+02 -8.5437e+01 -5.2925e+01
# New trial
-1.6578e+02 -1.6395e+02 -2.3292e+02 -1.4348e+03
-1.6542e+02 -1.5950e+02 -1.3572e+02 -4.4158e+02
-1.6499e+02 -1.5487e+02 -7.5292e+01 -1.2732e+02
-1.6513e+02 -1.5608e+02 -8.1775e+01 -8.7942e+01
# New trial
-1.6570e+02 -1.6287e+02 -1.9685e+02 -1.0025e+03
-1.6545e+02 -1.5985e+02 -1.4279e+02 -5.7081e+02
-1.6483e+02 -1.5318e+02 -6.8405e+01 -1.5674e+02
-1.6449e+02 -1.4970e+02 -5.7362e+01 -5.7099e+01
# New trial
-1.6582e+02 -1.6403e+02 -2.5184e+02 -1.8258e+03
-1.6553e+02 -1.6058e+02 -1.5581e+02 -6.5828e+02
-1.6491e+02 -1.5396e+02 -7.6868e+01 -1.6538e+02
-1.6480e+02 -1.5273e+02 -6.9039e+01 -6.8104e+01
# New trial
-1.6583e+02 -1.6318e+02 -1.5588e+02 -4.3764e+02
-1.6563e+02 -1.6119e+02 -1.2892e+02 -1.9075e+02
-1.6531e+02 -1.5791e+02 -9.7183e+01 -1.5450e+02
-1.6528e+02 -1.5759e+02 -9.4074e+01 -1.8476e+02
# New trial
-1.6556e+02 -1.6076e+02 -1.6504e+02 -1.0809e+03
-1.6554e+02 -1.6036e+02 -1.3497e+02 -4.1909e+02
-1.6530e+02 -1.5784e+02 -9.5650e+01 -1.4499e+02
-1.6522e+02 -1.5691e+02 -8.5494e+01 -7.2327e+01
# New trial
-1.6592e+02 -1.6569e+02 -2.5599e+02 -1.7991e+03
-1.6561e+02 -1.6157e+02 -1.6315e+02 -7.3947e+02
-1.6493e+02 -1.5426e+02 -8.1933e+01 -2.8086e+02
-1.6469e+02 -1.5176e+02 -7.1192e+01 -1.7920e+02
# New trial
-1.6580e+02 -1.6327e+02 -1.7897e+02 -7.9643e+02
-1.6557e+02 -1.6066e+02 -1.3338e+02 -3.9024e+02
-1.6520e+02 -1.5685e+02 -9.0860e+01 -1.4986e+02
-1.6517e+02 -1.5643e+02 -8.3162e+01 -1.0498e+02
# New trial
-1.6580e+02 -1.6323e+02 -1.9237e+02 -1.1619e+03
-1.6569e+02 -1.6185e+02 -1.4934e+02 -5.0543e+02
-1.6533e+02 -1.5810e+02 -9.5471e+01 -1.3277e+02
-1.6508e+02 -1.5549e+02 -7.6273e+01 -5.0526e+01
# New trial
