# 10.0sig - Array shape (trial/sig/alpha): (30L, 4L, 4L)
-1.0613e+02 -1.0608e+02 -1.1668e+02 -4.5804e+02
-1.0610e+02 -1.0576e+02 -1.1023e+02 -4.0298e+02
-1.0603e+02 -1.0497e+02 -9.7040e+01 -2.0494e+02
-1.0593e+02 -1.0402e+02 -8.5626e+01 -5.9518e+01
# New trial
-1.0617e+02 -1.0702e+02 -1.6558e+02 -1.1259e+03
-1.0613e+02 -1.0652e+02 -1.4005e+02 -7.2630e+02
-1.0600e+02 -1.0477e+02 -1.0282e+02 -3.0263e+02
-1.0575e+02 -1.0223e+02 -7.0603e+01 -6.5728e+01
# New trial
-1.0610e+02 -1.0577e+02 -1.2243e+02 -6.4554e+02
-1.0607e+02 -1.0549e+02 -1.1297e+02 -4.3770e+02
-1.0590e+02 -1.0374e+02 -8.6157e+01 -1.4373e+02
-1.0569e+02 -1.0158e+02 -6.4354e+01 -4.7039e+01
# New trial
-1.0604e+02 -1.0515e+02 -1.0868e+02 -4.7009e+02
-1.0603e+02 -1.0504e+02 -1.0762e+02 -3.8496e+02
-1.0590e+02 -1.0371e+02 -8.8176e+01 -2.1367e+02
-1.0572e+02 -1.0185e+02 -6.7373e+01 -5.8586e+01
# New trial
-1.0616e+02 -1.0661e+02 -1.4345e+02 -8.3354e+02
-1.0610e+02 -1.0579e+02 -1.1608e+02 -4.8993e+02
-1.0601e+02 -1.0482e+02 -9.7624e+01 -1.9144e+02
-1.0589e+02 -1.0354e+02 -8.1298e+01 -6.7482e+01
# New trial
-1.0606e+02 -1.0544e+02 -1.1482e+02 -4.2113e+02
-1.0602e+02 -1.0494e+02 -1.0432e+02 -2.8133e+02
-1.0587e+02 -1.0339e+02 -8.2771e+01 -9.4864e+01
-1.0566e+02 -1.0133e+02 -6.3332e+01 -4.8126e+01
# New trial
-1.0610e+02 -1.0569e+02 -1.0442e+02 -2.9708e+02
-1.0609e+02 -1.0561e+02 -1.0372e+02 -2.9410e+02
-1.0604e+02 -1.0508e+02 -9.7084e+01 -2.2794e+02
-1.0597e+02 -1.0435e+02 -8.8582e+01 -7.4056e+01
# New trial
-1.0612e+02 -1.0613e+02 -1.2935e+02 -6.1633e+02
-1.0609e+02 -1.0574e+02 -1.1986e+02 -5.1994e+02
-1.0598e+02 -1.0454e+02 -9.5269e+01 -1.8867e+02
-1.0583e+02 -1.0297e+02 -7.6123e+01 -5.2899e+01
# New trial
-1.0625e+02 -1.0782e+02 -1.8397e+02 -1.3402e+03
-1.0616e+02 -1.0661e+02 -1.4219e+02 -7.6430e+02
-1.0591e+02 -1.0383e+02 -8.7897e+01 -1.4243e+02
-1.0567e+02 -1.0135e+02 -6.4247e+01 -4.6575e+01
# New trial
-1.0609e+02 -1.0562e+02 -1.0311e+02 -2.8042e+02
-1.0607e+02 -1.0538e+02 -9.9702e+01 -1.5607e+02
-1.0602e+02 -1.0487e+02 -9.3877e+01 -8.1775e+01
-1.0599e+02 -1.0460e+02 -9.0902e+01 -5.5880e+01
# New trial
-1.0627e+02 -1.0796e+02 -1.6894e+02 -1.1401e+03
-1.0606e+02 -1.0551e+02 -1.3430e+02 -8.8260e+02
-1.0577e+02 -1.0250e+02 -8.7511e+01 -3.5169e+02
-1.0554e+02 -1.0006e+02 -5.5884e+01 -6.0025e+01
# New trial
-1.0627e+02 -1.0785e+02 -1.7046e+02 -1.1077e+03
-1.0614e+02 -1.0614e+02 -1.1543e+02 -3.4900e+02
-1.0603e+02 -1.0494e+02 -9.5962e+01 -9.8854e+01
-1.0591e+02 -1.0382e+02 -8.3361e+01 -4.8346e+01
# New trial
-1.0610e+02 -1.0599e+02 -1.3661e+02 -7.4944e+02
-1.0605e+02 -1.0547e+02 -1.1962e+02 -4.8955e+02
-1.0592e+02 -1.0392e+02 -9.0122e+01 -1.6725e+02
-1.0575e+02 -1.0216e+02 -6.9390e+01 -5.0322e+01
# New trial
-1.0614e+02 -1.0625e+02 -1.2736e+02 -6.0854e+02
-1.0609e+02 -1.0566e+02 -1.1420e+02 -4.0391e+02
-1.0593e+02 -1.0398e+02 -9.0507e+01 -2.4611e+02
-1.0575e+02 -1.0216e+02 -6.9182e+01 -5.7345e+01
# New trial
-1.0620e+02 -1.0697e+02 -1.4623e+02 -7.8521e+02
-1.0612e+02 -1.0612e+02 -1.2776e+02 -5.7965e+02
-1.0592e+02 -1.0391e+02 -8.8252e+01 -7.9789e+01
-1.0571e+02 -1.0175e+02 -6.5329e+01 -4.6862e+01
# New trial
-1.0631e+02 -1.0874e+02 -1.9339e+02 -1.2693e+03
-1.0615e+02 -1.0657e+02 -1.3454e+02 -6.0947e+02
-1.0586e+02 -1.0341e+02 -9.0305e+01 -2.5415e+02
-1.0558e+02 -1.0051e+02 -5.9934e+01 -8.1783e+01
# New trial
-1.0611e+02 -1.0639e+02 -1.7578e+02 -1.1714e+03
-1.0599e+02 -1.0488e+02 -1.1674e+02 -4.7386e+02
-1.0585e+02 -1.0326e+02 -8.5199e+01 -1.4546e+02
-1.0567e+02 -1.0135e+02 -6.3030e+01 -6.5374e+01
# New trial
-1.0619e+02 -1.0678e+02 -1.3175e+02 -6.6636e+02
-1.0610e+02 -1.0579e+02 -1.1210e+02 -4.2289e+02
-1.0593e+02 -1.0398e+02 -8.9211e+01 -1.7643e+02
-1.0579e+02 -1.0261e+02 -7.3838e+01 -7.4030e+01
# New trial
-1.0614e+02 -1.0615e+02 -1.1873e+02 -5.0866e+02
-1.0608e+02 -1.0555e+02 -1.0353e+02 -2.2719e+02
-1.0601e+02 -1.0481e+02 -9.3585e+01 -8.7900e+01
-1.0592e+02 -1.0391e+02 -8.4525e+01 -6.7863e+01
# New trial
-1.0628e+02 -1.0798e+02 -1.7539e+02 -1.1047e+03
-1.0616e+02 -1.0648e+02 -1.2689e+02 -6.5896e+02
-1.0593e+02 -1.0406e+02 -9.1346e+01 -2.3983e+02
-1.0569e+02 -1.0159e+02 -6.7458e+01 -1.1999e+02
# New trial
-1.0620e+02 -1.0686e+02 -1.3771e+02 -7.2246e+02
-1.0611e+02 -1.0578e+02 -1.0790e+02 -3.3875e+02
-1.0594e+02 -1.0412e+02 -8.8412e+01 -1.6973e+02
-1.0578e+02 -1.0253e+02 -7.2132e+01 -4.9900e+01
# New trial
-1.0607e+02 -1.0540e+02 -1.0983e+02 -4.0580e+02
-1.0607e+02 -1.0544e+02 -1.0946e+02 -4.0083e+02
-1.0596e+02 -1.0426e+02 -9.0381e+01 -1.5295e+02
-1.0576e+02 -1.0233e+02 -7.2170e+01 -4.6670e+01
# New trial
-1.0616e+02 -1.0641e+02 -1.2289e+02 -4.6680e+02
-1.0610e+02 -1.0580e+02 -1.1303e+02 -3.3922e+02
-1.0595e+02 -1.0419e+02 -9.0765e+01 -1.9565e+02
-1.0579e+02 -1.0255e+02 -7.3108e+01 -8.4375e+01
# New trial
-1.0610e+02 -1.0608e+02 -1.3570e+02 -6.5376e+02
-1.0605e+02 -1.0551e+02 -1.2584e+02 -5.8280e+02
-1.0591e+02 -1.0388e+02 -9.1130e+01 -1.7474e+02
-1.0563e+02 -1.0100e+02 -5.9975e+01 -5.0451e+01
# New trial
-1.0626e+02 -1.0779e+02 -1.6332e+02 -9.9543e+02
-1.0616e+02 -1.0660e+02 -1.3427e+02 -6.4177e+02
-1.0590e+02 -1.0376e+02 -9.0319e+01 -2.3044e+02
-1.0564e+02 -1.0113e+02 -6.1545e+01 -5.7768e+01
# New trial
-1.0641e+02 -1.0992e+02 -2.0379e+02 -1.3615e+03
-1.0621e+02 -1.0736e+02 -1.5816e+02 -1.0056e+03
-1.0578e+02 -1.0257e+02 -8.2907e+01 -3.0686e+02
-1.0537e+02 -9.8421e+01 -4.9534e+01 -6.3877e+01
# New trial
-1.0652e+02 -1.1095e+02 -2.1124e+02 -1.4399e+03
-1.0625e+02 -1.0748e+02 -1.4109e+02 -7.2765e+02
-1.0588e+02 -1.0353e+02 -8.6930e+01 -2.0826e+02
-1.0563e+02 -1.0101e+02 -6.3270e+01 -5.1311e+01
# New trial
-1.0608e+02 -1.0548e+02 -1.0541e+02 -3.5202e+02
-1.0604e+02 -1.0513e+02 -1.0218e+02 -3.3818e+02
-1.0593e+02 -1.0403e+02 -8.8073e+01 -1.3508e+02
-1.0579e+02 -1.0254e+02 -7.2121e+01 -4.6746e+01
# New trial
-1.0617e+02 -1.0669e+02 -1.5520e+02 -1.0213e+03
-1.0615e+02 -1.0641e+02 -1.2843e+02 -6.0625e+02
-1.0596e+02 -1.0433e+02 -9.3610e+01 -1.4998e+02
-1.0571e+02 -1.0177e+02 -6.6458e+01 -4.7600e+01
# New trial
-1.0608e+02 -1.0561e+02 -1.2366e+02 -6.2975e+02
-1.0604e+02 -1.0513e+02 -1.0896e+02 -4.0735e+02
-1.0591e+02 -1.0381e+02 -8.8133e+01 -2.3634e+02
-1.0571e+02 -1.0178e+02 -6.7497e+01 -8.9788e+01
# New trial
