# 10.0sig - Array shape (trial/sig/alpha): (30, 4, 4)
-1.3380e+02 -1.3353e+02 -1.3530e+02 -3.4480e+02
-1.3379e+02 -1.3342e+02 -1.3297e+02 -3.2945e+02
-1.3375e+02 -1.3294e+02 -1.2563e+02 -1.5164e+02
-1.3367e+02 -1.3215e+02 -1.1724e+02 -8.3270e+01
# New trial
-1.3386e+02 -1.3429e+02 -1.6424e+02 -8.2604e+02
-1.3379e+02 -1.3352e+02 -1.4748e+02 -5.5478e+02
-1.3365e+02 -1.3199e+02 -1.2284e+02 -2.6835e+02
-1.3347e+02 -1.3016e+02 -1.0045e+02 -8.0854e+01
# New trial
-1.3383e+02 -1.3384e+02 -1.4517e+02 -4.8603e+02
-1.3379e+02 -1.3336e+02 -1.3528e+02 -3.2507e+02
-1.3364e+02 -1.3187e+02 -1.1653e+02 -1.9280e+02
-1.3346e+02 -1.3005e+02 -9.8649e+01 -8.0936e+01
# New trial
-1.3379e+02 -1.3335e+02 -1.3280e+02 -2.8804e+02
-1.3376e+02 -1.3309e+02 -1.3142e+02 -2.9695e+02
-1.3363e+02 -1.3177e+02 -1.1549e+02 -1.3098e+02
-1.3345e+02 -1.2993e+02 -9.7699e+01 -7.8459e+01
# New trial
-1.3384e+02 -1.3398e+02 -1.5322e+02 -6.0032e+02
-1.3379e+02 -1.3339e+02 -1.3604e+02 -3.6378e+02
-1.3369e+02 -1.3241e+02 -1.2136e+02 -1.2095e+02
-1.3357e+02 -1.3118e+02 -1.0801e+02 -7.8457e+01
# New trial
-1.3379e+02 -1.3335e+02 -1.3351e+02 -2.8586e+02
-1.3374e+02 -1.3289e+02 -1.2780e+02 -2.3532e+02
-1.3362e+02 -1.3163e+02 -1.1334e+02 -1.0026e+02
-1.3345e+02 -1.2999e+02 -9.8396e+01 -7.9646e+01
# New trial
-1.3380e+02 -1.3345e+02 -1.3256e+02 -3.5278e+02
-1.3379e+02 -1.3334e+02 -1.3068e+02 -2.9949e+02
-1.3374e+02 -1.3285e+02 -1.2486e+02 -1.8434e+02
-1.3364e+02 -1.3187e+02 -1.1464e+02 -8.7623e+01
# New trial
-1.3383e+02 -1.3387e+02 -1.4322e+02 -4.3350e+02
-1.3381e+02 -1.3362e+02 -1.3909e+02 -4.0264e+02
-1.3371e+02 -1.3258e+02 -1.2429e+02 -2.4726e+02
-1.3356e+02 -1.3101e+02 -1.0687e+02 -8.2295e+01
# New trial
-1.3385e+02 -1.3425e+02 -1.7561e+02 -9.0015e+02
-1.3379e+02 -1.3345e+02 -1.4648e+02 -4.9641e+02
-1.3362e+02 -1.3168e+02 -1.1795e+02 -2.3324e+02
-1.3342e+02 -1.2962e+02 -9.6488e+01 -9.6991e+01
# New trial
-1.3381e+02 -1.3358e+02 -1.3176e+02 -1.9074e+02
-1.3380e+02 -1.3342e+02 -1.2998e+02 -1.3857e+02
-1.3376e+02 -1.3305e+02 -1.2631e+02 -1.3978e+02
-1.3372e+02 -1.3265e+02 -1.2220e+02 -1.1122e+02
# New trial
-1.3392e+02 -1.3495e+02 -1.8084e+02 -9.4664e+02
-1.3378e+02 -1.3334e+02 -1.4879e+02 -6.2896e+02
-1.3357e+02 -1.3121e+02 -1.1117e+02 -1.5143e+02
-1.3333e+02 -1.2880e+02 -9.0925e+01 -7.9452e+01
# New trial
-1.3392e+02 -1.3489e+02 -1.7487e+02 -8.0869e+02
-1.3381e+02 -1.3363e+02 -1.3626e+02 -3.0097e+02
-1.3373e+02 -1.3281e+02 -1.2477e+02 -1.6221e+02
-1.3366e+02 -1.3203e+02 -1.1622e+02 -8.2951e+01
# New trial
-1.3387e+02 -1.3432e+02 -1.5668e+02 -6.3997e+02
-1.3382e+02 -1.3375e+02 -1.4275e+02 -4.4084e+02
-1.3367e+02 -1.3219e+02 -1.2165e+02 -2.2739e+02
-1.3349e+02 -1.3039e+02 -1.0333e+02 -1.3162e+02
# New trial
-1.3382e+02 -1.3376e+02 -1.4098e+02 -4.3238e+02
-1.3378e+02 -1.3333e+02 -1.3326e+02 -2.8364e+02
-1.3366e+02 -1.3204e+02 -1.1822e+02 -2.0013e+02
-1.3352e+02 -1.3069e+02 -1.0417e+02 -8.5527e+01
# New trial
-1.3386e+02 -1.3417e+02 -1.5406e+02 -5.6495e+02
-1.3381e+02 -1.3369e+02 -1.4210e+02 -4.1329e+02
-1.3367e+02 -1.3214e+02 -1.1952e+02 -1.5907e+02
-1.3346e+02 -1.3010e+02 -9.8866e+01 -7.8457e+01
# New trial
-1.3382e+02 -1.3392e+02 -1.7602e+02 -9.0098e+02
-1.3374e+02 -1.3299e+02 -1.4074e+02 -4.7514e+02
-1.3355e+02 -1.3103e+02 -1.1322e+02 -1.9241e+02
-1.3332e+02 -1.2873e+02 -9.1268e+01 -8.0106e+01
# New trial
-1.3384e+02 -1.3413e+02 -1.7454e+02 -8.4441e+02
-1.3375e+02 -1.3308e+02 -1.3819e+02 -4.6098e+02
-1.3360e+02 -1.3146e+02 -1.1521e+02 -2.1802e+02
-1.3340e+02 -1.2950e+02 -9.4101e+01 -7.8457e+01
# New trial
-1.3383e+02 -1.3385e+02 -1.4406e+02 -4.9834e+02
-1.3376e+02 -1.3314e+02 -1.3193e+02 -3.5084e+02
-1.3362e+02 -1.3164e+02 -1.1445e+02 -1.4322e+02
-1.3346e+02 -1.3010e+02 -9.9485e+01 -8.1386e+01
# New trial
-1.3382e+02 -1.3368e+02 -1.3648e+02 -3.4508e+02
-1.3378e+02 -1.3327e+02 -1.2913e+02 -1.5286e+02
-1.3372e+02 -1.3264e+02 -1.2211e+02 -7.9688e+01
-1.3364e+02 -1.3182e+02 -1.1404e+02 -7.8457e+01
# New trial
-1.3390e+02 -1.3464e+02 -1.6792e+02 -7.8746e+02
-1.3384e+02 -1.3387e+02 -1.4157e+02 -4.4579e+02
-1.3369e+02 -1.3236e+02 -1.2051e+02 -1.5772e+02
-1.3354e+02 -1.3085e+02 -1.0574e+02 -7.8996e+01
# New trial
-1.3384e+02 -1.3388e+02 -1.4129e+02 -5.0888e+02
-1.3379e+02 -1.3341e+02 -1.3166e+02 -2.5340e+02
-1.3369e+02 -1.3233e+02 -1.2060e+02 -1.7140e+02
-1.3353e+02 -1.3072e+02 -1.0416e+02 -7.8462e+01
# New trial
-1.3380e+02 -1.3346e+02 -1.3298e+02 -2.9950e+02
-1.3377e+02 -1.3322e+02 -1.3109e+02 -3.2487e+02
-1.3367e+02 -1.3215e+02 -1.1912e+02 -2.1319e+02
-1.3352e+02 -1.3067e+02 -1.0498e+02 -8.5820e+01
# New trial
-1.3384e+02 -1.3386e+02 -1.4043e+02 -3.4854e+02
-1.3379e+02 -1.3343e+02 -1.3507e+02 -3.3570e+02
-1.3366e+02 -1.3207e+02 -1.1885e+02 -2.0466e+02
-1.3349e+02 -1.3036e+02 -1.0105e+02 -7.8564e+01
# New trial
-1.3381e+02 -1.3375e+02 -1.4768e+02 -4.5783e+02
-1.3376e+02 -1.3320e+02 -1.4269e+02 -4.4699e+02
-1.3361e+02 -1.3158e+02 -1.1652e+02 -1.8309e+02
-1.3338e+02 -1.2930e+02 -9.3241e+01 -7.8457e+01
# New trial
-1.3387e+02 -1.3439e+02 -1.5961e+02 -6.6633e+02
-1.3379e+02 -1.3352e+02 -1.4408e+02 -4.8642e+02
-1.3361e+02 -1.3161e+02 -1.1661e+02 -1.6228e+02
-1.3338e+02 -1.2929e+02 -9.3515e+01 -7.8624e+01
# New trial
-1.3395e+02 -1.3553e+02 -1.8710e+02 -9.2449e+02
-1.3380e+02 -1.3369e+02 -1.5475e+02 -6.6429e+02
-1.3351e+02 -1.3060e+02 -1.0655e+02 -1.2334e+02
-1.3318e+02 -1.2729e+02 -8.2710e+01 -7.8457e+01
# New trial
-1.3399e+02 -1.3580e+02 -1.9240e+02 -9.5502e+02
-1.3385e+02 -1.3402e+02 -1.4647e+02 -4.8914e+02
-1.3366e+02 -1.3206e+02 -1.2227e+02 -3.5094e+02
-1.3344e+02 -1.2983e+02 -1.0015e+02 -1.4922e+02
# New trial
-1.3380e+02 -1.3351e+02 -1.3168e+02 -2.2474e+02
-1.3378e+02 -1.3331e+02 -1.3007e+02 -2.3715e+02
-1.3370e+02 -1.3241e+02 -1.2024e+02 -1.0370e+02
-1.3357e+02 -1.3116e+02 -1.0822e+02 -7.8603e+01
# New trial
-1.3383e+02 -1.3389e+02 -1.5593e+02 -6.9196e+02
-1.3379e+02 -1.3350e+02 -1.4057e+02 -4.3534e+02
-1.3365e+02 -1.3199e+02 -1.2071e+02 -2.3981e+02
-1.3344e+02 -1.2985e+02 -9.7704e+01 -9.1908e+01
# New trial
-1.3379e+02 -1.3339e+02 -1.3442e+02 -3.9688e+02
-1.3376e+02 -1.3308e+02 -1.2906e+02 -3.0128e+02
-1.3367e+02 -1.3212e+02 -1.1790e+02 -1.5112e+02
-1.3351e+02 -1.3054e+02 -1.0338e+02 -7.8756e+01
# New trial
