# 10.0sig - Array shape (trial/sig/alpha): (30, 4, 4)
-1.2917e+02 -1.2872e+02 -1.2659e+02 -2.5746e+02
-1.2916e+02 -1.2864e+02 -1.2492e+02 -2.3019e+02
-1.2913e+02 -1.2826e+02 -1.2023e+02 -1.2359e+02
-1.2906e+02 -1.2760e+02 -1.1328e+02 -8.3396e+01
# New trial
-1.2926e+02 -1.2984e+02 -1.6161e+02 -8.3350e+02
-1.2921e+02 -1.2926e+02 -1.4476e+02 -5.0246e+02
-1.2906e+02 -1.2766e+02 -1.1986e+02 -2.2862e+02
-1.2889e+02 -1.2587e+02 -9.8172e+01 -7.8457e+01
# New trial
-1.2921e+02 -1.2910e+02 -1.3664e+02 -4.5518e+02
-1.2917e+02 -1.2871e+02 -1.2924e+02 -3.0881e+02
-1.2904e+02 -1.2737e+02 -1.1266e+02 -1.7551e+02
-1.2888e+02 -1.2577e+02 -9.7554e+01 -8.9245e+01
# New trial
-1.2917e+02 -1.2873e+02 -1.2780e+02 -2.8708e+02
-1.2915e+02 -1.2848e+02 -1.2574e+02 -2.5447e+02
-1.2904e+02 -1.2736e+02 -1.1356e+02 -1.8488e+02
-1.2887e+02 -1.2573e+02 -9.7125e+01 -8.4115e+01
# New trial
-1.2921e+02 -1.2923e+02 -1.4842e+02 -6.2212e+02
-1.2916e+02 -1.2861e+02 -1.2909e+02 -3.2949e+02
-1.2908e+02 -1.2779e+02 -1.1677e+02 -1.6148e+02
-1.2898e+02 -1.2676e+02 -1.0542e+02 -7.8457e+01
# New trial
-1.2918e+02 -1.2888e+02 -1.3046e+02 -2.5957e+02
-1.2914e+02 -1.2840e+02 -1.2453e+02 -2.2971e+02
-1.2902e+02 -1.2724e+02 -1.1218e+02 -1.8098e+02
-1.2888e+02 -1.2581e+02 -9.8730e+01 -1.1605e+02
# New trial
-1.2919e+02 -1.2886e+02 -1.2871e+02 -3.3785e+02
-1.2917e+02 -1.2874e+02 -1.2680e+02 -2.7197e+02
-1.2913e+02 -1.2828e+02 -1.2085e+02 -1.8779e+02
-1.2904e+02 -1.2736e+02 -1.1101e+02 -8.3922e+01
# New trial
-1.2921e+02 -1.2921e+02 -1.3858e+02 -4.5084e+02
-1.2919e+02 -1.2895e+02 -1.3373e+02 -4.0411e+02
-1.2910e+02 -1.2805e+02 -1.2067e+02 -1.9170e+02
-1.2897e+02 -1.2666e+02 -1.0532e+02 -8.8822e+01
# New trial
-1.2925e+02 -1.2975e+02 -1.7413e+02 -8.8385e+02
-1.2917e+02 -1.2885e+02 -1.3978e+02 -4.4831e+02
-1.2900e+02 -1.2705e+02 -1.1180e+02 -1.6491e+02
-1.2881e+02 -1.2506e+02 -9.5160e+01 -1.1976e+02
# New trial
-1.2919e+02 -1.2894e+02 -1.2717e+02 -2.2317e+02
-1.2918e+02 -1.2880e+02 -1.2532e+02 -1.4734e+02
-1.2914e+02 -1.2842e+02 -1.2152e+02 -1.4152e+02
-1.2910e+02 -1.2802e+02 -1.1751e+02 -1.2803e+02
# New trial
-1.2928e+02 -1.3000e+02 -1.6324e+02 -7.8995e+02
-1.2917e+02 -1.2872e+02 -1.3833e+02 -5.4633e+02
-1.2899e+02 -1.2692e+02 -1.1208e+02 -2.2448e+02
-1.2876e+02 -1.2463e+02 -9.0832e+01 -9.7221e+01
# New trial
-1.2932e+02 -1.3052e+02 -1.7037e+02 -7.4928e+02
-1.2920e+02 -1.2908e+02 -1.3227e+02 -3.0381e+02
-1.2912e+02 -1.2824e+02 -1.2025e+02 -1.0861e+02
-1.2906e+02 -1.2757e+02 -1.1312e+02 -7.9892e+01
# New trial
-1.2921e+02 -1.2917e+02 -1.4569e+02 -5.8043e+02
-1.2917e+02 -1.2876e+02 -1.3358e+02 -3.4370e+02
-1.2905e+02 -1.2754e+02 -1.1590e+02 -2.0856e+02
-1.2889e+02 -1.2595e+02 -1.0195e+02 -1.7234e+02
# New trial
-1.2922e+02 -1.2931e+02 -1.3871e+02 -4.0472e+02
-1.2918e+02 -1.2885e+02 -1.3059e+02 -2.7708e+02
-1.2905e+02 -1.2755e+02 -1.1494e+02 -1.6580e+02
-1.2893e+02 -1.2627e+02 -1.0142e+02 -8.2023e+01
# New trial
-1.2925e+02 -1.2958e+02 -1.4828e+02 -5.3920e+02
-1.2920e+02 -1.2907e+02 -1.3649e+02 -3.9119e+02
-1.2907e+02 -1.2768e+02 -1.1646e+02 -1.5818e+02
-1.2888e+02 -1.2584e+02 -9.7547e+01 -7.8457e+01
# New trial
-1.2923e+02 -1.2959e+02 -1.6953e+02 -8.4111e+02
-1.2916e+02 -1.2872e+02 -1.3892e+02 -4.5392e+02
-1.2897e+02 -1.2673e+02 -1.1200e+02 -1.7973e+02
-1.2874e+02 -1.2442e+02 -8.7980e+01 -7.8457e+01
# New trial
-1.2922e+02 -1.2943e+02 -1.6581e+02 -7.7085e+02
-1.2914e+02 -1.2848e+02 -1.3393e+02 -3.9923e+02
-1.2900e+02 -1.2698e+02 -1.1044e+02 -1.3537e+02
-1.2883e+02 -1.2527e+02 -9.2872e+01 -7.8457e+01
# New trial
-1.2923e+02 -1.2941e+02 -1.4173e+02 -4.6081e+02
-1.2916e+02 -1.2864e+02 -1.2819e+02 -3.1499e+02
-1.2902e+02 -1.2725e+02 -1.1342e+02 -2.4155e+02
-1.2889e+02 -1.2591e+02 -9.9381e+01 -1.0864e+02
# New trial
-1.2921e+02 -1.2911e+02 -1.3254e+02 -3.1571e+02
-1.2917e+02 -1.2870e+02 -1.2525e+02 -1.6836e+02
-1.2911e+02 -1.2812e+02 -1.1856e+02 -1.0799e+02
-1.2904e+02 -1.2738e+02 -1.1109e+02 -7.8458e+01
# New trial
-1.2929e+02 -1.3002e+02 -1.6269e+02 -7.3280e+02
-1.2922e+02 -1.2926e+02 -1.3720e+02 -4.4506e+02
-1.2908e+02 -1.2776e+02 -1.1617e+02 -1.4324e+02
-1.2893e+02 -1.2629e+02 -1.0172e+02 -7.8469e+01
# New trial
-1.2925e+02 -1.2953e+02 -1.4210e+02 -4.6496e+02
-1.2918e+02 -1.2884e+02 -1.2733e+02 -2.9157e+02
-1.2908e+02 -1.2778e+02 -1.1607e+02 -1.6741e+02
-1.2893e+02 -1.2632e+02 -1.0261e+02 -1.1621e+02
# New trial
-1.2918e+02 -1.2885e+02 -1.2813e+02 -2.8409e+02
-1.2916e+02 -1.2864e+02 -1.2739e+02 -2.9935e+02
-1.2906e+02 -1.2757e+02 -1.1457e+02 -1.6046e+02
-1.2892e+02 -1.2620e+02 -1.0160e+02 -8.0837e+01
# New trial
-1.2923e+02 -1.2935e+02 -1.3710e+02 -3.4032e+02
-1.2919e+02 -1.2890e+02 -1.3096e+02 -2.9884e+02
-1.2906e+02 -1.2764e+02 -1.1504e+02 -1.0164e+02
-1.2891e+02 -1.2608e+02 -9.9443e+01 -7.8457e+01
# New trial
-1.2920e+02 -1.2912e+02 -1.4245e+02 -4.4347e+02
-1.2915e+02 -1.2866e+02 -1.3762e+02 -4.0963e+02
-1.2901e+02 -1.2710e+02 -1.1237e+02 -1.3671e+02
-1.2880e+02 -1.2502e+02 -9.1638e+01 -7.8457e+01
# New trial
-1.2923e+02 -1.2951e+02 -1.5129e+02 -5.8352e+02
-1.2916e+02 -1.2874e+02 -1.3579e+02 -4.0706e+02
-1.2900e+02 -1.2697e+02 -1.0983e+02 -1.2517e+02
-1.2879e+02 -1.2495e+02 -9.1852e+01 -8.4641e+01
# New trial
-1.2930e+02 -1.3059e+02 -1.8043e+02 -8.3577e+02
-1.2917e+02 -1.2890e+02 -1.4835e+02 -5.8802e+02
-1.2891e+02 -1.2610e+02 -1.0295e+02 -1.2324e+02
-1.2861e+02 -1.2311e+02 -8.2123e+01 -7.8457e+01
# New trial
-1.2942e+02 -1.3165e+02 -1.8828e+02 -9.1794e+02
-1.2927e+02 -1.2976e+02 -1.4403e+02 -4.6961e+02
-1.2907e+02 -1.2775e+02 -1.1779e+02 -2.1254e+02
-1.2887e+02 -1.2572e+02 -9.9257e+01 -1.2829e+02
# New trial
-1.2918e+02 -1.2881e+02 -1.2638e+02 -2.3030e+02
-1.2916e+02 -1.2862e+02 -1.2489e+02 -2.3574e+02
-1.2908e+02 -1.2781e+02 -1.1586e+02 -9.8621e+01
-1.2897e+02 -1.2666e+02 -1.0466e+02 -7.8637e+01
# New trial
-1.2923e+02 -1.2942e+02 -1.5362e+02 -6.6676e+02
-1.2919e+02 -1.2903e+02 -1.3858e+02 -4.4238e+02
-1.2905e+02 -1.2754e+02 -1.1636e+02 -1.7261e+02
-1.2885e+02 -1.2554e+02 -9.5602e+01 -8.3393e+01
# New trial
-1.2919e+02 -1.2893e+02 -1.3431e+02 -4.3229e+02
-1.2915e+02 -1.2854e+02 -1.2548e+02 -2.9714e+02
-1.2905e+02 -1.2753e+02 -1.1334e+02 -1.3095e+02
-1.2890e+02 -1.2598e+02 -9.9406e+01 -7.8887e+01
# New trial
