# 1.0sig - Array shape (trial/sig/alpha): (30, 4, 4)
-1.1967e+02 -1.1719e+02 -1.3687e+02 -8.4046e+02
-1.1959e+02 -1.1621e+02 -1.0471e+02 -4.3979e+02
-1.1930e+02 -1.1316e+02 -6.3701e+01 -1.6547e+02
-1.1908e+02 -1.1090e+02 -5.4800e+01 -4.6886e+01
# New trial
-1.1965e+02 -1.1691e+02 -1.1999e+02 -5.3590e+02
-1.1960e+02 -1.1625e+02 -9.8410e+01 -2.1997e+02
-1.1945e+02 -1.1473e+02 -8.0316e+01 -1.6804e+02
-1.1943e+02 -1.1446e+02 -7.5445e+01 -1.3129e+02
# New trial
-1.1973e+02 -1.1764e+02 -1.2391e+02 -7.1713e+02
-1.1968e+02 -1.1704e+02 -1.0677e+02 -3.1567e+02
-1.1950e+02 -1.1519e+02 -7.9614e+01 -2.0488e+02
-1.1934e+02 -1.1350e+02 -6.6284e+01 -1.3444e+02
# New trial
-1.1967e+02 -1.1698e+02 -1.1218e+02 -4.8700e+02
-1.1963e+02 -1.1657e+02 -1.0365e+02 -2.8525e+02
-1.1947e+02 -1.1482e+02 -7.6751e+01 -1.0680e+02
-1.1945e+02 -1.1460e+02 -7.2433e+01 -5.7350e+01
# New trial
-1.1961e+02 -1.1687e+02 -1.5746e+02 -1.0905e+03
-1.1948e+02 -1.1519e+02 -1.0306e+02 -4.6335e+02
-1.1933e+02 -1.1346e+02 -6.9771e+01 -2.1546e+02
-1.1934e+02 -1.1353e+02 -7.6486e+01 -3.5870e+02
# New trial
-1.1970e+02 -1.1735e+02 -1.2177e+02 -6.8959e+02
-1.1968e+02 -1.1708e+02 -1.0698e+02 -3.6479e+02
-1.1951e+02 -1.1526e+02 -8.1731e+01 -1.6012e+02
-1.1941e+02 -1.1421e+02 -7.0567e+01 -1.1705e+02
# New trial
-1.1985e+02 -1.1883e+02 -1.3295e+02 -7.4687e+02
-1.1982e+02 -1.1837e+02 -1.1169e+02 -3.5755e+02
-1.1974e+02 -1.1751e+02 -9.6914e+01 -1.0328e+02
-1.1976e+02 -1.1770e+02 -9.7657e+01 -5.7422e+01
# New trial
-1.1984e+02 -1.1903e+02 -1.6313e+02 -1.0633e+03
-1.1966e+02 -1.1694e+02 -1.1576e+02 -5.4775e+02
-1.1937e+02 -1.1387e+02 -7.1223e+01 -1.6845e+02
-1.1940e+02 -1.1408e+02 -6.9466e+01 -9.3609e+01
# New trial
-1.1954e+02 -1.1702e+02 -1.6396e+02 -1.0739e+03
-1.1931e+02 -1.1411e+02 -1.2239e+02 -7.3253e+02
-1.1884e+02 -1.0882e+02 -6.7814e+01 -3.8323e+02
-1.1896e+02 -1.0972e+02 -5.6103e+01 -7.2717e+01
# New trial
-1.1974e+02 -1.1796e+02 -1.3475e+02 -7.5644e+02
-1.1966e+02 -1.1691e+02 -1.1633e+02 -5.7462e+02
-1.1933e+02 -1.1345e+02 -6.8842e+01 -1.7908e+02
-1.1919e+02 -1.1195e+02 -6.0661e+01 -5.9465e+01
# New trial
-1.1959e+02 -1.1680e+02 -1.5146e+02 -1.0083e+03
-1.1949e+02 -1.1553e+02 -1.2440e+02 -6.9906e+02
-1.1920e+02 -1.1219e+02 -6.7563e+01 -1.8683e+02
-1.1922e+02 -1.1236e+02 -7.6572e+01 -2.4968e+02
# New trial
-1.1987e+02 -1.1981e+02 -1.8900e+02 -1.3130e+03
-1.1966e+02 -1.1693e+02 -1.1340e+02 -4.7701e+02
-1.1930e+02 -1.1315e+02 -6.2855e+01 -1.6895e+02
-1.1907e+02 -1.1081e+02 -5.4531e+01 -6.2504e+01
# New trial
-1.1975e+02 -1.1800e+02 -1.4799e+02 -9.5738e+02
-1.1960e+02 -1.1631e+02 -1.0323e+02 -3.2487e+02
-1.1946e+02 -1.1482e+02 -7.9466e+01 -1.0649e+02
-1.1951e+02 -1.1522e+02 -8.3773e+01 -2.6275e+02
# New trial
-1.1972e+02 -1.1915e+02 -2.4358e+02 -1.9236e+03
-1.1951e+02 -1.1598e+02 -1.3860e+02 -7.7220e+02
-1.1920e+02 -1.1227e+02 -6.9094e+01 -2.4310e+02
-1.1924e+02 -1.1253e+02 -6.5988e+01 -1.0513e+02
# New trial
-1.1967e+02 -1.1720e+02 -1.3189e+02 -7.7657e+02
-1.1967e+02 -1.1703e+02 -1.1061e+02 -3.9970e+02
-1.1954e+02 -1.1553e+02 -8.2649e+01 -1.5823e+02
-1.1945e+02 -1.1464e+02 -7.3382e+01 -7.8783e+01
# New trial
-1.1954e+02 -1.1732e+02 -2.0098e+02 -1.5595e+03
-1.1945e+02 -1.1576e+02 -1.3470e+02 -7.0802e+02
-1.1911e+02 -1.1159e+02 -7.0031e+01 -2.5586e+02
-1.1922e+02 -1.1234e+02 -6.7149e+01 -1.2035e+02
# New trial
-1.1963e+02 -1.1719e+02 -1.4062e+02 -8.2145e+02
-1.1944e+02 -1.1499e+02 -1.0228e+02 -5.2407e+02
-1.1904e+02 -1.1067e+02 -5.6359e+01 -1.8417e+02
-1.1911e+02 -1.1124e+02 -5.8709e+01 -1.5165e+02
# New trial
-1.1965e+02 -1.1698e+02 -1.2251e+02 -5.7844e+02
-1.1958e+02 -1.1620e+02 -1.0803e+02 -4.1316e+02
-1.1938e+02 -1.1399e+02 -7.5902e+01 -1.6885e+02
-1.1940e+02 -1.1417e+02 -8.5823e+01 -4.4157e+02
# New trial
-1.1967e+02 -1.1738e+02 -1.6211e+02 -1.1265e+03
-1.1961e+02 -1.1658e+02 -1.2735e+02 -6.7654e+02
-1.1934e+02 -1.1354e+02 -6.8304e+01 -2.0394e+02
-1.1921e+02 -1.1217e+02 -6.1639e+01 -1.8303e+02
# New trial
-1.1983e+02 -1.1891e+02 -1.6162e+02 -1.0808e+03
-1.1977e+02 -1.1795e+02 -1.2100e+02 -5.6108e+02
-1.1958e+02 -1.1586e+02 -8.3308e+01 -1.4674e+02
-1.1945e+02 -1.1454e+02 -7.1256e+01 -4.9484e+01
# New trial
-1.1959e+02 -1.1691e+02 -1.6532e+02 -1.1017e+03
-1.1940e+02 -1.1457e+02 -9.7907e+01 -3.5782e+02
-1.1938e+02 -1.1398e+02 -7.3429e+01 -1.3230e+02
-1.1968e+02 -1.1687e+02 -9.2334e+01 -2.2727e+02
# New trial
-1.1970e+02 -1.1733e+02 -1.2923e+02 -7.4107e+02
-1.1967e+02 -1.1683e+02 -9.9717e+01 -2.3588e+02
-1.1950e+02 -1.1515e+02 -7.8036e+01 -1.4571e+02
-1.1944e+02 -1.1450e+02 -7.2710e+01 -9.5737e+01
# New trial
-1.1971e+02 -1.1869e+02 -1.8775e+02 -1.3179e+03
-1.1947e+02 -1.1558e+02 -1.1963e+02 -5.6733e+02
-1.1925e+02 -1.1284e+02 -7.1542e+01 -1.6575e+02
-1.1937e+02 -1.1390e+02 -7.1601e+01 -1.0039e+02
# New trial
-1.1971e+02 -1.1849e+02 -1.6850e+02 -9.9955e+02
-1.1953e+02 -1.1597e+02 -1.1729e+02 -5.2908e+02
-1.1913e+02 -1.1156e+02 -6.2660e+01 -1.8311e+02
-1.1894e+02 -1.0959e+02 -5.8690e+01 -2.4025e+02
# New trial
-1.1990e+02 -1.2012e+02 -2.0522e+02 -1.4747e+03
-1.1971e+02 -1.1762e+02 -1.3104e+02 -6.2767e+02
-1.1924e+02 -1.1258e+02 -6.6522e+01 -1.8329e+02
-1.1921e+02 -1.1223e+02 -6.2919e+01 -6.3778e+01
# New trial
-1.1974e+02 -1.1771e+02 -1.1860e+02 -4.4256e+02
-1.1960e+02 -1.1623e+02 -9.3419e+01 -1.8561e+02
-1.1942e+02 -1.1432e+02 -7.1441e+01 -1.4448e+02
-1.1950e+02 -1.1511e+02 -7.5821e+01 -7.0437e+01
# New trial
-1.1951e+02 -1.1561e+02 -1.1933e+02 -7.6442e+02
-1.1956e+02 -1.1588e+02 -1.0021e+02 -3.7352e+02
-1.1946e+02 -1.1479e+02 -7.7396e+01 -1.6091e+02
-1.1946e+02 -1.1474e+02 -7.9553e+01 -2.0337e+02
# New trial
-1.1969e+02 -1.1857e+02 -1.9254e+02 -1.4786e+03
-1.1959e+02 -1.1666e+02 -1.2874e+02 -7.1263e+02
-1.1925e+02 -1.1272e+02 -7.2796e+01 -2.9754e+02
-1.1918e+02 -1.1192e+02 -6.4333e+01 -1.6300e+02
# New trial
-1.1970e+02 -1.1759e+02 -1.3378e+02 -6.7375e+02
-1.1957e+02 -1.1600e+02 -9.8921e+01 -3.0968e+02
-1.1936e+02 -1.1378e+02 -7.2097e+01 -1.3214e+02
-1.1943e+02 -1.1436e+02 -7.2516e+01 -8.3444e+01
# New trial
-1.1966e+02 -1.1716e+02 -1.5111e+02 -1.0843e+03
-1.1958e+02 -1.1605e+02 -1.0244e+02 -3.2155e+02
-1.1941e+02 -1.1421e+02 -6.9974e+01 -9.3689e+01
-1.1934e+02 -1.1345e+02 -6.6467e+01 -1.1023e+02
# New trial
