# 1.0sig - Array shape (trial/sig/alpha): (30L, 4L, 4L)
-8.7620e+01 -8.7080e+01 -8.9326e+01 -2.0200e+02
-8.7581e+01 -8.6665e+01 -8.2610e+01 -1.2116e+02
-8.7474e+01 -8.5573e+01 -6.9809e+01 -6.4612e+01
-8.7401e+01 -8.4840e+01 -6.7376e+01 -6.4612e+01
# New trial
-8.7629e+01 -8.7149e+01 -8.6975e+01 -1.5893e+02
-8.7599e+01 -8.6844e+01 -8.2599e+01 -1.0111e+02
-8.7509e+01 -8.5942e+01 -7.3186e+01 -6.4615e+01
-8.7453e+01 -8.5365e+01 -7.1129e+01 -9.5425e+01
# New trial
-8.7618e+01 -8.7025e+01 -8.4543e+01 -1.5029e+02
-8.7591e+01 -8.6751e+01 -8.0723e+01 -8.0040e+01
-8.7520e+01 -8.6029e+01 -7.3088e+01 -6.4612e+01
-8.7477e+01 -8.5590e+01 -7.0535e+01 -6.4612e+01
# New trial
-8.7624e+01 -8.7095e+01 -8.7443e+01 -2.4393e+02
-8.7599e+01 -8.6842e+01 -8.3150e+01 -1.2626e+02
-8.7531e+01 -8.6143e+01 -7.4999e+01 -6.5343e+01
-8.7498e+01 -8.5807e+01 -7.1903e+01 -6.7034e+01
# New trial
-8.7587e+01 -8.6771e+01 -9.1115e+01 -2.6213e+02
-8.7552e+01 -8.6393e+01 -8.0804e+01 -1.2910e+02
-8.7490e+01 -8.5740e+01 -7.2060e+01 -6.4828e+01
-8.7491e+01 -8.5743e+01 -7.2519e+01 -8.3114e+01
# New trial
-8.7632e+01 -8.7171e+01 -8.7505e+01 -2.0896e+02
-8.7603e+01 -8.6874e+01 -8.2417e+01 -1.2196e+02
-8.7525e+01 -8.6079e+01 -7.3450e+01 -6.4612e+01
-8.7462e+01 -8.5446e+01 -6.9318e+01 -6.4612e+01
# New trial
-8.7649e+01 -8.7328e+01 -8.7203e+01 -1.8597e+02
-8.7626e+01 -8.7078e+01 -8.2295e+01 -1.0826e+02
-8.7598e+01 -8.6796e+01 -7.9167e+01 -6.4751e+01
-8.7617e+01 -8.6990e+01 -8.0895e+01 -6.4927e+01
# New trial
-8.7618e+01 -8.7099e+01 -9.3369e+01 -2.6204e+02
-8.7572e+01 -8.6595e+01 -8.3097e+01 -1.5792e+02
-8.7489e+01 -8.5734e+01 -7.2377e+01 -6.4655e+01
-8.7484e+01 -8.5662e+01 -7.1266e+01 -6.4640e+01
# New trial
-8.7570e+01 -8.6686e+01 -9.1439e+01 -2.3475e+02
-8.7485e+01 -8.5775e+01 -8.1198e+01 -1.4874e+02
-8.7303e+01 -8.3901e+01 -6.6000e+01 -6.4612e+01
-8.7309e+01 -8.3925e+01 -6.5736e+01 -6.4612e+01
# New trial
-8.7605e+01 -8.6926e+01 -8.6628e+01 -1.8594e+02
-8.7561e+01 -8.6477e+01 -8.1738e+01 -1.3877e+02
-8.7463e+01 -8.5466e+01 -7.0257e+01 -6.4846e+01
-8.7426e+01 -8.5085e+01 -6.9296e+01 -6.4612e+01
# New trial
-8.7620e+01 -8.7108e+01 -9.0959e+01 -2.1188e+02
-8.7574e+01 -8.6640e+01 -8.6021e+01 -1.7835e+02
-8.7430e+01 -8.5142e+01 -6.7917e+01 -6.4612e+01
-8.7348e+01 -8.4314e+01 -6.6592e+01 -6.4612e+01
# New trial
-8.7610e+01 -8.7014e+01 -9.4208e+01 -2.8071e+02
-8.7560e+01 -8.6450e+01 -7.9181e+01 -8.6003e+01
-8.7465e+01 -8.5473e+01 -6.8736e+01 -6.4612e+01
-8.7416e+01 -8.4981e+01 -6.7509e+01 -6.4612e+01
# New trial
-8.7640e+01 -8.7319e+01 -9.6325e+01 -3.0520e+02
-8.7585e+01 -8.6712e+01 -8.3144e+01 -1.2878e+02
-8.7516e+01 -8.6000e+01 -7.3243e+01 -6.4612e+01
-8.7512e+01 -8.5939e+01 -7.2256e+01 -6.4612e+01
# New trial
-8.7648e+01 -8.7485e+01 -1.0780e+02 -4.2400e+02
-8.7583e+01 -8.6752e+01 -8.8900e+01 -2.0645e+02
-8.7431e+01 -8.5169e+01 -7.0135e+01 -6.4875e+01
-8.7348e+01 -8.4332e+01 -7.2058e+01 -1.2409e+02
# New trial
-8.7639e+01 -8.7256e+01 -9.1024e+01 -2.8311e+02
-8.7607e+01 -8.6920e+01 -8.3929e+01 -1.4151e+02
-8.7530e+01 -8.6129e+01 -7.3943e+01 -6.4612e+01
-8.7478e+01 -8.5607e+01 -7.0314e+01 -6.5471e+01
# New trial
-8.7568e+01 -8.6780e+01 -1.0423e+02 -4.0081e+02
-8.7515e+01 -8.6184e+01 -8.6355e+01 -1.9392e+02
-8.7395e+01 -8.4865e+01 -7.0666e+01 -6.5824e+01
-8.7425e+01 -8.5121e+01 -7.8430e+01 -1.7613e+02
# New trial
-8.7592e+01 -8.6792e+01 -8.5382e+01 -1.5465e+02
-8.7537e+01 -8.6239e+01 -7.8992e+01 -1.1227e+02
-8.7395e+01 -8.4807e+01 -6.7167e+01 -6.4612e+01
-8.7394e+01 -8.4782e+01 -6.9182e+01 -8.5793e+01
# New trial
-8.7607e+01 -8.6947e+01 -8.6299e+01 -1.6077e+02
-8.7570e+01 -8.6574e+01 -8.2610e+01 -1.2797e+02
-8.7479e+01 -8.5642e+01 -7.1765e+01 -6.4615e+01
-8.7489e+01 -8.5714e+01 -7.1546e+01 -6.4612e+01
# New trial
-8.7625e+01 -8.7168e+01 -9.6059e+01 -3.0916e+02
-8.7587e+01 -8.6758e+01 -8.7583e+01 -2.0238e+02
-8.7478e+01 -8.5632e+01 -7.2099e+01 -6.5295e+01
-8.7408e+01 -8.4922e+01 -6.9580e+01 -8.0095e+01
# New trial
-8.7628e+01 -8.7143e+01 -8.9947e+01 -2.5806e+02
-8.7604e+01 -8.6880e+01 -8.2753e+01 -1.4954e+02
-8.7545e+01 -8.6271e+01 -7.4765e+01 -6.4695e+01
-8.7503e+01 -8.5847e+01 -7.1463e+01 -6.4612e+01
# New trial
-8.7593e+01 -8.6895e+01 -9.5220e+01 -2.8092e+02
-8.7528e+01 -8.6176e+01 -7.8640e+01 -8.5220e+01
-8.7479e+01 -8.5653e+01 -7.1950e+01 -6.5256e+01
-8.7574e+01 -8.6570e+01 -7.7879e+01 -9.5200e+01
# New trial
-8.7611e+01 -8.6951e+01 -8.5596e+01 -2.2293e+02
-8.7585e+01 -8.6675e+01 -7.9060e+01 -6.8415e+01
-8.7529e+01 -8.6107e+01 -7.3145e+01 -6.4612e+01
-8.7522e+01 -8.6034e+01 -7.2815e+01 -6.4612e+01
# New trial
-8.7595e+01 -8.6890e+01 -9.2807e+01 -2.5421e+02
-8.7534e+01 -8.6236e+01 -8.1338e+01 -1.3724e+02
-8.7464e+01 -8.5511e+01 -7.2353e+01 -6.4826e+01
-8.7514e+01 -8.5971e+01 -7.6896e+01 -1.5505e+02
# New trial
-8.7591e+01 -8.6878e+01 -9.0379e+01 -1.9772e+02
-8.7526e+01 -8.6169e+01 -8.0239e+01 -1.2821e+02
-8.7414e+01 -8.4994e+01 -6.7225e+01 -6.4612e+01
-8.7397e+01 -8.4797e+01 -6.7283e+01 -6.4612e+01
# New trial
-8.7685e+01 -8.7981e+01 -1.1399e+02 -4.7104e+02
-8.7610e+01 -8.7063e+01 -9.1411e+01 -2.1117e+02
-8.7449e+01 -8.5361e+01 -7.0960e+01 -6.4612e+01
-8.7446e+01 -8.5285e+01 -7.0034e+01 -6.4703e+01
# New trial
-8.7628e+01 -8.7105e+01 -8.3185e+01 -1.0656e+02
-8.7590e+01 -8.6722e+01 -7.9185e+01 -6.5465e+01
-8.7509e+01 -8.5918e+01 -7.2308e+01 -6.4838e+01
-8.7508e+01 -8.5909e+01 -7.4343e+01 -1.2073e+02
# New trial
-8.7608e+01 -8.6951e+01 -8.8011e+01 -2.2711e+02
-8.7584e+01 -8.6696e+01 -8.3029e+01 -1.5328e+02
-8.7513e+01 -8.5972e+01 -7.3795e+01 -6.4896e+01
-8.7468e+01 -8.5506e+01 -6.9852e+01 -6.4612e+01
# New trial
-8.7581e+01 -8.6843e+01 -9.3179e+01 -2.5376e+02
-8.7529e+01 -8.6239e+01 -8.2113e+01 -1.2187e+02
-8.7426e+01 -8.5105e+01 -6.7337e+01 -6.4612e+01
-8.7426e+01 -8.5084e+01 -6.8210e+01 -6.4612e+01
# New trial
-8.7625e+01 -8.7114e+01 -8.7360e+01 -1.7564e+02
-8.7583e+01 -8.6677e+01 -8.1551e+01 -1.1705e+02
-8.7494e+01 -8.5798e+01 -7.3924e+01 -6.4768e+01
-8.7480e+01 -8.5629e+01 -7.1103e+01 -6.5777e+01
# New trial
-8.7600e+01 -8.6862e+01 -8.6590e+01 -2.1093e+02
-8.7576e+01 -8.6609e+01 -8.1316e+01 -1.2393e+02
-8.7507e+01 -8.5900e+01 -7.2571e+01 -6.6956e+01
-8.7457e+01 -8.5394e+01 -6.9987e+01 -6.4732e+01
# New trial
