# 1.0sig - Array shape (trial/sig/alpha): (30, 4, 4)
-1.7982e+02 -1.7840e+02 -1.7304e+02 -3.5096e+02
-1.7972e+02 -1.7731e+02 -1.5801e+02 -1.8595e+02
-1.7944e+02 -1.7451e+02 -1.2947e+02 -1.0153e+02
-1.7913e+02 -1.7139e+02 -1.1136e+02 -1.0153e+02
# New trial
-1.7983e+02 -1.7842e+02 -1.6787e+02 -2.0329e+02
-1.7976e+02 -1.7771e+02 -1.6171e+02 -1.6014e+02
-1.7952e+02 -1.7538e+02 -1.4040e+02 -1.0189e+02
-1.7930e+02 -1.7313e+02 -1.2181e+02 -1.0516e+02
# New trial
-1.7983e+02 -1.7842e+02 -1.6800e+02 -2.8817e+02
-1.7976e+02 -1.7769e+02 -1.5960e+02 -1.4199e+02
-1.7956e+02 -1.7572e+02 -1.4114e+02 -1.1861e+02
-1.7939e+02 -1.7402e+02 -1.2777e+02 -1.2790e+02
# New trial
-1.7984e+02 -1.7858e+02 -1.7684e+02 -5.3772e+02
-1.7976e+02 -1.7775e+02 -1.6261e+02 -2.0908e+02
-1.7956e+02 -1.7578e+02 -1.4379e+02 -1.0656e+02
-1.7945e+02 -1.7460e+02 -1.3623e+02 -1.9998e+02
# New trial
-1.7974e+02 -1.7763e+02 -1.7258e+02 -4.9852e+02
-1.7964e+02 -1.7651e+02 -1.5398e+02 -2.5225e+02
-1.7942e+02 -1.7432e+02 -1.3082e+02 -1.0320e+02
-1.7928e+02 -1.7290e+02 -1.2061e+02 -1.1533e+02
# New trial
-1.7984e+02 -1.7856e+02 -1.7254e+02 -5.3691e+02
-1.7978e+02 -1.7789e+02 -1.6126e+02 -2.0535e+02
-1.7959e+02 -1.7598e+02 -1.4269e+02 -1.0451e+02
-1.7939e+02 -1.7406e+02 -1.2644e+02 -1.0155e+02
# New trial
-1.7992e+02 -1.7936e+02 -1.7617e+02 -3.9731e+02
-1.7988e+02 -1.7893e+02 -1.6980e+02 -1.6186e+02
-1.7979e+02 -1.7803e+02 -1.6102e+02 -1.2046e+02
-1.7973e+02 -1.7739e+02 -1.5500e+02 -1.4524e+02
# New trial
-1.7985e+02 -1.7872e+02 -1.8447e+02 -5.3345e+02
-1.7973e+02 -1.7750e+02 -1.6399e+02 -3.5399e+02
-1.7948e+02 -1.7496e+02 -1.3638e+02 -1.0292e+02
-1.7931e+02 -1.7325e+02 -1.2516e+02 -1.6688e+02
# New trial
-1.7969e+02 -1.7716e+02 -1.6829e+02 -3.9883e+02
-1.7950e+02 -1.7516e+02 -1.4629e+02 -2.6068e+02
-1.7907e+02 -1.7091e+02 -1.1430e+02 -1.0187e+02
-1.7883e+02 -1.6854e+02 -1.2970e+02 -3.3324e+02
# New trial
-1.7982e+02 -1.7839e+02 -1.7041e+02 -3.4329e+02
-1.7973e+02 -1.7740e+02 -1.6110e+02 -2.9252e+02
-1.7946e+02 -1.7476e+02 -1.3406e+02 -1.0398e+02
-1.7924e+02 -1.7251e+02 -1.2638e+02 -2.3195e+02
# New trial
-1.7974e+02 -1.7759e+02 -1.6493e+02 -3.3587e+02
-1.7964e+02 -1.7652e+02 -1.5473e+02 -2.2532e+02
-1.7933e+02 -1.7349e+02 -1.2689e+02 -1.3115e+02
-1.7914e+02 -1.7158e+02 -1.3307e+02 -3.4677e+02
# New trial
-1.7982e+02 -1.7840e+02 -1.7876e+02 -5.1762e+02
-1.7970e+02 -1.7708e+02 -1.5492e+02 -2.2335e+02
-1.7944e+02 -1.7450e+02 -1.2941e+02 -1.0155e+02
-1.7914e+02 -1.7149e+02 -1.1207e+02 -1.0153e+02
# New trial
-1.7987e+02 -1.7883e+02 -1.8272e+02 -5.9416e+02
-1.7974e+02 -1.7757e+02 -1.6105e+02 -2.4357e+02
-1.7955e+02 -1.7559e+02 -1.4000e+02 -1.0177e+02
-1.7948e+02 -1.7493e+02 -1.3378e+02 -1.1225e+02
# New trial
-1.7982e+02 -1.7858e+02 -2.1107e+02 -9.0338e+02
-1.7967e+02 -1.7686e+02 -1.6391e+02 -3.4982e+02
-1.7932e+02 -1.7332e+02 -1.2312e+02 -1.0154e+02
-1.7908e+02 -1.7094e+02 -1.1165e+02 -1.0176e+02
# New trial
-1.7985e+02 -1.7867e+02 -1.7264e+02 -4.5824e+02
-1.7978e+02 -1.7789e+02 -1.6259e+02 -2.3701e+02
-1.7958e+02 -1.7590e+02 -1.4180e+02 -1.0162e+02
-1.7944e+02 -1.7448e+02 -1.3215e+02 -1.7091e+02
# New trial
-1.7973e+02 -1.7777e+02 -2.0654e+02 -8.5706e+02
-1.7956e+02 -1.7595e+02 -1.6445e+02 -3.5165e+02
-1.7920e+02 -1.7228e+02 -1.2649e+02 -1.0193e+02
-1.7914e+02 -1.7154e+02 -1.2544e+02 -2.3062e+02
# New trial
-1.7980e+02 -1.7815e+02 -1.6946e+02 -3.1337e+02
-1.7967e+02 -1.7688e+02 -1.5803e+02 -2.5164e+02
-1.7931e+02 -1.7322e+02 -1.2758e+02 -1.0204e+02
-1.7906e+02 -1.7076e+02 -1.1113e+02 -1.0153e+02
# New trial
-1.7978e+02 -1.7788e+02 -1.6318e+02 -2.5505e+02
-1.7969e+02 -1.7701e+02 -1.5549e+02 -1.9447e+02
-1.7946e+02 -1.7472e+02 -1.3343e+02 -1.0163e+02
-1.7938e+02 -1.7393e+02 -1.2713e+02 -1.2062e+02
# New trial
-1.7980e+02 -1.7825e+02 -1.8270e+02 -5.9996e+02
-1.7971e+02 -1.7724e+02 -1.6452e+02 -3.3475e+02
-1.7944e+02 -1.7453e+02 -1.3144e+02 -1.0280e+02
-1.7923e+02 -1.7245e+02 -1.1793e+02 -1.0203e+02
# New trial
-1.7984e+02 -1.7853e+02 -1.7181e+02 -4.6115e+02
-1.7979e+02 -1.7801e+02 -1.6229e+02 -1.8388e+02
-1.7965e+02 -1.7660e+02 -1.4737e+02 -1.0154e+02
-1.7949e+02 -1.7498e+02 -1.3302e+02 -1.0153e+02
# New trial
-1.7980e+02 -1.7820e+02 -1.7656e+02 -4.9173e+02
-1.7966e+02 -1.7681e+02 -1.5606e+02 -1.5890e+02
-1.7947e+02 -1.7491e+02 -1.3861e+02 -1.1626e+02
-1.7951e+02 -1.7525e+02 -1.3880e+02 -2.1291e+02
# New trial
-1.7983e+02 -1.7839e+02 -1.6538e+02 -2.7549e+02
-1.7978e+02 -1.7790e+02 -1.5974e+02 -1.0392e+02
-1.7963e+02 -1.7638e+02 -1.4504e+02 -1.0200e+02
-1.7942e+02 -1.7433e+02 -1.2802e+02 -1.0163e+02
# New trial
-1.7979e+02 -1.7814e+02 -1.7702e+02 -4.6048e+02
-1.7962e+02 -1.7638e+02 -1.5402e+02 -2.2006e+02
-1.7935e+02 -1.7363e+02 -1.2781e+02 -1.0201e+02
-1.7932e+02 -1.7336e+02 -1.2299e+02 -1.0154e+02
# New trial
-1.7975e+02 -1.7772e+02 -1.7029e+02 -2.9103e+02
-1.7959e+02 -1.7607e+02 -1.5033e+02 -1.7989e+02
-1.7921e+02 -1.7225e+02 -1.1587e+02 -1.0153e+02
-1.7891e+02 -1.6922e+02 -1.0800e+02 -1.0153e+02
# New trial
-1.7978e+02 -1.7820e+02 -2.0170e+02 -7.9943e+02
-1.7961e+02 -1.7634e+02 -1.5837e+02 -2.4193e+02
-1.7926e+02 -1.7281e+02 -1.2377e+02 -1.0154e+02
-1.7902e+02 -1.7038e+02 -1.0958e+02 -1.0153e+02
# New trial
-1.7987e+02 -1.7879e+02 -1.6898e+02 -1.5853e+02
-1.7977e+02 -1.7785e+02 -1.6014e+02 -1.4496e+02
-1.7955e+02 -1.7558e+02 -1.4047e+02 -1.0373e+02
-1.7935e+02 -1.7366e+02 -1.2350e+02 -1.0154e+02
# New trial
-1.7978e+02 -1.7791e+02 -1.6905e+02 -4.8429e+02
-1.7971e+02 -1.7721e+02 -1.5748e+02 -2.0339e+02
-1.7952e+02 -1.7536e+02 -1.3851e+02 -1.0317e+02
-1.7941e+02 -1.7426e+02 -1.3034e+02 -1.3836e+02
# New trial
-1.7984e+02 -1.7867e+02 -1.8356e+02 -4.7640e+02
-1.7968e+02 -1.7696e+02 -1.6107e+02 -3.0960e+02
-1.7930e+02 -1.7316e+02 -1.2356e+02 -1.2620e+02
-1.7903e+02 -1.7044e+02 -1.1195e+02 -1.2066e+02
# New trial
-1.7983e+02 -1.7841e+02 -1.6799e+02 -2.5437e+02
-1.7972e+02 -1.7735e+02 -1.5603e+02 -1.1807e+02
-1.7947e+02 -1.7481e+02 -1.3363e+02 -1.0223e+02
-1.7932e+02 -1.7330e+02 -1.2235e+02 -1.1606e+02
# New trial
-1.7980e+02 -1.7812e+02 -1.6611e+02 -3.7282e+02
-1.7973e+02 -1.7742e+02 -1.5729e+02 -1.3085e+02
-1.7953e+02 -1.7538e+02 -1.3797e+02 -1.1008e+02
-1.7931e+02 -1.7328e+02 -1.2798e+02 -1.8966e+02
# New trial
