# 1.0sig - Array shape (trial/sig/alpha): (30, 4, 4)
-1.4744e+02 -1.4545e+02 -1.4644e+02 -4.6726e+02
-1.4731e+02 -1.4405e+02 -1.2313e+02 -2.0265e+02
-1.4697e+02 -1.4058e+02 -8.5610e+01 -6.0037e+01
-1.4668e+02 -1.3768e+02 -7.1121e+01 -5.9997e+01
# New trial
-1.4748e+02 -1.4577e+02 -1.3860e+02 -2.6986e+02
-1.4736e+02 -1.4455e+02 -1.2481e+02 -1.3854e+02
-1.4706e+02 -1.4157e+02 -9.6171e+01 -6.0863e+01
-1.4692e+02 -1.4009e+02 -8.7153e+01 -1.5651e+02
# New trial
-1.4746e+02 -1.4555e+02 -1.3382e+02 -3.2419e+02
-1.4737e+02 -1.4462e+02 -1.2272e+02 -1.1508e+02
-1.4712e+02 -1.4205e+02 -9.6843e+01 -5.9998e+01
-1.4692e+02 -1.4004e+02 -8.2978e+01 -5.9997e+01
# New trial
-1.4745e+02 -1.4547e+02 -1.3846e+02 -4.8401e+02
-1.4736e+02 -1.4452e+02 -1.2656e+02 -2.3723e+02
-1.4714e+02 -1.4235e+02 -1.0207e+02 -6.4773e+01
-1.4707e+02 -1.4162e+02 -9.7670e+01 -1.9417e+02
# New trial
-1.4734e+02 -1.4442e+02 -1.4387e+02 -6.1695e+02
-1.4721e+02 -1.4302e+02 -1.1377e+02 -1.8162e+02
-1.4696e+02 -1.4054e+02 -8.9625e+01 -6.1762e+01
-1.4688e+02 -1.3973e+02 -8.3067e+01 -6.1086e+01
# New trial
-1.4749e+02 -1.4587e+02 -1.4877e+02 -6.2350e+02
-1.4739e+02 -1.4482e+02 -1.2550e+02 -2.2903e+02
-1.4715e+02 -1.4236e+02 -9.8202e+01 -5.9997e+01
-1.4698e+02 -1.4062e+02 -8.5588e+01 -5.9997e+01
# New trial
-1.4758e+02 -1.4669e+02 -1.4455e+02 -4.6196e+02
-1.4751e+02 -1.4599e+02 -1.3227e+02 -1.7582e+02
-1.4740e+02 -1.4490e+02 -1.2101e+02 -7.5119e+01
-1.4739e+02 -1.4476e+02 -1.1942e+02 -9.3256e+01
# New trial
-1.4746e+02 -1.4574e+02 -1.6037e+02 -7.0929e+02
-1.4732e+02 -1.4417e+02 -1.2833e+02 -2.8675e+02
-1.4701e+02 -1.4100e+02 -9.0252e+01 -6.0002e+01
-1.4687e+02 -1.3960e+02 -8.0625e+01 -6.2442e+01
# New trial
-1.4725e+02 -1.4375e+02 -1.4065e+02 -5.6733e+02
-1.4699e+02 -1.4102e+02 -1.0960e+02 -3.0216e+02
-1.4643e+02 -1.3524e+02 -6.5007e+01 -5.9997e+01
-1.4632e+02 -1.3409e+02 -6.4158e+01 -5.9997e+01
# New trial
-1.4745e+02 -1.4543e+02 -1.3938e+02 -4.9144e+02
-1.4731e+02 -1.4406e+02 -1.2562e+02 -3.4080e+02
-1.4696e+02 -1.4046e+02 -8.5889e+01 -6.1161e+01
-1.4672e+02 -1.3809e+02 -7.5438e+01 -6.5992e+01
# New trial
-1.4735e+02 -1.4453e+02 -1.4100e+02 -4.9500e+02
-1.4721e+02 -1.4320e+02 -1.2993e+02 -3.9401e+02
-1.4686e+02 -1.3957e+02 -8.7236e+01 -8.4498e+01
-1.4671e+02 -1.3804e+02 -7.8669e+01 -9.2448e+01
# New trial
-1.4750e+02 -1.4613e+02 -1.6606e+02 -7.2172e+02
-1.4731e+02 -1.4407e+02 -1.2392e+02 -2.4504e+02
-1.4694e+02 -1.4031e+02 -8.2666e+01 -5.9997e+01
-1.4659e+02 -1.3682e+02 -6.9350e+01 -5.9997e+01
# New trial
-1.4750e+02 -1.4602e+02 -1.5740e+02 -7.4059e+02
-1.4736e+02 -1.4460e+02 -1.2852e+02 -2.5288e+02
-1.4713e+02 -1.4226e+02 -1.0207e+02 -6.3302e+01
-1.4710e+02 -1.4184e+02 -9.6601e+01 -9.9345e+01
# New trial
-1.4743e+02 -1.4573e+02 -2.0529e+02 -1.1688e+03
-1.4722e+02 -1.4331e+02 -1.3742e+02 -4.5357e+02
-1.4680e+02 -1.3892e+02 -8.1910e+01 -6.1821e+01
-1.4667e+02 -1.3762e+02 -7.5001e+01 -6.2799e+01
# New trial
-1.4751e+02 -1.4605e+02 -1.5134e+02 -6.8751e+02
-1.4741e+02 -1.4498e+02 -1.2957e+02 -2.0376e+02
-1.4716e+02 -1.4245e+02 -9.9933e+01 -5.9998e+01
-1.4703e+02 -1.4116e+02 -8.9348e+01 -5.9997e+01
# New trial
-1.4739e+02 -1.4550e+02 -1.9897e+02 -1.1573e+03
-1.4719e+02 -1.4332e+02 -1.3943e+02 -4.1531e+02
-1.4669e+02 -1.3804e+02 -8.3122e+01 -6.0537e+01
-1.4665e+02 -1.3748e+02 -9.0471e+01 -2.5766e+02
# New trial
-1.4742e+02 -1.4520e+02 -1.3956e+02 -3.7304e+02
-1.4723e+02 -1.4334e+02 -1.1893e+02 -1.9518e+02
-1.4673e+02 -1.3828e+02 -7.4050e+01 -5.9997e+01
-1.4657e+02 -1.3657e+02 -6.8258e+01 -5.9997e+01
# New trial
-1.4745e+02 -1.4548e+02 -1.3801e+02 -3.2369e+02
-1.4733e+02 -1.4428e+02 -1.2629e+02 -1.8639e+02
-1.4701e+02 -1.4105e+02 -9.1150e+01 -6.0281e+01
-1.4694e+02 -1.4029e+02 -8.6011e+01 -6.0005e+01
# New trial
-1.4748e+02 -1.4598e+02 -1.7048e+02 -7.8528e+02
-1.4735e+02 -1.4460e+02 -1.4269e+02 -4.2702e+02
-1.4700e+02 -1.4094e+02 -9.1676e+01 -6.2157e+01
-1.4679e+02 -1.3884e+02 -8.1165e+01 -8.4790e+01
# New trial
-1.4752e+02 -1.4622e+02 -1.5410e+02 -6.7081e+02
-1.4744e+02 -1.4533e+02 -1.3098e+02 -2.7355e+02
-1.4723e+02 -1.4317e+02 -1.0471e+02 -6.0012e+01
-1.4704e+02 -1.4130e+02 -8.9976e+01 -5.9997e+01
# New trial
-1.4740e+02 -1.4514e+02 -1.5602e+02 -6.4991e+02
-1.4719e+02 -1.4301e+02 -1.2007e+02 -1.8669e+02
-1.4700e+02 -1.4102e+02 -9.5369e+01 -6.0762e+01
-1.4721e+02 -1.4294e+02 -1.0528e+02 -1.7587e+02
# New trial
-1.4745e+02 -1.4537e+02 -1.4041e+02 -6.4682e+02
-1.4737e+02 -1.4456e+02 -1.1933e+02 -6.5186e+01
-1.4717e+02 -1.4258e+02 -1.0030e+02 -6.0594e+01
-1.4701e+02 -1.4097e+02 -8.7469e+01 -6.0025e+01
# New trial
-1.4741e+02 -1.4518e+02 -1.5393e+02 -6.4505e+02
-1.4720e+02 -1.4301e+02 -1.2017e+02 -2.9109e+02
-1.4690e+02 -1.3996e+02 -9.1722e+01 -6.3961e+01
-1.4695e+02 -1.4046e+02 -9.8625e+01 -2.3006e+02
# New trial
-1.4741e+02 -1.4533e+02 -1.5022e+02 -4.4717e+02
-1.4720e+02 -1.4305e+02 -1.2023e+02 -2.1275e+02
-1.4671e+02 -1.3808e+02 -7.2382e+01 -5.9997e+01
-1.4643e+02 -1.3522e+02 -7.1355e+01 -8.0857e+01
# New trial
-1.4758e+02 -1.4744e+02 -2.0844e+02 -1.1787e+03
-1.4734e+02 -1.4459e+02 -1.4179e+02 -3.8261e+02
-1.4683e+02 -1.3934e+02 -8.5948e+01 -6.1306e+01
-1.4664e+02 -1.3734e+02 -7.4415e+01 -7.2806e+01
# New trial
-1.4751e+02 -1.4595e+02 -1.3396e+02 -2.1162e+02
-1.4738e+02 -1.4468e+02 -1.2125e+02 -8.2362e+01
-1.4709e+02 -1.4181e+02 -9.6032e+01 -6.0893e+01
-1.4699e+02 -1.4080e+02 -8.9021e+01 -1.0239e+02
# New trial
-1.4742e+02 -1.4518e+02 -1.4597e+02 -6.9451e+02
-1.4733e+02 -1.4423e+02 -1.2471e+02 -2.1396e+02
-1.4707e+02 -1.4161e+02 -9.5479e+01 -6.0003e+01
-1.4694e+02 -1.4034e+02 -8.5435e+01 -6.0722e+01
# New trial
-1.4749e+02 -1.4619e+02 -1.6811e+02 -8.2719e+02
-1.4729e+02 -1.4398e+02 -1.2905e+02 -2.9176e+02
-1.4683e+02 -1.3920e+02 -7.8378e+01 -7.0523e+01
-1.4657e+02 -1.3663e+02 -7.1876e+01 -7.6154e+01
# New trial
-1.4749e+02 -1.4587e+02 -1.4275e+02 -3.8225e+02
-1.4734e+02 -1.4436e+02 -1.2486e+02 -2.2730e+02
-1.4703e+02 -1.4121e+02 -9.5561e+01 -6.2852e+01
-1.4698e+02 -1.4072e+02 -9.3505e+01 -2.0055e+02
# New trial
-1.4744e+02 -1.4535e+02 -1.4061e+02 -4.5209e+02
-1.4735e+02 -1.4440e+02 -1.2472e+02 -2.3076e+02
-1.4709e+02 -1.4178e+02 -9.5798e+01 -6.8428e+01
-1.4690e+02 -1.3991e+02 -9.3109e+01 -2.6417e+02
# New trial
