# 10.0sig - Array shape (trial/sig/alpha): (30L, 4L, 4L)
-7.3791e+01 -7.3394e+01 -7.8850e+01 -3.1095e+02
-7.3793e+01 -7.3389e+01 -7.4676e+01 -2.6112e+02
-7.3777e+01 -7.3205e+01 -6.8572e+01 -8.7342e+01
-7.3739e+01 -7.2818e+01 -6.3890e+01 -5.7928e+01
# New trial
-7.3804e+01 -7.4175e+01 -1.2010e+02 -7.7429e+02
-7.3798e+01 -7.3924e+01 -1.0015e+02 -5.2781e+02
-7.3737e+01 -7.2952e+01 -7.3395e+01 -2.5850e+02
-7.3644e+01 -7.1915e+01 -5.7369e+01 -9.0427e+01
# New trial
-7.3837e+01 -7.3931e+01 -9.2412e+01 -4.6487e+02
-7.3832e+01 -7.3853e+01 -8.6358e+01 -3.8675e+02
-7.3723e+01 -7.2688e+01 -6.6448e+01 -1.9551e+02
-7.3619e+01 -7.1618e+01 -5.3899e+01 -5.6244e+01
# New trial
-7.3777e+01 -7.3266e+01 -7.6649e+01 -3.0360e+02
-7.3779e+01 -7.3286e+01 -7.6235e+01 -2.7815e+02
-7.3713e+01 -7.2583e+01 -6.5598e+01 -1.9972e+02
-7.3615e+01 -7.1580e+01 -5.4134e+01 -8.5864e+01
# New trial
-7.3786e+01 -7.3730e+01 -1.0525e+02 -6.3218e+02
-7.3774e+01 -7.3339e+01 -8.0426e+01 -2.8812e+02
-7.3779e+01 -7.3255e+01 -7.1551e+01 -1.8998e+02
-7.3739e+01 -7.2815e+01 -6.4192e+01 -9.5418e+01
# New trial
-7.3808e+01 -7.3747e+01 -9.1617e+01 -4.3821e+02
-7.3781e+01 -7.3355e+01 -7.8445e+01 -2.6336e+02
-7.3702e+01 -7.2475e+01 -6.4691e+01 -1.8822e+02
-7.3584e+01 -7.1273e+01 -5.1503e+01 -6.8008e+01
# New trial
-7.3828e+01 -7.3735e+01 -7.6407e+01 -2.5720e+02
-7.3819e+01 -7.3641e+01 -7.4991e+01 -2.3918e+02
-7.3784e+01 -7.3271e+01 -6.9705e+01 -1.9353e+02
-7.3751e+01 -7.2934e+01 -6.4972e+01 -5.4387e+01
# New trial
-7.3747e+01 -7.3106e+01 -8.4443e+01 -3.8452e+02
-7.3754e+01 -7.3150e+01 -8.0756e+01 -3.0819e+02
-7.3737e+01 -7.2860e+01 -6.8427e+01 -1.4739e+02
-7.3695e+01 -7.2390e+01 -6.0416e+01 -6.6861e+01
# New trial
-7.3962e+01 -7.5589e+01 -1.3910e+02 -1.0203e+03
-7.3929e+01 -7.5065e+01 -1.1119e+02 -6.3781e+02
-7.3792e+01 -7.3412e+01 -7.7939e+01 -3.3191e+02
-7.3638e+01 -7.1813e+01 -5.7345e+01 -1.3626e+02
# New trial
-7.3782e+01 -7.3265e+01 -7.1608e+01 -2.4133e+02
-7.3774e+01 -7.3175e+01 -6.8993e+01 -1.3832e+02
-7.3759e+01 -7.3016e+01 -6.6281e+01 -9.9132e+01
-7.3764e+01 -7.3062e+01 -6.6181e+01 -4.9581e+01
# New trial
-7.3859e+01 -7.4466e+01 -1.1410e+02 -7.4965e+02
-7.3752e+01 -7.3160e+01 -9.5453e+01 -5.7566e+02
-7.3631e+01 -7.1809e+01 -6.8545e+01 -3.2833e+02
-7.3561e+01 -7.1040e+01 -5.0781e+01 -7.0191e+01
# New trial
-7.3873e+01 -7.4642e+01 -1.2063e+02 -7.6668e+02
-7.3804e+01 -7.3581e+01 -8.1045e+01 -2.8125e+02
-7.3768e+01 -7.3138e+01 -6.9308e+01 -1.2383e+02
-7.3720e+01 -7.2625e+01 -6.2315e+01 -6.6428e+01
# New trial
-7.3794e+01 -7.3772e+01 -1.0497e+02 -6.1083e+02
-7.3786e+01 -7.3548e+01 -8.7270e+01 -3.4830e+02
-7.3741e+01 -7.2897e+01 -6.9348e+01 -2.0041e+02
-7.3676e+01 -7.2198e+01 -5.9148e+01 -1.0301e+02
# New trial
-7.3819e+01 -7.3825e+01 -9.2697e+01 -4.6244e+02
-7.3811e+01 -7.3672e+01 -8.4535e+01 -3.5410e+02
-7.3731e+01 -7.2766e+01 -6.6974e+01 -1.8189e+02
-7.3660e+01 -7.2029e+01 -5.6794e+01 -5.3282e+01
# New trial
-7.3855e+01 -7.4253e+01 -1.0089e+02 -5.3114e+02
-7.3827e+01 -7.3892e+01 -9.0893e+01 -4.1136e+02
-7.3731e+01 -7.2784e+01 -6.7175e+01 -1.4086e+02
-7.3642e+01 -7.1851e+01 -5.5335e+01 -5.0443e+01
# New trial
-7.3914e+01 -7.5343e+01 -1.4004e+02 -9.8967e+02
-7.3850e+01 -7.4399e+01 -1.0360e+02 -5.4344e+02
-7.3705e+01 -7.2650e+01 -7.2157e+01 -2.4831e+02
-7.3564e+01 -7.1112e+01 -5.3159e+01 -1.3808e+02
# New trial
-7.3809e+01 -7.4049e+01 -1.3094e+02 -9.0760e+02
-7.3746e+01 -7.3143e+01 -8.6979e+01 -4.0642e+02
-7.3687e+01 -7.2396e+01 -7.0196e+01 -2.7749e+02
-7.3620e+01 -7.1650e+01 -5.5543e+01 -1.0079e+02
# New trial
-7.3919e+01 -7.4821e+01 -1.0626e+02 -6.1865e+02
-7.3861e+01 -7.4148e+01 -8.8280e+01 -4.1796e+02
-7.3744e+01 -7.2898e+01 -6.8204e+01 -1.8350e+02
-7.3684e+01 -7.2273e+01 -5.9506e+01 -5.5672e+01
# New trial
-7.3842e+01 -7.3896e+01 -8.2139e+01 -3.7150e+02
-7.3819e+01 -7.3643e+01 -7.4838e+01 -1.8295e+02
-7.3782e+01 -7.3251e+01 -6.8985e+01 -1.1846e+02
-7.3740e+01 -7.2824e+01 -6.4009e+01 -6.1859e+01
# New trial
-7.3977e+01 -7.5644e+01 -1.3161e+02 -8.6841e+02
-7.3893e+01 -7.4552e+01 -9.7411e+01 -5.1918e+02
-7.3710e+01 -7.2585e+01 -6.6765e+01 -2.0350e+02
-7.3574e+01 -7.1176e+01 -5.2450e+01 -1.2990e+02
# New trial
-7.3831e+01 -7.3937e+01 -1.0093e+02 -5.6909e+02
-7.3783e+01 -7.3313e+01 -7.4542e+01 -1.9881e+02
-7.3711e+01 -7.2552e+01 -6.2752e+01 -8.6440e+01
-7.3635e+01 -7.1780e+01 -5.4938e+01 -4.6291e+01
# New trial
-7.3780e+01 -7.3289e+01 -7.6302e+01 -2.8456e+02
-7.3805e+01 -7.3547e+01 -7.9786e+01 -3.2784e+02
-7.3759e+01 -7.3051e+01 -7.0307e+01 -2.2766e+02
-7.3647e+01 -7.1897e+01 -5.7007e+01 -5.7669e+01
# New trial
-7.3846e+01 -7.4039e+01 -9.0514e+01 -4.0509e+02
-7.3818e+01 -7.3737e+01 -8.4412e+01 -3.3113e+02
-7.3752e+01 -7.2984e+01 -6.8727e+01 -1.7456e+02
-7.3689e+01 -7.2316e+01 -5.9605e+01 -5.9407e+01
# New trial
-7.3849e+01 -7.4198e+01 -9.6629e+01 -4.5078e+02
-7.3812e+01 -7.3810e+01 -9.0809e+01 -3.8332e+02
-7.3740e+01 -7.2897e+01 -6.9714e+01 -1.6762e+02
-7.3603e+01 -7.1460e+01 -5.2676e+01 -5.4636e+01
# New trial
-7.3885e+01 -7.4727e+01 -1.1527e+02 -7.2281e+02
-7.3842e+01 -7.4172e+01 -9.8801e+01 -5.5726e+02
-7.3732e+01 -7.2816e+01 -6.9969e+01 -2.1476e+02
-7.3623e+01 -7.1672e+01 -5.6595e+01 -1.5268e+02
# New trial
-7.3973e+01 -7.6337e+01 -1.4635e+02 -9.8275e+02
-7.3882e+01 -7.4783e+01 -1.1345e+02 -7.5404e+02
-7.3653e+01 -7.2061e+01 -6.2680e+01 -1.4898e+02
-7.3462e+01 -7.0067e+01 -4.7211e+01 -5.2598e+01
# New trial
-7.4057e+01 -7.7037e+01 -1.5834e+02 -1.1454e+03
-7.3898e+01 -7.4755e+01 -1.0582e+02 -5.8346e+02
-7.3682e+01 -7.2316e+01 -6.7595e+01 -2.6907e+02
-7.3573e+01 -7.1162e+01 -5.2534e+01 -7.8297e+01
# New trial
-7.3795e+01 -7.3467e+01 -7.8871e+01 -2.8994e+02
-7.3771e+01 -7.3208e+01 -7.4239e+01 -2.4027e+02
-7.3723e+01 -7.2685e+01 -6.4815e+01 -9.6384e+01
-7.3671e+01 -7.2134e+01 -5.7726e+01 -4.8335e+01
# New trial
-7.3837e+01 -7.4007e+01 -9.7906e+01 -5.9495e+02
-7.3828e+01 -7.3896e+01 -8.9091e+01 -4.1801e+02
-7.3741e+01 -7.2902e+01 -6.9270e+01 -1.9055e+02
-7.3642e+01 -7.1849e+01 -5.5866e+01 -6.4949e+01
# New trial
-7.3781e+01 -7.3349e+01 -8.5723e+01 -4.2869e+02
-7.3753e+01 -7.3044e+01 -7.5629e+01 -2.8039e+02
-7.3676e+01 -7.2213e+01 -6.0296e+01 -1.1656e+02
-7.3583e+01 -7.1258e+01 -5.1326e+01 -5.2384e+01
# New trial
