# 1.0sig - Array shape (trial/sig/alpha): (30, 4, 4)
-1.3842e+02 -1.3812e+02 -1.3676e+02 -1.6810e+02
-1.3840e+02 -1.3795e+02 -1.3439e+02 -1.4020e+02
-1.3836e+02 -1.3750e+02 -1.3003e+02 -1.2489e+02
-1.3832e+02 -1.3712e+02 -1.2729e+02 -1.2461e+02
# New trial
-1.3842e+02 -1.3815e+02 -1.3605e+02 -1.4231e+02
-1.3841e+02 -1.3800e+02 -1.3472e+02 -1.3871e+02
-1.3837e+02 -1.3760e+02 -1.3093e+02 -1.2461e+02
-1.3833e+02 -1.3724e+02 -1.2798e+02 -1.2461e+02
# New trial
-1.3843e+02 -1.3820e+02 -1.3636e+02 -1.4603e+02
-1.3841e+02 -1.3807e+02 -1.3499e+02 -1.3239e+02
-1.3838e+02 -1.3770e+02 -1.3140e+02 -1.2461e+02
-1.3834e+02 -1.3737e+02 -1.2881e+02 -1.2461e+02
# New trial
-1.3842e+02 -1.3817e+02 -1.3689e+02 -1.9506e+02
-1.3841e+02 -1.3803e+02 -1.3503e+02 -1.4054e+02
-1.3838e+02 -1.3768e+02 -1.3133e+02 -1.2500e+02
-1.3836e+02 -1.3753e+02 -1.3017e+02 -1.3264e+02
# New trial
-1.3840e+02 -1.3792e+02 -1.3624e+02 -1.8726e+02
-1.3838e+02 -1.3773e+02 -1.3273e+02 -1.3629e+02
-1.3835e+02 -1.3744e+02 -1.2935e+02 -1.2461e+02
-1.3836e+02 -1.3750e+02 -1.2949e+02 -1.2461e+02
# New trial
-1.3843e+02 -1.3822e+02 -1.3749e+02 -2.0436e+02
-1.3842e+02 -1.3809e+02 -1.3525e+02 -1.3878e+02
-1.3839e+02 -1.3778e+02 -1.3220e+02 -1.2486e+02
-1.3836e+02 -1.3748e+02 -1.2962e+02 -1.2521e+02
# New trial
-1.3844e+02 -1.3830e+02 -1.3750e+02 -1.8225e+02
-1.3843e+02 -1.3823e+02 -1.3634e+02 -1.4130e+02
-1.3842e+02 -1.3810e+02 -1.3499e+02 -1.2492e+02
-1.3841e+02 -1.3804e+02 -1.3444e+02 -1.3208e+02
# New trial
-1.3843e+02 -1.3826e+02 -1.3916e+02 -2.0291e+02
-1.3841e+02 -1.3804e+02 -1.3586e+02 -1.7070e+02
-1.3836e+02 -1.3755e+02 -1.3061e+02 -1.2462e+02
-1.3832e+02 -1.3716e+02 -1.2862e+02 -1.4027e+02
# New trial
-1.3839e+02 -1.3779e+02 -1.3506e+02 -1.8128e+02
-1.3835e+02 -1.3747e+02 -1.3175e+02 -1.5402e+02
-1.3828e+02 -1.3675e+02 -1.2611e+02 -1.2461e+02
-1.3824e+02 -1.3631e+02 -1.2754e+02 -1.4483e+02
# New trial
-1.3842e+02 -1.3812e+02 -1.3590e+02 -1.6051e+02
-1.3840e+02 -1.3793e+02 -1.3398e+02 -1.3685e+02
-1.3835e+02 -1.3747e+02 -1.2970e+02 -1.2462e+02
-1.3833e+02 -1.3720e+02 -1.2841e+02 -1.2461e+02
# New trial
-1.3841e+02 -1.3805e+02 -1.3669e+02 -1.8827e+02
-1.3839e+02 -1.3786e+02 -1.3457e+02 -1.4864e+02
-1.3833e+02 -1.3724e+02 -1.2866e+02 -1.2462e+02
-1.3828e+02 -1.3676e+02 -1.2627e+02 -1.2465e+02
# New trial
-1.3843e+02 -1.3819e+02 -1.3812e+02 -1.8855e+02
-1.3840e+02 -1.3794e+02 -1.3424e+02 -1.4564e+02
-1.3835e+02 -1.3741e+02 -1.2909e+02 -1.2461e+02
-1.3828e+02 -1.3672e+02 -1.2562e+02 -1.2461e+02
# New trial
-1.3844e+02 -1.3831e+02 -1.3932e+02 -2.2171e+02
-1.3841e+02 -1.3803e+02 -1.3507e+02 -1.3882e+02
-1.3837e+02 -1.3766e+02 -1.3139e+02 -1.2466e+02
-1.3837e+02 -1.3765e+02 -1.3124e+02 -1.2617e+02
# New trial
-1.3842e+02 -1.3818e+02 -1.4492e+02 -2.8104e+02
-1.3839e+02 -1.3783e+02 -1.3506e+02 -1.6491e+02
-1.3832e+02 -1.3713e+02 -1.2780e+02 -1.2461e+02
-1.3827e+02 -1.3661e+02 -1.2543e+02 -1.2461e+02
# New trial
-1.3843e+02 -1.3824e+02 -1.3726e+02 -1.7896e+02
-1.3842e+02 -1.3809e+02 -1.3548e+02 -1.4820e+02
-1.3838e+02 -1.3771e+02 -1.3159e+02 -1.2467e+02
-1.3835e+02 -1.3741e+02 -1.2913e+02 -1.2462e+02
# New trial
-1.3842e+02 -1.3821e+02 -1.4402e+02 -2.6797e+02
-1.3839e+02 -1.3786e+02 -1.3689e+02 -1.7421e+02
-1.3831e+02 -1.3707e+02 -1.2924e+02 -1.2525e+02
-1.3829e+02 -1.3684e+02 -1.2902e+02 -1.5310e+02
# New trial
-1.3841e+02 -1.3801e+02 -1.3517e+02 -1.4889e+02
-1.3839e+02 -1.3778e+02 -1.3275e+02 -1.2633e+02
-1.3833e+02 -1.3718e+02 -1.2784e+02 -1.2461e+02
-1.3829e+02 -1.3682e+02 -1.2739e+02 -1.3680e+02
# New trial
-1.3842e+02 -1.3817e+02 -1.3648e+02 -1.5251e+02
-1.3841e+02 -1.3800e+02 -1.3490e+02 -1.3489e+02
-1.3836e+02 -1.3752e+02 -1.3037e+02 -1.2461e+02
-1.3835e+02 -1.3740e+02 -1.2898e+02 -1.2461e+02
# New trial
-1.3842e+02 -1.3813e+02 -1.3880e+02 -2.0772e+02
-1.3840e+02 -1.3794e+02 -1.3547e+02 -1.5911e+02
-1.3836e+02 -1.3748e+02 -1.2975e+02 -1.2461e+02
-1.3834e+02 -1.3729e+02 -1.2970e+02 -1.5124e+02
# New trial
-1.3842e+02 -1.3814e+02 -1.3663e+02 -1.8472e+02
-1.3841e+02 -1.3806e+02 -1.3501e+02 -1.4248e+02
-1.3839e+02 -1.3784e+02 -1.3248e+02 -1.2461e+02
-1.3838e+02 -1.3768e+02 -1.3119e+02 -1.2673e+02
# New trial
-1.3842e+02 -1.3810e+02 -1.3779e+02 -1.9600e+02
-1.3839e+02 -1.3784e+02 -1.3352e+02 -1.3276e+02
-1.3835e+02 -1.3746e+02 -1.2966e+02 -1.2461e+02
-1.3838e+02 -1.3767e+02 -1.3103e+02 -1.2461e+02
# New trial
-1.3843e+02 -1.3819e+02 -1.3684e+02 -1.9384e+02
-1.3842e+02 -1.3807e+02 -1.3483e+02 -1.2622e+02
-1.3838e+02 -1.3776e+02 -1.3187e+02 -1.2469e+02
-1.3833e+02 -1.3724e+02 -1.2787e+02 -1.2461e+02
# New trial
-1.3842e+02 -1.3810e+02 -1.3765e+02 -1.8026e+02
-1.3838e+02 -1.3775e+02 -1.3254e+02 -1.3031e+02
-1.3833e+02 -1.3726e+02 -1.2843e+02 -1.2461e+02
-1.3832e+02 -1.3716e+02 -1.2755e+02 -1.2461e+02
# New trial
-1.3842e+02 -1.3811e+02 -1.3727e+02 -1.5874e+02
-1.3839e+02 -1.3780e+02 -1.3392e+02 -1.4591e+02
-1.3832e+02 -1.3715e+02 -1.2849e+02 -1.2461e+02
-1.3829e+02 -1.3683e+02 -1.2705e+02 -1.2468e+02
# New trial
-1.3841e+02 -1.3805e+02 -1.4165e+02 -2.5052e+02
-1.3838e+02 -1.3774e+02 -1.3390e+02 -1.4788e+02
-1.3832e+02 -1.3717e+02 -1.2817e+02 -1.2461e+02
-1.3831e+02 -1.3702e+02 -1.2658e+02 -1.2461e+02
# New trial
-1.3843e+02 -1.3827e+02 -1.3682e+02 -1.4581e+02
-1.3842e+02 -1.3808e+02 -1.3491e+02 -1.2896e+02
-1.3837e+02 -1.3763e+02 -1.3090e+02 -1.2463e+02
-1.3834e+02 -1.3734e+02 -1.2839e+02 -1.2461e+02
# New trial
-1.3842e+02 -1.3808e+02 -1.3684e+02 -1.9214e+02
-1.3840e+02 -1.3795e+02 -1.3466e+02 -1.5064e+02
-1.3836e+02 -1.3754e+02 -1.3026e+02 -1.2461e+02
-1.3832e+02 -1.3715e+02 -1.2737e+02 -1.2461e+02
# New trial
-1.3843e+02 -1.3821e+02 -1.3922e+02 -1.9900e+02
-1.3840e+02 -1.3794e+02 -1.3558e+02 -1.7037e+02
-1.3832e+02 -1.3716e+02 -1.2746e+02 -1.2461e+02
-1.3824e+02 -1.3628e+02 -1.2482e+02 -1.2461e+02
# New trial
-1.3844e+02 -1.3828e+02 -1.3756e+02 -1.6874e+02
-1.3842e+02 -1.3811e+02 -1.3593e+02 -1.5614e+02
-1.3837e+02 -1.3759e+02 -1.3133e+02 -1.2479e+02
-1.3832e+02 -1.3715e+02 -1.2744e+02 -1.2461e+02
# New trial
-1.3843e+02 -1.3821e+02 -1.3745e+02 -1.8103e+02
-1.3842e+02 -1.3808e+02 -1.3559e+02 -1.4701e+02
-1.3837e+02 -1.3767e+02 -1.3118e+02 -1.2462e+02
-1.3832e+02 -1.3717e+02 -1.2755e+02 -1.2461e+02
# New trial
