# 1.0sig - Array shape (trial/sig/alpha): (30, 4, 4)
-1.6114e+02 -1.5819e+02 -1.8340e+02 -1.0114e+03
-1.6100e+02 -1.5656e+02 -1.4041e+02 -4.8057e+02
-1.6057e+02 -1.5202e+02 -8.2576e+01 -2.2108e+02
-1.6020e+02 -1.4832e+02 -6.1468e+01 -6.5420e+01
# New trial
-1.6110e+02 -1.5762e+02 -1.5578e+02 -6.3078e+02
-1.6101e+02 -1.5662e+02 -1.3047e+02 -2.1618e+02
-1.6074e+02 -1.5378e+02 -9.8977e+01 -1.4445e+02
-1.6061e+02 -1.5240e+02 -9.3279e+01 -3.9583e+02
# New trial
-1.6112e+02 -1.5780e+02 -1.5867e+02 -8.4131e+02
-1.6106e+02 -1.5706e+02 -1.3649e+02 -3.5355e+02
-1.6082e+02 -1.5451e+02 -1.0326e+02 -2.4964e+02
-1.6059e+02 -1.5216e+02 -8.3030e+01 -9.6337e+01
# New trial
-1.6110e+02 -1.5745e+02 -1.4947e+02 -8.9041e+02
-1.6102e+02 -1.5666e+02 -1.3384e+02 -3.9003e+02
-1.6078e+02 -1.5417e+02 -9.6893e+01 -1.0457e+02
-1.6071e+02 -1.5336e+02 -8.8166e+01 -5.9502e+01
# New trial
-1.6104e+02 -1.5729e+02 -1.9050e+02 -1.3101e+03
-1.6085e+02 -1.5509e+02 -1.3181e+02 -6.3724e+02
-1.6055e+02 -1.5191e+02 -8.5345e+01 -2.2544e+02
-1.6047e+02 -1.5095e+02 -7.5308e+01 -1.2643e+02
# New trial
-1.6113e+02 -1.5793e+02 -1.6451e+02 -1.0536e+03
-1.6107e+02 -1.5718e+02 -1.3656e+02 -4.0646e+02
-1.6082e+02 -1.5453e+02 -1.0140e+02 -1.5175e+02
-1.6066e+02 -1.5289e+02 -8.7063e+01 -1.0226e+02
# New trial
-1.6135e+02 -1.6000e+02 -1.7053e+02 -7.9352e+02
-1.6129e+02 -1.5921e+02 -1.4420e+02 -2.3559e+02
-1.6117e+02 -1.5798e+02 -1.2854e+02 -1.3148e+02
-1.6117e+02 -1.5790e+02 -1.2672e+02 -1.3459e+02
# New trial
-1.6132e+02 -1.6020e+02 -2.1063e+02 -1.2772e+03
-1.6105e+02 -1.5709e+02 -1.4644e+02 -6.1936e+02
-1.6065e+02 -1.5282e+02 -9.0552e+01 -1.6026e+02
-1.6058e+02 -1.5215e+02 -8.9045e+01 -3.3089e+02
# New trial
-1.6089e+02 -1.5702e+02 -2.0263e+02 -1.2856e+03
-1.6055e+02 -1.5271e+02 -1.3938e+02 -7.6246e+02
-1.5992e+02 -1.4584e+02 -7.6669e+01 -4.3717e+02
-1.5990e+02 -1.4540e+02 -9.0233e+01 -5.2286e+02
# New trial
-1.6116e+02 -1.5837e+02 -1.7064e+02 -9.6606e+02
-1.6101e+02 -1.5668e+02 -1.4443e+02 -6.5447e+02
-1.6057e+02 -1.5208e+02 -8.6650e+01 -1.9495e+02
-1.6031e+02 -1.4943e+02 -7.2155e+01 -1.0727e+02
# New trial
-1.6098e+02 -1.5693e+02 -1.8482e+02 -1.1690e+03
-1.6082e+02 -1.5502e+02 -1.5481e+02 -8.9119e+02
-1.6038e+02 -1.5024e+02 -7.9940e+01 -3.0151e+02
-1.6025e+02 -1.4884e+02 -7.5508e+01 -2.8385e+02
# New trial
-1.6133e+02 -1.6071e+02 -2.3275e+02 -1.6000e+03
-1.6104e+02 -1.5692e+02 -1.4182e+02 -5.4151e+02
-1.6055e+02 -1.5177e+02 -7.7499e+01 -2.2293e+02
-1.6014e+02 -1.4770e+02 -5.9462e+01 -7.6370e+01
# New trial
-1.6125e+02 -1.5922e+02 -1.9732e+02 -1.3443e+03
-1.6103e+02 -1.5682e+02 -1.3896e+02 -4.2843e+02
-1.6077e+02 -1.5401e+02 -9.8464e+01 -8.7940e+01
-1.6074e+02 -1.5370e+02 -9.1011e+01 -5.0246e+01
# New trial
-1.6107e+02 -1.5860e+02 -2.7756e+02 -2.3169e+03
-1.6084e+02 -1.5544e+02 -1.6279e+02 -8.6292e+02
-1.6036e+02 -1.5014e+02 -8.2099e+01 -2.4002e+02
-1.6023e+02 -1.4864e+02 -7.4159e+01 -1.8584e+02
# New trial
-1.6113e+02 -1.5801e+02 -1.6935e+02 -1.0574e+03
-1.6109e+02 -1.5733e+02 -1.3947e+02 -3.6416e+02
-1.6085e+02 -1.5484e+02 -1.0309e+02 -1.5742e+02
-1.6071e+02 -1.5335e+02 -9.0330e+01 -9.9468e+01
# New trial
-1.6087e+02 -1.5697e+02 -2.4793e+02 -1.9462e+03
-1.6069e+02 -1.5455e+02 -1.6621e+02 -8.3667e+02
-1.6017e+02 -1.4846e+02 -7.3910e+01 -2.0779e+02
-1.6021e+02 -1.4841e+02 -6.8380e+01 -7.9088e+01
# New trial
-1.6101e+02 -1.5740e+02 -1.8195e+02 -9.9945e+02
-1.6081e+02 -1.5493e+02 -1.3732e+02 -6.4272e+02
-1.6022e+02 -1.4871e+02 -6.7471e+01 -2.4900e+02
-1.6017e+02 -1.4800e+02 -6.2337e+01 -7.9568e+01
# New trial
-1.6110e+02 -1.5767e+02 -1.5757e+02 -6.5258e+02
-1.6098e+02 -1.5644e+02 -1.4094e+02 -4.7218e+02
-1.6065e+02 -1.5289e+02 -9.5749e+01 -1.8128e+02
-1.6063e+02 -1.5256e+02 -8.9509e+01 -2.0643e+02
# New trial
-1.6113e+02 -1.5833e+02 -2.1189e+02 -1.4628e+03
-1.6105e+02 -1.5726e+02 -1.6547e+02 -8.2157e+02
-1.6063e+02 -1.5260e+02 -8.8657e+01 -2.1650e+02
-1.6034e+02 -1.4967e+02 -6.9518e+01 -9.9229e+01
# New trial
-1.6125e+02 -1.5935e+02 -1.9639e+02 -1.3136e+03
-1.6118e+02 -1.5831e+02 -1.5460e+02 -6.2688e+02
-1.6093e+02 -1.5559e+02 -1.0696e+02 -1.3757e+02
-1.6073e+02 -1.5356e+02 -8.8869e+01 -4.6968e+01
# New trial
-1.6105e+02 -1.5763e+02 -2.0706e+02 -1.3174e+03
-1.6081e+02 -1.5479e+02 -1.2527e+02 -3.0360e+02
-1.6066e+02 -1.5309e+02 -9.8209e+01 -1.1916e+02
-1.6094e+02 -1.5575e+02 -1.1484e+02 -3.0154e+02
# New trial
-1.6116e+02 -1.5810e+02 -1.7216e+02 -1.1800e+03
-1.6109e+02 -1.5722e+02 -1.3128e+02 -2.3235e+02
-1.6085e+02 -1.5481e+02 -1.0192e+02 -1.5756e+02
-1.6066e+02 -1.5289e+02 -8.4634e+01 -7.0053e+01
# New trial
-1.6107e+02 -1.5839e+02 -2.2096e+02 -1.5611e+03
-1.6080e+02 -1.5508e+02 -1.4123e+02 -6.6044e+02
-1.6049e+02 -1.5139e+02 -8.4417e+01 -1.8091e+02
-1.6058e+02 -1.5212e+02 -8.3920e+01 -1.5766e+02
# New trial
-1.6108e+02 -1.5839e+02 -1.9671e+02 -1.0578e+03
-1.6082e+02 -1.5521e+02 -1.3983e+02 -4.9527e+02
-1.6023e+02 -1.4886e+02 -7.5889e+01 -2.3838e+02
-1.5993e+02 -1.4575e+02 -8.7725e+01 -4.2541e+02
# New trial
-1.6128e+02 -1.6040e+02 -2.5662e+02 -1.8255e+03
-1.6099e+02 -1.5676e+02 -1.6057e+02 -6.7510e+02
-1.6035e+02 -1.4995e+02 -7.9799e+01 -2.2437e+02
-1.6024e+02 -1.4875e+02 -7.4375e+01 -2.7050e+02
# New trial
-1.6119e+02 -1.5843e+02 -1.5497e+02 -4.9650e+02
-1.6102e+02 -1.5657e+02 -1.2588e+02 -2.2739e+02
-1.6075e+02 -1.5378e+02 -9.7441e+01 -1.6971e+02
-1.6071e+02 -1.5343e+02 -9.2102e+01 -1.2673e+02
# New trial
-1.6094e+02 -1.5630e+02 -1.6342e+02 -1.0818e+03
-1.6093e+02 -1.5586e+02 -1.3169e+02 -4.9342e+02
-1.6072e+02 -1.5356e+02 -9.5703e+01 -1.7948e+02
-1.6060e+02 -1.5234e+02 -8.3154e+01 -8.4648e+01
# New trial
-1.6127e+02 -1.6091e+02 -2.6099e+02 -1.9164e+03
-1.6102e+02 -1.5729e+02 -1.6987e+02 -9.0669e+02
-1.6042e+02 -1.5076e+02 -8.7556e+01 -1.9843e+02
-1.6014e+02 -1.4781e+02 -8.0631e+01 -2.5993e+02
# New trial
-1.6119e+02 -1.5873e+02 -1.7434e+02 -8.4027e+02
-1.6098e+02 -1.5633e+02 -1.3197e+02 -3.8469e+02
-1.6061e+02 -1.5254e+02 -8.9761e+01 -1.3280e+02
-1.6062e+02 -1.5249e+02 -8.9941e+01 -2.1473e+02
# New trial
-1.6108e+02 -1.5756e+02 -1.8057e+02 -1.1253e+03
-1.6101e+02 -1.5657e+02 -1.3779e+02 -4.6778e+02
-1.6073e+02 -1.5362e+02 -9.4721e+01 -2.0566e+02
-1.6051e+02 -1.5137e+02 -7.6863e+01 -8.5727e+01
# New trial
