# 10.0sig - Array shape (trial/sig/alpha): (30, 4, 4)
-1.1987e+02 -1.1882e+02 -1.1883e+02 -4.6560e+02
-1.1987e+02 -1.1883e+02 -1.1431e+02 -3.5201e+02
-1.1983e+02 -1.1834e+02 -1.0532e+02 -1.4323e+02
-1.1973e+02 -1.1733e+02 -9.4081e+01 -6.2062e+01
# New trial
-1.2001e+02 -1.2170e+02 -2.2255e+02 -1.7291e+03
-1.1990e+02 -1.2017e+02 -1.7369e+02 -1.0939e+03
-1.1974e+02 -1.1768e+02 -1.1439e+02 -6.0858e+02
-1.1950e+02 -1.1513e+02 -7.5539e+01 -7.5007e+01
# New trial
-1.1993e+02 -1.1972e+02 -1.5699e+02 -1.0052e+03
-1.1989e+02 -1.1918e+02 -1.3173e+02 -6.7003e+02
-1.1968e+02 -1.1692e+02 -9.4097e+01 -2.6938e+02
-1.1942e+02 -1.1428e+02 -6.7880e+01 -6.2073e+01
# New trial
-1.1987e+02 -1.1889e+02 -1.2759e+02 -6.3671e+02
-1.1986e+02 -1.1882e+02 -1.2249e+02 -4.6815e+02
-1.1969e+02 -1.1698e+02 -9.5019e+01 -1.9995e+02
-1.1945e+02 -1.1458e+02 -7.0540e+01 -4.9654e+01
# New trial
-1.1995e+02 -1.2050e+02 -1.9649e+02 -1.5320e+03
-1.1990e+02 -1.1939e+02 -1.4020e+02 -7.0984e+02
-1.1981e+02 -1.1827e+02 -1.0955e+02 -2.7641e+02
-1.1967e+02 -1.1678e+02 -8.9416e+01 -1.6276e+02
# New trial
-1.1988e+02 -1.1925e+02 -1.4826e+02 -8.4624e+02
-1.1983e+02 -1.1849e+02 -1.2111e+02 -5.2767e+02
-1.1965e+02 -1.1664e+02 -9.3397e+01 -2.2463e+02
-1.1941e+02 -1.1419e+02 -6.7884e+01 -6.3770e+01
# New trial
-1.1986e+02 -1.1879e+02 -1.2173e+02 -5.5632e+02
-1.1990e+02 -1.1915e+02 -1.1974e+02 -4.9220e+02
-1.1986e+02 -1.1865e+02 -1.0896e+02 -2.9620e+02
-1.1976e+02 -1.1764e+02 -9.7068e+01 -8.3996e+01
# New trial
-1.1978e+02 -1.1891e+02 -1.6189e+02 -1.0372e+03
-1.1980e+02 -1.1856e+02 -1.3877e+02 -7.4836e+02
-1.1974e+02 -1.1766e+02 -1.0775e+02 -3.5451e+02
-1.1960e+02 -1.1611e+02 -8.3223e+01 -5.3082e+01
# New trial
-1.2003e+02 -1.2162e+02 -2.4972e+02 -2.0910e+03
-1.1998e+02 -1.2051e+02 -1.7544e+02 -1.1327e+03
-1.1970e+02 -1.1727e+02 -1.0919e+02 -4.7328e+02
-1.1940e+02 -1.1410e+02 -6.8878e+01 -9.2990e+01
# New trial
-1.1989e+02 -1.1903e+02 -1.1375e+02 -3.2297e+02
-1.1988e+02 -1.1883e+02 -1.1012e+02 -2.0546e+02
-1.1983e+02 -1.1839e+02 -1.0521e+02 -2.4014e+02
-1.1981e+02 -1.1815e+02 -1.0230e+02 -1.3565e+02
# New trial
-1.2011e+02 -1.2205e+02 -2.1106e+02 -1.7295e+03
-1.1993e+02 -1.1971e+02 -1.8551e+02 -1.4938e+03
-1.1960e+02 -1.1623e+02 -1.1289e+02 -7.6458e+02
-1.1929e+02 -1.1301e+02 -6.4192e+01 -2.8264e+02
# New trial
-1.2012e+02 -1.2215e+02 -2.1854e+02 -1.6038e+03
-1.1992e+02 -1.1946e+02 -1.3071e+02 -5.1216e+02
-1.1983e+02 -1.1837e+02 -1.0701e+02 -2.1136e+02
-1.1972e+02 -1.1727e+02 -9.3517e+01 -7.6029e+01
# New trial
-1.1994e+02 -1.2004e+02 -1.7833e+02 -1.3201e+03
-1.1991e+02 -1.1955e+02 -1.4348e+02 -7.2489e+02
-1.1974e+02 -1.1761e+02 -1.0570e+02 -3.4373e+02
-1.1951e+02 -1.1521e+02 -7.6475e+01 -7.7253e+01
# New trial
-1.1988e+02 -1.1926e+02 -1.4921e+02 -9.6418e+02
-1.1989e+02 -1.1921e+02 -1.3448e+02 -6.7345e+02
-1.1972e+02 -1.1733e+02 -1.0213e+02 -4.1500e+02
-1.1953e+02 -1.1533e+02 -7.7093e+01 -1.2887e+02
# New trial
-1.1994e+02 -1.2007e+02 -1.7291e+02 -1.1557e+03
-1.1991e+02 -1.1949e+02 -1.4572e+02 -8.2333e+02
-1.1972e+02 -1.1733e+02 -1.0111e+02 -3.1242e+02
-1.1947e+02 -1.1477e+02 -7.2667e+01 -1.0187e+02
# New trial
-1.2026e+02 -1.2413e+02 -2.5292e+02 -1.9631e+03
-1.2008e+02 -1.2154e+02 -1.7235e+02 -9.9604e+02
-1.1967e+02 -1.1698e+02 -1.0267e+02 -3.5362e+02
-1.1928e+02 -1.1293e+02 -5.9378e+01 -8.7194e+01
# New trial
-1.1985e+02 -1.1991e+02 -2.2984e+02 -1.9338e+03
-1.1979e+02 -1.1841e+02 -1.3891e+02 -7.1511e+02
-1.1962e+02 -1.1641e+02 -9.7804e+01 -3.3343e+02
-1.1940e+02 -1.1414e+02 -6.7702e+01 -1.2409e+02
# New trial
-1.2002e+02 -1.2063e+02 -1.6864e+02 -1.2151e+03
-1.1992e+02 -1.1949e+02 -1.3205e+02 -6.7065e+02
-1.1972e+02 -1.1734e+02 -1.0052e+02 -2.6869e+02
-1.1955e+02 -1.1561e+02 -8.0151e+01 -1.3301e+02
# New trial
-1.1997e+02 -1.1987e+02 -1.3342e+02 -6.9691e+02
-1.1992e+02 -1.1929e+02 -1.1757e+02 -3.2754e+02
-1.1983e+02 -1.1835e+02 -1.0456e+02 -8.9691e+01
-1.1972e+02 -1.1727e+02 -9.3327e+01 -5.9063e+01
# New trial
-1.2026e+02 -1.2360e+02 -2.3276e+02 -1.7646e+03
-1.2014e+02 -1.2177e+02 -1.6447e+02 -1.0576e+03
-1.1976e+02 -1.1778e+02 -1.0522e+02 -2.7860e+02
-1.1944e+02 -1.1451e+02 -7.1403e+01 -1.3326e+02
# New trial
-1.2007e+02 -1.2160e+02 -1.9458e+02 -1.4182e+03
-1.1997e+02 -1.1996e+02 -1.3742e+02 -7.1969e+02
-1.1976e+02 -1.1772e+02 -1.0371e+02 -4.5141e+02
-1.1955e+02 -1.1555e+02 -7.8438e+01 -1.2737e+02
# New trial
-1.1989e+02 -1.1908e+02 -1.2757e+02 -6.2452e+02
-1.1987e+02 -1.1887e+02 -1.2481e+02 -6.0917e+02
-1.1972e+02 -1.1727e+02 -9.8758e+01 -2.6302e+02
-1.1950e+02 -1.1507e+02 -7.5917e+01 -7.1355e+01
# New trial
-1.1995e+02 -1.1990e+02 -1.4676e+02 -7.7439e+02
-1.1989e+02 -1.1915e+02 -1.2978e+02 -5.2006e+02
-1.1973e+02 -1.1740e+02 -9.8939e+01 -1.4407e+02
-1.1954e+02 -1.1550e+02 -7.7961e+01 -5.8296e+01
# New trial
-1.1992e+02 -1.1978e+02 -1.5792e+02 -9.0857e+02
-1.1988e+02 -1.1930e+02 -1.4585e+02 -8.0141e+02
-1.1970e+02 -1.1722e+02 -1.0288e+02 -2.9998e+02
-1.1937e+02 -1.1377e+02 -6.5479e+01 -1.2839e+02
# New trial
-1.2000e+02 -1.2083e+02 -1.8827e+02 -1.3024e+03
-1.1992e+02 -1.1976e+02 -1.5561e+02 -9.5844e+02
-1.1968e+02 -1.1700e+02 -1.0528e+02 -4.2670e+02
-1.1937e+02 -1.1379e+02 -6.6709e+01 -1.1096e+02
# New trial
-1.2021e+02 -1.2442e+02 -2.8062e+02 -2.2768e+03
-1.2002e+02 -1.2110e+02 -1.9186e+02 -1.4823e+03
-1.1952e+02 -1.1543e+02 -8.4954e+01 -2.5610e+02
-1.1905e+02 -1.1066e+02 -5.1610e+01 -1.9511e+02
# New trial
-1.2051e+02 -1.2718e+02 -2.8998e+02 -2.3136e+03
-1.2021e+02 -1.2279e+02 -1.8478e+02 -1.2379e+03
-1.1969e+02 -1.1710e+02 -1.0165e+02 -4.1813e+02
-1.1938e+02 -1.1386e+02 -6.8282e+01 -4.5924e+01
# New trial
-1.1989e+02 -1.1924e+02 -1.3560e+02 -6.7744e+02
-1.1987e+02 -1.1886e+02 -1.2024e+02 -5.0149e+02
-1.1973e+02 -1.1744e+02 -9.8346e+01 -2.1031e+02
-1.1957e+02 -1.1579e+02 -8.0547e+01 -8.6601e+01
# New trial
-1.1991e+02 -1.1972e+02 -1.7416e+02 -1.3424e+03
-1.1990e+02 -1.1946e+02 -1.4650e+02 -8.8445e+02
-1.1974e+02 -1.1760e+02 -1.0716e+02 -4.3312e+02
-1.1946e+02 -1.1468e+02 -7.2289e+01 -9.5222e+01
# New trial
-1.1982e+02 -1.1874e+02 -1.4859e+02 -9.4776e+02
-1.1980e+02 -1.1833e+02 -1.2309e+02 -5.7570e+02
-1.1968e+02 -1.1692e+02 -9.6950e+01 -3.8353e+02
-1.1948e+02 -1.1486e+02 -7.5761e+01 -1.3880e+02
# New trial
