# 10.0sig - Array shape (trial/sig/alpha): (30, 4, 4)
-1.2461e+02 -1.2458e+02 -1.2481e+02 -1.5717e+02
-1.2460e+02 -1.2455e+02 -1.2432e+02 -1.5511e+02
-1.2459e+02 -1.2445e+02 -1.2312e+02 -1.2634e+02
-1.2457e+02 -1.2425e+02 -1.2113e+02 -1.1538e+02
# New trial
-1.2460e+02 -1.2457e+02 -1.2868e+02 -2.3196e+02
-1.2459e+02 -1.2445e+02 -1.2555e+02 -1.6984e+02
-1.2456e+02 -1.2418e+02 -1.2169e+02 -1.4399e+02
-1.2454e+02 -1.2397e+02 -1.1865e+02 -1.1538e+02
# New trial
-1.2461e+02 -1.2466e+02 -1.2636e+02 -1.8166e+02
-1.2461e+02 -1.2461e+02 -1.2518e+02 -1.5561e+02
-1.2459e+02 -1.2439e+02 -1.2257e+02 -1.1907e+02
-1.2456e+02 -1.2416e+02 -1.2034e+02 -1.1538e+02
# New trial
-1.2460e+02 -1.2457e+02 -1.2450e+02 -1.5042e+02
-1.2460e+02 -1.2453e+02 -1.2425e+02 -1.4850e+02
-1.2458e+02 -1.2433e+02 -1.2197e+02 -1.2324e+02
-1.2454e+02 -1.2396e+02 -1.1857e+02 -1.1538e+02
# New trial
-1.2460e+02 -1.2459e+02 -1.2722e+02 -2.0428e+02
-1.2459e+02 -1.2448e+02 -1.2410e+02 -1.5366e+02
-1.2458e+02 -1.2433e+02 -1.2202e+02 -1.1671e+02
-1.2456e+02 -1.2417e+02 -1.2039e+02 -1.1538e+02
# New trial
-1.2459e+02 -1.2447e+02 -1.2367e+02 -1.3300e+02
-1.2459e+02 -1.2438e+02 -1.2262e+02 -1.2657e+02
-1.2456e+02 -1.2416e+02 -1.2035e+02 -1.1538e+02
-1.2454e+02 -1.2390e+02 -1.1807e+02 -1.1538e+02
# New trial
-1.2460e+02 -1.2454e+02 -1.2416e+02 -1.5891e+02
-1.2460e+02 -1.2451e+02 -1.2382e+02 -1.3854e+02
-1.2459e+02 -1.2442e+02 -1.2288e+02 -1.3288e+02
-1.2457e+02 -1.2425e+02 -1.2116e+02 -1.1545e+02
# New trial
-1.2459e+02 -1.2448e+02 -1.2471e+02 -1.6675e+02
-1.2459e+02 -1.2442e+02 -1.2390e+02 -1.5794e+02
-1.2457e+02 -1.2428e+02 -1.2179e+02 -1.2167e+02
-1.2456e+02 -1.2412e+02 -1.2001e+02 -1.1538e+02
# New trial
-1.2461e+02 -1.2463e+02 -1.3108e+02 -2.3852e+02
-1.2459e+02 -1.2446e+02 -1.2530e+02 -1.6571e+02
-1.2456e+02 -1.2414e+02 -1.2050e+02 -1.2052e+02
-1.2453e+02 -1.2379e+02 -1.1734e+02 -1.1538e+02
# New trial
-1.2460e+02 -1.2458e+02 -1.2436e+02 -1.3617e+02
-1.2460e+02 -1.2455e+02 -1.2409e+02 -1.2765e+02
-1.2460e+02 -1.2449e+02 -1.2348e+02 -1.2376e+02
-1.2459e+02 -1.2439e+02 -1.2245e+02 -1.1664e+02
# New trial
-1.2462e+02 -1.2474e+02 -1.3068e+02 -2.4276e+02
-1.2460e+02 -1.2452e+02 -1.2736e+02 -2.2134e+02
-1.2457e+02 -1.2419e+02 -1.2113e+02 -1.3355e+02
-1.2452e+02 -1.2374e+02 -1.1705e+02 -1.1538e+02
# New trial
-1.2462e+02 -1.2477e+02 -1.3023e+02 -2.2888e+02
-1.2461e+02 -1.2463e+02 -1.2541e+02 -1.5547e+02
-1.2460e+02 -1.2454e+02 -1.2415e+02 -1.3735e+02
-1.2459e+02 -1.2438e+02 -1.2238e+02 -1.1754e+02
# New trial
-1.2463e+02 -1.2480e+02 -1.2898e+02 -2.1582e+02
-1.2462e+02 -1.2475e+02 -1.2729e+02 -1.8947e+02
-1.2460e+02 -1.2456e+02 -1.2455e+02 -1.5277e+02
-1.2457e+02 -1.2422e+02 -1.2089e+02 -1.1594e+02
# New trial
-1.2461e+02 -1.2459e+02 -1.2542e+02 -1.6570e+02
-1.2460e+02 -1.2451e+02 -1.2421e+02 -1.4445e+02
-1.2458e+02 -1.2431e+02 -1.2178e+02 -1.2049e+02
-1.2456e+02 -1.2413e+02 -1.1997e+02 -1.1538e+02
# New trial
-1.2461e+02 -1.2462e+02 -1.2719e+02 -1.8775e+02
-1.2460e+02 -1.2453e+02 -1.2513e+02 -1.6238e+02
-1.2458e+02 -1.2428e+02 -1.2167e+02 -1.2962e+02
-1.2455e+02 -1.2399e+02 -1.1876e+02 -1.1538e+02
# New trial
-1.2461e+02 -1.2468e+02 -1.3097e+02 -2.3497e+02
-1.2460e+02 -1.2450e+02 -1.2533e+02 -1.6233e+02
-1.2456e+02 -1.2415e+02 -1.2090e+02 -1.2912e+02
-1.2452e+02 -1.2374e+02 -1.1703e+02 -1.1538e+02
# New trial
-1.2460e+02 -1.2451e+02 -1.2858e+02 -2.1742e+02
-1.2458e+02 -1.2436e+02 -1.2370e+02 -1.5395e+02
-1.2456e+02 -1.2412e+02 -1.2048e+02 -1.1890e+02
-1.2454e+02 -1.2392e+02 -1.1827e+02 -1.1538e+02
# New trial
-1.2460e+02 -1.2449e+02 -1.2488e+02 -1.6341e+02
-1.2458e+02 -1.2435e+02 -1.2265e+02 -1.4200e+02
-1.2456e+02 -1.2410e+02 -1.2017e+02 -1.1663e+02
-1.2454e+02 -1.2390e+02 -1.1805e+02 -1.1538e+02
# New trial
-1.2461e+02 -1.2458e+02 -1.2479e+02 -1.5560e+02
-1.2460e+02 -1.2451e+02 -1.2377e+02 -1.2697e+02
-1.2459e+02 -1.2442e+02 -1.2274e+02 -1.1551e+02
-1.2458e+02 -1.2431e+02 -1.2165e+02 -1.1538e+02
# New trial
-1.2463e+02 -1.2481e+02 -1.3038e+02 -2.2931e+02
-1.2462e+02 -1.2469e+02 -1.2638e+02 -1.8065e+02
-1.2460e+02 -1.2448e+02 -1.2349e+02 -1.3567e+02
-1.2458e+02 -1.2431e+02 -1.2163e+02 -1.1538e+02
# New trial
-1.2461e+02 -1.2461e+02 -1.2561e+02 -1.7159e+02
-1.2460e+02 -1.2451e+02 -1.2370e+02 -1.2706e+02
-1.2458e+02 -1.2432e+02 -1.2187e+02 -1.1760e+02
-1.2455e+02 -1.2400e+02 -1.1887e+02 -1.1538e+02
# New trial
-1.2460e+02 -1.2448e+02 -1.2362e+02 -1.3850e+02
-1.2459e+02 -1.2440e+02 -1.2290e+02 -1.3592e+02
-1.2456e+02 -1.2417e+02 -1.2046e+02 -1.1538e+02
-1.2454e+02 -1.2389e+02 -1.1799e+02 -1.1538e+02
# New trial
-1.2460e+02 -1.2457e+02 -1.2497e+02 -1.5117e+02
-1.2460e+02 -1.2450e+02 -1.2399e+02 -1.4099e+02
-1.2458e+02 -1.2428e+02 -1.2150e+02 -1.1546e+02
-1.2455e+02 -1.2400e+02 -1.1884e+02 -1.1538e+02
# New trial
-1.2460e+02 -1.2458e+02 -1.2622e+02 -1.7335e+02
-1.2460e+02 -1.2450e+02 -1.2568e+02 -1.7269e+02
-1.2457e+02 -1.2421e+02 -1.2141e+02 -1.3230e+02
-1.2453e+02 -1.2379e+02 -1.1738e+02 -1.1538e+02
# New trial
-1.2461e+02 -1.2462e+02 -1.2781e+02 -1.9837e+02
-1.2459e+02 -1.2449e+02 -1.2516e+02 -1.6719e+02
-1.2456e+02 -1.2416e+02 -1.2070e+02 -1.1923e+02
-1.2452e+02 -1.2374e+02 -1.1698e+02 -1.1538e+02
# New trial
-1.2462e+02 -1.2475e+02 -1.3159e+02 -2.3828e+02
-1.2459e+02 -1.2448e+02 -1.2676e+02 -1.9285e+02
-1.2455e+02 -1.2402e+02 -1.1941e+02 -1.1588e+02
-1.2451e+02 -1.2360e+02 -1.1640e+02 -1.1538e+02
# New trial
-1.2463e+02 -1.2490e+02 -1.3286e+02 -2.4537e+02
-1.2461e+02 -1.2464e+02 -1.2627e+02 -1.7660e+02
-1.2459e+02 -1.2439e+02 -1.2276e+02 -1.4430e+02
-1.2455e+02 -1.2403e+02 -1.1963e+02 -1.2561e+02
# New trial
-1.2460e+02 -1.2454e+02 -1.2410e+02 -1.4309e+02
-1.2460e+02 -1.2452e+02 -1.2392e+02 -1.4427e+02
-1.2459e+02 -1.2442e+02 -1.2280e+02 -1.3023e+02
-1.2457e+02 -1.2427e+02 -1.2136e+02 -1.1835e+02
# New trial
-1.2460e+02 -1.2459e+02 -1.2805e+02 -2.0903e+02
-1.2460e+02 -1.2451e+02 -1.2517e+02 -1.6574e+02
-1.2457e+02 -1.2425e+02 -1.2163e+02 -1.3412e+02
-1.2454e+02 -1.2388e+02 -1.1793e+02 -1.1538e+02
# New trial
-1.2460e+02 -1.2452e+02 -1.2463e+02 -1.7038e+02
-1.2459e+02 -1.2445e+02 -1.2342e+02 -1.4241e+02
-1.2457e+02 -1.2426e+02 -1.2139e+02 -1.2805e+02
-1.2454e+02 -1.2392e+02 -1.1847e+02 -1.1538e+02
# New trial
