# 10.0sig - Array shape (trial/sig/alpha): (30L, 4L, 4L)
-6.9226e+01 -6.9266e+01 -7.6638e+01 -2.6256e+02
-6.9213e+01 -6.9123e+01 -7.3045e+01 -2.3853e+02
-6.9180e+01 -6.8770e+01 -6.5694e+01 -1.1506e+02
-6.9146e+01 -6.8421e+01 -6.1353e+01 -4.6571e+01
# New trial
-6.9203e+01 -6.9393e+01 -9.5574e+01 -4.9747e+02
-6.9178e+01 -6.9061e+01 -8.3469e+01 -3.5869e+02
-6.9138e+01 -6.8459e+01 -6.7644e+01 -1.6885e+02
-6.9069e+01 -6.7678e+01 -5.5639e+01 -6.4007e+01
# New trial
-6.9195e+01 -6.9003e+01 -8.0247e+01 -3.3514e+02
-6.9196e+01 -6.8996e+01 -7.5698e+01 -2.6338e+02
-6.9127e+01 -6.8260e+01 -6.2971e+01 -1.4946e+02
-6.9047e+01 -6.7437e+01 -5.3096e+01 -5.3035e+01
# New trial
-6.9163e+01 -6.8652e+01 -7.0191e+01 -2.1210e+02
-6.9169e+01 -6.8722e+01 -7.1178e+01 -2.0752e+02
-6.9120e+01 -6.8185e+01 -6.2014e+01 -9.9757e+01
-6.9037e+01 -6.7334e+01 -5.2326e+01 -4.8173e+01
# New trial
-6.9221e+01 -6.9380e+01 -8.9786e+01 -4.3580e+02
-6.9203e+01 -6.9091e+01 -7.5681e+01 -2.4379e+02
-6.9183e+01 -6.8816e+01 -6.7553e+01 -1.3450e+02
-6.9143e+01 -6.8388e+01 -6.1143e+01 -5.1061e+01
# New trial
-6.9153e+01 -6.8622e+01 -7.3972e+01 -2.4441e+02
-6.9154e+01 -6.8565e+01 -6.8600e+01 -1.6141e+02
-6.9105e+01 -6.8025e+01 -5.9113e+01 -6.7302e+01
-6.9008e+01 -6.7041e+01 -5.0217e+01 -4.6434e+01
# New trial
-6.9217e+01 -6.9143e+01 -7.0022e+01 -1.6916e+02
-6.9212e+01 -6.9094e+01 -6.9656e+01 -1.7886e+02
-6.9186e+01 -6.8825e+01 -6.6080e+01 -1.5579e+02
-6.9162e+01 -6.8580e+01 -6.2944e+01 -6.6077e+01
# New trial
-6.9181e+01 -6.8898e+01 -7.8606e+01 -3.0719e+02
-6.9163e+01 -6.8705e+01 -7.3076e+01 -2.2575e+02
-6.9141e+01 -6.8404e+01 -6.3674e+01 -9.8198e+01
-6.9111e+01 -6.8070e+01 -5.8323e+01 -6.7147e+01
# New trial
-6.9315e+01 -7.0477e+01 -1.1258e+02 -7.0201e+02
-6.9276e+01 -6.9940e+01 -9.2532e+01 -4.3063e+02
-6.9155e+01 -6.8551e+01 -6.7257e+01 -2.0100e+02
-6.9057e+01 -6.7535e+01 -5.4967e+01 -7.2436e+01
# New trial
-6.9201e+01 -6.8981e+01 -6.8771e+01 -1.8348e+02
-6.9190e+01 -6.8866e+01 -6.6644e+01 -1.1268e+02
-6.9170e+01 -6.8660e+01 -6.3996e+01 -7.2751e+01
-6.9168e+01 -6.8640e+01 -6.3457e+01 -5.0562e+01
# New trial
-6.9296e+01 -7.0250e+01 -1.0245e+02 -5.9401e+02
-6.9192e+01 -6.9029e+01 -8.5140e+01 -4.2007e+02
-6.9055e+01 -6.7552e+01 -5.9194e+01 -1.3439e+02
-6.8994e+01 -6.6912e+01 -5.0075e+01 -5.6074e+01
# New trial
-6.9287e+01 -7.0126e+01 -1.0261e+02 -5.4766e+02
-6.9222e+01 -6.9255e+01 -7.5728e+01 -2.1555e+02
-6.9173e+01 -6.8707e+01 -6.5434e+01 -9.0018e+01
-6.9130e+01 -6.8258e+01 -5.9944e+01 -5.6470e+01
# New trial
-6.9185e+01 -6.9022e+01 -8.5914e+01 -4.0768e+02
-6.9178e+01 -6.8912e+01 -7.8027e+01 -2.8134e+02
-6.9142e+01 -6.8444e+01 -6.6141e+01 -1.4692e+02
-6.9072e+01 -6.7695e+01 -5.5886e+01 -7.7429e+01
# New trial
-6.9214e+01 -6.9230e+01 -8.1905e+01 -3.3090e+02
-6.9193e+01 -6.8972e+01 -7.4649e+01 -2.2829e+02
-6.9125e+01 -6.8225e+01 -6.1578e+01 -1.2781e+02
-6.9069e+01 -6.7658e+01 -5.4590e+01 -5.6080e+01
# New trial
-6.9259e+01 -6.9759e+01 -9.0876e+01 -4.1213e+02
-6.9230e+01 -6.9405e+01 -8.2682e+01 -3.1579e+02
-6.9139e+01 -6.8386e+01 -6.3897e+01 -1.1149e+02
-6.9062e+01 -6.7585e+01 -5.4056e+01 -4.9280e+01
# New trial
-6.9225e+01 -6.9610e+01 -1.0583e+02 -6.3202e+02
-6.9179e+01 -6.8997e+01 -8.0644e+01 -2.9232e+02
-6.9099e+01 -6.8055e+01 -6.3766e+01 -1.1897e+02
-6.9012e+01 -6.7089e+01 -5.1570e+01 -7.3162e+01
# New trial
-6.9148e+01 -6.8769e+01 -1.0264e+02 -5.8348e+02
-6.9107e+01 -6.8188e+01 -7.1823e+01 -2.2222e+02
-6.9079e+01 -6.7806e+01 -6.2606e+01 -1.9000e+02
-6.9051e+01 -6.7480e+01 -5.3608e+01 -6.7120e+01
# New trial
-6.9261e+01 -6.9673e+01 -8.5833e+01 -3.9920e+02
-6.9225e+01 -6.9267e+01 -7.4785e+01 -2.5500e+02
-6.9152e+01 -6.8506e+01 -6.4823e+01 -1.4979e+02
-6.9108e+01 -6.8042e+01 -5.8417e+01 -7.6729e+01
# New trial
-6.9228e+01 -6.9287e+01 -7.6996e+01 -2.8324e+02
-6.9205e+01 -6.9032e+01 -6.9573e+01 -1.5345e+02
-6.9180e+01 -6.8760e+01 -6.5025e+01 -8.0169e+01
-6.9150e+01 -6.8460e+01 -6.1735e+01 -4.7688e+01
# New trial
-6.9256e+01 -6.9731e+01 -1.0118e+02 -5.7036e+02
-6.9216e+01 -6.9229e+01 -7.7679e+01 -2.6946e+02
-6.9109e+01 -6.8094e+01 -6.2211e+01 -1.1557e+02
-6.9005e+01 -6.7017e+01 -5.0320e+01 -6.0315e+01
# New trial
-6.9246e+01 -6.9548e+01 -8.7521e+01 -3.9338e+02
-6.9203e+01 -6.9031e+01 -7.2061e+01 -1.9309e+02
-6.9123e+01 -6.8210e+01 -6.1588e+01 -1.2793e+02
-6.9065e+01 -6.7616e+01 -5.4382e+01 -5.9249e+01
# New trial
-6.9161e+01 -6.8601e+01 -6.7862e+01 -1.9067e+02
-6.9176e+01 -6.8748e+01 -6.9389e+01 -2.2203e+02
-6.9146e+01 -6.8439e+01 -6.3199e+01 -9.8616e+01
-6.9081e+01 -6.7776e+01 -5.6486e+01 -5.1100e+01
# New trial
-6.9260e+01 -6.9682e+01 -8.3064e+01 -3.0174e+02
-6.9231e+01 -6.9369e+01 -7.8207e+01 -2.4285e+02
-6.9160e+01 -6.8597e+01 -6.6422e+01 -1.6060e+02
-6.9107e+01 -6.8036e+01 -5.8397e+01 -7.5970e+01
# New trial
-6.9195e+01 -6.9168e+01 -8.5817e+01 -3.4041e+02
-6.9164e+01 -6.8832e+01 -8.0208e+01 -3.0433e+02
-6.9124e+01 -6.8273e+01 -6.4217e+01 -1.4820e+02
-6.9034e+01 -6.7313e+01 -5.2283e+01 -5.7925e+01
# New trial
-6.9317e+01 -7.0432e+01 -1.0278e+02 -5.4054e+02
-6.9271e+01 -6.9878e+01 -8.8957e+01 -3.8255e+02
-6.9147e+01 -6.8492e+01 -6.7077e+01 -2.1874e+02
-6.9042e+01 -6.7401e+01 -5.3445e+01 -6.1642e+01
# New trial
-6.9395e+01 -7.1652e+01 -1.2352e+02 -7.1950e+02
-6.9303e+01 -7.0340e+01 -9.9360e+01 -5.4046e+02
-6.9088e+01 -6.7902e+01 -6.1771e+01 -1.6511e+02
-6.8919e+01 -6.6160e+01 -4.7240e+01 -5.2008e+01
# New trial
-6.9407e+01 -7.1786e+01 -1.2849e+02 -7.8113e+02
-6.9283e+01 -7.0017e+01 -9.1112e+01 -4.0938e+02
-6.9104e+01 -6.8044e+01 -6.2022e+01 -1.1866e+02
-6.9008e+01 -6.7057e+01 -5.2021e+01 -5.4168e+01
# New trial
-6.9187e+01 -6.8868e+01 -6.9897e+01 -1.8166e+02
-6.9169e+01 -6.8687e+01 -6.7947e+01 -1.6735e+02
-6.9132e+01 -6.8294e+01 -6.1775e+01 -8.5237e+01
-6.9085e+01 -6.7810e+01 -5.6045e+01 -6.0646e+01
# New trial
-6.9241e+01 -6.9555e+01 -9.4285e+01 -5.0649e+02
-6.9234e+01 -6.9454e+01 -8.2343e+01 -3.2930e+02
-6.9153e+01 -6.8542e+01 -6.5658e+01 -1.4727e+02
-6.9065e+01 -6.7615e+01 -5.4486e+01 -4.6913e+01
# New trial
-6.9164e+01 -6.8673e+01 -7.4579e+01 -3.0327e+02
-6.9145e+01 -6.8471e+01 -6.8388e+01 -1.8943e+02
-6.9089e+01 -6.7874e+01 -5.9168e+01 -1.2827e+02
-6.9007e+01 -6.7041e+01 -5.0661e+01 -6.5522e+01
# New trial
