# 10.0sig - Array shape (trial/sig/alpha): (30, 4, 4)
-1.4756e+02 -1.4659e+02 -1.5338e+02 -7.4112e+02
-1.4757e+02 -1.4661e+02 -1.4866e+02 -6.4271e+02
-1.4749e+02 -1.4581e+02 -1.3274e+02 -3.2657e+02
-1.4734e+02 -1.4429e+02 -1.1470e+02 -6.7682e+01
# New trial
-1.4774e+02 -1.4972e+02 -2.5865e+02 -2.0082e+03
-1.4763e+02 -1.4820e+02 -2.0638e+02 -1.2561e+03
-1.4735e+02 -1.4459e+02 -1.3633e+02 -5.7515e+02
-1.4700e+02 -1.4087e+02 -8.6362e+01 -1.5161e+02
# New trial
-1.4766e+02 -1.4787e+02 -1.9421e+02 -1.1955e+03
-1.4759e+02 -1.4694e+02 -1.6312e+02 -7.7792e+02
-1.4729e+02 -1.4380e+02 -1.1444e+02 -2.5967e+02
-1.4695e+02 -1.4041e+02 -8.0576e+01 -5.1314e+01
# New trial
-1.4753e+02 -1.4630e+02 -1.5686e+02 -7.7877e+02
-1.4751e+02 -1.4608e+02 -1.5068e+02 -6.2156e+02
-1.4728e+02 -1.4375e+02 -1.1707e+02 -3.1890e+02
-1.4697e+02 -1.4054e+02 -8.2207e+01 -7.5703e+01
# New trial
-1.4763e+02 -1.4832e+02 -2.3104e+02 -1.7015e+03
-1.4752e+02 -1.4638e+02 -1.6038e+02 -7.4526e+02
-1.4740e+02 -1.4498e+02 -1.2799e+02 -3.3931e+02
-1.4724e+02 -1.4326e+02 -1.0517e+02 -1.0746e+02
# New trial
-1.4753e+02 -1.4657e+02 -1.7159e+02 -9.0023e+02
-1.4746e+02 -1.4564e+02 -1.4228e+02 -4.8543e+02
-1.4721e+02 -1.4302e+02 -1.0640e+02 -1.5662e+02
-1.4689e+02 -1.3980e+02 -7.6375e+01 -4.8347e+01
# New trial
-1.4753e+02 -1.4632e+02 -1.5033e+02 -8.1154e+02
-1.4757e+02 -1.4665e+02 -1.4674e+02 -6.4062e+02
-1.4751e+02 -1.4593e+02 -1.3374e+02 -4.3737e+02
-1.4735e+02 -1.4431e+02 -1.1494e+02 -7.2088e+01
# New trial
-1.4747e+02 -1.4666e+02 -1.9413e+02 -1.2411e+03
-1.4747e+02 -1.4606e+02 -1.6771e+02 -9.1485e+02
-1.4734e+02 -1.4443e+02 -1.2586e+02 -3.4234e+02
-1.4713e+02 -1.4217e+02 -9.6321e+01 -9.4370e+01
# New trial
-1.4776e+02 -1.4978e+02 -2.8522e+02 -2.3930e+03
-1.4768e+02 -1.4830e+02 -2.0638e+02 -1.3264e+03
-1.4731e+02 -1.4407e+02 -1.2390e+02 -4.3855e+02
-1.4690e+02 -1.3986e+02 -7.9105e+01 -1.0660e+02
# New trial
-1.4757e+02 -1.4657e+02 -1.4455e+02 -5.8383e+02
-1.4753e+02 -1.4621e+02 -1.3594e+02 -2.8352e+02
-1.4746e+02 -1.4550e+02 -1.2682e+02 -1.5480e+02
-1.4741e+02 -1.4495e+02 -1.2084e+02 -6.2621e+01
# New trial
-1.4787e+02 -1.5054e+02 -2.5748e+02 -2.1733e+03
-1.4760e+02 -1.4726e+02 -2.0949e+02 -1.7938e+03
-1.4715e+02 -1.4250e+02 -1.1900e+02 -6.8471e+02
-1.4677e+02 -1.3855e+02 -7.0679e+01 -7.4820e+01
# New trial
-1.4787e+02 -1.5049e+02 -2.5674e+02 -1.8815e+03
-1.4762e+02 -1.4724e+02 -1.6102e+02 -5.4066e+02
-1.4746e+02 -1.4552e+02 -1.2963e+02 -1.2283e+02
-1.4733e+02 -1.4414e+02 -1.1307e+02 -4.7301e+01
# New trial
-1.4763e+02 -1.4780e+02 -2.0595e+02 -1.4554e+03
-1.4759e+02 -1.4718e+02 -1.7501e+02 -9.4915e+02
-1.4737e+02 -1.4466e+02 -1.2585e+02 -3.8265e+02
-1.4704e+02 -1.4123e+02 -8.7761e+01 -5.2890e+01
# New trial
-1.4762e+02 -1.4749e+02 -1.8478e+02 -1.1002e+03
-1.4760e+02 -1.4706e+02 -1.6232e+02 -7.1921e+02
-1.4736e+02 -1.4445e+02 -1.2025e+02 -3.2171e+02
-1.4709e+02 -1.4181e+02 -9.2093e+01 -7.5901e+01
# New trial
-1.4764e+02 -1.4783e+02 -2.0092e+02 -1.3231e+03
-1.4760e+02 -1.4726e+02 -1.7540e+02 -9.1134e+02
-1.4734e+02 -1.4434e+02 -1.2613e+02 -4.0543e+02
-1.4700e+02 -1.4088e+02 -8.4812e+01 -1.4167e+02
# New trial
-1.4780e+02 -1.5024e+02 -2.8541e+02 -2.2821e+03
-1.4761e+02 -1.4762e+02 -1.9240e+02 -1.0730e+03
-1.4719e+02 -1.4301e+02 -1.2271e+02 -4.8387e+02
-1.4675e+02 -1.3847e+02 -7.0307e+01 -1.8081e+02
# New trial
-1.4755e+02 -1.4761e+02 -2.5912e+02 -2.1791e+03
-1.4746e+02 -1.4589e+02 -1.7017e+02 -1.0244e+03
-1.4719e+02 -1.4288e+02 -1.1701e+02 -5.2474e+02
-1.4689e+02 -1.3980e+02 -7.8288e+01 -5.8317e+01
# New trial
-1.4774e+02 -1.4870e+02 -2.0158e+02 -1.3864e+03
-1.4761e+02 -1.4715e+02 -1.6350e+02 -8.9980e+02
-1.4732e+02 -1.4413e+02 -1.2637e+02 -6.0346e+02
-1.4705e+02 -1.4139e+02 -9.1752e+01 -2.0640e+02
# New trial
-1.4766e+02 -1.4761e+02 -1.6290e+02 -8.1409e+02
-1.4760e+02 -1.4685e+02 -1.4502e+02 -3.7946e+02
-1.4747e+02 -1.4560e+02 -1.2810e+02 -1.1735e+02
-1.4732e+02 -1.4407e+02 -1.1227e+02 -6.7329e+01
# New trial
-1.4789e+02 -1.5075e+02 -2.6456e+02 -2.0539e+03
-1.4776e+02 -1.4884e+02 -1.9302e+02 -1.2342e+03
-1.4737e+02 -1.4462e+02 -1.2663e+02 -4.1657e+02
-1.4700e+02 -1.4091e+02 -8.6272e+01 -6.1878e+01
# New trial
-1.4771e+02 -1.4865e+02 -2.1333e+02 -1.5631e+03
-1.4762e+02 -1.4725e+02 -1.5775e+02 -5.4260e+02
-1.4738e+02 -1.4467e+02 -1.2243e+02 -2.9677e+02
-1.4709e+02 -1.4179e+02 -9.1801e+01 -6.2988e+01
# New trial
-1.4755e+02 -1.4652e+02 -1.5198e+02 -7.1220e+02
-1.4753e+02 -1.4631e+02 -1.4989e+02 -6.4912e+02
-1.4734e+02 -1.4427e+02 -1.2108e+02 -3.7857e+02
-1.4704e+02 -1.4130e+02 -9.0773e+01 -6.9687e+01
# New trial
-1.4767e+02 -1.4790e+02 -1.7877e+02 -8.2942e+02
-1.4758e+02 -1.4689e+02 -1.6103e+02 -5.8817e+02
-1.4735e+02 -1.4439e+02 -1.2125e+02 -1.6793e+02
-1.4707e+02 -1.4155e+02 -9.0211e+01 -6.1127e+01
# New trial
-1.4757e+02 -1.4701e+02 -1.8530e+02 -1.0677e+03
-1.4750e+02 -1.4628e+02 -1.7350e+02 -9.5301e+02
-1.4724e+02 -1.4344e+02 -1.1664e+02 -1.7115e+02
-1.4684e+02 -1.3922e+02 -7.1417e+01 -4.9912e+01
# New trial
-1.4766e+02 -1.4819e+02 -2.1415e+02 -1.4629e+03
-1.4754e+02 -1.4683e+02 -1.8167e+02 -1.0456e+03
-1.4722e+02 -1.4321e+02 -1.2013e+02 -4.6778e+02
-1.4685e+02 -1.3940e+02 -7.4968e+01 -1.0780e+02
# New trial
-1.4788e+02 -1.5221e+02 -3.2413e+02 -2.6191e+03
-1.4762e+02 -1.4805e+02 -2.2262e+02 -1.6762e+03
-1.4704e+02 -1.4142e+02 -1.0299e+02 -4.3948e+02
-1.4643e+02 -1.3522e+02 -5.3370e+01 -9.3093e+01
# New trial
-1.4831e+02 -1.5621e+02 -3.4323e+02 -2.6741e+03
-1.4793e+02 -1.5081e+02 -2.2393e+02 -1.4566e+03
-1.4732e+02 -1.4415e+02 -1.3197e+02 -7.4279e+02
-1.4692e+02 -1.4003e+02 -8.2672e+01 -1.3829e+02
# New trial
-1.4760e+02 -1.4707e+02 -1.6305e+02 -7.6061e+02
-1.4757e+02 -1.4674e+02 -1.5001e+02 -6.1833e+02
-1.4738e+02 -1.4473e+02 -1.2305e+02 -3.5743e+02
-1.4715e+02 -1.4232e+02 -9.6768e+01 -8.3756e+01
# New trial
-1.4764e+02 -1.4807e+02 -2.3805e+02 -1.8949e+03
-1.4757e+02 -1.4701e+02 -1.8281e+02 -1.0680e+03
-1.4730e+02 -1.4393e+02 -1.1980e+02 -2.2552e+02
-1.4694e+02 -1.4027e+02 -7.9548e+01 -6.0824e+01
# New trial
-1.4750e+02 -1.4630e+02 -1.7709e+02 -1.1071e+03
-1.4748e+02 -1.4593e+02 -1.5250e+02 -7.3792e+02
-1.4732e+02 -1.4415e+02 -1.2116e+02 -4.0103e+02
-1.4704e+02 -1.4131e+02 -9.0473e+01 -1.1812e+02
# New trial
