# 1.0sig - Array shape (trial/sig/alpha): (30, 4, 4)
-1.3840e+02 -1.3796e+02 -1.3583e+02 -1.7689e+02
-1.3838e+02 -1.3773e+02 -1.3246e+02 -1.2724e+02
-1.3832e+02 -1.3714e+02 -1.2641e+02 -1.1999e+02
-1.3828e+02 -1.3670e+02 -1.2408e+02 -1.2083e+02
# New trial
-1.3841e+02 -1.3804e+02 -1.3537e+02 -1.4579e+02
-1.3839e+02 -1.3785e+02 -1.3336e+02 -1.2801e+02
-1.3834e+02 -1.3728e+02 -1.2806e+02 -1.2032e+02
-1.3828e+02 -1.3675e+02 -1.2531e+02 -1.3940e+02
# New trial
-1.3842e+02 -1.3811e+02 -1.3598e+02 -1.7659e+02
-1.3840e+02 -1.3793e+02 -1.3381e+02 -1.3530e+02
-1.3835e+02 -1.3740e+02 -1.2865e+02 -1.2000e+02
-1.3829e+02 -1.3685e+02 -1.2462e+02 -1.1999e+02
# New trial
-1.3841e+02 -1.3802e+02 -1.3549e+02 -1.8316e+02
-1.3839e+02 -1.3783e+02 -1.3330e+02 -1.3630e+02
-1.3835e+02 -1.3740e+02 -1.2888e+02 -1.2108e+02
-1.3834e+02 -1.3729e+02 -1.2805e+02 -1.2852e+02
# New trial
-1.3838e+02 -1.3777e+02 -1.3556e+02 -2.0891e+02
-1.3836e+02 -1.3754e+02 -1.3151e+02 -1.6659e+02
-1.3832e+02 -1.3710e+02 -1.2717e+02 -1.2159e+02
-1.3830e+02 -1.3697e+02 -1.2708e+02 -1.5698e+02
# New trial
-1.3842e+02 -1.3815e+02 -1.3721e+02 -2.1386e+02
-1.3840e+02 -1.3797e+02 -1.3419e+02 -1.4095e+02
-1.3836e+02 -1.3751e+02 -1.2963e+02 -1.2464e+02
-1.3831e+02 -1.3703e+02 -1.2573e+02 -1.2085e+02
# New trial
-1.3843e+02 -1.3827e+02 -1.3728e+02 -1.8336e+02
-1.3842e+02 -1.3816e+02 -1.3569e+02 -1.3864e+02
-1.3840e+02 -1.3796e+02 -1.3373e+02 -1.2300e+02
-1.3840e+02 -1.3792e+02 -1.3335e+02 -1.4201e+02
# New trial
-1.3842e+02 -1.3818e+02 -1.3978e+02 -2.3253e+02
-1.3839e+02 -1.3787e+02 -1.3464e+02 -1.7911e+02
-1.3833e+02 -1.3719e+02 -1.2693e+02 -1.1999e+02
-1.3827e+02 -1.3662e+02 -1.2322e+02 -1.1999e+02
# New trial
-1.3838e+02 -1.3777e+02 -1.3628e+02 -1.9277e+02
-1.3834e+02 -1.3732e+02 -1.3209e+02 -1.7003e+02
-1.3823e+02 -1.3626e+02 -1.2353e+02 -1.2000e+02
-1.3815e+02 -1.3546e+02 -1.2079e+02 -1.1999e+02
# New trial
-1.3841e+02 -1.3808e+02 -1.3587e+02 -1.8617e+02
-1.3839e+02 -1.3780e+02 -1.3309e+02 -1.4761e+02
-1.3832e+02 -1.3714e+02 -1.2671e+02 -1.2017e+02
-1.3828e+02 -1.3675e+02 -1.2554e+02 -1.4124e+02
# New trial
-1.3840e+02 -1.3792e+02 -1.3661e+02 -2.0006e+02
-1.3837e+02 -1.3765e+02 -1.3360e+02 -1.6325e+02
-1.3829e+02 -1.3679e+02 -1.2456e+02 -1.1999e+02
-1.3821e+02 -1.3604e+02 -1.2181e+02 -1.2000e+02
# New trial
-1.3841e+02 -1.3803e+02 -1.3797e+02 -2.1430e+02
-1.3838e+02 -1.3772e+02 -1.3226e+02 -1.4230e+02
-1.3832e+02 -1.3709e+02 -1.2676e+02 -1.2077e+02
-1.3824e+02 -1.3638e+02 -1.2584e+02 -1.5468e+02
# New trial
-1.3843e+02 -1.3824e+02 -1.3920e+02 -2.4253e+02
-1.3840e+02 -1.3790e+02 -1.3402e+02 -1.4580e+02
-1.3835e+02 -1.3738e+02 -1.2871e+02 -1.2039e+02
-1.3833e+02 -1.3723e+02 -1.2834e+02 -1.5877e+02
# New trial
-1.3841e+02 -1.3809e+02 -1.4666e+02 -3.1406e+02
-1.3837e+02 -1.3762e+02 -1.3420e+02 -1.7477e+02
-1.3828e+02 -1.3671e+02 -1.2392e+02 -1.1999e+02
-1.3823e+02 -1.3622e+02 -1.2207e+02 -1.1999e+02
# New trial
-1.3842e+02 -1.3813e+02 -1.3725e+02 -2.2994e+02
-1.3840e+02 -1.3793e+02 -1.3417e+02 -1.5018e+02
-1.3835e+02 -1.3745e+02 -1.2896e+02 -1.1999e+02
-1.3832e+02 -1.3716e+02 -1.2663e+02 -1.1999e+02
# New trial
-1.3839e+02 -1.3788e+02 -1.4493e+02 -3.1020e+02
-1.3835e+02 -1.3745e+02 -1.3513e+02 -1.8177e+02
-1.3825e+02 -1.3649e+02 -1.2506e+02 -1.2002e+02
-1.3821e+02 -1.3604e+02 -1.2474e+02 -1.4908e+02
# New trial
-1.3839e+02 -1.3784e+02 -1.3414e+02 -1.5535e+02
-1.3836e+02 -1.3752e+02 -1.3093e+02 -1.2931e+02
-1.3828e+02 -1.3675e+02 -1.2466e+02 -1.1999e+02
-1.3825e+02 -1.3644e+02 -1.2546e+02 -1.5524e+02
# New trial
-1.3841e+02 -1.3808e+02 -1.3613e+02 -1.6461e+02
-1.3839e+02 -1.3785e+02 -1.3395e+02 -1.4645e+02
-1.3833e+02 -1.3718e+02 -1.2718e+02 -1.1999e+02
-1.3831e+02 -1.3699e+02 -1.2529e+02 -1.1999e+02
# New trial
-1.3841e+02 -1.3808e+02 -1.4009e+02 -2.4300e+02
-1.3839e+02 -1.3782e+02 -1.3520e+02 -1.7887e+02
-1.3832e+02 -1.3714e+02 -1.2648e+02 -1.1999e+02
-1.3827e+02 -1.3666e+02 -1.2352e+02 -1.1999e+02
# New trial
-1.3841e+02 -1.3803e+02 -1.3690e+02 -2.0518e+02
-1.3840e+02 -1.3791e+02 -1.3389e+02 -1.4578e+02
-1.3837e+02 -1.3763e+02 -1.3059e+02 -1.2001e+02
-1.3835e+02 -1.3744e+02 -1.2938e+02 -1.4622e+02
# New trial
-1.3841e+02 -1.3801e+02 -1.3822e+02 -2.1719e+02
-1.3837e+02 -1.3766e+02 -1.3240e+02 -1.3103e+02
-1.3832e+02 -1.3715e+02 -1.2780e+02 -1.2006e+02
-1.3834e+02 -1.3730e+02 -1.2811e+02 -1.2162e+02
# New trial
-1.3842e+02 -1.3808e+02 -1.3622e+02 -2.1369e+02
-1.3840e+02 -1.3794e+02 -1.3350e+02 -1.2166e+02
-1.3836e+02 -1.3752e+02 -1.2948e+02 -1.1999e+02
-1.3830e+02 -1.3695e+02 -1.2490e+02 -1.1999e+02
# New trial
-1.3839e+02 -1.3789e+02 -1.3701e+02 -2.0262e+02
-1.3836e+02 -1.3749e+02 -1.3103e+02 -1.3308e+02
-1.3830e+02 -1.3692e+02 -1.2624e+02 -1.2001e+02
-1.3829e+02 -1.3688e+02 -1.2660e+02 -1.4594e+02
# New trial
-1.3841e+02 -1.3801e+02 -1.3725e+02 -1.7267e+02
-1.3836e+02 -1.3759e+02 -1.3242e+02 -1.4805e+02
-1.3827e+02 -1.3660e+02 -1.2377e+02 -1.2000e+02
-1.3820e+02 -1.3592e+02 -1.2192e+02 -1.2003e+02
# New trial
-1.3842e+02 -1.3821e+02 -1.4657e+02 -3.0148e+02
-1.3837e+02 -1.3768e+02 -1.3411e+02 -1.5642e+02
-1.3828e+02 -1.3673e+02 -1.2431e+02 -1.1999e+02
-1.3823e+02 -1.3621e+02 -1.2230e+02 -1.1999e+02
# New trial
-1.3843e+02 -1.3819e+02 -1.3615e+02 -1.4479e+02
-1.3840e+02 -1.3794e+02 -1.3367e+02 -1.2624e+02
-1.3834e+02 -1.3735e+02 -1.2844e+02 -1.2010e+02
-1.3830e+02 -1.3692e+02 -1.2555e+02 -1.2727e+02
# New trial
-1.3840e+02 -1.3798e+02 -1.3543e+02 -1.8234e+02
-1.3839e+02 -1.3781e+02 -1.3339e+02 -1.4754e+02
-1.3833e+02 -1.3723e+02 -1.2770e+02 -1.2002e+02
-1.3827e+02 -1.3666e+02 -1.2344e+02 -1.1999e+02
# New trial
-1.3840e+02 -1.3802e+02 -1.3975e+02 -2.3092e+02
-1.3837e+02 -1.3762e+02 -1.3364e+02 -1.7047e+02
-1.3828e+02 -1.3669e+02 -1.2354e+02 -1.1999e+02
-1.3819e+02 -1.3583e+02 -1.2102e+02 -1.1999e+02
# New trial
-1.3843e+02 -1.3818e+02 -1.3683e+02 -1.7116e+02
-1.3840e+02 -1.3794e+02 -1.3431e+02 -1.6225e+02
-1.3833e+02 -1.3727e+02 -1.2842e+02 -1.2037e+02
-1.3828e+02 -1.3675e+02 -1.2438e+02 -1.2015e+02
# New trial
-1.3842e+02 -1.3810e+02 -1.3676e+02 -2.0013e+02
-1.3840e+02 -1.3791e+02 -1.3394e+02 -1.3453e+02
-1.3835e+02 -1.3738e+02 -1.2867e+02 -1.2070e+02
-1.3829e+02 -1.3680e+02 -1.2439e+02 -1.2016e+02
# New trial
