# 10.0sig - Array shape (trial/sig/alpha): (30, 4, 4)
-1.7994e+02 -1.7950e+02 -1.7732e+02 -3.4729e+02
-1.7993e+02 -1.7941e+02 -1.7586e+02 -3.2346e+02
-1.7988e+02 -1.7890e+02 -1.6974e+02 -1.9582e+02
-1.7978e+02 -1.7792e+02 -1.5969e+02 -1.2052e+02
# New trial
-1.8000e+02 -1.8034e+02 -2.1522e+02 -9.7033e+02
-1.7991e+02 -1.7939e+02 -1.9046e+02 -5.6068e+02
-1.7969e+02 -1.7709e+02 -1.5790e+02 -2.1708e+02
-1.7947e+02 -1.7479e+02 -1.3227e+02 -1.0615e+02
# New trial
-1.7997e+02 -1.7982e+02 -1.8385e+02 -5.1377e+02
-1.7993e+02 -1.7937e+02 -1.7636e+02 -3.1308e+02
-1.7978e+02 -1.7791e+02 -1.5991e+02 -1.3225e+02
-1.7959e+02 -1.7604e+02 -1.4263e+02 -1.1089e+02
# New trial
-1.7994e+02 -1.7950e+02 -1.7707e+02 -3.6142e+02
-1.7991e+02 -1.7923e+02 -1.7428e+02 -2.6782e+02
-1.7978e+02 -1.7791e+02 -1.6031e+02 -1.6774e+02
-1.7958e+02 -1.7586e+02 -1.4137e+02 -1.3245e+02
# New trial
-1.8000e+02 -1.8016e+02 -1.9553e+02 -7.7407e+02
-1.7994e+02 -1.7951e+02 -1.7915e+02 -4.3850e+02
-1.7984e+02 -1.7849e+02 -1.6621e+02 -1.6708e+02
-1.7973e+02 -1.7739e+02 -1.5468e+02 -1.1172e+02
# New trial
-1.7994e+02 -1.7948e+02 -1.7778e+02 -2.8735e+02
-1.7989e+02 -1.7898e+02 -1.7246e+02 -2.6873e+02
-1.7974e+02 -1.7748e+02 -1.5631e+02 -1.3270e+02
-1.7951e+02 -1.7523e+02 -1.3522e+02 -1.0615e+02
# New trial
-1.7996e+02 -1.7966e+02 -1.7719e+02 -2.5744e+02
-1.7994e+02 -1.7951e+02 -1.7599e+02 -3.0375e+02
-1.7987e+02 -1.7882e+02 -1.6912e+02 -2.5791e+02
-1.7975e+02 -1.7757e+02 -1.5631e+02 -1.1427e+02
# New trial
-1.7992e+02 -1.7937e+02 -1.8093e+02 -4.5194e+02
-1.7988e+02 -1.7896e+02 -1.7529e+02 -4.0569e+02
-1.7976e+02 -1.7772e+02 -1.5956e+02 -1.3312e+02
-1.7962e+02 -1.7630e+02 -1.4558e+02 -1.1439e+02
# New trial
-1.7999e+02 -1.8027e+02 -2.2308e+02 -1.0385e+03
-1.7990e+02 -1.7918e+02 -1.8482e+02 -4.8073e+02
-1.7969e+02 -1.7706e+02 -1.5305e+02 -1.3587e+02
-1.7947e+02 -1.7480e+02 -1.3253e+02 -1.0684e+02
# New trial
-1.7997e+02 -1.7976e+02 -1.7990e+02 -3.2752e+02
-1.7993e+02 -1.7944e+02 -1.7529e+02 -2.3173e+02
-1.7987e+02 -1.7878e+02 -1.6869e+02 -2.2724e+02
-1.7978e+02 -1.7792e+02 -1.6034e+02 -2.1946e+02
# New trial
-1.8000e+02 -1.8018e+02 -2.0770e+02 -9.9477e+02
-1.7988e+02 -1.7895e+02 -1.7669e+02 -5.3147e+02
-1.7970e+02 -1.7706e+02 -1.5299e+02 -1.6307e+02
-1.7944e+02 -1.7447e+02 -1.3044e+02 -1.1232e+02
# New trial
-1.8008e+02 -1.8113e+02 -2.2240e+02 -9.3018e+02
-1.7996e+02 -1.7973e+02 -1.7995e+02 -2.7495e+02
-1.7987e+02 -1.7879e+02 -1.6882e+02 -1.4568e+02
-1.7976e+02 -1.7769e+02 -1.5749e+02 -1.0721e+02
# New trial
-1.7999e+02 -1.8012e+02 -1.9634e+02 -6.6174e+02
-1.7993e+02 -1.7948e+02 -1.8234e+02 -4.9014e+02
-1.7977e+02 -1.7784e+02 -1.6253e+02 -2.7081e+02
-1.7953e+02 -1.7545e+02 -1.3871e+02 -1.2483e+02
# New trial
-1.8001e+02 -1.8026e+02 -1.8985e+02 -5.0015e+02
-1.7996e+02 -1.7968e+02 -1.8022e+02 -3.5165e+02
-1.7981e+02 -1.7818e+02 -1.6348e+02 -2.4279e+02
-1.7964e+02 -1.7646e+02 -1.4589e+02 -1.1047e+02
# New trial
-1.7999e+02 -1.8012e+02 -1.9582e+02 -6.0550e+02
-1.7993e+02 -1.7942e+02 -1.8203e+02 -4.2331e+02
-1.7976e+02 -1.7767e+02 -1.5931e+02 -1.9718e+02
-1.7956e+02 -1.7574e+02 -1.3960e+02 -1.0616e+02
# New trial
-1.8004e+02 -1.8079e+02 -2.2979e+02 -1.0279e+03
-1.7992e+02 -1.7944e+02 -1.8554e+02 -4.4777e+02
-1.7969e+02 -1.7704e+02 -1.5834e+02 -2.2817e+02
-1.7939e+02 -1.7407e+02 -1.2804e+02 -1.2761e+02
# New trial
-1.7998e+02 -1.8009e+02 -2.1650e+02 -9.1503e+02
-1.7987e+02 -1.7886e+02 -1.7819e+02 -4.6656e+02
-1.7969e+02 -1.7702e+02 -1.5500e+02 -1.8248e+02
-1.7951e+02 -1.7523e+02 -1.3612e+02 -1.1376e+02
# New trial
-1.7996e+02 -1.7975e+02 -1.8308e+02 -4.7474e+02
-1.7989e+02 -1.7896e+02 -1.7158e+02 -2.4912e+02
-1.7973e+02 -1.7736e+02 -1.5506e+02 -1.4507e+02
-1.7954e+02 -1.7549e+02 -1.3748e+02 -1.0619e+02
# New trial
-1.7997e+02 -1.7978e+02 -1.8169e+02 -4.2325e+02
-1.7993e+02 -1.7937e+02 -1.7434e+02 -1.8182e+02
-1.7987e+02 -1.7876e+02 -1.6787e+02 -1.1740e+02
-1.7977e+02 -1.7781e+02 -1.5851e+02 -1.1069e+02
# New trial
-1.8003e+02 -1.8056e+02 -2.1111e+02 -8.5224e+02
-1.7994e+02 -1.7957e+02 -1.8007e+02 -3.9769e+02
-1.7978e+02 -1.7794e+02 -1.6129e+02 -2.1249e+02
-1.7958e+02 -1.7595e+02 -1.4206e+02 -1.1758e+02
# New trial
-1.7998e+02 -1.7995e+02 -1.8564e+02 -5.3118e+02
-1.7993e+02 -1.7936e+02 -1.7493e+02 -3.2824e+02
-1.7982e+02 -1.7831e+02 -1.6420e+02 -2.1058e+02
-1.7965e+02 -1.7657e+02 -1.4706e+02 -1.1391e+02
# New trial
-1.7991e+02 -1.7918e+02 -1.7363e+02 -3.3892e+02
-1.7986e+02 -1.7871e+02 -1.6958e+02 -3.1697e+02
-1.7971e+02 -1.7717e+02 -1.5334e+02 -1.5285e+02
-1.7950e+02 -1.7514e+02 -1.3512e+02 -1.0802e+02
# New trial
-1.7998e+02 -1.7996e+02 -1.8317e+02 -3.5353e+02
-1.7994e+02 -1.7950e+02 -1.7743e+02 -2.7720e+02
-1.7980e+02 -1.7815e+02 -1.6266e+02 -1.6885e+02
-1.7962e+02 -1.7635e+02 -1.4494e+02 -1.0638e+02
# New trial
-1.7999e+02 -1.8011e+02 -1.9321e+02 -5.3847e+02
-1.7992e+02 -1.7945e+02 -1.8844e+02 -5.3669e+02
-1.7972e+02 -1.7730e+02 -1.5838e+02 -2.3907e+02
-1.7942e+02 -1.7427e+02 -1.2771e+02 -1.0615e+02
# New trial
-1.8000e+02 -1.8021e+02 -1.9895e+02 -6.6731e+02
-1.7990e+02 -1.7913e+02 -1.7976e+02 -4.5033e+02
-1.7968e+02 -1.7691e+02 -1.5170e+02 -1.4137e+02
-1.7945e+02 -1.7456e+02 -1.3095e+02 -1.1062e+02
# New trial
-1.8005e+02 -1.8103e+02 -2.2792e+02 -1.0447e+03
-1.7990e+02 -1.7927e+02 -1.9267e+02 -6.9960e+02
-1.7961e+02 -1.7623e+02 -1.4605e+02 -1.5276e+02
-1.7928e+02 -1.7293e+02 -1.2122e+02 -1.0616e+02
# New trial
-1.8011e+02 -1.8148e+02 -2.2900e+02 -1.0045e+03
-1.7998e+02 -1.7992e+02 -1.8716e+02 -5.3696e+02
-1.7980e+02 -1.7813e+02 -1.6326e+02 -2.3987e+02
-1.7959e+02 -1.7604e+02 -1.4460e+02 -1.8523e+02
# New trial
-1.7993e+02 -1.7939e+02 -1.7460e+02 -2.7053e+02
-1.7991e+02 -1.7916e+02 -1.7240e+02 -2.7700e+02
-1.7981e+02 -1.7824e+02 -1.6294e+02 -1.4633e+02
-1.7967e+02 -1.7681e+02 -1.4919e+02 -1.0693e+02
# New trial
-1.7993e+02 -1.7953e+02 -1.9678e+02 -8.0140e+02
-1.7989e+02 -1.7906e+02 -1.7689e+02 -3.5378e+02
-1.7972e+02 -1.7735e+02 -1.5908e+02 -2.3944e+02
-1.7949e+02 -1.7505e+02 -1.3599e+02 -1.3526e+02
# New trial
-1.7995e+02 -1.7963e+02 -1.7925e+02 -5.1379e+02
-1.7992e+02 -1.7933e+02 -1.7467e+02 -3.3718e+02
-1.7982e+02 -1.7831e+02 -1.6379e+02 -1.6318e+02
-1.7965e+02 -1.7660e+02 -1.4803e+02 -1.0992e+02
# New trial
