# 10.0sig - Array shape (trial/sig/alpha): (30, 4, 4)
-1.2452e+02 -1.2386e+02 -1.3263e+02 -5.8375e+02
-1.2452e+02 -1.2383e+02 -1.2526e+02 -5.0900e+02
-1.2445e+02 -1.2305e+02 -1.1121e+02 -1.6476e+02
-1.2433e+02 -1.2182e+02 -9.7634e+01 -7.6215e+01
# New trial
-1.2460e+02 -1.2601e+02 -2.2965e+02 -1.8213e+03
-1.2451e+02 -1.2471e+02 -1.7825e+02 -1.1015e+03
-1.2436e+02 -1.2231e+02 -1.1755e+02 -5.0846e+02
-1.2409e+02 -1.1943e+02 -7.7590e+01 -1.2650e+02
# New trial
-1.2453e+02 -1.2404e+02 -1.5126e+02 -9.3519e+02
-1.2450e+02 -1.2369e+02 -1.3401e+02 -6.8185e+02
-1.2429e+02 -1.2142e+02 -9.6977e+01 -1.5577e+02
-1.2403e+02 -1.1880e+02 -7.1333e+01 -4.9000e+01
# New trial
-1.2451e+02 -1.2375e+02 -1.3639e+02 -6.9761e+02
-1.2448e+02 -1.2342e+02 -1.3000e+02 -5.6511e+02
-1.2429e+02 -1.2147e+02 -9.8400e+01 -1.5375e+02
-1.2404e+02 -1.1891e+02 -7.2432e+01 -4.6431e+01
# New trial
-1.2458e+02 -1.2526e+02 -1.9809e+02 -1.4276e+03
-1.2449e+02 -1.2377e+02 -1.3934e+02 -6.8484e+02
-1.2440e+02 -1.2261e+02 -1.1112e+02 -2.5476e+02
-1.2426e+02 -1.2110e+02 -9.0842e+01 -9.8001e+01
# New trial
-1.2445e+02 -1.2336e+02 -1.4397e+02 -7.3335e+02
-1.2441e+02 -1.2282e+02 -1.2573e+02 -5.3784e+02
-1.2424e+02 -1.2095e+02 -9.8094e+01 -3.6015e+02
-1.2399e+02 -1.1841e+02 -6.9462e+01 -1.0896e+02
# New trial
-1.2447e+02 -1.2338e+02 -1.2903e+02 -7.0049e+02
-1.2449e+02 -1.2354e+02 -1.2417e+02 -5.4180e+02
-1.2446e+02 -1.2312e+02 -1.1273e+02 -2.4710e+02
-1.2436e+02 -1.2210e+02 -1.0055e+02 -1.2228e+02
# New trial
-1.2434e+02 -1.2251e+02 -1.4563e+02 -7.8874e+02
-1.2442e+02 -1.2311e+02 -1.3834e+02 -6.9458e+02
-1.2436e+02 -1.2222e+02 -1.1017e+02 -3.4529e+02
-1.2419e+02 -1.2048e+02 -8.6545e+01 -1.5669e+02
# New trial
-1.2469e+02 -1.2674e+02 -2.5012e+02 -2.0429e+03
-1.2461e+02 -1.2529e+02 -1.8297e+02 -1.1562e+03
-1.2429e+02 -1.2157e+02 -1.0316e+02 -2.9366e+02
-1.2398e+02 -1.1829e+02 -6.9047e+01 -5.4456e+01
# New trial
-1.2454e+02 -1.2391e+02 -1.2222e+02 -3.5209e+02
-1.2451e+02 -1.2363e+02 -1.1747e+02 -2.4829e+02
-1.2445e+02 -1.2306e+02 -1.1085e+02 -2.3887e+02
-1.2441e+02 -1.2265e+02 -1.0575e+02 -1.3108e+02
# New trial
-1.2487e+02 -1.2801e+02 -2.2029e+02 -1.7498e+03
-1.2456e+02 -1.2447e+02 -1.6744e+02 -1.2981e+03
-1.2418e+02 -1.2043e+02 -9.8384e+01 -3.9010e+02
-1.2386e+02 -1.1713e+02 -6.2295e+01 -7.5463e+01
# New trial
-1.2476e+02 -1.2695e+02 -2.1508e+02 -1.5833e+03
-1.2457e+02 -1.2446e+02 -1.3948e+02 -5.6983e+02
-1.2446e+02 -1.2316e+02 -1.1269e+02 -1.3980e+02
-1.2433e+02 -1.2181e+02 -9.7112e+01 -4.8417e+01
# New trial
-1.2454e+02 -1.2449e+02 -1.7288e+02 -1.2101e+03
-1.2453e+02 -1.2424e+02 -1.4894e+02 -7.8017e+02
-1.2436e+02 -1.2227e+02 -1.0838e+02 -2.5755e+02
-1.2411e+02 -1.1968e+02 -7.8868e+01 -6.4387e+01
# New trial
-1.2452e+02 -1.2407e+02 -1.5142e+02 -8.1212e+02
-1.2450e+02 -1.2375e+02 -1.3795e+02 -6.3254e+02
-1.2432e+02 -1.2182e+02 -1.0410e+02 -3.3014e+02
-1.2413e+02 -1.1980e+02 -7.9593e+01 -1.3695e+02
# New trial
-1.2465e+02 -1.2545e+02 -1.7902e+02 -1.1757e+03
-1.2458e+02 -1.2462e+02 -1.5438e+02 -8.2334e+02
-1.2434e+02 -1.2198e+02 -1.0542e+02 -2.8278e+02
-1.2406e+02 -1.1912e+02 -7.4898e+01 -1.5353e+02
# New trial
-1.2468e+02 -1.2660e+02 -2.4955e+02 -1.9228e+03
-1.2457e+02 -1.2480e+02 -1.6441e+02 -9.4916e+02
-1.2424e+02 -1.2116e+02 -1.0794e+02 -5.3144e+02
-1.2385e+02 -1.1708e+02 -6.4010e+01 -1.9307e+02
# New trial
-1.2454e+02 -1.2502e+02 -2.3185e+02 -1.8183e+03
-1.2444e+02 -1.2331e+02 -1.4495e+02 -7.9850e+02
-1.2425e+02 -1.2117e+02 -1.0630e+02 -5.0614e+02
-1.2399e+02 -1.1848e+02 -6.8872e+01 -9.0228e+01
# New trial
-1.2458e+02 -1.2469e+02 -1.6156e+02 -1.0270e+03
-1.2452e+02 -1.2389e+02 -1.3711e+02 -6.8970e+02
-1.2431e+02 -1.2170e+02 -1.0540e+02 -4.4061e+02
-1.2413e+02 -1.1984e+02 -8.1132e+01 -1.3900e+02
# New trial
-1.2458e+02 -1.2447e+02 -1.3742e+02 -7.1175e+02
-1.2454e+02 -1.2392e+02 -1.2228e+02 -3.3438e+02
-1.2444e+02 -1.2293e+02 -1.0916e+02 -1.4297e+02
-1.2432e+02 -1.2171e+02 -9.6270e+01 -4.7312e+01
# New trial
-1.2491e+02 -1.2849e+02 -2.3552e+02 -1.7529e+03
-1.2477e+02 -1.2652e+02 -1.7160e+02 -1.0783e+03
-1.2438e+02 -1.2239e+02 -1.0901e+02 -2.5544e+02
-1.2404e+02 -1.1898e+02 -7.3923e+01 -7.2152e+01
# New trial
-1.2461e+02 -1.2515e+02 -1.8085e+02 -1.1808e+03
-1.2451e+02 -1.2377e+02 -1.3035e+02 -6.0703e+02
-1.2434e+02 -1.2197e+02 -1.0249e+02 -2.1180e+02
-1.2413e+02 -1.1982e+02 -7.9596e+01 -5.2122e+01
# New trial
-1.2446e+02 -1.2318e+02 -1.2145e+02 -4.9800e+02
-1.2446e+02 -1.2326e+02 -1.2549e+02 -5.7442e+02
-1.2433e+02 -1.2185e+02 -1.0590e+02 -4.0596e+02
-1.2408e+02 -1.1937e+02 -7.8075e+01 -1.2339e+02
# New trial
-1.2457e+02 -1.2453e+02 -1.5128e+02 -7.8299e+02
-1.2449e+02 -1.2367e+02 -1.3576e+02 -5.9849e+02
-1.2434e+02 -1.2205e+02 -1.0704e+02 -2.8545e+02
-1.2413e+02 -1.1989e+02 -8.1095e+01 -1.1586e+02
# New trial
-1.2453e+02 -1.2431e+02 -1.6355e+02 -8.9811e+02
-1.2448e+02 -1.2378e+02 -1.5128e+02 -8.2023e+02
-1.2430e+02 -1.2172e+02 -1.0898e+02 -3.8832e+02
-1.2395e+02 -1.1802e+02 -6.6242e+01 -6.1857e+01
# New trial
-1.2468e+02 -1.2608e+02 -1.9741e+02 -1.3468e+03
-1.2454e+02 -1.2440e+02 -1.5664e+02 -9.1065e+02
-1.2424e+02 -1.2101e+02 -9.7091e+01 -2.4864e+02
-1.2393e+02 -1.1781e+02 -6.4122e+01 -5.7827e+01
# New trial
-1.2486e+02 -1.2926e+02 -2.7069e+02 -2.0696e+03
-1.2464e+02 -1.2582e+02 -1.8868e+02 -1.3657e+03
-1.2411e+02 -1.1978e+02 -9.6653e+01 -5.4971e+02
-1.2361e+02 -1.1472e+02 -5.2265e+01 -1.3045e+02
# New trial
-1.2510e+02 -1.3165e+02 -3.0121e+02 -2.3520e+03
-1.2481e+02 -1.2724e+02 -1.9210e+02 -1.2664e+03
-1.2432e+02 -1.2184e+02 -1.1429e+02 -5.3363e+02
-1.2399e+02 -1.1850e+02 -7.4735e+01 -2.3757e+02
# New trial
-1.2451e+02 -1.2385e+02 -1.3557e+02 -6.1360e+02
-1.2449e+02 -1.2357e+02 -1.2519e+02 -5.0967e+02
-1.2436e+02 -1.2214e+02 -1.0406e+02 -2.2651e+02
-1.2418e+02 -1.2037e+02 -8.5694e+01 -1.2728e+02
# New trial
-1.2451e+02 -1.2414e+02 -1.8292e+02 -1.5060e+03
-1.2452e+02 -1.2413e+02 -1.4853e+02 -8.0255e+02
-1.2433e+02 -1.2202e+02 -1.1112e+02 -4.2494e+02
-1.2403e+02 -1.1887e+02 -7.4763e+01 -1.1381e+02
# New trial
-1.2450e+02 -1.2380e+02 -1.5129e+02 -9.5758e+02
-1.2444e+02 -1.2311e+02 -1.2904e+02 -6.2716e+02
-1.2429e+02 -1.2149e+02 -1.0018e+02 -2.7098e+02
-1.2406e+02 -1.1913e+02 -7.5347e+01 -7.9324e+01
# New trial
