# 10.0sig - Array shape (trial/sig/alpha): (30, 4, 4)
-1.2920e+02 -1.2903e+02 -1.2925e+02 -2.1145e+02
-1.2920e+02 -1.2901e+02 -1.2819e+02 -1.8392e+02
-1.2918e+02 -1.2879e+02 -1.2522e+02 -1.3835e+02
-1.2914e+02 -1.2838e+02 -1.2095e+02 -1.1050e+02
# New trial
-1.2923e+02 -1.2946e+02 -1.4497e+02 -4.5317e+02
-1.2920e+02 -1.2908e+02 -1.3647e+02 -3.0563e+02
-1.2912e+02 -1.2821e+02 -1.2314e+02 -2.1575e+02
-1.2904e+02 -1.2741e+02 -1.1230e+02 -1.0153e+02
# New trial
-1.2922e+02 -1.2922e+02 -1.3251e+02 -2.8959e+02
-1.2920e+02 -1.2902e+02 -1.2902e+02 -2.0891e+02
-1.2914e+02 -1.2835e+02 -1.2097e+02 -1.1999e+02
-1.2904e+02 -1.2744e+02 -1.1255e+02 -1.0158e+02
# New trial
-1.2921e+02 -1.2906e+02 -1.2941e+02 -2.3240e+02
-1.2919e+02 -1.2893e+02 -1.2809e+02 -2.1092e+02
-1.2913e+02 -1.2831e+02 -1.2110e+02 -1.5736e+02
-1.2904e+02 -1.2736e+02 -1.1207e+02 -1.0209e+02
# New trial
-1.2921e+02 -1.2909e+02 -1.3483e+02 -3.6266e+02
-1.2918e+02 -1.2878e+02 -1.2704e+02 -2.1434e+02
-1.2914e+02 -1.2838e+02 -1.2170e+02 -1.3523e+02
-1.2909e+02 -1.2792e+02 -1.1655e+02 -1.0153e+02
# New trial
-1.2919e+02 -1.2892e+02 -1.2789e+02 -1.7299e+02
-1.2917e+02 -1.2866e+02 -1.2463e+02 -1.3630e+02
-1.2910e+02 -1.2800e+02 -1.1755e+02 -1.0409e+02
-1.2902e+02 -1.2719e+02 -1.1036e+02 -1.0153e+02
# New trial
-1.2921e+02 -1.2905e+02 -1.2866e+02 -2.6677e+02
-1.2920e+02 -1.2899e+02 -1.2758e+02 -1.8431e+02
-1.2917e+02 -1.2870e+02 -1.2450e+02 -1.4580e+02
-1.2911e+02 -1.2809e+02 -1.1814e+02 -1.0153e+02
# New trial
-1.2920e+02 -1.2903e+02 -1.3240e+02 -2.6662e+02
-1.2918e+02 -1.2887e+02 -1.3006e+02 -2.4854e+02
-1.2914e+02 -1.2839e+02 -1.2268e+02 -1.4911e+02
-1.2908e+02 -1.2777e+02 -1.1546e+02 -1.0158e+02
# New trial
-1.2922e+02 -1.2934e+02 -1.4727e+02 -4.8257e+02
-1.2918e+02 -1.2888e+02 -1.3169e+02 -2.5060e+02
-1.2909e+02 -1.2790e+02 -1.1720e+02 -1.1123e+02
-1.2899e+02 -1.2686e+02 -1.0825e+02 -1.0153e+02
# New trial
-1.2921e+02 -1.2911e+02 -1.2832e+02 -1.6194e+02
-1.2921e+02 -1.2905e+02 -1.2752e+02 -1.2459e+02
-1.2919e+02 -1.2886e+02 -1.2560e+02 -1.1351e+02
-1.2916e+02 -1.2859e+02 -1.2295e+02 -1.0539e+02
# New trial
-1.2925e+02 -1.2957e+02 -1.4519e+02 -4.6138e+02
-1.2919e+02 -1.2894e+02 -1.3832e+02 -4.2978e+02
-1.2911e+02 -1.2806e+02 -1.2087e+02 -2.0008e+02
-1.2900e+02 -1.2695e+02 -1.0937e+02 -1.0180e+02
# New trial
-1.2926e+02 -1.2967e+02 -1.4637e+02 -4.3851e+02
-1.2922e+02 -1.2917e+02 -1.3047e+02 -2.1543e+02
-1.2918e+02 -1.2879e+02 -1.2537e+02 -1.4061e+02
-1.2914e+02 -1.2840e+02 -1.2141e+02 -1.2637e+02
# New trial
-1.2925e+02 -1.2950e+02 -1.3841e+02 -3.5111e+02
-1.2923e+02 -1.2930e+02 -1.3344e+02 -2.5985e+02
-1.2916e+02 -1.2862e+02 -1.2459e+02 -1.7761e+02
-1.2906e+02 -1.2761e+02 -1.1403e+02 -1.0163e+02
# New trial
-1.2923e+02 -1.2929e+02 -1.3321e+02 -2.7470e+02
-1.2921e+02 -1.2908e+02 -1.2936e+02 -2.0221e+02
-1.2915e+02 -1.2847e+02 -1.2208e+02 -1.1701e+02
-1.2909e+02 -1.2789e+02 -1.1649e+02 -1.0428e+02
# New trial
-1.2923e+02 -1.2932e+02 -1.3809e+02 -3.2473e+02
-1.2920e+02 -1.2901e+02 -1.3157e+02 -2.5596e+02
-1.2913e+02 -1.2830e+02 -1.2081e+02 -1.2277e+02
-1.2905e+02 -1.2753e+02 -1.1312e+02 -1.0153e+02
# New trial
-1.2924e+02 -1.2953e+02 -1.5221e+02 -4.9615e+02
-1.2919e+02 -1.2898e+02 -1.3241e+02 -2.4807e+02
-1.2910e+02 -1.2798e+02 -1.2098e+02 -1.7755e+02
-1.2896e+02 -1.2661e+02 -1.0745e+02 -1.0153e+02
# New trial
-1.2919e+02 -1.2898e+02 -1.4282e+02 -4.4202e+02
-1.2915e+02 -1.2854e+02 -1.2777e+02 -2.4749e+02
-1.2908e+02 -1.2781e+02 -1.1683e+02 -1.0741e+02
-1.2901e+02 -1.2710e+02 -1.0966e+02 -1.0153e+02
# New trial
-1.2920e+02 -1.2897e+02 -1.2987e+02 -2.6377e+02
-1.2917e+02 -1.2866e+02 -1.2511e+02 -1.8073e+02
-1.2910e+02 -1.2802e+02 -1.1861e+02 -1.2151e+02
-1.2903e+02 -1.2732e+02 -1.1152e+02 -1.0153e+02
# New trial
-1.2922e+02 -1.2921e+02 -1.3118e+02 -2.3349e+02
-1.2920e+02 -1.2899e+02 -1.2730e+02 -1.4422e+02
-1.2917e+02 -1.2868e+02 -1.2396e+02 -1.0842e+02
-1.2913e+02 -1.2827e+02 -1.1979e+02 -1.0153e+02
# New trial
-1.2925e+02 -1.2960e+02 -1.4325e+02 -4.1511e+02
-1.2922e+02 -1.2922e+02 -1.3202e+02 -2.7565e+02
-1.2915e+02 -1.2851e+02 -1.2344e+02 -1.7374e+02
-1.2907e+02 -1.2770e+02 -1.1494e+02 -1.0171e+02
# New trial
-1.2923e+02 -1.2926e+02 -1.3198e+02 -2.5627e+02
-1.2920e+02 -1.2902e+02 -1.2781e+02 -2.0724e+02
-1.2915e+02 -1.2852e+02 -1.2262e+02 -1.5127e+02
-1.2906e+02 -1.2761e+02 -1.1378e+02 -1.0153e+02
# New trial
-1.2919e+02 -1.2890e+02 -1.2704e+02 -1.8450e+02
-1.2917e+02 -1.2870e+02 -1.2552e+02 -1.9289e+02
-1.2911e+02 -1.2808e+02 -1.1893e+02 -1.3213e+02
-1.2903e+02 -1.2730e+02 -1.1157e+02 -1.0353e+02
# New trial
-1.2921e+02 -1.2914e+02 -1.3092e+02 -2.2248e+02
-1.2920e+02 -1.2896e+02 -1.2887e+02 -2.2248e+02
-1.2914e+02 -1.2840e+02 -1.2215e+02 -1.6907e+02
-1.2906e+02 -1.2759e+02 -1.1366e+02 -1.0154e+02
# New trial
-1.2920e+02 -1.2905e+02 -1.3387e+02 -2.7069e+02
-1.2917e+02 -1.2878e+02 -1.3202e+02 -2.7075e+02
-1.2910e+02 -1.2800e+02 -1.1976e+02 -1.3842e+02
-1.2901e+02 -1.2705e+02 -1.0961e+02 -1.0154e+02
# New trial
-1.2923e+02 -1.2942e+02 -1.3939e+02 -3.3319e+02
-1.2920e+02 -1.2902e+02 -1.3340e+02 -2.9266e+02
-1.2910e+02 -1.2805e+02 -1.1947e+02 -1.2654e+02
-1.2899e+02 -1.2694e+02 -1.0908e+02 -1.0153e+02
# New trial
-1.2924e+02 -1.2966e+02 -1.5250e+02 -4.9514e+02
-1.2917e+02 -1.2883e+02 -1.3706e+02 -3.4925e+02
-1.2904e+02 -1.2739e+02 -1.1296e+02 -1.0153e+02
-1.2890e+02 -1.2599e+02 -1.0375e+02 -1.0153e+02
# New trial
-1.2930e+02 -1.3017e+02 -1.5661e+02 -5.2700e+02
-1.2924e+02 -1.2943e+02 -1.3552e+02 -3.2045e+02
-1.2917e+02 -1.2865e+02 -1.2439e+02 -1.7698e+02
-1.2906e+02 -1.2764e+02 -1.1493e+02 -1.0367e+02
# New trial
-1.2920e+02 -1.2896e+02 -1.2692e+02 -1.5443e+02
-1.2919e+02 -1.2886e+02 -1.2590e+02 -1.5581e+02
-1.2915e+02 -1.2848e+02 -1.2200e+02 -1.1132e+02
-1.2909e+02 -1.2794e+02 -1.1686e+02 -1.0157e+02
# New trial
-1.2921e+02 -1.2913e+02 -1.3980e+02 -4.0645e+02
-1.2919e+02 -1.2889e+02 -1.3019e+02 -2.5472e+02
-1.2910e+02 -1.2806e+02 -1.1896e+02 -1.0250e+02
-1.2901e+02 -1.2712e+02 -1.0971e+02 -1.0153e+02
# New trial
-1.2920e+02 -1.2899e+02 -1.2994e+02 -2.5998e+02
-1.2918e+02 -1.2877e+02 -1.2575e+02 -1.7261e+02
-1.2912e+02 -1.2822e+02 -1.2011e+02 -1.5360e+02
-1.2904e+02 -1.2742e+02 -1.1274e+02 -1.1804e+02
# New trial
