# 10.0sig - Array shape (trial/sig/alpha): (30, 4, 4)
-1.4763e+02 -1.4716e+02 -1.5151e+02 -5.4036e+02
-1.4760e+02 -1.4690e+02 -1.4583e+02 -4.6506e+02
-1.4751e+02 -1.4597e+02 -1.3298e+02 -2.5884e+02
-1.4737e+02 -1.4452e+02 -1.1694e+02 -6.9927e+01
# New trial
-1.4774e+02 -1.4895e+02 -2.1853e+02 -1.5369e+03
-1.4763e+02 -1.4766e+02 -1.8250e+02 -9.2869e+02
-1.4736e+02 -1.4459e+02 -1.2898e+02 -3.5553e+02
-1.4702e+02 -1.4110e+02 -8.8035e+01 -5.4702e+01
# New trial
-1.4765e+02 -1.4747e+02 -1.7091e+02 -8.4835e+02
-1.4756e+02 -1.4659e+02 -1.4981e+02 -5.8262e+02
-1.4731e+02 -1.4395e+02 -1.1359e+02 -1.1069e+02
-1.4698e+02 -1.4069e+02 -8.3282e+01 -5.0767e+01
# New trial
-1.4760e+02 -1.4695e+02 -1.5225e+02 -5.6852e+02
-1.4755e+02 -1.4647e+02 -1.4800e+02 -4.7287e+02
-1.4732e+02 -1.4410e+02 -1.1925e+02 -2.7070e+02
-1.4700e+02 -1.4093e+02 -8.9423e+01 -1.4241e+02
# New trial
-1.4773e+02 -1.4839e+02 -1.9186e+02 -1.1705e+03
-1.4762e+02 -1.4720e+02 -1.5539e+02 -6.2016e+02
-1.4746e+02 -1.4548e+02 -1.2920e+02 -1.4880e+02
-1.4726e+02 -1.4347e+02 -1.0725e+02 -5.7771e+01
# New trial
-1.4760e+02 -1.4698e+02 -1.5242e+02 -4.3032e+02
-1.4751e+02 -1.4607e+02 -1.4153e+02 -3.9290e+02
-1.4727e+02 -1.4355e+02 -1.1087e+02 -1.3227e+02
-1.4694e+02 -1.4031e+02 -8.0565e+01 -5.4202e+01
# New trial
-1.4760e+02 -1.4687e+02 -1.4187e+02 -3.2607e+02
-1.4758e+02 -1.4671e+02 -1.4013e+02 -2.7356e+02
-1.4750e+02 -1.4590e+02 -1.3110e+02 -2.0111e+02
-1.4736e+02 -1.4444e+02 -1.1595e+02 -6.6629e+01
# New trial
-1.4761e+02 -1.4713e+02 -1.6524e+02 -7.8311e+02
-1.4756e+02 -1.4664e+02 -1.5521e+02 -6.8397e+02
-1.4741e+02 -1.4506e+02 -1.2744e+02 -1.9107e+02
-1.4718e+02 -1.4263e+02 -1.0006e+02 -6.3191e+01
# New trial
-1.4777e+02 -1.4928e+02 -2.4371e+02 -1.6976e+03
-1.4764e+02 -1.4762e+02 -1.8007e+02 -8.7077e+02
-1.4731e+02 -1.4405e+02 -1.2209e+02 -3.7914e+02
-1.4696e+02 -1.4044e+02 -8.5519e+01 -1.3486e+02
# New trial
-1.4762e+02 -1.4705e+02 -1.4395e+02 -3.3840e+02
-1.4758e+02 -1.4669e+02 -1.3883e+02 -1.8449e+02
-1.4750e+02 -1.4584e+02 -1.2993e+02 -1.3545e+02
-1.4743e+02 -1.4510e+02 -1.2245e+02 -8.9565e+01
# New trial
-1.4781e+02 -1.4946e+02 -2.2404e+02 -1.6229e+03
-1.4755e+02 -1.4649e+02 -1.8174e+02 -1.2898e+03
-1.4719e+02 -1.4285e+02 -1.0978e+02 -1.9830e+02
-1.4683e+02 -1.3922e+02 -8.1028e+01 -1.4907e+02
# New trial
-1.4785e+02 -1.5003e+02 -2.3335e+02 -1.4150e+03
-1.4764e+02 -1.4731e+02 -1.5383e+02 -4.1582e+02
-1.4750e+02 -1.4586e+02 -1.3115e+02 -9.2464e+01
-1.4735e+02 -1.4431e+02 -1.1485e+02 -5.2711e+01
# New trial
-1.4767e+02 -1.4788e+02 -1.8617e+02 -1.0591e+03
-1.4759e+02 -1.4696e+02 -1.6168e+02 -5.8087e+02
-1.4734e+02 -1.4434e+02 -1.2267e+02 -2.9076e+02
-1.4705e+02 -1.4139e+02 -8.9939e+01 -5.1598e+01
# New trial
-1.4770e+02 -1.4798e+02 -1.6735e+02 -7.3201e+02
-1.4762e+02 -1.4720e+02 -1.5423e+02 -4.9107e+02
-1.4738e+02 -1.4473e+02 -1.2339e+02 -3.2786e+02
-1.4712e+02 -1.4205e+02 -9.4401e+01 -5.5873e+01
# New trial
-1.4771e+02 -1.4823e+02 -1.8826e+02 -9.5708e+02
-1.4761e+02 -1.4713e+02 -1.6257e+02 -6.5956e+02
-1.4735e+02 -1.4440e+02 -1.2011e+02 -1.9727e+02
-1.4702e+02 -1.4109e+02 -8.7732e+01 -6.2298e+01
# New trial
-1.4783e+02 -1.5000e+02 -2.4724e+02 -1.6324e+03
-1.4765e+02 -1.4778e+02 -1.7926e+02 -8.5022e+02
-1.4727e+02 -1.4371e+02 -1.2450e+02 -3.3255e+02
-1.4682e+02 -1.3913e+02 -7.7085e+01 -8.6353e+01
# New trial
-1.4767e+02 -1.4815e+02 -2.2557e+02 -1.5146e+03
-1.4752e+02 -1.4634e+02 -1.6144e+02 -7.1833e+02
-1.4724e+02 -1.4335e+02 -1.1749e+02 -4.0288e+02
-1.4693e+02 -1.4018e+02 -7.9151e+01 -5.0766e+01
# New trial
-1.4769e+02 -1.4791e+02 -1.7320e+02 -8.7895e+02
-1.4758e+02 -1.4678e+02 -1.4999e+02 -5.7834e+02
-1.4734e+02 -1.4432e+02 -1.1925e+02 -1.6858e+02
-1.4708e+02 -1.4170e+02 -9.2498e+01 -6.5869e+01
# New trial
-1.4769e+02 -1.4783e+02 -1.6279e+02 -6.5260e+02
-1.4761e+02 -1.4695e+02 -1.4357e+02 -2.6504e+02
-1.4749e+02 -1.4575e+02 -1.2933e+02 -1.2874e+02
-1.4734e+02 -1.4426e+02 -1.1413e+02 -5.1442e+01
# New trial
-1.4780e+02 -1.4925e+02 -2.1666e+02 -1.3397e+03
-1.4767e+02 -1.4774e+02 -1.6598e+02 -7.5167e+02
-1.4738e+02 -1.4470e+02 -1.2476e+02 -2.9507e+02
-1.4705e+02 -1.4139e+02 -9.0570e+01 -5.4145e+01
# New trial
-1.4772e+02 -1.4821e+02 -1.7526e+02 -8.4271e+02
-1.4760e+02 -1.4689e+02 -1.4428e+02 -3.8359e+02
-1.4739e+02 -1.4480e+02 -1.2182e+02 -1.9437e+02
-1.4712e+02 -1.4210e+02 -9.5238e+01 -6.1906e+01
# New trial
-1.4760e+02 -1.4686e+02 -1.4510e+02 -4.3013e+02
-1.4756e+02 -1.4649e+02 -1.4344e+02 -4.6937e+02
-1.4738e+02 -1.4465e+02 -1.2090e+02 -1.7052e+02
-1.4709e+02 -1.4172e+02 -9.4201e+01 -5.2346e+01
# New trial
-1.4765e+02 -1.4753e+02 -1.6025e+02 -5.5909e+02
-1.4758e+02 -1.4673e+02 -1.4821e+02 -4.0107e+02
-1.4735e+02 -1.4441e+02 -1.1944e+02 -1.5954e+02
-1.4707e+02 -1.4161e+02 -9.0366e+01 -5.0767e+01
# New trial
-1.4762e+02 -1.4740e+02 -1.7593e+02 -7.9068e+02
-1.4754e+02 -1.4658e+02 -1.6837e+02 -7.6312e+02
-1.4731e+02 -1.4403e+02 -1.2381e+02 -2.9862e+02
-1.4688e+02 -1.3969e+02 -7.5751e+01 -5.0767e+01
# New trial
-1.4773e+02 -1.4861e+02 -1.9938e+02 -1.1317e+03
-1.4760e+02 -1.4718e+02 -1.7196e+02 -8.2776e+02
-1.4726e+02 -1.4355e+02 -1.1676e+02 -2.5266e+02
-1.4688e+02 -1.3969e+02 -7.6656e+01 -5.0789e+01
# New trial
-1.4784e+02 -1.5047e+02 -2.5337e+02 -1.6554e+03
-1.4760e+02 -1.4737e+02 -1.8745e+02 -1.1155e+03
-1.4709e+02 -1.4187e+02 -9.8588e+01 -1.2930e+02
-1.4650e+02 -1.3589e+02 -5.7695e+01 -5.0766e+01
# New trial
-1.4802e+02 -1.5214e+02 -2.6685e+02 -1.7447e+03
-1.4773e+02 -1.4847e+02 -1.7837e+02 -8.7061e+02
-1.4734e+02 -1.4430e+02 -1.2034e+02 -2.5743e+02
-1.4695e+02 -1.4038e+02 -8.5289e+01 -5.0781e+01
# New trial
-1.4760e+02 -1.4687e+02 -1.4477e+02 -4.5039e+02
-1.4756e+02 -1.4644e+02 -1.4165e+02 -4.5999e+02
-1.4739e+02 -1.4477e+02 -1.2185e+02 -2.0133e+02
-1.4716e+02 -1.4245e+02 -9.8239e+01 -8.1571e+01
# New trial
-1.4764e+02 -1.4745e+02 -1.7810e+02 -1.1305e+03
-1.4759e+02 -1.4701e+02 -1.6421e+02 -7.5980e+02
-1.4733e+02 -1.4425e+02 -1.2056e+02 -1.2107e+02
-1.4696e+02 -1.4050e+02 -8.2381e+01 -6.2309e+01
# New trial
-1.4762e+02 -1.4708e+02 -1.5421e+02 -6.6322e+02
-1.4756e+02 -1.4654e+02 -1.4528e+02 -4.8801e+02
-1.4738e+02 -1.4463e+02 -1.2322e+02 -3.8061e+02
-1.4709e+02 -1.4175e+02 -9.7085e+01 -2.2824e+02
# New trial
