# 1.0sig - Array shape (trial/sig/alpha): (30, 4, 4)
-1.5683e+02 -1.5612e+02 -1.5373e+02 -2.6372e+02
-1.5678e+02 -1.5555e+02 -1.4558e+02 -1.4817e+02
-1.5663e+02 -1.5410e+02 -1.3181e+02 -1.1848e+02
-1.5647e+02 -1.5248e+02 -1.2793e+02 -1.9130e+02
# New trial
-1.5683e+02 -1.5606e+02 -1.5026e+02 -1.6357e+02
-1.5679e+02 -1.5568e+02 -1.4704e+02 -1.5355e+02
-1.5667e+02 -1.5447e+02 -1.3605e+02 -1.1564e+02
-1.5656e+02 -1.5337e+02 -1.2648e+02 -1.1539e+02
# New trial
-1.5684e+02 -1.5620e+02 -1.5162e+02 -2.2069e+02
-1.5680e+02 -1.5581e+02 -1.4713e+02 -1.3259e+02
-1.5670e+02 -1.5480e+02 -1.3767e+02 -1.2539e+02
-1.5663e+02 -1.5408e+02 -1.3170e+02 -1.3111e+02
# New trial
-1.5683e+02 -1.5605e+02 -1.5179e+02 -3.3292e+02
-1.5678e+02 -1.5561e+02 -1.4609e+02 -1.7391e+02
-1.5668e+02 -1.5456e+02 -1.3515e+02 -1.1541e+02
-1.5662e+02 -1.5402e+02 -1.3045e+02 -1.1538e+02
# New trial
-1.5678e+02 -1.5560e+02 -1.5164e+02 -3.3564e+02
-1.5673e+02 -1.5507e+02 -1.4240e+02 -1.7556e+02
-1.5661e+02 -1.5389e+02 -1.3143e+02 -1.1602e+02
-1.5651e+02 -1.5295e+02 -1.2779e+02 -1.7545e+02
# New trial
-1.5684e+02 -1.5620e+02 -1.5500e+02 -3.4680e+02
-1.5680e+02 -1.5580e+02 -1.4730e+02 -1.7173e+02
-1.5670e+02 -1.5480e+02 -1.3733e+02 -1.1886e+02
-1.5662e+02 -1.5400e+02 -1.3144e+02 -1.4061e+02
# New trial
-1.5689e+02 -1.5670e+02 -1.5657e+02 -2.7379e+02
-1.5687e+02 -1.5645e+02 -1.5263e+02 -1.7563e+02
-1.5682e+02 -1.5599e+02 -1.4791e+02 -1.2742e+02
-1.5679e+02 -1.5571e+02 -1.4512e+02 -1.2307e+02
# New trial
-1.5683e+02 -1.5609e+02 -1.5606e+02 -3.4625e+02
-1.5677e+02 -1.5553e+02 -1.4721e+02 -2.2185e+02
-1.5664e+02 -1.5422e+02 -1.3370e+02 -1.1663e+02
-1.5654e+02 -1.5322e+02 -1.2926e+02 -1.8302e+02
# New trial
-1.5674e+02 -1.5529e+02 -1.4981e+02 -2.7994e+02
-1.5664e+02 -1.5422e+02 -1.3822e+02 -1.6805e+02
-1.5641e+02 -1.5191e+02 -1.2160e+02 -1.1543e+02
-1.5630e+02 -1.5083e+02 -1.1773e+02 -1.1538e+02
# New trial
-1.5681e+02 -1.5589e+02 -1.4949e+02 -2.7548e+02
-1.5676e+02 -1.5537e+02 -1.4435e+02 -2.1792e+02
-1.5662e+02 -1.5399e+02 -1.3043e+02 -1.1550e+02
-1.5650e+02 -1.5281e+02 -1.2479e+02 -1.3057e+02
# New trial
-1.5680e+02 -1.5577e+02 -1.5077e+02 -2.4542e+02
-1.5674e+02 -1.5522e+02 -1.4604e+02 -2.2529e+02
-1.5657e+02 -1.5350e+02 -1.2780e+02 -1.3024e+02
-1.5642e+02 -1.5200e+02 -1.2176e+02 -1.2217e+02
# New trial
-1.5682e+02 -1.5605e+02 -1.5390e+02 -3.0248e+02
-1.5676e+02 -1.5539e+02 -1.4378e+02 -1.4915e+02
-1.5662e+02 -1.5397e+02 -1.3027e+02 -1.1538e+02
-1.5645e+02 -1.5224e+02 -1.2039e+02 -1.1538e+02
# New trial
-1.5688e+02 -1.5657e+02 -1.6077e+02 -4.0187e+02
-1.5680e+02 -1.5584e+02 -1.4917e+02 -2.1465e+02
-1.5668e+02 -1.5463e+02 -1.3659e+02 -1.1566e+02
-1.5661e+02 -1.5390e+02 -1.2996e+02 -1.1640e+02
# New trial
-1.5680e+02 -1.5593e+02 -1.7234e+02 -5.4396e+02
-1.5672e+02 -1.5501e+02 -1.4724e+02 -2.6113e+02
-1.5653e+02 -1.5311e+02 -1.2439e+02 -1.1538e+02
-1.5639e+02 -1.5172e+02 -1.1892e+02 -1.1538e+02
# New trial
-1.5684e+02 -1.5624e+02 -1.5788e+02 -3.5190e+02
-1.5680e+02 -1.5575e+02 -1.4803e+02 -1.7643e+02
-1.5669e+02 -1.5468e+02 -1.3582e+02 -1.1538e+02
-1.5664e+02 -1.5415e+02 -1.3134e+02 -1.1538e+02
# New trial
-1.5680e+02 -1.5605e+02 -1.7293e+02 -5.2428e+02
-1.5671e+02 -1.5506e+02 -1.5123e+02 -2.4090e+02
-1.5649e+02 -1.5274e+02 -1.2676e+02 -1.1538e+02
-1.5642e+02 -1.5203e+02 -1.2702e+02 -1.8899e+02
# New trial
-1.5679e+02 -1.5569e+02 -1.4862e+02 -2.1450e+02
-1.5672e+02 -1.5500e+02 -1.4234e+02 -1.9928e+02
-1.5653e+02 -1.5315e+02 -1.2728e+02 -1.1554e+02
-1.5643e+02 -1.5211e+02 -1.2335e+02 -1.2616e+02
# New trial
-1.5682e+02 -1.5595e+02 -1.4928e+02 -1.8658e+02
-1.5677e+02 -1.5547e+02 -1.4484e+02 -1.3676e+02
-1.5664e+02 -1.5414e+02 -1.3273e+02 -1.1642e+02
-1.5660e+02 -1.5377e+02 -1.2966e+02 -1.2514e+02
# New trial
-1.5683e+02 -1.5614e+02 -1.5899e+02 -3.7725e+02
-1.5678e+02 -1.5559e+02 -1.4938e+02 -2.3244e+02
-1.5663e+02 -1.5404e+02 -1.3097e+02 -1.1548e+02
-1.5649e+02 -1.5270e+02 -1.2252e+02 -1.1538e+02
# New trial
-1.5683e+02 -1.5614e+02 -1.5322e+02 -3.0853e+02
-1.5681e+02 -1.5587e+02 -1.4766e+02 -1.4805e+02
-1.5673e+02 -1.5511e+02 -1.3943e+02 -1.1538e+02
-1.5665e+02 -1.5428e+02 -1.3207e+02 -1.1538e+02
# New trial
-1.5682e+02 -1.5608e+02 -1.5882e+02 -3.3926e+02
-1.5674e+02 -1.5525e+02 -1.4487e+02 -1.5307e+02
-1.5663e+02 -1.5415e+02 -1.3439e+02 -1.2155e+02
-1.5664e+02 -1.5425e+02 -1.3452e+02 -1.5965e+02
# New trial
-1.5684e+02 -1.5615e+02 -1.5326e+02 -3.1699e+02
-1.5680e+02 -1.5580e+02 -1.4652e+02 -1.2560e+02
-1.5671e+02 -1.5492e+02 -1.3808e+02 -1.1583e+02
-1.5659e+02 -1.5365e+02 -1.2824e+02 -1.2197e+02
# New trial
-1.5681e+02 -1.5597e+02 -1.5584e+02 -2.9903e+02
-1.5672e+02 -1.5499e+02 -1.4200e+02 -1.6372e+02
-1.5657e+02 -1.5352e+02 -1.2880e+02 -1.1538e+02
-1.5652e+02 -1.5301e+02 -1.2418e+02 -1.1538e+02
# New trial
-1.5680e+02 -1.5584e+02 -1.5270e+02 -2.1555e+02
-1.5671e+02 -1.5493e+02 -1.4317e+02 -1.6330e+02
-1.5650e+02 -1.5284e+02 -1.2489e+02 -1.1544e+02
-1.5636e+02 -1.5143e+02 -1.2044e+02 -1.1616e+02
# New trial
-1.5683e+02 -1.5622e+02 -1.7105e+02 -5.0135e+02
-1.5673e+02 -1.5513e+02 -1.4555e+02 -1.7155e+02
-1.5653e+02 -1.5309e+02 -1.2566e+02 -1.1538e+02
-1.5639e+02 -1.5172e+02 -1.2100e+02 -1.2315e+02
# New trial
-1.5686e+02 -1.5633e+02 -1.5171e+02 -1.6878e+02
-1.5680e+02 -1.5583e+02 -1.4691e+02 -1.4236e+02
-1.5668e+02 -1.5454e+02 -1.3562e+02 -1.1701e+02
-1.5658e+02 -1.5356e+02 -1.2662e+02 -1.1538e+02
# New trial
-1.5681e+02 -1.5587e+02 -1.5248e+02 -3.2907e+02
-1.5677e+02 -1.5548e+02 -1.4565e+02 -1.9410e+02
-1.5666e+02 -1.5440e+02 -1.3495e+02 -1.1583e+02
-1.5657e+02 -1.5345e+02 -1.2920e+02 -1.4870e+02
# New trial
-1.5684e+02 -1.5631e+02 -1.6054e+02 -3.7902e+02
-1.5677e+02 -1.5550e+02 -1.4839e+02 -2.3081e+02
-1.5657e+02 -1.5349e+02 -1.2811e+02 -1.3325e+02
-1.5639e+02 -1.5168e+02 -1.2129e+02 -1.2927e+02
# New trial
-1.5685e+02 -1.5625e+02 -1.5299e+02 -2.3607e+02
-1.5679e+02 -1.5569e+02 -1.4669e+02 -1.8939e+02
-1.5664e+02 -1.5423e+02 -1.3286e+02 -1.1538e+02
-1.5655e+02 -1.5327e+02 -1.2483e+02 -1.1538e+02
# New trial
-1.5681e+02 -1.5588e+02 -1.4869e+02 -2.0626e+02
-1.5677e+02 -1.5554e+02 -1.4498e+02 -1.6737e+02
-1.5667e+02 -1.5445e+02 -1.3444e+02 -1.1728e+02
-1.5656e+02 -1.5334e+02 -1.2614e+02 -1.1540e+02
# New trial
