# 1.0sig - Array shape (trial/sig/alpha): (30, 4, 4)
-1.6605e+02 -1.6527e+02 -1.6088e+02 -2.4864e+02
-1.6600e+02 -1.6472e+02 -1.5346e+02 -1.5751e+02
-1.6586e+02 -1.6334e+02 -1.4058e+02 -1.2565e+02
-1.6570e+02 -1.6172e+02 -1.3047e+02 -1.2461e+02
# New trial
-1.6606e+02 -1.6529e+02 -1.5912e+02 -1.6944e+02
-1.6602e+02 -1.6487e+02 -1.5523e+02 -1.3588e+02
-1.6589e+02 -1.6363e+02 -1.4372e+02 -1.2475e+02
-1.6578e+02 -1.6251e+02 -1.3478e+02 -1.2492e+02
# New trial
-1.6606e+02 -1.6534e+02 -1.5915e+02 -1.6888e+02
-1.6603e+02 -1.6497e+02 -1.5535e+02 -1.3787e+02
-1.6593e+02 -1.6404e+02 -1.4733e+02 -1.3849e+02
-1.6587e+02 -1.6338e+02 -1.4422e+02 -1.9068e+02
# New trial
-1.6607e+02 -1.6546e+02 -1.6440e+02 -3.1659e+02
-1.6603e+02 -1.6502e+02 -1.5781e+02 -1.9002e+02
-1.6592e+02 -1.6395e+02 -1.4651e+02 -1.2644e+02
-1.6585e+02 -1.6322e+02 -1.4123e+02 -1.7755e+02
# New trial
-1.6601e+02 -1.6490e+02 -1.6197e+02 -3.2589e+02
-1.6596e+02 -1.6431e+02 -1.5139e+02 -1.7183e+02
-1.6584e+02 -1.6315e+02 -1.3885e+02 -1.2461e+02
-1.6578e+02 -1.6246e+02 -1.3440e+02 -1.2461e+02
# New trial
-1.6607e+02 -1.6545e+02 -1.6240e+02 -3.3676e+02
-1.6604e+02 -1.6508e+02 -1.5665e+02 -1.7582e+02
-1.6594e+02 -1.6413e+02 -1.4695e+02 -1.2464e+02
-1.6587e+02 -1.6339e+02 -1.4035e+02 -1.2461e+02
# New trial
-1.6611e+02 -1.6582e+02 -1.6433e+02 -2.8790e+02
-1.6609e+02 -1.6559e+02 -1.6082e+02 -1.5802e+02
-1.6604e+02 -1.6513e+02 -1.5618e+02 -1.3001e+02
-1.6600e+02 -1.6473e+02 -1.5230e+02 -1.2838e+02
# New trial
-1.6607e+02 -1.6543e+02 -1.6606e+02 -3.4699e+02
-1.6601e+02 -1.6485e+02 -1.5640e+02 -2.3184e+02
-1.6588e+02 -1.6353e+02 -1.4216e+02 -1.2461e+02
-1.6578e+02 -1.6256e+02 -1.3495e+02 -1.2461e+02
# New trial
-1.6598e+02 -1.6459e+02 -1.5835e+02 -2.4561e+02
-1.6589e+02 -1.6362e+02 -1.4884e+02 -1.8840e+02
-1.6566e+02 -1.6141e+02 -1.3462e+02 -1.2471e+02
-1.6552e+02 -1.6000e+02 -1.3119e+02 -1.4207e+02
# New trial
-1.6605e+02 -1.6524e+02 -1.5886e+02 -2.5604e+02
-1.6600e+02 -1.6474e+02 -1.5365e+02 -1.8041e+02
-1.6587e+02 -1.6339e+02 -1.4077e+02 -1.2461e+02
-1.6573e+02 -1.6199e+02 -1.3266e+02 -1.2461e+02
# New trial
-1.6603e+02 -1.6504e+02 -1.5870e+02 -2.4205e+02
-1.6598e+02 -1.6451e+02 -1.5390e+02 -2.1807e+02
-1.6582e+02 -1.6293e+02 -1.3894e+02 -1.4443e+02
-1.6567e+02 -1.6138e+02 -1.3237e+02 -1.5415e+02
# New trial
-1.6607e+02 -1.6543e+02 -1.6662e+02 -3.3591e+02
-1.6600e+02 -1.6469e+02 -1.5347e+02 -1.6387e+02
-1.6586e+02 -1.6328e+02 -1.3929e+02 -1.2461e+02
-1.6569e+02 -1.6158e+02 -1.3002e+02 -1.2461e+02
# New trial
-1.6609e+02 -1.6563e+02 -1.6687e+02 -3.6793e+02
-1.6602e+02 -1.6493e+02 -1.5689e+02 -2.0809e+02
-1.6591e+02 -1.6383e+02 -1.4565e+02 -1.2476e+02
-1.6587e+02 -1.6339e+02 -1.4078e+02 -1.2461e+02
# New trial
-1.6606e+02 -1.6542e+02 -1.7950e+02 -5.6925e+02
-1.6598e+02 -1.6459e+02 -1.5868e+02 -2.7733e+02
-1.6578e+02 -1.6256e+02 -1.3647e+02 -1.2461e+02
-1.6558e+02 -1.6053e+02 -1.2660e+02 -1.2461e+02
# New trial
-1.6608e+02 -1.6554e+02 -1.6461e+02 -3.5216e+02
-1.6604e+02 -1.6513e+02 -1.5784e+02 -1.7666e+02
-1.6593e+02 -1.6403e+02 -1.4654e+02 -1.2468e+02
-1.6584e+02 -1.6314e+02 -1.4021e+02 -1.5789e+02
# New trial
-1.6603e+02 -1.6517e+02 -1.7841e+02 -5.1658e+02
-1.6595e+02 -1.6428e+02 -1.5844e+02 -2.5354e+02
-1.6574e+02 -1.6222e+02 -1.3814e+02 -1.2916e+02
-1.6568e+02 -1.6160e+02 -1.3817e+02 -1.8740e+02
# New trial
-1.6604e+02 -1.6514e+02 -1.5975e+02 -2.2552e+02
-1.6597e+02 -1.6446e+02 -1.5246e+02 -1.4736e+02
-1.6578e+02 -1.6250e+02 -1.3424e+02 -1.2461e+02
-1.6561e+02 -1.6088e+02 -1.2775e+02 -1.2461e+02
# New trial
-1.6605e+02 -1.6524e+02 -1.5951e+02 -1.9170e+02
-1.6601e+02 -1.6481e+02 -1.5569e+02 -1.6467e+02
-1.6588e+02 -1.6350e+02 -1.4336e+02 -1.2747e+02
-1.6581e+02 -1.6282e+02 -1.3875e+02 -1.5765e+02
# New trial
-1.6606e+02 -1.6538e+02 -1.6851e+02 -3.8755e+02
-1.6601e+02 -1.6482e+02 -1.5857e+02 -2.3265e+02
-1.6586e+02 -1.6335e+02 -1.4080e+02 -1.2461e+02
-1.6576e+02 -1.6227e+02 -1.3317e+02 -1.2461e+02
# New trial
-1.6606e+02 -1.6529e+02 -1.6051e+02 -3.0132e+02
-1.6604e+02 -1.6508e+02 -1.5621e+02 -1.6027e+02
-1.6597e+02 -1.6443e+02 -1.4942e+02 -1.2461e+02
-1.6588e+02 -1.6355e+02 -1.4163e+02 -1.2461e+02
# New trial
-1.6606e+02 -1.6536e+02 -1.6762e+02 -3.3277e+02
-1.6598e+02 -1.6450e+02 -1.5393e+02 -1.6362e+02
-1.6586e+02 -1.6338e+02 -1.4296e+02 -1.2474e+02
-1.6587e+02 -1.6341e+02 -1.4134e+02 -1.2502e+02
# New trial
-1.6607e+02 -1.6545e+02 -1.6253e+02 -3.1957e+02
-1.6604e+02 -1.6510e+02 -1.5616e+02 -1.2843e+02
-1.6595e+02 -1.6425e+02 -1.4804e+02 -1.2475e+02
-1.6582e+02 -1.6289e+02 -1.3658e+02 -1.2461e+02
# New trial
-1.6605e+02 -1.6519e+02 -1.6207e+02 -2.9842e+02
-1.6596e+02 -1.6434e+02 -1.5065e+02 -1.3066e+02
-1.6581e+02 -1.6281e+02 -1.3762e+02 -1.2461e+02
-1.6576e+02 -1.6229e+02 -1.3532e+02 -1.5433e+02
# New trial
-1.6602e+02 -1.6495e+02 -1.6017e+02 -2.1113e+02
-1.6594e+02 -1.6413e+02 -1.5114e+02 -1.5774e+02
-1.6575e+02 -1.6223e+02 -1.3476e+02 -1.2463e+02
-1.6563e+02 -1.6106e+02 -1.2928e+02 -1.2461e+02
# New trial
-1.6602e+02 -1.6511e+02 -1.7808e+02 -4.8990e+02
-1.6594e+02 -1.6411e+02 -1.5287e+02 -1.9189e+02
-1.6576e+02 -1.6232e+02 -1.3466e+02 -1.2461e+02
-1.6566e+02 -1.6129e+02 -1.2916e+02 -1.2461e+02
# New trial
-1.6609e+02 -1.6559e+02 -1.6100e+02 -1.5899e+02
-1.6604e+02 -1.6510e+02 -1.5642e+02 -1.4201e+02
-1.6592e+02 -1.6391e+02 -1.4592e+02 -1.2576e+02
-1.6582e+02 -1.6294e+02 -1.3765e+02 -1.2461e+02
# New trial
-1.6604e+02 -1.6510e+02 -1.5990e+02 -2.8821e+02
-1.6600e+02 -1.6470e+02 -1.5405e+02 -1.7080e+02
-1.6589e+02 -1.6358e+02 -1.4249e+02 -1.2461e+02
-1.6580e+02 -1.6272e+02 -1.3588e+02 -1.2461e+02
# New trial
-1.6609e+02 -1.6570e+02 -1.7070e+02 -3.5070e+02
-1.6600e+02 -1.6480e+02 -1.5923e+02 -2.5309e+02
-1.6579e+02 -1.6260e+02 -1.3626e+02 -1.2461e+02
-1.6559e+02 -1.6059e+02 -1.2757e+02 -1.2461e+02
# New trial
-1.6607e+02 -1.6540e+02 -1.6089e+02 -2.2289e+02
-1.6602e+02 -1.6490e+02 -1.5574e+02 -1.9249e+02
-1.6588e+02 -1.6352e+02 -1.4269e+02 -1.2464e+02
-1.6577e+02 -1.6244e+02 -1.3389e+02 -1.2461e+02
# New trial
-1.6605e+02 -1.6526e+02 -1.5959e+02 -2.6118e+02
-1.6602e+02 -1.6489e+02 -1.5494e+02 -1.5983e+02
-1.6591e+02 -1.6376e+02 -1.4353e+02 -1.2461e+02
-1.6577e+02 -1.6243e+02 -1.3402e+02 -1.2461e+02
# New trial
