# 10.0sig - Array shape (trial/sig/alpha): (30, 4, 4)
-1.5689e+02 -1.5665e+02 -1.5483e+02 -2.1448e+02
-1.5689e+02 -1.5666e+02 -1.5480e+02 -1.9186e+02
-1.5687e+02 -1.5649e+02 -1.5277e+02 -1.4491e+02
-1.5683e+02 -1.5604e+02 -1.4828e+02 -1.2938e+02
# New trial
-1.5692e+02 -1.5714e+02 -1.7310e+02 -4.9361e+02
-1.5688e+02 -1.5669e+02 -1.6265e+02 -3.3987e+02
-1.5678e+02 -1.5564e+02 -1.4634e+02 -1.5680e+02
-1.5668e+02 -1.5460e+02 -1.3527e+02 -1.2461e+02
# New trial
-1.5691e+02 -1.5688e+02 -1.6016e+02 -3.0478e+02
-1.5688e+02 -1.5661e+02 -1.5584e+02 -2.4991e+02
-1.5681e+02 -1.5586e+02 -1.4687e+02 -1.3747e+02
-1.5671e+02 -1.5492e+02 -1.3798e+02 -1.2461e+02
# New trial
-1.5689e+02 -1.5670e+02 -1.5598e+02 -2.3426e+02
-1.5687e+02 -1.5653e+02 -1.5445e+02 -2.1299e+02
-1.5681e+02 -1.5584e+02 -1.4713e+02 -1.6294e+02
-1.5671e+02 -1.5489e+02 -1.3797e+02 -1.2461e+02
# New trial
-1.5692e+02 -1.5704e+02 -1.6474e+02 -3.8623e+02
-1.5689e+02 -1.5671e+02 -1.5705e+02 -2.7761e+02
-1.5684e+02 -1.5622e+02 -1.5048e+02 -1.4745e+02
-1.5679e+02 -1.5567e+02 -1.4476e+02 -1.2684e+02
# New trial
-1.5688e+02 -1.5661e+02 -1.5491e+02 -1.9501e+02
-1.5686e+02 -1.5640e+02 -1.5264e+02 -1.8803e+02
-1.5680e+02 -1.5573e+02 -1.4561e+02 -1.3160e+02
-1.5670e+02 -1.5477e+02 -1.3680e+02 -1.2461e+02
# New trial
-1.5690e+02 -1.5682e+02 -1.5672e+02 -2.7997e+02
-1.5690e+02 -1.5674e+02 -1.5571e+02 -2.3445e+02
-1.5687e+02 -1.5643e+02 -1.5230e+02 -1.5728e+02
-1.5681e+02 -1.5584e+02 -1.4630e+02 -1.2463e+02
# New trial
-1.5689e+02 -1.5668e+02 -1.5817e+02 -2.9651e+02
-1.5687e+02 -1.5650e+02 -1.5588e+02 -2.6729e+02
-1.5681e+02 -1.5591e+02 -1.4821e+02 -1.4991e+02
-1.5674e+02 -1.5522e+02 -1.4066e+02 -1.2461e+02
# New trial
-1.5692e+02 -1.5709e+02 -1.7442e+02 -5.3382e+02
-1.5689e+02 -1.5672e+02 -1.6048e+02 -3.2626e+02
-1.5681e+02 -1.5591e+02 -1.4882e+02 -2.1784e+02
-1.5673e+02 -1.5505e+02 -1.3983e+02 -1.4458e+02
# New trial
-1.5690e+02 -1.5678e+02 -1.5688e+02 -2.3406e+02
-1.5688e+02 -1.5660e+02 -1.5406e+02 -1.7035e+02
-1.5685e+02 -1.5628e+02 -1.5075e+02 -1.5310e+02
-1.5681e+02 -1.5586e+02 -1.4670e+02 -1.4232e+02
# New trial
-1.5693e+02 -1.5720e+02 -1.7424e+02 -5.1018e+02
-1.5687e+02 -1.5653e+02 -1.6573e+02 -4.5738e+02
-1.5678e+02 -1.5555e+02 -1.4586e+02 -2.0371e+02
-1.5667e+02 -1.5452e+02 -1.3538e+02 -1.2465e+02
# New trial
-1.5697e+02 -1.5754e+02 -1.7538e+02 -4.8685e+02
-1.5690e+02 -1.5683e+02 -1.5747e+02 -2.0529e+02
-1.5686e+02 -1.5633e+02 -1.5150e+02 -1.5075e+02
-1.5681e+02 -1.5588e+02 -1.4679e+02 -1.2511e+02
# New trial
-1.5690e+02 -1.5680e+02 -1.6258e+02 -3.6217e+02
-1.5687e+02 -1.5653e+02 -1.5595e+02 -2.6175e+02
-1.5681e+02 -1.5584e+02 -1.4710e+02 -1.4394e+02
-1.5671e+02 -1.5492e+02 -1.3825e+02 -1.2464e+02
# New trial
-1.5693e+02 -1.5712e+02 -1.6147e+02 -2.9865e+02
-1.5691e+02 -1.5691e+02 -1.5799e+02 -2.2999e+02
-1.5685e+02 -1.5626e+02 -1.5087e+02 -1.6215e+02
-1.5676e+02 -1.5539e+02 -1.4225e+02 -1.2462e+02
# New trial
-1.5691e+02 -1.5691e+02 -1.6223e+02 -3.4107e+02
-1.5688e+02 -1.5660e+02 -1.5655e+02 -2.5305e+02
-1.5681e+02 -1.5584e+02 -1.4683e+02 -1.2811e+02
-1.5672e+02 -1.5499e+02 -1.3857e+02 -1.2461e+02
# New trial
-1.5695e+02 -1.5735e+02 -1.7817e+02 -5.3530e+02
-1.5690e+02 -1.5687e+02 -1.6210e+02 -3.3795e+02
-1.5680e+02 -1.5584e+02 -1.4949e+02 -2.3570e+02
-1.5668e+02 -1.5455e+02 -1.3614e+02 -1.4873e+02
# New trial
-1.5689e+02 -1.5672e+02 -1.6859e+02 -4.6440e+02
-1.5685e+02 -1.5630e+02 -1.5377e+02 -2.5132e+02
-1.5678e+02 -1.5555e+02 -1.4445e+02 -1.3971e+02
-1.5670e+02 -1.5474e+02 -1.3655e+02 -1.2461e+02
# New trial
-1.5691e+02 -1.5689e+02 -1.5987e+02 -3.0365e+02
-1.5688e+02 -1.5654e+02 -1.5436e+02 -2.5097e+02
-1.5680e+02 -1.5581e+02 -1.4673e+02 -1.5497e+02
-1.5670e+02 -1.5478e+02 -1.3685e+02 -1.2461e+02
# New trial
-1.5691e+02 -1.5687e+02 -1.5815e+02 -2.5541e+02
-1.5689e+02 -1.5665e+02 -1.5460e+02 -1.5956e+02
-1.5686e+02 -1.5634e+02 -1.5128e+02 -1.2915e+02
-1.5681e+02 -1.5588e+02 -1.4669e+02 -1.2461e+02
# New trial
-1.5695e+02 -1.5732e+02 -1.7044e+02 -4.4864e+02
-1.5691e+02 -1.5693e+02 -1.5946e+02 -3.0474e+02
-1.5685e+02 -1.5624e+02 -1.5091e+02 -1.9641e+02
-1.5675e+02 -1.5530e+02 -1.4162e+02 -1.2976e+02
# New trial
-1.5691e+02 -1.5686e+02 -1.5898e+02 -2.8986e+02
-1.5688e+02 -1.5655e+02 -1.5368e+02 -1.8033e+02
-1.5683e+02 -1.5603e+02 -1.4824e+02 -1.3256e+02
-1.5675e+02 -1.5527e+02 -1.4095e+02 -1.2461e+02
# New trial
-1.5690e+02 -1.5677e+02 -1.5638e+02 -2.4326e+02
-1.5689e+02 -1.5665e+02 -1.5541e+02 -2.3916e+02
-1.5683e+02 -1.5608e+02 -1.4914e+02 -1.6737e+02
-1.5675e+02 -1.5526e+02 -1.4144e+02 -1.2565e+02
# New trial
-1.5691e+02 -1.5694e+02 -1.5902e+02 -2.4944e+02
-1.5689e+02 -1.5669e+02 -1.5594e+02 -2.2964e+02
-1.5683e+02 -1.5603e+02 -1.4842e+02 -1.3279e+02
-1.5675e+02 -1.5523e+02 -1.4076e+02 -1.2461e+02
# New trial
-1.5690e+02 -1.5684e+02 -1.6059e+02 -3.1260e+02
-1.5687e+02 -1.5654e+02 -1.5772e+02 -2.7944e+02
-1.5679e+02 -1.5567e+02 -1.4663e+02 -1.6471e+02
-1.5666e+02 -1.5434e+02 -1.3356e+02 -1.2461e+02
# New trial
-1.5691e+02 -1.5693e+02 -1.6472e+02 -3.6890e+02
-1.5687e+02 -1.5654e+02 -1.5814e+02 -2.9516e+02
-1.5678e+02 -1.5563e+02 -1.4530e+02 -1.6035e+02
-1.5669e+02 -1.5469e+02 -1.3641e+02 -1.2464e+02
# New trial
-1.5695e+02 -1.5748e+02 -1.7893e+02 -5.4615e+02
-1.5689e+02 -1.5679e+02 -1.6385e+02 -3.8387e+02
-1.5677e+02 -1.5546e+02 -1.4530e+02 -2.0652e+02
-1.5662e+02 -1.5395e+02 -1.3354e+02 -1.5164e+02
# New trial
-1.5698e+02 -1.5776e+02 -1.8075e+02 -5.2429e+02
-1.5691e+02 -1.5693e+02 -1.6091e+02 -3.2742e+02
-1.5682e+02 -1.5598e+02 -1.4879e+02 -1.9280e+02
-1.5672e+02 -1.5499e+02 -1.4087e+02 -1.7842e+02
# New trial
-1.5689e+02 -1.5664e+02 -1.5435e+02 -1.6090e+02
-1.5687e+02 -1.5652e+02 -1.5322e+02 -1.6447e+02
-1.5683e+02 -1.5610e+02 -1.4907e+02 -1.4416e+02
-1.5677e+02 -1.5550e+02 -1.4337e+02 -1.4460e+02
# New trial
-1.5687e+02 -1.5649e+02 -1.5776e+02 -3.7341e+02
-1.5685e+02 -1.5628e+02 -1.5353e+02 -2.5540e+02
-1.5677e+02 -1.5546e+02 -1.4373e+02 -1.2472e+02
-1.5667e+02 -1.5450e+02 -1.3470e+02 -1.2461e+02
# New trial
-1.5691e+02 -1.5692e+02 -1.5967e+02 -3.1407e+02
-1.5690e+02 -1.5679e+02 -1.5678e+02 -2.4576e+02
-1.5686e+02 -1.5634e+02 -1.5146e+02 -1.6309e+02
-1.5679e+02 -1.5563e+02 -1.4481e+02 -1.2714e+02
# New trial
