# 1.0sig - Array shape (trial/sig/alpha): (30L, 4L, 4L)
-1.1514e+02 -1.1350e+02 -1.4363e+02 -8.9748e+02
-1.1506e+02 -1.1246e+02 -1.0839e+02 -4.3185e+02
-1.1476e+02 -1.0926e+02 -6.8671e+01 -2.4964e+02
-1.1456e+02 -1.0722e+02 -6.3099e+01 -2.5516e+02
# New trial
-1.1507e+02 -1.1280e+02 -1.2585e+02 -6.1642e+02
-1.1499e+02 -1.1179e+02 -9.5527e+01 -2.0954e+02
-1.1484e+02 -1.1019e+02 -7.3757e+01 -1.3988e+02
-1.1484e+02 -1.1002e+02 -7.0091e+01 -6.4029e+01
# New trial
-1.1507e+02 -1.1260e+02 -1.1820e+02 -6.7436e+02
-1.1504e+02 -1.1225e+02 -1.0055e+02 -3.0040e+02
-1.1490e+02 -1.1069e+02 -7.7754e+01 -2.3547e+02
-1.1476e+02 -1.0921e+02 -6.4700e+01 -1.5793e+02
# New trial
-1.1509e+02 -1.1273e+02 -1.2026e+02 -7.5750e+02
-1.1505e+02 -1.1235e+02 -1.0661e+02 -3.9625e+02
-1.1490e+02 -1.1072e+02 -7.6369e+01 -9.3953e+01
-1.1488e+02 -1.1046e+02 -7.2032e+01 -9.5730e+01
# New trial
-1.1506e+02 -1.1284e+02 -1.5752e+02 -1.1169e+03
-1.1492e+02 -1.1119e+02 -1.0477e+02 -4.9398e+02
-1.1475e+02 -1.0918e+02 -6.8176e+01 -2.5637e+02
-1.1478e+02 -1.0946e+02 -7.2347e+01 -2.8431e+02
# New trial
-1.1507e+02 -1.1266e+02 -1.2094e+02 -7.8438e+02
-1.1506e+02 -1.1234e+02 -1.0119e+02 -3.6746e+02
-1.1491e+02 -1.1080e+02 -7.7770e+01 -1.6664e+02
-1.1483e+02 -1.0996e+02 -6.9217e+01 -1.3810e+02
# New trial
-1.1524e+02 -1.1424e+02 -1.3085e+02 -7.8396e+02
-1.1520e+02 -1.1371e+02 -1.0517e+02 -3.3458e+02
-1.1513e+02 -1.1293e+02 -9.2705e+01 -1.0611e+02
-1.1515e+02 -1.1307e+02 -9.3211e+01 -6.2889e+01
# New trial
-1.1517e+02 -1.1383e+02 -1.5078e+02 -9.9720e+02
-1.1502e+02 -1.1209e+02 -1.0799e+02 -5.4768e+02
-1.1479e+02 -1.0956e+02 -7.1122e+01 -1.7239e+02
-1.1483e+02 -1.0995e+02 -7.3572e+01 -1.3493e+02
# New trial
-1.1485e+02 -1.1209e+02 -1.7273e+02 -1.2377e+03
-1.1464e+02 -1.0899e+02 -1.2051e+02 -7.5308e+02
-1.1426e+02 -1.0446e+02 -5.6244e+01 -2.8284e+02
-1.1440e+02 -1.0571e+02 -6.3257e+01 -4.0359e+02
# New trial
-1.1507e+02 -1.1284e+02 -1.3266e+02 -7.9237e+02
-1.1498e+02 -1.1173e+02 -1.1092e+02 -5.7524e+02
-1.1471e+02 -1.0876e+02 -6.4533e+01 -2.1892e+02
-1.1460e+02 -1.0762e+02 -5.8913e+01 -1.0445e+02
# New trial
-1.1495e+02 -1.1197e+02 -1.4514e+02 -9.3772e+02
-1.1486e+02 -1.1084e+02 -1.2149e+02 -7.1710e+02
-1.1464e+02 -1.0811e+02 -6.7386e+01 -2.8598e+02
-1.1467e+02 -1.0833e+02 -6.3701e+01 -2.0942e+02
# New trial
-1.1522e+02 -1.1496e+02 -1.8374e+02 -1.3421e+03
-1.1501e+02 -1.1202e+02 -1.0560e+02 -4.5046e+02
-1.1470e+02 -1.0867e+02 -6.0005e+01 -1.6643e+02
-1.1452e+02 -1.0682e+02 -5.4411e+01 -6.9995e+01
# New trial
-1.1514e+02 -1.1342e+02 -1.4186e+02 -9.0065e+02
-1.1499e+02 -1.1178e+02 -1.0093e+02 -3.5949e+02
-1.1486e+02 -1.1036e+02 -7.6412e+01 -1.4071e+02
-1.1493e+02 -1.1089e+02 -7.7544e+01 -1.4446e+02
# New trial
-1.1505e+02 -1.1385e+02 -2.2766e+02 -1.8894e+03
-1.1487e+02 -1.1113e+02 -1.3029e+02 -7.2271e+02
-1.1459e+02 -1.0774e+02 -6.5919e+01 -2.5216e+02
-1.1465e+02 -1.0821e+02 -6.4801e+01 -1.0908e+02
# New trial
-1.1509e+02 -1.1299e+02 -1.3687e+02 -8.9382e+02
-1.1509e+02 -1.1273e+02 -1.0891e+02 -3.9697e+02
-1.1495e+02 -1.1112e+02 -7.8846e+01 -1.4395e+02
-1.1487e+02 -1.1032e+02 -7.0454e+01 -6.1972e+01
# New trial
-1.1478e+02 -1.1103e+02 -1.7827e+02 -1.4872e+03
-1.1473e+02 -1.1006e+02 -1.2292e+02 -6.9708e+02
-1.1451e+02 -1.0715e+02 -6.8418e+01 -2.6166e+02
-1.1464e+02 -1.0808e+02 -6.5401e+01 -2.2503e+02
# New trial
-1.1501e+02 -1.1258e+02 -1.4294e+02 -8.4995e+02
-1.1489e+02 -1.1097e+02 -1.0670e+02 -5.4256e+02
-1.1451e+02 -1.0689e+02 -5.5410e+01 -2.2285e+02
-1.1457e+02 -1.0734e+02 -5.7719e+01 -1.0238e+02
# New trial
-1.1504e+02 -1.1249e+02 -1.2350e+02 -6.0100e+02
-1.1497e+02 -1.1171e+02 -1.0927e+02 -4.1506e+02
-1.1477e+02 -1.0947e+02 -7.4248e+01 -1.7321e+02
-1.1482e+02 -1.0983e+02 -8.3697e+01 -4.1110e+02
# New trial
-1.1499e+02 -1.1213e+02 -1.5080e+02 -1.1284e+03
-1.1499e+02 -1.1183e+02 -1.1849e+02 -6.5970e+02
-1.1476e+02 -1.0932e+02 -6.7881e+01 -2.1268e+02
-1.1465e+02 -1.0812e+02 -6.0143e+01 -1.1106e+02
# New trial
-1.1518e+02 -1.1399e+02 -1.5066e+02 -1.0495e+03
-1.1514e+02 -1.1318e+02 -1.1412e+02 -5.1489e+02
-1.1498e+02 -1.1143e+02 -8.2161e+01 -1.7997e+02
-1.1487e+02 -1.1033e+02 -7.1165e+01 -1.2784e+02
# New trial
-1.1504e+02 -1.1302e+02 -1.6634e+02 -1.0681e+03
-1.1485e+02 -1.1053e+02 -9.5114e+01 -3.4158e+02
-1.1482e+02 -1.0994e+02 -7.2504e+01 -1.3997e+02
-1.1508e+02 -1.1247e+02 -8.9647e+01 -2.0312e+02
# New trial
-1.1505e+02 -1.1227e+02 -1.1493e+02 -8.6846e+02
-1.1504e+02 -1.1209e+02 -9.1447e+01 -2.1589e+02
-1.1491e+02 -1.1071e+02 -7.4059e+01 -1.1509e+02
-1.1486e+02 -1.1022e+02 -6.9422e+01 -5.9336e+01
# New trial
-1.1502e+02 -1.1353e+02 -1.9454e+02 -1.3543e+03
-1.1480e+02 -1.1033e+02 -1.0187e+02 -5.0890e+02
-1.1464e+02 -1.0826e+02 -6.1923e+01 -1.5352e+02
-1.1484e+02 -1.1000e+02 -7.0499e+01 -8.6050e+01
# New trial
-1.1513e+02 -1.1412e+02 -1.6091e+02 -9.8152e+02
-1.1498e+02 -1.1197e+02 -1.1379e+02 -5.0664e+02
-1.1459e+02 -1.0775e+02 -6.6843e+01 -2.3934e+02
-1.1438e+02 -1.0546e+02 -5.4380e+01 -1.5312e+02
# New trial
-1.1526e+02 -1.1524e+02 -1.9626e+02 -1.4250e+03
-1.1509e+02 -1.1298e+02 -1.2437e+02 -5.9070e+02
-1.1465e+02 -1.0835e+02 -6.9996e+01 -2.2405e+02
-1.1467e+02 -1.0841e+02 -6.7309e+01 -1.5138e+02
# New trial
-1.1512e+02 -1.1306e+02 -1.1374e+02 -4.4338e+02
-1.1502e+02 -1.1199e+02 -9.4592e+01 -2.2444e+02
-1.1486e+02 -1.1031e+02 -7.4565e+01 -1.6361e+02
-1.1493e+02 -1.1095e+02 -7.6167e+01 -8.7306e+01
# New trial
-1.1493e+02 -1.1159e+02 -1.3882e+02 -9.7843e+02
-1.1495e+02 -1.1144e+02 -1.0209e+02 -3.9202e+02
-1.1487e+02 -1.1037e+02 -7.7018e+01 -1.9811e+02
-1.1488e+02 -1.1042e+02 -7.5260e+01 -2.4924e+02
# New trial
-1.1505e+02 -1.1406e+02 -2.0793e+02 -1.6421e+03
-1.1490e+02 -1.1151e+02 -1.2852e+02 -7.4595e+02
-1.1458e+02 -1.0761e+02 -6.1447e+01 -2.2671e+02
-1.1455e+02 -1.0720e+02 -5.9888e+01 -2.7909e+02
# New trial
-1.1511e+02 -1.1321e+02 -1.3234e+02 -7.2359e+02
-1.1499e+02 -1.1180e+02 -9.9391e+01 -2.9888e+02
-1.1478e+02 -1.0953e+02 -7.1499e+01 -1.4193e+02
-1.1484e+02 -1.1004e+02 -7.1296e+01 -1.0396e+02
# New trial
-1.1506e+02 -1.1269e+02 -1.3729e+02 -9.4706e+02
-1.1503e+02 -1.1216e+02 -1.0750e+02 -4.4085e+02
-1.1485e+02 -1.1022e+02 -7.2876e+01 -1.8165e+02
-1.1476e+02 -1.0919e+02 -6.5432e+01 -1.7391e+02
# New trial
