# 1.0sig - Array shape (trial/sig/alpha): (30L, 4L, 4L)
-4.1486e+01 -4.1267e+01 -5.6137e+01 -3.2688e+02
-4.1526e+01 -4.1545e+01 -4.9853e+01 -2.3498e+02
-4.1530e+01 -4.1503e+01 -4.3856e+01 -1.9638e+02
-4.1533e+01 -4.1508e+01 -4.1576e+01 -1.0400e+02
# New trial
-4.1460e+01 -4.0964e+01 -5.0502e+01 -2.5289e+02
-4.1481e+01 -4.1073e+01 -4.1962e+01 -1.2753e+02
-4.1526e+01 -4.1465e+01 -4.2482e+01 -1.2032e+02
-4.1536e+01 -4.1537e+01 -4.1908e+01 -1.1835e+02
# New trial
-4.1487e+01 -4.1209e+01 -5.5198e+01 -3.6922e+02
-4.1520e+01 -4.1491e+01 -4.9387e+01 -2.5136e+02
-4.1553e+01 -4.1752e+01 -4.6055e+01 -1.8290e+02
-4.1530e+01 -4.1494e+01 -4.1583e+01 -6.0840e+01
# New trial
-4.1431e+01 -4.0619e+01 -4.4057e+01 -2.0683e+02
-4.1483e+01 -4.1098e+01 -4.3628e+01 -1.5122e+02
-4.1518e+01 -4.1385e+01 -4.1640e+01 -1.1054e+02
-4.1536e+01 -4.1533e+01 -4.1616e+01 -7.6388e+01
# New trial
-4.1474e+01 -4.1278e+01 -6.4424e+01 -4.1285e+02
-4.1463e+01 -4.0967e+01 -4.8083e+01 -2.4486e+02
-4.1506e+01 -4.1278e+01 -4.3090e+01 -2.0453e+02
-4.1533e+01 -4.1511e+01 -4.1591e+01 -8.2819e+01
# New trial
-4.1442e+01 -4.0799e+01 -4.6788e+01 -2.1421e+02
-4.1500e+01 -4.1266e+01 -4.5385e+01 -1.8838e+02
-4.1528e+01 -4.1469e+01 -4.2515e+01 -1.3660e+02
-4.1535e+01 -4.1531e+01 -4.1571e+01 -6.2354e+01
# New trial
-4.1508e+01 -4.1378e+01 -5.0830e+01 -2.6726e+02
-4.1538e+01 -4.1593e+01 -4.4917e+01 -1.4757e+02
-4.1541e+01 -4.1591e+01 -4.2762e+01 -9.0407e+01
-4.1537e+01 -4.1543e+01 -4.1784e+01 -7.3182e+01
# New trial
-4.1549e+01 -4.1899e+01 -6.0532e+01 -3.6119e+02
-4.1522e+01 -4.1509e+01 -4.7820e+01 -2.0576e+02
-4.1517e+01 -4.1375e+01 -4.1735e+01 -1.1544e+02
-4.1531e+01 -4.1492e+01 -4.1323e+01 -4.4418e+01
# New trial
-4.1538e+01 -4.2437e+01 -8.1773e+01 -5.9518e+02
-4.1585e+01 -4.2410e+01 -7.1222e+01 -4.8357e+02
-4.1556e+01 -4.1816e+01 -5.2254e+01 -3.1151e+02
-4.1535e+01 -4.1528e+01 -4.1614e+01 -5.7812e+01
# New trial
-4.1482e+01 -4.1274e+01 -5.2720e+01 -2.6811e+02
-4.1526e+01 -4.1537e+01 -4.8241e+01 -2.1346e+02
-4.1531e+01 -4.1504e+01 -4.3239e+01 -1.7405e+02
-4.1537e+01 -4.1553e+01 -4.2774e+01 -1.6909e+02
# New trial
-4.1563e+01 -4.2280e+01 -7.6576e+01 -5.3163e+02
-4.1569e+01 -4.2130e+01 -6.4636e+01 -4.0849e+02
-4.1531e+01 -4.1523e+01 -4.4842e+01 -1.9369e+02
-4.1535e+01 -4.1535e+01 -4.3757e+01 -2.3702e+02
# New trial
-4.1581e+01 -4.2622e+01 -7.5939e+01 -5.1460e+02
-4.1549e+01 -4.1791e+01 -5.3016e+01 -2.7968e+02
-4.1531e+01 -4.1500e+01 -4.2652e+01 -1.6098e+02
-4.1536e+01 -4.1532e+01 -4.1519e+01 -4.4300e+01
# New trial
-4.1487e+01 -4.1218e+01 -5.2145e+01 -2.6909e+02
-4.1488e+01 -4.1121e+01 -4.1851e+01 -1.2981e+02
-4.1518e+01 -4.1378e+01 -4.1194e+01 -8.2139e+01
-4.1533e+01 -4.1508e+01 -4.1510e+01 -6.6644e+01
# New trial
-4.1490e+01 -4.2101e+01 -9.3444e+01 -7.2477e+02
-4.1483e+01 -4.1470e+01 -6.1825e+01 -3.6726e+02
-4.1508e+01 -4.1345e+01 -4.4165e+01 -1.8806e+02
-4.1532e+01 -4.1515e+01 -4.2760e+01 -1.7938e+02
# New trial
-4.1478e+01 -4.1238e+01 -5.7325e+01 -3.2894e+02
-4.1528e+01 -4.1575e+01 -4.9006e+01 -1.8951e+02
-4.1539e+01 -4.1584e+01 -4.3206e+01 -8.0708e+01
-4.1533e+01 -4.1510e+01 -4.1465e+01 -4.7667e+01
# New trial
-4.1400e+01 -4.0950e+01 -6.5523e+01 -4.4402e+02
-4.1463e+01 -4.1175e+01 -5.2050e+01 -2.6764e+02
-4.1517e+01 -4.1466e+01 -4.6791e+01 -2.2024e+02
-4.1531e+01 -4.1503e+01 -4.2263e+01 -1.6073e+02
# New trial
-4.1542e+01 -4.2070e+01 -7.3666e+01 -5.3557e+02
-4.1541e+01 -4.1819e+01 -5.7562e+01 -3.2456e+02
-4.1519e+01 -4.1440e+01 -4.7504e+01 -2.3671e+02
-4.1536e+01 -4.1550e+01 -4.3331e+01 -1.8320e+02
# New trial
-4.1422e+01 -4.0623e+01 -4.5428e+01 -1.9988e+02
-4.1462e+01 -4.0943e+01 -4.3378e+01 -1.4320e+02
-4.1522e+01 -4.1427e+01 -4.2471e+01 -1.1265e+02
-4.1533e+01 -4.1510e+01 -4.1536e+01 -5.5269e+01
# New trial
-4.1416e+01 -4.0562e+01 -5.4782e+01 -3.4235e+02
-4.1484e+01 -4.1111e+01 -4.6469e+01 -2.2231e+02
-4.1524e+01 -4.1444e+01 -4.2966e+01 -1.7768e+02
-4.1535e+01 -4.1526e+01 -4.1542e+01 -7.2915e+01
# New trial
-4.1503e+01 -4.1552e+01 -6.4234e+01 -4.1556e+02
-4.1518e+01 -4.1479e+01 -4.9962e+01 -2.3506e+02
-4.1535e+01 -4.1546e+01 -4.2901e+01 -1.1274e+02
-4.1536e+01 -4.1535e+01 -4.1552e+01 -4.4583e+01
# New trial
-4.1472e+01 -4.1327e+01 -6.3406e+01 -3.6787e+02
-4.1471e+01 -4.1059e+01 -4.4171e+01 -1.4169e+02
-4.1523e+01 -4.1452e+01 -4.2550e+01 -1.1354e+02
-4.1533e+01 -4.1516e+01 -4.1673e+01 -6.1333e+01
# New trial
-4.1454e+01 -4.0822e+01 -4.7040e+01 -2.4696e+02
-4.1510e+01 -4.1317e+01 -4.3710e+01 -1.5958e+02
-4.1529e+01 -4.1479e+01 -4.1817e+01 -1.1798e+02
-4.1535e+01 -4.1526e+01 -4.1490e+01 -4.6352e+01
# New trial
-4.1418e+01 -4.1252e+01 -7.8451e+01 -5.7046e+02
-4.1400e+01 -4.0626e+01 -4.8832e+01 -2.2954e+02
-4.1494e+01 -4.1247e+01 -4.2769e+01 -1.3951e+02
-4.1528e+01 -4.1497e+01 -4.2043e+01 -1.1377e+02
# New trial
-4.1404e+01 -4.0908e+01 -6.2116e+01 -4.0608e+02
-4.1451e+01 -4.0934e+01 -4.6538e+01 -1.9011e+02
-4.1514e+01 -4.1366e+01 -4.2304e+01 -1.4118e+02
-4.1531e+01 -4.1492e+01 -4.1413e+01 -4.6575e+01
# New trial
-4.1557e+01 -4.1839e+01 -5.2289e+01 -2.5189e+02
-4.1568e+01 -4.1894e+01 -4.8229e+01 -1.9623e+02
-4.1546e+01 -4.1649e+01 -4.4050e+01 -1.4329e+02
-4.1536e+01 -4.1540e+01 -4.1927e+01 -9.6658e+01
# New trial
-4.1459e+01 -4.0934e+01 -4.9187e+01 -2.5949e+02
-4.1459e+01 -4.0852e+01 -3.9808e+01 -1.1375e+02
-4.1512e+01 -4.1326e+01 -4.0982e+01 -1.2989e+02
-4.1532e+01 -4.1507e+01 -4.1504e+01 -5.3420e+01
# New trial
-4.1336e+01 -3.9821e+01 -4.1526e+01 -1.7340e+02
-4.1451e+01 -4.0776e+01 -4.0046e+01 -1.1974e+02
-4.1522e+01 -4.1417e+01 -4.2256e+01 -1.5404e+02
-4.1536e+01 -4.1536e+01 -4.1652e+01 -8.0422e+01
# New trial
-4.1503e+01 -4.2036e+01 -8.7040e+01 -6.5872e+02
-4.1553e+01 -4.1896e+01 -5.6810e+01 -3.3597e+02
-4.1533e+01 -4.1527e+01 -4.3086e+01 -1.5795e+02
-4.1536e+01 -4.1533e+01 -4.1514e+01 -4.2096e+01
# New trial
-4.1526e+01 -4.1730e+01 -6.1084e+01 -3.5060e+02
-4.1517e+01 -4.1464e+01 -4.7220e+01 -1.7259e+02
-4.1525e+01 -4.1455e+01 -4.2651e+01 -1.2610e+02
-4.1536e+01 -4.1537e+01 -4.1707e+01 -7.8101e+01
# New trial
-4.1482e+01 -4.1274e+01 -6.5707e+01 -4.8609e+02
-4.1483e+01 -4.1128e+01 -4.6897e+01 -2.0473e+02
-4.1516e+01 -4.1357e+01 -4.1534e+01 -1.4110e+02
-4.1535e+01 -4.1523e+01 -4.1448e+01 -5.0031e+01
# New trial
