# 1.0sig - Array shape (trial/sig/alpha): (30, 4, 4)
-1.7530e+02 -1.7463e+02 -1.6984e+02 -2.4218e+02
-1.7525e+02 -1.7418e+02 -1.6408e+02 -1.4773e+02
-1.7513e+02 -1.7294e+02 -1.5247e+02 -1.3845e+02
-1.7495e+02 -1.7118e+02 -1.4273e+02 -1.3845e+02
# New trial
-1.7530e+02 -1.7467e+02 -1.6955e+02 -1.7410e+02
-1.7526e+02 -1.7428e+02 -1.6577e+02 -1.5862e+02
-1.7516e+02 -1.7320e+02 -1.5606e+02 -1.3898e+02
-1.7505e+02 -1.7211e+02 -1.4820e+02 -1.5009e+02
# New trial
-1.7530e+02 -1.7461e+02 -1.6849e+02 -1.9360e+02
-1.7527e+02 -1.7431e+02 -1.6537e+02 -1.4780e+02
-1.7518e+02 -1.7347e+02 -1.5753e+02 -1.4668e+02
-1.7511e+02 -1.7278e+02 -1.5320e+02 -1.8475e+02
# New trial
-1.7531e+02 -1.7475e+02 -1.7217e+02 -3.3536e+02
-1.7528e+02 -1.7441e+02 -1.6744e+02 -1.9348e+02
-1.7518e+02 -1.7347e+02 -1.5811e+02 -1.3860e+02
-1.7510e+02 -1.7265e+02 -1.5066e+02 -1.3845e+02
# New trial
-1.7527e+02 -1.7433e+02 -1.6954e+02 -2.8874e+02
-1.7522e+02 -1.7384e+02 -1.6158e+02 -1.5300e+02
-1.7511e+02 -1.7279e+02 -1.5315e+02 -1.3930e+02
-1.7502e+02 -1.7182e+02 -1.4883e+02 -1.6745e+02
# New trial
-1.7530e+02 -1.7467e+02 -1.6958e+02 -2.6636e+02
-1.7528e+02 -1.7439e+02 -1.6626e+02 -1.7419e+02
-1.7520e+02 -1.7359e+02 -1.5852e+02 -1.3942e+02
-1.7512e+02 -1.7285e+02 -1.5208e+02 -1.3847e+02
# New trial
-1.7535e+02 -1.7518e+02 -1.7447e+02 -2.8287e+02
-1.7533e+02 -1.7497e+02 -1.7151e+02 -1.8282e+02
-1.7529e+02 -1.7452e+02 -1.6694e+02 -1.4379e+02
-1.7524e+02 -1.7406e+02 -1.6254e+02 -1.4391e+02
# New trial
-1.7532e+02 -1.7483e+02 -1.7546e+02 -3.2480e+02
-1.7527e+02 -1.7436e+02 -1.6867e+02 -2.5121e+02
-1.7516e+02 -1.7321e+02 -1.5604e+02 -1.3851e+02
-1.7506e+02 -1.7224e+02 -1.4769e+02 -1.3845e+02
# New trial
-1.7523e+02 -1.7396e+02 -1.6765e+02 -2.7032e+02
-1.7515e+02 -1.7316e+02 -1.5939e+02 -2.1201e+02
-1.7496e+02 -1.7127e+02 -1.4337e+02 -1.3845e+02
-1.7486e+02 -1.7026e+02 -1.4080e+02 -1.3845e+02
# New trial
-1.7529e+02 -1.7457e+02 -1.6845e+02 -1.8608e+02
-1.7525e+02 -1.7416e+02 -1.6427e+02 -1.4750e+02
-1.7514e+02 -1.7303e+02 -1.5342e+02 -1.3845e+02
-1.7501e+02 -1.7172e+02 -1.4513e+02 -1.3845e+02
# New trial
-1.7528e+02 -1.7449e+02 -1.6970e+02 -2.8246e+02
-1.7524e+02 -1.7400e+02 -1.6477e+02 -1.9754e+02
-1.7510e+02 -1.7269e+02 -1.5246e+02 -1.6428e+02
-1.7501e+02 -1.7171e+02 -1.5228e+02 -2.3666e+02
# New trial
-1.7531e+02 -1.7481e+02 -1.7536e+02 -3.1012e+02
-1.7526e+02 -1.7421e+02 -1.6554e+02 -1.8609e+02
-1.7514e+02 -1.7305e+02 -1.5400e+02 -1.3846e+02
-1.7500e+02 -1.7161e+02 -1.4431e+02 -1.3845e+02
# New trial
-1.7533e+02 -1.7492e+02 -1.7492e+02 -3.2847e+02
-1.7527e+02 -1.7434e+02 -1.6646e+02 -1.6643e+02
-1.7518e+02 -1.7341e+02 -1.5787e+02 -1.4004e+02
-1.7513e+02 -1.7292e+02 -1.5306e+02 -1.4133e+02
# New trial
-1.7531e+02 -1.7485e+02 -1.8875e+02 -5.1020e+02
-1.7524e+02 -1.7402e+02 -1.6826e+02 -2.6327e+02
-1.7506e+02 -1.7227e+02 -1.4876e+02 -1.3855e+02
-1.7489e+02 -1.7056e+02 -1.4123e+02 -1.3847e+02
# New trial
-1.7531e+02 -1.7473e+02 -1.7061e+02 -2.8809e+02
-1.7528e+02 -1.7442e+02 -1.6674e+02 -1.6386e+02
-1.7519e+02 -1.7350e+02 -1.5746e+02 -1.3845e+02
-1.7511e+02 -1.7273e+02 -1.5096e+02 -1.3845e+02
# New trial
-1.7528e+02 -1.7452e+02 -1.8390e+02 -4.6701e+02
-1.7520e+02 -1.7372e+02 -1.6780e+02 -2.3746e+02
-1.7502e+02 -1.7189e+02 -1.5100e+02 -1.3857e+02
-1.7497e+02 -1.7141e+02 -1.5262e+02 -2.1399e+02
# New trial
-1.7529e+02 -1.7458e+02 -1.7002e+02 -2.2769e+02
-1.7524e+02 -1.7402e+02 -1.6467e+02 -2.1462e+02
-1.7507e+02 -1.7234e+02 -1.5006e+02 -1.3885e+02
-1.7492e+02 -1.7084e+02 -1.4197e+02 -1.3845e+02
# New trial
-1.7529e+02 -1.7454e+02 -1.6874e+02 -1.8867e+02
-1.7525e+02 -1.7417e+02 -1.6548e+02 -1.6324e+02
-1.7514e+02 -1.7303e+02 -1.5456e+02 -1.3846e+02
-1.7507e+02 -1.7230e+02 -1.4924e+02 -1.4170e+02
# New trial
-1.7532e+02 -1.7486e+02 -1.7791e+02 -3.5749e+02
-1.7527e+02 -1.7435e+02 -1.6926e+02 -2.3132e+02
-1.7513e+02 -1.7298e+02 -1.5314e+02 -1.3845e+02
-1.7501e+02 -1.7176e+02 -1.4519e+02 -1.3845e+02
# New trial
-1.7532e+02 -1.7482e+02 -1.7262e+02 -2.8817e+02
-1.7529e+02 -1.7457e+02 -1.6784e+02 -1.5852e+02
-1.7523e+02 -1.7394e+02 -1.6132e+02 -1.3845e+02
-1.7514e+02 -1.7305e+02 -1.5347e+02 -1.3845e+02
# New trial
-1.7530e+02 -1.7463e+02 -1.7369e+02 -3.0500e+02
-1.7524e+02 -1.7402e+02 -1.6458e+02 -1.6718e+02
-1.7514e+02 -1.7302e+02 -1.5525e+02 -1.3852e+02
-1.7512e+02 -1.7282e+02 -1.5282e+02 -1.4706e+02
# New trial
-1.7531e+02 -1.7477e+02 -1.7077e+02 -2.5047e+02
-1.7529e+02 -1.7451e+02 -1.6705e+02 -1.4533e+02
-1.7522e+02 -1.7382e+02 -1.6037e+02 -1.3864e+02
-1.7512e+02 -1.7280e+02 -1.5149e+02 -1.3845e+02
# New trial
-1.7531e+02 -1.7473e+02 -1.7436e+02 -2.9501e+02
-1.7523e+02 -1.7393e+02 -1.6417e+02 -2.0303e+02
-1.7509e+02 -1.7258e+02 -1.5287e+02 -1.3893e+02
-1.7505e+02 -1.7220e+02 -1.4994e+02 -1.6848e+02
# New trial
-1.7526e+02 -1.7428e+02 -1.6861e+02 -1.9646e+02
-1.7520e+02 -1.7364e+02 -1.6207e+02 -1.7599e+02
-1.7503e+02 -1.7197e+02 -1.4816e+02 -1.3873e+02
-1.7489e+02 -1.7056e+02 -1.4240e+02 -1.3882e+02
# New trial
-1.7530e+02 -1.7473e+02 -1.8394e+02 -4.3141e+02
-1.7522e+02 -1.7383e+02 -1.6449e+02 -1.7496e+02
-1.7505e+02 -1.7217e+02 -1.4893e+02 -1.3845e+02
-1.7492e+02 -1.7089e+02 -1.4244e+02 -1.3845e+02
# New trial
-1.7532e+02 -1.7487e+02 -1.7060e+02 -1.6885e+02
-1.7528e+02 -1.7447e+02 -1.6667e+02 -1.4158e+02
-1.7518e+02 -1.7344e+02 -1.5691e+02 -1.3845e+02
-1.7508e+02 -1.7243e+02 -1.4855e+02 -1.3845e+02
# New trial
-1.7528e+02 -1.7441e+02 -1.6942e+02 -3.1761e+02
-1.7524e+02 -1.7407e+02 -1.6353e+02 -1.5321e+02
-1.7516e+02 -1.7323e+02 -1.5538e+02 -1.3853e+02
-1.7512e+02 -1.7279e+02 -1.5184e+02 -1.3913e+02
# New trial
-1.7530e+02 -1.7465e+02 -1.7522e+02 -3.1532e+02
-1.7523e+02 -1.7396e+02 -1.6583e+02 -2.2167e+02
-1.7507e+02 -1.7233e+02 -1.4992e+02 -1.3853e+02
-1.7493e+02 -1.7094e+02 -1.4280e+02 -1.3845e+02
# New trial
-1.7530e+02 -1.7465e+02 -1.6951e+02 -1.8573e+02
-1.7525e+02 -1.7417e+02 -1.6436e+02 -1.6021e+02
-1.7514e+02 -1.7309e+02 -1.5533e+02 -1.3853e+02
-1.7506e+02 -1.7221e+02 -1.4786e+02 -1.3899e+02
# New trial
-1.7529e+02 -1.7456e+02 -1.6855e+02 -2.1161e+02
-1.7526e+02 -1.7426e+02 -1.6528e+02 -1.7934e+02
-1.7516e+02 -1.7327e+02 -1.5562e+02 -1.3876e+02
-1.7504e+02 -1.7204e+02 -1.4642e+02 -1.3845e+02
# New trial
