# 1.0sig - Array shape (trial/sig/alpha): (30, 4, 4)
-1.1973e+02 -1.1788e+02 -1.4641e+02 -9.0089e+02
-1.1964e+02 -1.1670e+02 -1.0967e+02 -4.3547e+02
-1.1932e+02 -1.1329e+02 -6.4552e+01 -1.6108e+02
-1.1909e+02 -1.1099e+02 -5.5066e+01 -4.7208e+01
# New trial
-1.1969e+02 -1.1738e+02 -1.2497e+02 -5.9068e+02
-1.1963e+02 -1.1661e+02 -1.0391e+02 -2.3052e+02
-1.1946e+02 -1.1477e+02 -7.9065e+01 -1.4678e+02
-1.1944e+02 -1.1447e+02 -7.6167e+01 -2.3116e+02
# New trial
-1.1967e+02 -1.1714e+02 -1.2854e+02 -8.4034e+02
-1.1963e+02 -1.1661e+02 -1.0509e+02 -3.1909e+02
-1.1947e+02 -1.1491e+02 -8.0810e+01 -2.2284e+02
-1.1934e+02 -1.1347e+02 -6.7124e+01 -1.5261e+02
# New trial
-1.1970e+02 -1.1739e+02 -1.2807e+02 -8.4354e+02
-1.1967e+02 -1.1700e+02 -1.1004e+02 -4.0559e+02
-1.1950e+02 -1.1515e+02 -8.0268e+01 -1.2428e+02
-1.1946e+02 -1.1469e+02 -7.6580e+01 -2.0662e+02
# New trial
-1.1960e+02 -1.1674e+02 -1.6197e+02 -1.1383e+03
-1.1946e+02 -1.1498e+02 -1.0587e+02 -6.0128e+02
-1.1929e+02 -1.1304e+02 -6.3937e+01 -1.7401e+02
-1.1932e+02 -1.1334e+02 -6.6095e+01 -1.4072e+02
# New trial
-1.1969e+02 -1.1735e+02 -1.3023e+02 -8.0040e+02
-1.1967e+02 -1.1698e+02 -1.0906e+02 -4.0728e+02
-1.1949e+02 -1.1506e+02 -7.8917e+01 -1.6472e+02
-1.1940e+02 -1.1410e+02 -6.9521e+01 -1.3509e+02
# New trial
-1.1985e+02 -1.1881e+02 -1.2841e+02 -6.0717e+02
-1.1982e+02 -1.1829e+02 -1.0836e+02 -2.7936e+02
-1.1974e+02 -1.1748e+02 -9.6645e+01 -1.1047e+02
-1.1976e+02 -1.1770e+02 -9.7953e+01 -1.0444e+02
# New trial
-1.1975e+02 -1.1818e+02 -1.5725e+02 -1.0618e+03
-1.1959e+02 -1.1627e+02 -1.1060e+02 -5.1557e+02
-1.1935e+02 -1.1367e+02 -7.1959e+01 -1.6718e+02
-1.1941e+02 -1.1422e+02 -7.4511e+01 -2.0787e+02
# New trial
-1.1953e+02 -1.1723e+02 -1.7063e+02 -1.1976e+03
-1.1929e+02 -1.1385e+02 -1.1995e+02 -7.7708e+02
-1.1885e+02 -1.0883e+02 -6.5796e+01 -4.3858e+02
-1.1897e+02 -1.0981e+02 -5.8356e+01 -7.2041e+01
# New trial
-1.1971e+02 -1.1772e+02 -1.3483e+02 -7.5586e+02
-1.1961e+02 -1.1646e+02 -1.1212e+02 -5.1769e+02
-1.1930e+02 -1.1311e+02 -6.4569e+01 -2.1718e+02
-1.1918e+02 -1.1188e+02 -6.0106e+01 -1.1768e+02
# New trial
-1.1954e+02 -1.1632e+02 -1.5078e+02 -1.0046e+03
-1.1943e+02 -1.1497e+02 -1.2581e+02 -7.6281e+02
-1.1916e+02 -1.1179e+02 -6.1287e+01 -1.7702e+02
-1.1919e+02 -1.1206e+02 -6.0994e+01 -4.7000e+01
# New trial
-1.1988e+02 -1.1997e+02 -1.9216e+02 -1.3828e+03
-1.1966e+02 -1.1694e+02 -1.1596e+02 -5.3820e+02
-1.1931e+02 -1.1326e+02 -6.9319e+01 -2.7843e+02
-1.1908e+02 -1.1089e+02 -5.5585e+01 -1.3035e+02
# New trial
-1.1973e+02 -1.1782e+02 -1.4702e+02 -9.8318e+02
-1.1961e+02 -1.1639e+02 -1.0345e+02 -3.2954e+02
-1.1947e+02 -1.1490e+02 -7.8772e+01 -1.4166e+02
-1.1950e+02 -1.1514e+02 -7.8654e+01 -1.1612e+02
# New trial
-1.1971e+02 -1.1897e+02 -2.3821e+02 -1.9000e+03
-1.1950e+02 -1.1591e+02 -1.3584e+02 -8.1406e+02
-1.1919e+02 -1.1213e+02 -6.4417e+01 -2.2113e+02
-1.1925e+02 -1.1267e+02 -8.2759e+01 -5.0707e+02
# New trial
-1.1968e+02 -1.1740e+02 -1.4473e+02 -9.9070e+02
-1.1968e+02 -1.1710e+02 -1.1118e+02 -3.5379e+02
-1.1953e+02 -1.1547e+02 -8.0957e+01 -1.2081e+02
-1.1946e+02 -1.1463e+02 -7.2382e+01 -6.2243e+01
# New trial
-1.1944e+02 -1.1615e+02 -1.9206e+02 -1.5429e+03
-1.1936e+02 -1.1482e+02 -1.2873e+02 -6.8885e+02
-1.1910e+02 -1.1152e+02 -7.2073e+01 -2.5364e+02
-1.1922e+02 -1.1234e+02 -6.7048e+01 -1.7918e+02
# New trial
-1.1960e+02 -1.1697e+02 -1.4416e+02 -8.3251e+02
-1.1948e+02 -1.1544e+02 -1.1502e+02 -5.9366e+02
-1.1908e+02 -1.1122e+02 -7.2873e+01 -3.0737e+02
-1.1914e+02 -1.1161e+02 -7.4720e+01 -2.7314e+02
# New trial
-1.1961e+02 -1.1659e+02 -1.2174e+02 -5.6950e+02
-1.1954e+02 -1.1585e+02 -1.0875e+02 -4.2747e+02
-1.1937e+02 -1.1388e+02 -7.4624e+01 -1.5861e+02
-1.1941e+02 -1.1415e+02 -7.1960e+01 -6.9748e+01
# New trial
-1.1963e+02 -1.1699e+02 -1.5759e+02 -1.1629e+03
-1.1961e+02 -1.1661e+02 -1.2464e+02 -6.6662e+02
-1.1935e+02 -1.1369e+02 -7.3098e+01 -2.2156e+02
-1.1921e+02 -1.1220e+02 -6.1570e+01 -9.9045e+01
# New trial
-1.1979e+02 -1.1851e+02 -1.5746e+02 -1.0834e+03
-1.1975e+02 -1.1780e+02 -1.2209e+02 -5.8542e+02
-1.1958e+02 -1.1595e+02 -8.5338e+01 -1.8358e+02
-1.1946e+02 -1.1468e+02 -7.6660e+01 -2.2607e+02
# New trial
-1.1961e+02 -1.1713e+02 -1.6544e+02 -1.0780e+03
-1.1941e+02 -1.1470e+02 -1.0082e+02 -3.4219e+02
-1.1938e+02 -1.1410e+02 -7.9147e+01 -1.3625e+02
-1.1966e+02 -1.1671e+02 -9.4077e+01 -2.6481e+02
# New trial
-1.1969e+02 -1.1716e+02 -1.2705e+02 -8.6670e+02
-1.1966e+02 -1.1673e+02 -9.7820e+01 -2.1832e+02
-1.1950e+02 -1.1510e+02 -7.6453e+01 -1.3724e+02
-1.1944e+02 -1.1453e+02 -7.3169e+01 -8.4718e+01
# New trial
-1.1961e+02 -1.1773e+02 -1.8917e+02 -1.3651e+03
-1.1942e+02 -1.1502e+02 -1.0722e+02 -4.6678e+02
-1.1928e+02 -1.1305e+02 -6.7615e+01 -1.9969e+02
-1.1941e+02 -1.1420e+02 -7.2786e+01 -1.6030e+02
# New trial
-1.1967e+02 -1.1797e+02 -1.6427e+02 -9.9660e+02
-1.1951e+02 -1.1569e+02 -1.1221e+02 -4.5534e+02
-1.1912e+02 -1.1151e+02 -6.4135e+01 -2.3072e+02
-1.1894e+02 -1.0956e+02 -5.5546e+01 -1.6339e+02
# New trial
-1.1987e+02 -1.1990e+02 -2.0501e+02 -1.4878e+03
-1.1968e+02 -1.1741e+02 -1.2878e+02 -6.0187e+02
-1.1924e+02 -1.1266e+02 -7.0419e+01 -2.1081e+02
-1.1921e+02 -1.1224e+02 -6.4026e+01 -9.4532e+01
# New trial
-1.1971e+02 -1.1745e+02 -1.1726e+02 -4.4992e+02
-1.1959e+02 -1.1613e+02 -9.1312e+01 -1.5799e+02
-1.1943e+02 -1.1438e+02 -7.0970e+01 -1.4181e+02
-1.1950e+02 -1.1509e+02 -7.5851e+01 -1.0600e+02
# New trial
-1.1955e+02 -1.1611e+02 -1.2992e+02 -8.1535e+02
-1.1957e+02 -1.1602e+02 -1.0171e+02 -4.0989e+02
-1.1944e+02 -1.1463e+02 -7.7682e+01 -1.7013e+02
-1.1945e+02 -1.1461e+02 -7.8204e+01 -1.5478e+02
# New trial
-1.1978e+02 -1.1954e+02 -2.1033e+02 -1.7183e+03
-1.1962e+02 -1.1704e+02 -1.3190e+02 -6.8444e+02
-1.1924e+02 -1.1262e+02 -7.0052e+01 -2.9531e+02
-1.1918e+02 -1.1188e+02 -6.2551e+01 -2.1239e+02
# New trial
-1.1971e+02 -1.1767e+02 -1.3604e+02 -7.1284e+02
-1.1958e+02 -1.1611e+02 -9.9859e+01 -2.9869e+02
-1.1937e+02 -1.1389e+02 -7.3309e+01 -1.4337e+02
-1.1944e+02 -1.1453e+02 -7.4416e+01 -1.2197e+02
# New trial
-1.1964e+02 -1.1705e+02 -1.4744e+02 -9.8780e+02
-1.1960e+02 -1.1634e+02 -1.0870e+02 -3.9004e+02
-1.1943e+02 -1.1441e+02 -7.2844e+01 -1.6995e+02
-1.1934e+02 -1.1350e+02 -6.6654e+01 -1.5182e+02
# New trial
