# 1.0sig - Array shape (trial/sig/alpha): (30L, 4L, 4L)
-8.7610e+01 -8.7013e+01 -9.1441e+01 -2.4102e+02
-8.7560e+01 -8.6475e+01 -8.2062e+01 -1.2556e+02
-8.7434e+01 -8.5178e+01 -6.7042e+01 -6.0016e+01
-8.7356e+01 -8.4392e+01 -6.3526e+01 -5.9997e+01
# New trial
-8.7605e+01 -8.6915e+01 -8.5585e+01 -1.6677e+02
-8.7569e+01 -8.6565e+01 -8.0475e+01 -9.5528e+01
-8.7472e+01 -8.5578e+01 -7.0308e+01 -5.9997e+01
-8.7431e+01 -8.5136e+01 -6.6955e+01 -6.1152e+01
# New trial
-8.7600e+01 -8.6853e+01 -8.4154e+01 -1.7944e+02
-8.7568e+01 -8.6526e+01 -7.9172e+01 -8.1801e+01
-8.7487e+01 -8.5711e+01 -7.0903e+01 -6.0013e+01
-8.7446e+01 -8.5282e+01 -6.7810e+01 -5.9997e+01
# New trial
-8.7598e+01 -8.6829e+01 -8.4475e+01 -2.3173e+02
-8.7566e+01 -8.6517e+01 -8.0379e+01 -1.1390e+02
-8.7498e+01 -8.5815e+01 -7.1538e+01 -6.0007e+01
-8.7472e+01 -8.5541e+01 -6.8854e+01 -5.9997e+01
# New trial
-8.7562e+01 -8.6552e+01 -9.2530e+01 -2.9354e+02
-8.7517e+01 -8.6047e+01 -7.9417e+01 -1.7739e+02
-8.7443e+01 -8.5284e+01 -6.8427e+01 -5.9998e+01
-8.7457e+01 -8.5404e+01 -6.8500e+01 -5.9997e+01
# New trial
-8.7629e+01 -8.7155e+01 -8.9696e+01 -2.6259e+02
-8.7591e+01 -8.6755e+01 -8.1939e+01 -1.3523e+02
-8.7499e+01 -8.5820e+01 -7.1421e+01 -6.0148e+01
-8.7440e+01 -8.5231e+01 -6.9479e+01 -1.1720e+02
# New trial
-8.7643e+01 -8.7275e+01 -8.8514e+01 -2.4386e+02
-8.7616e+01 -8.6979e+01 -8.1713e+01 -1.2124e+02
-8.7579e+01 -8.6606e+01 -7.7421e+01 -6.1527e+01
-8.7588e+01 -8.6697e+01 -7.8186e+01 -6.9835e+01
# New trial
-8.7610e+01 -8.7031e+01 -9.5849e+01 -3.2209e+02
-8.7556e+01 -8.6450e+01 -8.3126e+01 -1.9327e+02
-8.7451e+01 -8.5367e+01 -7.0371e+01 -6.1226e+01
-8.7429e+01 -8.5120e+01 -6.8052e+01 -8.2054e+01
# New trial
-8.7543e+01 -8.6469e+01 -9.1808e+01 -2.7532e+02
-8.7434e+01 -8.5293e+01 -7.8100e+01 -1.5123e+02
-8.7215e+01 -8.3021e+01 -6.1055e+01 -5.9997e+01
-8.7256e+01 -8.3424e+01 -7.1982e+01 -1.6626e+02
# New trial
-8.7577e+01 -8.6653e+01 -8.5752e+01 -2.0436e+02
-8.7526e+01 -8.6140e+01 -7.9473e+01 -1.3205e+02
-8.7419e+01 -8.5029e+01 -6.5526e+01 -5.9997e+01
-8.7397e+01 -8.4792e+01 -6.6327e+01 -5.9997e+01
# New trial
-8.7585e+01 -8.6801e+01 -9.0871e+01 -2.4081e+02
-8.7531e+01 -8.6253e+01 -8.5269e+01 -1.9146e+02
-8.7387e+01 -8.4743e+01 -6.7330e+01 -6.0043e+01
-8.7327e+01 -8.4110e+01 -6.5219e+01 -8.4608e+01
# New trial
-8.7615e+01 -8.7106e+01 -9.8215e+01 -3.2891e+02
-8.7550e+01 -8.6370e+01 -8.0585e+01 -1.4169e+02
-8.7417e+01 -8.5002e+01 -6.5785e+01 -6.0001e+01
-8.7319e+01 -8.4029e+01 -6.3905e+01 -6.4356e+01
# New trial
-8.7604e+01 -8.6968e+01 -9.5535e+01 -3.3304e+02
-8.7541e+01 -8.6276e+01 -7.9177e+01 -1.1100e+02
-8.7472e+01 -8.5563e+01 -6.9763e+01 -6.0132e+01
-8.7483e+01 -8.5663e+01 -7.0498e+01 -7.7612e+01
# New trial
-8.7633e+01 -8.7427e+01 -1.1609e+02 -5.2850e+02
-8.7541e+01 -8.6344e+01 -8.6963e+01 -2.1999e+02
-8.7362e+01 -8.4476e+01 -6.3291e+01 -5.9997e+01
-8.7313e+01 -8.3969e+01 -6.3366e+01 -5.9997e+01
# New trial
-8.7623e+01 -8.7125e+01 -9.2077e+01 -3.0768e+02
-8.7586e+01 -8.6731e+01 -8.3421e+01 -1.4133e+02
-8.7498e+01 -8.5813e+01 -7.1187e+01 -6.0006e+01
-8.7454e+01 -8.5364e+01 -6.8109e+01 -6.3433e+01
# New trial
-8.7562e+01 -8.6788e+01 -1.0850e+02 -4.7707e+02
-8.7500e+01 -8.6105e+01 -8.7661e+01 -2.0293e+02
-8.7340e+01 -8.4334e+01 -6.5306e+01 -6.0003e+01
-8.7380e+01 -8.4637e+01 -6.6847e+01 -6.7025e+01
# New trial
-8.7568e+01 -8.6571e+01 -8.4425e+01 -1.5961e+02
-8.7502e+01 -8.5915e+01 -7.7494e+01 -9.9942e+01
-8.7336e+01 -8.4239e+01 -6.5069e+01 -6.0648e+01
-8.7351e+01 -8.4374e+01 -6.9788e+01 -1.2985e+02
# New trial
-8.7591e+01 -8.6789e+01 -8.4990e+01 -1.8021e+02
-8.7547e+01 -8.6344e+01 -8.0653e+01 -1.3896e+02
-8.7436e+01 -8.5209e+01 -6.7710e+01 -5.9997e+01
-8.7426e+01 -8.5080e+01 -6.7289e+01 -6.0051e+01
# New trial
-8.7615e+01 -8.7125e+01 -9.9190e+01 -3.5710e+02
-8.7564e+01 -8.6572e+01 -8.8682e+01 -2.2467e+02
-8.7433e+01 -8.5167e+01 -6.6580e+01 -5.9997e+01
-8.7364e+01 -8.4469e+01 -6.3982e+01 -5.9997e+01
# New trial
-8.7622e+01 -8.7102e+01 -9.1330e+01 -2.8696e+02
-8.7593e+01 -8.6781e+01 -8.3553e+01 -1.6088e+02
-8.7517e+01 -8.5997e+01 -7.2567e+01 -6.0820e+01
-8.7478e+01 -8.5599e+01 -6.9306e+01 -6.0264e+01
# New trial
-8.7562e+01 -8.6632e+01 -9.4967e+01 -2.9497e+02
-8.7487e+01 -8.5797e+01 -7.7873e+01 -1.2184e+02
-8.7449e+01 -8.5353e+01 -6.9790e+01 -6.0430e+01
-8.7568e+01 -8.6498e+01 -7.6836e+01 -9.0547e+01
# New trial
-8.7591e+01 -8.6756e+01 -8.7604e+01 -2.9106e+02
-8.7561e+01 -8.6436e+01 -7.7128e+01 -6.4329e+01
-8.7497e+01 -8.5796e+01 -7.0708e+01 -6.0037e+01
-8.7493e+01 -8.5755e+01 -7.0517e+01 -6.3174e+01
# New trial
-8.7587e+01 -8.6875e+01 -9.5221e+01 -2.9170e+02
-8.7494e+01 -8.5862e+01 -7.9038e+01 -1.4754e+02
-8.7403e+01 -8.4900e+01 -6.6484e+01 -6.0018e+01
-8.7485e+01 -8.5673e+01 -7.0538e+01 -6.0002e+01
# New trial
-8.7572e+01 -8.6725e+01 -9.1281e+01 -2.3854e+02
-8.7496e+01 -8.5914e+01 -7.9842e+01 -1.2277e+02
-8.7353e+01 -8.4409e+01 -6.3307e+01 -5.9997e+01
-8.7341e+01 -8.4248e+01 -6.3046e+01 -5.9997e+01
# New trial
-8.7665e+01 -8.7855e+01 -1.2075e+02 -5.6526e+02
-8.7581e+01 -8.6803e+01 -9.1897e+01 -2.4327e+02
-8.7399e+01 -8.4890e+01 -6.9071e+01 -6.0822e+01
-8.7404e+01 -8.4896e+01 -6.9095e+01 -9.5966e+01
# New trial
-8.7617e+01 -8.6996e+01 -8.2557e+01 -1.1359e+02
-8.7570e+01 -8.6530e+01 -7.8142e+01 -8.1745e+01
-8.7471e+01 -8.5549e+01 -7.0184e+01 -6.0273e+01
-8.7482e+01 -8.5640e+01 -6.9651e+01 -6.5482e+01
# New trial
-8.7598e+01 -8.6867e+01 -9.0652e+01 -3.2917e+02
-8.7572e+01 -8.6588e+01 -8.2651e+01 -1.6416e+02
-8.7486e+01 -8.5701e+01 -7.1193e+01 -6.0158e+01
-8.7446e+01 -8.5288e+01 -6.8714e+01 -9.2269e+01
# New trial
-8.7623e+01 -8.7331e+01 -1.0201e+02 -3.9616e+02
-8.7549e+01 -8.6469e+01 -8.5758e+01 -1.9497e+02
-8.7387e+01 -8.4746e+01 -6.7171e+01 -6.0101e+01
-8.7336e+01 -8.4199e+01 -6.4258e+01 -5.9997e+01
# New trial
-8.7608e+01 -8.6953e+01 -8.7186e+01 -1.9425e+02
-8.7548e+01 -8.6342e+01 -7.8513e+01 -1.1350e+02
-8.7441e+01 -8.5262e+01 -6.8109e+01 -6.0026e+01
-8.7449e+01 -8.5326e+01 -6.8395e+01 -5.9997e+01
# New trial
-8.7589e+01 -8.6768e+01 -8.7685e+01 -2.6811e+02
-8.7557e+01 -8.6438e+01 -8.0920e+01 -1.3972e+02
-8.7475e+01 -8.5587e+01 -7.0180e+01 -6.0273e+01
-8.7427e+01 -8.5098e+01 -6.7324e+01 -6.5877e+01
# New trial
