# 1.0sig - Array shape (trial/sig/alpha): (30L, 4L, 4L)
-9.6720e+01 -9.5435e+01 -1.2718e+02 -8.2538e+02
-9.6670e+01 -9.4703e+01 -9.8976e+01 -4.5146e+02
-9.6448e+01 -9.2298e+01 -6.3174e+01 -2.3101e+02
-9.6288e+01 -9.0651e+01 -5.3174e+01 -8.5805e+01
# New trial
-9.6627e+01 -9.4437e+01 -1.0578e+02 -5.4570e+02
-9.6570e+01 -9.3717e+01 -8.1755e+01 -2.0846e+02
-9.6499e+01 -9.2893e+01 -6.6732e+01 -1.3615e+02
-9.6535e+01 -9.3146e+01 -6.5382e+01 -8.2256e+01
# New trial
-9.6660e+01 -9.4698e+01 -1.0542e+02 -6.1650e+02
-9.6651e+01 -9.4507e+01 -9.0250e+01 -3.0663e+02
-9.6544e+01 -9.3330e+01 -7.1797e+01 -2.4540e+02
-9.6440e+01 -9.2185e+01 -6.0418e+01 -1.3550e+02
# New trial
-9.6651e+01 -9.4514e+01 -1.0447e+02 -7.3654e+02
-9.6630e+01 -9.4264e+01 -8.8543e+01 -3.3839e+02
-9.6551e+01 -9.3334e+01 -6.9158e+01 -1.3747e+02
-9.6572e+01 -9.3476e+01 -6.7548e+01 -1.1633e+02
# New trial
-9.6639e+01 -9.4756e+01 -1.3586e+02 -9.5926e+02
-9.6531e+01 -9.3344e+01 -8.6643e+01 -4.1652e+02
-9.6425e+01 -9.2117e+01 -6.2934e+01 -2.1576e+02
-9.6491e+01 -9.2671e+01 -6.1762e+01 -6.4964e+01
# New trial
-9.6653e+01 -9.4593e+01 -1.0222e+02 -6.3457e+02
-9.6659e+01 -9.4508e+01 -8.7497e+01 -3.0432e+02
-9.6562e+01 -9.3412e+01 -6.7672e+01 -1.3904e+02
-9.6523e+01 -9.2991e+01 -6.3948e+01 -9.0555e+01
# New trial
-9.6811e+01 -9.6063e+01 -1.1010e+02 -5.9077e+02
-9.6789e+01 -9.5702e+01 -9.1723e+01 -3.0454e+02
-9.6734e+01 -9.5097e+01 -8.0582e+01 -1.1095e+02
-9.6750e+01 -9.5243e+01 -8.0869e+01 -6.1864e+01
# New trial
-9.6775e+01 -9.6035e+01 -1.3750e+02 -9.1875e+02
-9.6642e+01 -9.4431e+01 -9.4936e+01 -4.5873e+02
-9.6452e+01 -9.2369e+01 -6.3558e+01 -1.7504e+02
-9.6505e+01 -9.2828e+01 -6.4889e+01 -2.0317e+02
# New trial
-9.6610e+01 -9.5520e+01 -1.5459e+02 -1.1317e+03
-9.6426e+01 -9.2865e+01 -1.1099e+02 -7.4338e+02
-9.6071e+01 -8.8731e+01 -5.6526e+01 -3.1164e+02
-9.6230e+01 -9.0108e+01 -5.4528e+01 -5.6164e+01
# New trial
-9.6707e+01 -9.5291e+01 -1.1213e+02 -6.4722e+02
-9.6640e+01 -9.4372e+01 -9.2376e+01 -4.4295e+02
-9.6422e+01 -9.2046e+01 -6.1642e+01 -2.1901e+02
-9.6358e+01 -9.1343e+01 -5.6867e+01 -1.0566e+02
# New trial
-9.6602e+01 -9.4636e+01 -1.3281e+02 -9.2891e+02
-9.6522e+01 -9.3523e+01 -1.0686e+02 -6.9291e+02
-9.6338e+01 -9.1271e+01 -6.0044e+01 -2.0217e+02
-9.6386e+01 -9.1670e+01 -7.0815e+01 -2.7535e+02
# New trial
-9.6847e+01 -9.7292e+01 -1.6143e+02 -1.2069e+03
-9.6668e+01 -9.4715e+01 -9.9239e+01 -4.8596e+02
-9.6414e+01 -9.1941e+01 -5.8779e+01 -2.2053e+02
-9.6291e+01 -9.0682e+01 -5.2951e+01 -5.9089e+01
# New trial
-9.6743e+01 -9.5681e+01 -1.3236e+02 -8.8120e+02
-9.6605e+01 -9.4039e+01 -8.9125e+01 -3.3328e+02
-9.6518e+01 -9.3018e+01 -6.6245e+01 -9.9257e+01
-9.6558e+01 -9.3354e+01 -6.7279e+01 -1.1809e+02
# New trial
-9.6646e+01 -9.5621e+01 -1.9606e+02 -1.6439e+03
-9.6518e+01 -9.3687e+01 -1.1476e+02 -7.3048e+02
-9.6302e+01 -9.1038e+01 -6.2343e+01 -2.3810e+02
-9.6360e+01 -9.1425e+01 -6.0116e+01 -2.4001e+02
# New trial
-9.6627e+01 -9.4453e+01 -1.1005e+02 -6.9647e+02
-9.6647e+01 -9.4426e+01 -8.9908e+01 -3.3137e+02
-9.6579e+01 -9.3608e+01 -7.0770e+01 -1.5945e+02
-9.6566e+01 -9.3429e+01 -7.0860e+01 -2.4561e+02
# New trial
-9.6564e+01 -9.4926e+01 -1.6616e+02 -1.2900e+03
-9.6513e+01 -9.3912e+01 -1.1110e+02 -6.0692e+02
-9.6269e+01 -9.0831e+01 -6.1871e+01 -2.4573e+02
-9.6375e+01 -9.1619e+01 -6.5342e+01 -2.7599e+02
# New trial
-9.6572e+01 -9.4389e+01 -1.2564e+02 -7.9612e+02
-9.6487e+01 -9.3162e+01 -9.6287e+01 -5.1772e+02
-9.6234e+01 -9.0339e+01 -6.3873e+01 -3.1405e+02
-9.6385e+01 -9.1669e+01 -7.1573e+01 -2.9110e+02
# New trial
-9.6641e+01 -9.4599e+01 -1.0433e+02 -5.2186e+02
-9.6592e+01 -9.4012e+01 -9.1586e+01 -3.4795e+02
-9.6457e+01 -9.2428e+01 -6.4582e+01 -1.7902e+02
-9.6497e+01 -9.2749e+01 -6.7482e+01 -1.5710e+02
# New trial
-9.6607e+01 -9.4504e+01 -1.3758e+02 -9.7726e+02
-9.6611e+01 -9.4274e+01 -1.0901e+02 -5.9379e+02
-9.6438e+01 -9.2213e+01 -6.0587e+01 -1.9241e+02
-9.6349e+01 -9.1257e+01 -5.5482e+01 -8.8191e+01
# New trial
-9.6795e+01 -9.6225e+01 -1.3601e+02 -9.5466e+02
-9.6764e+01 -9.5614e+01 -1.0439e+02 -5.2339e+02
-9.6623e+01 -9.4014e+01 -7.2857e+01 -1.8120e+02
-9.6530e+01 -9.3060e+01 -6.4571e+01 -1.3973e+02
# New trial
-9.6602e+01 -9.4566e+01 -1.3976e+02 -9.8497e+02
-9.6461e+01 -9.2795e+01 -8.1978e+01 -3.0548e+02
-9.6478e+01 -9.2686e+01 -6.6742e+01 -1.1133e+02
-9.6714e+01 -9.4892e+01 -7.8483e+01 -9.8403e+01
# New trial
-9.6672e+01 -9.4689e+01 -1.0342e+02 -6.1578e+02
-9.6658e+01 -9.4427e+01 -8.2851e+01 -2.1305e+02
-9.6555e+01 -9.3317e+01 -6.5372e+01 -1.4731e+02
-9.6558e+01 -9.3326e+01 -6.4980e+01 -7.1420e+01
# New trial
-9.6574e+01 -9.4838e+01 -1.6123e+02 -1.2219e+03
-9.6479e+01 -9.3142e+01 -9.3303e+01 -4.1803e+02
-9.6405e+01 -9.1976e+01 -6.2137e+01 -1.7217e+02
-9.6503e+01 -9.2800e+01 -6.4591e+01 -1.7445e+02
# New trial
-9.6698e+01 -9.5945e+01 -1.4168e+02 -9.0686e+02
-9.6580e+01 -9.4197e+01 -1.0112e+02 -4.3978e+02
-9.6291e+01 -9.0874e+01 -5.7095e+01 -2.0406e+02
-9.6209e+01 -8.9890e+01 -5.1775e+01 -5.8994e+01
# New trial
-9.6799e+01 -9.6639e+01 -1.6498e+02 -1.2142e+03
-9.6689e+01 -9.5079e+01 -1.0926e+02 -5.4776e+02
-9.6381e+01 -9.1706e+01 -6.4571e+01 -1.9621e+02
-9.6439e+01 -9.2160e+01 -6.1540e+01 -8.0774e+01
# New trial
-9.6688e+01 -9.4912e+01 -9.9854e+01 -4.4347e+02
-9.6601e+01 -9.3904e+01 -7.7955e+01 -1.7010e+02
-9.6503e+01 -9.2829e+01 -6.4249e+01 -1.5404e+02
-9.6618e+01 -9.3935e+01 -7.0649e+01 -1.3203e+02
# New trial
-9.6551e+01 -9.3899e+01 -1.2049e+02 -8.4442e+02
-9.6588e+01 -9.3915e+01 -9.0241e+01 -3.6580e+02
-9.6522e+01 -9.3065e+01 -6.8211e+01 -1.8098e+02
-9.6541e+01 -9.3172e+01 -6.5475e+01 -1.7458e+02
# New trial
-9.6676e+01 -9.6152e+01 -1.7744e+02 -1.4430e+03
-9.6584e+01 -9.4282e+01 -1.1088e+02 -6.4996e+02
-9.6322e+01 -9.1152e+01 -5.5571e+01 -1.6721e+02
-9.6329e+01 -9.1081e+01 -5.5519e+01 -8.0047e+01
# New trial
-9.6678e+01 -9.5007e+01 -1.1553e+02 -6.5879e+02
-9.6582e+01 -9.3790e+01 -8.1801e+01 -2.5198e+02
-9.6440e+01 -9.2258e+01 -6.0594e+01 -1.2601e+02
-9.6505e+01 -9.2826e+01 -6.3491e+01 -7.5156e+01
# New trial
-9.6653e+01 -9.4744e+01 -1.2116e+02 -8.4205e+02
-9.6644e+01 -9.4415e+01 -9.2929e+01 -3.9941e+02
-9.6521e+01 -9.3008e+01 -6.4205e+01 -1.4126e+02
-9.6446e+01 -9.2218e+01 -5.8987e+01 -4.8059e+01
# New trial
