# 1.0sig - Array shape (trial/sig/alpha): (30L, 4L, 4L)
-9.2130e+01 -9.0771e+01 -1.0002e+02 -3.7930e+02
-9.2053e+01 -8.9914e+01 -8.0893e+01 -1.6256e+02
-9.1864e+01 -8.7950e+01 -5.6481e+01 -4.7241e+01
-9.1756e+01 -8.6866e+01 -5.4461e+01 -4.8303e+01
# New trial
-9.2161e+01 -9.0981e+01 -8.7668e+01 -2.4328e+02
-9.2104e+01 -9.0435e+01 -8.1174e+01 -1.0157e+02
-9.1971e+01 -8.9060e+01 -6.6447e+01 -4.7024e+01
-9.1964e+01 -8.8935e+01 -6.3658e+01 -4.6604e+01
# New trial
-9.2159e+01 -9.0935e+01 -8.6543e+01 -2.2855e+02
-9.2105e+01 -9.0393e+01 -7.8554e+01 -7.8602e+01
-9.1973e+01 -8.9051e+01 -6.4673e+01 -4.8841e+01
-9.1898e+01 -8.8286e+01 -6.0021e+01 -5.0345e+01
# New trial
-9.2181e+01 -9.1206e+01 -9.6788e+01 -3.9849e+02
-9.2136e+01 -9.0753e+01 -8.6345e+01 -1.8774e+02
-9.2011e+01 -8.9430e+01 -6.7802e+01 -4.6184e+01
-9.1973e+01 -8.9024e+01 -6.3519e+01 -4.6156e+01
# New trial
-9.2056e+01 -9.0043e+01 -9.8929e+01 -4.3542e+02
-9.1991e+01 -8.9313e+01 -7.7060e+01 -2.4295e+02
-9.1883e+01 -8.8169e+01 -5.9316e+01 -4.6939e+01
-9.1929e+01 -8.8590e+01 -6.5052e+01 -1.3351e+02
# New trial
-9.2163e+01 -9.1014e+01 -9.6047e+01 -4.3234e+02
-9.2116e+01 -9.0501e+01 -8.0567e+01 -1.3772e+02
-9.1993e+01 -8.9243e+01 -6.6218e+01 -4.7558e+01
-9.1958e+01 -8.8869e+01 -6.3001e+01 -4.9543e+01
# New trial
-9.2215e+01 -9.1494e+01 -9.2229e+01 -2.8861e+02
-9.2176e+01 -9.1057e+01 -8.1910e+01 -1.2037e+02
-9.2127e+01 -9.0561e+01 -7.6146e+01 -5.0047e+01
-9.2151e+01 -9.0792e+01 -7.8028e+01 -8.8281e+01
# New trial
-9.2191e+01 -9.1441e+01 -1.0968e+02 -5.0137e+02
-9.2095e+01 -9.0386e+01 -8.7524e+01 -2.7372e+02
-9.1918e+01 -8.8542e+01 -6.3710e+01 -4.6365e+01
-9.1933e+01 -8.8641e+01 -6.5231e+01 -1.2988e+02
# New trial
-9.2001e+01 -8.9797e+01 -9.6790e+01 -3.7797e+02
-9.1826e+01 -8.7932e+01 -7.6844e+01 -1.8928e+02
-9.1530e+01 -8.4783e+01 -5.2617e+01 -4.6191e+01
-9.1688e+01 -8.6260e+01 -6.5821e+01 -2.0966e+02
# New trial
-9.2120e+01 -9.0615e+01 -8.7501e+01 -2.3488e+02
-9.2033e+01 -8.9716e+01 -7.7170e+01 -1.3349e+02
-9.1854e+01 -8.7884e+01 -5.9311e+01 -4.6929e+01
-9.1813e+01 -8.7438e+01 -5.8026e+01 -5.9421e+01
# New trial
-9.2078e+01 -9.0293e+01 -9.4062e+01 -3.5282e+02
-9.1985e+01 -8.9349e+01 -8.5598e+01 -2.7258e+02
-9.1794e+01 -8.7298e+01 -5.6771e+01 -4.6761e+01
-9.1798e+01 -8.7282e+01 -5.6867e+01 -5.6750e+01
# New trial
-9.2176e+01 -9.1360e+01 -1.1316e+02 -5.3268e+02
-9.2061e+01 -8.9998e+01 -7.9996e+01 -1.7393e+02
-9.1840e+01 -8.7709e+01 -5.3726e+01 -4.6151e+01
-9.1717e+01 -8.6471e+01 -5.1934e+01 -4.6151e+01
# New trial
-9.2181e+01 -9.1315e+01 -1.1078e+02 -5.3555e+02
-9.2085e+01 -9.0269e+01 -8.4262e+01 -1.8739e+02
-9.1970e+01 -8.9047e+01 -6.6678e+01 -4.6552e+01
-9.2003e+01 -8.9326e+01 -6.6835e+01 -1.0345e+02
# New trial
-9.2129e+01 -9.1028e+01 -1.2758e+02 -7.4571e+02
-9.2004e+01 -8.9608e+01 -9.3036e+01 -3.2959e+02
-9.1785e+01 -8.7207e+01 -5.3801e+01 -4.6151e+01
-9.1804e+01 -8.7340e+01 -5.6324e+01 -4.6151e+01
# New trial
-9.2150e+01 -9.0912e+01 -9.8231e+01 -4.6962e+02
-9.2110e+01 -9.0471e+01 -8.2781e+01 -1.4859e+02
-9.1998e+01 -8.9307e+01 -6.6725e+01 -4.6923e+01
-9.1976e+01 -8.9056e+01 -6.4016e+01 -4.8564e+01
# New trial
-9.2077e+01 -9.0680e+01 -1.2279e+02 -7.3063e+02
-9.1992e+01 -8.9716e+01 -9.1622e+01 -2.9990e+02
-9.1754e+01 -8.7053e+01 -5.7731e+01 -4.7793e+01
-9.1852e+01 -8.7878e+01 -7.3266e+01 -2.8163e+02
# New trial
-9.2083e+01 -9.0260e+01 -8.5816e+01 -2.3116e+02
-9.1958e+01 -8.9018e+01 -7.3776e+01 -1.3530e+02
-9.1706e+01 -8.6427e+01 -5.0564e+01 -4.6151e+01
-9.1819e+01 -8.7491e+01 -5.6622e+01 -4.7163e+01
# New trial
-9.2143e+01 -9.0859e+01 -9.1549e+01 -2.8778e+02
-9.2071e+01 -9.0149e+01 -8.3972e+01 -1.8798e+02
-9.1886e+01 -8.8220e+01 -6.1408e+01 -4.7269e+01
-9.1893e+01 -8.8234e+01 -6.0980e+01 -5.9781e+01
# New trial
-9.2130e+01 -9.0845e+01 -1.0937e+02 -5.2724e+02
-9.2061e+01 -9.0107e+01 -9.3145e+01 -3.1698e+02
-9.1885e+01 -8.8201e+01 -6.0662e+01 -4.6388e+01
-9.1808e+01 -8.7381e+01 -5.5709e+01 -4.6151e+01
# New trial
-9.2185e+01 -9.1273e+01 -1.0234e+02 -4.7158e+02
-9.2135e+01 -9.0710e+01 -8.6123e+01 -2.2545e+02
-9.2022e+01 -8.9527e+01 -6.8556e+01 -5.3129e+01
-9.1971e+01 -8.9006e+01 -6.5038e+01 -8.5780e+01
# New trial
-9.2088e+01 -9.0498e+01 -1.0377e+02 -4.4708e+02
-9.1973e+01 -8.9249e+01 -7.8003e+01 -1.4822e+02
-9.1928e+01 -8.8672e+01 -6.5500e+01 -4.6468e+01
-9.2108e+01 -9.0385e+01 -7.4949e+01 -6.5550e+01
# New trial
-9.2147e+01 -9.0844e+01 -9.8057e+01 -4.6110e+02
-9.2088e+01 -9.0200e+01 -7.6026e+01 -7.6186e+01
-9.1977e+01 -8.9066e+01 -6.2812e+01 -4.6151e+01
-9.1991e+01 -8.9199e+01 -6.4296e+01 -4.6194e+01
# New trial
-9.2127e+01 -9.0936e+01 -1.1041e+02 -4.7330e+02
-9.1980e+01 -8.9270e+01 -7.6267e+01 -1.4439e+02
-9.1831e+01 -8.7700e+01 -5.6285e+01 -4.6151e+01
-9.1935e+01 -8.8645e+01 -6.2686e+01 -4.6547e+01
# New trial
-9.2141e+01 -9.1137e+01 -1.0694e+02 -4.0582e+02
-9.1993e+01 -8.9477e+01 -8.0638e+01 -1.5035e+02
-9.1740e+01 -8.6808e+01 -5.4524e+01 -4.6221e+01
-9.1697e+01 -8.6312e+01 -5.6077e+01 -7.3606e+01
# New trial
-9.2284e+01 -9.2865e+01 -1.4971e+02 -9.1519e+02
-9.2114e+01 -9.0764e+01 -9.8362e+01 -3.3839e+02
-9.1802e+01 -8.7400e+01 -5.6539e+01 -4.6163e+01
-9.1866e+01 -8.7970e+01 -6.0560e+01 -5.3751e+01
# New trial
-9.2165e+01 -9.0960e+01 -8.2954e+01 -1.5503e+02
-9.2076e+01 -9.0067e+01 -7.3581e+01 -5.7069e+01
-9.1940e+01 -8.8710e+01 -6.1665e+01 -4.6216e+01
-9.2033e+01 -8.9626e+01 -6.8542e+01 -7.1045e+01
# New trial
-9.2114e+01 -9.0553e+01 -9.1062e+01 -3.4704e+02
-9.2072e+01 -9.0117e+01 -8.1100e+01 -1.9283e+02
-9.1967e+01 -8.9007e+01 -6.5863e+01 -5.7627e+01
-9.1982e+01 -8.9118e+01 -6.5401e+01 -6.3579e+01
# New trial
-9.2216e+01 -9.2002e+01 -1.1567e+02 -5.9932e+02
-9.2093e+01 -9.0540e+01 -9.1585e+01 -2.8006e+02
-9.1822e+01 -8.7579e+01 -5.6507e+01 -4.6357e+01
-9.1781e+01 -8.7112e+01 -5.5743e+01 -5.4202e+01
# New trial
-9.2147e+01 -9.0856e+01 -8.9860e+01 -2.7573e+02
-9.2054e+01 -8.9920e+01 -7.8044e+01 -1.3316e+02
-9.1896e+01 -8.8318e+01 -6.1536e+01 -4.6552e+01
-9.1952e+01 -8.8813e+01 -6.3751e+01 -6.2815e+01
# New trial
-9.2113e+01 -9.0545e+01 -9.3111e+01 -3.7358e+02
-9.2065e+01 -9.0031e+01 -8.0459e+01 -1.8053e+02
-9.1935e+01 -8.8663e+01 -6.0740e+01 -4.6153e+01
-9.1884e+01 -8.8132e+01 -5.8622e+01 -4.6151e+01
# New trial
