# 1.0sig - Array shape (trial/sig/alpha): (30L, 4L, 4L)
-1.1057e+02 -1.0907e+02 -1.2046e+02 -4.7409e+02
-1.1045e+02 -1.0782e+02 -9.7869e+01 -1.9183e+02
-1.1017e+02 -1.0488e+02 -6.2245e+01 -4.6152e+01
-1.0998e+02 -1.0298e+02 -5.4522e+01 -4.6151e+01
# New trial
-1.1058e+02 -1.0911e+02 -1.0775e+02 -3.1547e+02
-1.1049e+02 -1.0814e+02 -9.3875e+01 -1.2313e+02
-1.1028e+02 -1.0605e+02 -7.3706e+01 -4.8910e+01
-1.1026e+02 -1.0572e+02 -6.8458e+01 -4.9830e+01
# New trial
-1.1056e+02 -1.0885e+02 -1.0235e+02 -3.0427e+02
-1.1049e+02 -1.0815e+02 -9.1385e+01 -9.7468e+01
-1.1031e+02 -1.0627e+02 -7.0591e+01 -4.6152e+01
-1.1017e+02 -1.0487e+02 -6.2277e+01 -4.6151e+01
# New trial
-1.1055e+02 -1.0877e+02 -1.0482e+02 -4.8266e+02
-1.1048e+02 -1.0804e+02 -9.5486e+01 -1.9698e+02
-1.1032e+02 -1.0642e+02 -7.3774e+01 -4.6159e+01
-1.1030e+02 -1.0615e+02 -7.0047e+01 -4.6165e+01
# New trial
-1.1049e+02 -1.0837e+02 -1.2050e+02 -5.5442e+02
-1.1038e+02 -1.0713e+02 -9.2433e+01 -2.8043e+02
-1.1021e+02 -1.0529e+02 -6.8195e+01 -4.6772e+01
-1.1021e+02 -1.0526e+02 -7.0204e+01 -1.3633e+02
# New trial
-1.1057e+02 -1.0891e+02 -1.0564e+02 -4.5233e+02
-1.1051e+02 -1.0829e+02 -9.2858e+01 -1.4619e+02
-1.1034e+02 -1.0658e+02 -7.4383e+01 -4.6638e+01
-1.1025e+02 -1.0565e+02 -6.6686e+01 -4.6165e+01
# New trial
-1.1064e+02 -1.0960e+02 -1.0922e+02 -4.3009e+02
-1.1059e+02 -1.0905e+02 -9.6010e+01 -1.5101e+02
-1.1052e+02 -1.0838e+02 -8.7975e+01 -4.6641e+01
-1.1055e+02 -1.0866e+02 -9.0408e+01 -5.6152e+01
# New trial
-1.1059e+02 -1.0929e+02 -1.3053e+02 -6.3604e+02
-1.1046e+02 -1.0786e+02 -9.8912e+01 -3.1650e+02
-1.1023e+02 -1.0546e+02 -6.7429e+01 -4.6311e+01
-1.1025e+02 -1.0563e+02 -6.7109e+01 -4.6151e+01
# New trial
-1.1042e+02 -1.0788e+02 -1.1199e+02 -4.4595e+02
-1.1017e+02 -1.0517e+02 -8.1747e+01 -1.6035e+02
-1.0974e+02 -1.0073e+02 -5.1096e+01 -4.6165e+01
-1.0984e+02 -1.0157e+02 -5.5181e+01 -5.1786e+01
# New trial
-1.1051e+02 -1.0842e+02 -1.0455e+02 -4.1683e+02
-1.1040e+02 -1.0726e+02 -9.1925e+01 -2.6718e+02
-1.1014e+02 -1.0466e+02 -6.3476e+01 -4.6238e+01
-1.1005e+02 -1.0366e+02 -5.8989e+01 -4.9058e+01
# New trial
-1.1042e+02 -1.0753e+02 -1.0390e+02 -3.4563e+02
-1.1030e+02 -1.0637e+02 -9.0243e+01 -2.3291e+02
-1.1007e+02 -1.0393e+02 -5.9175e+01 -4.6161e+01
-1.1009e+02 -1.0404e+02 -6.0905e+01 -5.0263e+01
# New trial
-1.1054e+02 -1.0890e+02 -1.3091e+02 -6.6944e+02
-1.1040e+02 -1.0729e+02 -8.9092e+01 -2.1191e+02
-1.1013e+02 -1.0450e+02 -5.7884e+01 -4.6151e+01
-1.0995e+02 -1.0272e+02 -5.3876e+01 -4.6151e+01
# New trial
-1.1057e+02 -1.0907e+02 -1.2595e+02 -6.2972e+02
-1.1045e+02 -1.0775e+02 -9.5705e+01 -2.1957e+02
-1.1030e+02 -1.0620e+02 -7.3486e+01 -5.0552e+01
-1.1035e+02 -1.0668e+02 -7.6576e+01 -1.5678e+02
# New trial
-1.1056e+02 -1.0941e+02 -1.6315e+02 -1.0168e+03
-1.1040e+02 -1.0744e+02 -1.0690e+02 -3.6096e+02
-1.1009e+02 -1.0414e+02 -6.0807e+01 -4.7982e+01
-1.1010e+02 -1.0414e+02 -6.1664e+01 -6.2781e+01
# New trial
-1.1059e+02 -1.0920e+02 -1.1487e+02 -5.0808e+02
-1.1052e+02 -1.0844e+02 -9.8547e+01 -2.2980e+02
-1.1035e+02 -1.0666e+02 -7.4951e+01 -4.6220e+01
-1.1029e+02 -1.0610e+02 -7.0474e+01 -6.0418e+01
# New trial
-1.1042e+02 -1.0825e+02 -1.5744e+02 -9.6070e+02
-1.1028e+02 -1.0665e+02 -1.0793e+02 -3.9692e+02
-1.0998e+02 -1.0320e+02 -5.8104e+01 -4.6151e+01
-1.1006e+02 -1.0375e+02 -6.1593e+01 -5.4277e+01
# New trial
-1.1049e+02 -1.0821e+02 -1.0368e+02 -3.0435e+02
-1.1034e+02 -1.0672e+02 -8.8730e+01 -2.5257e+02
-1.0999e+02 -1.0321e+02 -6.2195e+01 -4.6765e+01
-1.1002e+02 -1.0342e+02 -6.6472e+01 -1.4252e+02
# New trial
-1.1050e+02 -1.0825e+02 -9.9976e+01 -3.0499e+02
-1.1040e+02 -1.0729e+02 -9.1397e+01 -2.2465e+02
-1.1019e+02 -1.0516e+02 -6.7675e+01 -5.7322e+01
-1.1023e+02 -1.0545e+02 -6.9055e+01 -7.0646e+01
# New trial
-1.1054e+02 -1.0879e+02 -1.2398e+02 -6.1987e+02
-1.1044e+02 -1.0780e+02 -1.0549e+02 -3.6174e+02
-1.1020e+02 -1.0520e+02 -6.7326e+01 -4.8031e+01
-1.1008e+02 -1.0399e+02 -5.9772e+01 -4.8093e+01
# New trial
-1.1063e+02 -1.0960e+02 -1.2461e+02 -5.6109e+02
-1.1055e+02 -1.0872e+02 -1.0122e+02 -2.6289e+02
-1.1039e+02 -1.0701e+02 -7.5911e+01 -4.6153e+01
-1.1030e+02 -1.0617e+02 -6.9505e+01 -4.6151e+01
# New trial
-1.1046e+02 -1.0811e+02 -1.1789e+02 -5.3897e+02
-1.1032e+02 -1.0664e+02 -8.8178e+01 -1.6936e+02
-1.1026e+02 -1.0581e+02 -7.2463e+01 -4.6292e+01
-1.1049e+02 -1.0804e+02 -8.5328e+01 -7.0900e+01
# New trial
-1.1056e+02 -1.0884e+02 -1.1201e+02 -5.8237e+02
-1.1049e+02 -1.0809e+02 -8.9161e+01 -8.1371e+01
-1.1034e+02 -1.0654e+02 -7.3683e+01 -4.7857e+01
-1.1028e+02 -1.0597e+02 -6.9381e+01 -6.0233e+01
# New trial
-1.1054e+02 -1.0893e+02 -1.2882e+02 -6.1075e+02
-1.1035e+02 -1.0694e+02 -9.2899e+01 -2.4794e+02
-1.1015e+02 -1.0477e+02 -6.6111e+01 -4.6193e+01
-1.1026e+02 -1.0574e+02 -6.9539e+01 -4.7262e+01
# New trial
-1.1055e+02 -1.0904e+02 -1.2240e+02 -4.7406e+02
-1.1037e+02 -1.0711e+02 -9.5028e+01 -2.5360e+02
-1.0998e+02 -1.0311e+02 -5.4839e+01 -4.6151e+01
-1.0979e+02 -1.0113e+02 -5.2063e+01 -4.6151e+01
# New trial
-1.1069e+02 -1.1083e+02 -1.7296e+02 -1.1044e+03
-1.1048e+02 -1.0839e+02 -1.1470e+02 -3.9490e+02
-1.1008e+02 -1.0412e+02 -6.2874e+01 -4.7153e+01
-1.1010e+02 -1.0422e+02 -6.5444e+01 -1.2123e+02
# New trial
-1.1059e+02 -1.0910e+02 -9.8602e+01 -1.6282e+02
-1.1048e+02 -1.0796e+02 -8.7791e+01 -7.9615e+01
-1.1029e+02 -1.0605e+02 -7.2162e+01 -5.0613e+01
-1.1037e+02 -1.0682e+02 -7.7801e+01 -1.3326e+02
# New trial
-1.1052e+02 -1.0849e+02 -1.1702e+02 -5.7382e+02
-1.1045e+02 -1.0783e+02 -9.7214e+01 -2.5426e+02
-1.1031e+02 -1.0633e+02 -7.4729e+01 -5.9292e+01
-1.1029e+02 -1.0609e+02 -7.0519e+01 -5.4421e+01
# New trial
-1.1046e+02 -1.0839e+02 -1.3528e+02 -7.4383e+02
-1.1032e+02 -1.0676e+02 -1.0039e+02 -3.1478e+02
-1.1004e+02 -1.0365e+02 -5.5935e+01 -4.6151e+01
-1.1002e+02 -1.0338e+02 -5.7009e+01 -5.0319e+01
# New trial
-1.1057e+02 -1.0901e+02 -1.0994e+02 -3.5579e+02
-1.1045e+02 -1.0774e+02 -9.3203e+01 -1.7384e+02
-1.1022e+02 -1.0541e+02 -7.0378e+01 -4.6470e+01
-1.1029e+02 -1.0604e+02 -7.1850e+01 -1.0614e+02
# New trial
-1.1049e+02 -1.0812e+02 -9.9520e+01 -3.5894e+02
-1.1043e+02 -1.0754e+02 -8.9129e+01 -1.1953e+02
-1.1026e+02 -1.0578e+02 -6.8954e+01 -4.9276e+01
-1.1019e+02 -1.0506e+02 -6.4723e+01 -4.8532e+01
# New trial
