# 10.0sig - Array shape (trial/sig/alpha): (30, 4, 4)
-1.7530e+02 -1.7472e+02 -1.8236e+02 -7.5126e+02
-1.7527e+02 -1.7441e+02 -1.7551e+02 -6.6863e+02
-1.7516e+02 -1.7322e+02 -1.5652e+02 -3.0918e+02
-1.7496e+02 -1.7128e+02 -1.3554e+02 -7.7808e+01
# New trial
-1.7545e+02 -1.7719e+02 -2.7722e+02 -1.9628e+03
-1.7528e+02 -1.7525e+02 -2.2778e+02 -1.2902e+03
-1.7491e+02 -1.7098e+02 -1.4836e+02 -4.6048e+02
-1.7448e+02 -1.6645e+02 -9.3504e+01 -6.6322e+01
# New trial
-1.7538e+02 -1.7564e+02 -2.0745e+02 -1.0976e+03
-1.7531e+02 -1.7491e+02 -1.9052e+02 -8.0037e+02
-1.7497e+02 -1.7143e+02 -1.4512e+02 -3.7661e+02
-1.7456e+02 -1.6724e+02 -1.0058e+02 -9.0401e+01
# New trial
-1.7525e+02 -1.7430e+02 -1.8343e+02 -7.9384e+02
-1.7521e+02 -1.7389e+02 -1.7703e+02 -6.4400e+02
-1.7495e+02 -1.7116e+02 -1.4069e+02 -2.9433e+02
-1.7455e+02 -1.6715e+02 -9.9420e+01 -6.4698e+01
# New trial
-1.7534e+02 -1.7558e+02 -2.2987e+02 -1.5248e+03
-1.7526e+02 -1.7446e+02 -1.8393e+02 -7.6579e+02
-1.7509e+02 -1.7263e+02 -1.5268e+02 -2.1232e+02
-1.7487e+02 -1.7029e+02 -1.2615e+02 -7.8739e+01
# New trial
-1.7523e+02 -1.7418e+02 -1.8445e+02 -6.5146e+02
-1.7515e+02 -1.7321e+02 -1.6562e+02 -4.8091e+02
-1.7486e+02 -1.7033e+02 -1.3345e+02 -3.9758e+02
-1.7445e+02 -1.6613e+02 -9.2020e+01 -1.1590e+02
# New trial
-1.7530e+02 -1.7471e+02 -1.8412e+02 -9.4750e+02
-1.7527e+02 -1.7437e+02 -1.7251e+02 -5.7569e+02
-1.7516e+02 -1.7322e+02 -1.5601e+02 -2.5922e+02
-1.7497e+02 -1.7133e+02 -1.3684e+02 -2.3282e+02
# New trial
-1.7521e+02 -1.7399e+02 -1.9597e+02 -9.9142e+02
-1.7517e+02 -1.7363e+02 -1.8496e+02 -8.2915e+02
-1.7499e+02 -1.7160e+02 -1.4566e+02 -2.1397e+02
-1.7471e+02 -1.6872e+02 -1.1186e+02 -8.1752e+01
# New trial
-1.7550e+02 -1.7763e+02 -2.9620e+02 -2.1854e+03
-1.7533e+02 -1.7541e+02 -2.2091e+02 -1.2110e+03
-1.7488e+02 -1.7050e+02 -1.4055e+02 -4.6718e+02
-1.7442e+02 -1.6582e+02 -9.0361e+01 -1.1145e+02
# New trial
-1.7529e+02 -1.7453e+02 -1.7119e+02 -5.1263e+02
-1.7523e+02 -1.7399e+02 -1.6353e+02 -2.8343e+02
-1.7512e+02 -1.7286e+02 -1.5132e+02 -1.6354e+02
-1.7501e+02 -1.7171e+02 -1.3949e+02 -6.6416e+01
# New trial
-1.7553e+02 -1.7768e+02 -2.7467e+02 -2.0971e+03
-1.7520e+02 -1.7403e+02 -2.3419e+02 -1.7846e+03
-1.7473e+02 -1.6904e+02 -1.4482e+02 -6.7924e+02
-1.7424e+02 -1.6407e+02 -7.8540e+01 -8.3580e+01
# New trial
-1.7561e+02 -1.7848e+02 -2.7661e+02 -1.8036e+03
-1.7535e+02 -1.7533e+02 -1.9088e+02 -6.9625e+02
-1.7515e+02 -1.7314e+02 -1.5717e+02 -2.4377e+02
-1.7494e+02 -1.7100e+02 -1.3279e+02 -7.9449e+01
# New trial
-1.7527e+02 -1.7484e+02 -2.2807e+02 -1.4295e+03
-1.7519e+02 -1.7393e+02 -1.9031e+02 -8.6992e+02
-1.7495e+02 -1.7121e+02 -1.4568e+02 -4.9457e+02
-1.7455e+02 -1.6713e+02 -1.0027e+02 -1.0508e+02
# New trial
-1.7541e+02 -1.7598e+02 -2.1248e+02 -1.0412e+03
-1.7530e+02 -1.7477e+02 -1.8700e+02 -6.5976e+02
-1.7497e+02 -1.7141e+02 -1.4074e+02 -2.0740e+02
-1.7464e+02 -1.6801e+02 -1.0552e+02 -7.0758e+01
# New trial
-1.7541e+02 -1.7626e+02 -2.3127e+02 -1.2989e+03
-1.7527e+02 -1.7468e+02 -2.0105e+02 -8.9308e+02
-1.7493e+02 -1.7097e+02 -1.3970e+02 -2.3274e+02
-1.7454e+02 -1.6701e+02 -9.6571e+01 -5.4834e+01
# New trial
-1.7566e+02 -1.7961e+02 -3.1773e+02 -2.2325e+03
-1.7537e+02 -1.7595e+02 -2.1604e+02 -1.0399e+03
-1.7483e+02 -1.7019e+02 -1.4296e+02 -4.4249e+02
-1.7424e+02 -1.6409e+02 -7.9115e+01 -1.2437e+02
# New trial
-1.7527e+02 -1.7506e+02 -2.7070e+02 -2.0059e+03
-1.7508e+02 -1.7278e+02 -1.8686e+02 -8.2210e+02
-1.7477e+02 -1.6948e+02 -1.3435e+02 -3.9659e+02
-1.7445e+02 -1.6618e+02 -9.3288e+01 -1.0938e+02
# New trial
-1.7540e+02 -1.7593e+02 -2.1384e+02 -1.1954e+03
-1.7523e+02 -1.7411e+02 -1.7683e+02 -7.0855e+02
-1.7490e+02 -1.7070e+02 -1.3441e+02 -1.8323e+02
-1.7457e+02 -1.6739e+02 -1.0151e+02 -1.0942e+02
# New trial
-1.7535e+02 -1.7519e+02 -1.8518e+02 -6.5473e+02
-1.7527e+02 -1.7432e+02 -1.6867e+02 -2.8486e+02
-1.7513e+02 -1.7297e+02 -1.5292e+02 -1.3016e+02
-1.7494e+02 -1.7104e+02 -1.3281e+02 -5.3796e+01
# New trial
-1.7555e+02 -1.7772e+02 -2.7319e+02 -1.8767e+03
-1.7536e+02 -1.7542e+02 -1.9906e+02 -9.9902e+02
-1.7496e+02 -1.7126e+02 -1.4115e+02 -2.4403e+02
-1.7452e+02 -1.6687e+02 -9.7947e+01 -5.6669e+01
# New trial
-1.7540e+02 -1.7594e+02 -2.1506e+02 -1.1982e+03
-1.7527e+02 -1.7440e+02 -1.7481e+02 -6.4959e+02
-1.7502e+02 -1.7190e+02 -1.4642e+02 -3.2587e+02
-1.7469e+02 -1.6859e+02 -1.1112e+02 -7.8814e+01
# New trial
-1.7521e+02 -1.7385e+02 -1.7193e+02 -6.4483e+02
-1.7517e+02 -1.7342e+02 -1.6855e+02 -6.5879e+02
-1.7491e+02 -1.7076e+02 -1.3517e+02 -2.6269e+02
-1.7454e+02 -1.6702e+02 -9.9664e+01 -5.7980e+01
# New trial
-1.7534e+02 -1.7523e+02 -1.9578e+02 -7.8888e+02
-1.7524e+02 -1.7419e+02 -1.8003e+02 -5.5559e+02
-1.7497e+02 -1.7139e+02 -1.4126e+02 -1.7519e+02
-1.7466e+02 -1.6822e+02 -1.0766e+02 -6.1768e+01
# New trial
-1.7533e+02 -1.7545e+02 -2.1972e+02 -1.0974e+03
-1.7520e+02 -1.7406e+02 -2.0260e+02 -9.9764e+02
-1.7486e+02 -1.7034e+02 -1.3967e+02 -4.3072e+02
-1.7431e+02 -1.6481e+02 -8.0641e+01 -5.9358e+01
# New trial
-1.7541e+02 -1.7636e+02 -2.4292e+02 -1.5499e+03
-1.7524e+02 -1.7450e+02 -2.0396e+02 -1.0803e+03
-1.7483e+02 -1.7005e+02 -1.3377e+02 -3.6410e+02
-1.7435e+02 -1.6520e+02 -8.6682e+01 -1.4180e+02
# New trial
-1.7565e+02 -1.7983e+02 -3.1781e+02 -2.3110e+03
-1.7534e+02 -1.7581e+02 -2.3684e+02 -1.6426e+03
-1.7467e+02 -1.6851e+02 -1.3595e+02 -5.9742e+02
-1.7395e+02 -1.6127e+02 -7.3183e+01 -1.7755e+02
# New trial
-1.7592e+02 -1.8249e+02 -3.4256e+02 -2.4285e+03
-1.7550e+02 -1.7699e+02 -2.1994e+02 -1.1193e+03
-1.7494e+02 -1.7115e+02 -1.4319e+02 -4.2686e+02
-1.7450e+02 -1.6665e+02 -1.0001e+02 -7.6873e+01
# New trial
-1.7522e+02 -1.7388e+02 -1.6758e+02 -3.8812e+02
-1.7516e+02 -1.7333e+02 -1.6161e+02 -3.7650e+02
-1.7498e+02 -1.7151e+02 -1.4107e+02 -1.9024e+02
-1.7472e+02 -1.6888e+02 -1.1482e+02 -1.5218e+02
# New trial
-1.7542e+02 -1.7656e+02 -2.6709e+02 -1.7887e+03
-1.7531e+02 -1.7511e+02 -2.0939e+02 -1.0225e+03
-1.7491e+02 -1.7088e+02 -1.4326e+02 -3.7490e+02
-1.7446e+02 -1.6627e+02 -9.2400e+01 -9.0715e+01
# New trial
-1.7525e+02 -1.7424e+02 -1.9001e+02 -9.5597e+02
-1.7517e+02 -1.7341e+02 -1.6828e+02 -5.8687e+02
-1.7497e+02 -1.7133e+02 -1.4036e+02 -2.7643e+02
-1.7462e+02 -1.6785e+02 -1.0706e+02 -6.2007e+01
# New trial
