# 1.0sig - Array shape (trial/sig/alpha): (30, 4, 4)
-1.5683e+02 -1.5611e+02 -1.5211e+02 -2.4506e+02
-1.5679e+02 -1.5564e+02 -1.4569e+02 -1.3764e+02
-1.5666e+02 -1.5443e+02 -1.3393e+02 -1.1999e+02
-1.5654e+02 -1.5315e+02 -1.2603e+02 -1.1999e+02
# New trial
-1.5683e+02 -1.5613e+02 -1.5074e+02 -1.5993e+02
-1.5680e+02 -1.5575e+02 -1.4737e+02 -1.3786e+02
-1.5669e+02 -1.5467e+02 -1.3739e+02 -1.2002e+02
-1.5658e+02 -1.5363e+02 -1.3052e+02 -1.4431e+02
# New trial
-1.5685e+02 -1.5624e+02 -1.5178e+02 -2.3380e+02
-1.5681e+02 -1.5591e+02 -1.4804e+02 -1.3902e+02
-1.5673e+02 -1.5504e+02 -1.4038e+02 -1.3355e+02
-1.5666e+02 -1.5439e+02 -1.3631e+02 -1.8862e+02
# New trial
-1.5684e+02 -1.5622e+02 -1.5535e+02 -3.3957e+02
-1.5680e+02 -1.5582e+02 -1.4846e+02 -1.7693e+02
-1.5671e+02 -1.5489e+02 -1.3819e+02 -1.1999e+02
-1.5667e+02 -1.5449e+02 -1.3445e+02 -1.1999e+02
# New trial
-1.5679e+02 -1.5575e+02 -1.5274e+02 -3.0863e+02
-1.5675e+02 -1.5525e+02 -1.4409e+02 -2.0649e+02
-1.5664e+02 -1.5420e+02 -1.3287e+02 -1.2000e+02
-1.5657e+02 -1.5346e+02 -1.2776e+02 -1.1999e+02
# New trial
-1.5684e+02 -1.5620e+02 -1.5264e+02 -2.9207e+02
-1.5681e+02 -1.5588e+02 -1.4764e+02 -1.6738e+02
-1.5673e+02 -1.5504e+02 -1.3954e+02 -1.2333e+02
-1.5666e+02 -1.5440e+02 -1.3465e+02 -1.4668e+02
# New trial
-1.5689e+02 -1.5665e+02 -1.5562e+02 -2.5827e+02
-1.5687e+02 -1.5643e+02 -1.5227e+02 -1.7254e+02
-1.5682e+02 -1.5601e+02 -1.4799e+02 -1.2451e+02
-1.5680e+02 -1.5574e+02 -1.4537e+02 -1.2372e+02
# New trial
-1.5683e+02 -1.5613e+02 -1.5585e+02 -3.2120e+02
-1.5678e+02 -1.5559e+02 -1.4637e+02 -1.8579e+02
-1.5667e+02 -1.5444e+02 -1.3422e+02 -1.1999e+02
-1.5657e+02 -1.5349e+02 -1.2773e+02 -1.1999e+02
# New trial
-1.5677e+02 -1.5554e+02 -1.5081e+02 -2.6631e+02
-1.5668e+02 -1.5466e+02 -1.4141e+02 -1.6866e+02
-1.5649e+02 -1.5270e+02 -1.2793e+02 -1.2021e+02
-1.5638e+02 -1.5172e+02 -1.3475e+02 -2.2182e+02
# New trial
-1.5683e+02 -1.5611e+02 -1.5053e+02 -1.8272e+02
-1.5678e+02 -1.5563e+02 -1.4581e+02 -1.6943e+02
-1.5666e+02 -1.5438e+02 -1.3403e+02 -1.2004e+02
-1.5655e+02 -1.5328e+02 -1.3153e+02 -1.9035e+02
# New trial
-1.5681e+02 -1.5594e+02 -1.5232e+02 -2.4868e+02
-1.5676e+02 -1.5543e+02 -1.4738e+02 -2.2010e+02
-1.5661e+02 -1.5392e+02 -1.3236e+02 -1.4154e+02
-1.5647e+02 -1.5253e+02 -1.3075e+02 -1.9374e+02
# New trial
-1.5683e+02 -1.5616e+02 -1.5599e+02 -3.0756e+02
-1.5678e+02 -1.5555e+02 -1.4553e+02 -1.6946e+02
-1.5665e+02 -1.5430e+02 -1.3280e+02 -1.1999e+02
-1.5651e+02 -1.5285e+02 -1.2459e+02 -1.1999e+02
# New trial
-1.5687e+02 -1.5654e+02 -1.5869e+02 -3.6856e+02
-1.5681e+02 -1.5592e+02 -1.4956e+02 -1.8671e+02
-1.5670e+02 -1.5480e+02 -1.3812e+02 -1.2034e+02
-1.5664e+02 -1.5421e+02 -1.3261e+02 -1.1999e+02
# New trial
-1.5685e+02 -1.5640e+02 -1.7455e+02 -5.1707e+02
-1.5676e+02 -1.5542e+02 -1.4963e+02 -2.1673e+02
-1.5657e+02 -1.5354e+02 -1.2971e+02 -1.2000e+02
-1.5643e+02 -1.5208e+02 -1.2312e+02 -1.2007e+02
# New trial
-1.5684e+02 -1.5623e+02 -1.5474e+02 -3.3405e+02
-1.5681e+02 -1.5586e+02 -1.4794e+02 -1.4691e+02
-1.5672e+02 -1.5497e+02 -1.3894e+02 -1.2017e+02
-1.5667e+02 -1.5446e+02 -1.3463e+02 -1.2005e+02
# New trial
-1.5681e+02 -1.5608e+02 -1.6924e+02 -4.7521e+02
-1.5673e+02 -1.5522e+02 -1.5222e+02 -2.5355e+02
-1.5652e+02 -1.5309e+02 -1.2888e+02 -1.1999e+02
-1.5644e+02 -1.5223e+02 -1.2411e+02 -1.1999e+02
# New trial
-1.5681e+02 -1.5588e+02 -1.4997e+02 -2.1347e+02
-1.5675e+02 -1.5526e+02 -1.4386e+02 -1.7217e+02
-1.5658e+02 -1.5364e+02 -1.3005e+02 -1.2005e+02
-1.5648e+02 -1.5257e+02 -1.2479e+02 -1.2006e+02
# New trial
-1.5682e+02 -1.5598e+02 -1.4925e+02 -1.6760e+02
-1.5678e+02 -1.5556e+02 -1.4578e+02 -1.5178e+02
-1.5666e+02 -1.5440e+02 -1.3537e+02 -1.2043e+02
-1.5662e+02 -1.5399e+02 -1.3408e+02 -1.8665e+02
# New trial
-1.5683e+02 -1.5616e+02 -1.5852e+02 -3.5412e+02
-1.5679e+02 -1.5568e+02 -1.4984e+02 -2.2215e+02
-1.5666e+02 -1.5438e+02 -1.3469e+02 -1.2256e+02
-1.5656e+02 -1.5334e+02 -1.2973e+02 -1.4625e+02
# New trial
-1.5684e+02 -1.5616e+02 -1.5223e+02 -2.7154e+02
-1.5681e+02 -1.5592e+02 -1.4786e+02 -1.5531e+02
-1.5675e+02 -1.5531e+02 -1.4139e+02 -1.2000e+02
-1.5669e+02 -1.5466e+02 -1.3554e+02 -1.1999e+02
# New trial
-1.5683e+02 -1.5614e+02 -1.5828e+02 -3.1373e+02
-1.5676e+02 -1.5536e+02 -1.4513e+02 -1.4152e+02
-1.5666e+02 -1.5437e+02 -1.3526e+02 -1.2003e+02
-1.5668e+02 -1.5454e+02 -1.3575e+02 -1.4586e+02
# New trial
-1.5685e+02 -1.5628e+02 -1.5297e+02 -3.0438e+02
-1.5682e+02 -1.5598e+02 -1.4804e+02 -1.2251e+02
-1.5674e+02 -1.5516e+02 -1.3993e+02 -1.1999e+02
-1.5662e+02 -1.5396e+02 -1.2999e+02 -1.1999e+02
# New trial
-1.5682e+02 -1.5606e+02 -1.5610e+02 -2.9085e+02
-1.5674e+02 -1.5518e+02 -1.4280e+02 -1.5659e+02
-1.5661e+02 -1.5389e+02 -1.3105e+02 -1.1999e+02
-1.5658e+02 -1.5357e+02 -1.3035e+02 -1.5704e+02
# New trial
-1.5682e+02 -1.5608e+02 -1.5374e+02 -2.0565e+02
-1.5674e+02 -1.5523e+02 -1.4457e+02 -1.5353e+02
-1.5655e+02 -1.5328e+02 -1.2782e+02 -1.2001e+02
-1.5640e+02 -1.5185e+02 -1.2305e+02 -1.1999e+02
# New trial
-1.5685e+02 -1.5648e+02 -1.7152e+02 -4.6337e+02
-1.5676e+02 -1.5547e+02 -1.4826e+02 -1.7455e+02
-1.5658e+02 -1.5364e+02 -1.3027e+02 -1.2000e+02
-1.5646e+02 -1.5244e+02 -1.2410e+02 -1.1999e+02
# New trial
-1.5686e+02 -1.5641e+02 -1.5232e+02 -1.6055e+02
-1.5682e+02 -1.5595e+02 -1.4779e+02 -1.2960e+02
-1.5670e+02 -1.5483e+02 -1.3754e+02 -1.2002e+02
-1.5662e+02 -1.5395e+02 -1.3016e+02 -1.1999e+02
# New trial
-1.5682e+02 -1.5596e+02 -1.5208e+02 -3.1024e+02
-1.5678e+02 -1.5562e+02 -1.4647e+02 -1.8265e+02
-1.5668e+02 -1.5460e+02 -1.3637e+02 -1.2047e+02
-1.5659e+02 -1.5364e+02 -1.2917e+02 -1.2543e+02
# New trial
-1.5684e+02 -1.5630e+02 -1.5908e+02 -3.2397e+02
-1.5678e+02 -1.5560e+02 -1.4931e+02 -2.2847e+02
-1.5659e+02 -1.5367e+02 -1.2978e+02 -1.2000e+02
-1.5639e+02 -1.5173e+02 -1.2189e+02 -1.1999e+02
# New trial
-1.5686e+02 -1.5636e+02 -1.5364e+02 -2.2594e+02
-1.5681e+02 -1.5588e+02 -1.4867e+02 -1.9367e+02
-1.5668e+02 -1.5458e+02 -1.3654e+02 -1.2018e+02
-1.5658e+02 -1.5359e+02 -1.2774e+02 -1.1999e+02
# New trial
-1.5683e+02 -1.5609e+02 -1.5180e+02 -2.5223e+02
-1.5679e+02 -1.5572e+02 -1.4621e+02 -1.3644e+02
-1.5669e+02 -1.5470e+02 -1.3610e+02 -1.2000e+02
-1.5658e+02 -1.5362e+02 -1.2857e+02 -1.1999e+02
# New trial
