# 1.0sig - Array shape (trial/sig/alpha): (30L, 4L, 4L)
-9.2102e+01 -9.0772e+01 -1.2033e+02 -7.8268e+02
-9.2064e+01 -9.0180e+01 -9.4899e+01 -4.2327e+02
-9.1868e+01 -8.8036e+01 -6.0773e+01 -1.9731e+02
-9.1752e+01 -8.6828e+01 -5.2848e+01 -7.3554e+01
# New trial
-9.2049e+01 -9.0174e+01 -1.0126e+02 -5.2409e+02
-9.2007e+01 -8.9617e+01 -8.0727e+01 -1.9408e+02
-9.1914e+01 -8.8591e+01 -6.6126e+01 -1.6994e+02
-9.1956e+01 -8.8855e+01 -6.3309e+01 -7.8884e+01
# New trial
-9.2034e+01 -8.9981e+01 -1.0201e+02 -6.1001e+02
-9.2029e+01 -8.9805e+01 -8.4512e+01 -2.9155e+02
-9.1962e+01 -8.8998e+01 -6.7225e+01 -2.3049e+02
-9.1896e+01 -8.8254e+01 -5.9142e+01 -7.4301e+01
# New trial
-9.2060e+01 -9.0140e+01 -1.0041e+02 -6.4777e+02
-9.2057e+01 -9.0063e+01 -8.7156e+01 -3.2811e+02
-9.1973e+01 -8.9087e+01 -6.6845e+01 -1.1036e+02
-9.1972e+01 -8.9025e+01 -6.5140e+01 -1.4792e+02
# New trial
-9.2038e+01 -9.0281e+01 -1.3220e+02 -9.6232e+02
-9.1956e+01 -8.9206e+01 -9.3731e+01 -5.3209e+02
-9.1872e+01 -8.8143e+01 -6.8422e+01 -2.3693e+02
-9.1940e+01 -8.8716e+01 -6.7311e+01 -2.2449e+02
# New trial
-9.2062e+01 -9.0211e+01 -9.9508e+01 -6.1255e+02
-9.2073e+01 -9.0180e+01 -8.4895e+01 -3.2488e+02
-9.1984e+01 -8.9177e+01 -6.7836e+01 -1.6528e+02
-9.1955e+01 -8.8855e+01 -6.4984e+01 -1.6592e+02
# New trial
-9.2201e+01 -9.1490e+01 -1.0314e+02 -5.4849e+02
-9.2178e+01 -9.1121e+01 -8.5773e+01 -2.3319e+02
-9.2127e+01 -9.0565e+01 -7.6815e+01 -1.1507e+02
-9.2149e+01 -9.0776e+01 -7.7790e+01 -7.2002e+01
# New trial
-9.2168e+01 -9.1488e+01 -1.3126e+02 -8.8171e+02
-9.2058e+01 -9.0135e+01 -9.4548e+01 -4.7898e+02
-9.1889e+01 -8.8282e+01 -6.3697e+01 -1.7293e+02
-9.1930e+01 -8.8593e+01 -6.1697e+01 -8.4218e+01
# New trial
-9.1975e+01 -9.0773e+01 -1.4725e+02 -1.0326e+03
-9.1833e+01 -8.8492e+01 -1.0974e+02 -7.3935e+02
-9.1555e+01 -8.5092e+01 -6.3323e+01 -3.8525e+02
-9.1692e+01 -8.6237e+01 -5.5229e+01 -1.2781e+02
# New trial
-9.2119e+01 -9.0944e+01 -1.0779e+02 -5.5757e+02
-9.2051e+01 -9.0014e+01 -8.7425e+01 -3.5830e+02
-9.1836e+01 -8.7718e+01 -5.7807e+01 -1.6652e+02
-9.1795e+01 -8.7260e+01 -5.6009e+01 -7.2722e+01
# New trial
-9.1949e+01 -8.9579e+01 -1.2713e+02 -9.0008e+02
-9.1882e+01 -8.8649e+01 -1.0603e+02 -7.1564e+02
-9.1744e+01 -8.6834e+01 -5.4651e+01 -1.8405e+02
-9.1789e+01 -8.7200e+01 -5.6420e+01 -6.9160e+01
# New trial
-9.2217e+01 -9.2508e+01 -1.5565e+02 -1.1026e+03
-9.2059e+01 -9.0128e+01 -9.3602e+01 -4.7262e+02
-9.1839e+01 -8.7721e+01 -5.8038e+01 -2.4631e+02
-9.1720e+01 -8.6507e+01 -5.2401e+01 -9.5712e+01
# New trial
-9.2143e+01 -9.1172e+01 -1.2297e+02 -8.2260e+02
-9.2014e+01 -8.9669e+01 -8.5979e+01 -3.0027e+02
-9.1933e+01 -8.8701e+01 -6.4625e+01 -1.0401e+02
-9.1998e+01 -8.9291e+01 -6.8930e+01 -1.8290e+02
# New trial
-9.2075e+01 -9.1617e+01 -1.9337e+02 -1.5858e+03
-9.1936e+01 -8.9409e+01 -1.1409e+02 -6.9559e+02
-9.1751e+01 -8.6953e+01 -5.6067e+01 -1.9289e+02
-9.1794e+01 -8.7286e+01 -5.9440e+01 -2.6202e+02
# New trial
-9.2025e+01 -8.9961e+01 -1.0585e+02 -6.3773e+02
-9.2056e+01 -9.0069e+01 -8.7848e+01 -3.2105e+02
-9.1997e+01 -8.9330e+01 -7.0018e+01 -1.6119e+02
-9.1983e+01 -8.9123e+01 -6.5083e+01 -1.2554e+02
# New trial
-9.1877e+01 -8.9466e+01 -1.5211e+02 -1.2221e+03
-9.1866e+01 -8.8853e+01 -1.0075e+02 -5.5334e+02
-9.1724e+01 -8.6824e+01 -6.4212e+01 -2.7372e+02
-9.1864e+01 -8.7973e+01 -7.7277e+01 -4.6746e+02
# New trial
-9.1998e+01 -9.0199e+01 -1.2225e+02 -7.8544e+02
-9.1915e+01 -8.8974e+01 -9.1679e+01 -4.4094e+02
-9.1662e+01 -8.6100e+01 -5.6724e+01 -2.7983e+02
-9.1804e+01 -8.7375e+01 -5.7441e+01 -7.1293e+01
# New trial
-9.1974e+01 -8.9404e+01 -9.1985e+01 -4.1042e+02
-9.1940e+01 -8.8976e+01 -8.1586e+01 -2.6624e+02
-9.1845e+01 -8.7847e+01 -6.0001e+01 -1.5434e+02
-9.1897e+01 -8.8276e+01 -6.2022e+01 -1.5476e+02
# New trial
-9.2023e+01 -9.0131e+01 -1.2975e+02 -9.4052e+02
-9.2036e+01 -9.0010e+01 -1.0290e+02 -5.6364e+02
-9.1872e+01 -8.8075e+01 -5.9036e+01 -1.6392e+02
-9.1799e+01 -8.7290e+01 -5.5097e+01 -7.8704e+01
# New trial
-9.2159e+01 -9.1406e+01 -1.3014e+02 -9.0587e+02
-9.2127e+01 -9.0753e+01 -9.4452e+01 -3.9888e+02
-9.2016e+01 -8.9474e+01 -6.8091e+01 -1.6127e+02
-9.1963e+01 -8.8916e+01 -6.1971e+01 -5.1720e+01
# New trial
-9.2024e+01 -9.0389e+01 -1.3507e+02 -9.0651e+02
-9.1888e+01 -8.8579e+01 -7.9811e+01 -3.1205e+02
-9.1900e+01 -8.8435e+01 -6.4561e+01 -1.3863e+02
-9.2116e+01 -9.0451e+01 -7.5337e+01 -9.9070e+01
# New trial
-9.2068e+01 -9.0179e+01 -9.9124e+01 -6.4263e+02
-9.2062e+01 -9.0007e+01 -8.0615e+01 -2.3984e+02
-9.1965e+01 -8.8971e+01 -6.3999e+01 -1.4904e+02
-9.1987e+01 -8.9159e+01 -6.4239e+01 -7.3184e+01
# New trial
-9.1982e+01 -9.0479e+01 -1.5638e+02 -1.1783e+03
-9.1883e+01 -8.8745e+01 -9.0330e+01 -4.6519e+02
-9.1826e+01 -8.7761e+01 -6.1748e+01 -2.0515e+02
-9.1930e+01 -8.8658e+01 -6.7673e+01 -2.4308e+02
# New trial
-9.1993e+01 -9.0375e+01 -1.3116e+02 -8.7605e+02
-9.1927e+01 -8.9126e+01 -9.1704e+01 -3.7737e+02
-9.1734e+01 -8.6804e+01 -5.4613e+01 -1.6298e+02
-9.1674e+01 -8.6083e+01 -5.1567e+01 -4.7988e+01
# New trial
-9.2248e+01 -9.2653e+01 -1.6009e+02 -1.1643e+03
-9.2136e+01 -9.1057e+01 -1.0809e+02 -5.6499e+02
-9.1821e+01 -8.7598e+01 -6.0592e+01 -2.2275e+02
-9.1876e+01 -8.8064e+01 -6.3505e+01 -1.3411e+02
# New trial
-9.2084e+01 -9.0386e+01 -9.5062e+01 -4.1729e+02
-9.2008e+01 -8.9484e+01 -7.4185e+01 -1.8152e+02
-9.1924e+01 -8.8562e+01 -6.1090e+01 -1.4458e+02
-9.2034e+01 -8.9628e+01 -6.8138e+01 -1.1457e+02
# New trial
-9.1941e+01 -8.9292e+01 -1.1154e+02 -7.4334e+02
-9.1987e+01 -8.9413e+01 -8.4461e+01 -3.3331e+02
-9.1948e+01 -8.8846e+01 -6.5832e+01 -1.9692e+02
-9.1978e+01 -8.9079e+01 -6.5109e+01 -1.5596e+02
# New trial
-9.2175e+01 -9.2666e+01 -1.7551e+02 -1.3643e+03
-9.2071e+01 -9.0637e+01 -1.1011e+02 -6.0309e+02
-9.1804e+01 -8.7485e+01 -6.3153e+01 -2.5558e+02
-9.1780e+01 -8.7141e+01 -6.0598e+01 -2.8057e+02
# New trial
-9.2102e+01 -9.0830e+01 -1.1362e+02 -6.4054e+02
-9.2001e+01 -8.9564e+01 -8.2782e+01 -2.5790e+02
-9.1871e+01 -8.8124e+01 -6.2708e+01 -1.4235e+02
-9.1949e+01 -8.8796e+01 -6.3891e+01 -1.1258e+02
# New trial
-9.2034e+01 -9.0066e+01 -1.1353e+02 -7.8328e+02
-9.2031e+01 -8.9820e+01 -8.9051e+01 -4.1980e+02
-9.1930e+01 -8.8639e+01 -6.2760e+01 -1.8813e+02
-9.1884e+01 -8.8141e+01 -5.9463e+01 -1.4608e+02
# New trial
