# 1.0sig - Array shape (trial/sig/alpha): (30, 4, 4)
-1.5663e+02 -1.5448e+02 -1.7815e+02 -9.1007e+02
-1.5646e+02 -1.5260e+02 -1.4071e+02 -4.0210e+02
-1.5601e+02 -1.4799e+02 -8.7513e+01 -1.8881e+02
-1.5565e+02 -1.4433e+02 -6.9360e+01 -1.3068e+02
# New trial
-1.5658e+02 -1.5388e+02 -1.5072e+02 -4.8455e+02
-1.5647e+02 -1.5273e+02 -1.2915e+02 -1.6581e+02
-1.5616e+02 -1.4958e+02 -9.6671e+01 -1.3405e+02
-1.5602e+02 -1.4802e+02 -8.4064e+01 -1.5797e+02
# New trial
-1.5655e+02 -1.5350e+02 -1.4089e+02 -4.0129e+02
-1.5645e+02 -1.5243e+02 -1.2515e+02 -2.0705e+02
-1.5618e+02 -1.4965e+02 -9.4253e+01 -1.2783e+02
-1.5600e+02 -1.4779e+02 -7.9630e+01 -6.4567e+01
# New trial
-1.5661e+02 -1.5405e+02 -1.6171e+02 -1.0068e+03
-1.5647e+02 -1.5271e+02 -1.3638e+02 -4.4125e+02
-1.5621e+02 -1.4993e+02 -9.6880e+01 -1.1259e+02
-1.5613e+02 -1.4911e+02 -8.7962e+01 -6.1265e+01
# New trial
-1.5640e+02 -1.5235e+02 -1.8111e+02 -1.0930e+03
-1.5622e+02 -1.5030e+02 -1.2482e+02 -5.9888e+02
-1.5595e+02 -1.4736e+02 -7.7231e+01 -1.0856e+02
-1.5590e+02 -1.4680e+02 -7.3791e+01 -8.6083e+01
# New trial
-1.5659e+02 -1.5391e+02 -1.5591e+02 -8.0412e+02
-1.5649e+02 -1.5280e+02 -1.3050e+02 -2.8769e+02
-1.5622e+02 -1.5009e+02 -9.7272e+01 -1.1483e+02
-1.5607e+02 -1.4852e+02 -8.2790e+01 -5.7236e+01
# New trial
-1.5678e+02 -1.5576e+02 -1.6239e+02 -6.5773e+02
-1.5669e+02 -1.5469e+02 -1.4034e+02 -3.0058e+02
-1.5655e+02 -1.5334e+02 -1.2370e+02 -1.0348e+02
-1.5656e+02 -1.5337e+02 -1.2274e+02 -7.1183e+01
# New trial
-1.5659e+02 -1.5413e+02 -1.8577e+02 -1.0815e+03
-1.5640e+02 -1.5201e+02 -1.3395e+02 -5.4499e+02
-1.5604e+02 -1.4827e+02 -8.2206e+01 -8.6221e+01
-1.5597e+02 -1.4751e+02 -7.6773e+01 -4.6796e+01
# New trial
-1.5632e+02 -1.5214e+02 -1.8169e+02 -1.0322e+03
-1.5597e+02 -1.4822e+02 -1.3611e+02 -6.8697e+02
-1.5531e+02 -1.4128e+02 -7.4020e+01 -3.1155e+02
-1.5532e+02 -1.4115e+02 -6.2825e+01 -1.4007e+02
# New trial
-1.5664e+02 -1.5445e+02 -1.5585e+02 -5.6668e+02
-1.5645e+02 -1.5251e+02 -1.3307e+02 -3.5771e+02
-1.5600e+02 -1.4789e+02 -8.1533e+01 -1.2695e+02
-1.5574e+02 -1.4523e+02 -6.7742e+01 -8.8054e+01
# New trial
-1.5646e+02 -1.5306e+02 -1.6831e+02 -8.2202e+02
-1.5627e+02 -1.5097e+02 -1.3992e+02 -5.7974e+02
-1.5583e+02 -1.4625e+02 -7.9539e+01 -2.1000e+02
-1.5572e+02 -1.4505e+02 -7.5432e+01 -2.1344e+02
# New trial
-1.5654e+02 -1.5381e+02 -1.8714e+02 -1.0449e+03
-1.5638e+02 -1.5183e+02 -1.3020e+02 -4.4741e+02
-1.5596e+02 -1.4749e+02 -7.9580e+01 -2.0132e+02
-1.5560e+02 -1.4385e+02 -7.5437e+01 -3.3218e+02
# New trial
-1.5659e+02 -1.5418e+02 -1.8303e+02 -1.0711e+03
-1.5641e+02 -1.5212e+02 -1.2984e+02 -3.9622e+02
-1.5619e+02 -1.4975e+02 -9.5053e+01 -1.0269e+02
-1.5617e+02 -1.4946e+02 -9.1291e+01 -1.1130e+02
# New trial
-1.5650e+02 -1.5378e+02 -2.5418e+02 -1.9921e+03
-1.5627e+02 -1.5098e+02 -1.5116e+02 -7.3086e+02
-1.5578e+02 -1.4582e+02 -7.9346e+01 -1.6874e+02
-1.5569e+02 -1.4473e+02 -7.0455e+01 -1.4928e+02
# New trial
-1.5666e+02 -1.5479e+02 -1.7652e+02 -1.1156e+03
-1.5654e+02 -1.5337e+02 -1.4122e+02 -4.3811e+02
-1.5627e+02 -1.5054e+02 -1.0187e+02 -1.2833e+02
-1.5614e+02 -1.4921e+02 -8.7867e+01 -5.5386e+01
# New trial
-1.5634e+02 -1.5223e+02 -2.1386e+02 -1.7112e+03
-1.5615e+02 -1.5017e+02 -1.4764e+02 -7.1673e+02
-1.5568e+02 -1.4490e+02 -7.3680e+01 -1.6553e+02
-1.5568e+02 -1.4470e+02 -7.4054e+01 -2.2742e+02
# New trial
-1.5640e+02 -1.5218e+02 -1.4839e+02 -5.9854e+02
-1.5618e+02 -1.5000e+02 -1.2295e+02 -3.6310e+02
-1.5568e+02 -1.4479e+02 -7.4091e+01 -2.3393e+02
-1.5564e+02 -1.4427e+02 -7.7935e+01 -3.2254e+02
# New trial
-1.5648e+02 -1.5299e+02 -1.4828e+02 -5.8299e+02
-1.5636e+02 -1.5167e+02 -1.3274e+02 -3.9434e+02
-1.5603e+02 -1.4821e+02 -8.9129e+01 -1.6061e+02
-1.5604e+02 -1.4818e+02 -8.5286e+01 -1.4546e+02
# New trial
-1.5653e+02 -1.5365e+02 -1.9401e+02 -1.2699e+03
-1.5643e+02 -1.5243e+02 -1.5446e+02 -7.1645e+02
-1.5600e+02 -1.4791e+02 -8.2747e+01 -1.4606e+02
-1.5575e+02 -1.4531e+02 -6.6700e+01 -6.3958e+01
# New trial
-1.5670e+02 -1.5505e+02 -1.8079e+02 -1.0655e+03
-1.5660e+02 -1.5391e+02 -1.4416e+02 -4.7309e+02
-1.5634e+02 -1.5118e+02 -1.0478e+02 -1.4172e+02
-1.5614e+02 -1.4924e+02 -8.7742e+01 -1.2174e+02
# New trial
-1.5644e+02 -1.5298e+02 -1.9012e+02 -1.2021e+03
-1.5623e+02 -1.5044e+02 -1.2163e+02 -3.2437e+02
-1.5608e+02 -1.4880e+02 -8.9960e+01 -8.5733e+01
-1.5633e+02 -1.5122e+02 -1.0972e+02 -3.1706e+02
# New trial
-1.5662e+02 -1.5423e+02 -1.7387e+02 -1.0607e+03
-1.5651e+02 -1.5300e+02 -1.2906e+02 -1.9949e+02
-1.5624e+02 -1.5021e+02 -9.5619e+01 -1.0479e+02
-1.5606e+02 -1.4838e+02 -8.0353e+01 -5.2886e+01
# New trial
-1.5656e+02 -1.5425e+02 -1.9691e+02 -1.1652e+03
-1.5628e+02 -1.5106e+02 -1.3557e+02 -5.6755e+02
-1.5590e+02 -1.4701e+02 -8.3943e+01 -1.4665e+02
-1.5596e+02 -1.4749e+02 -8.1287e+01 -7.8550e+01
# New trial
-1.5656e+02 -1.5427e+02 -1.8252e+02 -8.4845e+02
-1.5628e+02 -1.5110e+02 -1.3364e+02 -4.6782e+02
-1.5569e+02 -1.4492e+02 -6.6001e+01 -1.4064e+02
-1.5534e+02 -1.4130e+02 -5.6271e+01 -5.8854e+01
# New trial
-1.5670e+02 -1.5599e+02 -2.5131e+02 -1.7299e+03
-1.5641e+02 -1.5235e+02 -1.4972e+02 -6.1665e+02
-1.5579e+02 -1.4590e+02 -7.7815e+01 -1.5501e+02
-1.5569e+02 -1.4472e+02 -6.9541e+01 -1.2171e+02
# New trial
-1.5665e+02 -1.5436e+02 -1.4363e+02 -3.4802e+02
-1.5648e+02 -1.5264e+02 -1.2337e+02 -1.8565e+02
-1.5615e+02 -1.4931e+02 -9.0810e+01 -1.0660e+02
-1.5612e+02 -1.4900e+02 -8.7729e+01 -7.9955e+01
# New trial
-1.5649e+02 -1.5295e+02 -1.5205e+02 -8.5204e+02
-1.5641e+02 -1.5214e+02 -1.3088e+02 -4.0952e+02
-1.5614e+02 -1.4929e+02 -9.1783e+01 -9.3461e+01
-1.5606e+02 -1.4839e+02 -8.5735e+01 -1.3937e+02
# New trial
-1.5653e+02 -1.5464e+02 -2.2350e+02 -1.5558e+03
-1.5633e+02 -1.5183e+02 -1.5328e+02 -7.1366e+02
-1.5579e+02 -1.4592e+02 -7.5395e+01 -1.5089e+02
-1.5555e+02 -1.4341e+02 -6.2954e+01 -1.0049e+02
# New trial
-1.5661e+02 -1.5423e+02 -1.6384e+02 -7.6514e+02
-1.5642e+02 -1.5225e+02 -1.3039e+02 -3.6506e+02
-1.5607e+02 -1.4860e+02 -9.2904e+01 -1.3585e+02
-1.5604e+02 -1.4822e+02 -8.8629e+01 -1.8180e+02
# New trial
-1.5651e+02 -1.5329e+02 -1.6804e+02 -9.2710e+02
-1.5643e+02 -1.5228e+02 -1.3320e+02 -4.2610e+02
-1.5615e+02 -1.4934e+02 -9.3581e+01 -1.7101e+02
-1.5594e+02 -1.4720e+02 -7.6821e+01 -1.3904e+02
# New trial
