# 10.0sig - Array shape (trial/sig/alpha): (30L, 4L, 4L)
-6.9220e+01 -6.9183e+01 -7.2672e+01 -1.8777e+02
-6.9212e+01 -6.9098e+01 -7.0848e+01 -1.7249e+02
-6.9190e+01 -6.8871e+01 -6.6629e+01 -9.5168e+01
-6.9164e+01 -6.8601e+01 -6.3184e+01 -5.6321e+01
# New trial
-6.9252e+01 -6.9727e+01 -8.9900e+01 -3.9214e+02
-6.9236e+01 -6.9507e+01 -8.2076e+01 -2.9085e+02
-6.9183e+01 -6.8846e+01 -6.8769e+01 -1.4941e+02
-6.9101e+01 -6.7977e+01 -5.7727e+01 -5.0916e+01
# New trial
-6.9208e+01 -6.9081e+01 -7.3537e+01 -2.3700e+02
-6.9194e+01 -6.8939e+01 -7.0498e+01 -1.5610e+02
-6.9140e+01 -6.8377e+01 -6.2569e+01 -8.8554e+01
-6.9071e+01 -6.7672e+01 -5.5356e+01 -5.0766e+01
# New trial
-6.9207e+01 -6.9064e+01 -7.2303e+01 -1.8257e+02
-6.9197e+01 -6.8979e+01 -7.1555e+01 -1.6905e+02
-6.9147e+01 -6.8445e+01 -6.3252e+01 -9.2090e+01
-6.9073e+01 -6.7691e+01 -5.5582e+01 -5.0766e+01
# New trial
-6.9266e+01 -6.9721e+01 -8.3809e+01 -3.0253e+02
-6.9244e+01 -6.9448e+01 -7.5920e+01 -2.1162e+02
-6.9206e+01 -6.9033e+01 -6.8606e+01 -1.2517e+02
-6.9162e+01 -6.8581e+01 -6.2986e+01 -5.5424e+01
# New trial
-6.9212e+01 -6.9132e+01 -7.2710e+01 -1.6725e+02
-6.9194e+01 -6.8934e+01 -6.9832e+01 -1.3379e+02
-6.9137e+01 -6.8344e+01 -6.2016e+01 -7.5215e+01
-6.9045e+01 -6.7419e+01 -5.3673e+01 -5.0766e+01
# New trial
-6.9211e+01 -6.9072e+01 -6.8499e+01 -1.1678e+02
-6.9208e+01 -6.9042e+01 -6.8105e+01 -1.1789e+02
-6.9192e+01 -6.8879e+01 -6.6086e+01 -9.5261e+01
-6.9172e+01 -6.8682e+01 -6.3892e+01 -5.5574e+01
# New trial
-6.9211e+01 -6.9135e+01 -7.5032e+01 -2.2124e+02
-6.9200e+01 -6.9019e+01 -7.2523e+01 -1.9898e+02
-6.9164e+01 -6.8631e+01 -6.5726e+01 -1.0256e+02
-6.9129e+01 -6.8248e+01 -5.9857e+01 -5.0766e+01
# New trial
-6.9289e+01 -7.0130e+01 -1.0037e+02 -5.0080e+02
-6.9262e+01 -6.9740e+01 -8.5547e+01 -3.0382e+02
-6.9184e+01 -6.8827e+01 -6.8432e+01 -1.4569e+02
-6.9097e+01 -6.7936e+01 -5.8669e+01 -8.0695e+01
# New trial
-6.9210e+01 -6.9068e+01 -6.8980e+01 -1.5585e+02
-6.9203e+01 -6.8988e+01 -6.7348e+01 -9.6275e+01
-6.9185e+01 -6.8806e+01 -6.5218e+01 -6.1361e+01
-6.9181e+01 -6.8773e+01 -6.4785e+01 -5.6314e+01
# New trial
-6.9262e+01 -6.9821e+01 -9.2154e+01 -4.0799e+02
-6.9190e+01 -6.8965e+01 -8.2979e+01 -3.4257e+02
-6.9099e+01 -6.7984e+01 -6.3070e+01 -1.3799e+02
-6.9042e+01 -6.7381e+01 -5.3974e+01 -5.0766e+01
# New trial
-6.9258e+01 -6.9730e+01 -9.1315e+01 -3.8170e+02
-6.9215e+01 -6.9152e+01 -7.2208e+01 -1.4155e+02
-6.9182e+01 -6.8793e+01 -6.5925e+01 -7.8430e+01
-6.9145e+01 -6.8409e+01 -6.1308e+01 -5.0766e+01
# New trial
-6.9246e+01 -6.9574e+01 -8.5018e+01 -3.3653e+02
-6.9227e+01 -6.9325e+01 -7.7348e+01 -2.3135e+02
-6.9168e+01 -6.8666e+01 -6.6161e+01 -1.2231e+02
-6.9104e+01 -6.8009e+01 -5.8206e+01 -5.0927e+01
# New trial
-6.9234e+01 -6.9370e+01 -7.8178e+01 -2.4796e+02
-6.9214e+01 -6.9149e+01 -7.3240e+01 -1.7291e+02
-6.9155e+01 -6.8526e+01 -6.4870e+01 -1.3057e+02
-6.9094e+01 -6.7906e+01 -5.7057e+01 -5.0766e+01
# New trial
-6.9231e+01 -6.9383e+01 -8.1234e+01 -2.7557e+02
-6.9211e+01 -6.9152e+01 -7.5648e+01 -2.1615e+02
-6.9153e+01 -6.8508e+01 -6.4050e+01 -8.0053e+01
-6.9093e+01 -6.7896e+01 -5.7118e+01 -5.0778e+01
# New trial
-6.9267e+01 -6.9922e+01 -9.5717e+01 -4.2795e+02
-6.9229e+01 -6.9399e+01 -7.9350e+01 -2.4509e+02
-6.9138e+01 -6.8389e+01 -6.4686e+01 -1.0289e+02
-6.9049e+01 -6.7452e+01 -5.3982e+01 -5.0766e+01
# New trial
-6.9216e+01 -6.9311e+01 -9.0376e+01 -4.0439e+02
-6.9186e+01 -6.8923e+01 -7.5428e+01 -2.1594e+02
-6.9130e+01 -6.8287e+01 -6.3064e+01 -1.0633e+02
-6.9083e+01 -6.7794e+01 -5.6102e+01 -5.0766e+01
# New trial
-6.9243e+01 -6.9444e+01 -7.9690e+01 -2.8571e+02
-6.9217e+01 -6.9159e+01 -7.1925e+01 -1.6947e+02
-6.9169e+01 -6.8665e+01 -6.4811e+01 -8.6841e+01
-6.9137e+01 -6.8332e+01 -6.1141e+01 -5.3489e+01
# New trial
-6.9236e+01 -6.9351e+01 -7.5120e+01 -2.1164e+02
-6.9219e+01 -6.9165e+01 -7.0019e+01 -1.2597e+02
-6.9195e+01 -6.8909e+01 -6.6440e+01 -8.3082e+01
-6.9166e+01 -6.8623e+01 -6.3326e+01 -5.1011e+01
# New trial
-6.9244e+01 -6.9557e+01 -8.9384e+01 -3.7559e+02
-6.9209e+01 -6.9118e+01 -7.4410e+01 -2.2531e+02
-6.9134e+01 -6.8319e+01 -6.3357e+01 -1.1151e+02
-6.9044e+01 -6.7408e+01 -5.4098e+01 -5.0766e+01
# New trial
-6.9221e+01 -6.9226e+01 -7.7383e+01 -2.6166e+02
-6.9192e+01 -6.8895e+01 -6.8134e+01 -1.4119e+02
-6.9139e+01 -6.8354e+01 -6.1503e+01 -6.4197e+01
-6.9091e+01 -6.7877e+01 -5.6994e+01 -5.0880e+01
# New trial
-6.9222e+01 -6.9205e+01 -7.2893e+01 -1.8925e+02
-6.9221e+01 -6.9202e+01 -7.3587e+01 -1.9648e+02
-6.9184e+01 -6.8813e+01 -6.6982e+01 -1.1478e+02
-6.9118e+01 -6.8146e+01 -5.9863e+01 -5.4429e+01
# New trial
-6.9225e+01 -6.9278e+01 -7.6464e+01 -2.0513e+02
-6.9206e+01 -6.9073e+01 -7.2928e+01 -1.6522e+02
-6.9160e+01 -6.8579e+01 -6.4655e+01 -1.0429e+02
-6.9107e+01 -6.8033e+01 -5.8124e+01 -5.0766e+01
# New trial
-6.9210e+01 -6.9169e+01 -7.7732e+01 -2.4839e+02
-6.9201e+01 -6.9076e+01 -7.5689e+01 -2.2121e+02
-6.9158e+01 -6.8578e+01 -6.5570e+01 -1.1198e+02
-6.9066e+01 -6.7634e+01 -5.5182e+01 -5.0766e+01
# New trial
-6.9263e+01 -6.9758e+01 -8.7959e+01 -3.4975e+02
-6.9233e+01 -6.9410e+01 -7.9645e+01 -2.6135e+02
-6.9161e+01 -6.8600e+01 -6.5599e+01 -1.0873e+02
-6.9080e+01 -6.7771e+01 -5.6430e+01 -5.0767e+01
# New trial
-6.9294e+01 -7.0361e+01 -1.0053e+02 -4.5776e+02
-6.9233e+01 -6.9492e+01 -8.4561e+01 -3.4211e+02
-6.9105e+01 -6.8044e+01 -6.2042e+01 -1.2501e+02
-6.8972e+01 -6.6697e+01 -5.1509e+01 -5.0766e+01
# New trial
-6.9312e+01 -7.0493e+01 -1.0193e+02 -4.8579e+02
-6.9235e+01 -6.9428e+01 -7.9313e+01 -2.5434e+02
-6.9121e+01 -6.8193e+01 -6.1537e+01 -7.4715e+01
-6.9043e+01 -6.7392e+01 -5.4883e+01 -5.0801e+01
# New trial
-6.9196e+01 -6.8935e+01 -6.8832e+01 -1.4582e+02
-6.9184e+01 -6.8823e+01 -6.8250e+01 -1.4855e+02
-6.9147e+01 -6.8440e+01 -6.2711e+01 -8.1253e+01
-6.9097e+01 -6.7929e+01 -5.7129e+01 -5.0766e+01
# New trial
-6.9228e+01 -6.9369e+01 -8.6794e+01 -3.6728e+02
-6.9218e+01 -6.9244e+01 -7.6697e+01 -2.2913e+02
-6.9163e+01 -6.8631e+01 -6.5906e+01 -1.1967e+02
-6.9092e+01 -6.7885e+01 -5.7330e+01 -5.6204e+01
# New trial
-6.9197e+01 -6.8976e+01 -7.5085e+01 -2.3662e+02
-6.9179e+01 -6.8782e+01 -6.8610e+01 -1.4663e+02
-6.9128e+01 -6.8253e+01 -6.1394e+01 -8.1636e+01
-6.9047e+01 -6.7432e+01 -5.3781e+01 -5.0766e+01
# New trial
