# 10.0sig - Array shape (trial/sig/alpha): (30L, 4L, 4L)
-5.0706e+01 -5.0220e+01 -5.1794e+01 -2.1526e+02
-5.0735e+01 -5.0482e+01 -5.1092e+01 -1.4604e+02
-5.0747e+01 -5.0587e+01 -4.9815e+01 -9.2228e+01
-5.0747e+01 -5.0573e+01 -4.8963e+01 -5.0648e+01
# New trial
-5.0705e+01 -5.1039e+01 -9.2932e+01 -6.8983e+02
-5.0671e+01 -5.0375e+01 -6.6318e+01 -3.5356e+02
-5.0705e+01 -5.0266e+01 -5.0945e+01 -1.8863e+02
-5.0736e+01 -5.0482e+01 -4.8934e+01 -1.6365e+02
# New trial
-5.0728e+01 -5.0554e+01 -6.4631e+01 -3.7444e+02
-5.0752e+01 -5.0708e+01 -5.8760e+01 -3.0346e+02
-5.0749e+01 -5.0616e+01 -5.1098e+01 -1.7214e+02
-5.0740e+01 -5.0502e+01 -4.8374e+01 -6.7271e+01
# New trial
-5.0689e+01 -5.0073e+01 -5.2449e+01 -2.4182e+02
-5.0725e+01 -5.0409e+01 -5.2263e+01 -1.8073e+02
-5.0734e+01 -5.0458e+01 -4.9520e+01 -1.4670e+02
-5.0729e+01 -5.0397e+01 -4.7485e+01 -8.3381e+01
# New trial
-5.0673e+01 -5.0643e+01 -9.1494e+01 -6.9192e+02
-5.0679e+01 -5.0136e+01 -5.7700e+01 -2.4932e+02
-5.0727e+01 -5.0424e+01 -5.0473e+01 -1.6835e+02
-5.0743e+01 -5.0536e+01 -4.8801e+01 -5.5414e+01
# New trial
-5.0709e+01 -5.0474e+01 -7.1248e+01 -4.5563e+02
-5.0730e+01 -5.0507e+01 -5.6213e+01 -2.3868e+02
-5.0732e+01 -5.0448e+01 -5.0572e+01 -2.1492e+02
-5.0728e+01 -5.0388e+01 -4.7523e+01 -1.0313e+02
# New trial
-5.0667e+01 -4.9921e+01 -5.3270e+01 -2.6583e+02
-5.0725e+01 -5.0401e+01 -5.1913e+01 -2.0995e+02
-5.0745e+01 -5.0568e+01 -4.9902e+01 -1.6265e+02
-5.0752e+01 -5.0624e+01 -4.9523e+01 -5.9549e+01
# New trial
-5.0587e+01 -4.9869e+01 -7.5740e+01 -4.9053e+02
-5.0650e+01 -4.9922e+01 -5.8860e+01 -2.9052e+02
-5.0721e+01 -5.0390e+01 -5.1911e+01 -2.1677e+02
-5.0744e+01 -5.0551e+01 -4.9113e+01 -1.0434e+02
# New trial
-5.0685e+01 -5.0530e+01 -9.8217e+01 -8.0801e+02
-5.0750e+01 -5.0943e+01 -7.5543e+01 -4.9509e+02
-5.0752e+01 -5.0706e+01 -5.7355e+01 -2.9917e+02
-5.0729e+01 -5.0406e+01 -4.8654e+01 -1.7671e+02
# New trial
-5.0725e+01 -5.0376e+01 -4.9583e+01 -1.5223e+02
-5.0730e+01 -5.0419e+01 -4.8913e+01 -1.1209e+02
-5.0740e+01 -5.0505e+01 -4.8819e+01 -1.0731e+02
-5.0752e+01 -5.0626e+01 -4.9432e+01 -6.4590e+01
# New trial
-5.0815e+01 -5.1670e+01 -8.3865e+01 -6.0174e+02
-5.0806e+01 -5.1351e+01 -7.5473e+01 -5.4335e+02
-5.0738e+01 -5.0534e+01 -5.6984e+01 -3.9502e+02
-5.0721e+01 -5.0313e+01 -4.7200e+01 -1.5258e+02
# New trial
-5.0782e+01 -5.1275e+01 -8.1314e+01 -5.4265e+02
-5.0735e+01 -5.0562e+01 -5.6194e+01 -1.9197e+02
-5.0741e+01 -5.0536e+01 -4.9886e+01 -8.9834e+01
-5.0749e+01 -5.0597e+01 -4.9139e+01 -4.7827e+01
# New trial
-5.0688e+01 -5.0272e+01 -6.8415e+01 -4.5784e+02
-5.0725e+01 -5.0519e+01 -5.9057e+01 -2.7968e+02
-5.0740e+01 -5.0551e+01 -5.1489e+01 -1.8198e+02
-5.0732e+01 -5.0429e+01 -4.8053e+01 -8.3844e+01
# New trial
-5.0683e+01 -5.0187e+01 -6.5350e+01 -3.9871e+02
-5.0741e+01 -5.0654e+01 -6.1132e+01 -3.1926e+02
-5.0735e+01 -5.0490e+01 -5.1197e+01 -2.3095e+02
-5.0742e+01 -5.0522e+01 -4.8614e+01 -9.6513e+01
# New trial
-5.0685e+01 -5.0254e+01 -6.9069e+01 -4.3937e+02
-5.0724e+01 -5.0510e+01 -6.1546e+01 -3.2619e+02
-5.0742e+01 -5.0552e+01 -5.1461e+01 -2.0171e+02
-5.0737e+01 -5.0472e+01 -4.8203e+01 -1.0484e+02
# New trial
-5.0888e+01 -5.2655e+01 -1.0234e+02 -7.5361e+02
-5.0844e+01 -5.1881e+01 -7.6807e+01 -4.2688e+02
-5.0759e+01 -5.0780e+01 -5.6069e+01 -2.3310e+02
-5.0729e+01 -5.0406e+01 -4.8890e+01 -1.6436e+02
# New trial
-5.0646e+01 -5.0339e+01 -8.9498e+01 -6.9401e+02
-5.0683e+01 -5.0208e+01 -6.0577e+01 -3.0928e+02
-5.0706e+01 -5.0237e+01 -5.0519e+01 -1.8120e+02
-5.0732e+01 -5.0443e+01 -4.9016e+01 -1.5986e+02
# New trial
-5.0806e+01 -5.1457e+01 -8.0189e+01 -5.4729e+02
-5.0781e+01 -5.1044e+01 -6.2482e+01 -3.2116e+02
-5.0735e+01 -5.0501e+01 -5.1187e+01 -1.6679e+02
-5.0731e+01 -5.0420e+01 -4.7778e+01 -7.6512e+01
# New trial
-5.0765e+01 -5.0789e+01 -5.5325e+01 -2.3032e+02
-5.0763e+01 -5.0752e+01 -5.2897e+01 -1.6572e+02
-5.0751e+01 -5.0623e+01 -4.9961e+01 -1.0167e+02
-5.0749e+01 -5.0596e+01 -4.9131e+01 -6.3700e+01
# New trial
-5.0815e+01 -5.1777e+01 -9.6559e+01 -7.3126e+02
-5.0825e+01 -5.1589e+01 -7.5575e+01 -4.6740e+02
-5.0749e+01 -5.0665e+01 -5.5094e+01 -2.4464e+02
-5.0722e+01 -5.0342e+01 -4.7584e+01 -1.2026e+02
# New trial
-5.0809e+01 -5.1842e+01 -1.0267e+02 -7.8902e+02
-5.0798e+01 -5.1271e+01 -6.6391e+01 -3.3815e+02
-5.0753e+01 -5.0671e+01 -5.2386e+01 -2.1160e+02
-5.0739e+01 -5.0501e+01 -4.8383e+01 -8.0788e+01
# New trial
-5.0721e+01 -5.0401e+01 -5.5834e+01 -2.5917e+02
-5.0738e+01 -5.0558e+01 -5.6185e+01 -2.6695e+02
-5.0734e+01 -5.0481e+01 -5.1524e+01 -2.4404e+02
-5.0728e+01 -5.0390e+01 -4.7758e+01 -1.3685e+02
# New trial
-5.0754e+01 -5.0836e+01 -6.5631e+01 -3.4559e+02
-5.0742e+01 -5.0653e+01 -5.8476e+01 -2.3003e+02
-5.0751e+01 -5.0641e+01 -5.1420e+01 -1.3418e+02
-5.0765e+01 -5.0758e+01 -5.0793e+01 -7.0045e+01
# New trial
-5.0717e+01 -5.0442e+01 -6.1059e+01 -3.1903e+02
-5.0732e+01 -5.0557e+01 -5.7804e+01 -2.4882e+02
-5.0750e+01 -5.0642e+01 -5.2270e+01 -1.7062e+02
-5.0736e+01 -5.0469e+01 -4.8512e+01 -1.3350e+02
# New trial
-5.0732e+01 -5.0757e+01 -7.3187e+01 -4.5613e+02
-5.0743e+01 -5.0736e+01 -6.3385e+01 -3.0369e+02
-5.0734e+01 -5.0490e+01 -5.1615e+01 -1.8491e+02
-5.0728e+01 -5.0387e+01 -4.7615e+01 -7.8691e+01
# New trial
-5.0932e+01 -5.3826e+01 -1.3110e+02 -1.0473e+03
-5.0879e+01 -5.2343e+01 -8.8827e+01 -6.0605e+02
-5.0749e+01 -5.0650e+01 -5.5014e+01 -2.7529e+02
-5.0711e+01 -5.0218e+01 -4.6531e+01 -7.3509e+01
# New trial
-5.0940e+01 -5.3704e+01 -1.2799e+02 -1.0157e+03
-5.0898e+01 -5.2496e+01 -8.9967e+01 -6.3603e+02
-5.0742e+01 -5.0607e+01 -5.4764e+01 -2.8043e+02
-5.0726e+01 -5.0384e+01 -4.7697e+01 -6.2460e+01
# New trial
-5.0728e+01 -5.0667e+01 -7.0157e+01 -4.3509e+02
-5.0743e+01 -5.0660e+01 -5.8296e+01 -2.4696e+02
-5.0739e+01 -5.0527e+01 -5.1003e+01 -1.8756e+02
-5.0752e+01 -5.0630e+01 -4.9612e+01 -6.8106e+01
# New trial
-5.0702e+01 -5.0463e+01 -7.9936e+01 -5.7339e+02
-5.0718e+01 -5.0435e+01 -5.9903e+01 -3.1713e+02
-5.0732e+01 -5.0464e+01 -5.0215e+01 -1.9729e+02
-5.0734e+01 -5.0447e+01 -4.8070e+01 -8.8614e+01
# New trial
-5.0626e+01 -4.9767e+01 -6.3386e+01 -3.6667e+02
-5.0671e+01 -5.0007e+01 -5.5052e+01 -2.4959e+02
-5.0707e+01 -5.0238e+01 -4.8971e+01 -1.7595e+02
-5.0721e+01 -5.0329e+01 -4.7169e+01 -5.2778e+01
# New trial
