# 10.0sig - Array shape (trial/sig/alpha): (30, 4, 4)
-1.2910e+02 -1.2809e+02 -1.3199e+02 -5.7931e+02
-1.2911e+02 -1.2816e+02 -1.2660e+02 -4.6995e+02
-1.2905e+02 -1.2755e+02 -1.1402e+02 -1.1836e+02
-1.2894e+02 -1.2637e+02 -1.0130e+02 -5.0947e+01
# New trial
-1.2922e+02 -1.3077e+02 -2.4473e+02 -1.9966e+03
-1.2909e+02 -1.2887e+02 -1.7752e+02 -1.1296e+03
-1.2893e+02 -1.2642e+02 -1.1487e+02 -5.5898e+02
-1.2867e+02 -1.2368e+02 -7.7350e+01 -6.5760e+01
# New trial
-1.2915e+02 -1.2867e+02 -1.5219e+02 -9.0186e+02
-1.2912e+02 -1.2837e+02 -1.3820e+02 -6.1642e+02
-1.2890e+02 -1.2602e+02 -1.0183e+02 -1.8607e+02
-1.2862e+02 -1.2320e+02 -7.4444e+01 -7.7493e+01
# New trial
-1.2914e+02 -1.2855e+02 -1.4001e+02 -7.0075e+02
-1.2912e+02 -1.2832e+02 -1.3551e+02 -5.5396e+02
-1.2892e+02 -1.2623e+02 -1.0506e+02 -2.2982e+02
-1.2864e+02 -1.2335e+02 -7.5392e+01 -4.9639e+01
# New trial
-1.2925e+02 -1.3031e+02 -2.0924e+02 -1.5503e+03
-1.2914e+02 -1.2867e+02 -1.4687e+02 -7.0623e+02
-1.2902e+02 -1.2722e+02 -1.1483e+02 -3.2347e+02
-1.2885e+02 -1.2554e+02 -9.4135e+01 -1.3127e+02
# New trial
-1.2909e+02 -1.2823e+02 -1.5256e+02 -8.1344e+02
-1.2903e+02 -1.2750e+02 -1.2886e+02 -5.0028e+02
-1.2884e+02 -1.2543e+02 -9.7103e+01 -1.9714e+02
-1.2858e+02 -1.2277e+02 -7.1066e+01 -5.0026e+01
# New trial
-1.2908e+02 -1.2791e+02 -1.2591e+02 -5.0196e+02
-1.2910e+02 -1.2809e+02 -1.2467e+02 -4.3614e+02
-1.2906e+02 -1.2762e+02 -1.1560e+02 -2.2259e+02
-1.2895e+02 -1.2647e+02 -1.0251e+02 -9.0833e+01
# New trial
-1.2889e+02 -1.2658e+02 -1.5148e+02 -8.8315e+02
-1.2896e+02 -1.2698e+02 -1.3853e+02 -7.4524e+02
-1.2895e+02 -1.2667e+02 -1.1539e+02 -3.7955e+02
-1.2880e+02 -1.2500e+02 -8.8993e+01 -9.6236e+01
# New trial
-1.2930e+02 -1.3121e+02 -2.6236e+02 -2.1507e+03
-1.2922e+02 -1.2987e+02 -1.8541e+02 -1.1600e+03
-1.2889e+02 -1.2606e+02 -1.0924e+02 -3.5740e+02
-1.2855e+02 -1.2249e+02 -7.0199e+01 -6.7515e+01
# New trial
-1.2913e+02 -1.2833e+02 -1.2411e+02 -3.1021e+02
-1.2910e+02 -1.2802e+02 -1.1935e+02 -1.8485e+02
-1.2904e+02 -1.2743e+02 -1.1229e+02 -1.3004e+02
-1.2901e+02 -1.2707e+02 -1.0824e+02 -1.2003e+02
# New trial
-1.2947e+02 -1.3245e+02 -2.2443e+02 -1.7078e+03
-1.2917e+02 -1.2910e+02 -1.7465e+02 -1.3332e+03
-1.2877e+02 -1.2480e+02 -1.1408e+02 -6.1868e+02
-1.2843e+02 -1.2128e+02 -6.2789e+01 -6.4082e+01
# New trial
-1.2935e+02 -1.3138e+02 -2.2570e+02 -1.6773e+03
-1.2916e+02 -1.2877e+02 -1.4233e+02 -5.8421e+02
-1.2905e+02 -1.2755e+02 -1.1597e+02 -1.8901e+02
-1.2892e+02 -1.2624e+02 -1.0036e+02 -8.7840e+01
# New trial
-1.2911e+02 -1.2868e+02 -1.7906e+02 -1.2802e+03
-1.2910e+02 -1.2834e+02 -1.5035e+02 -8.2915e+02
-1.2894e+02 -1.2647e+02 -1.1288e+02 -4.1223e+02
-1.2869e+02 -1.2388e+02 -8.2088e+01 -1.4548e+02
# New trial
-1.2913e+02 -1.2862e+02 -1.5596e+02 -9.1428e+02
-1.2911e+02 -1.2834e+02 -1.3910e+02 -5.9539e+02
-1.2893e+02 -1.2632e+02 -1.0556e+02 -2.2822e+02
-1.2871e+02 -1.2410e+02 -8.1035e+01 -4.9513e+01
# New trial
-1.2927e+02 -1.3022e+02 -1.8583e+02 -1.1677e+03
-1.2921e+02 -1.2938e+02 -1.6176e+02 -8.5134e+02
-1.2895e+02 -1.2652e+02 -1.0967e+02 -2.8374e+02
-1.2865e+02 -1.2346e+02 -7.5813e+01 -8.2347e+01
# New trial
-1.2939e+02 -1.3234e+02 -2.5910e+02 -2.0063e+03
-1.2924e+02 -1.3016e+02 -1.8097e+02 -1.0497e+03
-1.2885e+02 -1.2583e+02 -1.1868e+02 -4.6481e+02
-1.2843e+02 -1.2136e+02 -6.4687e+01 -1.9549e+02
# New trial
-1.2903e+02 -1.2831e+02 -2.2666e+02 -1.8709e+03
-1.2893e+02 -1.2671e+02 -1.4010e+02 -7.6127e+02
-1.2878e+02 -1.2494e+02 -1.0425e+02 -4.6674e+02
-1.2857e+02 -1.2275e+02 -7.2199e+01 -1.2339e+02
# New trial
-1.2922e+02 -1.2948e+02 -1.6253e+02 -1.0241e+03
-1.2913e+02 -1.2854e+02 -1.4149e+02 -7.2489e+02
-1.2891e+02 -1.2622e+02 -1.1254e+02 -5.0181e+02
-1.2872e+02 -1.2420e+02 -8.8182e+01 -3.1976e+02
# New trial
-1.2920e+02 -1.2912e+02 -1.4059e+02 -6.6623e+02
-1.2915e+02 -1.2855e+02 -1.2710e+02 -3.2515e+02
-1.2905e+02 -1.2755e+02 -1.1384e+02 -1.4149e+02
-1.2893e+02 -1.2627e+02 -1.0063e+02 -8.7352e+01
# New trial
-1.2953e+02 -1.3324e+02 -2.4707e+02 -1.8018e+03
-1.2934e+02 -1.3071e+02 -1.6609e+02 -9.1779e+02
-1.2895e+02 -1.2654e+02 -1.1075e+02 -3.5734e+02
-1.2862e+02 -1.2325e+02 -7.9221e+01 -2.5665e+02
# New trial
-1.2923e+02 -1.2985e+02 -1.8917e+02 -1.2654e+03
-1.2912e+02 -1.2838e+02 -1.3536e+02 -6.1644e+02
-1.2895e+02 -1.2651e+02 -1.0898e+02 -2.7303e+02
-1.2872e+02 -1.2419e+02 -8.2101e+01 -1.0468e+02
# New trial
-1.2908e+02 -1.2786e+02 -1.2915e+02 -5.7075e+02
-1.2908e+02 -1.2791e+02 -1.3178e+02 -6.4131e+02
-1.2894e+02 -1.2648e+02 -1.0937e+02 -3.5116e+02
-1.2869e+02 -1.2388e+02 -8.1687e+01 -1.4452e+02
# New trial
-1.2922e+02 -1.2952e+02 -1.5932e+02 -7.9842e+02
-1.2913e+02 -1.2856e+02 -1.4299e+02 -6.0702e+02
-1.2895e+02 -1.2661e+02 -1.1058e+02 -2.9781e+02
-1.2873e+02 -1.2432e+02 -8.4435e+01 -1.6994e+02
# New trial
-1.2915e+02 -1.2905e+02 -1.6782e+02 -9.3209e+02
-1.2910e+02 -1.2847e+02 -1.5727e+02 -8.5859e+02
-1.2889e+02 -1.2604e+02 -1.0938e+02 -3.6911e+02
-1.2852e+02 -1.2226e+02 -7.0410e+01 -1.1394e+02
# New trial
-1.2925e+02 -1.3031e+02 -2.0192e+02 -1.3938e+03
-1.2911e+02 -1.2863e+02 -1.5971e+02 -8.4399e+02
-1.2881e+02 -1.2519e+02 -9.7324e+01 -1.4673e+02
-1.2851e+02 -1.2214e+02 -6.6924e+01 -7.0622e+01
# New trial
-1.2931e+02 -1.3222e+02 -2.7431e+02 -2.1003e+03
-1.2914e+02 -1.2939e+02 -1.9881e+02 -1.3831e+03
-1.2868e+02 -1.2402e+02 -9.5986e+01 -3.3531e+02
-1.2818e+02 -1.1892e+02 -5.9285e+01 -2.5096e+02
# New trial
-1.2968e+02 -1.3564e+02 -3.0270e+02 -2.4543e+03
-1.2938e+02 -1.3142e+02 -1.9199e+02 -1.2605e+03
-1.2890e+02 -1.2607e+02 -1.1393e+02 -6.7229e+02
-1.2856e+02 -1.2267e+02 -7.4832e+01 -2.0053e+02
# New trial
-1.2911e+02 -1.2832e+02 -1.3949e+02 -6.5720e+02
-1.2909e+02 -1.2808e+02 -1.3061e+02 -5.5831e+02
-1.2894e+02 -1.2649e+02 -1.0727e+02 -2.6567e+02
-1.2876e+02 -1.2463e+02 -8.5964e+01 -7.4463e+01
# New trial
-1.2913e+02 -1.2875e+02 -1.8840e+02 -1.5327e+03
-1.2913e+02 -1.2859e+02 -1.5174e+02 -8.8208e+02
-1.2892e+02 -1.2635e+02 -1.1041e+02 -3.6468e+02
-1.2862e+02 -1.2316e+02 -7.3723e+01 -7.7820e+01
# New trial
-1.2915e+02 -1.2881e+02 -1.6263e+02 -9.7537e+02
-1.2906e+02 -1.2785e+02 -1.3774e+02 -6.5114e+02
-1.2887e+02 -1.2582e+02 -1.0663e+02 -3.7152e+02
-1.2864e+02 -1.2338e+02 -7.7774e+01 -1.3737e+02
# New trial
