# 10.0sig - Array shape (trial/sig/alpha): (30, 4, 4)
-1.5229e+02 -1.5221e+02 -1.5186e+02 -1.8527e+02
-1.5229e+02 -1.5217e+02 -1.5131e+02 -1.7352e+02
-1.5227e+02 -1.5203e+02 -1.4966e+02 -1.4122e+02
-1.5224e+02 -1.5176e+02 -1.4701e+02 -1.3845e+02
# New trial
-1.5229e+02 -1.5230e+02 -1.5768e+02 -2.9269e+02
-1.5228e+02 -1.5212e+02 -1.5353e+02 -2.2004e+02
-1.5224e+02 -1.5173e+02 -1.4783e+02 -1.5568e+02
-1.5220e+02 -1.5134e+02 -1.4343e+02 -1.3845e+02
# New trial
-1.5229e+02 -1.5227e+02 -1.5293e+02 -2.1314e+02
-1.5229e+02 -1.5218e+02 -1.5172e+02 -1.9083e+02
-1.5226e+02 -1.5191e+02 -1.4863e+02 -1.5856e+02
-1.5222e+02 -1.5155e+02 -1.4518e+02 -1.3846e+02
# New trial
-1.5228e+02 -1.5211e+02 -1.5090e+02 -1.7181e+02
-1.5227e+02 -1.5203e+02 -1.5016e+02 -1.6192e+02
-1.5224e+02 -1.5172e+02 -1.4678e+02 -1.3846e+02
-1.5220e+02 -1.5133e+02 -1.4317e+02 -1.3845e+02
# New trial
-1.5231e+02 -1.5239e+02 -1.5640e+02 -2.7427e+02
-1.5230e+02 -1.5228e+02 -1.5309e+02 -2.0542e+02
-1.5228e+02 -1.5210e+02 -1.5061e+02 -1.6934e+02
-1.5226e+02 -1.5188e+02 -1.4823e+02 -1.3857e+02
# New trial
-1.5229e+02 -1.5218e+02 -1.5148e+02 -1.6582e+02
-1.5228e+02 -1.5208e+02 -1.5035e+02 -1.5839e+02
-1.5225e+02 -1.5181e+02 -1.4754e+02 -1.4053e+02
-1.5221e+02 -1.5143e+02 -1.4409e+02 -1.3845e+02
# New trial
-1.5230e+02 -1.5230e+02 -1.5247e+02 -1.9391e+02
-1.5230e+02 -1.5228e+02 -1.5217e+02 -1.6953e+02
-1.5228e+02 -1.5214e+02 -1.5083e+02 -1.5180e+02
-1.5225e+02 -1.5184e+02 -1.4779e+02 -1.3846e+02
# New trial
-1.5228e+02 -1.5215e+02 -1.5172e+02 -1.9793e+02
-1.5228e+02 -1.5208e+02 -1.5099e+02 -1.8951e+02
-1.5225e+02 -1.5185e+02 -1.4822e+02 -1.5221e+02
-1.5223e+02 -1.5157e+02 -1.4528e+02 -1.3845e+02
# New trial
-1.5231e+02 -1.5244e+02 -1.6071e+02 -3.0450e+02
-1.5229e+02 -1.5224e+02 -1.5410e+02 -2.1609e+02
-1.5226e+02 -1.5189e+02 -1.4864e+02 -1.6755e+02
-1.5223e+02 -1.5161e+02 -1.4578e+02 -1.3910e+02
# New trial
-1.5229e+02 -1.5219e+02 -1.5166e+02 -1.7917e+02
-1.5228e+02 -1.5213e+02 -1.5072e+02 -1.6337e+02
-1.5227e+02 -1.5198e+02 -1.4928e+02 -1.5579e+02
-1.5224e+02 -1.5173e+02 -1.4689e+02 -1.4648e+02
# New trial
-1.5231e+02 -1.5241e+02 -1.5871e+02 -3.1222e+02
-1.5228e+02 -1.5214e+02 -1.5250e+02 -2.2957e+02
-1.5225e+02 -1.5181e+02 -1.4807e+02 -1.6786e+02
-1.5221e+02 -1.5142e+02 -1.4470e+02 -1.5676e+02
# New trial
-1.5231e+02 -1.5249e+02 -1.5908e+02 -2.8844e+02
-1.5229e+02 -1.5224e+02 -1.5226e+02 -1.8333e+02
-1.5227e+02 -1.5205e+02 -1.4998e+02 -1.5332e+02
-1.5226e+02 -1.5191e+02 -1.4846e+02 -1.4317e+02
# New trial
-1.5229e+02 -1.5221e+02 -1.5357e+02 -2.3041e+02
-1.5228e+02 -1.5208e+02 -1.5132e+02 -1.8150e+02
-1.5224e+02 -1.5172e+02 -1.4724e+02 -1.5644e+02
-1.5220e+02 -1.5136e+02 -1.4365e+02 -1.3940e+02
# New trial
-1.5230e+02 -1.5237e+02 -1.5384e+02 -2.0803e+02
-1.5230e+02 -1.5227e+02 -1.5241e+02 -1.7829e+02
-1.5227e+02 -1.5198e+02 -1.4937e+02 -1.6650e+02
-1.5222e+02 -1.5155e+02 -1.4529e+02 -1.4271e+02
# New trial
-1.5231e+02 -1.5238e+02 -1.5561e+02 -2.3675e+02
-1.5230e+02 -1.5227e+02 -1.5341e+02 -2.0453e+02
-1.5226e+02 -1.5195e+02 -1.4921e+02 -1.5596e+02
-1.5222e+02 -1.5151e+02 -1.4475e+02 -1.3845e+02
# New trial
-1.5232e+02 -1.5259e+02 -1.6198e+02 -3.1326e+02
-1.5230e+02 -1.5233e+02 -1.5459e+02 -2.1677e+02
-1.5226e+02 -1.5190e+02 -1.4982e+02 -1.9095e+02
-1.5222e+02 -1.5155e+02 -1.4596e+02 -1.6610e+02
# New trial
-1.5229e+02 -1.5227e+02 -1.5802e+02 -2.8755e+02
-1.5228e+02 -1.5208e+02 -1.5162e+02 -1.9973e+02
-1.5224e+02 -1.5175e+02 -1.4765e+02 -1.6906e+02
-1.5221e+02 -1.5139e+02 -1.4376e+02 -1.3845e+02
# New trial
-1.5229e+02 -1.5224e+02 -1.5293e+02 -2.1226e+02
-1.5228e+02 -1.5207e+02 -1.5049e+02 -1.8328e+02
-1.5224e+02 -1.5173e+02 -1.4727e+02 -1.7277e+02
-1.5220e+02 -1.5131e+02 -1.4307e+02 -1.3845e+02
# New trial
-1.5229e+02 -1.5221e+02 -1.5197e+02 -1.8450e+02
-1.5228e+02 -1.5213e+02 -1.5070e+02 -1.4700e+02
-1.5227e+02 -1.5201e+02 -1.4940e+02 -1.3851e+02
-1.5225e+02 -1.5185e+02 -1.4787e+02 -1.3845e+02
# New trial
-1.5231e+02 -1.5240e+02 -1.5658e+02 -2.7082e+02
-1.5230e+02 -1.5228e+02 -1.5294e+02 -2.0653e+02
-1.5227e+02 -1.5199e+02 -1.4949e+02 -1.6189e+02
-1.5223e+02 -1.5157e+02 -1.4544e+02 -1.3846e+02
# New trial
-1.5230e+02 -1.5228e+02 -1.5309e+02 -2.0873e+02
-1.5229e+02 -1.5217e+02 -1.5117e+02 -1.6933e+02
-1.5226e+02 -1.5195e+02 -1.4892e+02 -1.4316e+02
-1.5223e+02 -1.5162e+02 -1.4569e+02 -1.3845e+02
# New trial
-1.5228e+02 -1.5213e+02 -1.5094e+02 -1.7314e+02
-1.5227e+02 -1.5203e+02 -1.5015e+02 -1.7234e+02
-1.5224e+02 -1.5170e+02 -1.4663e+02 -1.3866e+02
-1.5219e+02 -1.5125e+02 -1.4255e+02 -1.3845e+02
# New trial
-1.5231e+02 -1.5237e+02 -1.5368e+02 -1.9793e+02
-1.5230e+02 -1.5232e+02 -1.5303e+02 -1.9110e+02
-1.5228e+02 -1.5208e+02 -1.5030e+02 -1.5099e+02
-1.5224e+02 -1.5175e+02 -1.4702e+02 -1.3848e+02
# New trial
-1.5229e+02 -1.5227e+02 -1.5374e+02 -2.1101e+02
-1.5228e+02 -1.5215e+02 -1.5288e+02 -2.0953e+02
-1.5225e+02 -1.5180e+02 -1.4835e+02 -1.5966e+02
-1.5218e+02 -1.5115e+02 -1.4188e+02 -1.3845e+02
# New trial
-1.5228e+02 -1.5216e+02 -1.5369e+02 -2.2286e+02
-1.5226e+02 -1.5195e+02 -1.5041e+02 -1.8459e+02
-1.5222e+02 -1.5153e+02 -1.4507e+02 -1.3845e+02
-1.5218e+02 -1.5114e+02 -1.4179e+02 -1.3845e+02
# New trial
-1.5231e+02 -1.5244e+02 -1.6042e+02 -3.0324e+02
-1.5228e+02 -1.5211e+02 -1.5426e+02 -2.4229e+02
-1.5222e+02 -1.5153e+02 -1.4512e+02 -1.3858e+02
-1.5216e+02 -1.5096e+02 -1.4071e+02 -1.3845e+02
# New trial
-1.5234e+02 -1.5277e+02 -1.6292e+02 -3.1455e+02
-1.5231e+02 -1.5243e+02 -1.5471e+02 -2.2144e+02
-1.5228e+02 -1.5206e+02 -1.5013e+02 -1.6032e+02
-1.5224e+02 -1.5175e+02 -1.4695e+02 -1.3846e+02
# New trial
-1.5228e+02 -1.5215e+02 -1.5091e+02 -1.5046e+02
-1.5228e+02 -1.5209e+02 -1.5028e+02 -1.4909e+02
-1.5226e+02 -1.5186e+02 -1.4806e+02 -1.3915e+02
-1.5222e+02 -1.5153e+02 -1.4485e+02 -1.3845e+02
# New trial
-1.5229e+02 -1.5220e+02 -1.5573e+02 -2.5787e+02
-1.5227e+02 -1.5207e+02 -1.5150e+02 -1.9271e+02
-1.5224e+02 -1.5169e+02 -1.4671e+02 -1.3926e+02
-1.5220e+02 -1.5134e+02 -1.4326e+02 -1.3845e+02
# New trial
-1.5231e+02 -1.5238e+02 -1.5413e+02 -2.2718e+02
-1.5231e+02 -1.5237e+02 -1.5344e+02 -2.0072e+02
-1.5230e+02 -1.5228e+02 -1.5225e+02 -1.8702e+02
-1.5228e+02 -1.5214e+02 -1.5071e+02 -1.4469e+02
# New trial
