# 10.0sig - Array shape (trial/sig/alpha): (30L, 4L, 4L)
-8.7682e+01 -8.7660e+01 -9.0374e+01 -2.0645e+02
-8.7675e+01 -8.7575e+01 -8.8319e+01 -1.5932e+02
-8.7649e+01 -8.7313e+01 -8.4443e+01 -9.4794e+01
-8.7603e+01 -8.6846e+01 -7.9486e+01 -6.4616e+01
# New trial
-8.7709e+01 -8.8118e+01 -1.0880e+02 -4.4661e+02
-8.7683e+01 -8.7815e+01 -9.9705e+01 -3.1183e+02
-8.7623e+01 -8.7080e+01 -8.5535e+01 -2.0620e+02
-8.7541e+01 -8.6235e+01 -7.4080e+01 -6.4612e+01
# New trial
-8.7675e+01 -8.7604e+01 -9.3275e+01 -2.6904e+02
-8.7655e+01 -8.7399e+01 -8.9611e+01 -2.0826e+02
-8.7586e+01 -8.6687e+01 -7.9190e+01 -8.5131e+01
-8.7506e+01 -8.5881e+01 -7.1114e+01 -6.4612e+01
# New trial
-8.7672e+01 -8.7556e+01 -8.9727e+01 -2.2621e+02
-8.7664e+01 -8.7482e+01 -8.8871e+01 -1.8423e+02
-8.7614e+01 -8.6964e+01 -8.2048e+01 -1.1980e+02
-8.7551e+01 -8.6326e+01 -7.5294e+01 -8.0610e+01
# New trial
-8.7705e+01 -8.7955e+01 -1.0118e+02 -3.3865e+02
-8.7680e+01 -8.7656e+01 -9.1714e+01 -2.2514e+02
-8.7640e+01 -8.7227e+01 -8.4130e+01 -1.1095e+02
-8.7598e+01 -8.6798e+01 -7.9209e+01 -7.8751e+01
# New trial
-8.7678e+01 -8.7632e+01 -9.1291e+01 -2.0306e+02
-8.7655e+01 -8.7398e+01 -8.8109e+01 -1.7084e+02
-8.7596e+01 -8.6789e+01 -7.9973e+01 -8.7575e+01
-8.7525e+01 -8.6066e+01 -7.3029e+01 -6.5945e+01
# New trial
-8.7654e+01 -8.7366e+01 -8.6300e+01 -1.7618e+02
-8.7648e+01 -8.7306e+01 -8.5439e+01 -1.6313e+02
-8.7627e+01 -8.7084e+01 -8.2430e+01 -1.2113e+02
-8.7603e+01 -8.6842e+01 -7.9503e+01 -7.2970e+01
# New trial
-8.7672e+01 -8.7591e+01 -9.3097e+01 -2.4389e+02
-8.7662e+01 -8.7488e+01 -9.0929e+01 -2.2513e+02
-8.7621e+01 -8.7055e+01 -8.3553e+01 -1.0843e+02
-8.7551e+01 -8.6334e+01 -7.5125e+01 -6.4623e+01
# New trial
-8.7692e+01 -8.7955e+01 -1.1302e+02 -4.9799e+02
-8.7656e+01 -8.7483e+01 -9.5859e+01 -2.6212e+02
-8.7566e+01 -8.6498e+01 -7.7750e+01 -7.4291e+01
-8.7456e+01 -8.5387e+01 -6.8105e+01 -6.4612e+01
# New trial
-8.7655e+01 -8.7372e+01 -8.5102e+01 -1.2912e+02
-8.7644e+01 -8.7258e+01 -8.3743e+01 -8.9510e+01
-8.7618e+01 -8.6999e+01 -8.1070e+01 -7.6260e+01
-8.7599e+01 -8.6806e+01 -7.9049e+01 -6.4612e+01
# New trial
-8.7722e+01 -8.8218e+01 -1.0988e+02 -4.4395e+02
-8.7653e+01 -8.7442e+01 -1.0217e+02 -3.8061e+02
-8.7548e+01 -8.6339e+01 -8.2027e+01 -1.9545e+02
-8.7435e+01 -8.5174e+01 -6.7644e+01 -6.4612e+01
# New trial
-8.7720e+01 -8.8172e+01 -1.1010e+02 -4.3269e+02
-8.7678e+01 -8.7631e+01 -9.0306e+01 -1.8949e+02
-8.7640e+01 -8.7225e+01 -8.3895e+01 -8.4064e+01
-8.7586e+01 -8.6673e+01 -7.7845e+01 -6.4612e+01
# New trial
-8.7687e+01 -8.7803e+01 -1.0090e+02 -3.5247e+02
-8.7667e+01 -8.7570e+01 -9.3596e+01 -2.4394e+02
-8.7608e+01 -8.6918e+01 -8.2551e+01 -1.3609e+02
-8.7529e+01 -8.6111e+01 -7.3648e+01 -8.0857e+01
# New trial
-8.7689e+01 -8.7762e+01 -9.4835e+01 -2.5797e+02
-8.7670e+01 -8.7547e+01 -8.9941e+01 -1.8149e+02
-8.7607e+01 -8.6901e+01 -8.1542e+01 -1.0797e+02
-8.7534e+01 -8.6164e+01 -7.3708e+01 -6.4896e+01
# New trial
-8.7697e+01 -8.7890e+01 -1.0024e+02 -3.1274e+02
-8.7671e+01 -8.7602e+01 -9.4222e+01 -2.3927e+02
-8.7596e+01 -8.6787e+01 -8.0198e+01 -7.9221e+01
-8.7510e+01 -8.5922e+01 -7.1400e+01 -6.4612e+01
# New trial
-8.7736e+01 -8.8426e+01 -1.1484e+02 -4.9234e+02
-8.7699e+01 -8.7943e+01 -9.9097e+01 -2.8117e+02
-8.7598e+01 -8.6839e+01 -8.3341e+01 -1.4413e+02
-8.7457e+01 -8.5395e+01 -6.8126e+01 -6.4612e+01
# New trial
-8.7685e+01 -8.7822e+01 -1.1106e+02 -4.7620e+02
-8.7652e+01 -8.7406e+01 -9.2749e+01 -2.5339e+02
-8.7585e+01 -8.6687e+01 -8.0711e+01 -1.2445e+02
-8.7494e+01 -8.5759e+01 -7.0388e+01 -6.4612e+01
# New trial
-8.7704e+01 -8.7894e+01 -9.5487e+01 -2.9205e+02
-8.7673e+01 -8.7573e+01 -8.9046e+01 -1.7778e+02
-8.7613e+01 -8.6960e+01 -8.2023e+01 -1.2747e+02
-8.7572e+01 -8.6537e+01 -7.6949e+01 -7.3979e+01
# New trial
-8.7686e+01 -8.7694e+01 -9.1420e+01 -2.3589e+02
-8.7668e+01 -8.7501e+01 -8.6781e+01 -1.2899e+02
-8.7639e+01 -8.7210e+01 -8.3151e+01 -7.1095e+01
-8.7600e+01 -8.6814e+01 -7.9135e+01 -6.4619e+01
# New trial
-8.7732e+01 -8.8279e+01 -1.1023e+02 -4.2188e+02
-8.7692e+01 -8.7782e+01 -9.4144e+01 -2.6517e+02
-8.7606e+01 -8.6881e+01 -8.0707e+01 -8.1548e+01
-8.7522e+01 -8.6039e+01 -7.2660e+01 -6.4612e+01
# New trial
-8.7712e+01 -8.7992e+01 -9.7863e+01 -3.0017e+02
-8.7682e+01 -8.7655e+01 -8.9559e+01 -1.9688e+02
-8.7624e+01 -8.7064e+01 -8.2359e+01 -1.3568e+02
-8.7560e+01 -8.6420e+01 -7.5864e+01 -7.4883e+01
# New trial
-8.7673e+01 -8.7562e+01 -8.8927e+01 -1.9321e+02
-8.7666e+01 -8.7497e+01 -8.9071e+01 -2.0447e+02
-8.7613e+01 -8.6955e+01 -8.1820e+01 -1.1287e+02
-8.7534e+01 -8.6164e+01 -7.4409e+01 -6.5145e+01
# New trial
-8.7673e+01 -8.7591e+01 -9.1783e+01 -2.0714e+02
-8.7651e+01 -8.7362e+01 -8.8389e+01 -1.7674e+02
-8.7594e+01 -8.6768e+01 -8.0045e+01 -1.0425e+02
-8.7522e+01 -8.6038e+01 -7.2274e+01 -6.4612e+01
# New trial
-8.7675e+01 -8.7673e+01 -9.6567e+01 -2.7325e+02
-8.7656e+01 -8.7473e+01 -9.4014e+01 -2.5226e+02
-8.7593e+01 -8.6787e+01 -8.2872e+01 -1.4434e+02
-8.7476e+01 -8.5587e+01 -6.9603e+01 -6.4612e+01
# New trial
-8.7723e+01 -8.8199e+01 -1.0533e+02 -3.7376e+02
-8.7686e+01 -8.7774e+01 -9.6009e+01 -2.6332e+02
-8.7596e+01 -8.6804e+01 -8.1882e+01 -1.4283e+02
-8.7477e+01 -8.5593e+01 -6.9332e+01 -6.4612e+01
# New trial
-8.7754e+01 -8.8709e+01 -1.1955e+02 -5.2202e+02
-8.7700e+01 -8.7993e+01 -1.0475e+02 -3.9685e+02
-8.7554e+01 -8.6395e+01 -7.8682e+01 -1.1899e+02
-8.7375e+01 -8.4585e+01 -6.5602e+01 -6.4612e+01
# New trial
-8.7783e+01 -8.9033e+01 -1.2155e+02 -5.2310e+02
-8.7688e+01 -8.7793e+01 -9.6281e+01 -2.5919e+02
-8.7555e+01 -8.6385e+01 -7.6528e+01 -7.5010e+01
-8.7435e+01 -8.5172e+01 -6.7402e+01 -6.4612e+01
# New trial
-8.7664e+01 -8.7469e+01 -8.6986e+01 -1.6006e+02
-8.7652e+01 -8.7346e+01 -8.6085e+01 -1.6286e+02
-8.7607e+01 -8.6894e+01 -8.1036e+01 -1.1408e+02
-8.7531e+01 -8.6130e+01 -7.3465e+01 -6.4617e+01
# New trial
-8.7699e+01 -8.7928e+01 -1.0673e+02 -4.2232e+02
-8.7684e+01 -8.7751e+01 -9.6492e+01 -2.7461e+02
-8.7617e+01 -8.7020e+01 -8.3584e+01 -1.3927e+02
-8.7510e+01 -8.5918e+01 -7.1730e+01 -6.4646e+01
# New trial
-8.7669e+01 -8.7543e+01 -9.2856e+01 -2.6742e+02
-8.7653e+01 -8.7363e+01 -8.7815e+01 -1.8829e+02
-8.7605e+01 -8.6876e+01 -8.1057e+01 -1.3318e+02
-8.7551e+01 -8.6325e+01 -7.5306e+01 -7.2315e+01
# New trial
