# 1.0sig - Array shape (trial/sig/alpha): (30, 4, 4)
-1.2449e+02 -1.2352e+02 -1.2396e+02 -2.9416e+02
-1.2442e+02 -1.2278e+02 -1.1180e+02 -1.4465e+02
-1.2423e+02 -1.2089e+02 -9.3270e+01 -7.8817e+01
-1.2406e+02 -1.1919e+02 -8.7358e+01 -1.0337e+02
# New trial
-1.2450e+02 -1.2355e+02 -1.1764e+02 -2.0093e+02
-1.2445e+02 -1.2309e+02 -1.1388e+02 -1.3468e+02
-1.2429e+02 -1.2150e+02 -9.8336e+01 -7.8764e+01
-1.2422e+02 -1.2072e+02 -9.1693e+01 -8.3408e+01
# New trial
-1.2449e+02 -1.2348e+02 -1.1727e+02 -2.0523e+02
-1.2444e+02 -1.2298e+02 -1.1145e+02 -1.1558e+02
-1.2430e+02 -1.2159e+02 -9.8446e+01 -8.0377e+01
-1.2417e+02 -1.2026e+02 -9.1568e+01 -1.1448e+02
# New trial
-1.2450e+02 -1.2357e+02 -1.2445e+02 -4.2665e+02
-1.2445e+02 -1.2305e+02 -1.1404e+02 -1.8292e+02
-1.2432e+02 -1.2175e+02 -9.9084e+01 -7.8457e+01
-1.2427e+02 -1.2125e+02 -9.5401e+01 -1.0395e+02
# New trial
-1.2442e+02 -1.2287e+02 -1.2526e+02 -3.8240e+02
-1.2435e+02 -1.2210e+02 -1.0811e+02 -1.7915e+02
-1.2422e+02 -1.2074e+02 -9.3222e+01 -7.8489e+01
-1.2417e+02 -1.2022e+02 -9.3161e+01 -1.6032e+02
# New trial
-1.2451e+02 -1.2370e+02 -1.2622e+02 -3.8670e+02
-1.2446e+02 -1.2317e+02 -1.1308e+02 -1.5789e+02
-1.2433e+02 -1.2181e+02 -9.8437e+01 -7.8457e+01
-1.2422e+02 -1.2069e+02 -9.0394e+01 -7.8457e+01
# New trial
-1.2456e+02 -1.2419e+02 -1.2400e+02 -3.0057e+02
-1.2452e+02 -1.2378e+02 -1.1704e+02 -1.6479e+02
-1.2446e+02 -1.2314e+02 -1.1055e+02 -9.0808e+01
-1.2446e+02 -1.2308e+02 -1.1010e+02 -1.1914e+02
# New trial
-1.2448e+02 -1.2348e+02 -1.2806e+02 -3.8193e+02
-1.2441e+02 -1.2273e+02 -1.1423e+02 -2.4751e+02
-1.2426e+02 -1.2122e+02 -9.7013e+01 -7.9480e+01
-1.2422e+02 -1.2073e+02 -9.4014e+01 -1.3676e+02
# New trial
-1.2440e+02 -1.2267e+02 -1.2388e+02 -3.6274e+02
-1.2426e+02 -1.2132e+02 -1.1031e+02 -2.2189e+02
-1.2396e+02 -1.1829e+02 -8.6159e+01 -7.8463e+01
-1.2384e+02 -1.1700e+02 -9.0802e+01 -1.8039e+02
# New trial
-1.2445e+02 -1.2308e+02 -1.1425e+02 -1.9003e+02
-1.2438e+02 -1.2236e+02 -1.0703e+02 -1.7979e+02
-1.2422e+02 -1.2071e+02 -9.0748e+01 -7.8457e+01
-1.2412e+02 -1.1971e+02 -8.8656e+01 -1.1526e+02
# New trial
-1.2444e+02 -1.2300e+02 -1.2085e+02 -2.8955e+02
-1.2436e+02 -1.2227e+02 -1.1415e+02 -2.2864e+02
-1.2416e+02 -1.2013e+02 -8.9642e+01 -7.8938e+01
-1.2410e+02 -1.1959e+02 -8.6802e+01 -7.8482e+01
# New trial
-1.2448e+02 -1.2346e+02 -1.2933e+02 -4.2386e+02
-1.2439e+02 -1.2250e+02 -1.0867e+02 -1.6031e+02
-1.2421e+02 -1.2063e+02 -8.9299e+01 -7.8457e+01
-1.2403e+02 -1.1883e+02 -8.3069e+01 -7.8457e+01
# New trial
-1.2452e+02 -1.2388e+02 -1.3270e+02 -4.4400e+02
-1.2445e+02 -1.2305e+02 -1.1497e+02 -1.7068e+02
-1.2432e+02 -1.2175e+02 -9.9409e+01 -7.8538e+01
-1.2428e+02 -1.2130e+02 -9.5594e+01 -1.0889e+02
# New trial
-1.2446e+02 -1.2347e+02 -1.5073e+02 -6.2724e+02
-1.2436e+02 -1.2230e+02 -1.1918e+02 -2.8690e+02
-1.2417e+02 -1.2026e+02 -9.0446e+01 -7.9768e+01
-1.2416e+02 -1.2019e+02 -1.0512e+02 -3.2460e+02
# New trial
-1.2450e+02 -1.2361e+02 -1.2314e+02 -3.9013e+02
-1.2446e+02 -1.2312e+02 -1.1414e+02 -1.8152e+02
-1.2433e+02 -1.2189e+02 -9.9974e+01 -7.8470e+01
-1.2427e+02 -1.2124e+02 -9.4280e+01 -7.8457e+01
# New trial
-1.2445e+02 -1.2339e+02 -1.5040e+02 -6.4511e+02
-1.2435e+02 -1.2228e+02 -1.2134e+02 -2.9258e+02
-1.2410e+02 -1.1967e+02 -9.0995e+01 -7.8477e+01
-1.2403e+02 -1.1891e+02 -9.3305e+01 -1.9058e+02
# New trial
-1.2447e+02 -1.2328e+02 -1.1931e+02 -2.4196e+02
-1.2438e+02 -1.2237e+02 -1.1023e+02 -2.0883e+02
-1.2412e+02 -1.1976e+02 -8.9217e+01 -7.8475e+01
-1.2400e+02 -1.1863e+02 -9.0278e+01 -1.4914e+02
# New trial
-1.2451e+02 -1.2366e+02 -1.2170e+02 -2.3506e+02
-1.2445e+02 -1.2306e+02 -1.1632e+02 -1.8974e+02
-1.2428e+02 -1.2136e+02 -9.6867e+01 -7.9048e+01
-1.2425e+02 -1.2107e+02 -9.4033e+01 -7.8467e+01
# New trial
-1.2448e+02 -1.2341e+02 -1.3173e+02 -4.4001e+02
-1.2441e+02 -1.2273e+02 -1.1892e+02 -2.7474e+02
-1.2423e+02 -1.2089e+02 -9.3313e+01 -7.8459e+01
-1.2409e+02 -1.1948e+02 -8.6133e+01 -7.9476e+01
# New trial
-1.2452e+02 -1.2379e+02 -1.2624e+02 -3.8497e+02
-1.2448e+02 -1.2337e+02 -1.1601e+02 -2.1054e+02
-1.2438e+02 -1.2230e+02 -1.0279e+02 -7.8681e+01
-1.2428e+02 -1.2131e+02 -9.4837e+01 -7.8460e+01
# New trial
-1.2448e+02 -1.2349e+02 -1.3286e+02 -4.0969e+02
-1.2436e+02 -1.2224e+02 -1.1028e+02 -1.7253e+02
-1.2425e+02 -1.2110e+02 -9.5398e+01 -7.8463e+01
-1.2435e+02 -1.2203e+02 -1.0205e+02 -1.5371e+02
# New trial
-1.2450e+02 -1.2353e+02 -1.2186e+02 -3.5323e+02
-1.2445e+02 -1.2302e+02 -1.1037e+02 -8.6789e+01
-1.2434e+02 -1.2191e+02 -9.9195e+01 -7.8457e+01
-1.2426e+02 -1.2109e+02 -9.2737e+01 -7.8457e+01
# New trial
-1.2449e+02 -1.2360e+02 -1.3131e+02 -3.9628e+02
-1.2437e+02 -1.2227e+02 -1.0898e+02 -1.5048e+02
-1.2418e+02 -1.2035e+02 -9.0788e+01 -7.8856e+01
-1.2418e+02 -1.2030e+02 -8.9892e+01 -7.8660e+01
# New trial
-1.2448e+02 -1.2353e+02 -1.2738e+02 -2.7971e+02
-1.2436e+02 -1.2225e+02 -1.1234e+02 -2.0253e+02
-1.2408e+02 -1.1938e+02 -8.5603e+01 -7.8463e+01
-1.2390e+02 -1.1760e+02 -9.3664e+01 -2.0636e+02
# New trial
-1.2449e+02 -1.2378e+02 -1.5017e+02 -6.2057e+02
-1.2437e+02 -1.2239e+02 -1.1561e+02 -1.8300e+02
-1.2413e+02 -1.1989e+02 -8.7512e+01 -7.8457e+01
-1.2400e+02 -1.1859e+02 -8.3507e+01 -7.8474e+01
# New trial
-1.2451e+02 -1.2366e+02 -1.1634e+02 -1.2742e+02
-1.2445e+02 -1.2299e+02 -1.1031e+02 -9.4637e+01
-1.2430e+02 -1.2155e+02 -9.8333e+01 -7.8697e+01
-1.2425e+02 -1.2106e+02 -9.3551e+01 -8.5583e+01
# New trial
-1.2445e+02 -1.2307e+02 -1.2033e+02 -4.0654e+02
-1.2440e+02 -1.2258e+02 -1.1022e+02 -1.8861e+02
-1.2428e+02 -1.2137e+02 -9.5697e+01 -7.8457e+01
-1.2425e+02 -1.2100e+02 -9.2600e+01 -7.8457e+01
# New trial
-1.2447e+02 -1.2346e+02 -1.3096e+02 -4.4048e+02
-1.2438e+02 -1.2250e+02 -1.1650e+02 -2.4851e+02
-1.2417e+02 -1.2025e+02 -9.0930e+01 -9.8458e+01
-1.2411e+02 -1.1960e+02 -8.7245e+01 -8.7326e+01
# New trial
-1.2450e+02 -1.2362e+02 -1.2042e+02 -2.4684e+02
-1.2443e+02 -1.2287e+02 -1.1177e+02 -1.5759e+02
-1.2426e+02 -1.2120e+02 -9.6602e+01 -7.8711e+01
-1.2423e+02 -1.2085e+02 -9.3564e+01 -1.0147e+02
# New trial
-1.2447e+02 -1.2330e+02 -1.2127e+02 -3.2517e+02
-1.2442e+02 -1.2280e+02 -1.1168e+02 -1.7254e+02
-1.2429e+02 -1.2148e+02 -9.6775e+01 -7.8637e+01
-1.2421e+02 -1.2065e+02 -9.0784e+01 -7.8458e+01
# New trial
