# 1.0sig - Array shape (trial/sig/alpha): (30, 4, 4)
-1.4305e+02 -1.4286e+02 -1.4177e+02 -1.6131e+02
-1.4304e+02 -1.4275e+02 -1.4026e+02 -1.3585e+02
-1.4301e+02 -1.4247e+02 -1.3782e+02 -1.4119e+02
-1.4299e+02 -1.4228e+02 -1.3903e+02 -1.8099e+02
# New trial
-1.4305e+02 -1.4289e+02 -1.4170e+02 -1.4662e+02
-1.4304e+02 -1.4279e+02 -1.4076e+02 -1.4082e+02
-1.4301e+02 -1.4250e+02 -1.3805e+02 -1.3386e+02
-1.4298e+02 -1.4215e+02 -1.3529e+02 -1.3384e+02
# New trial
-1.4305e+02 -1.4288e+02 -1.4149e+02 -1.5279e+02
-1.4304e+02 -1.4278e+02 -1.4045e+02 -1.3701e+02
-1.4302e+02 -1.4256e+02 -1.3835e+02 -1.3385e+02
-1.4301e+02 -1.4252e+02 -1.3783e+02 -1.3384e+02
# New trial
-1.4305e+02 -1.4287e+02 -1.4159e+02 -1.7083e+02
-1.4304e+02 -1.4278e+02 -1.4058e+02 -1.4315e+02
-1.4302e+02 -1.4254e+02 -1.3817e+02 -1.3385e+02
-1.4300e+02 -1.4238e+02 -1.3684e+02 -1.3384e+02
# New trial
-1.4303e+02 -1.4271e+02 -1.4126e+02 -1.6586e+02
-1.4302e+02 -1.4259e+02 -1.3932e+02 -1.4322e+02
-1.4300e+02 -1.4236e+02 -1.3703e+02 -1.3394e+02
-1.4299e+02 -1.4224e+02 -1.3646e+02 -1.4071e+02
# New trial
-1.4306e+02 -1.4295e+02 -1.4282e+02 -1.9286e+02
-1.4305e+02 -1.4285e+02 -1.4125e+02 -1.5293e+02
-1.4302e+02 -1.4262e+02 -1.3892e+02 -1.3477e+02
-1.4300e+02 -1.4243e+02 -1.3719e+02 -1.3384e+02
# New trial
-1.4306e+02 -1.4299e+02 -1.4262e+02 -1.6962e+02
-1.4306e+02 -1.4294e+02 -1.4184e+02 -1.4080e+02
-1.4304e+02 -1.4283e+02 -1.4076e+02 -1.3486e+02
-1.4304e+02 -1.4275e+02 -1.4005e+02 -1.3946e+02
# New trial
-1.4305e+02 -1.4286e+02 -1.4267e+02 -1.8365e+02
-1.4304e+02 -1.4275e+02 -1.4072e+02 -1.5412e+02
-1.4301e+02 -1.4245e+02 -1.3753e+02 -1.3384e+02
-1.4297e+02 -1.4208e+02 -1.3515e+02 -1.3384e+02
# New trial
-1.4302e+02 -1.4263e+02 -1.4092e+02 -1.6605e+02
-1.4300e+02 -1.4242e+02 -1.3853e+02 -1.4566e+02
-1.4296e+02 -1.4200e+02 -1.3563e+02 -1.3387e+02
-1.4295e+02 -1.4194e+02 -1.3926e+02 -1.8512e+02
# New trial
-1.4305e+02 -1.4290e+02 -1.4204e+02 -1.7101e+02
-1.4304e+02 -1.4278e+02 -1.4079e+02 -1.6006e+02
-1.4301e+02 -1.4244e+02 -1.3741e+02 -1.3384e+02
-1.4297e+02 -1.4208e+02 -1.3524e+02 -1.3384e+02
# New trial
-1.4305e+02 -1.4287e+02 -1.4234e+02 -1.7567e+02
-1.4304e+02 -1.4276e+02 -1.4113e+02 -1.6484e+02
-1.4301e+02 -1.4253e+02 -1.3857e+02 -1.4567e+02
-1.4300e+02 -1.4236e+02 -1.3786e+02 -1.3832e+02
# New trial
-1.4304e+02 -1.4284e+02 -1.4210e+02 -1.7656e+02
-1.4303e+02 -1.4270e+02 -1.3983e+02 -1.4400e+02
-1.4300e+02 -1.4241e+02 -1.3711e+02 -1.3388e+02
-1.4297e+02 -1.4206e+02 -1.3538e+02 -1.3384e+02
# New trial
-1.4306e+02 -1.4304e+02 -1.4444e+02 -1.9590e+02
-1.4305e+02 -1.4286e+02 -1.4161e+02 -1.5412e+02
-1.4302e+02 -1.4257e+02 -1.3869e+02 -1.3581e+02
-1.4301e+02 -1.4252e+02 -1.3822e+02 -1.4598e+02
# New trial
-1.4305e+02 -1.4286e+02 -1.4597e+02 -2.2334e+02
-1.4303e+02 -1.4266e+02 -1.4102e+02 -1.7059e+02
-1.4299e+02 -1.4224e+02 -1.3624e+02 -1.3384e+02
-1.4296e+02 -1.4203e+02 -1.3505e+02 -1.3384e+02
# New trial
-1.4305e+02 -1.4291e+02 -1.4285e+02 -1.8779e+02
-1.4304e+02 -1.4281e+02 -1.4093e+02 -1.4641e+02
-1.4302e+02 -1.4260e+02 -1.3869e+02 -1.3384e+02
-1.4302e+02 -1.4257e+02 -1.3831e+02 -1.3384e+02
# New trial
-1.4304e+02 -1.4280e+02 -1.4532e+02 -2.2629e+02
-1.4302e+02 -1.4259e+02 -1.4131e+02 -1.6476e+02
-1.4297e+02 -1.4214e+02 -1.3696e+02 -1.3385e+02
-1.4297e+02 -1.4210e+02 -1.3831e+02 -1.6973e+02
# New trial
-1.4305e+02 -1.4284e+02 -1.4160e+02 -1.6024e+02
-1.4303e+02 -1.4271e+02 -1.4046e+02 -1.5440e+02
-1.4299e+02 -1.4227e+02 -1.3664e+02 -1.3384e+02
-1.4294e+02 -1.4179e+02 -1.3503e+02 -1.3384e+02
# New trial
-1.4305e+02 -1.4287e+02 -1.4162e+02 -1.5451e+02
-1.4304e+02 -1.4276e+02 -1.4063e+02 -1.4679e+02
-1.4300e+02 -1.4243e+02 -1.3753e+02 -1.3385e+02
-1.4299e+02 -1.4227e+02 -1.3647e+02 -1.3420e+02
# New trial
-1.4304e+02 -1.4278e+02 -1.4147e+02 -1.6569e+02
-1.4303e+02 -1.4267e+02 -1.4009e+02 -1.4356e+02
-1.4300e+02 -1.4240e+02 -1.3730e+02 -1.3384e+02
-1.4299e+02 -1.4227e+02 -1.3601e+02 -1.3384e+02
# New trial
-1.4305e+02 -1.4289e+02 -1.4187e+02 -1.7698e+02
-1.4304e+02 -1.4283e+02 -1.4087e+02 -1.4114e+02
-1.4303e+02 -1.4266e+02 -1.3908e+02 -1.3384e+02
-1.4301e+02 -1.4245e+02 -1.3719e+02 -1.3384e+02
# New trial
-1.4305e+02 -1.4287e+02 -1.4287e+02 -1.7993e+02
-1.4303e+02 -1.4270e+02 -1.4027e+02 -1.4058e+02
-1.4300e+02 -1.4241e+02 -1.3771e+02 -1.3389e+02
-1.4300e+02 -1.4238e+02 -1.3703e+02 -1.3438e+02
# New trial
-1.4305e+02 -1.4292e+02 -1.4231e+02 -1.8054e+02
-1.4305e+02 -1.4284e+02 -1.4092e+02 -1.3503e+02
-1.4303e+02 -1.4265e+02 -1.3905e+02 -1.3384e+02
-1.4300e+02 -1.4237e+02 -1.3664e+02 -1.3384e+02
# New trial
-1.4305e+02 -1.4288e+02 -1.4306e+02 -1.7972e+02
-1.4303e+02 -1.4268e+02 -1.4007e+02 -1.4847e+02
-1.4299e+02 -1.4228e+02 -1.3653e+02 -1.3384e+02
-1.4296e+02 -1.4197e+02 -1.3456e+02 -1.3384e+02
# New trial
-1.4305e+02 -1.4286e+02 -1.4223e+02 -1.5593e+02
-1.4303e+02 -1.4267e+02 -1.4014e+02 -1.5042e+02
-1.4298e+02 -1.4220e+02 -1.3586e+02 -1.3384e+02
-1.4295e+02 -1.4187e+02 -1.3450e+02 -1.3384e+02
# New trial
-1.4305e+02 -1.4294e+02 -1.4640e+02 -2.2124e+02
-1.4303e+02 -1.4270e+02 -1.4100e+02 -1.5394e+02
-1.4298e+02 -1.4222e+02 -1.3617e+02 -1.3384e+02
-1.4295e+02 -1.4189e+02 -1.3445e+02 -1.3384e+02
# New trial
-1.4305e+02 -1.4292e+02 -1.4168e+02 -1.4359e+02
-1.4304e+02 -1.4281e+02 -1.4062e+02 -1.3437e+02
-1.4301e+02 -1.4253e+02 -1.3821e+02 -1.3384e+02
-1.4299e+02 -1.4229e+02 -1.3637e+02 -1.3384e+02
# New trial
-1.4304e+02 -1.4277e+02 -1.4135e+02 -1.6648e+02
-1.4303e+02 -1.4268e+02 -1.3983e+02 -1.4451e+02
-1.4301e+02 -1.4250e+02 -1.3784e+02 -1.3384e+02
-1.4301e+02 -1.4252e+02 -1.3817e+02 -1.4626e+02
# New trial
-1.4305e+02 -1.4293e+02 -1.4394e+02 -1.8462e+02
-1.4303e+02 -1.4272e+02 -1.4106e+02 -1.6083e+02
-1.4298e+02 -1.4221e+02 -1.3582e+02 -1.3384e+02
-1.4293e+02 -1.4167e+02 -1.3402e+02 -1.3384e+02
# New trial
-1.4305e+02 -1.4290e+02 -1.4200e+02 -1.5824e+02
-1.4304e+02 -1.4279e+02 -1.4086e+02 -1.5041e+02
-1.4301e+02 -1.4251e+02 -1.3825e+02 -1.3386e+02
-1.4300e+02 -1.4238e+02 -1.3744e+02 -1.4437e+02
# New trial
-1.4305e+02 -1.4290e+02 -1.4182e+02 -1.5843e+02
-1.4304e+02 -1.4281e+02 -1.4086e+02 -1.4762e+02
-1.4301e+02 -1.4250e+02 -1.3779e+02 -1.3387e+02
-1.4296e+02 -1.4201e+02 -1.3468e+02 -1.3384e+02
# New trial
