# 1.0sig - Array shape (trial/sig/alpha): (30, 4, 4)
-1.7526e+02 -1.7428e+02 -1.6980e+02 -2.9723e+02
-1.7519e+02 -1.7357e+02 -1.5972e+02 -1.5780e+02
-1.7501e+02 -1.7176e+02 -1.4316e+02 -1.2445e+02
-1.7479e+02 -1.6959e+02 -1.3589e+02 -1.9698e+02
# New trial
-1.7526e+02 -1.7420e+02 -1.6580e+02 -1.7748e+02
-1.7520e+02 -1.7365e+02 -1.6110e+02 -1.4862e+02
-1.7504e+02 -1.7209e+02 -1.4671e+02 -1.2044e+02
-1.7487e+02 -1.7039e+02 -1.3225e+02 -1.2005e+02
# New trial
-1.7527e+02 -1.7430e+02 -1.6643e+02 -2.3889e+02
-1.7522e+02 -1.7381e+02 -1.6140e+02 -1.5226e+02
-1.7509e+02 -1.7251e+02 -1.4999e+02 -1.3299e+02
-1.7496e+02 -1.7126e+02 -1.4243e+02 -2.0916e+02
# New trial
-1.7527e+02 -1.7434e+02 -1.6997e+02 -4.0041e+02
-1.7521e+02 -1.7377e+02 -1.6234e+02 -1.9822e+02
-1.7507e+02 -1.7240e+02 -1.4893e+02 -1.2698e+02
-1.7499e+02 -1.7153e+02 -1.4525e+02 -2.0612e+02
# New trial
-1.7520e+02 -1.7371e+02 -1.6747e+02 -3.9270e+02
-1.7513e+02 -1.7297e+02 -1.5562e+02 -1.8982e+02
-1.7498e+02 -1.7148e+02 -1.4198e+02 -1.2018e+02
-1.7487e+02 -1.7035e+02 -1.3902e+02 -1.9676e+02
# New trial
-1.7528e+02 -1.7442e+02 -1.7040e+02 -4.0930e+02
-1.7523e+02 -1.7390e+02 -1.6166e+02 -1.6030e+02
-1.7510e+02 -1.7261e+02 -1.4869e+02 -1.1999e+02
-1.7498e+02 -1.7141e+02 -1.3866e+02 -1.1999e+02
# New trial
-1.7534e+02 -1.7500e+02 -1.7346e+02 -3.4238e+02
-1.7530e+02 -1.7468e+02 -1.6883e+02 -1.8631e+02
-1.7524e+02 -1.7402e+02 -1.6221e+02 -1.3125e+02
-1.7519e+02 -1.7354e+02 -1.5753e+02 -1.3172e+02
# New trial
-1.7526e+02 -1.7433e+02 -1.7439e+02 -4.2988e+02
-1.7519e+02 -1.7354e+02 -1.6106e+02 -2.2813e+02
-1.7501e+02 -1.7178e+02 -1.4222e+02 -1.1999e+02
-1.7487e+02 -1.7031e+02 -1.3186e+02 -1.1999e+02
# New trial
-1.7518e+02 -1.7349e+02 -1.6638e+02 -3.3061e+02
-1.7504e+02 -1.7212e+02 -1.5138e+02 -1.9108e+02
-1.7474e+02 -1.6910e+02 -1.2821e+02 -1.2001e+02
-1.7457e+02 -1.6740e+02 -1.3593e+02 -2.4506e+02
# New trial
-1.7526e+02 -1.7424e+02 -1.6687e+02 -3.1186e+02
-1.7519e+02 -1.7358e+02 -1.6056e+02 -2.2170e+02
-1.7501e+02 -1.7177e+02 -1.4252e+02 -1.2000e+02
-1.7484e+02 -1.7001e+02 -1.3128e+02 -1.2047e+02
# New trial
-1.7524e+02 -1.7406e+02 -1.7014e+02 -3.2841e+02
-1.7516e+02 -1.7331e+02 -1.6253e+02 -2.4944e+02
-1.7494e+02 -1.7112e+02 -1.4090e+02 -1.3853e+02
-1.7476e+02 -1.6925e+02 -1.3304e+02 -1.8388e+02
# New trial
-1.7526e+02 -1.7430e+02 -1.7356e+02 -3.9883e+02
-1.7517e+02 -1.7335e+02 -1.5680e+02 -1.3214e+02
-1.7499e+02 -1.7157e+02 -1.3955e+02 -1.1999e+02
-1.7478e+02 -1.6943e+02 -1.2754e+02 -1.1999e+02
# New trial
-1.7531e+02 -1.7475e+02 -1.7721e+02 -4.5405e+02
-1.7522e+02 -1.7386e+02 -1.6373e+02 -2.1480e+02
-1.7507e+02 -1.7238e+02 -1.4854e+02 -1.2197e+02
-1.7501e+02 -1.7173e+02 -1.4270e+02 -1.4440e+02
# New trial
-1.7529e+02 -1.7480e+02 -2.0094e+02 -6.7839e+02
-1.7517e+02 -1.7339e+02 -1.6670e+02 -3.0802e+02
-1.7490e+02 -1.7066e+02 -1.3428e+02 -1.1999e+02
-1.7467e+02 -1.6835e+02 -1.2435e+02 -1.1999e+02
# New trial
-1.7529e+02 -1.7453e+02 -1.7340e+02 -4.2253e+02
-1.7523e+02 -1.7396e+02 -1.6377e+02 -1.9823e+02
-1.7509e+02 -1.7249e+02 -1.4800e+02 -1.1999e+02
-1.7498e+02 -1.7141e+02 -1.3896e+02 -1.1999e+02
# New trial
-1.7526e+02 -1.7450e+02 -1.9148e+02 -6.4810e+02
-1.7514e+02 -1.7325e+02 -1.6899e+02 -2.9983e+02
-1.7484e+02 -1.7016e+02 -1.4055e+02 -1.2955e+02
-1.7473e+02 -1.6904e+02 -1.3444e+02 -1.8498e+02
# New trial
-1.7524e+02 -1.7403e+02 -1.6627e+02 -2.4276e+02
-1.7515e+02 -1.7318e+02 -1.5785e+02 -1.6326e+02
-1.7490e+02 -1.7070e+02 -1.3611e+02 -1.2011e+02
-1.7472e+02 -1.6885e+02 -1.2663e+02 -1.2001e+02
# New trial
-1.7523e+02 -1.7399e+02 -1.6399e+02 -2.0383e+02
-1.7517e+02 -1.7340e+02 -1.5864e+02 -1.6379e+02
-1.7501e+02 -1.7171e+02 -1.4204e+02 -1.1999e+02
-1.7491e+02 -1.7078e+02 -1.3475e+02 -1.1999e+02
# New trial
-1.7526e+02 -1.7434e+02 -1.7817e+02 -4.7455e+02
-1.7520e+02 -1.7363e+02 -1.6543e+02 -2.7389e+02
-1.7500e+02 -1.7166e+02 -1.4129e+02 -1.1999e+02
-1.7483e+02 -1.6999e+02 -1.3036e+02 -1.1999e+02
# New trial
-1.7527e+02 -1.7431e+02 -1.6956e+02 -3.5488e+02
-1.7524e+02 -1.7400e+02 -1.6283e+02 -1.8600e+02
-1.7515e+02 -1.7315e+02 -1.5413e+02 -1.2395e+02
-1.7505e+02 -1.7210e+02 -1.4483e+02 -1.2235e+02
# New trial
-1.7525e+02 -1.7424e+02 -1.7518e+02 -3.9993e+02
-1.7516e+02 -1.7324e+02 -1.5825e+02 -1.4822e+02
-1.7501e+02 -1.7175e+02 -1.4457e+02 -1.2092e+02
-1.7500e+02 -1.7167e+02 -1.4149e+02 -1.2051e+02
# New trial
-1.7528e+02 -1.7446e+02 -1.7058e+02 -3.9276e+02
-1.7524e+02 -1.7401e+02 -1.6222e+02 -1.2271e+02
-1.7512e+02 -1.7288e+02 -1.5135e+02 -1.2022e+02
-1.7497e+02 -1.7131e+02 -1.3819e+02 -1.2006e+02
# New trial
-1.7525e+02 -1.7418e+02 -1.7219e+02 -3.6980e+02
-1.7513e+02 -1.7293e+02 -1.5529e+02 -1.9011e+02
-1.7493e+02 -1.7096e+02 -1.3872e+02 -1.2087e+02
-1.7490e+02 -1.7068e+02 -1.3820e+02 -1.6275e+02
# New trial
-1.7522e+02 -1.7391e+02 -1.6767e+02 -2.1395e+02
-1.7511e+02 -1.7277e+02 -1.5562e+02 -1.5313e+02
-1.7484e+02 -1.7006e+02 -1.3143e+02 -1.1999e+02
-1.7463e+02 -1.6796e+02 -1.2404e+02 -1.1999e+02
# New trial
-1.7524e+02 -1.7426e+02 -1.9108e+02 -6.0093e+02
-1.7512e+02 -1.7290e+02 -1.5908e+02 -1.9046e+02
-1.7487e+02 -1.7043e+02 -1.3576e+02 -1.2002e+02
-1.7470e+02 -1.6868e+02 -1.3131e+02 -1.6978e+02
# New trial
-1.7530e+02 -1.7459e+02 -1.6809e+02 -1.6256e+02
-1.7523e+02 -1.7396e+02 -1.6202e+02 -1.3921e+02
-1.7507e+02 -1.7238e+02 -1.4782e+02 -1.2293e+02
-1.7494e+02 -1.7100e+02 -1.3788e+02 -1.4039e+02
# New trial
-1.7524e+02 -1.7408e+02 -1.6981e+02 -3.6502e+02
-1.7519e+02 -1.7357e+02 -1.6185e+02 -2.1980e+02
-1.7505e+02 -1.7212e+02 -1.4644e+02 -1.2063e+02
-1.7494e+02 -1.7104e+02 -1.3775e+02 -1.2534e+02
# New trial
-1.7523e+02 -1.7404e+02 -1.7255e+02 -4.2297e+02
-1.7514e+02 -1.7307e+02 -1.5887e+02 -2.2631e+02
-1.7489e+02 -1.7056e+02 -1.3562e+02 -1.2030e+02
-1.7467e+02 -1.6840e+02 -1.3252e+02 -1.9051e+02
# New trial
-1.7528e+02 -1.7442e+02 -1.6855e+02 -2.6113e+02
-1.7521e+02 -1.7378e+02 -1.6208e+02 -1.7855e+02
-1.7503e+02 -1.7199e+02 -1.4623e+02 -1.2043e+02
-1.7489e+02 -1.7051e+02 -1.3269e+02 -1.1999e+02
# New trial
-1.7525e+02 -1.7414e+02 -1.6522e+02 -2.6857e+02
-1.7520e+02 -1.7368e+02 -1.6014e+02 -1.5086e+02
-1.7506e+02 -1.7219e+02 -1.4559e+02 -1.1999e+02
-1.7488e+02 -1.7040e+02 -1.3338e+02 -1.2597e+02
# New trial
