# 1.0sig - Array shape (trial/sig/alpha): (30, 4, 4)
-1.6607e+02 -1.6542e+02 -1.6206e+02 -2.4541e+02
-1.6603e+02 -1.6497e+02 -1.5621e+02 -1.8131e+02
-1.6590e+02 -1.6373e+02 -1.4380e+02 -1.2927e+02
-1.6576e+02 -1.6227e+02 -1.3452e+02 -1.2922e+02
# New trial
-1.6607e+02 -1.6544e+02 -1.6053e+02 -1.7147e+02
-1.6604e+02 -1.6507e+02 -1.5712e+02 -1.5406e+02
-1.6592e+02 -1.6392e+02 -1.4682e+02 -1.2930e+02
-1.6580e+02 -1.6275e+02 -1.3703e+02 -1.2924e+02
# New trial
-1.6608e+02 -1.6547e+02 -1.6062e+02 -2.2084e+02
-1.6604e+02 -1.6514e+02 -1.5697e+02 -1.4408e+02
-1.6596e+02 -1.6432e+02 -1.4974e+02 -1.4091e+02
-1.6592e+02 -1.6387e+02 -1.4609e+02 -1.5699e+02
# New trial
-1.6607e+02 -1.6546e+02 -1.6316e+02 -3.2154e+02
-1.6604e+02 -1.6512e+02 -1.5773e+02 -1.8082e+02
-1.6595e+02 -1.6418e+02 -1.4838e+02 -1.3034e+02
-1.6587e+02 -1.6343e+02 -1.4171e+02 -1.2928e+02
# New trial
-1.6602e+02 -1.6497e+02 -1.6154e+02 -2.8065e+02
-1.6597e+02 -1.6447e+02 -1.5423e+02 -2.1136e+02
-1.6587e+02 -1.6345e+02 -1.4254e+02 -1.2922e+02
-1.6581e+02 -1.6276e+02 -1.3739e+02 -1.2922e+02
# New trial
-1.6608e+02 -1.6553e+02 -1.6291e+02 -2.8613e+02
-1.6605e+02 -1.6521e+02 -1.5760e+02 -1.5282e+02
-1.6597e+02 -1.6441e+02 -1.4979e+02 -1.3107e+02
-1.6590e+02 -1.6376e+02 -1.4417e+02 -1.3112e+02
# New trial
-1.6612e+02 -1.6587e+02 -1.6426e+02 -2.1353e+02
-1.6610e+02 -1.6567e+02 -1.6159e+02 -1.6912e+02
-1.6606e+02 -1.6527e+02 -1.5763e+02 -1.3872e+02
-1.6602e+02 -1.6491e+02 -1.5424e+02 -1.5775e+02
# New trial
-1.6607e+02 -1.6545e+02 -1.6448e+02 -3.3338e+02
-1.6602e+02 -1.6497e+02 -1.5710e+02 -2.2942e+02
-1.6591e+02 -1.6384e+02 -1.4527e+02 -1.2994e+02
-1.6584e+02 -1.6307e+02 -1.3989e+02 -1.3445e+02
# New trial
-1.6600e+02 -1.6471e+02 -1.5704e+02 -2.0887e+02
-1.6591e+02 -1.6379e+02 -1.4649e+02 -1.3217e+02
-1.6571e+02 -1.6184e+02 -1.3239e+02 -1.2922e+02
-1.6561e+02 -1.6083e+02 -1.3103e+02 -1.2922e+02
# New trial
-1.6607e+02 -1.6544e+02 -1.6169e+02 -2.5948e+02
-1.6603e+02 -1.6501e+02 -1.5724e+02 -2.0060e+02
-1.6590e+02 -1.6369e+02 -1.4377e+02 -1.2940e+02
-1.6575e+02 -1.6218e+02 -1.3467e+02 -1.2922e+02
# New trial
-1.6606e+02 -1.6533e+02 -1.6234e+02 -3.0204e+02
-1.6601e+02 -1.6486e+02 -1.5784e+02 -2.1483e+02
-1.6587e+02 -1.6339e+02 -1.4473e+02 -1.5213e+02
-1.6570e+02 -1.6178e+02 -1.3594e+02 -1.6582e+02
# New trial
-1.6607e+02 -1.6548e+02 -1.6631e+02 -3.1677e+02
-1.6601e+02 -1.6485e+02 -1.5497e+02 -1.7768e+02
-1.6589e+02 -1.6364e+02 -1.4302e+02 -1.2924e+02
-1.6575e+02 -1.6221e+02 -1.3456e+02 -1.2922e+02
# New trial
-1.6609e+02 -1.6567e+02 -1.6705e+02 -3.5137e+02
-1.6603e+02 -1.6506e+02 -1.5711e+02 -1.8311e+02
-1.6594e+02 -1.6414e+02 -1.4811e+02 -1.2935e+02
-1.6591e+02 -1.6386e+02 -1.4621e+02 -1.7262e+02
# New trial
-1.6608e+02 -1.6563e+02 -1.7954e+02 -5.1978e+02
-1.6600e+02 -1.6478e+02 -1.5983e+02 -2.7281e+02
-1.6582e+02 -1.6296e+02 -1.3982e+02 -1.2922e+02
-1.6565e+02 -1.6123e+02 -1.3115e+02 -1.2922e+02
# New trial
-1.6608e+02 -1.6551e+02 -1.6201e+02 -2.9984e+02
-1.6605e+02 -1.6517e+02 -1.5770e+02 -1.7522e+02
-1.6595e+02 -1.6424e+02 -1.4812e+02 -1.2923e+02
-1.6589e+02 -1.6356e+02 -1.4222e+02 -1.2922e+02
# New trial
-1.6605e+02 -1.6533e+02 -1.7830e+02 -4.8224e+02
-1.6596e+02 -1.6446e+02 -1.6066e+02 -2.5962e+02
-1.6577e+02 -1.6250e+02 -1.3941e+02 -1.2943e+02
-1.6572e+02 -1.6198e+02 -1.3585e+02 -1.3127e+02
# New trial
-1.6605e+02 -1.6524e+02 -1.6024e+02 -2.2076e+02
-1.6600e+02 -1.6468e+02 -1.5507e+02 -2.0203e+02
-1.6583e+02 -1.6298e+02 -1.4079e+02 -1.2927e+02
-1.6567e+02 -1.6140e+02 -1.3197e+02 -1.2922e+02
# New trial
-1.6606e+02 -1.6536e+02 -1.6009e+02 -1.8034e+02
-1.6602e+02 -1.6495e+02 -1.5642e+02 -1.5433e+02
-1.6590e+02 -1.6375e+02 -1.4471e+02 -1.2922e+02
-1.6584e+02 -1.6307e+02 -1.3945e+02 -1.2922e+02
# New trial
-1.6606e+02 -1.6537e+02 -1.6570e+02 -3.4629e+02
-1.6602e+02 -1.6490e+02 -1.5775e+02 -2.2603e+02
-1.6589e+02 -1.6366e+02 -1.4386e+02 -1.3125e+02
-1.6580e+02 -1.6270e+02 -1.3726e+02 -1.2923e+02
# New trial
-1.6607e+02 -1.6545e+02 -1.6106e+02 -2.5042e+02
-1.6605e+02 -1.6524e+02 -1.5767e+02 -1.7112e+02
-1.6599e+02 -1.6464e+02 -1.5162e+02 -1.2929e+02
-1.6591e+02 -1.6382e+02 -1.4428e+02 -1.2922e+02
# New trial
-1.6606e+02 -1.6532e+02 -1.6422e+02 -3.0630e+02
-1.6600e+02 -1.6469e+02 -1.5469e+02 -1.4865e+02
-1.6590e+02 -1.6375e+02 -1.4628e+02 -1.2976e+02
-1.6590e+02 -1.6369e+02 -1.4452e+02 -1.3950e+02
# New trial
-1.6609e+02 -1.6557e+02 -1.6333e+02 -3.0101e+02
-1.6606e+02 -1.6526e+02 -1.5774e+02 -1.3474e+02
-1.6598e+02 -1.6450e+02 -1.5025e+02 -1.2922e+02
-1.6586e+02 -1.6333e+02 -1.4027e+02 -1.2922e+02
# New trial
-1.6608e+02 -1.6553e+02 -1.6675e+02 -3.0836e+02
-1.6599e+02 -1.6467e+02 -1.5472e+02 -1.6740e+02
-1.6585e+02 -1.6319e+02 -1.4117e+02 -1.2922e+02
-1.6579e+02 -1.6263e+02 -1.3687e+02 -1.2959e+02
# New trial
-1.6603e+02 -1.6500e+02 -1.5952e+02 -1.8896e+02
-1.6596e+02 -1.6430e+02 -1.5191e+02 -1.5549e+02
-1.6579e+02 -1.6264e+02 -1.3941e+02 -1.3259e+02
-1.6568e+02 -1.6156e+02 -1.3562e+02 -1.3445e+02
# New trial
-1.6606e+02 -1.6550e+02 -1.7817e+02 -4.4396e+02
-1.6597e+02 -1.6447e+02 -1.5484e+02 -1.6620e+02
-1.6581e+02 -1.6278e+02 -1.3898e+02 -1.2984e+02
-1.6571e+02 -1.6180e+02 -1.3802e+02 -1.7203e+02
# New trial
-1.6610e+02 -1.6566e+02 -1.6160e+02 -1.6332e+02
-1.6605e+02 -1.6524e+02 -1.5755e+02 -1.3396e+02
-1.6595e+02 -1.6417e+02 -1.4760e+02 -1.2936e+02
-1.6586e+02 -1.6333e+02 -1.4132e+02 -1.3460e+02
# New trial
-1.6605e+02 -1.6526e+02 -1.6229e+02 -3.2360e+02
-1.6602e+02 -1.6491e+02 -1.5578e+02 -1.8364e+02
-1.6592e+02 -1.6396e+02 -1.4649e+02 -1.2997e+02
-1.6586e+02 -1.6327e+02 -1.4101e+02 -1.3429e+02
# New trial
-1.6607e+02 -1.6549e+02 -1.6724e+02 -3.0853e+02
-1.6600e+02 -1.6475e+02 -1.5692e+02 -2.2174e+02
-1.6583e+02 -1.6300e+02 -1.3968e+02 -1.2923e+02
-1.6567e+02 -1.6139e+02 -1.3410e+02 -1.4588e+02
# New trial
-1.6608e+02 -1.6549e+02 -1.6154e+02 -2.2195e+02
-1.6604e+02 -1.6509e+02 -1.5744e+02 -1.8666e+02
-1.6592e+02 -1.6392e+02 -1.4679e+02 -1.2944e+02
-1.6583e+02 -1.6300e+02 -1.3871e+02 -1.2923e+02
# New trial
-1.6607e+02 -1.6541e+02 -1.6082e+02 -2.2846e+02
-1.6604e+02 -1.6510e+02 -1.5734e+02 -1.7815e+02
-1.6594e+02 -1.6406e+02 -1.4667e+02 -1.2922e+02
-1.6580e+02 -1.6271e+02 -1.3677e+02 -1.2922e+02
# New trial
