# 10.0sig - Array shape (trial/sig/alpha): (30L, 4L, 4L)
-6.9137e+01 -6.8399e+01 -6.9548e+01 -2.8133e+02
-6.9167e+01 -6.8671e+01 -6.9379e+01 -2.6357e+02
-6.9172e+01 -6.8689e+01 -6.5242e+01 -1.4722e+02
-6.9145e+01 -6.8410e+01 -6.1271e+01 -4.6453e+01
# New trial
-6.9167e+01 -6.9572e+01 -1.2063e+02 -8.8474e+02
-6.9142e+01 -6.9032e+01 -9.4247e+01 -5.3714e+02
-6.9117e+01 -6.8333e+01 -6.9642e+01 -2.5570e+02
-6.9059e+01 -6.7595e+01 -5.4831e+01 -5.8720e+01
# New trial
-6.9175e+01 -6.8869e+01 -8.4834e+01 -4.5485e+02
-6.9203e+01 -6.9099e+01 -8.0287e+01 -3.8566e+02
-6.9136e+01 -6.8352e+01 -6.4939e+01 -2.5217e+02
-6.9049e+01 -6.7454e+01 -5.3982e+01 -1.2524e+02
# New trial
-6.9140e+01 -6.8424e+01 -6.8887e+01 -2.6456e+02
-6.9149e+01 -6.8512e+01 -6.9195e+01 -2.7570e+02
-6.9107e+01 -6.8051e+01 -5.9602e+01 -9.3098e+01
-6.9034e+01 -6.7300e+01 -5.1970e+01 -4.6041e+01
# New trial
-6.9185e+01 -6.9474e+01 -1.1148e+02 -7.3843e+02
-6.9157e+01 -6.8751e+01 -7.9205e+01 -3.5992e+02
-6.9165e+01 -6.8656e+01 -6.6904e+01 -1.6550e+02
-6.9139e+01 -6.8361e+01 -6.1191e+01 -8.9796e+01
# New trial
-6.9179e+01 -6.9001e+01 -8.8765e+01 -4.8750e+02
-6.9173e+01 -6.8816e+01 -7.6603e+01 -3.1151e+02
-6.9114e+01 -6.8149e+01 -6.5768e+01 -2.6687e+02
-6.9011e+01 -6.7082e+01 -5.0907e+01 -1.0159e+02
# New trial
-6.9185e+01 -6.8874e+01 -7.4260e+01 -3.9413e+02
-6.9191e+01 -6.8909e+01 -7.1034e+01 -2.7666e+02
-6.9180e+01 -6.8768e+01 -6.6098e+01 -1.5612e+02
-6.9161e+01 -6.8574e+01 -6.2961e+01 -7.5371e+01
# New trial
-6.9036e+01 -6.7728e+01 -8.2704e+01 -4.2841e+02
-6.9085e+01 -6.8054e+01 -7.3839e+01 -3.2347e+02
-6.9122e+01 -6.8253e+01 -6.4184e+01 -1.7395e+02
-6.9103e+01 -6.8002e+01 -5.8002e+01 -7.9017e+01
# New trial
-6.9342e+01 -7.1069e+01 -1.3986e+02 -1.1272e+03
-6.9320e+01 -7.0592e+01 -1.1125e+02 -6.8525e+02
-6.9199e+01 -6.9046e+01 -7.7121e+01 -3.6654e+02
-6.9064e+01 -6.7609e+01 -5.6034e+01 -1.3282e+02
# New trial
-6.9173e+01 -6.8712e+01 -6.8214e+01 -2.6568e+02
-6.9166e+01 -6.8635e+01 -6.5076e+01 -1.5767e+02
-6.9156e+01 -6.8526e+01 -6.2687e+01 -8.3059e+01
-6.9166e+01 -6.8618e+01 -6.3265e+01 -5.0398e+01
# New trial
-6.9309e+01 -7.0491e+01 -1.1392e+02 -7.7216e+02
-6.9182e+01 -6.8943e+01 -8.7134e+01 -5.1232e+02
-6.9054e+01 -6.7532e+01 -5.7268e+01 -1.4929e+02
-6.8998e+01 -6.6946e+01 -5.0155e+01 -5.0389e+01
# New trial
-6.9261e+01 -7.0144e+01 -1.2467e+02 -8.8006e+02
-6.9172e+01 -6.8824e+01 -7.6298e+01 -2.8356e+02
-6.9155e+01 -6.8540e+01 -6.4509e+01 -1.0814e+02
-6.9129e+01 -6.8250e+01 -5.9765e+01 -4.9332e+01
# New trial
-6.9135e+01 -6.8722e+01 -9.6558e+01 -5.9927e+02
-6.9161e+01 -6.8853e+01 -8.2792e+01 -3.8798e+02
-6.9130e+01 -6.8366e+01 -6.7870e+01 -2.4358e+02
-6.9068e+01 -6.7655e+01 -5.5661e+01 -1.0911e+02
# New trial
-6.9112e+01 -6.8319e+01 -8.1577e+01 -4.2316e+02
-6.9152e+01 -6.8632e+01 -7.6897e+01 -3.5469e+02
-6.9118e+01 -6.8175e+01 -6.2324e+01 -1.9223e+02
-6.9069e+01 -6.7655e+01 -5.4611e+01 -6.7982e+01
# New trial
-6.9194e+01 -6.9201e+01 -9.4401e+01 -5.5096e+02
-6.9183e+01 -6.9001e+01 -8.4447e+01 -4.1822e+02
-6.9136e+01 -6.8370e+01 -6.5656e+01 -1.7993e+02
-6.9067e+01 -6.7638e+01 -5.4585e+01 -9.3158e+01
# New trial
-6.9273e+01 -7.0500e+01 -1.3400e+02 -9.8039e+02
-6.9217e+01 -6.9616e+01 -9.9833e+01 -5.7250e+02
-6.9098e+01 -6.8080e+01 -6.5433e+01 -1.9541e+02
-6.9008e+01 -6.7047e+01 -5.0589e+01 -6.9596e+01
# New trial
-6.9176e+01 -6.9396e+01 -1.3470e+02 -1.0273e+03
-6.9107e+01 -6.8310e+01 -8.1346e+01 -4.1006e+02
-6.9068e+01 -6.7718e+01 -6.2307e+01 -2.1299e+02
-6.9045e+01 -6.7421e+01 -5.2982e+01 -5.4310e+01
# New trial
-6.9235e+01 -6.9558e+01 -9.7798e+01 -6.3234e+02
-6.9193e+01 -6.9059e+01 -8.1793e+01 -4.4465e+02
-6.9116e+01 -6.8180e+01 -6.3648e+01 -2.3728e+02
-6.9098e+01 -6.7948e+01 -5.7814e+01 -5.3008e+01
# New trial
-6.9231e+01 -6.9331e+01 -7.7901e+01 -3.4999e+02
-6.9218e+01 -6.9164e+01 -7.1737e+01 -2.0797e+02
-6.9184e+01 -6.8810e+01 -6.5928e+01 -1.1443e+02
-6.9150e+01 -6.8459e+01 -6.1753e+01 -6.6415e+01
# New trial
-6.9335e+01 -7.0869e+01 -1.2921e+02 -9.0429e+02
-6.9285e+01 -7.0061e+01 -9.6609e+01 -5.8336e+02
-6.9116e+01 -6.8173e+01 -6.3372e+01 -1.6292e+02
-6.9002e+01 -6.6993e+01 -5.0432e+01 -1.1933e+02
# New trial
-6.9239e+01 -6.9628e+01 -1.0535e+02 -7.1449e+02
-6.9188e+01 -6.8942e+01 -7.6142e+01 -3.4845e+02
-6.9120e+01 -6.8193e+01 -6.3825e+01 -2.4382e+02
-6.9066e+01 -6.7620e+01 -5.4474e+01 -1.0153e+02
# New trial
-6.9170e+01 -6.8729e+01 -7.3412e+01 -2.9952e+02
-6.9183e+01 -6.8866e+01 -7.5407e+01 -3.4452e+02
-6.9146e+01 -6.8456e+01 -6.5113e+01 -1.7769e+02
-6.9080e+01 -6.7758e+01 -5.6215e+01 -5.2407e+01
# New trial
-6.9257e+01 -6.9747e+01 -9.0975e+01 -4.4550e+02
-6.9212e+01 -6.9261e+01 -8.2467e+01 -3.3750e+02
-6.9145e+01 -6.8465e+01 -6.5879e+01 -1.6501e+02
-6.9105e+01 -6.8020e+01 -5.9002e+01 -1.6573e+02
# New trial
-6.9170e+01 -6.8949e+01 -8.7743e+01 -4.4174e+02
-6.9165e+01 -6.8874e+01 -8.3574e+01 -3.9403e+02
-6.9126e+01 -6.8307e+01 -6.5607e+01 -1.6479e+02
-6.9032e+01 -6.7287e+01 -5.1845e+01 -4.9444e+01
# New trial
-6.9280e+01 -7.0213e+01 -1.1028e+02 -7.2384e+02
-6.9246e+01 -6.9724e+01 -9.3552e+01 -5.0468e+02
-6.9146e+01 -6.8477e+01 -6.7505e+01 -2.3794e+02
-6.9048e+01 -6.7441e+01 -5.3192e+01 -6.3308e+01
# New trial
-6.9292e+01 -7.1118e+01 -1.4382e+02 -1.0358e+03
-6.9264e+01 -7.0087e+01 -1.0369e+02 -6.5651e+02
-6.9099e+01 -6.8059e+01 -6.9079e+01 -3.1161e+02
-6.8922e+01 -6.6205e+01 -4.8718e+01 -1.2528e+02
# New trial
-6.9624e+01 -7.4638e+01 -1.8337e+02 -1.4342e+03
-6.9419e+01 -7.1653e+01 -1.1907e+02 -7.5694e+02
-6.9111e+01 -6.8184e+01 -6.9902e+01 -3.6617e+02
-6.9006e+01 -6.7036e+01 -5.2062e+01 -1.1663e+02
# New trial
-6.9130e+01 -6.8428e+01 -7.5088e+01 -3.0182e+02
-6.9151e+01 -6.8576e+01 -7.0800e+01 -2.1622e+02
-6.9117e+01 -6.8177e+01 -6.2449e+01 -1.4361e+02
-6.9082e+01 -6.7786e+01 -5.6015e+01 -8.3105e+01
# New trial
-6.9200e+01 -6.9288e+01 -1.0567e+02 -7.5747e+02
-6.9184e+01 -6.9033e+01 -8.4271e+01 -4.2191e+02
-6.9132e+01 -6.8358e+01 -6.6277e+01 -2.1981e+02
-6.9068e+01 -6.7645e+01 -5.5688e+01 -1.2064e+02
# New trial
-6.9139e+01 -6.8541e+01 -8.3663e+01 -4.5683e+02
-6.9123e+01 -6.8332e+01 -7.2557e+01 -3.0507e+02
-6.9074e+01 -6.7751e+01 -5.8161e+01 -1.3725e+02
-6.9002e+01 -6.6999e+01 -5.0306e+01 -8.4839e+01
# New trial
