# 10.0sig - Array shape (trial/sig/alpha): (30L, 4L, 4L)
-9.6908e+01 -9.6830e+01 -9.7507e+01 -1.7216e+02
-9.6902e+01 -9.6766e+01 -9.6352e+01 -1.4995e+02
-9.6885e+01 -9.6595e+01 -9.3972e+01 -1.0031e+02
-9.6860e+01 -9.6343e+01 -9.1280e+01 -7.8551e+01
# New trial
-9.6949e+01 -9.7376e+01 -1.1495e+02 -3.9628e+02
-9.6931e+01 -9.7166e+01 -1.0715e+02 -2.7416e+02
-9.6879e+01 -9.6566e+01 -9.6377e+01 -1.5691e+02
-9.6797e+01 -9.5717e+01 -8.5775e+01 -7.8457e+01
# New trial
-9.6913e+01 -9.6902e+01 -1.0165e+02 -2.2915e+02
-9.6895e+01 -9.6719e+01 -9.7896e+01 -1.7483e+02
-9.6842e+01 -9.6170e+01 -9.0537e+01 -1.1031e+02
-9.6786e+01 -9.5606e+01 -8.4845e+01 -7.8458e+01
# New trial
-9.6898e+01 -9.6739e+01 -9.7263e+01 -1.7675e+02
-9.6889e+01 -9.6648e+01 -9.6392e+01 -1.5487e+02
-9.6845e+01 -9.6205e+01 -9.0919e+01 -1.1150e+02
-9.6789e+01 -9.5637e+01 -8.5202e+01 -7.8515e+01
# New trial
-9.6921e+01 -9.7014e+01 -1.0643e+02 -2.9776e+02
-9.6903e+01 -9.6803e+01 -9.9101e+01 -1.9235e+02
-9.6872e+01 -9.6471e+01 -9.3458e+01 -1.1111e+02
-9.6828e+01 -9.6023e+01 -8.8289e+01 -7.8458e+01
# New trial
-9.6912e+01 -9.6883e+01 -9.8707e+01 -1.6684e+02
-9.6896e+01 -9.6719e+01 -9.6617e+01 -1.5611e+02
-9.6854e+01 -9.6283e+01 -9.1231e+01 -9.8352e+01
-9.6812e+01 -9.5865e+01 -8.7256e+01 -7.9515e+01
# New trial
-9.6911e+01 -9.6866e+01 -9.8222e+01 -1.9278e+02
-9.6905e+01 -9.6804e+01 -9.7167e+01 -1.6289e+02
-9.6878e+01 -9.6523e+01 -9.3592e+01 -1.1520e+02
-9.6845e+01 -9.6189e+01 -8.9872e+01 -7.8465e+01
# New trial
-9.6914e+01 -9.6912e+01 -1.0090e+02 -2.3921e+02
-9.6907e+01 -9.6839e+01 -9.9586e+01 -2.2187e+02
-9.6877e+01 -9.6528e+01 -9.4339e+01 -1.1684e+02
-9.6811e+01 -9.5852e+01 -8.6784e+01 -7.8457e+01
# New trial
-9.6944e+01 -9.7358e+01 -1.1836e+02 -4.0896e+02
-9.6914e+01 -9.6957e+01 -1.0424e+02 -2.4407e+02
-9.6848e+01 -9.6239e+01 -9.2029e+01 -1.3347e+02
-9.6780e+01 -9.5548e+01 -8.4991e+01 -8.3820e+01
# New trial
-9.6898e+01 -9.6724e+01 -9.5232e+01 -1.2334e+02
-9.6890e+01 -9.6644e+01 -9.4299e+01 -9.7150e+01
-9.6872e+01 -9.6464e+01 -9.2463e+01 -8.3956e+01
-9.6862e+01 -9.6365e+01 -9.1475e+01 -8.0215e+01
# New trial
-9.6957e+01 -9.7417e+01 -1.1224e+02 -3.6145e+02
-9.6899e+01 -9.6785e+01 -1.0529e+02 -3.3218e+02
-9.6816e+01 -9.5925e+01 -9.0703e+01 -1.4494e+02
-9.6716e+01 -9.4910e+01 -8.0645e+01 -7.8457e+01
# New trial
-9.6950e+01 -9.7350e+01 -1.1216e+02 -3.4472e+02
-9.6915e+01 -9.6917e+01 -9.8871e+01 -1.6471e+02
-9.6885e+01 -9.6596e+01 -9.4217e+01 -1.0489e+02
-9.6859e+01 -9.6330e+01 -9.1268e+01 -9.2922e+01
# New trial
-9.6878e+01 -9.6579e+01 -1.0160e+02 -2.4551e+02
-9.6865e+01 -9.6428e+01 -9.5879e+01 -1.4795e+02
-9.6829e+01 -9.6049e+01 -8.9548e+01 -8.3997e+01
-9.6782e+01 -9.5566e+01 -8.4553e+01 -7.8457e+01
# New trial
-9.6899e+01 -9.6767e+01 -9.9369e+01 -1.8939e+02
-9.6882e+01 -9.6584e+01 -9.6061e+01 -1.4577e+02
-9.6833e+01 -9.6079e+01 -8.9481e+01 -9.0872e+01
-9.6787e+01 -9.5618e+01 -8.4759e+01 -7.8457e+01
# New trial
-9.6935e+01 -9.7158e+01 -1.0607e+02 -2.5291e+02
-9.6916e+01 -9.6947e+01 -1.0199e+02 -2.1294e+02
-9.6862e+01 -9.6374e+01 -9.2948e+01 -1.1467e+02
-9.6780e+01 -9.5549e+01 -8.4327e+01 -7.8457e+01
# New trial
-9.6905e+01 -9.6901e+01 -1.1077e+02 -3.5640e+02
-9.6882e+01 -9.6637e+01 -1.0079e+02 -2.1144e+02
-9.6814e+01 -9.5933e+01 -9.1512e+01 -1.3271e+02
-9.6747e+01 -9.5228e+01 -8.2273e+01 -7.8457e+01
# New trial
-9.6930e+01 -9.7176e+01 -1.1577e+02 -3.8885e+02
-9.6899e+01 -9.6788e+01 -1.0164e+02 -2.3782e+02
-9.6845e+01 -9.6212e+01 -9.2588e+01 -1.5582e+02
-9.6763e+01 -9.5383e+01 -8.3147e+01 -7.8457e+01
# New trial
-9.6926e+01 -9.7036e+01 -1.0271e+02 -2.4231e+02
-9.6905e+01 -9.6811e+01 -9.8147e+01 -1.9619e+02
-9.6862e+01 -9.6375e+01 -9.2883e+01 -1.5036e+02
-9.6812e+01 -9.5871e+01 -8.7448e+01 -8.9350e+01
# New trial
-9.6912e+01 -9.6875e+01 -9.8316e+01 -1.7919e+02
-9.6897e+01 -9.6713e+01 -9.5363e+01 -1.0407e+02
-9.6874e+01 -9.6481e+01 -9.2759e+01 -9.0361e+01
-9.6848e+01 -9.6225e+01 -9.0144e+01 -7.8459e+01
# New trial
-9.6959e+01 -9.7403e+01 -1.1171e+02 -3.5150e+02
-9.6937e+01 -9.7141e+01 -1.0364e+02 -2.4888e+02
-9.6876e+01 -9.6510e+01 -9.3894e+01 -1.3377e+02
-9.6817e+01 -9.5917e+01 -8.7484e+01 -7.8458e+01
# New trial
-9.6913e+01 -9.6900e+01 -1.0081e+02 -2.3560e+02
-9.6893e+01 -9.6684e+01 -9.5876e+01 -1.5693e+02
-9.6853e+01 -9.6274e+01 -9.1320e+01 -1.0990e+02
-9.6809e+01 -9.5830e+01 -8.6622e+01 -7.8458e+01
# New trial
-9.6920e+01 -9.6949e+01 -9.8866e+01 -1.8232e+02
-9.6919e+01 -9.6946e+01 -9.9232e+01 -1.9106e+02
-9.6891e+01 -9.6661e+01 -9.5522e+01 -1.5904e+02
-9.6850e+01 -9.6242e+01 -9.0712e+01 -8.8041e+01
# New trial
-9.6915e+01 -9.6915e+01 -9.9899e+01 -1.7817e+02
-9.6897e+01 -9.6732e+01 -9.7309e+01 -1.5502e+02
-9.6848e+01 -9.6232e+01 -9.0830e+01 -8.7321e+01
-9.6786e+01 -9.5609e+01 -8.4655e+01 -7.8457e+01
# New trial
-9.6908e+01 -9.6894e+01 -1.0294e+02 -2.2232e+02
-9.6891e+01 -9.6724e+01 -1.0144e+02 -2.1612e+02
-9.6840e+01 -9.6168e+01 -9.2100e+01 -1.2777e+02
-9.6755e+01 -9.5306e+01 -8.2739e+01 -7.8457e+01
# New trial
-9.6921e+01 -9.7046e+01 -1.0823e+02 -3.0601e+02
-9.6894e+01 -9.6741e+01 -1.0113e+02 -2.2808e+02
-9.6831e+01 -9.6070e+01 -9.0387e+01 -1.2102e+02
-9.6751e+01 -9.5262e+01 -8.2316e+01 -7.8457e+01
# New trial
-9.6976e+01 -9.7754e+01 -1.2043e+02 -4.0686e+02
-9.6924e+01 -9.7078e+01 -1.0783e+02 -3.1010e+02
-9.6813e+01 -9.5892e+01 -8.8418e+01 -9.5174e+01
-9.6681e+01 -9.4561e+01 -7.9418e+01 -7.8457e+01
# New trial
-9.6949e+01 -9.7418e+01 -1.1735e+02 -3.9546e+02
-9.6897e+01 -9.6761e+01 -1.0061e+02 -2.1766e+02
-9.6820e+01 -9.5958e+01 -8.9127e+01 -9.8380e+01
-9.6737e+01 -9.5119e+01 -8.2074e+01 -7.8898e+01
# New trial
-9.6908e+01 -9.6824e+01 -9.6736e+01 -1.4557e+02
-9.6900e+01 -9.6754e+01 -9.6262e+01 -1.4965e+02
-9.6864e+01 -9.6391e+01 -9.2085e+01 -8.7839e+01
-9.6818e+01 -9.5926e+01 -8.7501e+01 -7.8589e+01
# New trial
-9.6950e+01 -9.7329e+01 -1.1269e+02 -3.5536e+02
-9.6941e+01 -9.7203e+01 -1.0493e+02 -2.5444e+02
-9.6881e+01 -9.6575e+01 -9.5248e+01 -1.4985e+02
-9.6793e+01 -9.5681e+01 -8.5834e+01 -8.1574e+01
# New trial
-9.6903e+01 -9.6793e+01 -1.0041e+02 -2.2397e+02
-9.6888e+01 -9.6633e+01 -9.5694e+01 -1.6311e+02
-9.6845e+01 -9.6194e+01 -9.0187e+01 -9.0737e+01
-9.6784e+01 -9.5587e+01 -8.4916e+01 -7.8462e+01
# New trial
