# 1.0sig - Array shape (trial/sig/alpha): (30, 4, 4)
-1.4754e+02 -1.4635e+02 -1.4297e+02 -3.0110e+02
-1.4746e+02 -1.4552e+02 -1.3007e+02 -1.1837e+02
-1.4726e+02 -1.4344e+02 -1.0896e+02 -9.2302e+01
-1.4706e+02 -1.4142e+02 -9.9177e+01 -9.2302e+01
# New trial
-1.4757e+02 -1.4657e+02 -1.4026e+02 -1.9571e+02
-1.4751e+02 -1.4600e+02 -1.3445e+02 -1.3209e+02
-1.4733e+02 -1.4420e+02 -1.1739e+02 -9.2305e+01
-1.4720e+02 -1.4288e+02 -1.0629e+02 -9.2302e+01
# New trial
-1.4756e+02 -1.4649e+02 -1.3940e+02 -2.7299e+02
-1.4751e+02 -1.4594e+02 -1.3254e+02 -1.0592e+02
-1.4736e+02 -1.4443e+02 -1.1806e+02 -9.2355e+01
-1.4722e+02 -1.4306e+02 -1.0909e+02 -1.2284e+02
# New trial
-1.4758e+02 -1.4666e+02 -1.4649e+02 -4.1619e+02
-1.4752e+02 -1.4609e+02 -1.3668e+02 -1.8639e+02
-1.4737e+02 -1.4461e+02 -1.2025e+02 -9.2613e+01
-1.4730e+02 -1.4390e+02 -1.1392e+02 -1.0857e+02
# New trial
-1.4749e+02 -1.4580e+02 -1.4481e+02 -4.1092e+02
-1.4741e+02 -1.4504e+02 -1.2960e+02 -2.4737e+02
-1.4724e+02 -1.4333e+02 -1.1048e+02 -9.2303e+01
-1.4713e+02 -1.4219e+02 -1.0279e+02 -9.2302e+01
# New trial
-1.4757e+02 -1.4659e+02 -1.4202e+02 -3.8458e+02
-1.4752e+02 -1.4603e+02 -1.3329e+02 -1.8267e+02
-1.4737e+02 -1.4458e+02 -1.1863e+02 -9.2349e+01
-1.4725e+02 -1.4340e+02 -1.1130e+02 -1.4028e+02
# New trial
-1.4763e+02 -1.4716e+02 -1.4604e+02 -3.1061e+02
-1.4759e+02 -1.4679e+02 -1.3945e+02 -1.6687e+02
-1.4753e+02 -1.4616e+02 -1.3283e+02 -1.0045e+02
-1.4751e+02 -1.4596e+02 -1.3093e+02 -1.1448e+02
# New trial
-1.4755e+02 -1.4639e+02 -1.4749e+02 -4.2595e+02
-1.4747e+02 -1.4556e+02 -1.3257e+02 -2.3042e+02
-1.4728e+02 -1.4372e+02 -1.1297e+02 -9.3823e+01
-1.4719e+02 -1.4277e+02 -1.0791e+02 -1.2741e+02
# New trial
-1.4742e+02 -1.4523e+02 -1.3916e+02 -3.4344e+02
-1.4728e+02 -1.4375e+02 -1.2343e+02 -2.2467e+02
-1.4698e+02 -1.4074e+02 -1.0310e+02 -9.2730e+01
-1.4686e+02 -1.3957e+02 -1.0926e+02 -2.2143e+02
# New trial
-1.4755e+02 -1.4644e+02 -1.4194e+02 -3.1703e+02
-1.4748e+02 -1.4564e+02 -1.3374e+02 -2.4388e+02
-1.4726e+02 -1.4346e+02 -1.1016e+02 -9.2394e+01
-1.4707e+02 -1.4162e+02 -1.0082e+02 -9.2308e+01
# New trial
-1.4748e+02 -1.4578e+02 -1.4067e+02 -3.1866e+02
-1.4741e+02 -1.4504e+02 -1.3203e+02 -2.2436e+02
-1.4720e+02 -1.4294e+02 -1.1113e+02 -1.1488e+02
-1.4711e+02 -1.4197e+02 -1.0752e+02 -1.6495e+02
# New trial
-1.4756e+02 -1.4655e+02 -1.5053e+02 -4.3575e+02
-1.4746e+02 -1.4544e+02 -1.2906e+02 -1.4938e+02
-1.4726e+02 -1.4342e+02 -1.0999e+02 -9.2936e+01
-1.4705e+02 -1.4143e+02 -1.0196e+02 -1.1144e+02
# New trial
-1.4760e+02 -1.4692e+02 -1.5363e+02 -4.4955e+02
-1.4750e+02 -1.4590e+02 -1.3525e+02 -2.1560e+02
-1.4735e+02 -1.4436e+02 -1.1907e+02 -9.3384e+01
-1.4730e+02 -1.4390e+02 -1.1502e+02 -1.3686e+02
# New trial
-1.4751e+02 -1.4618e+02 -1.6788e+02 -6.7794e+02
-1.4740e+02 -1.4498e+02 -1.3496e+02 -2.4771e+02
-1.4717e+02 -1.4254e+02 -1.0660e+02 -9.2332e+01
-1.4709e+02 -1.4176e+02 -1.0604e+02 -1.5128e+02
# New trial
-1.4757e+02 -1.4663e+02 -1.4090e+02 -1.9420e+02
-1.4752e+02 -1.4609e+02 -1.3503e+02 -1.3562e+02
-1.4737e+02 -1.4461e+02 -1.2033e+02 -9.7939e+01
-1.4729e+02 -1.4378e+02 -1.1461e+02 -1.4963e+02
# New trial
-1.4752e+02 -1.4635e+02 -1.6751e+02 -6.4737e+02
-1.4739e+02 -1.4506e+02 -1.4357e+02 -3.1694e+02
-1.4709e+02 -1.4190e+02 -1.0469e+02 -9.2304e+01
-1.4702e+02 -1.4107e+02 -1.0075e+02 -9.2302e+01
# New trial
-1.4753e+02 -1.4621e+02 -1.4093e+02 -2.7371e+02
-1.4743e+02 -1.4523e+02 -1.3112e+02 -2.1290e+02
-1.4715e+02 -1.4243e+02 -1.0664e+02 -9.3227e+01
-1.4699e+02 -1.4082e+02 -1.0087e+02 -1.2298e+02
# New trial
-1.4754e+02 -1.4631e+02 -1.3826e+02 -2.1935e+02
-1.4747e+02 -1.4563e+02 -1.3198e+02 -1.7441e+02
-1.4731e+02 -1.4397e+02 -1.1551e+02 -1.0135e+02
-1.4729e+02 -1.4372e+02 -1.1903e+02 -2.7118e+02
# New trial
-1.4756e+02 -1.4653e+02 -1.5344e+02 -4.9291e+02
-1.4749e+02 -1.4579e+02 -1.3965e+02 -2.8001e+02
-1.4728e+02 -1.4372e+02 -1.1377e+02 -9.2400e+01
-1.4714e+02 -1.4231e+02 -1.0371e+02 -9.2302e+01
# New trial
-1.4758e+02 -1.4667e+02 -1.4444e+02 -3.9419e+02
-1.4754e+02 -1.4628e+02 -1.3655e+02 -2.0282e+02
-1.4742e+02 -1.4510e+02 -1.2273e+02 -9.2306e+01
-1.4730e+02 -1.4387e+02 -1.1268e+02 -9.2303e+01
# New trial
-1.4753e+02 -1.4625e+02 -1.5095e+02 -4.1999e+02
-1.4742e+02 -1.4510e+02 -1.2930e+02 -1.2763e+02
-1.4729e+02 -1.4384e+02 -1.1612e+02 -9.2858e+01
-1.4737e+02 -1.4459e+02 -1.2125e+02 -1.8169e+02
# New trial
-1.4757e+02 -1.4656e+02 -1.4298e+02 -4.0826e+02
-1.4752e+02 -1.4604e+02 -1.3272e+02 -1.0166e+02
-1.4739e+02 -1.4476e+02 -1.2035e+02 -9.5390e+01
-1.4723e+02 -1.4313e+02 -1.0913e+02 -1.1031e+02
# New trial
-1.4753e+02 -1.4629e+02 -1.4914e+02 -3.9350e+02
-1.4740e+02 -1.4490e+02 -1.2750e+02 -2.0498e+02
-1.4720e+02 -1.4292e+02 -1.1026e+02 -9.2706e+01
-1.4720e+02 -1.4288e+02 -1.0845e+02 -1.0177e+02
# New trial
-1.4752e+02 -1.4619e+02 -1.4453e+02 -2.6720e+02
-1.4740e+02 -1.4496e+02 -1.3091e+02 -2.0171e+02
-1.4711e+02 -1.4199e+02 -1.0420e+02 -9.2311e+01
-1.4685e+02 -1.3944e+02 -9.6140e+01 -9.2302e+01
# New trial
-1.4757e+02 -1.4691e+02 -1.7454e+02 -6.5436e+02
-1.4742e+02 -1.4520e+02 -1.3443e+02 -1.9388e+02
-1.4715e+02 -1.4236e+02 -1.0400e+02 -9.2302e+01
-1.4700e+02 -1.4087e+02 -9.7709e+01 -9.2302e+01
# New trial
-1.4759e+02 -1.4672e+02 -1.3916e+02 -1.5195e+02
-1.4752e+02 -1.4601e+02 -1.3235e+02 -1.3038e+02
-1.4734e+02 -1.4431e+02 -1.1752e+02 -9.4239e+01
-1.4724e+02 -1.4325e+02 -1.0979e+02 -1.1657e+02
# New trial
-1.4754e+02 -1.4636e+02 -1.4680e+02 -4.4600e+02
-1.4749e+02 -1.4580e+02 -1.3503e+02 -1.8857e+02
-1.4734e+02 -1.4426e+02 -1.1906e+02 -9.6119e+01
-1.4724e+02 -1.4327e+02 -1.1342e+02 -1.8850e+02
# New trial
-1.4755e+02 -1.4652e+02 -1.5293e+02 -4.6176e+02
-1.4744e+02 -1.4538e+02 -1.3578e+02 -2.7450e+02
-1.4718e+02 -1.4269e+02 -1.0955e+02 -1.1945e+02
-1.4700e+02 -1.4085e+02 -1.0012e+02 -1.1442e+02
# New trial
-1.4757e+02 -1.4655e+02 -1.4044e+02 -2.3123e+02
-1.4749e+02 -1.4573e+02 -1.3109e+02 -1.2859e+02
-1.4730e+02 -1.4384e+02 -1.1543e+02 -9.2561e+01
-1.4723e+02 -1.4318e+02 -1.1328e+02 -1.7077e+02
# New trial
-1.4753e+02 -1.4623e+02 -1.4057e+02 -3.4175e+02
-1.4748e+02 -1.4567e+02 -1.3077e+02 -1.3875e+02
-1.4733e+02 -1.4415e+02 -1.1491e+02 -9.2306e+01
-1.4720e+02 -1.4284e+02 -1.0593e+02 -9.2302e+01
# New trial
