# 1.0sig - Array shape (trial/sig/alpha): (30, 4, 4)
-1.5650e+02 -1.5317e+02 -1.6078e+02 -7.9540e+02
-1.5639e+02 -1.5195e+02 -1.3092e+02 -3.5098e+02
-1.5598e+02 -1.4768e+02 -8.0663e+01 -1.8552e+02
-1.5563e+02 -1.4412e+02 -6.1254e+01 -6.4878e+01
# New trial
-1.5653e+02 -1.5332e+02 -1.4638e+02 -5.2120e+02
-1.5644e+02 -1.5246e+02 -1.2974e+02 -2.3820e+02
-1.5616e+02 -1.4955e+02 -9.8445e+01 -1.3990e+02
-1.5603e+02 -1.4811e+02 -8.2087e+01 -7.9579e+01
# New trial
-1.5660e+02 -1.5400e+02 -1.5433e+02 -6.9521e+02
-1.5650e+02 -1.5298e+02 -1.3262e+02 -2.5778e+02
-1.5621e+02 -1.4997e+02 -9.6510e+01 -1.6414e+02
-1.5600e+02 -1.4783e+02 -7.9797e+01 -8.1357e+01
# New trial
-1.5652e+02 -1.5327e+02 -1.4783e+02 -6.1072e+02
-1.5644e+02 -1.5238e+02 -1.3316e+02 -4.0642e+02
-1.5621e+02 -1.4999e+02 -9.9119e+01 -1.2984e+02
-1.5613e+02 -1.4915e+02 -8.8804e+01 -7.4482e+01
# New trial
-1.5642e+02 -1.5265e+02 -1.9162e+02 -1.2141e+03
-1.5624e+02 -1.5052e+02 -1.3331e+02 -5.9539e+02
-1.5596e+02 -1.4751e+02 -8.0990e+01 -1.8704e+02
-1.5590e+02 -1.4684e+02 -7.4944e+01 -1.1468e+02
# New trial
-1.5653e+02 -1.5342e+02 -1.5438e+02 -8.7093e+02
-1.5650e+02 -1.5293e+02 -1.3286e+02 -3.9931e+02
-1.5625e+02 -1.5034e+02 -9.8891e+01 -1.2384e+02
-1.5608e+02 -1.4862e+02 -8.5859e+01 -1.4621e+02
# New trial
-1.5677e+02 -1.5567e+02 -1.6835e+02 -8.4868e+02
-1.5668e+02 -1.5466e+02 -1.4199e+02 -3.7450e+02
-1.5656e+02 -1.5335e+02 -1.2306e+02 -1.0175e+02
-1.5657e+02 -1.5343e+02 -1.2288e+02 -5.6312e+01
# New trial
-1.5665e+02 -1.5488e+02 -1.9571e+02 -1.1429e+03
-1.5641e+02 -1.5218e+02 -1.3830e+02 -6.3210e+02
-1.5604e+02 -1.4831e+02 -8.6767e+01 -1.2042e+02
-1.5600e+02 -1.4780e+02 -8.1545e+01 -1.3732e+02
# New trial
-1.5636e+02 -1.5260e+02 -1.8063e+02 -1.0505e+03
-1.5607e+02 -1.4945e+02 -1.5096e+02 -8.2810e+02
-1.5538e+02 -1.4204e+02 -8.2050e+01 -3.6659e+02
-1.5535e+02 -1.4142e+02 -6.4704e+01 -1.8471e+02
# New trial
-1.5658e+02 -1.5389e+02 -1.5382e+02 -7.6230e+02
-1.5641e+02 -1.5206e+02 -1.3247e+02 -4.9531e+02
-1.5599e+02 -1.4774e+02 -8.3364e+01 -1.7707e+02
-1.5574e+02 -1.4529e+02 -7.3025e+01 -1.8635e+02
# New trial
-1.5649e+02 -1.5351e+02 -1.8204e+02 -1.0795e+03
-1.5632e+02 -1.5155e+02 -1.5417e+02 -7.1576e+02
-1.5586e+02 -1.4657e+02 -8.0222e+01 -2.0663e+02
-1.5570e+02 -1.4484e+02 -6.8038e+01 -8.5546e+01
# New trial
-1.5649e+02 -1.5340e+02 -1.8629e+02 -1.1612e+03
-1.5633e+02 -1.5130e+02 -1.1945e+02 -2.4365e+02
-1.5593e+02 -1.4717e+02 -7.2473e+01 -9.5113e+01
-1.5558e+02 -1.4367e+02 -5.9383e+01 -7.8709e+01
# New trial
-1.5664e+02 -1.5468e+02 -1.8975e+02 -1.2235e+03
-1.5644e+02 -1.5250e+02 -1.3755e+02 -3.9118e+02
-1.5618e+02 -1.4972e+02 -9.7946e+01 -1.2165e+02
-1.5615e+02 -1.4929e+02 -8.9619e+01 -6.6546e+01
# New trial
-1.5653e+02 -1.5448e+02 -2.7040e+02 -2.0798e+03
-1.5625e+02 -1.5093e+02 -1.4949e+02 -6.8903e+02
-1.5578e+02 -1.4573e+02 -7.6055e+01 -2.1162e+02
-1.5569e+02 -1.4480e+02 -8.1115e+01 -2.7003e+02
# New trial
-1.5663e+02 -1.5452e+02 -1.8464e+02 -1.1743e+03
-1.5652e+02 -1.5323e+02 -1.4269e+02 -4.5641e+02
-1.5627e+02 -1.5052e+02 -1.0203e+02 -1.5446e+02
-1.5614e+02 -1.4918e+02 -8.9295e+01 -9.7661e+01
# New trial
-1.5639e+02 -1.5311e+02 -2.4133e+02 -1.8518e+03
-1.5613e+02 -1.5027e+02 -1.5727e+02 -8.1215e+02
-1.5565e+02 -1.4478e+02 -8.1999e+01 -2.4104e+02
-1.5570e+02 -1.4497e+02 -1.0515e+02 -5.6652e+02
# New trial
-1.5644e+02 -1.5265e+02 -1.5458e+02 -7.2983e+02
-1.5623e+02 -1.5045e+02 -1.2684e+02 -4.9115e+02
-1.5569e+02 -1.4492e+02 -7.6910e+01 -2.6208e+02
-1.5565e+02 -1.4436e+02 -8.0347e+01 -2.7375e+02
# New trial
-1.5647e+02 -1.5287e+02 -1.5058e+02 -6.2209e+02
-1.5634e+02 -1.5156e+02 -1.3289e+02 -4.3255e+02
-1.5601e+02 -1.4803e+02 -8.3406e+01 -1.2107e+02
-1.5601e+02 -1.4793e+02 -8.0973e+01 -5.2380e+01
# New trial
-1.5657e+02 -1.5410e+02 -1.9723e+02 -1.3004e+03
-1.5646e+02 -1.5282e+02 -1.5848e+02 -7.4476e+02
-1.5603e+02 -1.4815e+02 -8.4426e+01 -1.8383e+02
-1.5577e+02 -1.4555e+02 -6.8626e+01 -9.7316e+01
# New trial
-1.5665e+02 -1.5464e+02 -1.7666e+02 -1.0102e+03
-1.5657e+02 -1.5369e+02 -1.4429e+02 -5.5998e+02
-1.5633e+02 -1.5112e+02 -1.0400e+02 -1.3073e+02
-1.5614e+02 -1.4922e+02 -8.6795e+01 -5.0926e+01
# New trial
-1.5650e+02 -1.5378e+02 -2.0796e+02 -1.2982e+03
-1.5623e+02 -1.5060e+02 -1.2789e+02 -3.7105e+02
-1.5610e+02 -1.4890e+02 -9.4292e+01 -1.2730e+02
-1.5636e+02 -1.5144e+02 -1.0993e+02 -1.9236e+02
# New trial
-1.5660e+02 -1.5400e+02 -1.6739e+02 -1.0604e+03
-1.5651e+02 -1.5292e+02 -1.2722e+02 -2.0309e+02
-1.5624e+02 -1.5018e+02 -9.4668e+01 -1.1128e+02
-1.5606e+02 -1.4840e+02 -8.0386e+01 -5.4801e+01
# New trial
-1.5655e+02 -1.5430e+02 -2.0367e+02 -1.2709e+03
-1.5629e+02 -1.5128e+02 -1.3752e+02 -5.2612e+02
-1.5594e+02 -1.4734e+02 -8.2083e+01 -1.7213e+02
-1.5599e+02 -1.4778e+02 -8.6298e+01 -2.1872e+02
# New trial
-1.5672e+02 -1.5597e+02 -1.9874e+02 -9.6332e+02
-1.5639e+02 -1.5220e+02 -1.4490e+02 -5.3749e+02
-1.5573e+02 -1.4527e+02 -7.2424e+01 -2.0298e+02
-1.5535e+02 -1.4138e+02 -5.6585e+01 -8.4615e+01
# New trial
-1.5674e+02 -1.5630e+02 -2.4787e+02 -1.7426e+03
-1.5645e+02 -1.5275e+02 -1.5280e+02 -6.3323e+02
-1.5579e+02 -1.4584e+02 -7.2193e+01 -1.4053e+02
-1.5566e+02 -1.4447e+02 -6.6345e+01 -6.0393e+01
# New trial
-1.5663e+02 -1.5417e+02 -1.4395e+02 -3.9764e+02
-1.5645e+02 -1.5239e+02 -1.2081e+02 -1.3380e+02
-1.5614e+02 -1.4926e+02 -8.9625e+01 -1.0938e+02
-1.5612e+02 -1.4902e+02 -8.5687e+01 -7.2766e+01
# New trial
-1.5649e+02 -1.5302e+02 -1.6344e+02 -9.7179e+02
-1.5644e+02 -1.5236e+02 -1.3363e+02 -3.9800e+02
-1.5617e+02 -1.4956e+02 -9.4355e+01 -1.4611e+02
-1.5606e+02 -1.4841e+02 -8.3508e+01 -8.5426e+01
# New trial
-1.5656e+02 -1.5505e+02 -2.3492e+02 -1.7502e+03
-1.5634e+02 -1.5201e+02 -1.5778e+02 -7.8542e+02
-1.5579e+02 -1.4592e+02 -7.5053e+01 -2.3929e+02
-1.5555e+02 -1.4333e+02 -6.3099e+01 -1.3256e+02
# New trial
-1.5656e+02 -1.5379e+02 -1.6320e+02 -7.8891e+02
-1.5642e+02 -1.5220e+02 -1.3194e+02 -3.6208e+02
-1.5607e+02 -1.4869e+02 -9.3456e+01 -1.4140e+02
-1.5602e+02 -1.4803e+02 -8.3705e+01 -1.4609e+02
# New trial
-1.5653e+02 -1.5350e+02 -1.7348e+02 -1.0899e+03
-1.5643e+02 -1.5235e+02 -1.3524e+02 -4.6480e+02
-1.5613e+02 -1.4919e+02 -8.9288e+01 -1.2437e+02
-1.5592e+02 -1.4703e+02 -7.4335e+01 -5.1888e+01
# New trial
