# 10.0sig - Array shape (trial/sig/alpha): (30L, 4L, 4L)
-3.6871e+01 -3.6458e+01 -3.5783e+01 -1.1213e+02
-3.6898e+01 -3.6702e+01 -3.5719e+01 -5.7141e+01
-3.6915e+01 -3.6864e+01 -3.6694e+01 -5.5319e+01
-3.6920e+01 -3.6909e+01 -3.6882e+01 -4.6404e+01
# New trial
-3.6863e+01 -3.6877e+01 -6.0005e+01 -4.1288e+02
-3.6866e+01 -3.6643e+01 -4.3446e+01 -1.7720e+02
-3.6911e+01 -3.6867e+01 -3.8744e+01 -1.3210e+02
-3.6920e+01 -3.6915e+01 -3.7082e+01 -6.8010e+01
# New trial
-3.6886e+01 -3.6682e+01 -4.4820e+01 -2.3576e+02
-3.6893e+01 -3.6675e+01 -3.8055e+01 -1.4792e+02
-3.6912e+01 -3.6842e+01 -3.6781e+01 -1.0098e+02
-3.6920e+01 -3.6913e+01 -3.6865e+01 -4.0112e+01
# New trial
-3.6881e+01 -3.6561e+01 -3.6942e+01 -1.1502e+02
-3.6904e+01 -3.6770e+01 -3.6895e+01 -9.8025e+01
-3.6917e+01 -3.6885e+01 -3.6837e+01 -5.7215e+01
-3.6920e+01 -3.6914e+01 -3.6866e+01 -3.6923e+01
# New trial
-3.6924e+01 -3.7488e+01 -7.0469e+01 -5.4313e+02
-3.6896e+01 -3.6820e+01 -4.3782e+01 -1.7809e+02
-3.6908e+01 -3.6817e+01 -3.7512e+01 -1.2795e+02
-3.6918e+01 -3.6895e+01 -3.6926e+01 -7.1688e+01
# New trial
-3.6898e+01 -3.6841e+01 -5.0060e+01 -3.1328e+02
-3.6909e+01 -3.6852e+01 -4.0746e+01 -1.7890e+02
-3.6915e+01 -3.6869e+01 -3.7252e+01 -1.0587e+02
-3.6920e+01 -3.6912e+01 -3.6870e+01 -4.3951e+01
# New trial
-3.6837e+01 -3.6203e+01 -3.7995e+01 -1.6016e+02
-3.6896e+01 -3.6709e+01 -3.7947e+01 -1.2143e+02
-3.6913e+01 -3.6843e+01 -3.6768e+01 -9.4967e+01
-3.6920e+01 -3.6914e+01 -3.6885e+01 -4.3076e+01
# New trial
-3.6829e+01 -3.6794e+01 -6.3037e+01 -4.2638e+02
-3.6869e+01 -3.6614e+01 -4.4376e+01 -2.1130e+02
-3.6907e+01 -3.6819e+01 -3.8378e+01 -1.3249e+02
-3.6920e+01 -3.6916e+01 -3.7110e+01 -7.7525e+01
# New trial
-3.6855e+01 -3.6606e+01 -6.1790e+01 -4.6908e+02
-3.6928e+01 -3.7177e+01 -5.0963e+01 -2.9559e+02
-3.6944e+01 -3.7187e+01 -4.2349e+01 -1.8300e+02
-3.6925e+01 -3.6958e+01 -3.7362e+01 -5.5860e+01
# New trial
-3.6890e+01 -3.6623e+01 -3.5883e+01 -9.9098e+01
-3.6898e+01 -3.6699e+01 -3.5693e+01 -6.4639e+01
-3.6909e+01 -3.6809e+01 -3.6040e+01 -5.2961e+01
-3.6920e+01 -3.6908e+01 -3.6814e+01 -3.9203e+01
# New trial
-3.6893e+01 -3.7005e+01 -5.6134e+01 -3.8889e+02
-3.6941e+01 -3.7261e+01 -5.0197e+01 -3.1185e+02
-3.6935e+01 -3.7079e+01 -4.0757e+01 -2.2971e+02
-3.6920e+01 -3.6913e+01 -3.6957e+01 -6.1474e+01
# New trial
-3.6898e+01 -3.6877e+01 -5.1146e+01 -2.8885e+02
-3.6886e+01 -3.6637e+01 -3.7784e+01 -8.4515e+01
-3.6911e+01 -3.6835e+01 -3.6754e+01 -6.0068e+01
-3.6920e+01 -3.6910e+01 -3.6934e+01 -4.0744e+01
# New trial
-3.6904e+01 -3.6879e+01 -4.9052e+01 -3.2055e+02
-3.6917e+01 -3.6946e+01 -4.2294e+01 -1.7852e+02
-3.6918e+01 -3.6910e+01 -3.8125e+01 -1.2056e+02
-3.6921e+01 -3.6927e+01 -3.7088e+01 -5.3373e+01
# New trial
-3.6837e+01 -3.6277e+01 -4.3889e+01 -2.3505e+02
-3.6901e+01 -3.6826e+01 -4.3576e+01 -2.0233e+02
-3.6916e+01 -3.6884e+01 -3.7929e+01 -1.4330e+02
-3.6920e+01 -3.6912e+01 -3.6943e+01 -5.7609e+01
# New trial
-3.6818e+01 -3.6067e+01 -4.2831e+01 -2.6063e+02
-3.6871e+01 -3.6503e+01 -3.8910e+01 -1.6459e+02
-3.6916e+01 -3.6894e+01 -3.8241e+01 -1.4354e+02
-3.6921e+01 -3.6921e+01 -3.7037e+01 -7.3537e+01
# New trial
-3.7043e+01 -3.8481e+01 -6.8367e+01 -4.5151e+02
-3.7033e+01 -3.8206e+01 -5.6561e+01 -2.9571e+02
-3.6952e+01 -3.7265e+01 -4.2944e+01 -1.6401e+02
-3.6919e+01 -3.6906e+01 -3.6967e+01 -5.8459e+01
# New trial
-3.6867e+01 -3.7040e+01 -6.9627e+01 -5.3265e+02
-3.6909e+01 -3.6972e+01 -4.5515e+01 -2.0395e+02
-3.6911e+01 -3.6854e+01 -3.8073e+01 -1.2030e+02
-3.6917e+01 -3.6892e+01 -3.6966e+01 -7.3253e+01
# New trial
-3.6943e+01 -3.7345e+01 -5.2157e+01 -2.9527e+02
-3.6934e+01 -3.7135e+01 -4.3715e+01 -1.6693e+02
-3.6917e+01 -3.6900e+01 -3.7892e+01 -9.9291e+01
-3.6919e+01 -3.6904e+01 -3.6847e+01 -3.7167e+01
# New trial
-3.6917e+01 -3.6896e+01 -3.8583e+01 -1.2288e+02
-3.6925e+01 -3.6968e+01 -3.8691e+01 -1.1614e+02
-3.6922e+01 -3.6934e+01 -3.7324e+01 -7.2189e+01
-3.6920e+01 -3.6915e+01 -3.6889e+01 -3.7535e+01
# New trial
-3.6935e+01 -3.7440e+01 -6.2717e+01 -4.0860e+02
-3.6958e+01 -3.7450e+01 -5.1545e+01 -2.7646e+02
-3.6928e+01 -3.7022e+01 -4.0141e+01 -1.3850e+02
-3.6921e+01 -3.6926e+01 -3.7487e+01 -1.2040e+02
# New trial
-3.6974e+01 -3.7993e+01 -7.7310e+01 -5.8633e+02
-3.6969e+01 -3.7554e+01 -5.1118e+01 -2.7966e+02
-3.6931e+01 -3.7062e+01 -4.1029e+01 -1.9534e+02
-3.6918e+01 -3.6904e+01 -3.7168e+01 -1.0632e+02
# New trial
-3.6912e+01 -3.6893e+01 -4.1446e+01 -1.6904e+02
-3.6906e+01 -3.6814e+01 -3.9668e+01 -1.4953e+02
-3.6904e+01 -3.6765e+01 -3.7051e+01 -1.3376e+02
-3.6919e+01 -3.6906e+01 -3.7094e+01 -1.1074e+02
# New trial
-3.6895e+01 -3.6777e+01 -4.4128e+01 -2.1071e+02
-3.6897e+01 -3.6753e+01 -3.9844e+01 -1.2182e+02
-3.6913e+01 -3.6858e+01 -3.7455e+01 -8.7585e+01
-3.6919e+01 -3.6908e+01 -3.7085e+01 -8.7149e+01
# New trial
-3.6873e+01 -3.6507e+01 -3.9361e+01 -1.5849e+02
-3.6904e+01 -3.6789e+01 -3.8986e+01 -1.2983e+02
-3.6922e+01 -3.6942e+01 -3.7896e+01 -1.0532e+02
-3.6922e+01 -3.6928e+01 -3.7095e+01 -8.7337e+01
# New trial
-3.6900e+01 -3.6836e+01 -4.6178e+01 -2.4424e+02
-3.6904e+01 -3.6811e+01 -3.9859e+01 -1.2538e+02
-3.6910e+01 -3.6825e+01 -3.6878e+01 -7.8458e+01
-3.6920e+01 -3.6915e+01 -3.7076e+01 -7.0759e+01
# New trial
-3.6982e+01 -3.8372e+01 -8.3211e+01 -6.4788e+02
-3.6970e+01 -3.7665e+01 -5.5420e+01 -3.1482e+02
-3.6922e+01 -3.6989e+01 -4.1507e+01 -2.0497e+02
-3.6916e+01 -3.6888e+01 -3.8023e+01 -1.7461e+02
# New trial
-3.6998e+01 -3.8448e+01 -7.9924e+01 -5.9159e+02
-3.7025e+01 -3.8244e+01 -6.4139e+01 -4.1807e+02
-3.6934e+01 -3.7098e+01 -4.3116e+01 -2.1674e+02
-3.6921e+01 -3.6921e+01 -3.7157e+01 -9.3488e+01
# New trial
-3.6914e+01 -3.7076e+01 -5.4741e+01 -3.3986e+02
-3.6934e+01 -3.7140e+01 -4.4632e+01 -1.8594e+02
-3.6921e+01 -3.6934e+01 -3.8270e+01 -1.2259e+02
-3.6924e+01 -3.6953e+01 -3.7700e+01 -1.2043e+02
# New trial
-3.6870e+01 -3.6628e+01 -5.4172e+01 -4.1585e+02
-3.6886e+01 -3.6663e+01 -4.1799e+01 -2.0110e+02
-3.6908e+01 -3.6816e+01 -3.7347e+01 -1.1787e+02
-3.6919e+01 -3.6907e+01 -3.6862e+01 -3.8793e+01
# New trial
-3.6853e+01 -3.6573e+01 -4.9382e+01 -2.6842e+02
-3.6897e+01 -3.6821e+01 -4.2398e+01 -1.6960e+02
-3.6911e+01 -3.6852e+01 -3.8164e+01 -1.3818e+02
-3.6921e+01 -3.6924e+01 -3.7024e+01 -6.5218e+01
# New trial
