# 10.0sig - Array shape (trial/sig/alpha): (30, 4, 4)
-1.7076e+02 -1.7076e+02 -1.7101e+02 -2.0540e+02
-1.7076e+02 -1.7074e+02 -1.7067e+02 -1.9850e+02
-1.7075e+02 -1.7066e+02 -1.6981e+02 -1.8088e+02
-1.7074e+02 -1.7053e+02 -1.6850e+02 -1.6250e+02
# New trial
-1.7076e+02 -1.7081e+02 -1.7693e+02 -3.1453e+02
-1.7075e+02 -1.7065e+02 -1.7238e+02 -2.3749e+02
-1.7071e+02 -1.7026e+02 -1.6704e+02 -1.9115e+02
-1.7066e+02 -1.6977e+02 -1.6158e+02 -1.5691e+02
# New trial
-1.7076e+02 -1.7078e+02 -1.7188e+02 -2.3371e+02
-1.7076e+02 -1.7073e+02 -1.7075e+02 -2.0315e+02
-1.7074e+02 -1.7058e+02 -1.6901e+02 -1.7384e+02
-1.7072e+02 -1.7034e+02 -1.6670e+02 -1.5989e+02
# New trial
-1.7076e+02 -1.7074e+02 -1.7080e+02 -1.9981e+02
-1.7076e+02 -1.7072e+02 -1.7069e+02 -1.9864e+02
-1.7074e+02 -1.7056e+02 -1.6896e+02 -1.7921e+02
-1.7071e+02 -1.7023e+02 -1.6573e+02 -1.6974e+02
# New trial
-1.7077e+02 -1.7088e+02 -1.7411e+02 -2.7855e+02
-1.7076e+02 -1.7076e+02 -1.7138e+02 -2.1644e+02
-1.7074e+02 -1.7058e+02 -1.6915e+02 -1.8018e+02
-1.7073e+02 -1.7044e+02 -1.6762e+02 -1.5890e+02
# New trial
-1.7076e+02 -1.7074e+02 -1.7084e+02 -1.9243e+02
-1.7075e+02 -1.7068e+02 -1.7016e+02 -1.9419e+02
-1.7073e+02 -1.7045e+02 -1.6779e+02 -1.7374e+02
-1.7069e+02 -1.7004e+02 -1.6388e+02 -1.5691e+02
# New trial
-1.7076e+02 -1.7076e+02 -1.7094e+02 -2.1585e+02
-1.7076e+02 -1.7074e+02 -1.7071e+02 -2.0525e+02
-1.7075e+02 -1.7064e+02 -1.6973e+02 -1.9637e+02
-1.7073e+02 -1.7050e+02 -1.6823e+02 -1.6738e+02
# New trial
-1.7076e+02 -1.7073e+02 -1.7129e+02 -2.1938e+02
-1.7075e+02 -1.7066e+02 -1.7060e+02 -2.1069e+02
-1.7072e+02 -1.7040e+02 -1.6746e+02 -1.6114e+02
-1.7069e+02 -1.7003e+02 -1.6369e+02 -1.5691e+02
# New trial
-1.7076e+02 -1.7083e+02 -1.7729e+02 -3.0086e+02
-1.7074e+02 -1.7059e+02 -1.7101e+02 -2.2352e+02
-1.7070e+02 -1.7017e+02 -1.6539e+02 -1.7304e+02
-1.7066e+02 -1.6973e+02 -1.6130e+02 -1.5691e+02
# New trial
-1.7075e+02 -1.7071e+02 -1.7101e+02 -2.2381e+02
-1.7075e+02 -1.7062e+02 -1.6953e+02 -1.7910e+02
-1.7073e+02 -1.7046e+02 -1.6782e+02 -1.6169e+02
-1.7071e+02 -1.7022e+02 -1.6550e+02 -1.5692e+02
# New trial
-1.7076e+02 -1.7079e+02 -1.7339e+02 -2.5862e+02
-1.7074e+02 -1.7060e+02 -1.7071e+02 -2.4844e+02
-1.7071e+02 -1.7030e+02 -1.6752e+02 -2.0262e+02
-1.7066e+02 -1.6982e+02 -1.6252e+02 -1.6565e+02
# New trial
-1.7078e+02 -1.7098e+02 -1.7752e+02 -2.9936e+02
-1.7076e+02 -1.7073e+02 -1.7081e+02 -1.9926e+02
-1.7074e+02 -1.7056e+02 -1.6886e+02 -1.6901e+02
-1.7072e+02 -1.7033e+02 -1.6652e+02 -1.5720e+02
# New trial
-1.7074e+02 -1.7062e+02 -1.7138e+02 -2.4242e+02
-1.7073e+02 -1.7048e+02 -1.6882e+02 -1.8960e+02
-1.7070e+02 -1.7015e+02 -1.6503e+02 -1.5713e+02
-1.7065e+02 -1.6969e+02 -1.6099e+02 -1.5691e+02
# New trial
-1.7075e+02 -1.7068e+02 -1.7066e+02 -2.0549e+02
-1.7074e+02 -1.7056e+02 -1.6911e+02 -1.7995e+02
-1.7071e+02 -1.7026e+02 -1.6595e+02 -1.5694e+02
-1.7068e+02 -1.6995e+02 -1.6301e+02 -1.5691e+02
# New trial
-1.7076e+02 -1.7075e+02 -1.7233e+02 -2.3780e+02
-1.7075e+02 -1.7064e+02 -1.7044e+02 -2.0395e+02
-1.7072e+02 -1.7037e+02 -1.6713e+02 -1.6807e+02
-1.7070e+02 -1.7015e+02 -1.6486e+02 -1.5698e+02
# New trial
-1.7077e+02 -1.7095e+02 -1.7858e+02 -3.1460e+02
-1.7075e+02 -1.7070e+02 -1.7194e+02 -2.2959e+02
-1.7071e+02 -1.7023e+02 -1.6635e+02 -1.8417e+02
-1.7065e+02 -1.6964e+02 -1.6134e+02 -1.6296e+02
# New trial
-1.7076e+02 -1.7080e+02 -1.7685e+02 -2.9793e+02
-1.7074e+02 -1.7059e+02 -1.6999e+02 -2.0992e+02
-1.7071e+02 -1.7030e+02 -1.6663e+02 -1.7214e+02
-1.7070e+02 -1.7015e+02 -1.6527e+02 -1.8781e+02
# New trial
-1.7075e+02 -1.7062e+02 -1.7032e+02 -2.1624e+02
-1.7073e+02 -1.7049e+02 -1.6853e+02 -1.9653e+02
-1.7070e+02 -1.7019e+02 -1.6553e+02 -1.6676e+02
-1.7067e+02 -1.6983e+02 -1.6201e+02 -1.5691e+02
# New trial
-1.7076e+02 -1.7074e+02 -1.7083e+02 -2.0064e+02
-1.7075e+02 -1.7069e+02 -1.7011e+02 -1.7087e+02
-1.7074e+02 -1.7061e+02 -1.6926e+02 -1.6280e+02
-1.7073e+02 -1.7045e+02 -1.6774e+02 -1.6113e+02
# New trial
-1.7076e+02 -1.7080e+02 -1.7460e+02 -2.7228e+02
-1.7075e+02 -1.7063e+02 -1.7009e+02 -2.1390e+02
-1.7072e+02 -1.7033e+02 -1.6664e+02 -1.6354e+02
-1.7068e+02 -1.6996e+02 -1.6322e+02 -1.5691e+02
# New trial
-1.7077e+02 -1.7084e+02 -1.7228e+02 -2.2716e+02
-1.7076e+02 -1.7075e+02 -1.7073e+02 -1.8947e+02
-1.7074e+02 -1.7058e+02 -1.6898e+02 -1.7433e+02
-1.7071e+02 -1.7031e+02 -1.6640e+02 -1.6925e+02
# New trial
-1.7074e+02 -1.7057e+02 -1.6919e+02 -1.8731e+02
-1.7073e+02 -1.7046e+02 -1.6825e+02 -1.8134e+02
-1.7070e+02 -1.7014e+02 -1.6492e+02 -1.6014e+02
-1.7066e+02 -1.6974e+02 -1.6130e+02 -1.5691e+02
# New trial
-1.7076e+02 -1.7072e+02 -1.7078e+02 -1.9476e+02
-1.7075e+02 -1.7065e+02 -1.6991e+02 -1.8560e+02
-1.7073e+02 -1.7043e+02 -1.6766e+02 -1.7491e+02
-1.7070e+02 -1.7017e+02 -1.6516e+02 -1.6610e+02
# New trial
-1.7076e+02 -1.7078e+02 -1.7260e+02 -2.3264e+02
-1.7075e+02 -1.7069e+02 -1.7165e+02 -2.1983e+02
-1.7072e+02 -1.7034e+02 -1.6728e+02 -1.7665e+02
-1.7066e+02 -1.6974e+02 -1.6144e+02 -1.5691e+02
# New trial
-1.7076e+02 -1.7081e+02 -1.7304e+02 -2.3576e+02
-1.7075e+02 -1.7065e+02 -1.7067e+02 -2.1495e+02
-1.7071e+02 -1.7028e+02 -1.6630e+02 -1.6651e+02
-1.7067e+02 -1.6983e+02 -1.6221e+02 -1.5691e+02
# New trial
-1.7077e+02 -1.7092e+02 -1.7798e+02 -3.0762e+02
-1.7074e+02 -1.7057e+02 -1.7135e+02 -2.4839e+02
-1.7068e+02 -1.7001e+02 -1.6400e+02 -1.6791e+02
-1.7062e+02 -1.6936e+02 -1.5886e+02 -1.5691e+02
# New trial
-1.7076e+02 -1.7084e+02 -1.7650e+02 -2.7828e+02
-1.7075e+02 -1.7068e+02 -1.7093e+02 -2.2260e+02
-1.7073e+02 -1.7051e+02 -1.6870e+02 -2.0301e+02
-1.7072e+02 -1.7036e+02 -1.6707e+02 -1.7980e+02
# New trial
-1.7075e+02 -1.7063e+02 -1.6950e+02 -1.7195e+02
-1.7074e+02 -1.7058e+02 -1.6911e+02 -1.7262e+02
-1.7073e+02 -1.7043e+02 -1.6762e+02 -1.7238e+02
-1.7070e+02 -1.7022e+02 -1.6559e+02 -1.7185e+02
# New trial
-1.7077e+02 -1.7084e+02 -1.7444e+02 -2.8021e+02
-1.7076e+02 -1.7077e+02 -1.7217e+02 -2.2979e+02
-1.7073e+02 -1.7045e+02 -1.6797e+02 -1.7042e+02
-1.7069e+02 -1.7004e+02 -1.6398e+02 -1.5724e+02
# New trial
-1.7076e+02 -1.7072e+02 -1.7086e+02 -2.1969e+02
-1.7075e+02 -1.7065e+02 -1.6987e+02 -1.9518e+02
-1.7073e+02 -1.7046e+02 -1.6790e+02 -1.7509e+02
-1.7070e+02 -1.7014e+02 -1.6481e+02 -1.6017e+02
# New trial
