# 10.0sig - Array shape (trial/sig/alpha): (30L, 4L, 4L)
-9.6913e+01 -9.6874e+01 -9.6989e+01 -1.1463e+02
-9.6911e+01 -9.6849e+01 -9.6543e+01 -1.0980e+02
-9.6905e+01 -9.6790e+01 -9.5709e+01 -9.3199e+01
-9.6898e+01 -9.6726e+01 -9.5046e+01 -9.2302e+01
# New trial
-9.6919e+01 -9.6967e+01 -1.0074e+02 -1.6130e+02
-9.6913e+01 -9.6903e+01 -9.8724e+01 -1.3367e+02
-9.6900e+01 -9.6753e+01 -9.5780e+01 -1.0502e+02
-9.6887e+01 -9.6617e+01 -9.4086e+01 -9.2302e+01
# New trial
-9.6910e+01 -9.6847e+01 -9.7155e+01 -1.2278e+02
-9.6905e+01 -9.6800e+01 -9.6353e+01 -1.0922e+02
-9.6893e+01 -9.6671e+01 -9.4748e+01 -9.3929e+01
-9.6881e+01 -9.6552e+01 -9.3598e+01 -9.2302e+01
# New trial
-9.6910e+01 -9.6842e+01 -9.6602e+01 -1.1152e+02
-9.6907e+01 -9.6812e+01 -9.6374e+01 -1.0979e+02
-9.6895e+01 -9.6693e+01 -9.4880e+01 -9.2394e+01
-9.6877e+01 -9.6513e+01 -9.3289e+01 -9.2302e+01
# New trial
-9.6921e+01 -9.6961e+01 -9.8645e+01 -1.3447e+02
-9.6917e+01 -9.6915e+01 -9.7438e+01 -1.1840e+02
-9.6908e+01 -9.6825e+01 -9.6196e+01 -9.9473e+01
-9.6894e+01 -9.6682e+01 -9.4653e+01 -9.2302e+01
# New trial
-9.6917e+01 -9.6914e+01 -9.7322e+01 -1.1245e+02
-9.6912e+01 -9.6868e+01 -9.6756e+01 -1.0914e+02
-9.6903e+01 -9.6770e+01 -9.5557e+01 -9.3379e+01
-9.6897e+01 -9.6710e+01 -9.4897e+01 -9.2302e+01
# New trial
-9.6917e+01 -9.6914e+01 -9.7151e+01 -1.1673e+02
-9.6915e+01 -9.6895e+01 -9.6917e+01 -1.1229e+02
-9.6908e+01 -9.6821e+01 -9.6082e+01 -1.0419e+02
-9.6899e+01 -9.6731e+01 -9.5123e+01 -9.2308e+01
# New trial
-9.6919e+01 -9.6939e+01 -9.8180e+01 -1.3097e+02
-9.6917e+01 -9.6915e+01 -9.7838e+01 -1.2681e+02
-9.6908e+01 -9.6829e+01 -9.6409e+01 -1.0762e+02
-9.6897e+01 -9.6709e+01 -9.4950e+01 -9.2443e+01
# New trial
-9.6914e+01 -9.6912e+01 -1.0040e+02 -1.6139e+02
-9.6908e+01 -9.6833e+01 -9.7614e+01 -1.2200e+02
-9.6892e+01 -9.6667e+01 -9.4814e+01 -9.5101e+01
-9.6878e+01 -9.6522e+01 -9.3369e+01 -9.2302e+01
# New trial
-9.6911e+01 -9.6848e+01 -9.6261e+01 -9.5566e+01
-9.6908e+01 -9.6823e+01 -9.5996e+01 -9.2444e+01
-9.6902e+01 -9.6764e+01 -9.5404e+01 -9.2302e+01
-9.6900e+01 -9.6746e+01 -9.5227e+01 -9.2302e+01
# New trial
-9.6921e+01 -9.6976e+01 -1.0003e+02 -1.5674e+02
-9.6907e+01 -9.6821e+01 -9.7540e+01 -1.3522e+02
-9.6890e+01 -9.6650e+01 -9.4806e+01 -1.0245e+02
-9.6875e+01 -9.6498e+01 -9.3525e+01 -9.2336e+01
# New trial
-9.6931e+01 -9.7073e+01 -1.0100e+02 -1.6163e+02
-9.6923e+01 -9.6979e+01 -9.7965e+01 -1.1869e+02
-9.6916e+01 -9.6906e+01 -9.6907e+01 -1.0717e+02
-9.6913e+01 -9.6872e+01 -9.6471e+01 -9.6614e+01
# New trial
-9.6906e+01 -9.6821e+01 -9.7481e+01 -1.2381e+02
-9.6903e+01 -9.6783e+01 -9.6531e+01 -1.0748e+02
-9.6893e+01 -9.6680e+01 -9.4996e+01 -1.0091e+02
-9.6882e+01 -9.6565e+01 -9.3751e+01 -9.2302e+01
# New trial
-9.6914e+01 -9.6888e+01 -9.7438e+01 -1.2013e+02
-9.6910e+01 -9.6844e+01 -9.6617e+01 -1.0614e+02
-9.6898e+01 -9.6725e+01 -9.5172e+01 -9.2534e+01
-9.6887e+01 -9.6615e+01 -9.4153e+01 -9.2311e+01
# New trial
-9.6921e+01 -9.6968e+01 -9.8851e+01 -1.3818e+02
-9.6917e+01 -9.6924e+01 -9.7966e+01 -1.2535e+02
-9.6904e+01 -9.6786e+01 -9.5882e+01 -1.0049e+02
-9.6885e+01 -9.6591e+01 -9.4014e+01 -9.2455e+01
# New trial
-9.6922e+01 -9.6999e+01 -1.0117e+02 -1.6273e+02
-9.6912e+01 -9.6882e+01 -9.7916e+01 -1.2462e+02
-9.6891e+01 -9.6662e+01 -9.5096e+01 -9.8745e+01
-9.6873e+01 -9.6471e+01 -9.3068e+01 -9.2302e+01
# New trial
-9.6920e+01 -9.6965e+01 -1.0041e+02 -1.5896e+02
-9.6915e+01 -9.6903e+01 -9.7848e+01 -1.2534e+02
-9.6902e+01 -9.6768e+01 -9.5865e+01 -1.0364e+02
-9.6879e+01 -9.6538e+01 -9.3574e+01 -9.2303e+01
# New trial
-9.6916e+01 -9.6911e+01 -9.7910e+01 -1.2825e+02
-9.6910e+01 -9.6851e+01 -9.6781e+01 -1.1600e+02
-9.6899e+01 -9.6731e+01 -9.5354e+01 -9.7839e+01
-9.6877e+01 -9.6514e+01 -9.3305e+01 -9.2302e+01
# New trial
-9.6914e+01 -9.6882e+01 -9.7114e+01 -1.1622e+02
-9.6910e+01 -9.6843e+01 -9.6283e+01 -9.8286e+01
-9.6905e+01 -9.6791e+01 -9.5682e+01 -9.2304e+01
-9.6899e+01 -9.6737e+01 -9.5141e+01 -9.2302e+01
# New trial
-9.6922e+01 -9.6985e+01 -1.0016e+02 -1.5453e+02
-9.6914e+01 -9.6888e+01 -9.7290e+01 -1.2223e+02
-9.6898e+01 -9.6722e+01 -9.5173e+01 -9.3035e+01
-9.6878e+01 -9.6523e+01 -9.3367e+01 -9.2302e+01
# New trial
-9.6921e+01 -9.6956e+01 -9.8196e+01 -1.3149e+02
-9.6916e+01 -9.6903e+01 -9.6916e+01 -1.1295e+02
-9.6907e+01 -9.6810e+01 -9.5890e+01 -9.4424e+01
-9.6897e+01 -9.6711e+01 -9.4898e+01 -9.2302e+01
# New trial
-9.6921e+01 -9.6954e+01 -9.7608e+01 -1.2148e+02
-9.6922e+01 -9.6965e+01 -9.7806e+01 -1.2387e+02
-9.6916e+01 -9.6906e+01 -9.6952e+01 -1.0858e+02
-9.6906e+01 -9.6802e+01 -9.5795e+01 -9.2309e+01
# New trial
-9.6920e+01 -9.6947e+01 -9.7814e+01 -1.1824e+02
-9.6916e+01 -9.6909e+01 -9.7337e+01 -1.1735e+02
-9.6905e+01 -9.6791e+01 -9.5901e+01 -1.0324e+02
-9.6887e+01 -9.6613e+01 -9.4039e+01 -9.2302e+01
# New trial
-9.6918e+01 -9.6933e+01 -9.8588e+01 -1.3116e+02
-9.6915e+01 -9.6902e+01 -9.8128e+01 -1.2994e+02
-9.6903e+01 -9.6775e+01 -9.6018e+01 -1.0858e+02
-9.6876e+01 -9.6506e+01 -9.3277e+01 -9.2302e+01
# New trial
-9.6926e+01 -9.7027e+01 -1.0019e+02 -1.5053e+02
-9.6919e+01 -9.6946e+01 -9.8537e+01 -1.3343e+02
-9.6900e+01 -9.6749e+01 -9.5533e+01 -9.6779e+01
-9.6876e+01 -9.6501e+01 -9.3249e+01 -9.2302e+01
# New trial
-9.6936e+01 -9.7156e+01 -1.0260e+02 -1.7728e+02
-9.6924e+01 -9.7004e+01 -9.9919e+01 -1.5271e+02
-9.6896e+01 -9.6710e+01 -9.5260e+01 -1.0140e+02
-9.6859e+01 -9.6336e+01 -9.2549e+01 -9.2302e+01
# New trial
-9.6922e+01 -9.7000e+01 -1.0104e+02 -1.6056e+02
-9.6907e+01 -9.6823e+01 -9.7089e+01 -1.1828e+02
-9.6887e+01 -9.6616e+01 -9.4287e+01 -9.2304e+01
-9.6868e+01 -9.6425e+01 -9.2843e+01 -9.2302e+01
# New trial
-9.6920e+01 -9.6943e+01 -9.7275e+01 -1.1168e+02
-9.6920e+01 -9.6939e+01 -9.7266e+01 -1.1384e+02
-9.6912e+01 -9.6862e+01 -9.6411e+01 -9.5513e+01
-9.6910e+01 -9.6844e+01 -9.6188e+01 -9.2491e+01
# New trial
-9.6923e+01 -9.6984e+01 -1.0007e+02 -1.5629e+02
-9.6921e+01 -9.6962e+01 -9.8468e+01 -1.3121e+02
-9.6908e+01 -9.6829e+01 -9.6399e+01 -1.0449e+02
-9.6883e+01 -9.6573e+01 -9.3747e+01 -9.2302e+01
# New trial
-9.6910e+01 -9.6850e+01 -9.6830e+01 -1.2169e+02
-9.6906e+01 -9.6808e+01 -9.6170e+01 -1.0755e+02
-9.6894e+01 -9.6687e+01 -9.4773e+01 -9.2454e+01
-9.6876e+01 -9.6504e+01 -9.3232e+01 -9.2302e+01
# New trial
