# 10.0sig - Array shape (trial/sig/alpha): (30L, 4L, 4L)
-1.0151e+02 -1.0130e+02 -1.0489e+02 -3.2255e+02
-1.0149e+02 -1.0112e+02 -1.0101e+02 -2.8005e+02
-1.0144e+02 -1.0066e+02 -9.3834e+01 -1.5703e+02
-1.0138e+02 -9.9980e+01 -8.6356e+01 -5.7199e+01
# New trial
-1.0160e+02 -1.0262e+02 -1.4475e+02 -8.7312e+02
-1.0155e+02 -1.0202e+02 -1.2704e+02 -5.5730e+02
-1.0141e+02 -1.0043e+02 -9.6409e+01 -2.0775e+02
-1.0122e+02 -9.8443e+01 -7.2547e+01 -5.5381e+01
# New trial
-1.0153e+02 -1.0159e+02 -1.1490e+02 -4.6970e+02
-1.0149e+02 -1.0119e+02 -1.0773e+02 -3.4527e+02
-1.0135e+02 -9.9681e+01 -8.5919e+01 -9.7892e+01
-1.0116e+02 -9.7826e+01 -6.7951e+01 -5.5381e+01
# New trial
-1.0149e+02 -1.0111e+02 -1.0370e+02 -3.4982e+02
-1.0146e+02 -1.0091e+02 -1.0132e+02 -2.5598e+02
-1.0135e+02 -9.9689e+01 -8.5333e+01 -8.8731e+01
-1.0119e+02 -9.8116e+01 -7.0650e+01 -5.5393e+01
# New trial
-1.0156e+02 -1.0203e+02 -1.3067e+02 -6.8090e+02
-1.0151e+02 -1.0141e+02 -1.0763e+02 -3.4377e+02
-1.0144e+02 -1.0061e+02 -9.4784e+01 -1.4705e+02
-1.0133e+02 -9.9561e+01 -8.2776e+01 -6.6126e+01
# New trial
-1.0152e+02 -1.0149e+02 -1.0897e+02 -3.4386e+02
-1.0147e+02 -1.0101e+02 -1.0218e+02 -2.6991e+02
-1.0135e+02 -9.9700e+01 -8.6328e+01 -1.2690e+02
-1.0118e+02 -9.8015e+01 -7.0008e+01 -5.9151e+01
# New trial
-1.0148e+02 -1.0103e+02 -9.9344e+01 -2.5744e+02
-1.0148e+02 -1.0098e+02 -9.8087e+01 -2.0818e+02
-1.0145e+02 -1.0070e+02 -9.4329e+01 -1.8004e+02
-1.0140e+02 -1.0020e+02 -8.8643e+01 -8.7521e+01
# New trial
-1.0152e+02 -1.0158e+02 -1.1624e+02 -4.5284e+02
-1.0151e+02 -1.0137e+02 -1.1177e+02 -4.0344e+02
-1.0143e+02 -1.0051e+02 -9.5267e+01 -1.6920e+02
-1.0129e+02 -9.9085e+01 -7.8255e+01 -5.7662e+01
# New trial
-1.0158e+02 -1.0238e+02 -1.5497e+02 -9.5079e+02
-1.0152e+02 -1.0158e+02 -1.2080e+02 -4.8583e+02
-1.0134e+02 -9.9687e+01 -8.9868e+01 -2.4304e+02
-1.0115e+02 -9.7688e+01 -6.8776e+01 -7.6389e+01
# New trial
-1.0148e+02 -1.0106e+02 -9.7791e+01 -1.5284e+02
-1.0147e+02 -1.0087e+02 -9.5486e+01 -9.6894e+01
-1.0142e+02 -1.0044e+02 -9.1020e+01 -8.2641e+01
-1.0140e+02 -1.0019e+02 -8.8458e+01 -7.4885e+01
# New trial
-1.0157e+02 -1.0226e+02 -1.4196e+02 -8.5635e+02
-1.0144e+02 -1.0068e+02 -1.1386e+02 -6.0282e+02
-1.0124e+02 -9.8691e+01 -7.8595e+01 -6.9131e+01
-1.0104e+02 -9.6629e+01 -6.1888e+01 -5.5381e+01
# New trial
-1.0161e+02 -1.0265e+02 -1.4596e+02 -7.9074e+02
-1.0152e+02 -1.0147e+02 -1.0720e+02 -2.6146e+02
-1.0144e+02 -1.0061e+02 -9.4378e+01 -1.3520e+02
-1.0135e+02 -9.9700e+01 -8.3900e+01 -6.5073e+01
# New trial
-1.0152e+02 -1.0158e+02 -1.2546e+02 -5.9177e+02
-1.0148e+02 -1.0114e+02 -1.1040e+02 -4.0154e+02
-1.0137e+02 -9.9906e+01 -9.0087e+01 -1.8062e+02
-1.0121e+02 -9.8311e+01 -7.2605e+01 -6.9662e+01
# New trial
-1.0151e+02 -1.0144e+02 -1.1067e+02 -3.8875e+02
-1.0148e+02 -1.0104e+02 -1.0329e+02 -2.6939e+02
-1.0136e+02 -9.9787e+01 -8.6968e+01 -1.4270e+02
-1.0122e+02 -9.8375e+01 -7.1933e+01 -5.5381e+01
# New trial
-1.0156e+02 -1.0203e+02 -1.2783e+02 -5.5995e+02
-1.0151e+02 -1.0146e+02 -1.1537e+02 -4.1117e+02
-1.0136e+02 -9.9833e+01 -8.8296e+01 -1.2347e+02
-1.0119e+02 -9.8090e+01 -7.0112e+01 -5.5382e+01
# New trial
-1.0160e+02 -1.0273e+02 -1.5526e+02 -8.8254e+02
-1.0151e+02 -1.0156e+02 -1.2062e+02 -4.6309e+02
-1.0131e+02 -9.9382e+01 -8.7034e+01 -1.7743e+02
-1.0108e+02 -9.7070e+01 -6.3410e+01 -5.5381e+01
# New trial
-1.0154e+02 -1.0195e+02 -1.4782e+02 -8.3325e+02
-1.0147e+02 -1.0102e+02 -1.1318e+02 -4.5949e+02
-1.0133e+02 -9.9529e+01 -8.6839e+01 -1.5717e+02
-1.0115e+02 -9.7730e+01 -6.6941e+01 -5.5381e+01
# New trial
-1.0156e+02 -1.0197e+02 -1.2175e+02 -5.3150e+02
-1.0149e+02 -1.0121e+02 -1.0520e+02 -3.5357e+02
-1.0136e+02 -9.9842e+01 -8.7402e+01 -1.0948e+02
-1.0125e+02 -9.8679e+01 -7.5479e+01 -5.7600e+01
# New trial
-1.0153e+02 -1.0153e+02 -1.0899e+02 -3.8075e+02
-1.0149e+02 -1.0115e+02 -9.9919e+01 -1.8060e+02
-1.0144e+02 -1.0059e+02 -9.2720e+01 -7.8299e+01
-1.0136e+02 -9.9851e+01 -8.5055e+01 -5.5436e+01
# New trial
-1.0161e+02 -1.0260e+02 -1.4379e+02 -7.6045e+02
-1.0153e+02 -1.0166e+02 -1.1590e+02 -4.7054e+02
-1.0136e+02 -9.9860e+01 -8.8055e+01 -1.0923e+02
-1.0117e+02 -9.7953e+01 -6.9614e+01 -5.5382e+01
# New trial
-1.0155e+02 -1.0183e+02 -1.1852e+02 -5.0150e+02
-1.0149e+02 -1.0116e+02 -1.0161e+02 -2.7744e+02
-1.0138e+02 -1.0000e+02 -8.8159e+01 -1.2806e+02
-1.0125e+02 -9.8729e+01 -7.5382e+01 -6.3280e+01
# New trial
-1.0152e+02 -1.0140e+02 -1.0576e+02 -3.3383e+02
-1.0150e+02 -1.0130e+02 -1.0656e+02 -3.4997e+02
-1.0141e+02 -1.0038e+02 -9.2885e+01 -1.7446e+02
-1.0127e+02 -9.8929e+01 -7.8413e+01 -5.7103e+01
# New trial
-1.0154e+02 -1.0166e+02 -1.1224e+02 -3.3651e+02
-1.0150e+02 -1.0127e+02 -1.0689e+02 -3.1159e+02
-1.0138e+02 -1.0000e+02 -9.0271e+01 -1.5488e+02
-1.0122e+02 -9.8399e+01 -7.2881e+01 -5.6465e+01
# New trial
-1.0153e+02 -1.0168e+02 -1.2034e+02 -4.6898e+02
-1.0149e+02 -1.0134e+02 -1.1628e+02 -4.3213e+02
-1.0136e+02 -9.9879e+01 -9.0869e+01 -1.6224e+02
-1.0113e+02 -9.7499e+01 -6.6692e+01 -5.5381e+01
# New trial
-1.0160e+02 -1.0250e+02 -1.3628e+02 -6.8057e+02
-1.0153e+02 -1.0170e+02 -1.2090e+02 -5.0330e+02
-1.0134e+02 -9.9671e+01 -9.0115e+01 -2.1974e+02
-1.0113e+02 -9.7527e+01 -6.6812e+01 -5.5383e+01
# New trial
-1.0158e+02 -1.0267e+02 -1.5898e+02 -9.0561e+02
-1.0148e+02 -1.0132e+02 -1.2214e+02 -5.7674e+02
-1.0124e+02 -9.8690e+01 -7.7819e+01 -5.8847e+01
-1.0093e+02 -9.5578e+01 -5.7750e+01 -5.5381e+01
# New trial
-1.0175e+02 -1.0440e+02 -1.6874e+02 -9.8653e+02
-1.0157e+02 -1.0206e+02 -1.1845e+02 -4.5149e+02
-1.0132e+02 -9.9421e+01 -8.4602e+01 -1.4696e+02
-1.0111e+02 -9.7320e+01 -6.6861e+01 -5.5382e+01
# New trial
-1.0148e+02 -1.0098e+02 -9.8628e+01 -2.4758e+02
-1.0145e+02 -1.0077e+02 -9.7074e+01 -2.5210e+02
-1.0137e+02 -9.9903e+01 -8.6494e+01 -6.2909e+01
-1.0124e+02 -9.8614e+01 -7.4078e+01 -5.5547e+01
# New trial
-1.0153e+02 -1.0167e+02 -1.3249e+02 -7.4844e+02
-1.0152e+02 -1.0153e+02 -1.1346e+02 -4.2326e+02
-1.0139e+02 -1.0020e+02 -9.3380e+01 -1.8684e+02
-1.0120e+02 -9.8223e+01 -7.1809e+01 -6.5373e+01
# New trial
-1.0150e+02 -1.0126e+02 -1.1243e+02 -4.6020e+02
-1.0147e+02 -1.0094e+02 -1.0351e+02 -3.2017e+02
-1.0137e+02 -9.9916e+01 -8.8423e+01 -1.4803e+02
-1.0121e+02 -9.8312e+01 -7.2939e+01 -5.6009e+01
# New trial
