# 10.0sig - Array shape (trial/sig/alpha): (30, 4, 4)
-1.5690e+02 -1.5680e+02 -1.5609e+02 -1.9532e+02
-1.5690e+02 -1.5675e+02 -1.5546e+02 -1.7234e+02
-1.5688e+02 -1.5657e+02 -1.5352e+02 -1.4026e+02
-1.5684e+02 -1.5622e+02 -1.5006e+02 -1.3845e+02
# New trial
-1.5691e+02 -1.5697e+02 -1.6411e+02 -3.4502e+02
-1.5689e+02 -1.5671e+02 -1.5871e+02 -2.5017e+02
-1.5684e+02 -1.5617e+02 -1.5112e+02 -1.9742e+02
-1.5679e+02 -1.5563e+02 -1.4496e+02 -1.3845e+02
# New trial
-1.5691e+02 -1.5687e+02 -1.5745e+02 -2.2171e+02
-1.5690e+02 -1.5676e+02 -1.5598e+02 -1.8521e+02
-1.5686e+02 -1.5637e+02 -1.5168e+02 -1.4476e+02
-1.5681e+02 -1.5590e+02 -1.4719e+02 -1.3845e+02
# New trial
-1.5689e+02 -1.5670e+02 -1.5537e+02 -1.9179e+02
-1.5688e+02 -1.5659e+02 -1.5421e+02 -1.8011e+02
-1.5684e+02 -1.5620e+02 -1.5000e+02 -1.3848e+02
-1.5679e+02 -1.5570e+02 -1.4544e+02 -1.3845e+02
# New trial
-1.5692e+02 -1.5704e+02 -1.6077e+02 -2.8429e+02
-1.5691e+02 -1.5689e+02 -1.5779e+02 -2.2774e+02
-1.5689e+02 -1.5664e+02 -1.5459e+02 -1.7535e+02
-1.5685e+02 -1.5630e+02 -1.5097e+02 -1.3996e+02
# New trial
-1.5690e+02 -1.5676e+02 -1.5585e+02 -1.7604e+02
-1.5689e+02 -1.5663e+02 -1.5441e+02 -1.6590e+02
-1.5685e+02 -1.5626e+02 -1.5057e+02 -1.3885e+02
-1.5679e+02 -1.5572e+02 -1.4567e+02 -1.3845e+02
# New trial
-1.5691e+02 -1.5685e+02 -1.5635e+02 -1.8850e+02
-1.5690e+02 -1.5681e+02 -1.5599e+02 -1.6582e+02
-1.5689e+02 -1.5663e+02 -1.5416e+02 -1.4685e+02
-1.5685e+02 -1.5628e+02 -1.5065e+02 -1.3845e+02
# New trial
-1.5689e+02 -1.5673e+02 -1.5703e+02 -2.2564e+02
-1.5688e+02 -1.5663e+02 -1.5592e+02 -2.1442e+02
-1.5685e+02 -1.5631e+02 -1.5159e+02 -1.4839e+02
-1.5682e+02 -1.5596e+02 -1.4785e+02 -1.3845e+02
# New trial
-1.5693e+02 -1.5709e+02 -1.6877e+02 -3.7295e+02
-1.5690e+02 -1.5682e+02 -1.5850e+02 -2.3550e+02
-1.5686e+02 -1.5634e+02 -1.5193e+02 -1.7834e+02
-1.5682e+02 -1.5594e+02 -1.4800e+02 -1.5543e+02
# New trial
-1.5691e+02 -1.5688e+02 -1.5799e+02 -2.2809e+02
-1.5690e+02 -1.5675e+02 -1.5550e+02 -1.6885e+02
-1.5688e+02 -1.5655e+02 -1.5335e+02 -1.4529e+02
-1.5685e+02 -1.5626e+02 -1.5049e+02 -1.3853e+02
# New trial
-1.5693e+02 -1.5710e+02 -1.6688e+02 -3.7993e+02
-1.5689e+02 -1.5674e+02 -1.6078e+02 -3.1866e+02
-1.5685e+02 -1.5625e+02 -1.5205e+02 -2.0720e+02
-1.5678e+02 -1.5560e+02 -1.4531e+02 -1.4786e+02
# New trial
-1.5694e+02 -1.5726e+02 -1.6723e+02 -3.3805e+02
-1.5691e+02 -1.5683e+02 -1.5672e+02 -1.7909e+02
-1.5688e+02 -1.5655e+02 -1.5349e+02 -1.4414e+02
-1.5685e+02 -1.5632e+02 -1.5110e+02 -1.3873e+02
# New trial
-1.5691e+02 -1.5694e+02 -1.5953e+02 -2.6064e+02
-1.5690e+02 -1.5681e+02 -1.5719e+02 -2.0338e+02
-1.5686e+02 -1.5641e+02 -1.5250e+02 -1.6852e+02
-1.5681e+02 -1.5587e+02 -1.4717e+02 -1.4224e+02
# New trial
-1.5693e+02 -1.5704e+02 -1.5955e+02 -2.3509e+02
-1.5691e+02 -1.5690e+02 -1.5741e+02 -1.9805e+02
-1.5688e+02 -1.5653e+02 -1.5325e+02 -1.4640e+02
-1.5682e+02 -1.5597e+02 -1.4781e+02 -1.3845e+02
# New trial
-1.5692e+02 -1.5699e+02 -1.6080e+02 -2.6148e+02
-1.5690e+02 -1.5684e+02 -1.5789e+02 -2.1890e+02
-1.5686e+02 -1.5639e+02 -1.5191e+02 -1.4596e+02
-1.5680e+02 -1.5582e+02 -1.4639e+02 -1.3845e+02
# New trial
-1.5694e+02 -1.5723e+02 -1.6805e+02 -3.6656e+02
-1.5692e+02 -1.5695e+02 -1.6006e+02 -2.5561e+02
-1.5686e+02 -1.5636e+02 -1.5312e+02 -1.9351e+02
-1.5680e+02 -1.5578e+02 -1.4761e+02 -1.7724e+02
# New trial
-1.5691e+02 -1.5692e+02 -1.6555e+02 -3.3776e+02
-1.5688e+02 -1.5663e+02 -1.5595e+02 -2.1751e+02
-1.5684e+02 -1.5619e+02 -1.5073e+02 -1.8945e+02
-1.5680e+02 -1.5574e+02 -1.4594e+02 -1.3846e+02
# New trial
-1.5690e+02 -1.5678e+02 -1.5665e+02 -2.2553e+02
-1.5688e+02 -1.5660e+02 -1.5441e+02 -1.8893e+02
-1.5684e+02 -1.5620e+02 -1.5032e+02 -1.4267e+02
-1.5678e+02 -1.5560e+02 -1.4465e+02 -1.3845e+02
# New trial
-1.5691e+02 -1.5684e+02 -1.5690e+02 -2.0503e+02
-1.5689e+02 -1.5672e+02 -1.5507e+02 -1.4938e+02
-1.5688e+02 -1.5655e+02 -1.5331e+02 -1.3932e+02
-1.5685e+02 -1.5631e+02 -1.5099e+02 -1.3845e+02
# New trial
-1.5694e+02 -1.5718e+02 -1.6528e+02 -3.2727e+02
-1.5692e+02 -1.5696e+02 -1.5823e+02 -2.3487e+02
-1.5688e+02 -1.5659e+02 -1.5389e+02 -1.5722e+02
-1.5682e+02 -1.5600e+02 -1.4824e+02 -1.3845e+02
# New trial
-1.5691e+02 -1.5685e+02 -1.5764e+02 -2.3771e+02
-1.5689e+02 -1.5669e+02 -1.5504e+02 -1.9077e+02
-1.5686e+02 -1.5640e+02 -1.5201e+02 -1.5235e+02
-1.5682e+02 -1.5597e+02 -1.4773e+02 -1.3845e+02
# New trial
-1.5689e+02 -1.5668e+02 -1.5491e+02 -1.7852e+02
-1.5688e+02 -1.5655e+02 -1.5370e+02 -1.6990e+02
-1.5683e+02 -1.5612e+02 -1.4927e+02 -1.3845e+02
-1.5677e+02 -1.5549e+02 -1.4374e+02 -1.3845e+02
# New trial
-1.5692e+02 -1.5695e+02 -1.5795e+02 -2.0328e+02
-1.5691e+02 -1.5686e+02 -1.5700e+02 -2.0484e+02
-1.5688e+02 -1.5653e+02 -1.5343e+02 -1.6227e+02
-1.5684e+02 -1.5613e+02 -1.4945e+02 -1.4425e+02
# New trial
-1.5691e+02 -1.5694e+02 -1.5984e+02 -2.4689e+02
-1.5690e+02 -1.5679e+02 -1.5833e+02 -2.4535e+02
-1.5685e+02 -1.5629e+02 -1.5175e+02 -1.6068e+02
-1.5676e+02 -1.5540e+02 -1.4314e+02 -1.3845e+02
# New trial
-1.5689e+02 -1.5674e+02 -1.5870e+02 -2.5006e+02
-1.5687e+02 -1.5647e+02 -1.5438e+02 -2.0320e+02
-1.5681e+02 -1.5590e+02 -1.4744e+02 -1.3845e+02
-1.5676e+02 -1.5540e+02 -1.4313e+02 -1.3845e+02
# New trial
-1.5694e+02 -1.5724e+02 -1.6892e+02 -3.5951e+02
-1.5690e+02 -1.5680e+02 -1.6028e+02 -2.8483e+02
-1.5683e+02 -1.5608e+02 -1.4922e+02 -1.4594e+02
-1.5677e+02 -1.5544e+02 -1.4398e+02 -1.3845e+02
# New trial
-1.5696e+02 -1.5745e+02 -1.6996e+02 -3.6577e+02
-1.5692e+02 -1.5700e+02 -1.5924e+02 -2.3497e+02
-1.5687e+02 -1.5648e+02 -1.5280e+02 -1.5925e+02
-1.5682e+02 -1.5596e+02 -1.4802e+02 -1.4490e+02
# New trial
-1.5690e+02 -1.5678e+02 -1.5576e+02 -1.9095e+02
-1.5689e+02 -1.5671e+02 -1.5519e+02 -1.9360e+02
-1.5687e+02 -1.5645e+02 -1.5246e+02 -1.5351e+02
-1.5683e+02 -1.5608e+02 -1.4885e+02 -1.3923e+02
# New trial
-1.5690e+02 -1.5680e+02 -1.6122e+02 -2.9894e+02
-1.5688e+02 -1.5662e+02 -1.5620e+02 -2.1788e+02
-1.5683e+02 -1.5611e+02 -1.4970e+02 -1.4767e+02
-1.5678e+02 -1.5561e+02 -1.4479e+02 -1.3845e+02
# New trial
-1.5692e+02 -1.5695e+02 -1.5816e+02 -2.4274e+02
-1.5691e+02 -1.5692e+02 -1.5740e+02 -2.1167e+02
-1.5690e+02 -1.5673e+02 -1.5554e+02 -2.2019e+02
-1.5687e+02 -1.5643e+02 -1.5268e+02 -2.0685e+02
# New trial
