# 10.0sig - Array shape (trial/sig/alpha): (30, 4, 4)
-1.2918e+02 -1.2885e+02 -1.2747e+02 -2.3335e+02
-1.2918e+02 -1.2881e+02 -1.2619e+02 -1.8895e+02
-1.2915e+02 -1.2853e+02 -1.2272e+02 -1.1392e+02
-1.2910e+02 -1.2801e+02 -1.1739e+02 -1.0186e+02
# New trial
-1.2923e+02 -1.2951e+02 -1.5376e+02 -5.8862e+02
-1.2918e+02 -1.2892e+02 -1.3935e+02 -3.8232e+02
-1.2908e+02 -1.2781e+02 -1.1973e+02 -1.9526e+02
-1.2897e+02 -1.2674e+02 -1.0635e+02 -9.2302e+01
# New trial
-1.2922e+02 -1.2919e+02 -1.3524e+02 -3.5180e+02
-1.2919e+02 -1.2888e+02 -1.2944e+02 -2.6297e+02
-1.2909e+02 -1.2792e+02 -1.1722e+02 -1.2517e+02
-1.2897e+02 -1.2670e+02 -1.0571e+02 -9.2305e+01
# New trial
-1.2919e+02 -1.2895e+02 -1.2903e+02 -2.5335e+02
-1.2918e+02 -1.2876e+02 -1.2742e+02 -2.1332e+02
-1.2909e+02 -1.2788e+02 -1.1724e+02 -1.2893e+02
-1.2896e+02 -1.2664e+02 -1.0627e+02 -1.0909e+02
# New trial
-1.2922e+02 -1.2924e+02 -1.4097e+02 -4.3413e+02
-1.2918e+02 -1.2885e+02 -1.2946e+02 -2.5980e+02
-1.2912e+02 -1.2823e+02 -1.2056e+02 -1.1654e+02
-1.2905e+02 -1.2746e+02 -1.1208e+02 -9.2302e+01
# New trial
-1.2919e+02 -1.2890e+02 -1.2883e+02 -2.1295e+02
-1.2916e+02 -1.2857e+02 -1.2488e+02 -2.0671e+02
-1.2907e+02 -1.2771e+02 -1.1580e+02 -1.4097e+02
-1.2896e+02 -1.2662e+02 -1.0513e+02 -9.2304e+01
# New trial
-1.2919e+02 -1.2891e+02 -1.2724e+02 -2.2407e+02
-1.2919e+02 -1.2886e+02 -1.2689e+02 -2.2373e+02
-1.2916e+02 -1.2861e+02 -1.2411e+02 -1.8873e+02
-1.2909e+02 -1.2792e+02 -1.1670e+02 -1.0810e+02
# New trial
-1.2920e+02 -1.2903e+02 -1.3425e+02 -3.2353e+02
-1.2918e+02 -1.2885e+02 -1.3099e+02 -2.9862e+02
-1.2912e+02 -1.2824e+02 -1.2160e+02 -1.6378e+02
-1.2905e+02 -1.2746e+02 -1.1243e+02 -9.7446e+01
# New trial
-1.2924e+02 -1.2957e+02 -1.5840e+02 -6.2385e+02
-1.2918e+02 -1.2885e+02 -1.3446e+02 -3.1720e+02
-1.2904e+02 -1.2744e+02 -1.1291e+02 -1.0141e+02
-1.2890e+02 -1.2600e+02 -1.0035e+02 -9.2302e+01
# New trial
-1.2921e+02 -1.2905e+02 -1.2772e+02 -1.6971e+02
-1.2920e+02 -1.2896e+02 -1.2677e+02 -1.3887e+02
-1.2917e+02 -1.2871e+02 -1.2416e+02 -1.1824e+02
-1.2914e+02 -1.2839e+02 -1.2104e+02 -9.8822e+01
# New trial
-1.2929e+02 -1.3007e+02 -1.5604e+02 -5.9810e+02
-1.2920e+02 -1.2907e+02 -1.4336e+02 -5.0307e+02
-1.2907e+02 -1.2774e+02 -1.2218e+02 -2.6488e+02
-1.2892e+02 -1.2621e+02 -1.0281e+02 -9.8613e+01
# New trial
-1.2930e+02 -1.3019e+02 -1.5616e+02 -5.5982e+02
-1.2922e+02 -1.2925e+02 -1.3213e+02 -2.3202e+02
-1.2916e+02 -1.2864e+02 -1.2395e+02 -1.2563e+02
-1.2911e+02 -1.2814e+02 -1.1864e+02 -9.3324e+01
# New trial
-1.2922e+02 -1.2927e+02 -1.3974e+02 -4.1624e+02
-1.2920e+02 -1.2901e+02 -1.3302e+02 -3.1240e+02
-1.2912e+02 -1.2818e+02 -1.2123e+02 -1.5325e+02
-1.2900e+02 -1.2695e+02 -1.0801e+02 -9.2305e+01
# New trial
-1.2922e+02 -1.2923e+02 -1.3394e+02 -3.2526e+02
-1.2919e+02 -1.2895e+02 -1.2892e+02 -2.3571e+02
-1.2911e+02 -1.2813e+02 -1.1898e+02 -1.0815e+02
-1.2903e+02 -1.2725e+02 -1.1065e+02 -1.0464e+02
# New trial
-1.2922e+02 -1.2931e+02 -1.3986e+02 -4.0834e+02
-1.2919e+02 -1.2894e+02 -1.3230e+02 -2.8959e+02
-1.2910e+02 -1.2799e+02 -1.1847e+02 -1.4256e+02
-1.2899e+02 -1.2685e+02 -1.0692e+02 -9.2312e+01
# New trial
-1.2925e+02 -1.2971e+02 -1.5935e+02 -6.1230e+02
-1.2918e+02 -1.2888e+02 -1.3487e+02 -3.0508e+02
-1.2903e+02 -1.2734e+02 -1.1418e+02 -1.4051e+02
-1.2887e+02 -1.2574e+02 -9.9422e+01 -9.2303e+01
# New trial
-1.2919e+02 -1.2902e+02 -1.5041e+02 -5.7722e+02
-1.2914e+02 -1.2847e+02 -1.2926e+02 -2.8324e+02
-1.2905e+02 -1.2754e+02 -1.1640e+02 -1.7834e+02
-1.2894e+02 -1.2644e+02 -1.0439e+02 -9.2303e+01
# New trial
-1.2918e+02 -1.2887e+02 -1.3016e+02 -3.2407e+02
-1.2914e+02 -1.2845e+02 -1.2310e+02 -1.8457e+02
-1.2906e+02 -1.2758e+02 -1.1418e+02 -1.0102e+02
-1.2895e+02 -1.2654e+02 -1.0439e+02 -9.2302e+01
# New trial
-1.2921e+02 -1.2911e+02 -1.3032e+02 -2.5758e+02
-1.2919e+02 -1.2886e+02 -1.2625e+02 -1.4653e+02
-1.2915e+02 -1.2846e+02 -1.2173e+02 -9.3737e+01
-1.2909e+02 -1.2791e+02 -1.1625e+02 -9.2303e+01
# New trial
-1.2925e+02 -1.2964e+02 -1.5018e+02 -5.1632e+02
-1.2920e+02 -1.2904e+02 -1.3094e+02 -2.8246e+02
-1.2910e+02 -1.2801e+02 -1.1787e+02 -1.1437e+02
-1.2899e+02 -1.2691e+02 -1.0763e+02 -9.2302e+01
# New trial
-1.2923e+02 -1.2933e+02 -1.3444e+02 -3.5027e+02
-1.2920e+02 -1.2900e+02 -1.2809e+02 -2.4252e+02
-1.2913e+02 -1.2830e+02 -1.2046e+02 -1.1508e+02
-1.2902e+02 -1.2716e+02 -1.0936e+02 -9.2302e+01
# New trial
-1.2918e+02 -1.2885e+02 -1.2712e+02 -2.3467e+02
-1.2916e+02 -1.2862e+02 -1.2514e+02 -2.2194e+02
-1.2908e+02 -1.2784e+02 -1.1638e+02 -1.1615e+02
-1.2898e+02 -1.2679e+02 -1.0690e+02 -9.2945e+01
# New trial
-1.2922e+02 -1.2924e+02 -1.3259e+02 -2.6208e+02
-1.2920e+02 -1.2898e+02 -1.2942e+02 -2.6924e+02
-1.2912e+02 -1.2817e+02 -1.1998e+02 -1.4927e+02
-1.2901e+02 -1.2706e+02 -1.0863e+02 -9.2302e+01
# New trial
-1.2920e+02 -1.2910e+02 -1.3705e+02 -3.4210e+02
-1.2917e+02 -1.2878e+02 -1.3446e+02 -3.3969e+02
-1.2907e+02 -1.2770e+02 -1.1881e+02 -1.8242e+02
-1.2892e+02 -1.2624e+02 -1.0315e+02 -9.5334e+01
# New trial
-1.2923e+02 -1.2937e+02 -1.4113e+02 -4.0954e+02
-1.2918e+02 -1.2891e+02 -1.3450e+02 -3.4699e+02
-1.2907e+02 -1.2770e+02 -1.1672e+02 -1.2355e+02
-1.2892e+02 -1.2618e+02 -1.0221e+02 -9.2646e+01
# New trial
-1.2928e+02 -1.3010e+02 -1.6280e+02 -6.0071e+02
-1.2919e+02 -1.2898e+02 -1.4125e+02 -4.4037e+02
-1.2899e+02 -1.2693e+02 -1.0909e+02 -9.5277e+01
-1.2879e+02 -1.2490e+02 -9.5256e+01 -9.2302e+01
# New trial
-1.2936e+02 -1.3093e+02 -1.6805e+02 -6.6240e+02
-1.2927e+02 -1.2972e+02 -1.4098e+02 -3.8420e+02
-1.2914e+02 -1.2839e+02 -1.2267e+02 -1.9190e+02
-1.2900e+02 -1.2701e+02 -1.0963e+02 -1.1368e+02
# New trial
-1.2920e+02 -1.2896e+02 -1.2721e+02 -1.7691e+02
-1.2918e+02 -1.2883e+02 -1.2602e+02 -1.8107e+02
-1.2913e+02 -1.2829e+02 -1.2026e+02 -1.0828e+02
-1.2906e+02 -1.2757e+02 -1.1332e+02 -9.2858e+01
# New trial
-1.2920e+02 -1.2909e+02 -1.3962e+02 -4.9571e+02
-1.2918e+02 -1.2884e+02 -1.3172e+02 -3.0056e+02
-1.2907e+02 -1.2776e+02 -1.1700e+02 -1.0732e+02
-1.2894e+02 -1.2642e+02 -1.0332e+02 -9.2302e+01
# New trial
-1.2920e+02 -1.2898e+02 -1.3168e+02 -3.2828e+02
-1.2917e+02 -1.2874e+02 -1.2662e+02 -2.4009e+02
-1.2911e+02 -1.2806e+02 -1.1897e+02 -1.7370e+02
-1.2899e+02 -1.2692e+02 -1.0792e+02 -1.0221e+02
# New trial
