# 10.0sig - Array shape (trial/sig/alpha): (30, 4, 4)
-1.7529e+02 -1.7458e+02 -1.7577e+02 -6.5561e+02
-1.7526e+02 -1.7428e+02 -1.7047e+02 -5.5245e+02
-1.7515e+02 -1.7314e+02 -1.5455e+02 -1.3527e+02
-1.7496e+02 -1.7128e+02 -1.3524e+02 -5.8472e+01
# New trial
-1.7543e+02 -1.7669e+02 -2.5833e+02 -1.7826e+03
-1.7530e+02 -1.7528e+02 -2.1940e+02 -1.1614e+03
-1.7496e+02 -1.7149e+02 -1.5724e+02 -5.9121e+02
-1.7450e+02 -1.6665e+02 -9.4993e+01 -4.6236e+01
# New trial
-1.7535e+02 -1.7529e+02 -1.9864e+02 -1.0361e+03
-1.7526e+02 -1.7437e+02 -1.8096e+02 -6.9023e+02
-1.7495e+02 -1.7121e+02 -1.4030e+02 -3.3012e+02
-1.7456e+02 -1.6726e+02 -1.0047e+02 -6.7767e+01
# New trial
-1.7529e+02 -1.7460e+02 -1.8247e+02 -7.2725e+02
-1.7523e+02 -1.7405e+02 -1.7486e+02 -5.4216e+02
-1.7496e+02 -1.7123e+02 -1.4128e+02 -3.6808e+02
-1.7456e+02 -1.6730e+02 -1.0354e+02 -1.7307e+02
# New trial
-1.7543e+02 -1.7637e+02 -2.2858e+02 -1.3457e+03
-1.7528e+02 -1.7461e+02 -1.8547e+02 -8.1098e+02
-1.7508e+02 -1.7250e+02 -1.5151e+02 -2.2696e+02
-1.7486e+02 -1.7021e+02 -1.2578e+02 -8.1313e+01
# New trial
-1.7525e+02 -1.7427e+02 -1.7995e+02 -6.0132e+02
-1.7515e+02 -1.7320e+02 -1.6464e+02 -4.3413e+02
-1.7485e+02 -1.7017e+02 -1.2796e+02 -8.2388e+01
-1.7444e+02 -1.6601e+02 -8.9616e+01 -4.7425e+01
# New trial
-1.7530e+02 -1.7470e+02 -1.7645e+02 -8.0313e+02
-1.7528e+02 -1.7443e+02 -1.7115e+02 -5.5899e+02
-1.7516e+02 -1.7320e+02 -1.5568e+02 -2.6917e+02
-1.7497e+02 -1.7129e+02 -1.3546e+02 -7.7234e+01
# New trial
-1.7527e+02 -1.7455e+02 -1.9045e+02 -8.2986e+02
-1.7522e+02 -1.7402e+02 -1.8272e+02 -7.2736e+02
-1.7501e+02 -1.7186e+02 -1.5060e+02 -3.5224e+02
-1.7471e+02 -1.6877e+02 -1.1299e+02 -5.8213e+01
# New trial
-1.7546e+02 -1.7714e+02 -2.9298e+02 -2.0963e+03
-1.7528e+02 -1.7480e+02 -2.0677e+02 -1.0062e+03
-1.7486e+02 -1.7032e+02 -1.3455e+02 -3.4597e+02
-1.7441e+02 -1.6579e+02 -8.9700e+01 -6.0951e+01
# New trial
-1.7529e+02 -1.7459e+02 -1.7097e+02 -4.1543e+02
-1.7524e+02 -1.7408e+02 -1.6399e+02 -2.6122e+02
-1.7513e+02 -1.7297e+02 -1.5269e+02 -2.2964e+02
-1.7501e+02 -1.7176e+02 -1.4017e+02 -9.5704e+01
# New trial
-1.7551e+02 -1.7734e+02 -2.6226e+02 -1.9590e+03
-1.7520e+02 -1.7393e+02 -2.2474e+02 -1.6793e+03
-1.7474e+02 -1.6921e+02 -1.3728e+02 -4.4559e+02
-1.7425e+02 -1.6416e+02 -7.9506e+01 -6.1688e+01
# New trial
-1.7564e+02 -1.7862e+02 -2.6439e+02 -1.7196e+03
-1.7538e+02 -1.7557e+02 -1.8946e+02 -5.4545e+02
-1.7514e+02 -1.7307e+02 -1.5628e+02 -2.6778e+02
-1.7492e+02 -1.7087e+02 -1.3184e+02 -8.1893e+01
# New trial
-1.7542e+02 -1.7627e+02 -2.3353e+02 -1.3262e+03
-1.7530e+02 -1.7493e+02 -1.9745e+02 -8.8588e+02
-1.7495e+02 -1.7125e+02 -1.4245e+02 -2.7447e+02
-1.7454e+02 -1.6707e+02 -9.8252e+01 -4.8604e+01
# New trial
-1.7538e+02 -1.7565e+02 -2.0187e+02 -9.1627e+02
-1.7528e+02 -1.7456e+02 -1.8067e+02 -5.8373e+02
-1.7498e+02 -1.7143e+02 -1.4139e+02 -3.1726e+02
-1.7463e+02 -1.6800e+02 -1.0616e+02 -5.7992e+01
# New trial
-1.7538e+02 -1.7577e+02 -2.1668e+02 -1.1462e+03
-1.7526e+02 -1.7451e+02 -1.9075e+02 -8.1871e+02
-1.7493e+02 -1.7099e+02 -1.3939e+02 -2.3647e+02
-1.7453e+02 -1.6697e+02 -9.6831e+01 -4.6348e+01
# New trial
-1.7551e+02 -1.7767e+02 -2.9192e+02 -2.0234e+03
-1.7529e+02 -1.7502e+02 -2.0829e+02 -9.6764e+02
-1.7480e+02 -1.6985e+02 -1.4247e+02 -4.8875e+02
-1.7423e+02 -1.6402e+02 -7.9280e+01 -6.9142e+01
# New trial
-1.7541e+02 -1.7656e+02 -2.8234e+02 -1.9129e+03
-1.7519e+02 -1.7380e+02 -1.8882e+02 -8.7222e+02
-1.7481e+02 -1.6983e+02 -1.3180e+02 -1.7363e+02
-1.7444e+02 -1.6605e+02 -9.0316e+01 -5.4136e+01
# New trial
-1.7540e+02 -1.7579e+02 -2.0355e+02 -1.0260e+03
-1.7524e+02 -1.7413e+02 -1.7528e+02 -6.0165e+02
-1.7491e+02 -1.7080e+02 -1.3824e+02 -3.4661e+02
-1.7457e+02 -1.6739e+02 -1.0197e+02 -9.1273e+01
# New trial
-1.7537e+02 -1.7539e+02 -1.8856e+02 -7.3591e+02
-1.7527e+02 -1.7438e+02 -1.6915e+02 -2.8576e+02
-1.7513e+02 -1.7291e+02 -1.5211e+02 -1.7665e+02
-1.7494e+02 -1.7107e+02 -1.3367e+02 -7.3515e+01
# New trial
-1.7553e+02 -1.7754e+02 -2.6300e+02 -1.6628e+03
-1.7534e+02 -1.7519e+02 -1.9078e+02 -8.2864e+02
-1.7496e+02 -1.7133e+02 -1.4110e+02 -2.2418e+02
-1.7453e+02 -1.6696e+02 -9.8765e+01 -5.3408e+01
# New trial
-1.7540e+02 -1.7575e+02 -2.0225e+02 -1.0225e+03
-1.7528e+02 -1.7450e+02 -1.7432e+02 -5.5180e+02
-1.7503e+02 -1.7195e+02 -1.4611e+02 -2.8718e+02
-1.7469e+02 -1.6855e+02 -1.1138e+02 -8.0508e+01
# New trial
-1.7527e+02 -1.7437e+02 -1.7619e+02 -5.8255e+02
-1.7520e+02 -1.7377e+02 -1.7156e+02 -5.8319e+02
-1.7493e+02 -1.7099e+02 -1.3875e+02 -3.7123e+02
-1.7454e+02 -1.6710e+02 -1.0054e+02 -1.0636e+02
# New trial
-1.7532e+02 -1.7500e+02 -1.9054e+02 -7.3182e+02
-1.7523e+02 -1.7411e+02 -1.7668e+02 -6.0024e+02
-1.7499e+02 -1.7159e+02 -1.4218e+02 -1.7679e+02
-1.7467e+02 -1.6830e+02 -1.0842e+02 -6.3550e+01
# New trial
-1.7534e+02 -1.7544e+02 -2.1384e+02 -9.9365e+02
-1.7524e+02 -1.7447e+02 -2.0373e+02 -9.6589e+02
-1.7490e+02 -1.7074e+02 -1.4056e+02 -3.0553e+02
-1.7432e+02 -1.6490e+02 -8.0522e+01 -4.6151e+01
# New trial
-1.7539e+02 -1.7609e+02 -2.3627e+02 -1.3893e+03
-1.7522e+02 -1.7422e+02 -1.9692e+02 -9.6921e+02
-1.7483e+02 -1.7000e+02 -1.3428e+02 -4.1910e+02
-1.7435e+02 -1.6515e+02 -8.6339e+01 -9.3429e+01
# New trial
-1.7556e+02 -1.7862e+02 -2.9407e+02 -1.9753e+03
-1.7525e+02 -1.7470e+02 -2.1428e+02 -1.2524e+03
-1.7462e+02 -1.6792e+02 -1.1302e+02 -9.0707e+01
-1.7392e+02 -1.6090e+02 -6.3018e+01 -4.6159e+01
# New trial
-1.7579e+02 -1.8080e+02 -3.1598e+02 -2.1667e+03
-1.7544e+02 -1.7637e+02 -2.1436e+02 -1.0642e+03
-1.7494e+02 -1.7112e+02 -1.4123e+02 -2.9638e+02
-1.7450e+02 -1.6663e+02 -9.9800e+01 -5.3696e+01
# New trial
-1.7526e+02 -1.7431e+02 -1.6925e+02 -3.6203e+02
-1.7521e+02 -1.7376e+02 -1.6419e+02 -3.6965e+02
-1.7500e+02 -1.7165e+02 -1.4029e+02 -9.1704e+01
-1.7472e+02 -1.6882e+02 -1.1291e+02 -4.7089e+01
# New trial
-1.7539e+02 -1.7610e+02 -2.5465e+02 -1.6476e+03
-1.7530e+02 -1.7493e+02 -2.0023e+02 -9.0721e+02
-1.7492e+02 -1.7096e+02 -1.4012e+02 -2.0929e+02
-1.7445e+02 -1.6617e+02 -9.1291e+01 -5.9087e+01
# New trial
-1.7531e+02 -1.7495e+02 -1.9948e+02 -9.6623e+02
-1.7523e+02 -1.7397e+02 -1.7291e+02 -6.1401e+02
-1.7498e+02 -1.7146e+02 -1.3943e+02 -1.5272e+02
-1.7463e+02 -1.6792e+02 -1.0726e+02 -5.0597e+01
# New trial
