# 1.0sig - Array shape (trial/sig/alpha): (30, 4, 4)
-1.4286e+02 -1.4109e+02 -1.3941e+02 -4.1401e+02
-1.4275e+02 -1.3990e+02 -1.1927e+02 -1.4979e+02
-1.4246e+02 -1.3703e+02 -9.1523e+01 -7.1404e+01
-1.4221e+02 -1.3452e+02 -7.9877e+01 -6.9460e+01
# New trial
-1.4289e+02 -1.4140e+02 -1.3401e+02 -2.4834e+02
-1.4280e+02 -1.4049e+02 -1.2442e+02 -1.5066e+02
-1.4256e+02 -1.3802e+02 -1.0130e+02 -7.0051e+01
-1.4240e+02 -1.3643e+02 -9.0753e+01 -1.4399e+02
# New trial
-1.4288e+02 -1.4126e+02 -1.3347e+02 -3.8559e+02
-1.4280e+02 -1.4038e+02 -1.2042e+02 -8.4392e+01
-1.4257e+02 -1.3812e+02 -9.7928e+01 -6.9869e+01
-1.4239e+02 -1.3631e+02 -8.7179e+01 -6.9638e+01
# New trial
-1.4288e+02 -1.4122e+02 -1.4406e+02 -6.3392e+02
-1.4279e+02 -1.4035e+02 -1.2452e+02 -2.2591e+02
-1.4260e+02 -1.3844e+02 -1.0102e+02 -6.9227e+01
-1.4256e+02 -1.3801e+02 -9.6778e+01 -6.9227e+01
# New trial
-1.4277e+02 -1.4021e+02 -1.4081e+02 -5.1834e+02
-1.4266e+02 -1.3904e+02 -1.1668e+02 -2.3770e+02
-1.4244e+02 -1.3687e+02 -9.0928e+01 -6.9230e+01
-1.4237e+02 -1.3608e+02 -8.5589e+01 -6.9227e+01
# New trial
-1.4291e+02 -1.4156e+02 -1.4130e+02 -5.2149e+02
-1.4284e+02 -1.4077e+02 -1.2482e+02 -2.1852e+02
-1.4263e+02 -1.3869e+02 -1.0270e+02 -6.9294e+01
-1.4244e+02 -1.3682e+02 -8.8888e+01 -6.9227e+01
# New trial
-1.4298e+02 -1.4227e+02 -1.4153e+02 -3.7538e+02
-1.4293e+02 -1.4173e+02 -1.3174e+02 -1.9892e+02
-1.4284e+02 -1.4084e+02 -1.2202e+02 -8.5939e+01
-1.4284e+02 -1.4076e+02 -1.2149e+02 -1.8494e+02
# New trial
-1.4286e+02 -1.4112e+02 -1.4393e+02 -5.4713e+02
-1.4275e+02 -1.3997e+02 -1.2301e+02 -2.2113e+02
-1.4250e+02 -1.3746e+02 -9.5029e+01 -6.9228e+01
-1.4238e+02 -1.3626e+02 -8.6376e+01 -6.9266e+01
# New trial
-1.4272e+02 -1.3983e+02 -1.3893e+02 -4.9137e+02
-1.4249e+02 -1.3752e+02 -1.1327e+02 -2.9471e+02
-1.4203e+02 -1.3282e+02 -7.8457e+01 -6.9451e+01
-1.4193e+02 -1.3177e+02 -8.2975e+01 -1.6324e+02
# New trial
-1.4285e+02 -1.4093e+02 -1.3095e+02 -3.5132e+02
-1.4273e+02 -1.3979e+02 -1.1935e+02 -2.9380e+02
-1.4245e+02 -1.3696e+02 -8.9558e+01 -6.9228e+01
-1.4228e+02 -1.3516e+02 -8.1998e+01 -6.9227e+01
# New trial
-1.4278e+02 -1.4036e+02 -1.3519e+02 -4.4372e+02
-1.4267e+02 -1.3918e+02 -1.2194e+02 -2.6708e+02
-1.4235e+02 -1.3593e+02 -8.4666e+01 -7.6293e+01
-1.4221e+02 -1.3453e+02 -8.1895e+01 -7.0199e+01
# New trial
-1.4291e+02 -1.4166e+02 -1.5608e+02 -6.0703e+02
-1.4275e+02 -1.3996e+02 -1.2082e+02 -1.8578e+02
-1.4245e+02 -1.3694e+02 -8.8472e+01 -6.9227e+01
-1.4218e+02 -1.3417e+02 -7.7272e+01 -6.9227e+01
# New trial
-1.4295e+02 -1.4207e+02 -1.5749e+02 -6.4703e+02
-1.4281e+02 -1.4061e+02 -1.2840e+02 -2.3228e+02
-1.4259e+02 -1.3838e+02 -1.0246e+02 -7.0524e+01
-1.4256e+02 -1.3797e+02 -1.0078e+02 -1.9151e+02
# New trial
-1.4286e+02 -1.4132e+02 -1.8265e+02 -9.9036e+02
-1.4271e+02 -1.3968e+02 -1.3153e+02 -3.8451e+02
-1.4236e+02 -1.3610e+02 -9.2274e+01 -1.0321e+02
-1.4221e+02 -1.3460e+02 -1.0387e+02 -3.7841e+02
# New trial
-1.4293e+02 -1.4182e+02 -1.4471e+02 -5.8163e+02
-1.4285e+02 -1.4091e+02 -1.2887e+02 -2.1858e+02
-1.4263e+02 -1.3868e+02 -1.0316e+02 -6.9253e+01
-1.4249e+02 -1.3732e+02 -9.2426e+01 -6.9227e+01
# New trial
-1.4280e+02 -1.4102e+02 -1.8054e+02 -9.4470e+02
-1.4265e+02 -1.3929e+02 -1.3784e+02 -3.9462e+02
-1.4228e+02 -1.3532e+02 -8.7490e+01 -7.0865e+01
-1.4226e+02 -1.3502e+02 -9.4967e+01 -2.2908e+02
# New trial
-1.4283e+02 -1.4082e+02 -1.3338e+02 -3.1718e+02
-1.4269e+02 -1.3944e+02 -1.1926e+02 -2.0979e+02
-1.4230e+02 -1.3554e+02 -9.0261e+01 -7.1918e+01
-1.4214e+02 -1.3388e+02 -9.8448e+01 -2.6875e+02
# New trial
-1.4287e+02 -1.4115e+02 -1.3314e+02 -2.9095e+02
-1.4277e+02 -1.4019e+02 -1.2443e+02 -2.0996e+02
-1.4251e+02 -1.3755e+02 -9.7689e+01 -7.6020e+01
-1.4245e+02 -1.3693e+02 -9.1688e+01 -7.2162e+01
# New trial
-1.4288e+02 -1.4133e+02 -1.5254e+02 -6.2594e+02
-1.4277e+02 -1.4027e+02 -1.3332e+02 -3.5291e+02
-1.4250e+02 -1.3741e+02 -9.6042e+01 -7.1679e+01
-1.4234e+02 -1.3582e+02 -8.9118e+01 -9.0960e+01
# New trial
-1.4293e+02 -1.4173e+02 -1.4522e+02 -5.4325e+02
-1.4286e+02 -1.4105e+02 -1.2775e+02 -2.4712e+02
-1.4270e+02 -1.3937e+02 -1.0885e+02 -7.8327e+01
-1.4253e+02 -1.3776e+02 -1.0005e+02 -1.4649e+02
# New trial
-1.4284e+02 -1.4104e+02 -1.5185e+02 -5.7551e+02
-1.4267e+02 -1.3924e+02 -1.1775e+02 -1.8101e+02
-1.4249e+02 -1.3734e+02 -9.6264e+01 -7.0360e+01
-1.4264e+02 -1.3878e+02 -1.0415e+02 -9.9370e+01
# New trial
-1.4290e+02 -1.4148e+02 -1.4006e+02 -5.5826e+02
-1.4283e+02 -1.4075e+02 -1.2302e+02 -1.0224e+02
-1.4266e+02 -1.3896e+02 -1.0505e+02 -6.9249e+01
-1.4248e+02 -1.3718e+02 -9.0233e+01 -6.9227e+01
# New trial
-1.4286e+02 -1.4123e+02 -1.5060e+02 -5.2671e+02
-1.4267e+02 -1.3925e+02 -1.2019e+02 -2.1778e+02
-1.4239e+02 -1.3642e+02 -9.1462e+01 -6.9318e+01
-1.4240e+02 -1.3639e+02 -8.8435e+01 -6.9232e+01
# New trial
-1.4289e+02 -1.4152e+02 -1.4706e+02 -3.6131e+02
-1.4268e+02 -1.3930e+02 -1.1936e+02 -2.1935e+02
-1.4229e+02 -1.3540e+02 -8.9334e+01 -7.3320e+01
-1.4208e+02 -1.3329e+02 -8.6668e+01 -1.3662e+02
# New trial
-1.4290e+02 -1.4192e+02 -1.7966e+02 -8.7986e+02
-1.4272e+02 -1.3986e+02 -1.3172e+02 -2.8982e+02
-1.4234e+02 -1.3588e+02 -8.7526e+01 -7.3705e+01
-1.4219e+02 -1.3437e+02 -8.3317e+01 -9.5411e+01
# New trial
-1.4292e+02 -1.4161e+02 -1.3061e+02 -1.7534e+02
-1.4281e+02 -1.4054e+02 -1.2037e+02 -9.0394e+01
-1.4258e+02 -1.3820e+02 -1.0022e+02 -6.9724e+01
-1.4250e+02 -1.3737e+02 -9.2232e+01 -6.9233e+01
# New trial
-1.4285e+02 -1.4097e+02 -1.4348e+02 -6.1829e+02
-1.4277e+02 -1.4017e+02 -1.2366e+02 -2.0221e+02
-1.4257e+02 -1.3809e+02 -9.9737e+01 -6.9764e+01
-1.4246e+02 -1.3699e+02 -9.1346e+01 -8.1547e+01
# New trial
-1.4289e+02 -1.4160e+02 -1.5549e+02 -5.4179e+02
-1.4273e+02 -1.3989e+02 -1.3143e+02 -3.6067e+02
-1.4235e+02 -1.3596e+02 -8.5808e+01 -8.5607e+01
-1.4214e+02 -1.3387e+02 -7.9105e+01 -7.3360e+01
# New trial
-1.4292e+02 -1.4161e+02 -1.3673e+02 -3.1989e+02
-1.4279e+02 -1.4035e+02 -1.2175e+02 -1.6100e+02
-1.4251e+02 -1.3759e+02 -9.7321e+01 -6.9555e+01
-1.4246e+02 -1.3699e+02 -9.4257e+01 -1.3804e+02
# New trial
-1.4284e+02 -1.4082e+02 -1.3092e+02 -4.2543e+02
-1.4277e+02 -1.4010e+02 -1.1942e+02 -1.3553e+02
-1.4257e+02 -1.3806e+02 -9.8226e+01 -7.3329e+01
-1.4239e+02 -1.3633e+02 -9.0911e+01 -1.4420e+02
# New trial
