# 1.0sig - Array shape (trial/sig/alpha): (30, 4, 4)
-1.7502e+02 -1.7215e+02 -1.7725e+02 -7.5582e+02
-1.7484e+02 -1.7017e+02 -1.4205e+02 -2.6588e+02
-1.7433e+02 -1.6502e+02 -8.5661e+01 -8.6712e+01
-1.7387e+02 -1.6038e+02 -6.2332e+01 -5.4985e+01
# New trial
-1.7500e+02 -1.7180e+02 -1.5926e+02 -4.0638e+02
-1.7485e+02 -1.7034e+02 -1.3831e+02 -8.6342e+01
-1.7447e+02 -1.6650e+02 -9.7188e+01 -5.6310e+01
-1.7429e+02 -1.6461e+02 -8.2603e+01 -5.0249e+01
# New trial
-1.7503e+02 -1.7210e+02 -1.5674e+02 -4.1420e+02
-1.7490e+02 -1.7068e+02 -1.3796e+02 -1.2372e+02
-1.7455e+02 -1.6718e+02 -1.0202e+02 -6.7315e+01
-1.7428e+02 -1.6451e+02 -8.3151e+01 -5.4243e+01
# New trial
-1.7503e+02 -1.7208e+02 -1.7007e+02 -8.8220e+02
-1.7488e+02 -1.7056e+02 -1.4257e+02 -3.2193e+02
-1.7456e+02 -1.6734e+02 -1.0707e+02 -7.0109e+01
-1.7445e+02 -1.6619e+02 -9.8113e+01 -1.7239e+02
# New trial
-1.7489e+02 -1.7097e+02 -1.8911e+02 -1.0029e+03
-1.7470e+02 -1.6884e+02 -1.3735e+02 -3.6993e+02
-1.7432e+02 -1.6497e+02 -8.9086e+01 -8.3682e+01
-1.7420e+02 -1.6369e+02 -7.9264e+01 -5.0890e+01
# New trial
-1.7506e+02 -1.7240e+02 -1.6493e+02 -8.0540e+02
-1.7495e+02 -1.7122e+02 -1.4394e+02 -2.8798e+02
-1.7463e+02 -1.6801e+02 -1.1030e+02 -7.0145e+01
-1.7441e+02 -1.6575e+02 -9.2840e+01 -1.1165e+02
# New trial
-1.7522e+02 -1.7394e+02 -1.7649e+02 -6.7966e+02
-1.7513e+02 -1.7292e+02 -1.5493e+02 -2.3852e+02
-1.7498e+02 -1.7149e+02 -1.3855e+02 -7.3576e+01
-1.7496e+02 -1.7124e+02 -1.3519e+02 -7.0854e+01
# New trial
-1.7506e+02 -1.7270e+02 -2.0108e+02 -1.0380e+03
-1.7483e+02 -1.7019e+02 -1.5021e+02 -6.0307e+02
-1.7440e+02 -1.6573e+02 -9.1896e+01 -6.3061e+01
-1.7428e+02 -1.6449e+02 -8.2614e+01 -5.4572e+01
# New trial
-1.7467e+02 -1.6925e+02 -1.7207e+02 -7.6060e+02
-1.7429e+02 -1.6514e+02 -1.2768e+02 -3.7859e+02
-1.7356e+02 -1.5756e+02 -6.1301e+01 -9.8989e+01
-1.7353e+02 -1.5708e+02 -7.2872e+01 -1.9217e+02
# New trial
-1.7502e+02 -1.7205e+02 -1.6274e+02 -6.1122e+02
-1.7481e+02 -1.6993e+02 -1.3798e+02 -3.8637e+02
-1.7432e+02 -1.6486e+02 -8.3756e+01 -6.8661e+01
-1.7402e+02 -1.6188e+02 -7.0771e+01 -5.1267e+01
# New trial
-1.7482e+02 -1.7023e+02 -1.6057e+02 -5.9456e+02
-1.7464e+02 -1.6843e+02 -1.4142e+02 -4.1851e+02
-1.7416e+02 -1.6339e+02 -8.6046e+01 -9.5745e+01
-1.7400e+02 -1.6175e+02 -1.0638e+02 -5.1720e+02
# New trial
-1.7512e+02 -1.7336e+02 -2.0741e+02 -1.1012e+03
-1.7485e+02 -1.7037e+02 -1.4648e+02 -3.8231e+02
-1.7433e+02 -1.6501e+02 -8.5516e+01 -8.1123e+01
-1.7387e+02 -1.6036e+02 -6.2611e+01 -4.8545e+01
# New trial
-1.7511e+02 -1.7311e+02 -1.9946e+02 -9.7925e+02
-1.7487e+02 -1.7053e+02 -1.4803e+02 -3.9289e+02
-1.7455e+02 -1.6726e+02 -1.0440e+02 -6.3203e+01
-1.7451e+02 -1.6678e+02 -9.7827e+01 -4.6631e+01
# New trial
-1.7498e+02 -1.7243e+02 -2.6306e+02 -1.8092e+03
-1.7468e+02 -1.6887e+02 -1.6131e+02 -6.3909e+02
-1.7409e+02 -1.6275e+02 -7.8192e+01 -7.6665e+01
-1.7391e+02 -1.6086e+02 -6.8702e+01 -9.4311e+01
# New trial
-1.7504e+02 -1.7234e+02 -1.8573e+02 -1.0149e+03
-1.7491e+02 -1.7086e+02 -1.4635e+02 -3.2309e+02
-1.7459e+02 -1.6764e+02 -1.0486e+02 -5.0374e+01
-1.7442e+02 -1.6590e+02 -9.0622e+01 -4.7808e+01
# New trial
-1.7475e+02 -1.7027e+02 -2.3736e+02 -1.6388e+03
-1.7448e+02 -1.6741e+02 -1.6013e+02 -6.2316e+02
-1.7390e+02 -1.6100e+02 -7.1668e+01 -8.5614e+01
-1.7395e+02 -1.6127e+02 -8.8958e+01 -3.6823e+02
# New trial
-1.7489e+02 -1.7076e+02 -1.5717e+02 -4.9325e+02
-1.7467e+02 -1.6856e+02 -1.3457e+02 -3.2023e+02
-1.7406e+02 -1.6247e+02 -8.4785e+01 -9.8152e+01
-1.7391e+02 -1.6086e+02 -8.8140e+01 -3.0079e+02
# New trial
-1.7504e+02 -1.7225e+02 -1.6799e+02 -5.2876e+02
-1.7486e+02 -1.7051e+02 -1.5006e+02 -3.5101e+02
-1.7441e+02 -1.6588e+02 -9.6874e+01 -8.1848e+01
-1.7433e+02 -1.6499e+02 -8.7698e+01 -6.6480e+01
# New trial
-1.7506e+02 -1.7276e+02 -2.0703e+02 -1.1236e+03
-1.7487e+02 -1.7072e+02 -1.6834e+02 -6.5515e+02
-1.7436e+02 -1.6530e+02 -8.9352e+01 -7.0581e+01
-1.7406e+02 -1.6225e+02 -7.2177e+01 -6.4768e+01
# New trial
-1.7512e+02 -1.7300e+02 -1.8065e+02 -8.7306e+02
-1.7501e+02 -1.7189e+02 -1.5448e+02 -3.6779e+02
-1.7474e+02 -1.6910e+02 -1.1850e+02 -7.8020e+01
-1.7451e+02 -1.6674e+02 -9.6588e+01 -5.5507e+01
# New trial
-1.7494e+02 -1.7157e+02 -1.9418e+02 -1.0806e+03
-1.7468e+02 -1.6873e+02 -1.3553e+02 -2.8482e+02
-1.7445e+02 -1.6632e+02 -1.0192e+02 -6.6414e+01
-1.7470e+02 -1.6861e+02 -1.1243e+02 -9.1964e+01
# New trial
-1.7506e+02 -1.7239e+02 -1.7665e+02 -8.6734e+02
-1.7493e+02 -1.7097e+02 -1.3821e+02 -1.1381e+02
-1.7464e+02 -1.6806e+02 -1.0801e+02 -5.1285e+01
-1.7442e+02 -1.6584e+02 -8.9053e+01 -4.6261e+01
# New trial
-1.7505e+02 -1.7270e+02 -2.0420e+02 -1.0307e+03
-1.7474e+02 -1.6936e+02 -1.4429e+02 -4.4822e+02
-1.7423e+02 -1.6416e+02 -8.9175e+01 -7.6919e+01
-1.7428e+02 -1.6455e+02 -8.5877e+01 -5.5994e+01
# New trial
-1.7505e+02 -1.7278e+02 -1.9154e+02 -7.2874e+02
-1.7473e+02 -1.6935e+02 -1.4507e+02 -2.9040e+02
-1.7399e+02 -1.6173e+02 -6.9516e+01 -8.5706e+01
-1.7356e+02 -1.5733e+02 -5.7294e+01 -4.7739e+01
# New trial
-1.7500e+02 -1.7280e+02 -2.5927e+02 -1.7155e+03
-1.7469e+02 -1.6912e+02 -1.5805e+02 -5.1593e+02
-1.7405e+02 -1.6231e+02 -7.9002e+01 -9.4903e+01
-1.7390e+02 -1.6072e+02 -6.9798e+01 -8.1081e+01
# New trial
-1.7512e+02 -1.7287e+02 -1.5732e+02 -2.6224e+02
-1.7493e+02 -1.7098e+02 -1.3734e+02 -1.1826e+02
-1.7453e+02 -1.6701e+02 -1.0094e+02 -7.3058e+01
-1.7445e+02 -1.6613e+02 -9.1444e+01 -5.0392e+01
# New trial
-1.7500e+02 -1.7186e+02 -1.7963e+02 -9.6149e+02
-1.7488e+02 -1.7060e+02 -1.5035e+02 -4.1644e+02
-1.7456e+02 -1.6730e+02 -1.0497e+02 -6.0550e+01
-1.7442e+02 -1.6582e+02 -9.1191e+01 -7.0126e+01
# New trial
-1.7516e+02 -1.7428e+02 -2.2382e+02 -1.2478e+03
-1.7482e+02 -1.7042e+02 -1.6191e+02 -6.1964e+02
-1.7414e+02 -1.6322e+02 -8.1393e+01 -9.4548e+01
-1.7384e+02 -1.6017e+02 -8.5322e+01 -3.4589e+02
# New trial
-1.7504e+02 -1.7226e+02 -1.6809e+02 -5.4633e+02
-1.7483e+02 -1.7014e+02 -1.4072e+02 -2.6947e+02
-1.7441e+02 -1.6587e+02 -9.7163e+01 -6.1459e+01
-1.7433e+02 -1.6493e+02 -8.5949e+01 -5.6074e+01
# New trial
-1.7498e+02 -1.7156e+02 -1.6213e+02 -6.2934e+02
-1.7487e+02 -1.7045e+02 -1.4423e+02 -3.2665e+02
-1.7451e+02 -1.6676e+02 -9.9098e+01 -8.0046e+01
-1.7420e+02 -1.6370e+02 -7.7431e+01 -4.7719e+01
# New trial
