# 10.0sig - Array shape (trial/sig/alpha): (30, 4, 4)
-1.7535e+02 -1.7518e+02 -1.7407e+02 -2.8290e+02
-1.7535e+02 -1.7509e+02 -1.7289e+02 -2.3435e+02
-1.7531e+02 -1.7477e+02 -1.6945e+02 -1.5137e+02
-1.7525e+02 -1.7417e+02 -1.6358e+02 -1.4433e+02
# New trial
-1.7538e+02 -1.7556e+02 -1.9349e+02 -6.0358e+02
-1.7533e+02 -1.7506e+02 -1.8154e+02 -3.7943e+02
-1.7522e+02 -1.7385e+02 -1.6407e+02 -2.0508e+02
-1.7508e+02 -1.7245e+02 -1.4825e+02 -1.3384e+02
# New trial
-1.7537e+02 -1.7537e+02 -1.7855e+02 -3.5830e+02
-1.7535e+02 -1.7514e+02 -1.7447e+02 -2.8197e+02
-1.7528e+02 -1.7446e+02 -1.6656e+02 -1.6191e+02
-1.7519e+02 -1.7357e+02 -1.5816e+02 -1.4200e+02
# New trial
-1.7535e+02 -1.7518e+02 -1.7463e+02 -2.8277e+02
-1.7534e+02 -1.7503e+02 -1.7300e+02 -2.6666e+02
-1.7527e+02 -1.7436e+02 -1.6569e+02 -1.6518e+02
-1.7518e+02 -1.7343e+02 -1.5713e+02 -1.6751e+02
# New trial
-1.7540e+02 -1.7567e+02 -1.8630e+02 -5.2095e+02
-1.7536e+02 -1.7528e+02 -1.7653e+02 -3.2174e+02
-1.7531e+02 -1.7473e+02 -1.6953e+02 -1.7936e+02
-1.7525e+02 -1.7415e+02 -1.6336e+02 -1.3629e+02
# New trial
-1.7534e+02 -1.7507e+02 -1.7335e+02 -2.1995e+02
-1.7532e+02 -1.7482e+02 -1.7082e+02 -2.1548e+02
-1.7524e+02 -1.7404e+02 -1.6287e+02 -1.7432e+02
-1.7512e+02 -1.7280e+02 -1.5109e+02 -1.3384e+02
# New trial
-1.7536e+02 -1.7524e+02 -1.7463e+02 -2.6760e+02
-1.7535e+02 -1.7515e+02 -1.7351e+02 -2.2634e+02
-1.7532e+02 -1.7478e+02 -1.6968e+02 -1.8329e+02
-1.7526e+02 -1.7419e+02 -1.6376e+02 -1.3917e+02
# New trial
-1.7534e+02 -1.7508e+02 -1.7647e+02 -3.4281e+02
-1.7532e+02 -1.7485e+02 -1.7392e+02 -3.0264e+02
-1.7525e+02 -1.7409e+02 -1.6395e+02 -1.7272e+02
-1.7516e+02 -1.7321e+02 -1.5439e+02 -1.3384e+02
# New trial
-1.7536e+02 -1.7533e+02 -1.9120e+02 -5.9263e+02
-1.7532e+02 -1.7484e+02 -1.7543e+02 -3.1722e+02
-1.7521e+02 -1.7374e+02 -1.6008e+02 -1.5403e+02
-1.7509e+02 -1.7258e+02 -1.4946e+02 -1.3385e+02
# New trial
-1.7536e+02 -1.7526e+02 -1.7674e+02 -3.3184e+02
-1.7534e+02 -1.7500e+02 -1.7232e+02 -2.1653e+02
-1.7529e+02 -1.7452e+02 -1.6737e+02 -2.0501e+02
-1.7523e+02 -1.7389e+02 -1.6106e+02 -1.5918e+02
# New trial
-1.7540e+02 -1.7565e+02 -1.9063e+02 -6.4224e+02
-1.7533e+02 -1.7493e+02 -1.8157e+02 -5.6362e+02
-1.7522e+02 -1.7387e+02 -1.6270e+02 -2.0740e+02
-1.7508e+02 -1.7243e+02 -1.4864e+02 -1.4022e+02
# New trial
-1.7543e+02 -1.7603e+02 -1.9642e+02 -5.6347e+02
-1.7536e+02 -1.7526e+02 -1.7580e+02 -2.6619e+02
-1.7531e+02 -1.7470e+02 -1.6908e+02 -1.7641e+02
-1.7525e+02 -1.7411e+02 -1.6301e+02 -1.3548e+02
# New trial
-1.7536e+02 -1.7525e+02 -1.8009e+02 -3.7829e+02
-1.7532e+02 -1.7490e+02 -1.7373e+02 -2.4992e+02
-1.7523e+02 -1.7395e+02 -1.6299e+02 -2.0913e+02
-1.7511e+02 -1.7269e+02 -1.5105e+02 -1.4794e+02
# New trial
-1.7537e+02 -1.7535e+02 -1.7755e+02 -3.1602e+02
-1.7534e+02 -1.7505e+02 -1.7310e+02 -2.2838e+02
-1.7526e+02 -1.7422e+02 -1.6420e+02 -1.4214e+02
-1.7516e+02 -1.7319e+02 -1.5423e+02 -1.3384e+02
# New trial
-1.7537e+02 -1.7540e+02 -1.8226e+02 -3.8739e+02
-1.7534e+02 -1.7502e+02 -1.7485e+02 -2.8735e+02
-1.7524e+02 -1.7408e+02 -1.6308e+02 -1.5834e+02
-1.7515e+02 -1.7309e+02 -1.5342e+02 -1.3384e+02
# New trial
-1.7541e+02 -1.7592e+02 -2.0064e+02 -6.2241e+02
-1.7534e+02 -1.7512e+02 -1.7869e+02 -3.4997e+02
-1.7521e+02 -1.7376e+02 -1.6185e+02 -1.9489e+02
-1.7507e+02 -1.7234e+02 -1.4814e+02 -1.5483e+02
# New trial
-1.7535e+02 -1.7523e+02 -1.8884e+02 -5.5721e+02
-1.7531e+02 -1.7474e+02 -1.7378e+02 -3.4356e+02
-1.7521e+02 -1.7378e+02 -1.6218e+02 -2.4884e+02
-1.7513e+02 -1.7292e+02 -1.5254e+02 -1.4574e+02
# New trial
-1.7536e+02 -1.7520e+02 -1.7558e+02 -2.9459e+02
-1.7532e+02 -1.7482e+02 -1.7030e+02 -1.6991e+02
-1.7523e+02 -1.7398e+02 -1.6210e+02 -1.5279e+02
-1.7512e+02 -1.7280e+02 -1.5105e+02 -1.3384e+02
# New trial
-1.7536e+02 -1.7526e+02 -1.7568e+02 -2.9084e+02
-1.7534e+02 -1.7505e+02 -1.7238e+02 -1.7967e+02
-1.7531e+02 -1.7472e+02 -1.6889e+02 -1.4314e+02
-1.7526e+02 -1.7421e+02 -1.6392e+02 -1.4346e+02
# New trial
-1.7541e+02 -1.7576e+02 -1.9085e+02 -5.1359e+02
-1.7536e+02 -1.7525e+02 -1.7716e+02 -3.3394e+02
-1.7527e+02 -1.7429e+02 -1.6507e+02 -1.5885e+02
-1.7514e+02 -1.7300e+02 -1.5287e+02 -1.3384e+02
# New trial
-1.7537e+02 -1.7536e+02 -1.7752e+02 -3.4548e+02
-1.7534e+02 -1.7507e+02 -1.7273e+02 -2.3254e+02
-1.7529e+02 -1.7455e+02 -1.6739e+02 -1.6833e+02
-1.7521e+02 -1.7371e+02 -1.5923e+02 -1.4185e+02
# New trial
-1.7533e+02 -1.7494e+02 -1.7202e+02 -2.2223e+02
-1.7530e+02 -1.7467e+02 -1.6960e+02 -2.1804e+02
-1.7521e+02 -1.7377e+02 -1.6020e+02 -1.5302e+02
-1.7509e+02 -1.7254e+02 -1.4903e+02 -1.3551e+02
# New trial
-1.7537e+02 -1.7539e+02 -1.7722e+02 -2.6987e+02
-1.7535e+02 -1.7514e+02 -1.7444e+02 -2.8209e+02
-1.7528e+02 -1.7443e+02 -1.6651e+02 -1.8899e+02
-1.7520e+02 -1.7360e+02 -1.5816e+02 -1.3388e+02
# New trial
-1.7538e+02 -1.7544e+02 -1.8167e+02 -3.6976e+02
-1.7534e+02 -1.7508e+02 -1.7809e+02 -3.5748e+02
-1.7524e+02 -1.7402e+02 -1.6484e+02 -2.4605e+02
-1.7506e+02 -1.7223e+02 -1.4710e+02 -1.3385e+02
# New trial
-1.7535e+02 -1.7520e+02 -1.8113e+02 -3.8693e+02
-1.7530e+02 -1.7465e+02 -1.7209e+02 -2.7787e+02
-1.7518e+02 -1.7345e+02 -1.5741e+02 -1.4334e+02
-1.7506e+02 -1.7221e+02 -1.4633e+02 -1.3384e+02
# New trial
-1.7541e+02 -1.7588e+02 -2.0024e+02 -6.1437e+02
-1.7533e+02 -1.7498e+02 -1.8093e+02 -4.4920e+02
-1.7519e+02 -1.7350e+02 -1.5814e+02 -1.6240e+02
-1.7502e+02 -1.7188e+02 -1.4537e+02 -1.3385e+02
# New trial
-1.7544e+02 -1.7618e+02 -2.0075e+02 -6.0541e+02
-1.7538e+02 -1.7541e+02 -1.7885e+02 -3.5024e+02
-1.7529e+02 -1.7457e+02 -1.6824e+02 -2.1618e+02
-1.7521e+02 -1.7374e+02 -1.6018e+02 -1.7332e+02
# New trial
-1.7534e+02 -1.7503e+02 -1.7239e+02 -2.4681e+02
-1.7532e+02 -1.7487e+02 -1.7097e+02 -2.4868e+02
-1.7527e+02 -1.7431e+02 -1.6503e+02 -1.5624e+02
-1.7519e+02 -1.7350e+02 -1.5724e+02 -1.3439e+02
# New trial
-1.7537e+02 -1.7535e+02 -1.8518e+02 -4.9360e+02
-1.7534e+02 -1.7510e+02 -1.7699e+02 -3.2842e+02
-1.7524e+02 -1.7403e+02 -1.6373e+02 -1.9628e+02
-1.7511e+02 -1.7272e+02 -1.5133e+02 -1.5523e+02
# New trial
-1.7537e+02 -1.7537e+02 -1.7769e+02 -3.5808e+02
-1.7535e+02 -1.7518e+02 -1.7407e+02 -2.5588e+02
-1.7531e+02 -1.7469e+02 -1.6904e+02 -2.4535e+02
-1.7522e+02 -1.7386e+02 -1.6108e+02 -1.8309e+02
# New trial
