# 1.0sig - Array shape (trial/sig/alpha): (30, 4, 4)
-1.6587e+02 -1.6351e+02 -1.5865e+02 -4.6179e+02
-1.6572e+02 -1.6192e+02 -1.3263e+02 -1.3066e+02
-1.6533e+02 -1.5807e+02 -9.3281e+01 -6.4612e+01
-1.6497e+02 -1.5447e+02 -7.6879e+01 -6.4612e+01
# New trial
-1.6592e+02 -1.6399e+02 -1.5357e+02 -2.9676e+02
-1.6581e+02 -1.6289e+02 -1.4147e+02 -1.6086e+02
-1.6547e+02 -1.5953e+02 -1.0906e+02 -6.6517e+01
-1.6525e+02 -1.5721e+02 -9.0681e+01 -6.6792e+01
# New trial
-1.6592e+02 -1.6391e+02 -1.5047e+02 -2.8898e+02
-1.6581e+02 -1.6289e+02 -1.3873e+02 -9.1613e+01
-1.6553e+02 -1.6002e+02 -1.1056e+02 -6.7306e+01
-1.6530e+02 -1.5769e+02 -9.3694e+01 -6.6527e+01
# New trial
-1.6593e+02 -1.6408e+02 -1.6045e+02 -6.0815e+02
-1.6582e+02 -1.6295e+02 -1.4396e+02 -2.5603e+02
-1.6555e+02 -1.6022e+02 -1.1411e+02 -6.6726e+01
-1.6541e+02 -1.5888e+02 -1.0918e+02 -2.2817e+02
# New trial
-1.6576e+02 -1.6252e+02 -1.6191e+02 -6.2925e+02
-1.6561e+02 -1.6090e+02 -1.3137e+02 -3.6026e+02
-1.6531e+02 -1.5788e+02 -9.5244e+01 -6.4614e+01
-1.6519e+02 -1.5659e+02 -8.6755e+01 -6.4612e+01
# New trial
-1.6595e+02 -1.6429e+02 -1.6044e+02 -5.5850e+02
-1.6585e+02 -1.6323e+02 -1.4363e+02 -2.5186e+02
-1.6557e+02 -1.6046e+02 -1.1418e+02 -6.5833e+01
-1.6534e+02 -1.5812e+02 -9.5247e+01 -6.4612e+01
# New trial
-1.6603e+02 -1.6504e+02 -1.6221e+02 -4.5499e+02
-1.6596e+02 -1.6431e+02 -1.4981e+02 -2.2615e+02
-1.6584e+02 -1.6313e+02 -1.3691e+02 -7.8874e+01
-1.6582e+02 -1.6291e+02 -1.3457e+02 -7.5170e+01
# New trial
-1.6590e+02 -1.6390e+02 -1.7356e+02 -7.1815e+02
-1.6575e+02 -1.6228e+02 -1.4074e+02 -2.4460e+02
-1.6542e+02 -1.5897e+02 -1.0550e+02 -6.8385e+01
-1.6528e+02 -1.5751e+02 -9.5378e+01 -1.0362e+02
# New trial
-1.6570e+02 -1.6200e+02 -1.5385e+02 -4.4875e+02
-1.6541e+02 -1.5900e+02 -1.1978e+02 -1.9087e+02
-1.6477e+02 -1.5262e+02 -7.8045e+01 -6.4749e+01
-1.6455e+02 -1.5032e+02 -7.2712e+01 -6.9090e+01
# New trial
-1.6586e+02 -1.6344e+02 -1.5320e+02 -5.2762e+02
-1.6572e+02 -1.6197e+02 -1.3782e+02 -3.9850e+02
-1.6534e+02 -1.5811e+02 -9.6248e+01 -6.4649e+01
-1.6504e+02 -1.5513e+02 -8.1800e+01 -6.4622e+01
# New trial
-1.6576e+02 -1.6241e+02 -1.4949e+02 -5.0145e+02
-1.6560e+02 -1.6086e+02 -1.3324e+02 -3.5173e+02
-1.6519e+02 -1.5670e+02 -9.2251e+01 -8.8318e+01
-1.6497e+02 -1.5451e+02 -1.0791e+02 -4.1398e+02
# New trial
-1.6591e+02 -1.6411e+02 -1.7952e+02 -7.4779e+02
-1.6572e+02 -1.6198e+02 -1.3470e+02 -1.8017e+02
-1.6534e+02 -1.5810e+02 -9.4889e+01 -6.4614e+01
-1.6497e+02 -1.5440e+02 -7.7370e+01 -6.4612e+01
# New trial
-1.6595e+02 -1.6436e+02 -1.7350e+02 -7.2162e+02
-1.6577e+02 -1.6249e+02 -1.4027e+02 -2.8878e+02
-1.6551e+02 -1.5985e+02 -1.1133e+02 -6.9368e+01
-1.6546e+02 -1.5934e+02 -1.1189e+02 -2.4868e+02
# New trial
-1.6594e+02 -1.6470e+02 -2.2167e+02 -1.3045e+03
-1.6570e+02 -1.6199e+02 -1.5386e+02 -4.3403e+02
-1.6519e+02 -1.5666e+02 -9.0219e+01 -6.4766e+01
-1.6490e+02 -1.5381e+02 -7.6604e+01 -6.4612e+01
# New trial
-1.6596e+02 -1.6445e+02 -1.7200e+02 -7.9646e+02
-1.6585e+02 -1.6325e+02 -1.4666e+02 -2.9413e+02
-1.6557e+02 -1.6041e+02 -1.1403e+02 -6.4664e+01
-1.6537e+02 -1.5845e+02 -9.7297e+01 -6.4612e+01
# New trial
-1.6576e+02 -1.6311e+02 -2.1436e+02 -1.2271e+03
-1.6551e+02 -1.6045e+02 -1.5397e+02 -4.7927e+02
-1.6497e+02 -1.5473e+02 -8.4279e+01 -6.5034e+01
-1.6491e+02 -1.5396e+02 -9.2890e+01 -2.2562e+02
# New trial
-1.6584e+02 -1.6322e+02 -1.5350e+02 -4.0066e+02
-1.6566e+02 -1.6140e+02 -1.3490e+02 -2.8980e+02
-1.6513e+02 -1.5607e+02 -8.6768e+01 -6.4612e+01
-1.6485e+02 -1.5331e+02 -7.7359e+01 -9.3204e+01
# New trial
-1.6588e+02 -1.6361e+02 -1.5406e+02 -3.3510e+02
-1.6574e+02 -1.6223e+02 -1.4056e+02 -2.0367e+02
-1.6539e+02 -1.5863e+02 -1.0153e+02 -6.8040e+01
-1.6530e+02 -1.5780e+02 -9.8843e+01 -1.5076e+02
# New trial
-1.6587e+02 -1.6363e+02 -1.8057e+02 -8.6786e+02
-1.6573e+02 -1.6220e+02 -1.5088e+02 -4.6348e+02
-1.6536e+02 -1.5835e+02 -9.6838e+01 -6.4612e+01
-1.6508e+02 -1.5558e+02 -8.2442e+01 -6.4612e+01
# New trial
-1.6597e+02 -1.6451e+02 -1.6692e+02 -6.1993e+02
-1.6588e+02 -1.6353e+02 -1.4670e+02 -2.5766e+02
-1.6565e+02 -1.6122e+02 -1.1958e+02 -7.3761e+01
-1.6543e+02 -1.5902e+02 -1.0424e+02 -1.2906e+02
# New trial
-1.6584e+02 -1.6335e+02 -1.7408e+02 -7.3695e+02
-1.6563e+02 -1.6121e+02 -1.3337e+02 -1.8136e+02
-1.6539e+02 -1.5871e+02 -1.0624e+02 -6.5153e+01
-1.6555e+02 -1.6026e+02 -1.1510e+02 -1.6066e+02
# New trial
-1.6594e+02 -1.6417e+02 -1.6445e+02 -6.7217e+02
-1.6583e+02 -1.6306e+02 -1.3927e+02 -8.9017e+01
-1.6560e+02 -1.6071e+02 -1.1715e+02 -6.9332e+01
-1.6537e+02 -1.5846e+02 -1.0217e+02 -1.5292e+02
# New trial
-1.6588e+02 -1.6385e+02 -1.7807e+02 -7.1401e+02
-1.6562e+02 -1.6106e+02 -1.3284e+02 -2.7952e+02
-1.6524e+02 -1.5717e+02 -9.3422e+01 -6.6067e+01
-1.6527e+02 -1.5744e+02 -9.7344e+01 -1.8079e+02
# New trial
-1.6581e+02 -1.6314e+02 -1.6192e+02 -4.4762e+02
-1.6559e+02 -1.6080e+02 -1.3464e+02 -2.8025e+02
-1.6505e+02 -1.5533e+02 -8.2899e+01 -6.4613e+01
-1.6471e+02 -1.5188e+02 -7.3119e+01 -6.4612e+01
# New trial
-1.6594e+02 -1.6489e+02 -2.2470e+02 -1.2350e+03
-1.6569e+02 -1.6194e+02 -1.5239e+02 -3.3821e+02
-1.6515e+02 -1.5637e+02 -9.2139e+01 -6.8330e+01
-1.6490e+02 -1.5376e+02 -7.8882e+01 -6.5539e+01
# New trial
-1.6595e+02 -1.6426e+02 -1.4980e+02 -1.7612e+02
-1.6581e+02 -1.6286e+02 -1.3690e+02 -1.3394e+02
-1.6550e+02 -1.5975e+02 -1.1165e+02 -6.6911e+01
-1.6536e+02 -1.5833e+02 -9.6787e+01 -6.6274e+01
# New trial
-1.6584e+02 -1.6325e+02 -1.6581e+02 -7.0970e+02
-1.6573e+02 -1.6215e+02 -1.3973e+02 -3.1131e+02
-1.6547e+02 -1.5948e+02 -1.0885e+02 -6.6144e+01
-1.6531e+02 -1.5786e+02 -1.0005e+02 -1.7373e+02
# New trial
-1.6586e+02 -1.6372e+02 -1.7788e+02 -7.2213e+02
-1.6565e+02 -1.6150e+02 -1.4114e+02 -4.1622e+02
-1.6519e+02 -1.5669e+02 -9.0960e+01 -9.1377e+01
-1.6493e+02 -1.5410e+02 -1.0208e+02 -3.5507e+02
# New trial
-1.6591e+02 -1.6391e+02 -1.5392e+02 -3.9123e+02
-1.6576e+02 -1.6235e+02 -1.3512e+02 -1.3902e+02
-1.6541e+02 -1.5883e+02 -1.0366e+02 -6.4650e+01
-1.6530e+02 -1.5769e+02 -9.2887e+01 -6.4613e+01
# New trial
-1.6585e+02 -1.6330e+02 -1.5426e+02 -5.3367e+02
-1.6575e+02 -1.6224e+02 -1.3622e+02 -1.6589e+02
-1.6546e+02 -1.5939e+02 -1.0512e+02 -6.5673e+01
-1.6523e+02 -1.5706e+02 -8.9008e+01 -6.4612e+01
# New trial
