# 10.0sig - Array shape (trial/sig/alpha): (30L, 4L, 4L)
-6.9230e+01 -6.9262e+01 -7.0197e+01 -1.0055e+02
-6.9229e+01 -6.9249e+01 -6.9830e+01 -9.0387e+01
-6.9223e+01 -6.9191e+01 -6.8983e+01 -7.5678e+01
-6.9215e+01 -6.9106e+01 -6.8040e+01 -6.4635e+01
# New trial
-6.9228e+01 -6.9290e+01 -7.3875e+01 -1.4602e+02
-6.9223e+01 -6.9232e+01 -7.1594e+01 -1.1183e+02
-6.9212e+01 -6.9089e+01 -6.8545e+01 -8.1300e+01
-6.9203e+01 -6.8993e+01 -6.6980e+01 -6.4612e+01
# New trial
-6.9233e+01 -6.9306e+01 -7.1894e+01 -1.2280e+02
-6.9230e+01 -6.9265e+01 -7.0845e+01 -1.0389e+02
-6.9213e+01 -6.9095e+01 -6.8264e+01 -7.7102e+01
-6.9196e+01 -6.8917e+01 -6.6308e+01 -6.4612e+01
# New trial
-6.9219e+01 -6.9156e+01 -6.9499e+01 -9.4451e+01
-6.9217e+01 -6.9133e+01 -6.9171e+01 -8.5597e+01
-6.9204e+01 -6.8999e+01 -6.7435e+01 -7.3519e+01
-6.9187e+01 -6.8834e+01 -6.5703e+01 -6.4612e+01
# New trial
-6.9243e+01 -6.9415e+01 -7.3738e+01 -1.4286e+02
-6.9238e+01 -6.9349e+01 -7.1594e+01 -1.1186e+02
-6.9228e+01 -6.9239e+01 -6.9631e+01 -8.6991e+01
-6.9222e+01 -6.9184e+01 -6.8804e+01 -6.5646e+01
# New trial
-6.9226e+01 -6.9227e+01 -7.0236e+01 -9.9909e+01
-6.9222e+01 -6.9181e+01 -6.9393e+01 -8.6908e+01
-6.9209e+01 -6.9056e+01 -6.7789e+01 -7.4115e+01
-6.9184e+01 -6.8800e+01 -6.5470e+01 -6.4612e+01
# New trial
-6.9216e+01 -6.9117e+01 -6.8690e+01 -9.2190e+01
-6.9213e+01 -6.9087e+01 -6.8052e+01 -7.6813e+01
-6.9208e+01 -6.9036e+01 -6.7397e+01 -6.4613e+01
-6.9207e+01 -6.9024e+01 -6.7243e+01 -6.4612e+01
# New trial
-6.9226e+01 -6.9232e+01 -7.1032e+01 -1.0554e+02
-6.9222e+01 -6.9197e+01 -7.0266e+01 -9.9335e+01
-6.9212e+01 -6.9089e+01 -6.8393e+01 -7.6029e+01
-6.9201e+01 -6.8970e+01 -6.6779e+01 -6.4612e+01
# New trial
-6.9236e+01 -6.9368e+01 -7.5263e+01 -1.5943e+02
-6.9229e+01 -6.9281e+01 -7.2091e+01 -1.1707e+02
-6.9209e+01 -6.9055e+01 -6.8031e+01 -7.8339e+01
-6.9176e+01 -6.8724e+01 -6.5102e+01 -6.4612e+01
# New trial
-6.9219e+01 -6.9148e+01 -6.8669e+01 -7.7030e+01
-6.9216e+01 -6.9119e+01 -6.8266e+01 -6.9639e+01
-6.9210e+01 -6.9060e+01 -6.7670e+01 -7.0082e+01
-6.9210e+01 -6.9057e+01 -6.7577e+01 -6.4670e+01
# New trial
-6.9235e+01 -6.9346e+01 -7.3983e+01 -1.4596e+02
-6.9219e+01 -6.9165e+01 -7.0904e+01 -1.2153e+02
-6.9195e+01 -6.8915e+01 -6.7615e+01 -8.0448e+01
-6.9172e+01 -6.8684e+01 -6.5013e+01 -6.4612e+01
# New trial
-6.9238e+01 -6.9375e+01 -7.4342e+01 -1.4506e+02
-6.9229e+01 -6.9258e+01 -7.0305e+01 -9.2065e+01
-6.9222e+01 -6.9180e+01 -6.8927e+01 -7.6517e+01
-6.9205e+01 -6.9014e+01 -6.7200e+01 -6.4877e+01
# New trial
-6.9223e+01 -6.9218e+01 -7.2203e+01 -1.2185e+02
-6.9218e+01 -6.9160e+01 -6.9949e+01 -9.4289e+01
-6.9207e+01 -6.9030e+01 -6.7627e+01 -7.0930e+01
-6.9187e+01 -6.8834e+01 -6.5685e+01 -6.4612e+01
# New trial
-6.9223e+01 -6.9207e+01 -7.0640e+01 -1.0267e+02
-6.9218e+01 -6.9145e+01 -6.9364e+01 -8.7326e+01
-6.9202e+01 -6.8983e+01 -6.7068e+01 -6.4612e+01
-6.9189e+01 -6.8850e+01 -6.5795e+01 -6.4612e+01
# New trial
-6.9224e+01 -6.9226e+01 -7.1731e+01 -1.1450e+02
-6.9219e+01 -6.9168e+01 -7.0321e+01 -9.9911e+01
-6.9206e+01 -6.9019e+01 -6.7564e+01 -7.0606e+01
-6.9194e+01 -6.8901e+01 -6.6181e+01 -6.4612e+01
# New trial
-6.9226e+01 -6.9277e+01 -7.4547e+01 -1.5147e+02
-6.9220e+01 -6.9193e+01 -7.0923e+01 -1.0544e+02
-6.9202e+01 -6.8997e+01 -6.8176e+01 -8.1322e+01
-6.9180e+01 -6.8761e+01 -6.5447e+01 -6.4612e+01
# New trial
-6.9222e+01 -6.9221e+01 -7.4324e+01 -1.5006e+02
-6.9214e+01 -6.9120e+01 -7.0201e+01 -1.0188e+02
-6.9202e+01 -6.8982e+01 -6.7961e+01 -8.8723e+01
-6.9192e+01 -6.8876e+01 -6.6045e+01 -6.4612e+01
# New trial
-6.9225e+01 -6.9223e+01 -7.0795e+01 -1.0897e+02
-6.9218e+01 -6.9146e+01 -6.9360e+01 -9.2378e+01
-6.9205e+01 -6.9012e+01 -6.7828e+01 -7.9767e+01
-6.9190e+01 -6.8863e+01 -6.5905e+01 -6.4612e+01
# New trial
-6.9232e+01 -6.9288e+01 -7.0950e+01 -1.0869e+02
-6.9229e+01 -6.9246e+01 -6.9690e+01 -8.4872e+01
-6.9223e+01 -6.9186e+01 -6.8878e+01 -7.0951e+01
-6.9216e+01 -6.9118e+01 -6.8151e+01 -6.4620e+01
# New trial
-6.9231e+01 -6.9304e+01 -7.3646e+01 -1.3920e+02
-6.9222e+01 -6.9189e+01 -6.9812e+01 -9.4023e+01
-6.9204e+01 -6.8999e+01 -6.7459e+01 -7.5708e+01
-6.9188e+01 -6.8836e+01 -6.5735e+01 -6.4612e+01
# New trial
-6.9232e+01 -6.9295e+01 -7.1593e+01 -1.1883e+02
-6.9226e+01 -6.9226e+01 -6.9646e+01 -9.3141e+01
-6.9213e+01 -6.9093e+01 -6.8041e+01 -7.1377e+01
-6.9199e+01 -6.8947e+01 -6.6579e+01 -6.4612e+01
# New trial
-6.9234e+01 -6.9301e+01 -7.0779e+01 -1.0457e+02
-6.9237e+01 -6.9335e+01 -7.1306e+01 -1.0833e+02
-6.9231e+01 -6.9269e+01 -7.0284e+01 -1.0270e+02
-6.9216e+01 -6.9123e+01 -6.8294e+01 -7.1643e+01
# New trial
-6.9230e+01 -6.9267e+01 -7.0844e+01 -1.0162e+02
-6.9227e+01 -6.9236e+01 -7.0322e+01 -9.6981e+01
-6.9214e+01 -6.9104e+01 -6.8453e+01 -8.3215e+01
-6.9190e+01 -6.8863e+01 -6.5954e+01 -6.4612e+01
# New trial
-6.9222e+01 -6.9212e+01 -7.1353e+01 -1.0751e+02
-6.9220e+01 -6.9184e+01 -7.0918e+01 -1.0566e+02
-6.9206e+01 -6.9034e+01 -6.7966e+01 -7.2169e+01
-6.9188e+01 -6.8844e+01 -6.5784e+01 -6.4612e+01
# New trial
-6.9239e+01 -6.9391e+01 -7.3938e+01 -1.4129e+02
-6.9234e+01 -6.9328e+01 -7.2283e+01 -1.2210e+02
-6.9216e+01 -6.9128e+01 -6.8991e+01 -9.2051e+01
-6.9182e+01 -6.8785e+01 -6.5480e+01 -6.4612e+01
# New trial
-6.9249e+01 -6.9545e+01 -7.7146e+01 -1.6788e+02
-6.9236e+01 -6.9363e+01 -7.3726e+01 -1.4434e+02
-6.9204e+01 -6.9009e+01 -6.7909e+01 -8.1019e+01
-6.9157e+01 -6.8537e+01 -6.4705e+01 -6.4612e+01
# New trial
-6.9246e+01 -6.9506e+01 -7.6871e+01 -1.6827e+02
-6.9228e+01 -6.9259e+01 -7.1473e+01 -1.1390e+02
-6.9200e+01 -6.8963e+01 -6.7108e+01 -6.6791e+01
-6.9166e+01 -6.8624e+01 -6.4820e+01 -6.4612e+01
# New trial
-6.9225e+01 -6.9216e+01 -6.9485e+01 -8.8456e+01
-6.9223e+01 -6.9196e+01 -6.9342e+01 -8.9653e+01
-6.9213e+01 -6.9095e+01 -6.8096e+01 -7.1098e+01
-6.9191e+01 -6.8871e+01 -6.5966e+01 -6.4612e+01
# New trial
-6.9237e+01 -6.9358e+01 -7.4339e+01 -1.4907e+02
-6.9232e+01 -6.9306e+01 -7.1795e+01 -1.1642e+02
-6.9219e+01 -6.9157e+01 -6.9115e+01 -9.2208e+01
-6.9211e+01 -6.9068e+01 -6.7687e+01 -6.4899e+01
# New trial
-6.9218e+01 -6.9146e+01 -7.0120e+01 -1.0497e+02
-6.9213e+01 -6.9091e+01 -6.8792e+01 -8.6795e+01
-6.9200e+01 -6.8964e+01 -6.6877e+01 -6.4623e+01
-6.9186e+01 -6.8822e+01 -6.5598e+01 -6.4612e+01
# New trial
