# 1.0sig - Array shape (trial/sig/alpha): (30, 4, 4)
-1.5208e+02 -1.5027e+02 -1.4720e+02 -4.2719e+02
-1.5196e+02 -1.4902e+02 -1.2856e+02 -1.8261e+02
-1.5165e+02 -1.4584e+02 -1.0036e+02 -7.9098e+01
-1.5136e+02 -1.4303e+02 -1.0165e+02 -3.0753e+02
# New trial
-1.5212e+02 -1.5056e+02 -1.4261e+02 -2.5515e+02
-1.5203e+02 -1.4970e+02 -1.3318e+02 -1.5660e+02
-1.5176e+02 -1.4696e+02 -1.0692e+02 -7.0126e+01
-1.5156e+02 -1.4492e+02 -9.3814e+01 -1.3205e+02
# New trial
-1.5209e+02 -1.5022e+02 -1.3925e+02 -3.9506e+02
-1.5200e+02 -1.4932e+02 -1.2703e+02 -8.8997e+01
-1.5175e+02 -1.4689e+02 -1.0471e+02 -7.0301e+01
-1.5155e+02 -1.4490e+02 -9.3543e+01 -1.2943e+02
# New trial
-1.5211e+02 -1.5046e+02 -1.4964e+02 -6.6248e+02
-1.5201e+02 -1.4952e+02 -1.3343e+02 -2.2230e+02
-1.5180e+02 -1.4733e+02 -1.0837e+02 -6.9287e+01
-1.5174e+02 -1.4669e+02 -1.0093e+02 -6.9227e+01
# New trial
-1.5198e+02 -1.4936e+02 -1.5331e+02 -5.8727e+02
-1.5186e+02 -1.4805e+02 -1.2757e+02 -3.2623e+02
-1.5163e+02 -1.4572e+02 -1.0030e+02 -7.0689e+01
-1.5152e+02 -1.4460e+02 -8.9125e+01 -6.9228e+01
# New trial
-1.5213e+02 -1.5073e+02 -1.5213e+02 -5.2578e+02
-1.5205e+02 -1.4981e+02 -1.3343e+02 -2.2377e+02
-1.5181e+02 -1.4745e+02 -1.0776e+02 -6.9272e+01
-1.5160e+02 -1.4535e+02 -9.1885e+01 -6.9227e+01
# New trial
-1.5221e+02 -1.5144e+02 -1.4919e+02 -3.6508e+02
-1.5215e+02 -1.5086e+02 -1.3920e+02 -1.5026e+02
-1.5206e+02 -1.4994e+02 -1.3023e+02 -1.0363e+02
-1.5205e+02 -1.4979e+02 -1.2919e+02 -2.1553e+02
# New trial
-1.5210e+02 -1.5054e+02 -1.6029e+02 -6.2385e+02
-1.5197e+02 -1.4914e+02 -1.3397e+02 -3.7832e+02
-1.5169e+02 -1.4626e+02 -9.9869e+01 -6.9234e+01
-1.5154e+02 -1.4478e+02 -8.8290e+01 -6.9227e+01
# New trial
-1.5192e+02 -1.4880e+02 -1.4251e+02 -4.2899e+02
-1.5168e+02 -1.4627e+02 -1.1432e+02 -2.8872e+02
-1.5115e+02 -1.4097e+02 -7.6094e+01 -6.9227e+01
-1.5102e+02 -1.3964e+02 -7.6980e+01 -8.1961e+01
# New trial
-1.5206e+02 -1.4998e+02 -1.3692e+02 -2.8319e+02
-1.5194e+02 -1.4872e+02 -1.2467e+02 -2.6329e+02
-1.5163e+02 -1.4568e+02 -9.5066e+01 -6.9256e+01
-1.5142e+02 -1.4356e+02 -8.4793e+01 -7.1673e+01
# New trial
-1.5201e+02 -1.4959e+02 -1.4489e+02 -4.3073e+02
-1.5189e+02 -1.4834e+02 -1.3465e+02 -3.7046e+02
-1.5152e+02 -1.4461e+02 -9.2453e+01 -9.2455e+01
-1.5132e+02 -1.4261e+02 -8.9117e+01 -1.6831e+02
# New trial
-1.5209e+02 -1.5040e+02 -1.5983e+02 -6.2710e+02
-1.5193e+02 -1.4865e+02 -1.2222e+02 -1.2299e+02
-1.5162e+02 -1.4550e+02 -9.3206e+01 -6.9470e+01
-1.5131e+02 -1.4252e+02 -9.5362e+01 -2.5494e+02
# New trial
-1.5214e+02 -1.5088e+02 -1.5600e+02 -5.5075e+02
-1.5199e+02 -1.4931e+02 -1.3105e+02 -2.3515e+02
-1.5176e+02 -1.4696e+02 -1.0669e+02 -7.4705e+01
-1.5171e+02 -1.4645e+02 -1.0297e+02 -1.6988e+02
# New trial
-1.5208e+02 -1.5065e+02 -2.0055e+02 -1.0452e+03
-1.5189e+02 -1.4839e+02 -1.4040e+02 -4.3287e+02
-1.5148e+02 -1.4420e+02 -8.9171e+01 -7.0037e+01
-1.5130e+02 -1.4236e+02 -8.5918e+01 -1.2017e+02
# New trial
-1.5215e+02 -1.5095e+02 -1.5386e+02 -5.7901e+02
-1.5206e+02 -1.4999e+02 -1.3717e+02 -2.4326e+02
-1.5182e+02 -1.4753e+02 -1.0898e+02 -7.5446e+01
-1.5166e+02 -1.4593e+02 -9.9768e+01 -1.7473e+02
# New trial
-1.5198e+02 -1.4976e+02 -1.9089e+02 -1.0336e+03
-1.5181e+02 -1.4788e+02 -1.4476e+02 -4.2086e+02
-1.5139e+02 -1.4341e+02 -9.1511e+01 -7.0642e+01
-1.5135e+02 -1.4290e+02 -9.2575e+01 -2.2041e+02
# New trial
-1.5203e+02 -1.4977e+02 -1.4004e+02 -3.0814e+02
-1.5188e+02 -1.4824e+02 -1.2746e+02 -2.5932e+02
-1.5146e+02 -1.4402e+02 -9.2970e+01 -6.9930e+01
-1.5126e+02 -1.4206e+02 -9.4510e+01 -2.2559e+02
# New trial
-1.5208e+02 -1.5019e+02 -1.4053e+02 -2.8776e+02
-1.5197e+02 -1.4906e+02 -1.2950e+02 -1.4913e+02
-1.5168e+02 -1.4617e+02 -1.0060e+02 -7.3349e+01
-1.5162e+02 -1.4558e+02 -9.5945e+01 -7.9093e+01
# New trial
-1.5208e+02 -1.5029e+02 -1.5891e+02 -7.3558e+02
-1.5197e+02 -1.4915e+02 -1.3848e+02 -3.8610e+02
-1.5167e+02 -1.4602e+02 -9.9695e+01 -6.9602e+01
-1.5147e+02 -1.4405e+02 -8.7549e+01 -7.6313e+01
# New trial
-1.5213e+02 -1.5073e+02 -1.5204e+02 -6.1069e+02
-1.5206e+02 -1.4997e+02 -1.3320e+02 -1.9024e+02
-1.5188e+02 -1.4813e+02 -1.1273e+02 -7.0338e+01
-1.5169e+02 -1.4621e+02 -9.7662e+01 -6.9784e+01
# New trial
-1.5206e+02 -1.5024e+02 -1.6487e+02 -6.3853e+02
-1.5188e+02 -1.4827e+02 -1.2633e+02 -1.6100e+02
-1.5167e+02 -1.4610e+02 -1.0435e+02 -7.0521e+01
-1.5181e+02 -1.4745e+02 -1.1231e+02 -1.5903e+02
# New trial
-1.5210e+02 -1.5036e+02 -1.4449e+02 -5.3567e+02
-1.5203e+02 -1.4960e+02 -1.2807e+02 -9.5370e+01
-1.5183e+02 -1.4763e+02 -1.0923e+02 -7.0144e+01
-1.5162e+02 -1.4557e+02 -9.2210e+01 -6.9229e+01
# New trial
-1.5208e+02 -1.5032e+02 -1.5922e+02 -5.9163e+02
-1.5187e+02 -1.4817e+02 -1.2478e+02 -2.3120e+02
-1.5156e+02 -1.4503e+02 -9.6313e+01 -6.9851e+01
-1.5153e+02 -1.4472e+02 -1.0084e+02 -2.4372e+02
# New trial
-1.5201e+02 -1.4965e+02 -1.4806e+02 -3.6529e+02
-1.5182e+02 -1.4765e+02 -1.2233e+02 -1.4776e+02
-1.5139e+02 -1.4334e+02 -8.6652e+01 -6.9466e+01
-1.5113e+02 -1.4079e+02 -9.5958e+01 -2.6915e+02
# New trial
-1.5204e+02 -1.5030e+02 -1.9417e+02 -1.0169e+03
-1.5184e+02 -1.4794e+02 -1.3146e+02 -2.5078e+02
-1.5145e+02 -1.4394e+02 -8.6281e+01 -6.9230e+01
-1.5132e+02 -1.4260e+02 -8.1602e+01 -8.5172e+01
# New trial
-1.5214e+02 -1.5069e+02 -1.3841e+02 -1.7043e+02
-1.5202e+02 -1.4949e+02 -1.2679e+02 -9.2949e+01
-1.5175e+02 -1.4684e+02 -1.0299e+02 -6.9229e+01
-1.5165e+02 -1.4584e+02 -9.4594e+01 -6.9229e+01
# New trial
-1.5204e+02 -1.4986e+02 -1.5115e+02 -5.8914e+02
-1.5195e+02 -1.4894e+02 -1.2919e+02 -2.4846e+02
-1.5173e+02 -1.4667e+02 -1.0221e+02 -6.9243e+01
-1.5161e+02 -1.4545e+02 -9.3089e+01 -6.9249e+01
# New trial
-1.5205e+02 -1.5018e+02 -1.6595e+02 -7.5863e+02
-1.5189e+02 -1.4842e+02 -1.3566e+02 -3.7612e+02
-1.5150e+02 -1.4436e+02 -8.7927e+01 -7.9851e+01
-1.5124e+02 -1.4178e+02 -7.9814e+01 -8.5059e+01
# New trial
-1.5213e+02 -1.5068e+02 -1.4586e+02 -3.5146e+02
-1.5200e+02 -1.4935e+02 -1.3131e+02 -2.2402e+02
-1.5170e+02 -1.4636e+02 -1.0471e+02 -6.9886e+01
-1.5159e+02 -1.4526e+02 -9.2367e+01 -6.9872e+01
# New trial
-1.5207e+02 -1.5010e+02 -1.4532e+02 -4.8159e+02
-1.5198e+02 -1.4922e+02 -1.2985e+02 -2.1782e+02
-1.5175e+02 -1.4684e+02 -1.0375e+02 -7.5755e+01
-1.5156e+02 -1.4494e+02 -9.0880e+01 -6.9379e+01
# New trial
