# 10.0sig - Array shape (trial/sig/alpha): (30L, 4L, 4L)
-7.8448e+01 -7.8412e+01 -8.4571e+01 -3.1447e+02
-7.8431e+01 -7.8235e+01 -7.9961e+01 -1.9757e+02
-7.8387e+01 -7.7769e+01 -7.2679e+01 -1.0242e+02
-7.8334e+01 -7.7230e+01 -6.6575e+01 -5.0119e+01
# New trial
-7.8437e+01 -7.8811e+01 -1.1710e+02 -6.7514e+02
-7.8404e+01 -7.8350e+01 -1.0054e+02 -4.5743e+02
-7.8356e+01 -7.7522e+01 -7.4888e+01 -2.1480e+02
-7.8244e+01 -7.6336e+01 -5.8760e+01 -5.5814e+01
# New trial
-7.8430e+01 -7.8339e+01 -9.5362e+01 -4.2135e+02
-7.8418e+01 -7.8170e+01 -8.6729e+01 -3.2076e+02
-7.8314e+01 -7.7054e+01 -6.7892e+01 -1.6131e+02
-7.8197e+01 -7.5865e+01 -5.5118e+01 -5.4341e+01
# New trial
-7.8398e+01 -7.7952e+01 -8.2722e+01 -3.1005e+02
-7.8398e+01 -7.7959e+01 -8.2286e+01 -2.6480e+02
-7.8324e+01 -7.7156e+01 -6.8794e+01 -1.1566e+02
-7.8219e+01 -7.6084e+01 -5.7114e+01 -5.1821e+01
# New trial
-7.8462e+01 -7.8788e+01 -1.0695e+02 -5.9168e+02
-7.8427e+01 -7.8271e+01 -8.5607e+01 -3.1030e+02
-7.8387e+01 -7.7792e+01 -7.4020e+01 -1.0225e+02
-7.8328e+01 -7.7171e+01 -6.6145e+01 -4.7898e+01
# New trial
-7.8381e+01 -7.7857e+01 -8.5899e+01 -3.1265e+02
-7.8367e+01 -7.7641e+01 -7.7554e+01 -2.0431e+02
-7.8287e+01 -7.6784e+01 -6.4231e+01 -7.1302e+01
-7.8161e+01 -7.5509e+01 -5.2477e+01 -4.7047e+01
# New trial
-7.8439e+01 -7.8295e+01 -8.0863e+01 -3.1029e+02
-7.8432e+01 -7.8229e+01 -7.9468e+01 -2.4689e+02
-7.8400e+01 -7.7894e+01 -7.4325e+01 -1.7961e+02
-7.8366e+01 -7.7552e+01 -6.9711e+01 -7.6038e+01
# New trial
-7.8398e+01 -7.8030e+01 -9.0179e+01 -3.6600e+02
-7.8381e+01 -7.7839e+01 -8.5400e+01 -3.1310e+02
-7.8345e+01 -7.7386e+01 -7.1460e+01 -1.3872e+02
-7.8289e+01 -7.6783e+01 -6.2659e+01 -5.3993e+01
# New trial
-7.8561e+01 -8.0056e+01 -1.3927e+02 -8.9951e+02
-7.8498e+01 -7.9149e+01 -1.0709e+02 -5.2057e+02
-7.8335e+01 -7.7289e+01 -7.3082e+01 -2.3525e+02
-7.8202e+01 -7.5920e+01 -5.6860e+01 -8.3177e+01
# New trial
-7.8413e+01 -7.8037e+01 -7.7162e+01 -2.4885e+02
-7.8397e+01 -7.7863e+01 -7.3623e+01 -1.2203e+02
-7.8369e+01 -7.7584e+01 -7.0077e+01 -5.9724e+01
-7.8360e+01 -7.7488e+01 -6.8952e+01 -4.8803e+01
# New trial
-7.8502e+01 -7.9287e+01 -1.1743e+02 -7.1544e+02
-7.8381e+01 -7.7857e+01 -9.4279e+01 -5.2183e+02
-7.8221e+01 -7.6175e+01 -6.8756e+01 -2.4557e+02
-7.8127e+01 -7.5174e+01 -5.1538e+01 -6.4024e+01
# New trial
-7.8526e+01 -7.9466e+01 -1.1840e+02 -7.0364e+02
-7.8451e+01 -7.8492e+01 -8.6671e+01 -2.7214e+02
-7.8383e+01 -7.7743e+01 -7.3003e+01 -1.1751e+02
-7.8315e+01 -7.7038e+01 -6.4825e+01 -4.8835e+01
# New trial
-7.8437e+01 -7.8556e+01 -1.0570e+02 -5.6158e+02
-7.8419e+01 -7.8270e+01 -9.0496e+01 -3.4658e+02
-7.8363e+01 -7.7564e+01 -7.3923e+01 -1.9126e+02
-7.8249e+01 -7.6383e+01 -5.9760e+01 -6.0955e+01
# New trial
-7.8455e+01 -7.8588e+01 -9.4899e+01 -4.3041e+02
-7.8425e+01 -7.8245e+01 -8.6383e+01 -3.0100e+02
-7.8334e+01 -7.7256e+01 -6.9902e+01 -1.4741e+02
-7.8244e+01 -7.6334e+01 -5.8600e+01 -5.7274e+01
# New trial
-7.8484e+01 -7.8979e+01 -1.0584e+02 -5.2693e+02
-7.8443e+01 -7.8490e+01 -9.4292e+01 -3.8034e+02
-7.8324e+01 -7.7177e+01 -6.9622e+01 -1.0153e+02
-7.8221e+01 -7.6110e+01 -5.6771e+01 -4.9774e+01
# New trial
-7.8512e+01 -7.9526e+01 -1.2718e+02 -7.9639e+02
-7.8451e+01 -7.8695e+01 -9.8129e+01 -4.1949e+02
-7.8304e+01 -7.7047e+01 -7.1005e+01 -1.6693e+02
-7.8131e+01 -7.5225e+01 -5.1418e+01 -4.7222e+01
# New trial
-7.8394e+01 -7.8150e+01 -1.1714e+02 -7.3225e+02
-7.8352e+01 -7.7574e+01 -8.4775e+01 -3.2366e+02
-7.8285e+01 -7.6799e+01 -6.8423e+01 -1.9158e+02
-7.8200e+01 -7.5906e+01 -5.6556e+01 -6.0414e+01
# New trial
-7.8493e+01 -7.8972e+01 -1.0013e+02 -4.9710e+02
-7.8434e+01 -7.8322e+01 -8.6280e+01 -3.5094e+02
-7.8335e+01 -7.7276e+01 -7.0886e+01 -1.6246e+02
-7.8282e+01 -7.6714e+01 -6.2380e+01 -5.2580e+01
# New trial
-7.8454e+01 -7.8495e+01 -8.7944e+01 -3.5816e+02
-7.8424e+01 -7.8155e+01 -7.8003e+01 -1.7222e+02
-7.8387e+01 -7.7766e+01 -7.2185e+01 -7.6242e+01
-7.8339e+01 -7.7280e+01 -6.6990e+01 -4.7483e+01
# New trial
-7.8511e+01 -7.9329e+01 -1.1932e+02 -6.9577e+02
-7.8450e+01 -7.8559e+01 -9.4694e+01 -4.3924e+02
-7.8304e+01 -7.6982e+01 -6.9757e+01 -1.7439e+02
-7.8150e+01 -7.5397e+01 -5.2625e+01 -6.9923e+01
# New trial
-7.8491e+01 -7.8944e+01 -1.0161e+02 -4.8559e+02
-7.8435e+01 -7.8275e+01 -8.0260e+01 -2.0696e+02
-7.8339e+01 -7.7290e+01 -6.9105e+01 -1.7532e+02
-7.8254e+01 -7.6435e+01 -6.0711e+01 -9.7547e+01
# New trial
-7.8394e+01 -7.7883e+01 -8.0294e+01 -2.4245e+02
-7.8406e+01 -7.8015e+01 -8.2443e+01 -2.8071e+02
-7.8341e+01 -7.7332e+01 -7.1111e+01 -1.6378e+02
-7.8221e+01 -7.6108e+01 -5.7999e+01 -5.3670e+01
# New trial
-7.8468e+01 -7.8716e+01 -9.3767e+01 -3.6023e+02
-7.8428e+01 -7.8288e+01 -8.6832e+01 -2.9467e+02
-7.8339e+01 -7.7311e+01 -7.0044e+01 -1.0683e+02
-7.8267e+01 -7.6567e+01 -6.0964e+01 -5.4706e+01
# New trial
-7.8426e+01 -7.8408e+01 -9.8253e+01 -4.4393e+02
-7.8396e+01 -7.8095e+01 -9.1151e+01 -3.6581e+02
-7.8329e+01 -7.7267e+01 -7.2292e+01 -1.6496e+02
-7.8178e+01 -7.5688e+01 -5.4706e+01 -6.5847e+01
# New trial
-7.8518e+01 -7.9443e+01 -1.1650e+02 -6.6218e+02
-7.8458e+01 -7.8710e+01 -9.8575e+01 -4.8245e+02
-7.8320e+01 -7.7130e+01 -6.9625e+01 -2.0399e+02
-7.8196e+01 -7.5858e+01 -5.5997e+01 -8.2046e+01
# New trial
-7.8603e+01 -8.0746e+01 -1.4080e+02 -8.6605e+02
-7.8510e+01 -7.9420e+01 -1.1266e+02 -6.0849e+02
-7.8255e+01 -7.6523e+01 -6.7981e+01 -1.9266e+02
-7.8027e+01 -7.4179e+01 -4.7753e+01 -5.8865e+01
# New trial
-7.8661e+01 -8.1342e+01 -1.4983e+02 -9.7050e+02
-7.8509e+01 -7.9233e+01 -1.0327e+02 -4.9078e+02
-7.8285e+01 -7.6796e+01 -6.9756e+01 -2.3379e+02
-7.8152e+01 -7.5427e+01 -5.4165e+01 -7.7820e+01
# New trial
-7.8420e+01 -7.8132e+01 -7.9302e+01 -2.0897e+02
-7.8397e+01 -7.7899e+01 -7.6904e+01 -1.9740e+02
-7.8333e+01 -7.7237e+01 -6.8242e+01 -9.0706e+01
-7.8254e+01 -7.6434e+01 -5.9565e+01 -5.4676e+01
# New trial
-7.8459e+01 -7.8695e+01 -1.0677e+02 -6.4464e+02
-7.8448e+01 -7.8549e+01 -9.3321e+01 -3.9773e+02
-7.8343e+01 -7.7396e+01 -7.2731e+01 -1.6063e+02
-7.8211e+01 -7.6023e+01 -5.7645e+01 -7.7126e+01
# New trial
-7.8392e+01 -7.7895e+01 -8.6745e+01 -3.7791e+02
-7.8366e+01 -7.7623e+01 -7.9627e+01 -2.7263e+02
-7.8296e+01 -7.6877e+01 -6.7024e+01 -1.7457e+02
-7.8195e+01 -7.5844e+01 -5.5805e+01 -7.9058e+01
# New trial
