# 10.0sig - Array shape (trial/sig/alpha): (30, 4, 4)
-1.6611e+02 -1.6585e+02 -1.6453e+02 -3.0790e+02
-1.6611e+02 -1.6584e+02 -1.6410e+02 -2.8376e+02
-1.6609e+02 -1.6557e+02 -1.6067e+02 -1.6125e+02
-1.6602e+02 -1.6493e+02 -1.5424e+02 -1.2932e+02
# New trial
-1.6615e+02 -1.6635e+02 -1.8627e+02 -6.1228e+02
-1.6609e+02 -1.6568e+02 -1.7343e+02 -4.2656e+02
-1.6596e+02 -1.6429e+02 -1.5179e+02 -1.7871e+02
-1.6581e+02 -1.6278e+02 -1.3504e+02 -1.1999e+02
# New trial
-1.6613e+02 -1.6599e+02 -1.6812e+02 -3.7921e+02
-1.6610e+02 -1.6571e+02 -1.6355e+02 -2.6944e+02
-1.6601e+02 -1.6482e+02 -1.5398e+02 -2.2305e+02
-1.6589e+02 -1.6365e+02 -1.4281e+02 -1.4840e+02
# New trial
-1.6612e+02 -1.6593e+02 -1.6553e+02 -2.7248e+02
-1.6610e+02 -1.6574e+02 -1.6396e+02 -2.6096e+02
-1.6601e+02 -1.6479e+02 -1.5330e+02 -1.5908e+02
-1.6588e+02 -1.6350e+02 -1.4116e+02 -1.2324e+02
# New trial
-1.6615e+02 -1.6625e+02 -1.7590e+02 -5.1173e+02
-1.6611e+02 -1.6581e+02 -1.6571e+02 -3.2889e+02
-1.6604e+02 -1.6513e+02 -1.5705e+02 -1.8749e+02
-1.6596e+02 -1.6435e+02 -1.4869e+02 -1.2018e+02
# New trial
-1.6611e+02 -1.6583e+02 -1.6435e+02 -2.2921e+02
-1.6608e+02 -1.6550e+02 -1.6098e+02 -2.1957e+02
-1.6598e+02 -1.6455e+02 -1.5105e+02 -1.3830e+02
-1.6584e+02 -1.6311e+02 -1.3763e+02 -1.1999e+02
# New trial
-1.6614e+02 -1.6606e+02 -1.6652e+02 -3.2358e+02
-1.6613e+02 -1.6596e+02 -1.6526e+02 -2.7295e+02
-1.6608e+02 -1.6552e+02 -1.6043e+02 -1.9083e+02
-1.6601e+02 -1.6475e+02 -1.5248e+02 -1.2501e+02
# New trial
-1.6610e+02 -1.6577e+02 -1.6668e+02 -3.4095e+02
-1.6608e+02 -1.6553e+02 -1.6341e+02 -3.0243e+02
-1.6600e+02 -1.6472e+02 -1.5327e+02 -1.3536e+02
-1.6590e+02 -1.6374e+02 -1.4336e+02 -1.2306e+02
# New trial
-1.6618e+02 -1.6664e+02 -1.9568e+02 -7.1599e+02
-1.6611e+02 -1.6591e+02 -1.7129e+02 -4.0442e+02
-1.6599e+02 -1.6462e+02 -1.5317e+02 -2.5090e+02
-1.6585e+02 -1.6326e+02 -1.4041e+02 -1.5097e+02
# New trial
-1.6612e+02 -1.6588e+02 -1.6468e+02 -2.8618e+02
-1.6610e+02 -1.6566e+02 -1.6155e+02 -1.7161e+02
-1.6605e+02 -1.6521e+02 -1.5703e+02 -1.3700e+02
-1.6599e+02 -1.6457e+02 -1.5074e+02 -1.2461e+02
# New trial
-1.6615e+02 -1.6629e+02 -1.8086e+02 -6.0614e+02
-1.6608e+02 -1.6551e+02 -1.6459e+02 -3.7752e+02
-1.6596e+02 -1.6434e+02 -1.5262e+02 -3.1231e+02
-1.6580e+02 -1.6269e+02 -1.3511e+02 -1.2253e+02
# New trial
-1.6622e+02 -1.6708e+02 -1.9503e+02 -6.3770e+02
-1.6614e+02 -1.6610e+02 -1.6750e+02 -2.6503e+02
-1.6609e+02 -1.6556e+02 -1.6080e+02 -1.7942e+02
-1.6601e+02 -1.6484e+02 -1.5332e+02 -1.2959e+02
# New trial
-1.6612e+02 -1.6601e+02 -1.7534e+02 -4.4177e+02
-1.6608e+02 -1.6558e+02 -1.6541e+02 -3.1459e+02
-1.6599e+02 -1.6457e+02 -1.5174e+02 -1.4932e+02
-1.6585e+02 -1.6316e+02 -1.3826e+02 -1.2000e+02
# New trial
-1.6616e+02 -1.6635e+02 -1.7146e+02 -3.5947e+02
-1.6613e+02 -1.6604e+02 -1.6694e+02 -2.5781e+02
-1.6604e+02 -1.6509e+02 -1.5639e+02 -1.6731e+02
-1.6592e+02 -1.6393e+02 -1.4589e+02 -1.8663e+02
# New trial
-1.6613e+02 -1.6603e+02 -1.7265e+02 -4.1749e+02
-1.6609e+02 -1.6561e+02 -1.6460e+02 -2.9457e+02
-1.6599e+02 -1.6460e+02 -1.5142e+02 -1.2985e+02
-1.6588e+02 -1.6355e+02 -1.4131e+02 -1.1999e+02
# New trial
-1.6618e+02 -1.6669e+02 -1.9473e+02 -7.0812e+02
-1.6612e+02 -1.6600e+02 -1.7199e+02 -3.8930e+02
-1.6598e+02 -1.6450e+02 -1.5553e+02 -2.7429e+02
-1.6579e+02 -1.6260e+02 -1.3475e+02 -1.3475e+02
# New trial
-1.6612e+02 -1.6601e+02 -1.8342e+02 -6.2305e+02
-1.6607e+02 -1.6541e+02 -1.6442e+02 -3.5441e+02
-1.6596e+02 -1.6436e+02 -1.5306e+02 -2.5704e+02
-1.6587e+02 -1.6337e+02 -1.4056e+02 -1.3488e+02
# New trial
-1.6613e+02 -1.6598e+02 -1.6794e+02 -3.7884e+02
-1.6608e+02 -1.6553e+02 -1.6227e+02 -2.9974e+02
-1.6598e+02 -1.6449e+02 -1.5168e+02 -1.8158e+02
-1.6583e+02 -1.6302e+02 -1.3694e+02 -1.2009e+02
# New trial
-1.6613e+02 -1.6597e+02 -1.6628e+02 -2.9870e+02
-1.6610e+02 -1.6572e+02 -1.6216e+02 -1.5551e+02
-1.6606e+02 -1.6530e+02 -1.5781e+02 -1.2101e+02
-1.6599e+02 -1.6464e+02 -1.5128e+02 -1.1999e+02
# New trial
-1.6619e+02 -1.6673e+02 -1.8630e+02 -5.7677e+02
-1.6614e+02 -1.6609e+02 -1.6870e+02 -3.4636e+02
-1.6603e+02 -1.6505e+02 -1.5603e+02 -1.8605e+02
-1.6590e+02 -1.6375e+02 -1.4351e+02 -1.2876e+02
# New trial
-1.6615e+02 -1.6620e+02 -1.6995e+02 -3.5876e+02
-1.6611e+02 -1.6577e+02 -1.6308e+02 -2.3847e+02
-1.6603e+02 -1.6504e+02 -1.5551e+02 -1.5909e+02
-1.6592e+02 -1.6394e+02 -1.4479e+02 -1.1999e+02
# New trial
-1.6611e+02 -1.6577e+02 -1.6368e+02 -2.7145e+02
-1.6608e+02 -1.6551e+02 -1.6107e+02 -2.3969e+02
-1.6599e+02 -1.6465e+02 -1.5244e+02 -2.1191e+02
-1.6587e+02 -1.6345e+02 -1.4165e+02 -1.7081e+02
# New trial
-1.6614e+02 -1.6612e+02 -1.6818e+02 -2.7791e+02
-1.6611e+02 -1.6581e+02 -1.6469e+02 -2.9195e+02
-1.6602e+02 -1.6493e+02 -1.5518e+02 -1.9918e+02
-1.6591e+02 -1.6383e+02 -1.4444e+02 -1.4858e+02
# New trial
-1.6614e+02 -1.6613e+02 -1.7298e+02 -3.9248e+02
-1.6610e+02 -1.6574e+02 -1.6934e+02 -3.5517e+02
-1.6597e+02 -1.6443e+02 -1.5107e+02 -1.3077e+02
-1.6577e+02 -1.6242e+02 -1.3217e+02 -1.1999e+02
# New trial
-1.6613e+02 -1.6612e+02 -1.7590e+02 -4.6512e+02
-1.6608e+02 -1.6554e+02 -1.6559e+02 -3.4424e+02
-1.6596e+02 -1.6429e+02 -1.4992e+02 -1.7910e+02
-1.6582e+02 -1.6296e+02 -1.3822e+02 -1.6359e+02
# New trial
-1.6619e+02 -1.6683e+02 -1.9624e+02 -6.6895e+02
-1.6610e+02 -1.6577e+02 -1.7287e+02 -4.8721e+02
-1.6592e+02 -1.6387e+02 -1.4648e+02 -1.9769e+02
-1.6569e+02 -1.6166e+02 -1.2863e+02 -1.2236e+02
# New trial
-1.6625e+02 -1.6735e+02 -1.9812e+02 -6.7477e+02
-1.6615e+02 -1.6620e+02 -1.7071e+02 -3.7481e+02
-1.6603e+02 -1.6499e+02 -1.5580e+02 -1.9749e+02
-1.6590e+02 -1.6372e+02 -1.4502e+02 -2.1135e+02
# New trial
-1.6611e+02 -1.6585e+02 -1.6363e+02 -2.2562e+02
-1.6610e+02 -1.6573e+02 -1.6260e+02 -2.2973e+02
-1.6605e+02 -1.6516e+02 -1.5666e+02 -1.4872e+02
-1.6596e+02 -1.6432e+02 -1.4847e+02 -1.2103e+02
# New trial
-1.6612e+02 -1.6592e+02 -1.7707e+02 -5.4406e+02
-1.6609e+02 -1.6561e+02 -1.6534e+02 -3.2214e+02
-1.6597e+02 -1.6440e+02 -1.5041e+02 -1.3467e+02
-1.6583e+02 -1.6298e+02 -1.3669e+02 -1.2034e+02
# New trial
-1.6614e+02 -1.6611e+02 -1.6989e+02 -3.8734e+02
-1.6612e+02 -1.6587e+02 -1.6460e+02 -2.6666e+02
-1.6605e+02 -1.6523e+02 -1.5810e+02 -2.8249e+02
-1.6595e+02 -1.6419e+02 -1.4874e+02 -2.3030e+02
# New trial
