# 10.0sig - Array shape (trial/sig/alpha): (30L, 4L, 4L)
-8.3049e+01 -8.2876e+01 -8.6292e+01 -2.5871e+02
-8.3037e+01 -8.2748e+01 -8.3835e+01 -2.2631e+02
-8.3001e+01 -8.2372e+01 -7.7027e+01 -1.0355e+02
-8.2949e+01 -8.1841e+01 -7.1134e+01 -5.5514e+01
# New trial
-8.3111e+01 -8.3831e+01 -1.1878e+02 -6.6175e+02
-8.3085e+01 -8.3492e+01 -1.0323e+02 -4.2800e+02
-8.2991e+01 -8.2362e+01 -8.3585e+01 -2.6255e+02
-8.2848e+01 -8.0849e+01 -6.2706e+01 -5.0766e+01
# New trial
-8.3047e+01 -8.2892e+01 -9.3069e+01 -3.7285e+02
-8.3019e+01 -8.2609e+01 -8.6755e+01 -2.6158e+02
-8.2921e+01 -8.1587e+01 -7.1256e+01 -1.1444e+02
-8.2801e+01 -8.0369e+01 -5.8863e+01 -5.0766e+01
# New trial
-8.3039e+01 -8.2787e+01 -8.7264e+01 -2.9558e+02
-8.3021e+01 -8.2615e+01 -8.4580e+01 -2.2668e+02
-8.2932e+01 -8.1695e+01 -7.1478e+01 -6.8509e+01
-8.2830e+01 -8.0655e+01 -6.1330e+01 -5.0773e+01
# New trial
-8.3112e+01 -8.3629e+01 -1.0582e+02 -4.9084e+02
-8.3077e+01 -8.3190e+01 -9.0950e+01 -3.1062e+02
-8.3017e+01 -8.2545e+01 -7.9518e+01 -1.2593e+02
-8.2944e+01 -8.1796e+01 -7.0824e+01 -5.8904e+01
# New trial
-8.3060e+01 -8.3035e+01 -9.0304e+01 -2.8048e+02
-8.3029e+01 -8.2697e+01 -8.4919e+01 -2.2243e+02
-8.2938e+01 -8.1760e+01 -7.3644e+01 -1.2697e+02
-8.2813e+01 -8.0487e+01 -6.0559e+01 -6.5513e+01
# New trial
-8.3044e+01 -8.2812e+01 -8.3782e+01 -2.6540e+02
-8.3038e+01 -8.2748e+01 -8.2140e+01 -2.1034e+02
-8.3012e+01 -8.2478e+01 -7.8115e+01 -1.2634e+02
-8.2978e+01 -8.2129e+01 -7.3915e+01 -7.3066e+01
# New trial
-8.3045e+01 -8.2900e+01 -9.2967e+01 -3.4288e+02
-8.3026e+01 -8.2707e+01 -8.8714e+01 -2.9859e+02
-8.2967e+01 -8.2057e+01 -7.5259e+01 -7.9336e+01
-8.2891e+01 -8.1269e+01 -6.6167e+01 -5.2151e+01
# New trial
-8.3125e+01 -8.3980e+01 -1.2650e+02 -7.1108e+02
-8.3081e+01 -8.3367e+01 -1.0330e+02 -4.1780e+02
-8.2951e+01 -8.1914e+01 -7.6705e+01 -2.0681e+02
-8.2804e+01 -8.0408e+01 -6.0623e+01 -5.7425e+01
# New trial
-8.3035e+01 -8.2708e+01 -8.0204e+01 -1.4627e+02
-8.3022e+01 -8.2573e+01 -7.8468e+01 -9.0891e+01
-8.2990e+01 -8.2252e+01 -7.5089e+01 -5.9819e+01
-8.2974e+01 -8.2090e+01 -7.3409e+01 -5.3665e+01
# New trial
-8.3128e+01 -8.3957e+01 -1.1761e+02 -6.0899e+02
-8.3016e+01 -8.2644e+01 -9.3706e+01 -3.4355e+02
-8.2864e+01 -8.1044e+01 -7.4606e+01 -2.3797e+02
-8.2744e+01 -7.9806e+01 -5.5939e+01 -5.0766e+01
# New trial
-8.3126e+01 -8.3873e+01 -1.1588e+02 -5.9542e+02
-8.3058e+01 -8.2999e+01 -8.8203e+01 -2.4088e+02
-8.2998e+01 -8.2352e+01 -7.7232e+01 -7.9198e+01
-8.2929e+01 -8.1643e+01 -6.9214e+01 -5.0766e+01
# New trial
-8.3110e+01 -8.3629e+01 -1.0550e+02 -5.0542e+02
-8.3085e+01 -8.3317e+01 -9.4007e+01 -2.9578e+02
-8.2988e+01 -8.2256e+01 -7.7459e+01 -1.4105e+02
-8.2865e+01 -8.1003e+01 -6.4284e+01 -5.5582e+01
# New trial
-8.3091e+01 -8.3369e+01 -9.7538e+01 -3.7036e+02
-8.3060e+01 -8.3022e+01 -9.0048e+01 -2.6777e+02
-8.2960e+01 -8.1966e+01 -7.3989e+01 -9.8849e+01
-8.2851e+01 -8.0864e+01 -6.2387e+01 -5.0766e+01
# New trial
-8.3087e+01 -8.3396e+01 -1.0265e+02 -4.2545e+02
-8.3051e+01 -8.2985e+01 -9.3348e+01 -3.2437e+02
-8.2950e+01 -8.1886e+01 -7.4498e+01 -1.1909e+02
-8.2832e+01 -8.0674e+01 -6.0958e+01 -5.0766e+01
# New trial
-8.3142e+01 -8.4252e+01 -1.2958e+02 -7.0957e+02
-8.3070e+01 -8.3296e+01 -1.0022e+02 -3.8811e+02
-8.2914e+01 -8.1587e+01 -7.5247e+01 -1.6559e+02
-8.2744e+01 -7.9814e+01 -5.5798e+01 -5.0766e+01
# New trial
-8.3052e+01 -8.3077e+01 -1.0716e+02 -5.5551e+02
-8.3012e+01 -8.2632e+01 -9.1980e+01 -3.2844e+02
-8.2919e+01 -8.1628e+01 -7.7776e+01 -2.1404e+02
-8.2811e+01 -8.0483e+01 -6.0532e+01 -5.0768e+01
# New trial
-8.3114e+01 -8.3581e+01 -9.9709e+01 -4.2469e+02
-8.3065e+01 -8.3051e+01 -8.8460e+01 -2.6926e+02
-8.2974e+01 -8.2109e+01 -7.5623e+01 -1.2536e+02
-8.2929e+01 -8.1641e+01 -6.9924e+01 -8.7291e+01
# New trial
-8.3078e+01 -8.3192e+01 -9.2083e+01 -3.1714e+02
-8.3050e+01 -8.2873e+01 -8.3250e+01 -1.6740e+02
-8.3008e+01 -8.2434e+01 -7.7297e+01 -9.5401e+01
-8.2955e+01 -8.1905e+01 -7.1722e+01 -5.2445e+01
# New trial
-8.3092e+01 -8.3474e+01 -1.1369e+02 -5.9549e+02
-8.3043e+01 -8.2864e+01 -9.0250e+01 -3.3804e+02
-8.2926e+01 -8.1638e+01 -7.1782e+01 -7.5633e+01
-8.2786e+01 -8.0216e+01 -5.8364e+01 -5.0771e+01
# New trial
-8.3074e+01 -8.3175e+01 -9.6517e+01 -3.9143e+02
-8.3026e+01 -8.2639e+01 -8.1770e+01 -2.0654e+02
-8.2942e+01 -8.1780e+01 -7.1436e+01 -7.4145e+01
-8.2860e+01 -8.0957e+01 -6.3665e+01 -6.1510e+01
# New trial
-8.3046e+01 -8.2849e+01 -8.5254e+01 -2.1879e+02
-8.3033e+01 -8.2732e+01 -8.5575e+01 -2.3606e+02
-8.2953e+01 -8.1912e+01 -7.5480e+01 -1.7491e+02
-8.2834e+01 -8.0695e+01 -6.2637e+01 -7.6559e+01
# New trial
-8.3044e+01 -8.2864e+01 -8.9713e+01 -2.8066e+02
-8.3017e+01 -8.2590e+01 -8.5415e+01 -2.4119e+02
-8.2943e+01 -8.1808e+01 -7.3327e+01 -8.9661e+01
-8.2855e+01 -8.0911e+01 -6.2914e+01 -5.0767e+01
# New trial
-8.3066e+01 -8.3226e+01 -1.0015e+02 -3.8135e+02
-8.3041e+01 -8.2964e+01 -9.5966e+01 -3.4426e+02
-8.2948e+01 -8.1912e+01 -7.7260e+01 -1.5107e+02
-8.2777e+01 -8.0138e+01 -5.7394e+01 -5.0766e+01
# New trial
-8.3120e+01 -8.3828e+01 -1.1331e+02 -5.6279e+02
-8.3062e+01 -8.3161e+01 -9.9179e+01 -4.0400e+02
-8.2934e+01 -8.1739e+01 -7.4542e+01 -1.5749e+02
-8.2806e+01 -8.0422e+01 -5.9530e+01 -5.0766e+01
# New trial
-8.3152e+01 -8.4394e+01 -1.2891e+02 -7.2325e+02
-8.3087e+01 -8.3509e+01 -1.0864e+02 -5.4439e+02
-8.2876e+01 -8.1171e+01 -7.0215e+01 -1.0977e+02
-8.2629e+01 -7.8662e+01 -5.1972e+01 -5.0766e+01
# New trial
-8.3191e+01 -8.4874e+01 -1.3750e+02 -7.7017e+02
-8.3069e+01 -8.3215e+01 -9.8195e+01 -3.7579e+02
-8.2890e+01 -8.1295e+01 -7.0219e+01 -1.0597e+02
-8.2741e+01 -7.9778e+01 -5.6805e+01 -5.0766e+01
# New trial
-8.3023e+01 -8.2603e+01 -8.1451e+01 -1.9138e+02
-8.3003e+01 -8.2413e+01 -8.0143e+01 -1.9513e+02
-8.2941e+01 -8.1777e+01 -7.2040e+01 -1.0318e+02
-8.2851e+01 -8.0864e+01 -6.2563e+01 -5.0767e+01
# New trial
-8.3072e+01 -8.3271e+01 -1.0929e+02 -5.5173e+02
-8.3057e+01 -8.3080e+01 -9.5910e+01 -3.6159e+02
-8.2960e+01 -8.2027e+01 -7.7565e+01 -1.8178e+02
-8.2817e+01 -8.0532e+01 -6.0437e+01 -5.3240e+01
# New trial
-8.3020e+01 -8.2614e+01 -9.0963e+01 -3.5738e+02
-8.2992e+01 -8.2316e+01 -8.1795e+01 -2.2250e+02
-8.2915e+01 -8.1518e+01 -7.0200e+01 -1.1620e+02
-8.2807e+01 -8.0429e+01 -5.9915e+01 -5.4359e+01
# New trial
