# 10.0sig - Array shape (trial/sig/alpha): (30, 4, 4)
-1.6609e+02 -1.6565e+02 -1.6460e+02 -3.7694e+02
-1.6608e+02 -1.6549e+02 -1.6158e+02 -2.9026e+02
-1.6602e+02 -1.6487e+02 -1.5407e+02 -1.3578e+02
-1.6591e+02 -1.6379e+02 -1.4336e+02 -1.3942e+02
# New trial
-1.6619e+02 -1.6694e+02 -2.1294e+02 -1.0599e+03
-1.6608e+02 -1.6582e+02 -1.8747e+02 -6.8005e+02
-1.6586e+02 -1.6339e+02 -1.4693e+02 -2.8264e+02
-1.6560e+02 -1.6071e+02 -1.1511e+02 -8.7687e+01
# New trial
-1.6612e+02 -1.6592e+02 -1.7150e+02 -5.5670e+02
-1.6607e+02 -1.6544e+02 -1.6401e+02 -3.8339e+02
-1.6590e+02 -1.6368e+02 -1.4300e+02 -1.3204e+02
-1.6566e+02 -1.6129e+02 -1.2042e+02 -8.7694e+01
# New trial
-1.6608e+02 -1.6557e+02 -1.6512e+02 -3.7349e+02
-1.6604e+02 -1.6519e+02 -1.6222e+02 -3.4868e+02
-1.6587e+02 -1.6346e+02 -1.4204e+02 -1.5949e+02
-1.6563e+02 -1.6104e+02 -1.1855e+02 -9.2635e+01
# New trial
-1.6616e+02 -1.6641e+02 -1.9151e+02 -8.7810e+02
-1.6607e+02 -1.6549e+02 -1.6692e+02 -4.7672e+02
-1.6596e+02 -1.6436e+02 -1.5051e+02 -2.3463e+02
-1.6582e+02 -1.6287e+02 -1.3435e+02 -9.1084e+01
# New trial
-1.6607e+02 -1.6544e+02 -1.6284e+02 -2.6869e+02
-1.6601e+02 -1.6484e+02 -1.5579e+02 -2.0829e+02
-1.6584e+02 -1.6312e+02 -1.3762e+02 -1.1427e+02
-1.6560e+02 -1.6072e+02 -1.1589e+02 -8.7771e+01
# New trial
-1.6611e+02 -1.6581e+02 -1.6524e+02 -3.7817e+02
-1.6609e+02 -1.6566e+02 -1.6362e+02 -3.7894e+02
-1.6603e+02 -1.6503e+02 -1.5646e+02 -2.9221e+02
-1.6590e+02 -1.6373e+02 -1.4301e+02 -1.3322e+02
# New trial
-1.6609e+02 -1.6566e+02 -1.7292e+02 -5.7893e+02
-1.6605e+02 -1.6529e+02 -1.6740e+02 -5.0900e+02
-1.6592e+02 -1.6391e+02 -1.4727e+02 -1.7808e+02
-1.6575e+02 -1.6220e+02 -1.2836e+02 -9.6746e+01
# New trial
-1.6617e+02 -1.6672e+02 -2.2385e+02 -1.2046e+03
-1.6606e+02 -1.6543e+02 -1.7474e+02 -5.8838e+02
-1.6584e+02 -1.6313e+02 -1.3835e+02 -1.4100e+02
-1.6560e+02 -1.6075e+02 -1.1692e+02 -8.8276e+01
# New trial
-1.6611e+02 -1.6581e+02 -1.6437e+02 -3.3250e+02
-1.6608e+02 -1.6555e+02 -1.6082e+02 -2.2738e+02
-1.6602e+02 -1.6496e+02 -1.5533e+02 -2.3859e+02
-1.6594e+02 -1.6412e+02 -1.4690e+02 -1.7297e+02
# New trial
-1.6624e+02 -1.6736e+02 -2.1647e+02 -1.1621e+03
-1.6607e+02 -1.6548e+02 -1.8579e+02 -9.7185e+02
-1.6581e+02 -1.6287e+02 -1.3848e+02 -2.3167e+02
-1.6552e+02 -1.5993e+02 -1.1202e+02 -1.1517e+02
# New trial
-1.6624e+02 -1.6732e+02 -2.0924e+02 -9.7859e+02
-1.6613e+02 -1.6608e+02 -1.7026e+02 -3.9014e+02
-1.6603e+02 -1.6503e+02 -1.5678e+02 -2.1857e+02
-1.6592e+02 -1.6389e+02 -1.4430e+02 -1.3766e+02
# New trial
-1.6612e+02 -1.6607e+02 -1.8383e+02 -6.8266e+02
-1.6606e+02 -1.6544e+02 -1.6901e+02 -4.3027e+02
-1.6590e+02 -1.6369e+02 -1.4584e+02 -2.5887e+02
-1.6565e+02 -1.6123e+02 -1.2044e+02 -9.1973e+01
# New trial
-1.6614e+02 -1.6611e+02 -1.7331e+02 -5.3145e+02
-1.6608e+02 -1.6558e+02 -1.6442e+02 -3.2638e+02
-1.6592e+02 -1.6394e+02 -1.4543e+02 -1.1821e+02
-1.6572e+02 -1.6195e+02 -1.2614e+02 -8.8025e+01
# New trial
-1.6615e+02 -1.6632e+02 -1.8298e+02 -6.9036e+02
-1.6609e+02 -1.6563e+02 -1.6983e+02 -4.6568e+02
-1.6590e+02 -1.6376e+02 -1.4522e+02 -1.8089e+02
-1.6567e+02 -1.6138e+02 -1.2126e+02 -8.7928e+01
# New trial
-1.6619e+02 -1.6702e+02 -2.2119e+02 -1.1236e+03
-1.6608e+02 -1.6568e+02 -1.7827e+02 -5.7792e+02
-1.6582e+02 -1.6303e+02 -1.4632e+02 -2.7648e+02
-1.6551e+02 -1.5980e+02 -1.1296e+02 -1.1014e+02
# New trial
-1.6610e+02 -1.6590e+02 -2.0371e+02 -9.9430e+02
-1.6600e+02 -1.6483e+02 -1.6396e+02 -4.4815e+02
-1.6582e+02 -1.6293e+02 -1.4162e+02 -3.1553e+02
-1.6561e+02 -1.6079e+02 -1.1709e+02 -9.7320e+01
# New trial
-1.6610e+02 -1.6572e+02 -1.7253e+02 -5.8237e+02
-1.6601e+02 -1.6479e+02 -1.5778e+02 -4.2251e+02
-1.6582e+02 -1.6295e+02 -1.3730e+02 -1.6985e+02
-1.6559e+02 -1.6060e+02 -1.1484e+02 -8.7725e+01
# New trial
-1.6612e+02 -1.6597e+02 -1.6946e+02 -4.2163e+02
-1.6607e+02 -1.6539e+02 -1.5946e+02 -1.7637e+02
-1.6599e+02 -1.6458e+02 -1.5079e+02 -8.9742e+01
-1.6588e+02 -1.6346e+02 -1.3968e+02 -8.7688e+01
# New trial
-1.6622e+02 -1.6707e+02 -2.0552e+02 -9.5867e+02
-1.6612e+02 -1.6597e+02 -1.7258e+02 -5.3274e+02
-1.6593e+02 -1.6406e+02 -1.4717e+02 -1.6149e+02
-1.6570e+02 -1.6171e+02 -1.2439e+02 -9.0499e+01
# New trial
-1.6615e+02 -1.6627e+02 -1.7443e+02 -5.3145e+02
-1.6608e+02 -1.6556e+02 -1.6170e+02 -2.8021e+02
-1.6595e+02 -1.6417e+02 -1.4712e+02 -1.2485e+02
-1.6574e+02 -1.6206e+02 -1.2683e+02 -8.7688e+01
# New trial
-1.6608e+02 -1.6555e+02 -1.6381e+02 -3.8746e+02
-1.6604e+02 -1.6513e+02 -1.6035e+02 -3.4404e+02
-1.6588e+02 -1.6354e+02 -1.4262e+02 -2.2692e+02
-1.6567e+02 -1.6139e+02 -1.2231e+02 -1.1386e+02
# New trial
-1.6615e+02 -1.6626e+02 -1.7327e+02 -4.1065e+02
-1.6610e+02 -1.6573e+02 -1.6634e+02 -3.5072e+02
-1.6594e+02 -1.6409e+02 -1.4701e+02 -1.3191e+02
-1.6572e+02 -1.6189e+02 -1.2542e+02 -8.7716e+01
# New trial
-1.6613e+02 -1.6614e+02 -1.8121e+02 -5.6841e+02
-1.6606e+02 -1.6543e+02 -1.7620e+02 -5.7224e+02
-1.6584e+02 -1.6314e+02 -1.4185e+02 -1.5792e+02
-1.6551e+02 -1.5980e+02 -1.0866e+02 -8.7687e+01
# New trial
-1.6616e+02 -1.6647e+02 -1.9305e+02 -7.7079e+02
-1.6605e+02 -1.6532e+02 -1.7100e+02 -4.8740e+02
-1.6581e+02 -1.6280e+02 -1.3644e+02 -1.3434e+02
-1.6554e+02 -1.6009e+02 -1.1141e+02 -8.9015e+01
# New trial
-1.6623e+02 -1.6760e+02 -2.2760e+02 -1.1658e+03
-1.6605e+02 -1.6542e+02 -1.8357e+02 -7.4442e+02
-1.6571e+02 -1.6179e+02 -1.2829e+02 -1.3110e+02
-1.6531e+02 -1.5788e+02 -1.0196e+02 -1.1299e+02
# New trial
-1.6637e+02 -1.6892e+02 -2.3520e+02 -1.1793e+03
-1.6618e+02 -1.6662e+02 -1.8007e+02 -6.0463e+02
-1.6594e+02 -1.6415e+02 -1.4828e+02 -2.0818e+02
-1.6569e+02 -1.6162e+02 -1.2524e+02 -8.9257e+01
# New trial
-1.6609e+02 -1.6558e+02 -1.6163e+02 -2.7363e+02
-1.6606e+02 -1.6533e+02 -1.5951e+02 -2.9443e+02
-1.6596e+02 -1.6427e+02 -1.4828e+02 -1.4722e+02
-1.6580e+02 -1.6274e+02 -1.3333e+02 -8.9886e+01
# New trial
-1.6610e+02 -1.6583e+02 -1.8991e+02 -9.0449e+02
-1.6605e+02 -1.6528e+02 -1.6654e+02 -4.1092e+02
-1.6585e+02 -1.6327e+02 -1.4288e+02 -1.9848e+02
-1.6561e+02 -1.6082e+02 -1.1716e+02 -9.5498e+01
# New trial
-1.6613e+02 -1.6606e+02 -1.7506e+02 -5.7360e+02
-1.6609e+02 -1.6559e+02 -1.6465e+02 -3.9451e+02
-1.6596e+02 -1.6427e+02 -1.4948e+02 -2.9722e+02
-1.6575e+02 -1.6218e+02 -1.2945e+02 -1.4822e+02
# New trial
