# 10.0sig - Array shape (trial/sig/alpha): (30L, 4L, 4L)
-1.0143e+02 -1.0056e+02 -1.0402e+02 -5.4007e+02
-1.0144e+02 -1.0065e+02 -9.9109e+01 -3.7520e+02
-1.0141e+02 -1.0034e+02 -9.1953e+01 -2.3924e+02
-1.0133e+02 -9.9538e+01 -8.2192e+01 -5.3455e+01
# New trial
-1.0153e+02 -1.0285e+02 -1.9315e+02 -1.6105e+03
-1.0148e+02 -1.0193e+02 -1.4789e+02 -9.1549e+02
-1.0135e+02 -1.0001e+02 -1.0255e+02 -4.9064e+02
-1.0116e+02 -9.7854e+01 -6.9209e+01 -1.8359e+02
# New trial
-1.0148e+02 -1.0126e+02 -1.3103e+02 -8.5518e+02
-1.0146e+02 -1.0097e+02 -1.1708e+02 -6.1630e+02
-1.0130e+02 -9.9295e+01 -8.4775e+01 -2.3896e+02
-1.0110e+02 -9.7241e+01 -6.2463e+01 -5.8809e+01
# New trial
-1.0139e+02 -1.0023e+02 -1.0482e+02 -4.9505e+02
-1.0140e+02 -1.0033e+02 -1.0386e+02 -4.8853e+02
-1.0129e+02 -9.9136e+01 -8.1790e+01 -1.5149e+02
-1.0112e+02 -9.7447e+01 -6.4751e+01 -4.6711e+01
# New trial
-1.0149e+02 -1.0201e+02 -1.6706e+02 -1.2673e+03
-1.0144e+02 -1.0097e+02 -1.1913e+02 -6.1669e+02
-1.0139e+02 -1.0019e+02 -9.4808e+01 -3.0691e+02
-1.0129e+02 -9.9140e+01 -7.8695e+01 -9.7321e+01
# New trial
-1.0142e+02 -1.0079e+02 -1.2724e+02 -7.6911e+02
-1.0140e+02 -1.0035e+02 -1.0426e+02 -4.6325e+02
-1.0128e+02 -9.9061e+01 -8.6217e+01 -4.0637e+02
-1.0110e+02 -9.7239e+01 -6.5793e+01 -2.1995e+02
# New trial
-1.0139e+02 -1.0030e+02 -1.0289e+02 -4.6523e+02
-1.0144e+02 -1.0071e+02 -1.0216e+02 -4.3582e+02
-1.0142e+02 -1.0045e+02 -9.4723e+01 -3.8302e+02
-1.0137e+02 -9.9906e+01 -8.5818e+01 -9.3926e+01
# New trial
-1.0134e+02 -1.0058e+02 -1.4298e+02 -9.3597e+02
-1.0138e+02 -1.0043e+02 -1.1950e+02 -6.5391e+02
-1.0136e+02 -9.9961e+01 -9.5387e+01 -3.9390e+02
-1.0125e+02 -9.8720e+01 -7.5131e+01 -1.2068e+02
# New trial
-1.0155e+02 -1.0280e+02 -2.0656e+02 -1.7268e+03
-1.0155e+02 -1.0222e+02 -1.5224e+02 -9.9289e+02
-1.0133e+02 -9.9670e+01 -9.3128e+01 -3.8364e+02
-1.0109e+02 -9.7121e+01 -6.3663e+01 -6.7973e+01
# New trial
-1.0143e+02 -1.0057e+02 -9.6526e+01 -3.8628e+02
-1.0142e+02 -1.0041e+02 -9.2340e+01 -2.0844e+02
-1.0139e+02 -1.0007e+02 -8.7600e+01 -9.1664e+01
-1.0138e+02 -9.9983e+01 -8.6313e+01 -5.3173e+01
# New trial
-1.0163e+02 -1.0348e+02 -1.8869e+02 -1.4955e+03
-1.0148e+02 -1.0146e+02 -1.5613e+02 -1.2984e+03
-1.0120e+02 -9.8343e+01 -9.3466e+01 -6.0568e+02
-1.0097e+02 -9.5894e+01 -5.5202e+01 -9.7359e+01
# New trial
-1.0164e+02 -1.0335e+02 -1.8318e+02 -1.3486e+03
-1.0148e+02 -1.0117e+02 -1.1316e+02 -4.3139e+02
-1.0139e+02 -1.0016e+02 -9.0983e+01 -1.3709e+02
-1.0132e+02 -9.9360e+01 -8.0377e+01 -5.2709e+01
# New trial
-1.0147e+02 -1.0145e+02 -1.5081e+02 -1.0612e+03
-1.0146e+02 -1.0113e+02 -1.2122e+02 -6.1878e+02
-1.0135e+02 -9.9771e+01 -9.1226e+01 -3.6002e+02
-1.0117e+02 -9.7876e+01 -6.8214e+01 -8.0635e+01
# New trial
-1.0149e+02 -1.0155e+02 -1.3778e+02 -8.5003e+02
-1.0148e+02 -1.0129e+02 -1.1949e+02 -6.0360e+02
-1.0131e+02 -9.9394e+01 -8.4409e+01 -2.1080e+02
-1.0115e+02 -9.7756e+01 -6.6202e+01 -6.0326e+01
# New trial
-1.0145e+02 -1.0122e+02 -1.4641e+02 -1.0019e+03
-1.0144e+02 -1.0090e+02 -1.2466e+02 -6.9757e+02
-1.0132e+02 -9.9472e+01 -8.7199e+01 -2.5810e+02
-1.0113e+02 -9.7471e+01 -6.3696e+01 -5.4446e+01
# New trial
-1.0166e+02 -1.0404e+02 -2.1247e+02 -1.6955e+03
-1.0155e+02 -1.0228e+02 -1.4509e+02 -8.7895e+02
-1.0128e+02 -9.9190e+01 -9.5030e+01 -4.3100e+02
-1.0100e+02 -9.6260e+01 -5.6265e+01 -6.6415e+01
# New trial
-1.0143e+02 -1.0172e+02 -1.9481e+02 -1.6219e+03
-1.0138e+02 -1.0048e+02 -1.2597e+02 -7.5040e+02
-1.0124e+02 -9.8680e+01 -8.2431e+01 -2.7210e+02
-1.0107e+02 -9.6955e+01 -6.0702e+01 -6.8186e+01
# New trial
-1.0160e+02 -1.0265e+02 -1.4986e+02 -1.0349e+03
-1.0151e+02 -1.0149e+02 -1.1961e+02 -6.5538e+02
-1.0133e+02 -9.9581e+01 -8.6959e+01 -2.0555e+02
-1.0122e+02 -9.8381e+01 -7.2512e+01 -9.3149e+01
# New trial
-1.0151e+02 -1.0142e+02 -1.1329e+02 -5.7797e+02
-1.0147e+02 -1.0098e+02 -1.0036e+02 -2.8359e+02
-1.0141e+02 -1.0030e+02 -9.0462e+01 -1.3661e+02
-1.0133e+02 -9.9462e+01 -8.1325e+01 -5.7158e+01
# New trial
-1.0176e+02 -1.0479e+02 -2.0297e+02 -1.5442e+03
-1.0167e+02 -1.0330e+02 -1.4842e+02 -9.4219e+02
-1.0135e+02 -9.9829e+01 -9.4852e+01 -4.1497e+02
-1.0109e+02 -9.7099e+01 -6.2817e+01 -1.1654e+02
# New trial
-1.0159e+02 -1.0283e+02 -1.7022e+02 -1.2905e+03
-1.0151e+02 -1.0154e+02 -1.1814e+02 -6.3892e+02
-1.0135e+02 -9.9738e+01 -9.0767e+01 -4.3169e+02
-1.0119e+02 -9.8158e+01 -7.0243e+01 -1.1331e+02
# New trial
-1.0146e+02 -1.0097e+02 -1.1174e+02 -5.6874e+02
-1.0147e+02 -1.0105e+02 -1.1267e+02 -5.8368e+02
-1.0137e+02 -9.9927e+01 -9.2493e+01 -3.7336e+02
-1.0118e+02 -9.8059e+01 -7.1025e+01 -8.4918e+01
# New trial
-1.0151e+02 -1.0159e+02 -1.2665e+02 -6.8273e+02
-1.0145e+02 -1.0096e+02 -1.1317e+02 -4.6635e+02
-1.0134e+02 -9.9624e+01 -8.8598e+01 -2.0725e+02
-1.0120e+02 -9.8247e+01 -7.1303e+01 -1.1747e+02
# New trial
-1.0146e+02 -1.0126e+02 -1.3083e+02 -7.8086e+02
-1.0145e+02 -1.0108e+02 -1.2492e+02 -6.6417e+02
-1.0132e+02 -9.9493e+01 -8.9460e+01 -2.1883e+02
-1.0105e+02 -9.6732e+01 -5.8738e+01 -5.8064e+01
# New trial
-1.0163e+02 -1.0323e+02 -1.6621e+02 -1.1852e+03
-1.0155e+02 -1.0218e+02 -1.3712e+02 -7.5919e+02
-1.0130e+02 -9.9269e+01 -8.9424e+01 -2.9426e+02
-1.0107e+02 -9.6885e+01 -6.0431e+01 -8.4031e+01
# New trial
-1.0178e+02 -1.0611e+02 -2.4777e+02 -1.9964e+03
-1.0161e+02 -1.0317e+02 -1.6618e+02 -1.1844e+03
-1.0120e+02 -9.8415e+01 -8.9284e+01 -5.3133e+02
-1.0082e+02 -9.4458e+01 -5.0712e+01 -1.9045e+02
# New trial
-1.0180e+02 -1.0607e+02 -2.4522e+02 -2.0351e+03
-1.0162e+02 -1.0311e+02 -1.6085e+02 -1.1266e+03
-1.0125e+02 -9.8876e+01 -9.0174e+01 -4.0539e+02
-1.0102e+02 -9.6469e+01 -5.9750e+01 -8.4071e+01
# New trial
-1.0141e+02 -1.0063e+02 -1.1637e+02 -6.4579e+02
-1.0139e+02 -1.0029e+02 -1.0240e+02 -4.6375e+02
-1.0130e+02 -9.9255e+01 -8.2827e+01 -1.6304e+02
-1.0119e+02 -9.8133e+01 -6.9827e+01 -6.6598e+01
# New trial
-1.0148e+02 -1.0165e+02 -1.7627e+02 -1.4689e+03
-1.0147e+02 -1.0124e+02 -1.2793e+02 -7.7557e+02
-1.0134e+02 -9.9773e+01 -9.1979e+01 -3.6073e+02
-1.0113e+02 -9.7563e+01 -6.6101e+01 -8.9806e+01
# New trial
-1.0138e+02 -1.0042e+02 -1.2757e+02 -8.4729e+02
-1.0139e+02 -1.0030e+02 -1.0679e+02 -5.3279e+02
-1.0130e+02 -9.9238e+01 -8.4634e+01 -2.5475e+02
-1.0113e+02 -9.7559e+01 -6.8206e+01 -2.1664e+02
# New trial
