# 10.0sig - Array shape (trial/sig/alpha): (30, 4, 4)
-1.7533e+02 -1.7494e+02 -1.7732e+02 -4.9277e+02
-1.7530e+02 -1.7467e+02 -1.7160e+02 -3.1880e+02
-1.7521e+02 -1.7371e+02 -1.6004e+02 -2.1448e+02
-1.7505e+02 -1.7210e+02 -1.4373e+02 -1.3405e+02
# New trial
-1.7544e+02 -1.7655e+02 -2.5057e+02 -1.5508e+03
-1.7532e+02 -1.7520e+02 -2.0611e+02 -8.9376e+02
-1.7503e+02 -1.7208e+02 -1.5767e+02 -4.8991e+02
-1.7466e+02 -1.6829e+02 -1.1098e+02 -7.0101e+01
# New trial
-1.7535e+02 -1.7519e+02 -1.8920e+02 -7.3841e+02
-1.7527e+02 -1.7441e+02 -1.7388e+02 -4.6694e+02
-1.7504e+02 -1.7199e+02 -1.4331e+02 -1.0112e+02
-1.7473e+02 -1.6895e+02 -1.1587e+02 -8.3086e+01
# New trial
-1.7530e+02 -1.7466e+02 -1.7549e+02 -5.5515e+02
-1.7525e+02 -1.7422e+02 -1.7075e+02 -4.1309e+02
-1.7504e+02 -1.7205e+02 -1.4542e+02 -1.8084e+02
-1.7475e+02 -1.6911e+02 -1.1972e+02 -1.7828e+02
# New trial
-1.7540e+02 -1.7581e+02 -2.0473e+02 -9.7717e+02
-1.7529e+02 -1.7460e+02 -1.7591e+02 -4.2795e+02
-1.7512e+02 -1.7290e+02 -1.5374e+02 -1.7152e+02
-1.7494e+02 -1.7106e+02 -1.3345e+02 -7.3870e+01
# New trial
-1.7528e+02 -1.7454e+02 -1.7352e+02 -3.9653e+02
-1.7520e+02 -1.7373e+02 -1.6447e+02 -3.4342e+02
-1.7497e+02 -1.7133e+02 -1.3795e+02 -1.2388e+02
-1.7465e+02 -1.6818e+02 -1.0859e+02 -7.1670e+01
# New trial
-1.7530e+02 -1.7467e+02 -1.7076e+02 -4.0727e+02
-1.7528e+02 -1.7449e+02 -1.6884e+02 -3.5451e+02
-1.7520e+02 -1.7360e+02 -1.5900e+02 -2.1406e+02
-1.7503e+02 -1.7196e+02 -1.4194e+02 -8.8665e+01
# New trial
-1.7533e+02 -1.7507e+02 -1.8786e+02 -7.1745e+02
-1.7528e+02 -1.7453e+02 -1.8067e+02 -6.3530e+02
-1.7507e+02 -1.7240e+02 -1.5120e+02 -2.7099e+02
-1.7481e+02 -1.6979e+02 -1.2187e+02 -6.9388e+01
# New trial
-1.7543e+02 -1.7657e+02 -2.6185e+02 -1.6205e+03
-1.7528e+02 -1.7465e+02 -1.9515e+02 -7.6107e+02
-1.7495e+02 -1.7118e+02 -1.4267e+02 -2.5909e+02
-1.7459e+02 -1.6759e+02 -1.0548e+02 -8.3538e+01
# New trial
-1.7532e+02 -1.7486e+02 -1.7386e+02 -4.7476e+02
-1.7528e+02 -1.7440e+02 -1.6661e+02 -2.2638e+02
-1.7518e+02 -1.7346e+02 -1.5683e+02 -1.5853e+02
-1.7507e+02 -1.7231e+02 -1.4548e+02 -9.1771e+01
# New trial
-1.7550e+02 -1.7705e+02 -2.4493e+02 -1.5029e+03
-1.7526e+02 -1.7446e+02 -2.1487e+02 -1.3293e+03
-1.7491e+02 -1.7085e+02 -1.4610e+02 -4.3198e+02
-1.7448e+02 -1.6644e+02 -9.7701e+01 -7.0833e+01
# New trial
-1.7557e+02 -1.7775e+02 -2.4693e+02 -1.3608e+03
-1.7535e+02 -1.7523e+02 -1.8129e+02 -4.7486e+02
-1.7519e+02 -1.7352e+02 -1.5835e+02 -1.3165e+02
-1.7503e+02 -1.7189e+02 -1.4113e+02 -7.0905e+01
# New trial
-1.7536e+02 -1.7544e+02 -2.0406e+02 -1.0133e+03
-1.7528e+02 -1.7458e+02 -1.8185e+02 -5.8318e+02
-1.7503e+02 -1.7200e+02 -1.4702e+02 -2.0104e+02
-1.7469e+02 -1.6860e+02 -1.1306e+02 -8.4411e+01
# New trial
-1.7537e+02 -1.7541e+02 -1.8863e+02 -6.7229e+02
-1.7529e+02 -1.7458e+02 -1.7495e+02 -4.2827e+02
-1.7505e+02 -1.7216e+02 -1.4499e+02 -1.0904e+02
-1.7478e+02 -1.6944e+02 -1.1870e+02 -6.9353e+01
# New trial
-1.7539e+02 -1.7578e+02 -2.0660e+02 -9.1401e+02
-1.7530e+02 -1.7479e+02 -1.8711e+02 -6.4472e+02
-1.7503e+02 -1.7196e+02 -1.4577e+02 -1.6005e+02
-1.7470e+02 -1.6864e+02 -1.1190e+02 -6.9227e+01
# New trial
-1.7549e+02 -1.7708e+02 -2.5837e+02 -1.5728e+03
-1.7532e+02 -1.7511e+02 -1.9357e+02 -6.8055e+02
-1.7493e+02 -1.7102e+02 -1.4499e+02 -2.7191e+02
-1.7445e+02 -1.6619e+02 -9.8206e+01 -9.5176e+01
# New trial
-1.7537e+02 -1.7581e+02 -2.4529e+02 -1.4324e+03
-1.7522e+02 -1.7398e+02 -1.7723e+02 -5.0850e+02
-1.7494e+02 -1.7112e+02 -1.4319e+02 -2.7191e+02
-1.7462e+02 -1.6784e+02 -1.0725e+02 -8.1834e+01
# New trial
-1.7536e+02 -1.7533e+02 -1.9061e+02 -7.9948e+02
-1.7523e+02 -1.7403e+02 -1.6810e+02 -5.4656e+02
-1.7498e+02 -1.7147e+02 -1.3971e+02 -1.5735e+02
-1.7470e+02 -1.6860e+02 -1.1220e+02 -7.5314e+01
# New trial
-1.7534e+02 -1.7505e+02 -1.7924e+02 -5.6689e+02
-1.7527e+02 -1.7435e+02 -1.6652e+02 -1.9205e+02
-1.7517e+02 -1.7329e+02 -1.5486e+02 -7.5544e+01
-1.7501e+02 -1.7177e+02 -1.3989e+02 -7.3260e+01
# New trial
-1.7549e+02 -1.7688e+02 -2.3709e+02 -1.3250e+03
-1.7535e+02 -1.7523e+02 -1.8431e+02 -6.1104e+02
-1.7508e+02 -1.7243e+02 -1.4857e+02 -1.6830e+02
-1.7475e+02 -1.6919e+02 -1.1750e+02 -7.0669e+01
# New trial
-1.7536e+02 -1.7533e+02 -1.8936e+02 -8.3148e+02
-1.7529e+02 -1.7451e+02 -1.6927e+02 -3.8789e+02
-1.7511e+02 -1.7276e+02 -1.5042e+02 -1.6716e+02
-1.7485e+02 -1.7010e+02 -1.2478e+02 -7.4251e+01
# New trial
-1.7528e+02 -1.7448e+02 -1.7165e+02 -4.3395e+02
-1.7523e+02 -1.7397e+02 -1.6784e+02 -4.4996e+02
-1.7500e+02 -1.7168e+02 -1.4183e+02 -1.8279e+02
-1.7469e+02 -1.6851e+02 -1.1258e+02 -7.0782e+01
# New trial
-1.7536e+02 -1.7532e+02 -1.8469e+02 -5.1939e+02
-1.7529e+02 -1.7456e+02 -1.7531e+02 -4.5444e+02
-1.7506e+02 -1.7229e+02 -1.4787e+02 -1.8052e+02
-1.7479e+02 -1.6952e+02 -1.1961e+02 -6.9365e+01
# New trial
-1.7531e+02 -1.7498e+02 -1.9471e+02 -7.5960e+02
-1.7523e+02 -1.7413e+02 -1.8946e+02 -7.7706e+02
-1.7496e+02 -1.7133e+02 -1.4593e+02 -3.3907e+02
-1.7452e+02 -1.6688e+02 -1.0202e+02 -8.3645e+01
# New trial
-1.7534e+02 -1.7531e+02 -2.0665e+02 -9.2456e+02
-1.7521e+02 -1.7400e+02 -1.8502e+02 -6.6314e+02
-1.7491e+02 -1.7081e+02 -1.4174e+02 -3.2580e+02
-1.7453e+02 -1.6695e+02 -1.0128e+02 -1.0198e+02
# New trial
-1.7554e+02 -1.7787e+02 -2.6678e+02 -1.5908e+03
-1.7532e+02 -1.7523e+02 -2.1220e+02 -1.1111e+03
-1.7482e+02 -1.6989e+02 -1.3412e+02 -3.3085e+02
-1.7425e+02 -1.6414e+02 -8.5912e+01 -7.7598e+01
# New trial
-1.7564e+02 -1.7869e+02 -2.6753e+02 -1.6041e+03
-1.7540e+02 -1.7586e+02 -1.9983e+02 -8.5411e+02
-1.7508e+02 -1.7247e+02 -1.5356e+02 -3.8146e+02
-1.7472e+02 -1.6886e+02 -1.1767e+02 -8.3411e+01
# New trial
-1.7528e+02 -1.7449e+02 -1.6908e+02 -4.1816e+02
-1.7525e+02 -1.7412e+02 -1.6620e+02 -4.4624e+02
-1.7509e+02 -1.7253e+02 -1.4888e+02 -2.1202e+02
-1.7486e+02 -1.7027e+02 -1.2637e+02 -7.3890e+01
# New trial
-1.7535e+02 -1.7533e+02 -2.1716e+02 -1.2464e+03
-1.7529e+02 -1.7469e+02 -1.8489e+02 -7.0989e+02
-1.7501e+02 -1.7184e+02 -1.4548e+02 -1.5595e+02
-1.7462e+02 -1.6788e+02 -1.0621e+02 -7.0314e+01
# New trial
-1.7532e+02 -1.7483e+02 -1.7649e+02 -6.0854e+02
-1.7527e+02 -1.7435e+02 -1.6921e+02 -4.3517e+02
-1.7511e+02 -1.7271e+02 -1.5056e+02 -2.2724e+02
-1.7485e+02 -1.7009e+02 -1.2614e+02 -7.3524e+01
# New trial
