# 1.0sig - Array shape (trial/sig/alpha): (30L, 4L, 4L)
-1.0609e+02 -1.0557e+02 -1.0670e+02 -2.0116e+02
-1.0605e+02 -1.0517e+02 -9.9621e+01 -1.1911e+02
-1.0595e+02 -1.0423e+02 -8.9345e+01 -8.3072e+01
-1.0588e+02 -1.0351e+02 -8.6220e+01 -8.3072e+01
# New trial
-1.0610e+02 -1.0566e+02 -1.0367e+02 -1.5400e+02
-1.0607e+02 -1.0537e+02 -1.0071e+02 -1.0457e+02
-1.0598e+02 -1.0455e+02 -9.2870e+01 -8.3565e+01
-1.0596e+02 -1.0426e+02 -9.0121e+01 -8.4586e+01
# New trial
-1.0608e+02 -1.0548e+02 -1.0150e+02 -1.6699e+02
-1.0606e+02 -1.0524e+02 -9.8344e+01 -8.6650e+01
-1.0599e+02 -1.0454e+02 -9.1678e+01 -8.3072e+01
-1.0590e+02 -1.0366e+02 -8.6254e+01 -8.3072e+01
# New trial
-1.0609e+02 -1.0560e+02 -1.0530e+02 -2.5374e+02
-1.0606e+02 -1.0533e+02 -1.0069e+02 -1.3221e+02
-1.0600e+02 -1.0471e+02 -9.3885e+01 -8.3459e+01
-1.0598e+02 -1.0450e+02 -9.2607e+01 -1.1420e+02
# New trial
-1.0604e+02 -1.0511e+02 -1.0439e+02 -2.2688e+02
-1.0601e+02 -1.0477e+02 -9.7430e+01 -1.5594e+02
-1.0594e+02 -1.0410e+02 -8.8631e+01 -8.3072e+01
-1.0592e+02 -1.0390e+02 -8.7832e+01 -8.3092e+01
# New trial
-1.0608e+02 -1.0550e+02 -1.0194e+02 -1.9374e+02
-1.0606e+02 -1.0529e+02 -9.8909e+01 -1.0228e+02
-1.0601e+02 -1.0473e+02 -9.3247e+01 -8.3096e+01
-1.0597e+02 -1.0440e+02 -9.0496e+01 -8.3072e+01
# New trial
-1.0611e+02 -1.0579e+02 -1.0460e+02 -1.7856e+02
-1.0609e+02 -1.0562e+02 -1.0135e+02 -1.1666e+02
-1.0606e+02 -1.0532e+02 -9.8124e+01 -8.3198e+01
-1.0606e+02 -1.0527e+02 -9.7674e+01 -8.3928e+01
# New trial
-1.0608e+02 -1.0558e+02 -1.0908e+02 -2.5171e+02
-1.0604e+02 -1.0512e+02 -9.9611e+01 -1.4649e+02
-1.0596e+02 -1.0433e+02 -9.0764e+01 -8.3680e+01
-1.0595e+02 -1.0416e+02 -8.9275e+01 -8.3081e+01
# New trial
-1.0603e+02 -1.0503e+02 -1.0324e+02 -1.8629e+02
-1.0596e+02 -1.0433e+02 -9.5720e+01 -1.1737e+02
-1.0581e+02 -1.0283e+02 -8.6679e+01 -8.3081e+01
-1.0576e+02 -1.0227e+02 -8.5264e+01 -8.7566e+01
# New trial
-1.0607e+02 -1.0540e+02 -1.0166e+02 -1.7698e+02
-1.0604e+02 -1.0505e+02 -9.8172e+01 -1.2942e+02
-1.0594e+02 -1.0411e+02 -8.8451e+01 -8.3072e+01
-1.0588e+02 -1.0346e+02 -8.6197e+01 -8.3072e+01
# New trial
-1.0605e+02 -1.0521e+02 -1.0346e+02 -1.9063e+02
-1.0601e+02 -1.0483e+02 -9.9738e+01 -1.6817e+02
-1.0592e+02 -1.0390e+02 -8.8770e+01 -8.3074e+01
-1.0592e+02 -1.0384e+02 -8.8175e+01 -8.3074e+01
# New trial
-1.0609e+02 -1.0563e+02 -1.1059e+02 -2.5904e+02
-1.0604e+02 -1.0512e+02 -9.9057e+01 -1.3251e+02
-1.0594e+02 -1.0412e+02 -8.8338e+01 -8.3072e+01
-1.0584e+02 -1.0307e+02 -8.4816e+01 -8.3072e+01
# New trial
-1.0609e+02 -1.0558e+02 -1.0896e+02 -2.5399e+02
-1.0605e+02 -1.0516e+02 -9.9858e+01 -1.3540e+02
-1.0599e+02 -1.0459e+02 -9.3006e+01 -8.3198e+01
-1.0599e+02 -1.0458e+02 -9.2190e+01 -8.3073e+01
# New trial
-1.0607e+02 -1.0552e+02 -1.1883e+02 -3.5449e+02
-1.0602e+02 -1.0498e+02 -1.0344e+02 -1.9162e+02
-1.0592e+02 -1.0391e+02 -8.8535e+01 -8.3144e+01
-1.0589e+02 -1.0359e+02 -8.8566e+01 -1.0263e+02
# New trial
-1.0610e+02 -1.0571e+02 -1.0670e+02 -2.5559e+02
-1.0607e+02 -1.0543e+02 -1.0159e+02 -1.4623e+02
-1.0601e+02 -1.0474e+02 -9.3318e+01 -8.3085e+01
-1.0597e+02 -1.0437e+02 -9.0355e+01 -8.3073e+01
# New trial
-1.0607e+02 -1.0557e+02 -1.2202e+02 -3.9030e+02
-1.0603e+02 -1.0508e+02 -1.0641e+02 -2.1719e+02
-1.0589e+02 -1.0361e+02 -8.8302e+01 -8.3072e+01
-1.0578e+02 -1.0255e+02 -8.3789e+01 -8.3072e+01
# New trial
-1.0609e+02 -1.0562e+02 -1.0472e+02 -1.7530e+02
-1.0604e+02 -1.0514e+02 -1.0052e+02 -1.6439e+02
-1.0589e+02 -1.0360e+02 -8.8477e+01 -8.3076e+01
-1.0579e+02 -1.0259e+02 -8.4024e+01 -8.3072e+01
# New trial
-1.0609e+02 -1.0557e+02 -1.0414e+02 -1.6342e+02
-1.0605e+02 -1.0525e+02 -1.0122e+02 -1.3360e+02
-1.0598e+02 -1.0447e+02 -9.3063e+01 -9.4060e+01
-1.0597e+02 -1.0440e+02 -9.2313e+01 -1.0267e+02
# New trial
-1.0608e+02 -1.0559e+02 -1.1194e+02 -2.8043e+02
-1.0605e+02 -1.0520e+02 -1.0410e+02 -1.8471e+02
-1.0595e+02 -1.0418e+02 -8.8901e+01 -8.3072e+01
-1.0589e+02 -1.0359e+02 -8.6337e+01 -8.3072e+01
# New trial
-1.0611e+02 -1.0581e+02 -1.0915e+02 -2.6198e+02
-1.0609e+02 -1.0556e+02 -1.0251e+02 -1.6035e+02
-1.0603e+02 -1.0498e+02 -9.5104e+01 -8.3077e+01
-1.0598e+02 -1.0444e+02 -9.1160e+01 -8.3078e+01
# New trial
-1.0608e+02 -1.0560e+02 -1.1108e+02 -2.6753e+02
-1.0603e+02 -1.0502e+02 -1.0021e+02 -1.4153e+02
-1.0597e+02 -1.0439e+02 -9.2626e+01 -8.3468e+01
-1.0600e+02 -1.0470e+02 -9.3049e+01 -9.4153e+01
# New trial
-1.0609e+02 -1.0561e+02 -1.0519e+02 -2.3230e+02
-1.0607e+02 -1.0535e+02 -9.9168e+01 -9.4297e+01
-1.0601e+02 -1.0474e+02 -9.3132e+01 -8.3081e+01
-1.0596e+02 -1.0424e+02 -8.9148e+01 -8.3072e+01
# New trial
-1.0610e+02 -1.0572e+02 -1.1062e+02 -2.5359e+02
-1.0604e+02 -1.0508e+02 -1.0062e+02 -1.5859e+02
-1.0594e+02 -1.0406e+02 -9.0045e+01 -8.3131e+01
-1.0592e+02 -1.0385e+02 -8.8366e+01 -8.3414e+01
# New trial
-1.0608e+02 -1.0559e+02 -1.0802e+02 -1.9774e+02
-1.0602e+02 -1.0496e+02 -9.9763e+01 -1.2065e+02
-1.0587e+02 -1.0341e+02 -8.6764e+01 -8.3088e+01
-1.0574e+02 -1.0215e+02 -8.4606e+01 -9.0147e+01
# New trial
-1.0610e+02 -1.0594e+02 -1.2279e+02 -3.7293e+02
-1.0604e+02 -1.0512e+02 -1.0275e+02 -1.4525e+02
-1.0591e+02 -1.0377e+02 -8.7794e+01 -8.3072e+01
-1.0583e+02 -1.0303e+02 -8.6219e+01 -8.4373e+01
# New trial
-1.0610e+02 -1.0567e+02 -1.0220e+02 -1.2332e+02
-1.0606e+02 -1.0529e+02 -9.8522e+01 -8.7927e+01
-1.0599e+02 -1.0460e+02 -9.2690e+01 -8.3139e+01
-1.0600e+02 -1.0465e+02 -9.3321e+01 -1.1860e+02
# New trial
-1.0606e+02 -1.0534e+02 -1.0431e+02 -2.4650e+02
-1.0604e+02 -1.0509e+02 -9.9059e+01 -1.2400e+02
-1.0598e+02 -1.0451e+02 -9.1735e+01 -8.3072e+01
-1.0597e+02 -1.0436e+02 -9.0396e+01 -8.3072e+01
# New trial
-1.0607e+02 -1.0550e+02 -1.0917e+02 -2.3830e+02
-1.0601e+02 -1.0491e+02 -1.0051e+02 -1.4149e+02
-1.0590e+02 -1.0369e+02 -8.8050e+01 -8.3094e+01
-1.0587e+02 -1.0339e+02 -8.9331e+01 -1.2238e+02
# New trial
-1.0610e+02 -1.0565e+02 -1.0405e+02 -1.7788e+02
-1.0606e+02 -1.0524e+02 -9.9384e+01 -1.1774e+02
-1.0597e+02 -1.0436e+02 -9.2037e+01 -8.4206e+01
-1.0598e+02 -1.0449e+02 -9.2162e+01 -8.3150e+01
# New trial
-1.0607e+02 -1.0545e+02 -1.0425e+02 -1.9991e+02
-1.0605e+02 -1.0520e+02 -9.9404e+01 -1.0884e+02
-1.0598e+02 -1.0448e+02 -9.1424e+01 -8.3082e+01
-1.0594e+02 -1.0406e+02 -8.8514e+01 -8.3072e+01
# New trial
