# 1.0sig - Array shape (trial/sig/alpha): (30L, 4L, 4L)
-7.8340e+01 -7.7473e+01 -9.0908e+01 -3.9871e+02
-7.8290e+01 -7.6900e+01 -7.5099e+01 -2.0669e+02
-7.8145e+01 -7.5379e+01 -5.5098e+01 -9.1079e+01
-7.8067e+01 -7.4573e+01 -5.0936e+01 -5.4677e+01
# New trial
-7.8298e+01 -7.6991e+01 -7.4900e+01 -2.0188e+02
-7.8274e+01 -7.6746e+01 -6.8680e+01 -8.4698e+01
-7.8209e+01 -7.6049e+01 -5.9949e+01 -6.6992e+01
-7.8238e+01 -7.6274e+01 -5.9940e+01 -5.6068e+01
# New trial
-7.8335e+01 -7.7315e+01 -7.6744e+01 -2.7640e+02
-7.8288e+01 -7.6831e+01 -6.8060e+01 -9.9806e+01
-7.8201e+01 -7.5939e+01 -5.7285e+01 -6.0400e+01
-7.8182e+01 -7.5729e+01 -5.6441e+01 -4.6835e+01
# New trial
-7.8352e+01 -7.7509e+01 -8.2913e+01 -3.7279e+02
-7.8306e+01 -7.7052e+01 -7.3848e+01 -1.9186e+02
-7.8234e+01 -7.6269e+01 -6.0624e+01 -6.3559e+01
-7.8242e+01 -7.6318e+01 -6.0304e+01 -6.3817e+01
# New trial
-7.8294e+01 -7.7066e+01 -9.4878e+01 -4.7081e+02
-7.8233e+01 -7.6348e+01 -7.1001e+01 -1.8100e+02
-7.8150e+01 -7.5448e+01 -5.6612e+01 -7.6742e+01
-7.8180e+01 -7.5702e+01 -5.6605e+01 -5.4934e+01
# New trial
-7.8349e+01 -7.7482e+01 -8.4401e+01 -3.7923e+02
-7.8308e+01 -7.7040e+01 -7.0690e+01 -1.5950e+02
-7.8225e+01 -7.6173e+01 -5.9633e+01 -6.9349e+01
-7.8221e+01 -7.6119e+01 -6.2781e+01 -1.6690e+02
# New trial
-7.8379e+01 -7.7747e+01 -7.9614e+01 -2.3286e+02
-7.8348e+01 -7.7388e+01 -7.0020e+01 -1.0976e+02
-7.8327e+01 -7.7167e+01 -6.6581e+01 -5.7931e+01
-7.8368e+01 -7.7565e+01 -6.9825e+01 -4.8996e+01
# New trial
-7.8357e+01 -7.7656e+01 -9.2249e+01 -4.4190e+02
-7.8286e+01 -7.6870e+01 -7.5714e+01 -2.6397e+02
-7.8168e+01 -7.5629e+01 -5.7834e+01 -6.4583e+01
-7.8218e+01 -7.6080e+01 -5.9331e+01 -5.3943e+01
# New trial
-7.8189e+01 -7.6286e+01 -8.2703e+01 -3.0154e+02
-7.8041e+01 -7.4612e+01 -6.2731e+01 -1.5539e+02
-7.7889e+01 -7.2923e+01 -5.1193e+01 -1.0374e+02
-7.8121e+01 -7.5164e+01 -6.7158e+01 -2.4910e+02
# New trial
-7.8383e+01 -7.7860e+01 -8.4327e+01 -3.2752e+02
-7.8310e+01 -7.7114e+01 -7.6383e+01 -2.4588e+02
-7.8145e+01 -7.5380e+01 -5.5431e+01 -7.7115e+01
-7.8097e+01 -7.4882e+01 -5.4200e+01 -7.3332e+01
# New trial
-7.8223e+01 -7.6417e+01 -8.0789e+01 -3.1147e+02
-7.8182e+01 -7.5957e+01 -7.1993e+01 -2.1222e+02
-7.8093e+01 -7.4906e+01 -5.5735e+01 -7.7885e+01
-7.8118e+01 -7.5093e+01 -5.5577e+01 -8.5276e+01
# New trial
-7.8347e+01 -7.7629e+01 -1.0057e+02 -5.1510e+02
-7.8272e+01 -7.6729e+01 -7.3341e+01 -1.8525e+02
-7.8127e+01 -7.5180e+01 -5.2027e+01 -7.0740e+01
-7.8079e+01 -7.4689e+01 -5.1106e+01 -4.7876e+01
# New trial
-7.8337e+01 -7.7456e+01 -9.3168e+01 -4.6524e+02
-7.8261e+01 -7.6620e+01 -7.0212e+01 -1.3334e+02
-7.8205e+01 -7.6000e+01 -5.9466e+01 -7.0554e+01
-7.8260e+01 -7.6513e+01 -6.2189e+01 -8.2565e+01
# New trial
-7.8329e+01 -7.7670e+01 -1.1792e+02 -7.0465e+02
-7.8222e+01 -7.6356e+01 -7.9118e+01 -2.7237e+02
-7.8075e+01 -7.4698e+01 -5.1783e+01 -8.4283e+01
-7.8126e+01 -7.5172e+01 -5.5227e+01 -7.4578e+01
# New trial
-7.8303e+01 -7.7104e+01 -8.7874e+01 -4.0477e+02
-7.8280e+01 -7.6785e+01 -7.1030e+01 -1.3290e+02
-7.8230e+01 -7.6222e+01 -5.9068e+01 -5.2069e+01
-7.8231e+01 -7.6205e+01 -5.8753e+01 -5.2501e+01
# New trial
-7.8252e+01 -7.7090e+01 -1.1127e+02 -6.2521e+02
-7.8196e+01 -7.6309e+01 -7.9074e+01 -2.6051e+02
-7.8066e+01 -7.4672e+01 -5.3300e+01 -7.3896e+01
-7.8202e+01 -7.5933e+01 -6.1060e+01 -1.4786e+02
# New trial
-7.8216e+01 -7.6250e+01 -7.2867e+01 -1.9160e+02
-7.8150e+01 -7.5582e+01 -6.5424e+01 -1.2420e+02
-7.8017e+01 -7.4156e+01 -5.0139e+01 -7.8639e+01
-7.8180e+01 -7.5704e+01 -5.7138e+01 -1.0852e+02
# New trial
-7.8348e+01 -7.7537e+01 -8.4114e+01 -3.0985e+02
-7.8290e+01 -7.6949e+01 -7.6571e+01 -2.1685e+02
-7.8152e+01 -7.5483e+01 -5.6300e+01 -7.3103e+01
-7.8186e+01 -7.5765e+01 -5.7635e+01 -7.8463e+01
# New trial
-7.8363e+01 -7.7805e+01 -1.0092e+02 -4.9859e+02
-7.8305e+01 -7.7157e+01 -8.6177e+01 -3.2290e+02
-7.8162e+01 -7.5556e+01 -5.5854e+01 -6.8720e+01
-7.8124e+01 -7.5142e+01 -5.3736e+01 -6.0134e+01
# New trial
-7.8393e+01 -7.7988e+01 -9.2946e+01 -4.1615e+02
-7.8346e+01 -7.7433e+01 -7.7701e+01 -2.3574e+02
-7.8248e+01 -7.6382e+01 -6.0484e+01 -6.6167e+01
-7.8220e+01 -7.6090e+01 -5.7389e+01 -4.8511e+01
# New trial
-7.8304e+01 -7.7260e+01 -9.5125e+01 -4.8411e+02
-7.8206e+01 -7.6169e+01 -6.9141e+01 -1.5187e+02
-7.8206e+01 -7.6014e+01 -6.0389e+01 -6.3631e+01
-7.8365e+01 -7.7545e+01 -7.0680e+01 -1.1485e+02
# New trial
-7.8338e+01 -7.7346e+01 -8.4588e+01 -4.3211e+02
-7.8295e+01 -7.6869e+01 -6.7005e+01 -8.7827e+01
-7.8215e+01 -7.6056e+01 -5.7295e+01 -5.5721e+01
-7.8230e+01 -7.6196e+01 -5.8491e+01 -4.6576e+01
# New trial
-7.8343e+01 -7.7662e+01 -9.9368e+01 -4.7609e+02
-7.8254e+01 -7.6643e+01 -7.5147e+01 -2.2380e+02
-7.8134e+01 -7.5365e+01 -5.7626e+01 -7.9080e+01
-7.8253e+01 -7.6465e+01 -6.3980e+01 -1.2119e+02
# New trial
-7.8397e+01 -7.8256e+01 -9.8646e+01 -4.4305e+02
-7.8295e+01 -7.7121e+01 -8.0670e+01 -2.5882e+02
-7.8080e+01 -7.4814e+01 -5.5095e+01 -9.7023e+01
-7.8026e+01 -7.4193e+01 -5.2856e+01 -9.8004e+01
# New trial
-7.8436e+01 -7.8889e+01 -1.2504e+02 -7.4599e+02
-7.8341e+01 -7.7597e+01 -8.8440e+01 -3.3607e+02
-7.8117e+01 -7.5145e+01 -5.6211e+01 -8.5400e+01
-7.8202e+01 -7.5927e+01 -6.0420e+01 -1.4276e+02
# New trial
-7.8370e+01 -7.7636e+01 -7.5828e+01 -1.7100e+02
-7.8301e+01 -7.6943e+01 -6.7831e+01 -1.0318e+02
-7.8190e+01 -7.5824e+01 -5.7233e+01 -7.2683e+01
-7.8278e+01 -7.6679e+01 -6.2841e+01 -9.2942e+01
# New trial
-7.8330e+01 -7.7327e+01 -8.4612e+01 -3.4932e+02
-7.8301e+01 -7.7003e+01 -7.4233e+01 -2.1088e+02
-7.8230e+01 -7.6238e+01 -6.1267e+01 -7.4585e+01
-7.8239e+01 -7.6291e+01 -6.2018e+01 -1.0349e+02
# New trial
-7.8332e+01 -7.7840e+01 -1.0255e+02 -4.9428e+02
-7.8246e+01 -7.6732e+01 -8.0523e+01 -2.7451e+02
-7.8096e+01 -7.4931e+01 -5.3451e+01 -7.6631e+01
-7.8098e+01 -7.4885e+01 -5.3801e+01 -5.8674e+01
# New trial
-7.8291e+01 -7.6940e+01 -7.8404e+01 -2.4056e+02
-7.8231e+01 -7.6296e+01 -6.4759e+01 -1.0807e+02
-7.8155e+01 -7.5495e+01 -5.4917e+01 -6.0963e+01
-7.8237e+01 -7.6273e+01 -5.9961e+01 -6.1144e+01
# New trial
-7.8349e+01 -7.7530e+01 -8.8634e+01 -4.2009e+02
-7.8318e+01 -7.7170e+01 -7.6047e+01 -2.2931e+02
-7.8214e+01 -7.6061e+01 -5.8822e+01 -8.0930e+01
-7.8166e+01 -7.5555e+01 -5.5485e+01 -5.3386e+01
# New trial
