# 10.0sig - Array shape (trial/sig/alpha): (30, 4, 4)
-1.7071e+02 -1.7026e+02 -1.6977e+02 -4.2576e+02
-1.7069e+02 -1.7010e+02 -1.6685e+02 -4.1204e+02
-1.7063e+02 -1.6945e+02 -1.5841e+02 -2.0820e+02
-1.7052e+02 -1.6834e+02 -1.4699e+02 -1.0028e+02
# New trial
-1.7078e+02 -1.7136e+02 -2.1953e+02 -1.1569e+03
-1.7069e+02 -1.7029e+02 -1.8984e+02 -6.8399e+02
-1.7045e+02 -1.6776e+02 -1.4919e+02 -2.6365e+02
-1.7018e+02 -1.6498e+02 -1.1763e+02 -8.7688e+01
# New trial
-1.7074e+02 -1.7060e+02 -1.7785e+02 -6.0142e+02
-1.7069e+02 -1.7006e+02 -1.6889e+02 -4.6025e+02
-1.7051e+02 -1.6824e+02 -1.4765e+02 -2.3195e+02
-1.7027e+02 -1.6586e+02 -1.2467e+02 -9.3468e+01
# New trial
-1.7070e+02 -1.7016e+02 -1.6929e+02 -4.1910e+02
-1.7066e+02 -1.6976e+02 -1.6511e+02 -3.6428e+02
-1.7048e+02 -1.6799e+02 -1.4533e+02 -1.6772e+02
-1.7022e+02 -1.6542e+02 -1.2089e+02 -9.2673e+01
# New trial
-1.7077e+02 -1.7096e+02 -1.9042e+02 -7.7437e+02
-1.7069e+02 -1.7015e+02 -1.7138e+02 -4.5086e+02
-1.7058e+02 -1.6896e+02 -1.5534e+02 -2.5225e+02
-1.7042e+02 -1.6741e+02 -1.3829e+02 -9.5122e+01
# New trial
-1.7068e+02 -1.6996e+02 -1.6651e+02 -3.0387e+02
-1.7062e+02 -1.6936e+02 -1.5958e+02 -2.4043e+02
-1.7044e+02 -1.6758e+02 -1.4041e+02 -1.0077e+02
-1.7019e+02 -1.6511e+02 -1.1804e+02 -8.7687e+01
# New trial
-1.7072e+02 -1.7038e+02 -1.6946e+02 -4.4151e+02
-1.7070e+02 -1.7021e+02 -1.6717e+02 -3.4843e+02
-1.7064e+02 -1.6955e+02 -1.6001e+02 -2.3774e+02
-1.7050e+02 -1.6819e+02 -1.4573e+02 -1.1539e+02
# New trial
-1.7071e+02 -1.7031e+02 -1.7605e+02 -5.1859e+02
-1.7067e+02 -1.6989e+02 -1.7013e+02 -4.3614e+02
-1.7054e+02 -1.6857e+02 -1.5363e+02 -2.7040e+02
-1.7034e+02 -1.6658e+02 -1.3061e+02 -9.0857e+01
# New trial
-1.7077e+02 -1.7116e+02 -2.2215e+02 -1.2406e+03
-1.7066e+02 -1.6994e+02 -1.7837e+02 -6.1202e+02
-1.7044e+02 -1.6756e+02 -1.4374e+02 -2.4325e+02
-1.7018e+02 -1.6503e+02 -1.1902e+02 -1.1762e+02
# New trial
-1.7073e+02 -1.7043e+02 -1.7011e+02 -3.6770e+02
-1.7069e+02 -1.7009e+02 -1.6463e+02 -2.0225e+02
-1.7062e+02 -1.6939e+02 -1.5735e+02 -1.3610e+02
-1.7053e+02 -1.6849e+02 -1.4853e+02 -1.0159e+02
# New trial
-1.7085e+02 -1.7192e+02 -2.1429e+02 -1.1746e+03
-1.7067e+02 -1.6993e+02 -1.7776e+02 -6.6683e+02
-1.7042e+02 -1.6744e+02 -1.4454e+02 -2.3745e+02
-1.7011e+02 -1.6428e+02 -1.1393e+02 -1.0195e+02
# New trial
-1.7087e+02 -1.7216e+02 -2.1803e+02 -1.0716e+03
-1.7075e+02 -1.7069e+02 -1.7427e+02 -3.5871e+02
-1.7064e+02 -1.6953e+02 -1.5953e+02 -1.5525e+02
-1.7051e+02 -1.6827e+02 -1.4635e+02 -9.0601e+01
# New trial
-1.7073e+02 -1.7057e+02 -1.8906e+02 -7.6667e+02
-1.7066e+02 -1.6989e+02 -1.7290e+02 -5.4820e+02
-1.7049e+02 -1.6808e+02 -1.5017e+02 -3.3270e+02
-1.7024e+02 -1.6556e+02 -1.2384e+02 -1.4210e+02
# New trial
-1.7077e+02 -1.7091e+02 -1.8115e+02 -5.6351e+02
-1.7070e+02 -1.7023e+02 -1.6973e+02 -3.4827e+02
-1.7052e+02 -1.6837e+02 -1.4794e+02 -1.0920e+02
-1.7031e+02 -1.6630e+02 -1.2809e+02 -8.7981e+01
# New trial
-1.7078e+02 -1.7111e+02 -1.9477e+02 -7.2457e+02
-1.7071e+02 -1.7032e+02 -1.7772e+02 -5.0803e+02
-1.7050e+02 -1.6820e+02 -1.4756e+02 -1.6125e+02
-1.7026e+02 -1.6575e+02 -1.2350e+02 -8.8494e+01
# New trial
-1.7079e+02 -1.7140e+02 -2.2447e+02 -1.1856e+03
-1.7069e+02 -1.7025e+02 -1.8156e+02 -6.0285e+02
-1.7042e+02 -1.6746e+02 -1.4844e+02 -3.0344e+02
-1.7007e+02 -1.6394e+02 -1.1389e+02 -1.2176e+02
# New trial
-1.7071e+02 -1.7051e+02 -2.1249e+02 -1.0514e+03
-1.7060e+02 -1.6925e+02 -1.6654e+02 -4.1993e+02
-1.7040e+02 -1.6722e+02 -1.4112e+02 -2.7064e+02
-1.7019e+02 -1.6509e+02 -1.1867e+02 -9.8719e+01
# New trial
-1.7072e+02 -1.7044e+02 -1.7719e+02 -5.4610e+02
-1.7062e+02 -1.6939e+02 -1.6036e+02 -2.6475e+02
-1.7042e+02 -1.6739e+02 -1.3969e+02 -1.6535e+02
-1.7018e+02 -1.6494e+02 -1.1675e+02 -8.7809e+01
# New trial
-1.7073e+02 -1.7051e+02 -1.7270e+02 -4.6532e+02
-1.7069e+02 -1.7003e+02 -1.6447e+02 -1.9319e+02
-1.7061e+02 -1.6923e+02 -1.5594e+02 -1.0273e+02
-1.7049e+02 -1.6807e+02 -1.4427e+02 -9.1814e+01
# New trial
-1.7085e+02 -1.7189e+02 -2.1265e+02 -1.0214e+03
-1.7074e+02 -1.7059e+02 -1.7439e+02 -4.7191e+02
-1.7054e+02 -1.6855e+02 -1.4976e+02 -1.3547e+02
-1.7029e+02 -1.6612e+02 -1.2705e+02 -8.8157e+01
# New trial
-1.7075e+02 -1.7070e+02 -1.7699e+02 -5.7144e+02
-1.7069e+02 -1.7008e+02 -1.6593e+02 -3.6002e+02
-1.7055e+02 -1.6872e+02 -1.5175e+02 -1.9782e+02
-1.7033e+02 -1.6651e+02 -1.3000e+02 -8.7696e+01
# New trial
-1.7069e+02 -1.7009e+02 -1.6708e+02 -3.7757e+02
-1.7065e+02 -1.6968e+02 -1.6381e+02 -3.7565e+02
-1.7048e+02 -1.6799e+02 -1.4527e+02 -1.7600e+02
-1.7024e+02 -1.6560e+02 -1.2318e+02 -8.9339e+01
# New trial
-1.7077e+02 -1.7091e+02 -1.7865e+02 -4.2466e+02
-1.7071e+02 -1.7033e+02 -1.7137e+02 -3.4453e+02
-1.7053e+02 -1.6852e+02 -1.5003e+02 -1.4309e+02
-1.7031e+02 -1.6628e+02 -1.2783e+02 -8.7721e+01
# New trial
-1.7073e+02 -1.7059e+02 -1.8388e+02 -5.8801e+02
-1.7066e+02 -1.6994e+02 -1.7881e+02 -5.9873e+02
-1.7045e+02 -1.6772e+02 -1.4719e+02 -2.0182e+02
-1.7011e+02 -1.6424e+02 -1.1127e+02 -8.7687e+01
# New trial
-1.7074e+02 -1.7071e+02 -1.9073e+02 -6.9114e+02
-1.7064e+02 -1.6974e+02 -1.7498e+02 -5.4652e+02
-1.7040e+02 -1.6725e+02 -1.4000e+02 -1.4719e+02
-1.7011e+02 -1.6429e+02 -1.1229e+02 -8.7729e+01
# New trial
-1.7083e+02 -1.7197e+02 -2.2945e+02 -1.1409e+03
-1.7066e+02 -1.6994e+02 -1.8626e+02 -7.4678e+02
-1.7031e+02 -1.6628e+02 -1.3420e+02 -1.7966e+02
-1.6989e+02 -1.6209e+02 -1.0356e+02 -1.1215e+02
# New trial
-1.7100e+02 -1.7367e+02 -2.4421e+02 -1.2024e+03
-1.7081e+02 -1.7139e+02 -1.8982e+02 -6.8899e+02
-1.7058e+02 -1.6900e+02 -1.5775e+02 -3.4013e+02
-1.7032e+02 -1.6637e+02 -1.3100e+02 -1.0246e+02
# New trial
-1.7070e+02 -1.7016e+02 -1.6617e+02 -3.0587e+02
-1.7067e+02 -1.6987e+02 -1.6367e+02 -3.2899e+02
-1.7055e+02 -1.6871e+02 -1.5133e+02 -1.7800e+02
-1.7040e+02 -1.6714e+02 -1.3591e+02 -9.0658e+01
# New trial
-1.7075e+02 -1.7077e+02 -1.9375e+02 -8.3635e+02
-1.7071e+02 -1.7038e+02 -1.8073e+02 -5.7671e+02
-1.7049e+02 -1.6818e+02 -1.5235e+02 -2.9844e+02
-1.7021e+02 -1.6532e+02 -1.2229e+02 -1.3140e+02
# New trial
-1.7072e+02 -1.7046e+02 -1.7740e+02 -5.9902e+02
-1.7068e+02 -1.7003e+02 -1.6766e+02 -4.1717e+02
-1.7055e+02 -1.6872e+02 -1.5281e+02 -3.0698e+02
-1.7033e+02 -1.6653e+02 -1.3278e+02 -2.2716e+02
# New trial
