# 1.0sig - Array shape (trial/sig/alpha): (30L, 4L, 4L)
-6.9181e+01 -6.8832e+01 -7.2880e+01 -1.7458e+02
-6.9155e+01 -6.8548e+01 -6.6702e+01 -9.5067e+01
-6.9090e+01 -6.7878e+01 -5.8591e+01 -5.5381e+01
-6.9046e+01 -6.7426e+01 -5.7113e+01 -5.5381e+01
# New trial
-6.9172e+01 -6.8710e+01 -6.7446e+01 -1.1189e+02
-6.9155e+01 -6.8552e+01 -6.5129e+01 -6.9758e+01
-6.9123e+01 -6.8221e+01 -6.1265e+01 -5.6136e+01
-6.9154e+01 -6.8511e+01 -6.2816e+01 -6.5465e+01
# New trial
-6.9183e+01 -6.8810e+01 -6.7994e+01 -1.1715e+02
-6.9166e+01 -6.8636e+01 -6.5154e+01 -6.3064e+01
-6.9124e+01 -6.8209e+01 -6.0474e+01 -5.5381e+01
-6.9102e+01 -6.7987e+01 -5.9173e+01 -5.5381e+01
# New trial
-6.9191e+01 -6.8905e+01 -7.0622e+01 -1.8622e+02
-6.9175e+01 -6.8743e+01 -6.7783e+01 -1.1665e+02
-6.9128e+01 -6.8259e+01 -6.1366e+01 -5.6305e+01
-6.9093e+01 -6.7890e+01 -5.8390e+01 -5.5431e+01
# New trial
-6.9188e+01 -6.8944e+01 -7.5899e+01 -2.0731e+02
-6.9157e+01 -6.8592e+01 -6.7805e+01 -1.2037e+02
-6.9098e+01 -6.7970e+01 -5.9753e+01 -5.5404e+01
-6.9095e+01 -6.7911e+01 -5.8967e+01 -5.5381e+01
# New trial
-6.9190e+01 -6.8893e+01 -7.1484e+01 -1.8403e+02
-6.9168e+01 -6.8663e+01 -6.5851e+01 -8.3325e+01
-6.9131e+01 -6.8282e+01 -6.1425e+01 -5.6000e+01
-6.9144e+01 -6.8402e+01 -6.1531e+01 -5.5388e+01
# New trial
-6.9197e+01 -6.8950e+01 -6.9155e+01 -1.3044e+02
-6.9186e+01 -6.8830e+01 -6.5989e+01 -8.7011e+01
-6.9173e+01 -6.8693e+01 -6.4200e+01 -5.5812e+01
-6.9177e+01 -6.8731e+01 -6.4436e+01 -5.5877e+01
# New trial
-6.9187e+01 -6.8913e+01 -7.4558e+01 -1.9918e+02
-6.9156e+01 -6.8574e+01 -6.7969e+01 -1.3718e+02
-6.9104e+01 -6.8024e+01 -5.9697e+01 -5.5382e+01
-6.9118e+01 -6.8143e+01 -6.0290e+01 -5.6697e+01
# New trial
-6.9130e+01 -6.8398e+01 -7.1493e+01 -1.6901e+02
-6.9080e+01 -6.7865e+01 -6.4780e+01 -9.9691e+01
-6.8984e+01 -6.6861e+01 -5.6751e+01 -5.5388e+01
-6.9032e+01 -6.7298e+01 -5.7592e+01 -6.2834e+01
# New trial
-6.9186e+01 -6.8866e+01 -6.9935e+01 -1.4757e+02
-6.9161e+01 -6.8610e+01 -6.7827e+01 -1.3359e+02
-6.9086e+01 -6.7843e+01 -5.8574e+01 -5.5381e+01
-6.9031e+01 -6.7276e+01 -5.7081e+01 -5.5381e+01
# New trial
-6.9152e+01 -6.8555e+01 -6.9551e+01 -1.5567e+02
-6.9124e+01 -6.8277e+01 -6.7427e+01 -1.3490e+02
-6.9076e+01 -6.7749e+01 -5.8894e+01 -5.5613e+01
-6.9112e+01 -6.8089e+01 -5.9557e+01 -5.5381e+01
# New trial
-6.9186e+01 -6.8921e+01 -7.6690e+01 -2.1297e+02
-6.9152e+01 -6.8514e+01 -6.5871e+01 -9.5041e+01
-6.9082e+01 -6.7791e+01 -5.7871e+01 -5.5383e+01
-6.9034e+01 -6.7306e+01 -5.6827e+01 -5.5381e+01
# New trial
-6.9176e+01 -6.8798e+01 -7.4622e+01 -2.0419e+02
-6.9152e+01 -6.8524e+01 -6.6534e+01 -9.8598e+01
-6.9124e+01 -6.8210e+01 -6.0788e+01 -5.5558e+01
-6.9131e+01 -6.8276e+01 -6.0859e+01 -5.5381e+01
# New trial
-6.9177e+01 -6.8930e+01 -8.3864e+01 -2.8940e+02
-6.9127e+01 -6.8328e+01 -6.9290e+01 -1.3681e+02
-6.9066e+01 -6.7647e+01 -5.8525e+01 -5.5391e+01
-6.9125e+01 -6.8225e+01 -6.5612e+01 -1.5211e+02
# New trial
-6.9174e+01 -6.8748e+01 -7.0348e+01 -1.6934e+02
-6.9160e+01 -6.8593e+01 -6.6072e+01 -9.3813e+01
-6.9129e+01 -6.8263e+01 -6.0926e+01 -5.5381e+01
-6.9147e+01 -6.8430e+01 -6.1748e+01 -5.5381e+01
# New trial
-6.9142e+01 -6.8642e+01 -8.1283e+01 -2.7524e+02
-6.9115e+01 -6.8305e+01 -6.9871e+01 -1.3720e+02
-6.9049e+01 -6.7518e+01 -5.8036e+01 -5.5381e+01
-6.9069e+01 -6.7679e+01 -6.3747e+01 -1.3544e+02
# New trial
-6.9156e+01 -6.8580e+01 -6.7968e+01 -1.1963e+02
-6.9117e+01 -6.8191e+01 -6.4347e+01 -9.1634e+01
-6.9038e+01 -6.7393e+01 -5.8372e+01 -5.5423e+01
-6.9104e+01 -6.8008e+01 -6.1897e+01 -1.0410e+02
# New trial
-6.9167e+01 -6.8670e+01 -6.7666e+01 -1.1860e+02
-6.9144e+01 -6.8446e+01 -6.5477e+01 -8.6225e+01
-6.9095e+01 -6.7930e+01 -5.9325e+01 -5.5643e+01
-6.9101e+01 -6.7974e+01 -5.9491e+01 -5.5383e+01
# New trial
-6.9183e+01 -6.8862e+01 -7.6163e+01 -2.2118e+02
-6.9161e+01 -6.8632e+01 -7.0766e+01 -1.5831e+02
-6.9092e+01 -6.7901e+01 -5.9382e+01 -5.5453e+01
-6.9029e+01 -6.7268e+01 -5.7257e+01 -6.5211e+01
# New trial
-6.9187e+01 -6.8875e+01 -7.1691e+01 -1.7792e+02
-6.9173e+01 -6.8716e+01 -6.6807e+01 -9.8785e+01
-6.9139e+01 -6.8359e+01 -6.1856e+01 -6.5577e+01
-6.9141e+01 -6.8381e+01 -6.6341e+01 -1.5473e+02
# New trial
-6.9138e+01 -6.8459e+01 -7.2945e+01 -1.9046e+02
-6.9103e+01 -6.8066e+01 -6.3065e+01 -7.0222e+01
-6.9113e+01 -6.8125e+01 -6.1041e+01 -5.5558e+01
-6.9197e+01 -6.8931e+01 -6.7152e+01 -1.2618e+02
# New trial
-6.9177e+01 -6.8759e+01 -6.9959e+01 -1.7273e+02
-6.9160e+01 -6.8578e+01 -6.4409e+01 -6.2786e+01
-6.9128e+01 -6.8244e+01 -6.0600e+01 -5.5387e+01
-6.9133e+01 -6.8288e+01 -6.1364e+01 -7.6030e+01
# New trial
-6.9186e+01 -6.8947e+01 -7.6576e+01 -2.0565e+02
-6.9134e+01 -6.8370e+01 -6.6210e+01 -1.0810e+02
-6.9084e+01 -6.7828e+01 -5.8191e+01 -5.5381e+01
-6.9120e+01 -6.8173e+01 -6.0840e+01 -5.5381e+01
# New trial
-6.9194e+01 -6.9021e+01 -7.5071e+01 -1.9551e+02
-6.9156e+01 -6.8609e+01 -6.8433e+01 -1.1497e+02
-6.9053e+01 -6.7526e+01 -5.6986e+01 -5.5381e+01
-6.8964e+01 -6.6620e+01 -5.5834e+01 -5.5381e+01
# New trial
-6.9251e+01 -6.9662e+01 -8.8736e+01 -3.5059e+02
-6.9201e+01 -6.9067e+01 -7.3508e+01 -1.7303e+02
-6.9080e+01 -6.7794e+01 -5.8727e+01 -5.5381e+01
-6.9081e+01 -6.7776e+01 -5.9369e+01 -5.9395e+01
# New trial
-6.9186e+01 -6.8833e+01 -6.6546e+01 -8.5248e+01
-6.9159e+01 -6.8561e+01 -6.3982e+01 -6.6276e+01
-6.9111e+01 -6.8081e+01 -5.9994e+01 -5.5392e+01
-6.9138e+01 -6.8342e+01 -6.1286e+01 -5.5403e+01
# New trial
-6.9166e+01 -6.8679e+01 -7.2750e+01 -1.8589e+02
-6.9155e+01 -6.8551e+01 -6.7247e+01 -1.1323e+02
-6.9117e+01 -6.8153e+01 -6.0912e+01 -5.6139e+01
-6.9120e+01 -6.8161e+01 -6.0444e+01 -6.2490e+01
# New trial
-6.9197e+01 -6.9098e+01 -7.8299e+01 -2.5001e+02
-6.9160e+01 -6.8659e+01 -6.8640e+01 -1.2502e+02
-6.9077e+01 -6.7766e+01 -5.8783e+01 -5.5389e+01
-6.9055e+01 -6.7524e+01 -5.7748e+01 -5.5382e+01
# New trial
-6.9183e+01 -6.8831e+01 -7.0043e+01 -1.3815e+02
-6.9150e+01 -6.8493e+01 -6.4611e+01 -7.8633e+01
-6.9100e+01 -6.7984e+01 -5.9029e+01 -5.5381e+01
-6.9126e+01 -6.8221e+01 -6.0904e+01 -5.5381e+01
# New trial
-6.9182e+01 -6.8829e+01 -7.2552e+01 -1.9541e+02
-6.9160e+01 -6.8594e+01 -6.6236e+01 -9.9600e+01
-6.9113e+01 -6.8104e+01 -5.9993e+01 -5.5879e+01
-6.9090e+01 -6.7865e+01 -5.8597e+01 -5.5381e+01
# New trial
