# 1.0sig - Array shape (trial/sig/alpha): (30, 4, 4)
-1.7517e+02 -1.7337e+02 -1.6716e+02 -3.9710e+02
-1.7504e+02 -1.7212e+02 -1.4849e+02 -1.8127e+02
-1.7473e+02 -1.6893e+02 -1.1660e+02 -8.7688e+01
-1.7438e+02 -1.6543e+02 -9.7902e+01 -8.7687e+01
# New trial
-1.7518e+02 -1.7345e+02 -1.6092e+02 -2.1412e+02
-1.7508e+02 -1.7253e+02 -1.5250e+02 -1.5214e+02
-1.7482e+02 -1.6994e+02 -1.2793e+02 -8.7719e+01
-1.7464e+02 -1.6803e+02 -1.1305e+02 -1.3289e+02
# New trial
-1.7520e+02 -1.7363e+02 -1.6186e+02 -2.8749e+02
-1.7511e+02 -1.7280e+02 -1.5274e+02 -1.3392e+02
-1.7488e+02 -1.7042e+02 -1.3076e+02 -1.0261e+02
-1.7465e+02 -1.6817e+02 -1.1383e+02 -1.0600e+02
# New trial
-1.7519e+02 -1.7363e+02 -1.6990e+02 -5.5334e+02
-1.7511e+02 -1.7274e+02 -1.5549e+02 -2.3101e+02
-1.7489e+02 -1.7058e+02 -1.3314e+02 -9.1974e+01
-1.7477e+02 -1.6932e+02 -1.2248e+02 -1.1447e+02
# New trial
-1.7508e+02 -1.7260e+02 -1.6871e+02 -5.2648e+02
-1.7495e+02 -1.7125e+02 -1.4563e+02 -2.7218e+02
-1.7469e+02 -1.6862e+02 -1.1590e+02 -8.7687e+01
-1.7453e+02 -1.6695e+02 -1.0514e+02 -8.7687e+01
# New trial
-1.7522e+02 -1.7389e+02 -1.6994e+02 -5.3908e+02
-1.7513e+02 -1.7301e+02 -1.5508e+02 -1.7974e+02
-1.7491e+02 -1.7076e+02 -1.3265e+02 -9.4291e+01
-1.7472e+02 -1.6880e+02 -1.1666e+02 -9.2747e+01
# New trial
-1.7530e+02 -1.7462e+02 -1.7223e+02 -3.9533e+02
-1.7525e+02 -1.7411e+02 -1.6378e+02 -2.0246e+02
-1.7515e+02 -1.7310e+02 -1.5371e+02 -1.1886e+02
-1.7509e+02 -1.7258e+02 -1.4951e+02 -1.9525e+02
# New trial
-1.7518e+02 -1.7358e+02 -1.7430e+02 -5.8807e+02
-1.7506e+02 -1.7224e+02 -1.5038e+02 -1.6902e+02
-1.7478e+02 -1.6945e+02 -1.2158e+02 -8.7691e+01
-1.7461e+02 -1.6779e+02 -1.0899e+02 -8.7687e+01
# New trial
-1.7497e+02 -1.7157e+02 -1.6159e+02 -4.0742e+02
-1.7476e+02 -1.6932e+02 -1.3213e+02 -1.7234e+02
-1.7427e+02 -1.6445e+02 -9.8950e+01 -8.8327e+01
-1.7403e+02 -1.6209e+02 -9.8606e+01 -1.3933e+02
# New trial
-1.7516e+02 -1.7328e+02 -1.6468e+02 -4.3519e+02
-1.7505e+02 -1.7217e+02 -1.5241e+02 -3.0984e+02
-1.7473e+02 -1.6900e+02 -1.1712e+02 -8.7687e+01
-1.7446e+02 -1.6630e+02 -1.0269e+02 -8.7687e+01
# New trial
-1.7509e+02 -1.7266e+02 -1.6335e+02 -3.9934e+02
-1.7497e+02 -1.7140e+02 -1.5015e+02 -2.8172e+02
-1.7463e+02 -1.6797e+02 -1.1599e+02 -1.1298e+02
-1.7448e+02 -1.6643e+02 -1.0885e+02 -1.4265e+02
# New trial
-1.7519e+02 -1.7363e+02 -1.7921e+02 -6.1841e+02
-1.7503e+02 -1.7200e+02 -1.4706e+02 -1.7758e+02
-1.7472e+02 -1.6886e+02 -1.1533e+02 -8.7687e+01
-1.7437e+02 -1.6534e+02 -9.8135e+01 -8.7687e+01
# New trial
-1.7524e+02 -1.7420e+02 -1.8203e+02 -6.5698e+02
-1.7511e+02 -1.7282e+02 -1.5776e+02 -2.4678e+02
-1.7489e+02 -1.7055e+02 -1.3408e+02 -9.5617e+01
-1.7482e+02 -1.6989e+02 -1.2980e+02 -2.2582e+02
# New trial
-1.7512e+02 -1.7324e+02 -2.1300e+02 -1.0436e+03
-1.7495e+02 -1.7130e+02 -1.5632e+02 -3.9948e+02
-1.7458e+02 -1.6751e+02 -1.1157e+02 -1.0866e+02
-1.7438e+02 -1.6556e+02 -1.2060e+02 -3.5238e+02
# New trial
-1.7521e+02 -1.7384e+02 -1.7186e+02 -6.1913e+02
-1.7513e+02 -1.7296e+02 -1.5627e+02 -2.0739e+02
-1.7490e+02 -1.7065e+02 -1.3143e+02 -8.7736e+01
-1.7474e+02 -1.6908e+02 -1.1814e+02 -8.7692e+01
# New trial
-1.7503e+02 -1.7233e+02 -2.0653e+02 -1.0053e+03
-1.7483e+02 -1.7030e+02 -1.5672e+02 -4.0185e+02
-1.7441e+02 -1.6591e+02 -1.0437e+02 -8.7998e+01
-1.7430e+02 -1.6474e+02 -1.0035e+02 -8.7951e+01
# New trial
-1.7515e+02 -1.7321e+02 -1.6408e+02 -3.3180e+02
-1.7500e+02 -1.7167e+02 -1.4843e+02 -2.8865e+02
-1.7455e+02 -1.6723e+02 -1.1024e+02 -8.7734e+01
-1.7427e+02 -1.6438e+02 -9.6896e+01 -8.8462e+01
# New trial
-1.7516e+02 -1.7331e+02 -1.6101e+02 -2.4163e+02
-1.7506e+02 -1.7234e+02 -1.5261e+02 -1.8823e+02
-1.7480e+02 -1.6968e+02 -1.2622e+02 -8.9953e+01
-1.7468e+02 -1.6845e+02 -1.1543e+02 -9.3402e+01
# New trial
-1.7517e+02 -1.7351e+02 -1.8291e+02 -6.7749e+02
-1.7506e+02 -1.7231e+02 -1.6124e+02 -3.7685e+02
-1.7475e+02 -1.6916e+02 -1.2013e+02 -8.7716e+01
-1.7452e+02 -1.6685e+02 -1.1281e+02 -2.0928e+02
# New trial
-1.7522e+02 -1.7388e+02 -1.7169e+02 -5.5304e+02
-1.7516e+02 -1.7324e+02 -1.5719e+02 -2.2958e+02
-1.7499e+02 -1.7153e+02 -1.3843e+02 -8.8613e+01
-1.7479e+02 -1.6953e+02 -1.2148e+02 -8.7688e+01
# New trial
-1.7516e+02 -1.7344e+02 -1.8234e+02 -5.9245e+02
-1.7498e+02 -1.7150e+02 -1.4740e+02 -1.7992e+02
-1.7477e+02 -1.6941e+02 -1.2550e+02 -8.8544e+01
-1.7484e+02 -1.7006e+02 -1.2807e+02 -1.8797e+02
# New trial
-1.7520e+02 -1.7369e+02 -1.6660e+02 -5.1343e+02
-1.7513e+02 -1.7290e+02 -1.5219e+02 -9.3252e+01
-1.7493e+02 -1.7096e+02 -1.3274e+02 -8.7687e+01
-1.7470e+02 -1.6863e+02 -1.1395e+02 -8.7687e+01
# New trial
-1.7517e+02 -1.7346e+02 -1.7582e+02 -5.5760e+02
-1.7497e+02 -1.7147e+02 -1.4601e+02 -2.1100e+02
-1.7464e+02 -1.6812e+02 -1.1731e+02 -8.7868e+01
-1.7459e+02 -1.6766e+02 -1.1971e+02 -2.1792e+02
# New trial
-1.7512e+02 -1.7298e+02 -1.6776e+02 -3.1973e+02
-1.7493e+02 -1.7100e+02 -1.4379e+02 -1.6738e+02
-1.7448e+02 -1.6649e+02 -1.0872e+02 -8.7835e+01
-1.7412e+02 -1.6297e+02 -1.1041e+02 -2.6466e+02
# New trial
-1.7515e+02 -1.7358e+02 -2.0697e+02 -9.4516e+02
-1.7495e+02 -1.7132e+02 -1.5232e+02 -2.4998e+02
-1.7454e+02 -1.6711e+02 -1.0999e+02 -8.7692e+01
-1.7427e+02 -1.6440e+02 -1.0644e+02 -1.8463e+02
# New trial
-1.7523e+02 -1.7397e+02 -1.6273e+02 -1.6784e+02
-1.7512e+02 -1.7280e+02 -1.5099e+02 -9.3276e+01
-1.7485e+02 -1.7017e+02 -1.2764e+02 -8.8029e+01
-1.7469e+02 -1.6854e+02 -1.1416e+02 -8.7704e+01
# New trial
-1.7513e+02 -1.7305e+02 -1.7019e+02 -6.2805e+02
-1.7505e+02 -1.7215e+02 -1.5118e+02 -2.0994e+02
-1.7482e+02 -1.6990e+02 -1.2693e+02 -8.7829e+01
-1.7470e+02 -1.6866e+02 -1.1614e+02 -8.7787e+01
# New trial
-1.7516e+02 -1.7352e+02 -1.8233e+02 -6.4099e+02
-1.7499e+02 -1.7175e+02 -1.5625e+02 -3.7319e+02
-1.7458e+02 -1.6752e+02 -1.0919e+02 -9.7302e+01
-1.7429e+02 -1.6459e+02 -9.9268e+01 -1.1054e+02
# New trial
-1.7520e+02 -1.7363e+02 -1.6304e+02 -2.7805e+02
-1.7508e+02 -1.7246e+02 -1.5046e+02 -1.7060e+02
-1.7480e+02 -1.6967e+02 -1.2703e+02 -9.2598e+01
-1.7467e+02 -1.6835e+02 -1.1521e+02 -1.1006e+02
# New trial
-1.7515e+02 -1.7322e+02 -1.6015e+02 -3.5089e+02
-1.7508e+02 -1.7243e+02 -1.5005e+02 -1.2890e+02
-1.7484e+02 -1.7001e+02 -1.2593e+02 -9.1687e+01
-1.7461e+02 -1.6772e+02 -1.0932e+02 -8.7701e+01
# New trial
