# 1.0sig - Array shape (trial/sig/alpha): (30, 4, 4)
-1.1995e+02 -1.1961e+02 -1.1853e+02 -1.6096e+02
-1.1993e+02 -1.1940e+02 -1.1522e+02 -1.2104e+02
-1.1988e+02 -1.1887e+02 -1.1000e+02 -1.0615e+02
-1.1982e+02 -1.1832e+02 -1.0750e+02 -1.0615e+02
# New trial
-1.1996e+02 -1.1968e+02 -1.1781e+02 -1.3204e+02
-1.1994e+02 -1.1951e+02 -1.1619e+02 -1.2082e+02
-1.1990e+02 -1.1908e+02 -1.1209e+02 -1.0622e+02
-1.1989e+02 -1.1896e+02 -1.1117e+02 -1.0632e+02
# New trial
-1.1996e+02 -1.1969e+02 -1.1793e+02 -1.5588e+02
-1.1995e+02 -1.1955e+02 -1.1612e+02 -1.1012e+02
-1.1991e+02 -1.1916e+02 -1.1236e+02 -1.0615e+02
-1.1988e+02 -1.1890e+02 -1.1019e+02 -1.0615e+02
# New trial
-1.1996e+02 -1.1971e+02 -1.1917e+02 -1.9900e+02
-1.1995e+02 -1.1956e+02 -1.1706e+02 -1.3476e+02
-1.1991e+02 -1.1917e+02 -1.1281e+02 -1.0626e+02
-1.1989e+02 -1.1894e+02 -1.1047e+02 -1.0615e+02
# New trial
-1.1993e+02 -1.1934e+02 -1.1656e+02 -1.5993e+02
-1.1991e+02 -1.1918e+02 -1.1385e+02 -1.2834e+02
-1.1988e+02 -1.1887e+02 -1.1078e+02 -1.0616e+02
-1.1987e+02 -1.1874e+02 -1.0995e+02 -1.0688e+02
# New trial
-1.1996e+02 -1.1968e+02 -1.1842e+02 -1.7722e+02
-1.1995e+02 -1.1955e+02 -1.1610e+02 -1.2335e+02
-1.1991e+02 -1.1917e+02 -1.1242e+02 -1.0615e+02
-1.1987e+02 -1.1880e+02 -1.0959e+02 -1.0615e+02
# New trial
-1.1999e+02 -1.1994e+02 -1.2024e+02 -1.6369e+02
-1.1998e+02 -1.1983e+02 -1.1848e+02 -1.3308e+02
-1.1996e+02 -1.1966e+02 -1.1678e+02 -1.1260e+02
-1.1995e+02 -1.1957e+02 -1.1589e+02 -1.1366e+02
# New trial
-1.1996e+02 -1.1966e+02 -1.2079e+02 -1.9214e+02
-1.1994e+02 -1.1943e+02 -1.1643e+02 -1.4288e+02
-1.1989e+02 -1.1899e+02 -1.1129e+02 -1.0616e+02
-1.1987e+02 -1.1881e+02 -1.0996e+02 -1.0732e+02
# New trial
-1.1994e+02 -1.1947e+02 -1.1880e+02 -1.6302e+02
-1.1990e+02 -1.1907e+02 -1.1433e+02 -1.3173e+02
-1.1981e+02 -1.1823e+02 -1.0845e+02 -1.0615e+02
-1.1979e+02 -1.1800e+02 -1.0861e+02 -1.1271e+02
# New trial
-1.1994e+02 -1.1950e+02 -1.1617e+02 -1.3659e+02
-1.1993e+02 -1.1932e+02 -1.1443e+02 -1.1525e+02
-1.1988e+02 -1.1890e+02 -1.1038e+02 -1.0615e+02
-1.1986e+02 -1.1863e+02 -1.0853e+02 -1.0615e+02
# New trial
-1.1993e+02 -1.1940e+02 -1.1718e+02 -1.6223e+02
-1.1991e+02 -1.1921e+02 -1.1509e+02 -1.3876e+02
-1.1986e+02 -1.1870e+02 -1.0936e+02 -1.0616e+02
-1.1986e+02 -1.1871e+02 -1.0880e+02 -1.0615e+02
# New trial
-1.1996e+02 -1.1964e+02 -1.2023e+02 -1.8970e+02
-1.1993e+02 -1.1938e+02 -1.1487e+02 -1.2071e+02
-1.1988e+02 -1.1891e+02 -1.1045e+02 -1.0616e+02
-1.1984e+02 -1.1851e+02 -1.0846e+02 -1.0631e+02
# New trial
-1.1997e+02 -1.1982e+02 -1.2165e+02 -2.0380e+02
-1.1995e+02 -1.1957e+02 -1.1710e+02 -1.3484e+02
-1.1991e+02 -1.1918e+02 -1.1301e+02 -1.0777e+02
-1.1990e+02 -1.1911e+02 -1.1203e+02 -1.1263e+02
# New trial
-1.1994e+02 -1.1952e+02 -1.2524e+02 -2.5511e+02
-1.1992e+02 -1.1924e+02 -1.1646e+02 -1.4412e+02
-1.1987e+02 -1.1877e+02 -1.1016e+02 -1.0616e+02
-1.1989e+02 -1.1894e+02 -1.1137e+02 -1.2244e+02
# New trial
-1.1997e+02 -1.1978e+02 -1.2040e+02 -2.0100e+02
-1.1996e+02 -1.1963e+02 -1.1765e+02 -1.3799e+02
-1.1992e+02 -1.1925e+02 -1.1325e+02 -1.0649e+02
-1.1989e+02 -1.1895e+02 -1.1114e+02 -1.2072e+02
# New trial
-1.1995e+02 -1.1966e+02 -1.2627e+02 -2.5126e+02
-1.1991e+02 -1.1926e+02 -1.1798e+02 -1.4972e+02
-1.1985e+02 -1.1860e+02 -1.0989e+02 -1.0617e+02
-1.1989e+02 -1.1896e+02 -1.1068e+02 -1.0615e+02
# New trial
-1.1996e+02 -1.1966e+02 -1.1852e+02 -1.5284e+02
-1.1993e+02 -1.1941e+02 -1.1634e+02 -1.4177e+02
-1.1986e+02 -1.1866e+02 -1.0981e+02 -1.0621e+02
-1.1982e+02 -1.1831e+02 -1.0755e+02 -1.0615e+02
# New trial
-1.1996e+02 -1.1965e+02 -1.1787e+02 -1.4280e+02
-1.1994e+02 -1.1949e+02 -1.1652e+02 -1.3229e+02
-1.1990e+02 -1.1908e+02 -1.1228e+02 -1.0742e+02
-1.1990e+02 -1.1908e+02 -1.1419e+02 -1.6090e+02
# New trial
-1.1996e+02 -1.1969e+02 -1.2007e+02 -1.7660e+02
-1.1994e+02 -1.1951e+02 -1.1776e+02 -1.4931e+02
-1.1990e+02 -1.1903e+02 -1.1193e+02 -1.0770e+02
-1.1986e+02 -1.1872e+02 -1.1037e+02 -1.2283e+02
# New trial
-1.1997e+02 -1.1975e+02 -1.1966e+02 -1.7795e+02
-1.1996e+02 -1.1963e+02 -1.1724e+02 -1.3690e+02
-1.1992e+02 -1.1930e+02 -1.1352e+02 -1.0680e+02
-1.1988e+02 -1.1891e+02 -1.1030e+02 -1.0615e+02
# New trial
-1.1995e+02 -1.1958e+02 -1.2051e+02 -1.9012e+02
-1.1992e+02 -1.1928e+02 -1.1473e+02 -1.1624e+02
-1.1989e+02 -1.1898e+02 -1.1194e+02 -1.0738e+02
-1.1993e+02 -1.1938e+02 -1.1502e+02 -1.4035e+02
# New trial
-1.1996e+02 -1.1966e+02 -1.1863e+02 -1.7550e+02
-1.1995e+02 -1.1953e+02 -1.1570e+02 -1.0679e+02
-1.1992e+02 -1.1923e+02 -1.1283e+02 -1.0616e+02
-1.1988e+02 -1.1890e+02 -1.1016e+02 -1.0615e+02
# New trial
-1.1995e+02 -1.1963e+02 -1.2024e+02 -1.7932e+02
-1.1992e+02 -1.1929e+02 -1.1559e+02 -1.3716e+02
-1.1987e+02 -1.1881e+02 -1.1068e+02 -1.0618e+02
-1.1987e+02 -1.1882e+02 -1.1062e+02 -1.1238e+02
# New trial
-1.1995e+02 -1.1961e+02 -1.1931e+02 -1.5038e+02
-1.1992e+02 -1.1926e+02 -1.1527e+02 -1.3215e+02
-1.1984e+02 -1.1852e+02 -1.0918e+02 -1.0639e+02
-1.1981e+02 -1.1821e+02 -1.0852e+02 -1.0619e+02
# New trial
-1.1995e+02 -1.1965e+02 -1.2543e+02 -2.5232e+02
-1.1992e+02 -1.1929e+02 -1.1630e+02 -1.3063e+02
-1.1985e+02 -1.1863e+02 -1.0977e+02 -1.0651e+02
-1.1983e+02 -1.1834e+02 -1.0859e+02 -1.1299e+02
# New trial
-1.1997e+02 -1.1972e+02 -1.1758e+02 -1.2351e+02
-1.1994e+02 -1.1951e+02 -1.1556e+02 -1.0811e+02
-1.1990e+02 -1.1910e+02 -1.1196e+02 -1.0616e+02
-1.1988e+02 -1.1891e+02 -1.1035e+02 -1.0651e+02
# New trial
-1.1994e+02 -1.1951e+02 -1.1707e+02 -1.4915e+02
-1.1993e+02 -1.1938e+02 -1.1519e+02 -1.1918e+02
-1.1990e+02 -1.1910e+02 -1.1194e+02 -1.0615e+02
-1.1991e+02 -1.1916e+02 -1.1228e+02 -1.0666e+02
# New trial
-1.1998e+02 -1.1989e+02 -1.2374e+02 -2.2456e+02
-1.1995e+02 -1.1959e+02 -1.1942e+02 -1.8055e+02
-1.1989e+02 -1.1896e+02 -1.1254e+02 -1.2741e+02
-1.1986e+02 -1.1862e+02 -1.1075e+02 -1.1704e+02
# New trial
-1.1996e+02 -1.1966e+02 -1.1786e+02 -1.4564e+02
-1.1994e+02 -1.1948e+02 -1.1584e+02 -1.2358e+02
-1.1990e+02 -1.1904e+02 -1.1214e+02 -1.0673e+02
-1.1988e+02 -1.1882e+02 -1.0995e+02 -1.0630e+02
# New trial
-1.1996e+02 -1.1966e+02 -1.1808e+02 -1.6656e+02
-1.1995e+02 -1.1954e+02 -1.1634e+02 -1.2805e+02
-1.1991e+02 -1.1915e+02 -1.1249e+02 -1.1131e+02
-1.1988e+02 -1.1884e+02 -1.1049e+02 -1.0985e+02
# New trial
