# 10.0sig - Array shape (trial/sig/alpha): (30L, 4L, 4L)
-2.3085e+01 -2.3171e+01 -2.4490e+01 -5.1859e+01
-2.3081e+01 -2.3134e+01 -2.3761e+01 -3.4216e+01
-2.3076e+01 -2.3083e+01 -2.3167e+01 -2.4852e+01
-2.3076e+01 -2.3075e+01 -2.3069e+01 -2.3054e+01
# New trial
-2.3083e+01 -2.3309e+01 -3.1317e+01 -1.3179e+02
-2.3065e+01 -2.3050e+01 -2.5485e+01 -6.7931e+01
-2.3072e+01 -2.3058e+01 -2.3588e+01 -4.9924e+01
-2.3075e+01 -2.3073e+01 -2.3106e+01 -2.9186e+01
# New trial
-2.3089e+01 -2.3225e+01 -2.6076e+01 -7.1194e+01
-2.3083e+01 -2.3150e+01 -2.4255e+01 -5.1117e+01
-2.3075e+01 -2.3075e+01 -2.3153e+01 -3.1891e+01
-2.3075e+01 -2.3074e+01 -2.3063e+01 -2.3076e+01
# New trial
-2.3085e+01 -2.3168e+01 -2.4225e+01 -4.4125e+01
-2.3082e+01 -2.3139e+01 -2.3795e+01 -3.7373e+01
-2.3077e+01 -2.3091e+01 -2.3258e+01 -3.1561e+01
-2.3076e+01 -2.3076e+01 -2.3085e+01 -2.5147e+01
# New trial
-2.3105e+01 -2.3477e+01 -3.2798e+01 -1.4887e+02
-2.3083e+01 -2.3182e+01 -2.5689e+01 -6.1954e+01
-2.3073e+01 -2.3061e+01 -2.3266e+01 -3.7059e+01
-2.3075e+01 -2.3071e+01 -2.3060e+01 -2.6701e+01
# New trial
-2.3054e+01 -2.2898e+01 -2.5052e+01 -6.7535e+01
-2.3066e+01 -2.2991e+01 -2.3148e+01 -4.4810e+01
-2.3074e+01 -2.3064e+01 -2.3027e+01 -2.9777e+01
-2.3075e+01 -2.3073e+01 -2.3055e+01 -2.3027e+01
# New trial
-2.3047e+01 -2.2811e+01 -2.1630e+01 -2.4269e+01
-2.3068e+01 -2.2999e+01 -2.2650e+01 -2.7386e+01
-2.3075e+01 -2.3065e+01 -2.3011e+01 -2.3606e+01
-2.3075e+01 -2.3074e+01 -2.3065e+01 -2.3034e+01
# New trial
-2.2997e+01 -2.2473e+01 -2.2330e+01 -3.5654e+01
-2.3041e+01 -2.2776e+01 -2.1810e+01 -2.5410e+01
-2.3071e+01 -2.3038e+01 -2.3213e+01 -4.1915e+01
-2.3075e+01 -2.3073e+01 -2.3069e+01 -2.6200e+01
# New trial
-2.3008e+01 -2.2444e+01 -1.9754e+01 -1.8461e+01
-2.3057e+01 -2.2903e+01 -2.2451e+01 -3.5103e+01
-2.3074e+01 -2.3064e+01 -2.3370e+01 -4.3352e+01
-2.3076e+01 -2.3077e+01 -2.3139e+01 -3.8508e+01
# New trial
-2.3078e+01 -2.3101e+01 -2.3422e+01 -3.5287e+01
-2.3076e+01 -2.3083e+01 -2.3198e+01 -3.0206e+01
-2.3075e+01 -2.3072e+01 -2.3054e+01 -2.6574e+01
-2.3076e+01 -2.3075e+01 -2.3072e+01 -2.3388e+01
# New trial
-2.3129e+01 -2.3658e+01 -3.1186e+01 -1.2573e+02
-2.3114e+01 -2.3486e+01 -2.9112e+01 -1.1074e+02
-2.3090e+01 -2.3219e+01 -2.4947e+01 -6.3263e+01
-2.3076e+01 -2.3078e+01 -2.3108e+01 -2.4021e+01
# New trial
-2.3074e+01 -2.3056e+01 -2.2937e+01 -2.5802e+01
-2.3075e+01 -2.3066e+01 -2.2990e+01 -2.2918e+01
-2.3075e+01 -2.3074e+01 -2.3056e+01 -2.2964e+01
-2.3076e+01 -2.3075e+01 -2.3072e+01 -2.3050e+01
# New trial
-2.3095e+01 -2.3281e+01 -2.7028e+01 -8.8785e+01
-2.3091e+01 -2.3236e+01 -2.5171e+01 -5.6728e+01
-2.3079e+01 -2.3115e+01 -2.3558e+01 -3.4672e+01
-2.3076e+01 -2.3076e+01 -2.3077e+01 -2.3532e+01
# New trial
-2.3102e+01 -2.3381e+01 -2.8679e+01 -1.0164e+02
-2.3084e+01 -2.3183e+01 -2.5601e+01 -6.3849e+01
-2.3074e+01 -2.3063e+01 -2.3264e+01 -3.8568e+01
-2.3075e+01 -2.3068e+01 -2.3052e+01 -2.3157e+01
# New trial
-2.3104e+01 -2.3378e+01 -2.8267e+01 -1.0891e+02
-2.3099e+01 -2.3322e+01 -2.6481e+01 -7.3594e+01
-2.3080e+01 -2.3128e+01 -2.3864e+01 -4.6661e+01
-2.3075e+01 -2.3069e+01 -2.3050e+01 -2.4151e+01
# New trial
-2.3045e+01 -2.2835e+01 -2.2798e+01 -3.1934e+01
-2.3067e+01 -2.3000e+01 -2.2773e+01 -2.4623e+01
-2.3074e+01 -2.3066e+01 -2.3054e+01 -2.6400e+01
-2.3075e+01 -2.3074e+01 -2.3078e+01 -2.6363e+01
# New trial
-2.3026e+01 -2.2753e+01 -2.4510e+01 -5.8926e+01
-2.3054e+01 -2.2908e+01 -2.2576e+01 -2.4441e+01
-2.3073e+01 -2.3055e+01 -2.3082e+01 -2.8020e+01
-2.3075e+01 -2.3074e+01 -2.3080e+01 -2.5105e+01
# New trial
-2.3045e+01 -2.2801e+01 -2.1962e+01 -2.5868e+01
-2.3068e+01 -2.3002e+01 -2.2738e+01 -2.3971e+01
-2.3075e+01 -2.3068e+01 -2.3045e+01 -2.6972e+01
-2.3076e+01 -2.3076e+01 -2.3090e+01 -2.8815e+01
# New trial
-2.3082e+01 -2.3142e+01 -2.4274e+01 -5.1048e+01
-2.3082e+01 -2.3138e+01 -2.4083e+01 -4.7021e+01
-2.3076e+01 -2.3080e+01 -2.3215e+01 -3.1639e+01
-2.3075e+01 -2.3072e+01 -2.3052e+01 -2.3209e+01
# New trial
-2.3123e+01 -2.3596e+01 -3.0874e+01 -1.1850e+02
-2.3119e+01 -2.3527e+01 -2.8511e+01 -8.8707e+01
-2.3087e+01 -2.3194e+01 -2.4487e+01 -4.4363e+01
-2.3076e+01 -2.3076e+01 -2.3087e+01 -2.6669e+01
# New trial
-2.3016e+01 -2.2624e+01 -2.4782e+01 -6.2425e+01
-2.3046e+01 -2.2822e+01 -2.2371e+01 -3.0498e+01
-2.3072e+01 -2.3043e+01 -2.3147e+01 -4.6166e+01
-2.3076e+01 -2.3077e+01 -2.3098e+01 -2.8164e+01
# New trial
-2.3050e+01 -2.2826e+01 -2.1421e+01 -2.0424e+01
-2.3067e+01 -2.2993e+01 -2.2905e+01 -4.0952e+01
-2.3074e+01 -2.3067e+01 -2.3200e+01 -4.0031e+01
-2.3075e+01 -2.3074e+01 -2.3065e+01 -2.3189e+01
# New trial
-2.3059e+01 -2.2935e+01 -2.3596e+01 -5.4293e+01
-2.3061e+01 -2.2946e+01 -2.2723e+01 -3.2482e+01
-2.3073e+01 -2.3056e+01 -2.3125e+01 -3.4709e+01
-2.3075e+01 -2.3067e+01 -2.3053e+01 -2.3895e+01
# New trial
-2.3064e+01 -2.2977e+01 -2.3662e+01 -5.0150e+01
-2.3069e+01 -2.3018e+01 -2.3030e+01 -3.6139e+01
-2.3074e+01 -2.3065e+01 -2.3055e+01 -3.8635e+01
-2.3076e+01 -2.3075e+01 -2.3079e+01 -2.7075e+01
# New trial
-2.3054e+01 -2.2876e+01 -2.2760e+01 -3.9873e+01
-2.3060e+01 -2.2924e+01 -2.2027e+01 -2.0505e+01
-2.3070e+01 -2.3022e+01 -2.2613e+01 -2.4712e+01
-2.3076e+01 -2.3075e+01 -2.3077e+01 -2.8465e+01
# New trial
-2.3142e+01 -2.3908e+01 -3.7597e+01 -1.9328e+02
-2.3113e+01 -2.3488e+01 -2.8902e+01 -9.7139e+01
-2.3080e+01 -2.3132e+01 -2.4221e+01 -5.0951e+01
-2.3075e+01 -2.3074e+01 -2.3126e+01 -3.5077e+01
# New trial
-2.3014e+01 -2.2557e+01 -2.1570e+01 -2.9763e+01
-2.3066e+01 -2.3012e+01 -2.4573e+01 -6.2872e+01
-2.3074e+01 -2.3068e+01 -2.4293e+01 -6.8783e+01
-2.3075e+01 -2.3075e+01 -2.3195e+01 -3.8891e+01
# New trial
-2.3100e+01 -2.3368e+01 -2.9086e+01 -1.0254e+02
-2.3085e+01 -2.3186e+01 -2.5263e+01 -5.6211e+01
-2.3074e+01 -2.3059e+01 -2.3085e+01 -3.2922e+01
-2.3075e+01 -2.3073e+01 -2.3060e+01 -2.3308e+01
# New trial
-2.3024e+01 -2.2618e+01 -2.2131e+01 -4.3789e+01
-2.3055e+01 -2.2883e+01 -2.2166e+01 -3.4101e+01
-2.3072e+01 -2.3043e+01 -2.3026e+01 -3.7689e+01
-2.3075e+01 -2.3069e+01 -2.3042e+01 -2.3320e+01
# New trial
-2.3091e+01 -2.3300e+01 -2.9108e+01 -1.0729e+02
-2.3074e+01 -2.3098e+01 -2.4816e+01 -5.6891e+01
-2.3072e+01 -2.3050e+01 -2.3305e+01 -4.1840e+01
-2.3075e+01 -2.3073e+01 -2.3080e+01 -3.0982e+01
# New trial
