# 10.0sig - Array shape (trial/sig/alpha): (30, 4, 4)
-1.6149e+02 -1.6118e+02 -1.6695e+02 -5.7251e+02
-1.6146e+02 -1.6093e+02 -1.6183e+02 -5.0212e+02
-1.6137e+02 -1.5994e+02 -1.4734e+02 -2.5899e+02
-1.6121e+02 -1.5830e+02 -1.3016e+02 -1.0252e+02
# New trial
-1.6161e+02 -1.6313e+02 -2.4471e+02 -1.6334e+03
-1.6149e+02 -1.6169e+02 -2.0286e+02 -9.7263e+02
-1.6118e+02 -1.5822e+02 -1.4432e+02 -5.3096e+02
-1.6079e+02 -1.5417e+02 -9.4519e+01 -5.5382e+01
# New trial
-1.6148e+02 -1.6118e+02 -1.7466e+02 -7.7968e+02
-1.6141e+02 -1.6042e+02 -1.6089e+02 -5.6885e+02
-1.6115e+02 -1.5779e+02 -1.2753e+02 -1.2679e+02
-1.6080e+02 -1.5428e+02 -9.4721e+01 -5.7297e+01
# New trial
-1.6140e+02 -1.6034e+02 -1.5961e+02 -5.8485e+02
-1.6135e+02 -1.5977e+02 -1.5163e+02 -3.6789e+02
-1.6111e+02 -1.5740e+02 -1.2284e+02 -7.7306e+01
-1.6078e+02 -1.5410e+02 -9.2958e+01 -5.5388e+01
# New trial
-1.6157e+02 -1.6222e+02 -1.9918e+02 -1.0186e+03
-1.6146e+02 -1.6097e+02 -1.6855e+02 -5.7899e+02
-1.6128e+02 -1.5911e+02 -1.4161e+02 -2.4150e+02
-1.6108e+02 -1.5702e+02 -1.1802e+02 -8.4415e+01
# New trial
-1.6143e+02 -1.6061e+02 -1.6425e+02 -4.7157e+02
-1.6134e+02 -1.5966e+02 -1.5109e+02 -3.4066e+02
-1.6109e+02 -1.5714e+02 -1.2162e+02 -1.1515e+02
-1.6075e+02 -1.5374e+02 -9.0339e+01 -6.3958e+01
# New trial
-1.6146e+02 -1.6090e+02 -1.6220e+02 -7.4528e+02
-1.6144e+02 -1.6068e+02 -1.5619e+02 -3.4389e+02
-1.6135e+02 -1.5976e+02 -1.4499e+02 -1.4770e+02
-1.6120e+02 -1.5820e+02 -1.2899e+02 -9.1602e+01
# New trial
-1.6144e+02 -1.6083e+02 -1.7470e+02 -7.5526e+02
-1.6138e+02 -1.6018e+02 -1.6171e+02 -6.2516e+02
-1.6121e+02 -1.5837e+02 -1.3588e+02 -1.8852e+02
-1.6097e+02 -1.5600e+02 -1.0963e+02 -7.3287e+01
# New trial
-1.6161e+02 -1.6300e+02 -2.5617e+02 -1.7448e+03
-1.6146e+02 -1.6122e+02 -1.9181e+02 -8.8974e+02
-1.6110e+02 -1.5733e+02 -1.2641e+02 -2.3722e+02
-1.6072e+02 -1.5346e+02 -9.0850e+01 -1.0917e+02
# New trial
-1.6147e+02 -1.6093e+02 -1.5960e+02 -4.6572e+02
-1.6142e+02 -1.6044e+02 -1.5163e+02 -2.0966e+02
-1.6133e+02 -1.5951e+02 -1.4182e+02 -9.8004e+01
-1.6123e+02 -1.5857e+02 -1.3245e+02 -6.8857e+01
# New trial
-1.6163e+02 -1.6304e+02 -2.3155e+02 -1.5959e+03
-1.6137e+02 -1.6020e+02 -1.9083e+02 -1.1973e+03
-1.6101e+02 -1.5642e+02 -1.3071e+02 -5.5626e+02
-1.6058e+02 -1.5210e+02 -8.1546e+01 -5.9696e+01
# New trial
-1.6172e+02 -1.6412e+02 -2.4851e+02 -1.4923e+03
-1.6149e+02 -1.6123e+02 -1.6812e+02 -5.1423e+02
-1.6134e+02 -1.5967e+02 -1.4589e+02 -2.3345e+02
-1.6116e+02 -1.5789e+02 -1.2667e+02 -1.0046e+02
# New trial
-1.6153e+02 -1.6181e+02 -1.9790e+02 -1.0609e+03
-1.6145e+02 -1.6093e+02 -1.7261e+02 -5.5547e+02
-1.6119e+02 -1.5821e+02 -1.3578e+02 -2.9579e+02
-1.6085e+02 -1.5479e+02 -1.0099e+02 -1.0488e+02
# New trial
-1.6153e+02 -1.6168e+02 -1.8006e+02 -7.5993e+02
-1.6145e+02 -1.6086e+02 -1.6567e+02 -5.0583e+02
-1.6120e+02 -1.5829e+02 -1.3239e+02 -1.2047e+02
-1.6091e+02 -1.5540e+02 -1.0345e+02 -5.5647e+01
# New trial
-1.6157e+02 -1.6222e+02 -2.0130e+02 -9.9112e+02
-1.6147e+02 -1.6118e+02 -1.7875e+02 -6.8862e+02
-1.6119e+02 -1.5817e+02 -1.3458e+02 -2.2642e+02
-1.6083e+02 -1.5458e+02 -9.6376e+01 -5.5382e+01
# New trial
-1.6168e+02 -1.6387e+02 -2.6171e+02 -1.6757e+03
-1.6148e+02 -1.6139e+02 -1.8810e+02 -8.5858e+02
-1.6106e+02 -1.5700e+02 -1.2829e+02 -2.8944e+02
-1.6060e+02 -1.5227e+02 -8.3563e+01 -8.0899e+01
# New trial
-1.6150e+02 -1.6181e+02 -2.3628e+02 -1.5564e+03
-1.6135e+02 -1.5998e+02 -1.7078e+02 -7.8000e+02
-1.6107e+02 -1.5698e+02 -1.2794e+02 -2.9025e+02
-1.6073e+02 -1.5358e+02 -8.8773e+01 -5.5382e+01
# New trial
-1.6151e+02 -1.6144e+02 -1.7880e+02 -8.5928e+02
-1.6138e+02 -1.6009e+02 -1.5508e+02 -3.8987e+02
-1.6112e+02 -1.5752e+02 -1.2971e+02 -3.3661e+02
-1.6084e+02 -1.5464e+02 -9.7807e+01 -6.7341e+01
# New trial
-1.6152e+02 -1.6153e+02 -1.7158e+02 -6.0055e+02
-1.6145e+02 -1.6078e+02 -1.5667e+02 -2.3339e+02
-1.6133e+02 -1.5953e+02 -1.4237e+02 -7.2901e+01
-1.6116e+02 -1.5786e+02 -1.2545e+02 -5.5461e+01
# New trial
-1.6168e+02 -1.6353e+02 -2.3630e+02 -1.4359e+03
-1.6153e+02 -1.6170e+02 -1.7868e+02 -8.2363e+02
-1.6122e+02 -1.5845e+02 -1.3406e+02 -1.3551e+02
-1.6086e+02 -1.5483e+02 -1.0018e+02 -6.3167e+01
# New trial
-1.6155e+02 -1.6183e+02 -1.8246e+02 -7.9184e+02
-1.6144e+02 -1.6067e+02 -1.5795e+02 -4.9984e+02
-1.6123e+02 -1.5856e+02 -1.3474e+02 -2.5398e+02
-1.6093e+02 -1.5557e+02 -1.0485e+02 -5.7173e+01
# New trial
-1.6144e+02 -1.6066e+02 -1.5851e+02 -5.4307e+02
-1.6139e+02 -1.6018e+02 -1.5467e+02 -5.1688e+02
-1.6119e+02 -1.5818e+02 -1.3079e+02 -1.9768e+02
-1.6089e+02 -1.5517e+02 -1.0336e+02 -6.2739e+01
# New trial
-1.6148e+02 -1.6114e+02 -1.7024e+02 -5.8106e+02
-1.6141e+02 -1.6041e+02 -1.6252e+02 -5.6110e+02
-1.6118e+02 -1.5810e+02 -1.3257e+02 -2.0629e+02
-1.6089e+02 -1.5519e+02 -1.0169e+02 -5.5423e+01
# New trial
-1.6148e+02 -1.6130e+02 -1.8747e+02 -8.1803e+02
-1.6139e+02 -1.6042e+02 -1.7590e+02 -7.2259e+02
-1.6112e+02 -1.5755e+02 -1.3147e+02 -3.1382e+02
-1.6066e+02 -1.5288e+02 -8.3495e+01 -5.5413e+01
# New trial
-1.6156e+02 -1.6231e+02 -2.1374e+02 -1.1233e+03
-1.6140e+02 -1.6061e+02 -1.8264e+02 -7.9516e+02
-1.6104e+02 -1.5674e+02 -1.2180e+02 -1.1951e+02
-1.6065e+02 -1.5276e+02 -8.3926e+01 -6.0924e+01
# New trial
-1.6165e+02 -1.6381e+02 -2.6285e+02 -1.6498e+03
-1.6142e+02 -1.6088e+02 -2.0131e+02 -1.1637e+03
-1.6091e+02 -1.5542e+02 -1.1079e+02 -1.4873e+02
-1.6031e+02 -1.4934e+02 -6.6987e+01 -5.5382e+01
# New trial
-1.6192e+02 -1.6647e+02 -2.8018e+02 -1.7870e+03
-1.6160e+02 -1.6242e+02 -1.8693e+02 -7.2146e+02
-1.6117e+02 -1.5798e+02 -1.3216e+02 -2.9230e+02
-1.6076e+02 -1.5386e+02 -9.5636e+01 -7.7094e+01
# New trial
-1.6143e+02 -1.6056e+02 -1.5528e+02 -3.5458e+02
-1.6139e+02 -1.6014e+02 -1.5159e+02 -3.6520e+02
-1.6122e+02 -1.5849e+02 -1.3310e+02 -1.0672e+02
-1.6098e+02 -1.5609e+02 -1.0974e+02 -5.6073e+01
# New trial
-1.6147e+02 -1.6129e+02 -2.1115e+02 -1.3182e+03
-1.6140e+02 -1.6047e+02 -1.7614e+02 -7.9623e+02
-1.6112e+02 -1.5759e+02 -1.3100e+02 -1.6230e+02
-1.6078e+02 -1.5403e+02 -9.3227e+01 -7.3228e+01
# New trial
-1.6148e+02 -1.6114e+02 -1.7831e+02 -8.3332e+02
-1.6141e+02 -1.6035e+02 -1.5596e+02 -4.0461e+02
-1.6121e+02 -1.5838e+02 -1.3197e+02 -1.1695e+02
-1.6093e+02 -1.5556e+02 -1.0698e+02 -6.1515e+01
# New trial
