# 1.0sig - Array shape (trial/sig/alpha): (30, 4, 4)
-1.1970e+02 -1.1744e+02 -1.3501e+02 -7.3500e+02
-1.1964e+02 -1.1673e+02 -1.1295e+02 -3.9888e+02
-1.1936e+02 -1.1375e+02 -7.5973e+01 -2.0847e+02
-1.1912e+02 -1.1132e+02 -7.4043e+01 -3.6234e+02
# New trial
-1.1969e+02 -1.1730e+02 -1.1931e+02 -4.6097e+02
-1.1963e+02 -1.1662e+02 -1.0077e+02 -1.9869e+02
-1.1945e+02 -1.1467e+02 -7.8347e+01 -1.3456e+02
-1.1943e+02 -1.1443e+02 -7.3109e+01 -7.5229e+01
# New trial
-1.1973e+02 -1.1760e+02 -1.1896e+02 -5.1010e+02
-1.1968e+02 -1.1704e+02 -1.0406e+02 -2.6623e+02
-1.1951e+02 -1.1521e+02 -7.9767e+01 -1.6649e+02
-1.1935e+02 -1.1353e+02 -6.6213e+01 -5.7503e+01
# New trial
-1.1971e+02 -1.1751e+02 -1.2961e+02 -8.0018e+02
-1.1966e+02 -1.1694e+02 -1.1123e+02 -3.6396e+02
-1.1949e+02 -1.1508e+02 -7.8926e+01 -1.0212e+02
-1.1946e+02 -1.1464e+02 -7.2668e+01 -6.9410e+01
# New trial
-1.1964e+02 -1.1706e+02 -1.5306e+02 -9.6931e+02
-1.1949e+02 -1.1534e+02 -1.0871e+02 -5.6123e+02
-1.1932e+02 -1.1340e+02 -7.0027e+01 -1.7695e+02
-1.1933e+02 -1.1340e+02 -6.6296e+01 -7.8586e+01
# New trial
-1.1970e+02 -1.1733e+02 -1.1991e+02 -6.5011e+02
-1.1969e+02 -1.1713e+02 -1.0706e+02 -3.6016e+02
-1.1951e+02 -1.1523e+02 -7.9736e+01 -1.2243e+02
-1.1941e+02 -1.1418e+02 -7.2143e+01 -1.2896e+02
# New trial
-1.1986e+02 -1.1887e+02 -1.3086e+02 -7.3291e+02
-1.1981e+02 -1.1821e+02 -1.0780e+02 -2.9422e+02
-1.1973e+02 -1.1739e+02 -9.5647e+01 -9.2743e+01
-1.1977e+02 -1.1772e+02 -9.8726e+01 -2.0482e+02
# New trial
-1.1980e+02 -1.1855e+02 -1.5169e+02 -9.0179e+02
-1.1964e+02 -1.1677e+02 -1.1412e+02 -5.1708e+02
-1.1938e+02 -1.1396e+02 -7.1099e+01 -1.1470e+02
-1.1940e+02 -1.1412e+02 -6.9999e+01 -5.9705e+01
# New trial
-1.1957e+02 -1.1692e+02 -1.5511e+02 -9.4717e+02
-1.1936e+02 -1.1447e+02 -1.2284e+02 -7.1243e+02
-1.1887e+02 -1.0905e+02 -6.7131e+01 -3.4673e+02
-1.1896e+02 -1.0973e+02 -5.8165e+01 -1.3480e+02
# New trial
-1.1977e+02 -1.1803e+02 -1.2624e+02 -6.8785e+02
-1.1963e+02 -1.1665e+02 -1.0981e+02 -5.0773e+02
-1.1932e+02 -1.1333e+02 -7.1115e+01 -1.7783e+02
-1.1918e+02 -1.1195e+02 -6.1015e+01 -8.6961e+01
# New trial
-1.1959e+02 -1.1668e+02 -1.4055e+02 -8.1706e+02
-1.1946e+02 -1.1520e+02 -1.2049e+02 -6.8143e+02
-1.1919e+02 -1.1212e+02 -6.3292e+01 -2.1157e+02
-1.1921e+02 -1.1219e+02 -6.1318e+01 -9.2262e+01
# New trial
-1.1969e+02 -1.1767e+02 -1.5238e+02 -9.2258e+02
-1.1961e+02 -1.1639e+02 -1.0627e+02 -4.1739e+02
-1.1931e+02 -1.1322e+02 -6.7619e+01 -2.2832e+02
-1.1908e+02 -1.1090e+02 -5.6936e+01 -1.5982e+02
# New trial
-1.1975e+02 -1.1802e+02 -1.5034e+02 -9.5806e+02
-1.1960e+02 -1.1635e+02 -1.0594e+02 -3.2212e+02
-1.1944e+02 -1.1460e+02 -7.6235e+01 -1.0878e+02
-1.1949e+02 -1.1500e+02 -7.6161e+01 -9.4940e+01
# New trial
-1.1968e+02 -1.1813e+02 -2.1425e+02 -1.6689e+03
-1.1949e+02 -1.1566e+02 -1.3239e+02 -7.2923e+02
-1.1917e+02 -1.1200e+02 -6.2321e+01 -1.6504e+02
-1.1923e+02 -1.1237e+02 -6.2282e+01 -4.8291e+01
# New trial
-1.1978e+02 -1.1829e+02 -1.5012e+02 -9.8106e+02
-1.1970e+02 -1.1730e+02 -1.1327e+02 -3.9155e+02
-1.1953e+02 -1.1539e+02 -8.0397e+01 -1.3346e+02
-1.1945e+02 -1.1462e+02 -7.2226e+01 -5.0456e+01
# New trial
-1.1972e+02 -1.1863e+02 -2.0488e+02 -1.5315e+03
-1.1954e+02 -1.1636e+02 -1.3187e+02 -6.9257e+02
-1.1917e+02 -1.1213e+02 -7.4946e+01 -2.2559e+02
-1.1924e+02 -1.1259e+02 -8.3232e+01 -4.5961e+02
# New trial
-1.1966e+02 -1.1719e+02 -1.2848e+02 -5.9775e+02
-1.1949e+02 -1.1543e+02 -1.0703e+02 -4.0605e+02
-1.1909e+02 -1.1123e+02 -6.8559e+01 -2.6737e+02
-1.1916e+02 -1.1172e+02 -7.3312e+01 -2.6411e+02
# New trial
-1.1964e+02 -1.1689e+02 -1.2073e+02 -5.4654e+02
-1.1958e+02 -1.1623e+02 -1.0996e+02 -4.0408e+02
-1.1937e+02 -1.1396e+02 -7.6765e+01 -1.5663e+02
-1.1940e+02 -1.1410e+02 -7.2600e+01 -1.1015e+02
# New trial
-1.1971e+02 -1.1767e+02 -1.5249e+02 -9.6687e+02
-1.1965e+02 -1.1691e+02 -1.2394e+02 -6.0515e+02
-1.1936e+02 -1.1379e+02 -7.0706e+01 -1.7602e+02
-1.1921e+02 -1.1217e+02 -6.0541e+01 -6.2719e+01
# New trial
-1.1984e+02 -1.1885e+02 -1.4791e+02 -9.2879e+02
-1.1977e+02 -1.1794e+02 -1.1683e+02 -4.9279e+02
-1.1958e+02 -1.1589e+02 -8.4307e+01 -1.5887e+02
-1.1946e+02 -1.1464e+02 -8.0233e+01 -3.2048e+02
# New trial
-1.1961e+02 -1.1715e+02 -1.6662e+02 -1.1060e+03
-1.1941e+02 -1.1463e+02 -9.6978e+01 -3.0990e+02
-1.1938e+02 -1.1406e+02 -7.6427e+01 -1.0112e+02
-1.1966e+02 -1.1673e+02 -9.2692e+01 -1.9983e+02
# New trial
-1.1974e+02 -1.1762e+02 -1.3068e+02 -8.7942e+02
-1.1968e+02 -1.1694e+02 -9.8901e+01 -1.8914e+02
-1.1950e+02 -1.1512e+02 -7.7199e+01 -1.2195e+02
-1.1944e+02 -1.1449e+02 -7.2215e+01 -7.1088e+01
# New trial
-1.1974e+02 -1.1848e+02 -1.7338e+02 -1.1159e+03
-1.1951e+02 -1.1571e+02 -1.1195e+02 -4.9763e+02
-1.1925e+02 -1.1286e+02 -7.0870e+01 -1.4539e+02
-1.1938e+02 -1.1396e+02 -7.1768e+01 -5.7600e+01
# New trial
-1.1978e+02 -1.1877e+02 -1.5726e+02 -8.5243e+02
-1.1957e+02 -1.1629e+02 -1.1643e+02 -4.2238e+02
-1.1914e+02 -1.1165e+02 -6.5507e+01 -2.0532e+02
-1.1894e+02 -1.0953e+02 -5.7878e+01 -1.6663e+02
# New trial
-1.1997e+02 -1.2085e+02 -2.0514e+02 -1.4201e+03
-1.1975e+02 -1.1805e+02 -1.2993e+02 -5.7754e+02
-1.1926e+02 -1.1287e+02 -6.8571e+01 -1.5397e+02
-1.1922e+02 -1.1234e+02 -6.4483e+01 -9.2335e+01
# New trial
-1.1977e+02 -1.1787e+02 -1.1394e+02 -3.4410e+02
-1.1961e+02 -1.1630e+02 -9.2130e+01 -1.4896e+02
-1.1941e+02 -1.1425e+02 -7.0720e+01 -1.0600e+02
-1.1950e+02 -1.1505e+02 -7.5359e+01 -6.1050e+01
# New trial
-1.1964e+02 -1.1675e+02 -1.2354e+02 -6.2428e+02
-1.1962e+02 -1.1648e+02 -1.0480e+02 -3.6000e+02
-1.1947e+02 -1.1481e+02 -7.6662e+01 -1.4999e+02
-1.1946e+02 -1.1471e+02 -7.5338e+01 -1.6247e+02
# New trial
-1.1972e+02 -1.1892e+02 -1.9734e+02 -1.4216e+03
-1.1956e+02 -1.1645e+02 -1.3035e+02 -6.6222e+02
-1.1920e+02 -1.1231e+02 -6.5618e+01 -2.3109e+02
-1.1916e+02 -1.1169e+02 -6.3140e+01 -2.2812e+02
# New trial
-1.1970e+02 -1.1750e+02 -1.2987e+02 -6.7449e+02
-1.1958e+02 -1.1610e+02 -9.7799e+01 -2.3097e+02
-1.1938e+02 -1.1399e+02 -7.5678e+01 -1.3736e+02
-1.1945e+02 -1.1465e+02 -8.3956e+01 -2.8735e+02
# New trial
-1.1970e+02 -1.1750e+02 -1.4152e+02 -8.5933e+02
-1.1964e+02 -1.1673e+02 -1.1087e+02 -3.9779e+02
-1.1944e+02 -1.1459e+02 -7.5484e+01 -1.6273e+02
-1.1934e+02 -1.1346e+02 -6.6197e+01 -5.0324e+01
# New trial
