# 10.0sig - Array shape (trial/sig/alpha): (30, 4, 4)
-1.7532e+02 -1.7489e+02 -1.7462e+02 -4.3423e+02
-1.7531e+02 -1.7471e+02 -1.7136e+02 -3.9095e+02
-1.7524e+02 -1.7401e+02 -1.6259e+02 -2.5618e+02
-1.7512e+02 -1.7279e+02 -1.5001e+02 -1.0182e+02
# New trial
-1.7540e+02 -1.7605e+02 -2.2904e+02 -1.2229e+03
-1.7528e+02 -1.7474e+02 -1.9638e+02 -7.3279e+02
-1.7505e+02 -1.7221e+02 -1.5233e+02 -2.4929e+02
-1.7476e+02 -1.6927e+02 -1.1835e+02 -8.7687e+01
# New trial
-1.7539e+02 -1.7562e+02 -1.8965e+02 -6.5477e+02
-1.7533e+02 -1.7504e+02 -1.7920e+02 -4.8778e+02
-1.7514e+02 -1.7304e+02 -1.5524e+02 -3.2012e+02
-1.7489e+02 -1.7052e+02 -1.3116e+02 -1.8152e+02
# New trial
-1.7530e+02 -1.7469e+02 -1.7235e+02 -3.8418e+02
-1.7526e+02 -1.7430e+02 -1.6920e+02 -3.7334e+02
-1.7509e+02 -1.7254e+02 -1.4922e+02 -1.6787e+02
-1.7484e+02 -1.7002e+02 -1.2543e+02 -9.8127e+01
# New trial
-1.7540e+02 -1.7574e+02 -2.0148e+02 -9.1331e+02
-1.7532e+02 -1.7487e+02 -1.7903e+02 -5.4329e+02
-1.7519e+02 -1.7357e+02 -1.6021e+02 -2.6922e+02
-1.7503e+02 -1.7195e+02 -1.4252e+02 -1.2009e+02
# New trial
-1.7530e+02 -1.7465e+02 -1.7206e+02 -3.2810e+02
-1.7523e+02 -1.7398e+02 -1.6438e+02 -3.1124e+02
-1.7504e+02 -1.7208e+02 -1.4452e+02 -1.3696e+02
-1.7477e+02 -1.6939e+02 -1.1954e+02 -8.7687e+01
# New trial
-1.7533e+02 -1.7495e+02 -1.7388e+02 -5.0733e+02
-1.7531e+02 -1.7478e+02 -1.7173e+02 -3.9623e+02
-1.7524e+02 -1.7403e+02 -1.6311e+02 -2.0194e+02
-1.7510e+02 -1.7260e+02 -1.4828e+02 -1.0494e+02
# New trial
-1.7533e+02 -1.7499e+02 -1.8382e+02 -5.8703e+02
-1.7528e+02 -1.7453e+02 -1.7682e+02 -5.3414e+02
-1.7513e+02 -1.7300e+02 -1.5616e+02 -1.9807e+02
-1.7494e+02 -1.7100e+02 -1.3440e+02 -1.0539e+02
# New trial
-1.7543e+02 -1.7632e+02 -2.4176e+02 -1.3003e+03
-1.7530e+02 -1.7476e+02 -1.8586e+02 -5.6130e+02
-1.7504e+02 -1.7204e+02 -1.4593e+02 -1.9960e+02
-1.7476e+02 -1.6928e+02 -1.1978e+02 -9.3736e+01
# New trial
-1.7534e+02 -1.7509e+02 -1.7489e+02 -4.0370e+02
-1.7531e+02 -1.7474e+02 -1.6977e+02 -2.2365e+02
-1.7524e+02 -1.7400e+02 -1.6230e+02 -2.2085e+02
-1.7514e+02 -1.7307e+02 -1.5339e+02 -2.0793e+02
# New trial
-1.7545e+02 -1.7638e+02 -2.2222e+02 -1.1609e+03
-1.7527e+02 -1.7449e+02 -1.9401e+02 -9.9478e+02
-1.7501e+02 -1.7181e+02 -1.4832e+02 -3.7021e+02
-1.7468e+02 -1.6841e+02 -1.1403e+02 -9.3283e+01
# New trial
-1.7550e+02 -1.7689e+02 -2.2587e+02 -1.0869e+03
-1.7535e+02 -1.7523e+02 -1.7901e+02 -3.9808e+02
-1.7523e+02 -1.7393e+02 -1.6238e+02 -1.8266e+02
-1.7510e+02 -1.7267e+02 -1.4888e+02 -9.0390e+01
# New trial
-1.7536e+02 -1.7539e+02 -1.9514e+02 -8.5119e+02
-1.7529e+02 -1.7466e+02 -1.7858e+02 -5.1949e+02
-1.7508e+02 -1.7250e+02 -1.4959e+02 -1.6158e+02
-1.7482e+02 -1.6983e+02 -1.2330e+02 -8.7697e+01
# New trial
-1.7539e+02 -1.7558e+02 -1.8733e+02 -5.6665e+02
-1.7531e+02 -1.7481e+02 -1.7438e+02 -3.7758e+02
-1.7513e+02 -1.7294e+02 -1.5282e+02 -1.6572e+02
-1.7491e+02 -1.7075e+02 -1.3245e+02 -1.2413e+02
# New trial
-1.7538e+02 -1.7552e+02 -1.9366e+02 -7.1978e+02
-1.7530e+02 -1.7474e+02 -1.7972e+02 -5.2127e+02
-1.7510e+02 -1.7265e+02 -1.5155e+02 -2.6225e+02
-1.7485e+02 -1.7014e+02 -1.2697e+02 -9.7221e+01
# New trial
-1.7548e+02 -1.7693e+02 -2.3972e+02 -1.2344e+03
-1.7533e+02 -1.7516e+02 -1.8898e+02 -6.1731e+02
-1.7501e+02 -1.7180e+02 -1.4994e+02 -2.7491e+02
-1.7464e+02 -1.6811e+02 -1.1256e+02 -1.1178e+02
# New trial
-1.7536e+02 -1.7557e+02 -2.2255e+02 -1.1149e+03
-1.7523e+02 -1.7407e+02 -1.7608e+02 -5.0349e+02
-1.7500e+02 -1.7170e+02 -1.4236e+02 -1.1606e+02
-1.7477e+02 -1.6935e+02 -1.1912e+02 -8.7688e+01
# New trial
-1.7532e+02 -1.7491e+02 -1.8200e+02 -6.3129e+02
-1.7523e+02 -1.7398e+02 -1.6639e+02 -4.2327e+02
-1.7503e+02 -1.7200e+02 -1.4443e+02 -1.2609e+02
-1.7478e+02 -1.6940e+02 -1.2007e+02 -8.7807e+01
# New trial
-1.7536e+02 -1.7524e+02 -1.7910e+02 -4.6500e+02
-1.7530e+02 -1.7465e+02 -1.6923e+02 -2.0409e+02
-1.7522e+02 -1.7379e+02 -1.5993e+02 -1.2287e+02
-1.7509e+02 -1.7257e+02 -1.4776e+02 -9.2201e+01
# New trial
-1.7546e+02 -1.7647e+02 -2.1613e+02 -1.0301e+03
-1.7536e+02 -1.7527e+02 -1.8130e+02 -5.9827e+02
-1.7514e+02 -1.7305e+02 -1.5372e+02 -1.5256e+02
-1.7488e+02 -1.7044e+02 -1.2901e+02 -9.4078e+01
# New trial
-1.7537e+02 -1.7537e+02 -1.8334e+02 -6.4651e+02
-1.7530e+02 -1.7467e+02 -1.6941e+02 -2.3245e+02
-1.7516e+02 -1.7328e+02 -1.5503e+02 -1.3201e+02
-1.7495e+02 -1.7111e+02 -1.3425e+02 -9.2378e+01
# New trial
-1.7530e+02 -1.7464e+02 -1.7187e+02 -4.0863e+02
-1.7525e+02 -1.7420e+02 -1.6844e+02 -3.6519e+02
-1.7508e+02 -1.7246e+02 -1.4926e+02 -2.1257e+02
-1.7483e+02 -1.6998e+02 -1.2548e+02 -1.0100e+02
# New trial
-1.7537e+02 -1.7539e+02 -1.8162e+02 -4.4096e+02
-1.7532e+02 -1.7482e+02 -1.7449e+02 -3.6911e+02
-1.7514e+02 -1.7305e+02 -1.5412e+02 -1.6176e+02
-1.7492e+02 -1.7079e+02 -1.3145e+02 -8.7783e+01
# New trial
-1.7536e+02 -1.7537e+02 -1.9330e+02 -6.3817e+02
-1.7527e+02 -1.7452e+02 -1.8396e+02 -6.1778e+02
-1.7504e+02 -1.7207e+02 -1.4812e+02 -2.0582e+02
-1.7469e+02 -1.6851e+02 -1.1257e+02 -8.7687e+01
# New trial
-1.7537e+02 -1.7549e+02 -1.9891e+02 -8.1490e+02
-1.7526e+02 -1.7433e+02 -1.7987e+02 -5.5434e+02
-1.7499e+02 -1.7161e+02 -1.4455e+02 -2.4572e+02
-1.7469e+02 -1.6851e+02 -1.1340e+02 -8.7870e+01
# New trial
-1.7550e+02 -1.7722e+02 -2.4293e+02 -1.2343e+03
-1.7529e+02 -1.7474e+02 -1.9483e+02 -7.8566e+02
-1.7491e+02 -1.7074e+02 -1.3393e+02 -1.3372e+02
-1.7448e+02 -1.6646e+02 -1.0285e+02 -8.7727e+01
# New trial
-1.7562e+02 -1.7831e+02 -2.5006e+02 -1.2673e+03
-1.7542e+02 -1.7592e+02 -1.8977e+02 -6.5349e+02
-1.7517e+02 -1.7335e+02 -1.5786e+02 -2.7813e+02
-1.7490e+02 -1.7069e+02 -1.3276e+02 -9.4813e+01
# New trial
-1.7530e+02 -1.7462e+02 -1.6851e+02 -1.9903e+02
-1.7527e+02 -1.7431e+02 -1.6567e+02 -2.0939e+02
-1.7515e+02 -1.7313e+02 -1.5377e+02 -1.3354e+02
-1.7498e+02 -1.7144e+02 -1.3749e+02 -8.8317e+01
# New trial
-1.7534e+02 -1.7524e+02 -2.0456e+02 -9.9810e+02
-1.7529e+02 -1.7460e+02 -1.7969e+02 -5.6695e+02
-1.7506e+02 -1.7227e+02 -1.4963e+02 -2.2559e+02
-1.7478e+02 -1.6943e+02 -1.2067e+02 -1.0454e+02
# New trial
-1.7534e+02 -1.7507e+02 -1.8218e+02 -6.2658e+02
-1.7529e+02 -1.7453e+02 -1.6955e+02 -3.7360e+02
-1.7516e+02 -1.7323e+02 -1.5539e+02 -2.4877e+02
-1.7494e+02 -1.7105e+02 -1.3510e+02 -1.0040e+02
# New trial
