# 10.0sig - Array shape (trial/sig/alpha): (30, 4, 4)
-1.3844e+02 -1.3833e+02 -1.3786e+02 -1.7613e+02
-1.3845e+02 -1.3839e+02 -1.3824e+02 -1.7835e+02
-1.3845e+02 -1.3838e+02 -1.3787e+02 -1.4929e+02
-1.3844e+02 -1.3828e+02 -1.3675e+02 -1.3031e+02
# New trial
-1.3845e+02 -1.3849e+02 -1.4567e+02 -3.0267e+02
-1.3843e+02 -1.3830e+02 -1.4039e+02 -2.1791e+02
-1.3839e+02 -1.3787e+02 -1.3458e+02 -1.6339e+02
-1.3835e+02 -1.3740e+02 -1.2930e+02 -1.2471e+02
# New trial
-1.3844e+02 -1.3837e+02 -1.3898e+02 -2.0570e+02
-1.3843e+02 -1.3826e+02 -1.3721e+02 -1.7698e+02
-1.3840e+02 -1.3792e+02 -1.3342e+02 -1.3258e+02
-1.3835e+02 -1.3747e+02 -1.2920e+02 -1.2461e+02
# New trial
-1.3845e+02 -1.3842e+02 -1.3871e+02 -1.7842e+02
-1.3844e+02 -1.3834e+02 -1.3807e+02 -1.7344e+02
-1.3841e+02 -1.3804e+02 -1.3458e+02 -1.3457e+02
-1.3837e+02 -1.3764e+02 -1.3074e+02 -1.2461e+02
# New trial
-1.3845e+02 -1.3845e+02 -1.4210e+02 -2.5227e+02
-1.3844e+02 -1.3829e+02 -1.3790e+02 -1.8165e+02
-1.3841e+02 -1.3805e+02 -1.3474e+02 -1.3730e+02
-1.3839e+02 -1.3781e+02 -1.3224e+02 -1.2461e+02
# New trial
-1.3844e+02 -1.3836e+02 -1.3806e+02 -1.5856e+02
-1.3843e+02 -1.3825e+02 -1.3676e+02 -1.4980e+02
-1.3840e+02 -1.3793e+02 -1.3345e+02 -1.2594e+02
-1.3836e+02 -1.3752e+02 -1.2988e+02 -1.2677e+02
# New trial
-1.3845e+02 -1.3839e+02 -1.3816e+02 -1.8399e+02
-1.3844e+02 -1.3836e+02 -1.3779e+02 -1.7467e+02
-1.3843e+02 -1.3822e+02 -1.3626e+02 -1.4605e+02
-1.3841e+02 -1.3801e+02 -1.3407e+02 -1.2463e+02
# New trial
-1.3844e+02 -1.3834e+02 -1.3856e+02 -1.8218e+02
-1.3843e+02 -1.3827e+02 -1.3780e+02 -1.7446e+02
-1.3841e+02 -1.3803e+02 -1.3505e+02 -1.4828e+02
-1.3838e+02 -1.3771e+02 -1.3141e+02 -1.2461e+02
# New trial
-1.3847e+02 -1.3866e+02 -1.4826e+02 -3.1267e+02
-1.3845e+02 -1.3847e+02 -1.4098e+02 -2.1068e+02
-1.3841e+02 -1.3807e+02 -1.3551e+02 -1.7026e+02
-1.3836e+02 -1.3757e+02 -1.3060e+02 -1.3671e+02
# New trial
-1.3844e+02 -1.3834e+02 -1.3746e+02 -1.4865e+02
-1.3844e+02 -1.3828e+02 -1.3678e+02 -1.3227e+02
-1.3842e+02 -1.3816e+02 -1.3566e+02 -1.3393e+02
-1.3841e+02 -1.3806e+02 -1.3463e+02 -1.3438e+02
# New trial
-1.3846e+02 -1.3855e+02 -1.4493e+02 -2.9267e+02
-1.3843e+02 -1.3822e+02 -1.4087e+02 -2.6591e+02
-1.3839e+02 -1.3779e+02 -1.3292e+02 -1.4558e+02
-1.3835e+02 -1.3741e+02 -1.2895e+02 -1.2461e+02
# New trial
-1.3848e+02 -1.3878e+02 -1.4740e+02 -2.8848e+02
-1.3845e+02 -1.3846e+02 -1.3916e+02 -1.6949e+02
-1.3843e+02 -1.3824e+02 -1.3649e+02 -1.3486e+02
-1.3841e+02 -1.3802e+02 -1.3424e+02 -1.2490e+02
# New trial
-1.3845e+02 -1.3841e+02 -1.4109e+02 -2.2247e+02
-1.3843e+02 -1.3827e+02 -1.3808e+02 -1.6990e+02
-1.3840e+02 -1.3795e+02 -1.3413e+02 -1.4503e+02
-1.3836e+02 -1.3753e+02 -1.3006e+02 -1.2621e+02
# New trial
-1.3847e+02 -1.3858e+02 -1.4093e+02 -2.0272e+02
-1.3846e+02 -1.3847e+02 -1.3930e+02 -1.7708e+02
-1.3843e+02 -1.3817e+02 -1.3585e+02 -1.3698e+02
-1.3840e+02 -1.3787e+02 -1.3276e+02 -1.2461e+02
# New trial
-1.3845e+02 -1.3842e+02 -1.4096e+02 -2.1355e+02
-1.3844e+02 -1.3829e+02 -1.3841e+02 -1.7574e+02
-1.3840e+02 -1.3794e+02 -1.3366e+02 -1.2500e+02
-1.3837e+02 -1.3764e+02 -1.3069e+02 -1.2461e+02
# New trial
-1.3847e+02 -1.3866e+02 -1.4833e+02 -2.9930e+02
-1.3844e+02 -1.3839e+02 -1.4036e+02 -2.0479e+02
-1.3839e+02 -1.3787e+02 -1.3384e+02 -1.4326e+02
-1.3833e+02 -1.3723e+02 -1.2754e+02 -1.2461e+02
# New trial
-1.3844e+02 -1.3836e+02 -1.4480e+02 -2.8117e+02
-1.3842e+02 -1.3815e+02 -1.3711e+02 -1.9173e+02
-1.3839e+02 -1.3782e+02 -1.3265e+02 -1.2469e+02
-1.3836e+02 -1.3747e+02 -1.2961e+02 -1.2508e+02
# New trial
-1.3845e+02 -1.3845e+02 -1.3953e+02 -2.0937e+02
-1.3844e+02 -1.3833e+02 -1.3753e+02 -1.6032e+02
-1.3841e+02 -1.3805e+02 -1.3469e+02 -1.3300e+02
-1.3837e+02 -1.3763e+02 -1.3058e+02 -1.2461e+02
# New trial
-1.3845e+02 -1.3844e+02 -1.3895e+02 -1.8142e+02
-1.3844e+02 -1.3836e+02 -1.3767e+02 -1.4479e+02
-1.3843e+02 -1.3823e+02 -1.3620e+02 -1.2554e+02
-1.3841e+02 -1.3801e+02 -1.3403e+02 -1.2461e+02
# New trial
-1.3847e+02 -1.3862e+02 -1.4517e+02 -2.7371e+02
-1.3845e+02 -1.3841e+02 -1.3905e+02 -1.8851e+02
-1.3842e+02 -1.3809e+02 -1.3504e+02 -1.3741e+02
-1.3838e+02 -1.3775e+02 -1.3178e+02 -1.2525e+02
# New trial
-1.3845e+02 -1.3846e+02 -1.3986e+02 -2.0928e+02
-1.3844e+02 -1.3832e+02 -1.3732e+02 -1.5245e+02
-1.3842e+02 -1.3808e+02 -1.3485e+02 -1.2935e+02
-1.3838e+02 -1.3776e+02 -1.3169e+02 -1.2461e+02
# New trial
-1.3846e+02 -1.3852e+02 -1.3952e+02 -1.9134e+02
-1.3846e+02 -1.3853e+02 -1.3977e+02 -1.9953e+02
-1.3845e+02 -1.3841e+02 -1.3828e+02 -1.8023e+02
-1.3843e+02 -1.3821e+02 -1.3610e+02 -1.2774e+02
# New trial
-1.3844e+02 -1.3836e+02 -1.3832e+02 -1.6740e+02
-1.3843e+02 -1.3825e+02 -1.3708e+02 -1.7082e+02
-1.3840e+02 -1.3795e+02 -1.3380e+02 -1.3990e+02
-1.3836e+02 -1.3756e+02 -1.2996e+02 -1.2461e+02
# New trial
-1.3845e+02 -1.3845e+02 -1.4054e+02 -2.0246e+02
-1.3844e+02 -1.3831e+02 -1.3940e+02 -1.9459e+02
-1.3840e+02 -1.3790e+02 -1.3406e+02 -1.5099e+02
-1.3835e+02 -1.3744e+02 -1.2905e+02 -1.2461e+02
# New trial
-1.3847e+02 -1.3864e+02 -1.4366e+02 -2.5529e+02
-1.3846e+02 -1.3852e+02 -1.4113e+02 -2.1587e+02
-1.3843e+02 -1.3818e+02 -1.3688e+02 -1.7698e+02
-1.3838e+02 -1.3775e+02 -1.3198e+02 -1.3194e+02
# New trial
-1.3847e+02 -1.3867e+02 -1.4781e+02 -3.1504e+02
-1.3844e+02 -1.3835e+02 -1.4114e+02 -2.4248e+02
-1.3838e+02 -1.3774e+02 -1.3219e+02 -1.3083e+02
-1.3830e+02 -1.3690e+02 -1.2589e+02 -1.2461e+02
# New trial
-1.3848e+02 -1.3877e+02 -1.4872e+02 -2.9759e+02
-1.3844e+02 -1.3838e+02 -1.3894e+02 -1.8996e+02
-1.3840e+02 -1.3794e+02 -1.3391e+02 -1.5249e+02
-1.3835e+02 -1.3746e+02 -1.3030e+02 -1.4831e+02
# New trial
-1.3844e+02 -1.3834e+02 -1.3746e+02 -1.5216e+02
-1.3844e+02 -1.3829e+02 -1.3703e+02 -1.5270e+02
-1.3842e+02 -1.3810e+02 -1.3506e+02 -1.3108e+02
-1.3839e+02 -1.3786e+02 -1.3266e+02 -1.2462e+02
# New trial
-1.3844e+02 -1.3836e+02 -1.4204e+02 -2.5543e+02
-1.3843e+02 -1.3823e+02 -1.3824e+02 -1.8948e+02
-1.3839e+02 -1.3784e+02 -1.3350e+02 -1.4746e+02
-1.3834e+02 -1.3736e+02 -1.2876e+02 -1.2461e+02
# New trial
-1.3844e+02 -1.3834e+02 -1.3804e+02 -2.0208e+02
-1.3843e+02 -1.3827e+02 -1.3681e+02 -1.4927e+02
-1.3841e+02 -1.3803e+02 -1.3432e+02 -1.2993e+02
-1.3837e+02 -1.3766e+02 -1.3107e+02 -1.2468e+02
# New trial
