# 10.0sig - Array shape (trial/sig/alpha): (30, 4, 4)
-1.6607e+02 -1.6547e+02 -1.7451e+02 -7.1932e+02
-1.6604e+02 -1.6523e+02 -1.6642e+02 -6.1638e+02
-1.6594e+02 -1.6413e+02 -1.4838e+02 -2.1860e+02
-1.6576e+02 -1.6228e+02 -1.2827e+02 -5.6380e+01
# New trial
-1.6615e+02 -1.6738e+02 -2.7165e+02 -2.0860e+03
-1.6603e+02 -1.6592e+02 -2.1933e+02 -1.2629e+03
-1.6571e+02 -1.6207e+02 -1.4833e+02 -7.0634e+02
-1.6530e+02 -1.5777e+02 -8.9385e+01 -6.7630e+01
# New trial
-1.6611e+02 -1.6606e+02 -1.9521e+02 -1.0474e+03
-1.6604e+02 -1.6523e+02 -1.7499e+02 -7.8572e+02
-1.6573e+02 -1.6204e+02 -1.3256e+02 -3.6974e+02
-1.6534e+02 -1.5808e+02 -9.1852e+01 -9.5901e+01
# New trial
-1.6596e+02 -1.6445e+02 -1.6654e+02 -7.5437e+02
-1.6591e+02 -1.6397e+02 -1.6076e+02 -6.4376e+02
-1.6567e+02 -1.6143e+02 -1.2408e+02 -1.2573e+02
-1.6533e+02 -1.5805e+02 -9.1691e+01 -5.0966e+01
# New trial
-1.6610e+02 -1.6632e+02 -2.2270e+02 -1.5927e+03
-1.6599e+02 -1.6485e+02 -1.7154e+02 -7.0393e+02
-1.6585e+02 -1.6326e+02 -1.4254e+02 -2.1028e+02
-1.6563e+02 -1.6105e+02 -1.1695e+02 -5.2482e+01
# New trial
-1.6601e+02 -1.6507e+02 -1.8303e+02 -7.3468e+02
-1.6591e+02 -1.6404e+02 -1.6227e+02 -5.2810e+02
-1.6564e+02 -1.6120e+02 -1.2777e+02 -3.8079e+02
-1.6526e+02 -1.5737e+02 -8.7346e+01 -1.1958e+02
# New trial
-1.6607e+02 -1.6546e+02 -1.6626e+02 -7.0121e+02
-1.6605e+02 -1.6519e+02 -1.6136e+02 -4.3877e+02
-1.6594e+02 -1.6414e+02 -1.4791e+02 -1.8151e+02
-1.6577e+02 -1.6239e+02 -1.2948e+02 -8.1570e+01
# New trial
-1.6604e+02 -1.6547e+02 -1.9412e+02 -9.7916e+02
-1.6600e+02 -1.6503e+02 -1.8049e+02 -8.2429e+02
-1.6579e+02 -1.6277e+02 -1.4161e+02 -2.6903e+02
-1.6551e+02 -1.5982e+02 -1.0831e+02 -1.1182e+02
# New trial
-1.6630e+02 -1.6885e+02 -3.1018e+02 -2.4372e+03
-1.6612e+02 -1.6652e+02 -2.1995e+02 -1.2672e+03
-1.6571e+02 -1.6186e+02 -1.3314e+02 -3.4013e+02
-1.6525e+02 -1.5725e+02 -8.7235e+01 -8.0996e+01
# New trial
-1.6605e+02 -1.6524e+02 -1.6497e+02 -6.0613e+02
-1.6600e+02 -1.6472e+02 -1.5452e+02 -2.7032e+02
-1.6590e+02 -1.6371e+02 -1.4262e+02 -1.1460e+02
-1.6580e+02 -1.6275e+02 -1.3284e+02 -6.1402e+01
# New trial
-1.6626e+02 -1.6817e+02 -2.7987e+02 -2.1439e+03
-1.6595e+02 -1.6458e+02 -2.2541e+02 -1.7296e+03
-1.6552e+02 -1.5995e+02 -1.2379e+02 -5.6106e+02
-1.6509e+02 -1.5563e+02 -7.5816e+01 -4.8843e+01
# New trial
-1.6628e+02 -1.6817e+02 -2.5891e+02 -1.8962e+03
-1.6609e+02 -1.6577e+02 -1.7776e+02 -5.8690e+02
-1.6592e+02 -1.6396e+02 -1.4833e+02 -2.3292e+02
-1.6573e+02 -1.6201e+02 -1.2601e+02 -5.3095e+01
# New trial
-1.6602e+02 -1.6543e+02 -2.1694e+02 -1.3667e+03
-1.6594e+02 -1.6453e+02 -1.8226e+02 -8.2773e+02
-1.6571e+02 -1.6199e+02 -1.3828e+02 -5.4183e+02
-1.6538e+02 -1.5855e+02 -9.7130e+01 -1.1264e+02
# New trial
-1.6613e+02 -1.6623e+02 -1.9417e+02 -1.0115e+03
-1.6606e+02 -1.6544e+02 -1.7623e+02 -6.3867e+02
-1.6577e+02 -1.6250e+02 -1.3894e+02 -4.7113e+02
-1.6546e+02 -1.5927e+02 -1.0092e+02 -6.5800e+01
# New trial
-1.6617e+02 -1.6681e+02 -2.1928e+02 -1.2894e+03
-1.6607e+02 -1.6564e+02 -1.8984e+02 -8.7414e+02
-1.6575e+02 -1.6223e+02 -1.3225e+02 -1.7556e+02
-1.6536e+02 -1.5831e+02 -9.2247e+01 -5.1075e+01
# New trial
-1.6625e+02 -1.6846e+02 -2.9618e+02 -2.2546e+03
-1.6607e+02 -1.6603e+02 -2.1028e+02 -1.0925e+03
-1.6560e+02 -1.6089e+02 -1.3279e+02 -4.5543e+02
-1.6508e+02 -1.5556e+02 -7.4865e+01 -1.3831e+02
# New trial
-1.6609e+02 -1.6643e+02 -2.7286e+02 -2.0624e+03
-1.6591e+02 -1.6415e+02 -1.8275e+02 -8.7487e+02
-1.6560e+02 -1.6082e+02 -1.3045e+02 -4.5382e+02
-1.6526e+02 -1.5734e+02 -8.5679e+01 -6.0532e+01
# New trial
-1.6619e+02 -1.6686e+02 -2.0962e+02 -1.2358e+03
-1.6604e+02 -1.6523e+02 -1.7505e+02 -8.0806e+02
-1.6571e+02 -1.6186e+02 -1.3672e+02 -5.4132e+02
-1.6539e+02 -1.5860e+02 -9.8029e+01 -1.4667e+02
# New trial
-1.6612e+02 -1.6598e+02 -1.7832e+02 -7.6980e+02
-1.6603e+02 -1.6506e+02 -1.5931e+02 -3.1577e+02
-1.6590e+02 -1.6370e+02 -1.4286e+02 -1.2730e+02
-1.6572e+02 -1.6193e+02 -1.2483e+02 -5.3708e+01
# New trial
-1.6635e+02 -1.6888e+02 -2.7502e+02 -1.9366e+03
-1.6616e+02 -1.6663e+02 -2.0125e+02 -1.1135e+03
-1.6576e+02 -1.6240e+02 -1.3667e+02 -2.4810e+02
-1.6535e+02 -1.5822e+02 -9.4385e+01 -1.0868e+02
# New trial
-1.6614e+02 -1.6630e+02 -1.9916e+02 -1.0966e+03
-1.6602e+02 -1.6498e+02 -1.6230e+02 -4.6943e+02
-1.6579e+02 -1.6262e+02 -1.3386e+02 -1.7602e+02
-1.6547e+02 -1.5944e+02 -1.0246e+02 -5.1966e+01
# New trial
-1.6599e+02 -1.6474e+02 -1.6596e+02 -6.5604e+02
-1.6597e+02 -1.6454e+02 -1.6637e+02 -6.9081e+02
-1.6576e+02 -1.6234e+02 -1.3451e+02 -3.0594e+02
-1.6539e+02 -1.5864e+02 -9.8108e+01 -8.5692e+01
# New trial
-1.6615e+02 -1.6640e+02 -1.9026e+02 -8.0596e+02
-1.6605e+02 -1.6543e+02 -1.7511e+02 -6.3496e+02
-1.6580e+02 -1.6276e+02 -1.4053e+02 -4.1412e+02
-1.6548e+02 -1.5952e+02 -1.0465e+02 -1.0757e+02
# New trial
-1.6613e+02 -1.6646e+02 -2.0994e+02 -1.0842e+03
-1.6603e+02 -1.6550e+02 -2.0037e+02 -1.0408e+03
-1.6570e+02 -1.6184e+02 -1.3631e+02 -3.5112e+02
-1.6516e+02 -1.5640e+02 -8.4482e+01 -1.3634e+02
# New trial
-1.6623e+02 -1.6772e+02 -2.4427e+02 -1.6115e+03
-1.6605e+02 -1.6576e+02 -2.0212e+02 -1.1423e+03
-1.6563e+02 -1.6116e+02 -1.3183e+02 -5.0984e+02
-1.6519e+02 -1.5664e+02 -8.2655e+01 -1.2741e+02
# New trial
-1.6626e+02 -1.6929e+02 -3.1600e+02 -2.2487e+03
-1.6604e+02 -1.6600e+02 -2.3697e+02 -1.6036e+03
-1.6546e+02 -1.5944e+02 -1.2090e+02 -5.3815e+02
-1.6476e+02 -1.5240e+02 -6.2989e+01 -1.6357e+02
# New trial
-1.6664e+02 -1.7278e+02 -3.3394e+02 -2.4707e+03
-1.6624e+02 -1.6753e+02 -2.1319e+02 -1.1732e+03
-1.6573e+02 -1.6205e+02 -1.3666e+02 -3.7272e+02
-1.6529e+02 -1.5767e+02 -9.2977e+01 -8.5572e+01
# New trial
-1.6600e+02 -1.6484e+02 -1.6409e+02 -6.0537e+02
-1.6595e+02 -1.6430e+02 -1.5816e+02 -5.7620e+02
-1.6578e+02 -1.6258e+02 -1.3588e+02 -3.3204e+02
-1.6553e+02 -1.6007e+02 -1.0863e+02 -7.8538e+01
# New trial
-1.6617e+02 -1.6707e+02 -2.5850e+02 -1.8097e+03
-1.6606e+02 -1.6566e+02 -1.9270e+02 -9.3220e+02
-1.6569e+02 -1.6172e+02 -1.3082e+02 -1.2798e+02
-1.6529e+02 -1.5763e+02 -9.0002e+01 -1.3145e+02
# New trial
-1.6608e+02 -1.6568e+02 -1.9438e+02 -1.0594e+03
-1.6599e+02 -1.6477e+02 -1.6942e+02 -7.0728e+02
-1.6576e+02 -1.6233e+02 -1.3659e+02 -4.3321e+02
-1.6543e+02 -1.5902e+02 -1.0234e+02 -1.7336e+02
# New trial
