# 1.0sig - Array shape (trial/sig/alpha): (30, 4, 4)
-1.6613e+02 -1.6605e+02 -1.6542e+02 -1.7178e+02
-1.6613e+02 -1.6599e+02 -1.6472e+02 -1.6380e+02
-1.6611e+02 -1.6581e+02 -1.6312e+02 -1.6153e+02
-1.6608e+02 -1.6551e+02 -1.6169e+02 -1.6153e+02
# New trial
-1.6614e+02 -1.6608e+02 -1.6561e+02 -1.6724e+02
-1.6613e+02 -1.6603e+02 -1.6521e+02 -1.6684e+02
-1.6612e+02 -1.6588e+02 -1.6382e+02 -1.6155e+02
-1.6610e+02 -1.6572e+02 -1.6257e+02 -1.6153e+02
# New trial
-1.6614e+02 -1.6605e+02 -1.6532e+02 -1.6548e+02
-1.6613e+02 -1.6602e+02 -1.6495e+02 -1.6199e+02
-1.6612e+02 -1.6590e+02 -1.6384e+02 -1.6153e+02
-1.6610e+02 -1.6571e+02 -1.6250e+02 -1.6153e+02
# New trial
-1.6614e+02 -1.6607e+02 -1.6578e+02 -1.8716e+02
-1.6613e+02 -1.6602e+02 -1.6511e+02 -1.6690e+02
-1.6612e+02 -1.6590e+02 -1.6386e+02 -1.6153e+02
-1.6611e+02 -1.6575e+02 -1.6262e+02 -1.6153e+02
# New trial
-1.6613e+02 -1.6598e+02 -1.6514e+02 -1.7609e+02
-1.6612e+02 -1.6592e+02 -1.6434e+02 -1.6742e+02
-1.6611e+02 -1.6585e+02 -1.6355e+02 -1.6153e+02
-1.6612e+02 -1.6586e+02 -1.6357e+02 -1.6211e+02
# New trial
-1.6614e+02 -1.6611e+02 -1.6607e+02 -1.8306e+02
-1.6614e+02 -1.6607e+02 -1.6549e+02 -1.6902e+02
-1.6613e+02 -1.6596e+02 -1.6438e+02 -1.6153e+02
-1.6611e+02 -1.6580e+02 -1.6294e+02 -1.6153e+02
# New trial
-1.6614e+02 -1.6609e+02 -1.6568e+02 -1.7154e+02
-1.6614e+02 -1.6607e+02 -1.6542e+02 -1.6391e+02
-1.6613e+02 -1.6603e+02 -1.6503e+02 -1.6175e+02
-1.6613e+02 -1.6601e+02 -1.6481e+02 -1.6153e+02
# New trial
-1.6614e+02 -1.6612e+02 -1.6653e+02 -1.8905e+02
-1.6614e+02 -1.6606e+02 -1.6563e+02 -1.7874e+02
-1.6612e+02 -1.6591e+02 -1.6399e+02 -1.6164e+02
-1.6610e+02 -1.6573e+02 -1.6254e+02 -1.6153e+02
# New trial
-1.6613e+02 -1.6605e+02 -1.6581e+02 -1.8442e+02
-1.6612e+02 -1.6594e+02 -1.6468e+02 -1.7436e+02
-1.6610e+02 -1.6565e+02 -1.6212e+02 -1.6153e+02
-1.6607e+02 -1.6537e+02 -1.6157e+02 -1.6153e+02
# New trial
-1.6613e+02 -1.6605e+02 -1.6540e+02 -1.7644e+02
-1.6613e+02 -1.6601e+02 -1.6496e+02 -1.7148e+02
-1.6612e+02 -1.6585e+02 -1.6347e+02 -1.6153e+02
-1.6609e+02 -1.6562e+02 -1.6222e+02 -1.6153e+02
# New trial
-1.6614e+02 -1.6609e+02 -1.6612e+02 -1.8549e+02
-1.6613e+02 -1.6603e+02 -1.6548e+02 -1.7581e+02
-1.6611e+02 -1.6581e+02 -1.6333e+02 -1.6155e+02
-1.6609e+02 -1.6561e+02 -1.6239e+02 -1.6186e+02
# New trial
-1.6613e+02 -1.6603e+02 -1.6558e+02 -1.7808e+02
-1.6613e+02 -1.6596e+02 -1.6448e+02 -1.6422e+02
-1.6612e+02 -1.6587e+02 -1.6353e+02 -1.6153e+02
-1.6611e+02 -1.6583e+02 -1.6316e+02 -1.6153e+02
# New trial
-1.6614e+02 -1.6607e+02 -1.6588e+02 -1.8627e+02
-1.6613e+02 -1.6600e+02 -1.6487e+02 -1.6318e+02
-1.6612e+02 -1.6591e+02 -1.6401e+02 -1.6156e+02
-1.6612e+02 -1.6589e+02 -1.6376e+02 -1.6153e+02
# New trial
-1.6614e+02 -1.6610e+02 -1.6775e+02 -2.0913e+02
-1.6613e+02 -1.6601e+02 -1.6540e+02 -1.7789e+02
-1.6611e+02 -1.6580e+02 -1.6332e+02 -1.6157e+02
-1.6609e+02 -1.6556e+02 -1.6214e+02 -1.6153e+02
# New trial
-1.6614e+02 -1.6612e+02 -1.6621e+02 -1.8664e+02
-1.6614e+02 -1.6606e+02 -1.6550e+02 -1.6992e+02
-1.6612e+02 -1.6591e+02 -1.6389e+02 -1.6153e+02
-1.6610e+02 -1.6574e+02 -1.6252e+02 -1.6153e+02
# New trial
-1.6614e+02 -1.6608e+02 -1.6757e+02 -2.0611e+02
-1.6612e+02 -1.6594e+02 -1.6514e+02 -1.7000e+02
-1.6610e+02 -1.6573e+02 -1.6310e+02 -1.6154e+02
-1.6611e+02 -1.6582e+02 -1.6330e+02 -1.6164e+02
# New trial
-1.6614e+02 -1.6606e+02 -1.6549e+02 -1.7113e+02
-1.6613e+02 -1.6599e+02 -1.6477e+02 -1.6293e+02
-1.6611e+02 -1.6577e+02 -1.6286e+02 -1.6153e+02
-1.6608e+02 -1.6554e+02 -1.6203e+02 -1.6153e+02
# New trial
-1.6613e+02 -1.6605e+02 -1.6535e+02 -1.6888e+02
-1.6613e+02 -1.6601e+02 -1.6496e+02 -1.6610e+02
-1.6612e+02 -1.6588e+02 -1.6379e+02 -1.6153e+02
-1.6611e+02 -1.6582e+02 -1.6340e+02 -1.6401e+02
# New trial
-1.6614e+02 -1.6607e+02 -1.6611e+02 -1.8718e+02
-1.6613e+02 -1.6601e+02 -1.6516e+02 -1.7266e+02
-1.6612e+02 -1.6586e+02 -1.6355e+02 -1.6153e+02
-1.6611e+02 -1.6584e+02 -1.6331e+02 -1.6154e+02
# New trial
-1.6614e+02 -1.6610e+02 -1.6589e+02 -1.8279e+02
-1.6614e+02 -1.6607e+02 -1.6546e+02 -1.6876e+02
-1.6613e+02 -1.6597e+02 -1.6449e+02 -1.6156e+02
-1.6611e+02 -1.6579e+02 -1.6283e+02 -1.6153e+02
# New trial
-1.6613e+02 -1.6604e+02 -1.6565e+02 -1.7952e+02
-1.6613e+02 -1.6598e+02 -1.6480e+02 -1.6428e+02
-1.6612e+02 -1.6586e+02 -1.6376e+02 -1.6154e+02
-1.6611e+02 -1.6580e+02 -1.6314e+02 -1.6153e+02
# New trial
-1.6614e+02 -1.6607e+02 -1.6567e+02 -1.7984e+02
-1.6613e+02 -1.6603e+02 -1.6506e+02 -1.6166e+02
-1.6612e+02 -1.6595e+02 -1.6422e+02 -1.6153e+02
-1.6611e+02 -1.6579e+02 -1.6284e+02 -1.6153e+02
# New trial
-1.6614e+02 -1.6611e+02 -1.6644e+02 -1.8492e+02
-1.6613e+02 -1.6602e+02 -1.6530e+02 -1.7429e+02
-1.6611e+02 -1.6580e+02 -1.6339e+02 -1.6155e+02
-1.6610e+02 -1.6567e+02 -1.6237e+02 -1.6153e+02
# New trial
-1.6613e+02 -1.6599e+02 -1.6504e+02 -1.6528e+02
-1.6612e+02 -1.6590e+02 -1.6416e+02 -1.6242e+02
-1.6610e+02 -1.6573e+02 -1.6270e+02 -1.6153e+02
-1.6610e+02 -1.6568e+02 -1.6224e+02 -1.6153e+02
# New trial
-1.6614e+02 -1.6608e+02 -1.6732e+02 -2.0051e+02
-1.6613e+02 -1.6598e+02 -1.6505e+02 -1.6984e+02
-1.6610e+02 -1.6572e+02 -1.6261e+02 -1.6153e+02
-1.6607e+02 -1.6543e+02 -1.6168e+02 -1.6153e+02
# New trial
-1.6614e+02 -1.6609e+02 -1.6562e+02 -1.6568e+02
-1.6613e+02 -1.6604e+02 -1.6518e+02 -1.6319e+02
-1.6612e+02 -1.6593e+02 -1.6413e+02 -1.6174e+02
-1.6611e+02 -1.6579e+02 -1.6299e+02 -1.6154e+02
# New trial
-1.6613e+02 -1.6602e+02 -1.6548e+02 -1.8114e+02
-1.6613e+02 -1.6598e+02 -1.6479e+02 -1.6653e+02
-1.6612e+02 -1.6591e+02 -1.6399e+02 -1.6156e+02
-1.6612e+02 -1.6592e+02 -1.6401e+02 -1.6197e+02
# New trial
-1.6613e+02 -1.6600e+02 -1.6548e+02 -1.7487e+02
-1.6612e+02 -1.6592e+02 -1.6444e+02 -1.6702e+02
-1.6611e+02 -1.6577e+02 -1.6299e+02 -1.6153e+02
-1.6611e+02 -1.6576e+02 -1.6269e+02 -1.6153e+02
# New trial
-1.6613e+02 -1.6605e+02 -1.6533e+02 -1.6935e+02
-1.6613e+02 -1.6600e+02 -1.6489e+02 -1.6449e+02
-1.6612e+02 -1.6586e+02 -1.6363e+02 -1.6153e+02
-1.6610e+02 -1.6569e+02 -1.6241e+02 -1.6153e+02
# New trial
-1.6614e+02 -1.6605e+02 -1.6534e+02 -1.7350e+02
-1.6613e+02 -1.6601e+02 -1.6492e+02 -1.6214e+02
-1.6612e+02 -1.6588e+02 -1.6360e+02 -1.6153e+02
-1.6610e+02 -1.6567e+02 -1.6218e+02 -1.6153e+02
# New trial
