# 1.0sig - Array shape (trial/sig/alpha): (30, 4, 4)
-1.5676e+02 -1.5544e+02 -1.4946e+02 -3.0228e+02
-1.5668e+02 -1.5461e+02 -1.3740e+02 -1.3074e+02
-1.5647e+02 -1.5250e+02 -1.1629e+02 -9.6918e+01
-1.5627e+02 -1.5046e+02 -1.0479e+02 -9.6918e+01
# New trial
-1.5678e+02 -1.5562e+02 -1.4742e+02 -1.8948e+02
-1.5672e+02 -1.5500e+02 -1.4193e+02 -1.4188e+02
-1.5653e+02 -1.5313e+02 -1.2490e+02 -9.7209e+01
-1.5639e+02 -1.5176e+02 -1.1655e+02 -1.5931e+02
# New trial
-1.5679e+02 -1.5566e+02 -1.4726e+02 -2.5763e+02
-1.5673e+02 -1.5508e+02 -1.4075e+02 -1.2342e+02
-1.5658e+02 -1.5355e+02 -1.2648e+02 -1.1045e+02
-1.5647e+02 -1.5244e+02 -1.1865e+02 -1.3368e+02
# New trial
-1.5680e+02 -1.5582e+02 -1.5260e+02 -3.7239e+02
-1.5674e+02 -1.5524e+02 -1.4494e+02 -1.9789e+02
-1.5658e+02 -1.5365e+02 -1.2837e+02 -9.9452e+01
-1.5649e+02 -1.5268e+02 -1.2104e+02 -1.5345e+02
# New trial
-1.5671e+02 -1.5493e+02 -1.5127e+02 -4.0045e+02
-1.5663e+02 -1.5409e+02 -1.3649e+02 -2.3804e+02
-1.5645e+02 -1.5234e+02 -1.1827e+02 -9.6921e+01
-1.5633e+02 -1.5114e+02 -1.0958e+02 -9.6922e+01
# New trial
-1.5681e+02 -1.5594e+02 -1.5347e+02 -4.3083e+02
-1.5675e+02 -1.5527e+02 -1.4238e+02 -1.7219e+02
-1.5659e+02 -1.5369e+02 -1.2625e+02 -9.6918e+01
-1.5647e+02 -1.5247e+02 -1.1652e+02 -9.6918e+01
# New trial
-1.5687e+02 -1.5646e+02 -1.5537e+02 -3.1689e+02
-1.5683e+02 -1.5603e+02 -1.4838e+02 -1.2350e+02
-1.5676e+02 -1.5536e+02 -1.4189e+02 -1.2010e+02
-1.5673e+02 -1.5513e+02 -1.4009e+02 -1.7287e+02
# New trial
-1.5680e+02 -1.5585e+02 -1.6164e+02 -4.4348e+02
-1.5670e+02 -1.5479e+02 -1.4254e+02 -2.3216e+02
-1.5651e+02 -1.5289e+02 -1.2211e+02 -9.7725e+01
-1.5640e+02 -1.5182e+02 -1.1297e+02 -9.6926e+01
# New trial
-1.5664e+02 -1.5425e+02 -1.4480e+02 -3.2958e+02
-1.5649e+02 -1.5278e+02 -1.2821e+02 -1.8438e+02
-1.5616e+02 -1.4941e+02 -1.0201e+02 -9.6918e+01
-1.5600e+02 -1.4781e+02 -9.9717e+01 -9.6918e+01
# New trial
-1.5677e+02 -1.5547e+02 -1.4791e+02 -2.9852e+02
-1.5669e+02 -1.5472e+02 -1.4015e+02 -1.8304e+02
-1.5649e+02 -1.5268e+02 -1.2008e+02 -9.6964e+01
-1.5631e+02 -1.5087e+02 -1.0907e+02 -1.0306e+02
# New trial
-1.5670e+02 -1.5487e+02 -1.4735e+02 -3.5732e+02
-1.5662e+02 -1.5407e+02 -1.3714e+02 -2.0841e+02
-1.5640e+02 -1.5181e+02 -1.1577e+02 -1.1750e+02
-1.5626e+02 -1.5042e+02 -1.1785e+02 -2.3214e+02
# New trial
-1.5678e+02 -1.5571e+02 -1.5958e+02 -4.5824e+02
-1.5668e+02 -1.5459e+02 -1.3746e+02 -1.7744e+02
-1.5647e+02 -1.5249e+02 -1.1843e+02 -9.7805e+01
-1.5623e+02 -1.5014e+02 -1.1501e+02 -2.0881e+02
# New trial
-1.5682e+02 -1.5604e+02 -1.6013e+02 -5.0344e+02
-1.5672e+02 -1.5504e+02 -1.4319e+02 -1.8077e+02
-1.5656e+02 -1.5340e+02 -1.2485e+02 -9.6918e+01
-1.5651e+02 -1.5287e+02 -1.1975e+02 -9.6918e+01
# New trial
-1.5678e+02 -1.5594e+02 -1.8789e+02 -7.5335e+02
-1.5665e+02 -1.5439e+02 -1.4767e+02 -3.1902e+02
-1.5637e+02 -1.5151e+02 -1.1227e+02 -9.6919e+01
-1.5622e+02 -1.5002e+02 -1.0538e+02 -9.6985e+01
# New trial
-1.5681e+02 -1.5594e+02 -1.5464e+02 -4.0491e+02
-1.5675e+02 -1.5534e+02 -1.4590e+02 -2.1787e+02
-1.5659e+02 -1.5373e+02 -1.2772e+02 -9.7043e+01
-1.5649e+02 -1.5268e+02 -1.1840e+02 -9.6918e+01
# New trial
-1.5674e+02 -1.5551e+02 -1.7802e+02 -7.2103e+02
-1.5661e+02 -1.5411e+02 -1.4777e+02 -3.2192e+02
-1.5630e+02 -1.5087e+02 -1.1348e+02 -9.7230e+01
-1.5622e+02 -1.5009e+02 -1.1255e+02 -1.7424e+02
# New trial
-1.5675e+02 -1.5531e+02 -1.4753e+02 -2.6883e+02
-1.5664e+02 -1.5426e+02 -1.3769e+02 -2.2577e+02
-1.5635e+02 -1.5129e+02 -1.1089e+02 -9.6918e+01
-1.5617e+02 -1.4950e+02 -1.0291e+02 -9.6918e+01
# New trial
-1.5674e+02 -1.5522e+02 -1.4540e+02 -2.2263e+02
-1.5667e+02 -1.5454e+02 -1.3990e+02 -1.8570e+02
-1.5649e+02 -1.5274e+02 -1.2162e+02 -1.0506e+02
-1.5645e+02 -1.5231e+02 -1.1663e+02 -1.1110e+02
# New trial
-1.5675e+02 -1.5537e+02 -1.5552e+02 -4.5998e+02
-1.5668e+02 -1.5462e+02 -1.4310e+02 -2.6507e+02
-1.5648e+02 -1.5257e+02 -1.1900e+02 -9.9371e+01
-1.5634e+02 -1.5115e+02 -1.1105e+02 -1.2158e+02
# New trial
-1.5680e+02 -1.5580e+02 -1.5484e+02 -4.0796e+02
-1.5675e+02 -1.5533e+02 -1.4350e+02 -1.7435e+02
-1.5664e+02 -1.5421e+02 -1.3066e+02 -9.6920e+01
-1.5654e+02 -1.5314e+02 -1.2141e+02 -9.6918e+01
# New trial
-1.5676e+02 -1.5554e+02 -1.6040e+02 -4.4519e+02
-1.5664e+02 -1.5429e+02 -1.3840e+02 -1.5116e+02
-1.5650e+02 -1.5279e+02 -1.2277e+02 -9.6964e+01
-1.5656e+02 -1.5339e+02 -1.2580e+02 -1.6449e+02
# New trial
-1.5679e+02 -1.5566e+02 -1.4825e+02 -3.5307e+02
-1.5674e+02 -1.5518e+02 -1.4081e+02 -1.0587e+02
-1.5661e+02 -1.5388e+02 -1.2795e+02 -9.6918e+01
-1.5643e+02 -1.5207e+02 -1.1307e+02 -9.6918e+01
# New trial
-1.5675e+02 -1.5543e+02 -1.5731e+02 -3.9885e+02
-1.5661e+02 -1.5396e+02 -1.3624e+02 -2.1536e+02
-1.5639e+02 -1.5177e+02 -1.1443e+02 -9.6918e+01
-1.5639e+02 -1.5167e+02 -1.1271e+02 -9.6918e+01
# New trial
-1.5674e+02 -1.5531e+02 -1.5303e+02 -2.7015e+02
-1.5661e+02 -1.5393e+02 -1.3777e+02 -1.7435e+02
-1.5629e+02 -1.5075e+02 -1.0995e+02 -9.6964e+01
-1.5605e+02 -1.4831e+02 -1.0197e+02 -9.6921e+01
# New trial
-1.5678e+02 -1.5590e+02 -1.8137e+02 -6.9415e+02
-1.5663e+02 -1.5420e+02 -1.4320e+02 -2.2195e+02
-1.5634e+02 -1.5126e+02 -1.1121e+02 -9.6918e+01
-1.5617e+02 -1.4951e+02 -1.0383e+02 -9.6918e+01
# New trial
-1.5682e+02 -1.5598e+02 -1.4878e+02 -1.7569e+02
-1.5674e+02 -1.5519e+02 -1.4119e+02 -1.2138e+02
-1.5655e+02 -1.5332e+02 -1.2511e+02 -9.8791e+01
-1.5643e+02 -1.5207e+02 -1.1397e+02 -9.6926e+01
# New trial
-1.5674e+02 -1.5527e+02 -1.5134e+02 -3.7462e+02
-1.5668e+02 -1.5465e+02 -1.3961e+02 -2.1416e+02
-1.5652e+02 -1.5304e+02 -1.2233e+02 -9.6931e+01
-1.5642e+02 -1.5201e+02 -1.1446e+02 -9.8042e+01
# New trial
-1.5677e+02 -1.5561e+02 -1.6329e+02 -5.3753e+02
-1.5665e+02 -1.5436e+02 -1.4033e+02 -2.0559e+02
-1.5638e+02 -1.5161e+02 -1.1824e+02 -1.2632e+02
-1.5616e+02 -1.4946e+02 -1.2023e+02 -2.3570e+02
# New trial
-1.5680e+02 -1.5580e+02 -1.5057e+02 -2.8465e+02
-1.5671e+02 -1.5493e+02 -1.4011e+02 -1.4430e+02
-1.5650e+02 -1.5283e+02 -1.1987e+02 -9.6918e+01
-1.5642e+02 -1.5197e+02 -1.1316e+02 -9.6918e+01
# New trial
-1.5676e+02 -1.5540e+02 -1.4713e+02 -2.7774e+02
-1.5671e+02 -1.5486e+02 -1.4008e+02 -1.8717e+02
-1.5655e+02 -1.5327e+02 -1.2337e+02 -1.0034e+02
-1.5640e+02 -1.5182e+02 -1.1274e+02 -9.6918e+01
# New trial
