# 1.0sig - Array shape (trial/sig/alpha): (30, 4, 4)
-1.7064e+02 -1.6964e+02 -1.6383e+02 -2.7717e+02
-1.7058e+02 -1.6901e+02 -1.5546e+02 -1.7929e+02
-1.7041e+02 -1.6732e+02 -1.3939e+02 -1.2004e+02
-1.7022e+02 -1.6534e+02 -1.2878e+02 -1.2193e+02
# New trial
-1.7065e+02 -1.6972e+02 -1.6247e+02 -1.8020e+02
-1.7061e+02 -1.6927e+02 -1.5827e+02 -1.4977e+02
-1.7045e+02 -1.6772e+02 -1.4408e+02 -1.2007e+02
-1.7030e+02 -1.6621e+02 -1.3267e+02 -1.3852e+02
# New trial
-1.7066e+02 -1.6981e+02 -1.6327e+02 -2.4646e+02
-1.7062e+02 -1.6934e+02 -1.5774e+02 -1.2885e+02
-1.7049e+02 -1.6808e+02 -1.4586e+02 -1.2745e+02
-1.7038e+02 -1.6702e+02 -1.3935e+02 -1.7975e+02
# New trial
-1.7066e+02 -1.6983e+02 -1.6723e+02 -4.1359e+02
-1.7062e+02 -1.6936e+02 -1.5990e+02 -1.9341e+02
-1.7049e+02 -1.6811e+02 -1.4675e+02 -1.2116e+02
-1.7042e+02 -1.6733e+02 -1.4003e+02 -1.3408e+02
# New trial
-1.7059e+02 -1.6913e+02 -1.6352e+02 -3.6598e+02
-1.7053e+02 -1.6846e+02 -1.5247e+02 -1.8684e+02
-1.7039e+02 -1.6706e+02 -1.3840e+02 -1.2007e+02
-1.7030e+02 -1.6616e+02 -1.3477e+02 -1.7536e+02
# New trial
-1.7067e+02 -1.6990e+02 -1.6611e+02 -3.3014e+02
-1.7063e+02 -1.6946e+02 -1.5940e+02 -1.9770e+02
-1.7051e+02 -1.6827e+02 -1.4723e+02 -1.2002e+02
-1.7040e+02 -1.6720e+02 -1.3783e+02 -1.1999e+02
# New trial
-1.7072e+02 -1.7041e+02 -1.6883e+02 -2.5789e+02
-1.7069e+02 -1.7010e+02 -1.6445e+02 -1.6708e+02
-1.7063e+02 -1.6951e+02 -1.5859e+02 -1.2930e+02
-1.7059e+02 -1.6905e+02 -1.5404e+02 -1.2696e+02
# New trial
-1.7066e+02 -1.6987e+02 -1.7087e+02 -3.9837e+02
-1.7060e+02 -1.6921e+02 -1.6012e+02 -2.6546e+02
-1.7044e+02 -1.6754e+02 -1.4123e+02 -1.1999e+02
-1.7030e+02 -1.6615e+02 -1.3128e+02 -1.1999e+02
# New trial
-1.7057e+02 -1.6893e+02 -1.6380e+02 -3.3407e+02
-1.7045e+02 -1.6779e+02 -1.5244e+02 -2.3662e+02
-1.7019e+02 -1.6518e+02 -1.3446e+02 -1.2063e+02
-1.7002e+02 -1.6348e+02 -1.3644e+02 -2.4513e+02
# New trial
-1.7065e+02 -1.6971e+02 -1.6280e+02 -2.4646e+02
-1.7059e+02 -1.6908e+02 -1.5630e+02 -1.9450e+02
-1.7042e+02 -1.6736e+02 -1.3932e+02 -1.1999e+02
-1.7026e+02 -1.6575e+02 -1.3353e+02 -1.7464e+02
# New trial
-1.7062e+02 -1.6944e+02 -1.6354e+02 -2.8965e+02
-1.7056e+02 -1.6877e+02 -1.5713e+02 -2.2671e+02
-1.7036e+02 -1.6677e+02 -1.3789e+02 -1.4031e+02
-1.7018e+02 -1.6497e+02 -1.2973e+02 -1.4977e+02
# New trial
-1.7066e+02 -1.6983e+02 -1.6974e+02 -3.5978e+02
-1.7057e+02 -1.6890e+02 -1.5387e+02 -1.5206e+02
-1.7041e+02 -1.6729e+02 -1.3997e+02 -1.2347e+02
-1.7023e+02 -1.6546e+02 -1.3264e+02 -1.6483e+02
# New trial
-1.7070e+02 -1.7022e+02 -1.7252e+02 -4.1818e+02
-1.7062e+02 -1.6935e+02 -1.5969e+02 -2.0052e+02
-1.7048e+02 -1.6800e+02 -1.4699e+02 -1.2260e+02
-1.7043e+02 -1.6748e+02 -1.4211e+02 -1.6417e+02
# New trial
-1.7067e+02 -1.7007e+02 -1.9123e+02 -6.3837e+02
-1.7057e+02 -1.6889e+02 -1.6169e+02 -2.6665e+02
-1.7031e+02 -1.6634e+02 -1.3338e+02 -1.1999e+02
-1.7009e+02 -1.6409e+02 -1.2315e+02 -1.1999e+02
# New trial
-1.7067e+02 -1.6991e+02 -1.6600e+02 -3.1971e+02
-1.7062e+02 -1.6941e+02 -1.5951e+02 -2.0273e+02
-1.7049e+02 -1.6812e+02 -1.4636e+02 -1.2145e+02
-1.7039e+02 -1.6713e+02 -1.4054e+02 -1.9979e+02
# New trial
-1.7063e+02 -1.6967e+02 -1.8281e+02 -5.6440e+02
-1.7053e+02 -1.6862e+02 -1.6369e+02 -2.7199e+02
-1.7026e+02 -1.6585e+02 -1.3544e+02 -1.2301e+02
-1.7015e+02 -1.6467e+02 -1.2734e+02 -1.2356e+02
# New trial
-1.7063e+02 -1.6949e+02 -1.6256e+02 -2.4234e+02
-1.7054e+02 -1.6864e+02 -1.5380e+02 -1.8341e+02
-1.7031e+02 -1.6632e+02 -1.3222e+02 -1.1999e+02
-1.7015e+02 -1.6473e+02 -1.2524e+02 -1.1999e+02
# New trial
-1.7064e+02 -1.6954e+02 -1.6098e+02 -1.9719e+02
-1.7058e+02 -1.6897e+02 -1.5550e+02 -1.4027e+02
-1.7042e+02 -1.6739e+02 -1.4022e+02 -1.2007e+02
-1.7035e+02 -1.6663e+02 -1.3412e+02 -1.1999e+02
# New trial
-1.7067e+02 -1.6994e+02 -1.7449e+02 -4.4308e+02
-1.7060e+02 -1.6925e+02 -1.6293e+02 -2.7197e+02
-1.7041e+02 -1.6733e+02 -1.3930e+02 -1.1999e+02
-1.7025e+02 -1.6571e+02 -1.2903e+02 -1.1999e+02
# New trial
-1.7066e+02 -1.6981e+02 -1.6582e+02 -3.4520e+02
-1.7063e+02 -1.6951e+02 -1.5944e+02 -1.7615e+02
-1.7055e+02 -1.6868e+02 -1.5054e+02 -1.1999e+02
-1.7046e+02 -1.6775e+02 -1.4296e+02 -1.4068e+02
# New trial
-1.7065e+02 -1.6974e+02 -1.7098e+02 -3.7317e+02
-1.7056e+02 -1.6878e+02 -1.5596e+02 -1.7065e+02
-1.7043e+02 -1.6751e+02 -1.4407e+02 -1.2701e+02
-1.7043e+02 -1.6746e+02 -1.4331e+02 -1.6178e+02
# New trial
-1.7068e+02 -1.6994e+02 -1.6602e+02 -3.4054e+02
-1.7063e+02 -1.6951e+02 -1.5896e+02 -1.3213e+02
-1.7053e+02 -1.6845e+02 -1.4849e+02 -1.2001e+02
-1.7038e+02 -1.6700e+02 -1.3625e+02 -1.1999e+02
# New trial
-1.7065e+02 -1.6968e+02 -1.6892e+02 -3.5602e+02
-1.7054e+02 -1.6860e+02 -1.5426e+02 -2.2077e+02
-1.7034e+02 -1.6665e+02 -1.3578e+02 -1.2003e+02
-1.7030e+02 -1.6624e+02 -1.3369e+02 -1.3991e+02
# New trial
-1.7062e+02 -1.6941e+02 -1.6423e+02 -2.2958e+02
-1.7051e+02 -1.6834e+02 -1.5212e+02 -1.8743e+02
-1.7027e+02 -1.6595e+02 -1.3267e+02 -1.2129e+02
-1.7010e+02 -1.6420e+02 -1.3614e+02 -2.4584e+02
# New trial
-1.7061e+02 -1.6943e+02 -1.7974e+02 -5.0958e+02
-1.7051e+02 -1.6829e+02 -1.5353e+02 -1.7012e+02
-1.7028e+02 -1.6605e+02 -1.3131e+02 -1.1999e+02
-1.7013e+02 -1.6451e+02 -1.2517e+02 -1.1999e+02
# New trial
-1.7069e+02 -1.7006e+02 -1.6421e+02 -1.5935e+02
-1.7063e+02 -1.6947e+02 -1.5878e+02 -1.5222e+02
-1.7048e+02 -1.6800e+02 -1.4597e+02 -1.2034e+02
-1.7035e+02 -1.6673e+02 -1.3469e+02 -1.1999e+02
# New trial
-1.7064e+02 -1.6961e+02 -1.6750e+02 -3.8468e+02
-1.7059e+02 -1.6911e+02 -1.5798e+02 -2.0524e+02
-1.7046e+02 -1.6775e+02 -1.4348e+02 -1.2029e+02
-1.7035e+02 -1.6667e+02 -1.3478e+02 -1.2003e+02
# New trial
-1.7062e+02 -1.6947e+02 -1.6897e+02 -3.8709e+02
-1.7053e+02 -1.6854e+02 -1.5591e+02 -2.4026e+02
-1.7030e+02 -1.6622e+02 -1.3156e+02 -1.1999e+02
-1.7011e+02 -1.6434e+02 -1.2469e+02 -1.1999e+02
# New trial
-1.7066e+02 -1.6981e+02 -1.6338e+02 -2.3198e+02
-1.7060e+02 -1.6916e+02 -1.5641e+02 -1.7695e+02
-1.7043e+02 -1.6750e+02 -1.4167e+02 -1.2026e+02
-1.7031e+02 -1.6630e+02 -1.3151e+02 -1.1999e+02
# New trial
-1.7065e+02 -1.6970e+02 -1.6268e+02 -2.5764e+02
-1.7061e+02 -1.6926e+02 -1.5763e+02 -1.5319e+02
-1.7047e+02 -1.6787e+02 -1.4446e+02 -1.2470e+02
-1.7031e+02 -1.6625e+02 -1.3603e+02 -1.8076e+02
# New trial
