# 10.0sig - Array shape (trial/sig/alpha): (30L, 4L, 4L)
-6.4519e+01 -6.3749e+01 -6.3385e+01 -2.1959e+02
-6.4551e+01 -6.4041e+01 -6.3133e+01 -1.9798e+02
-6.4561e+01 -6.4116e+01 -6.0786e+01 -9.0960e+01
-6.4542e+01 -6.3921e+01 -5.7939e+01 -5.0073e+01
# New trial
-6.4567e+01 -6.4996e+01 -1.1397e+02 -8.2777e+02
-6.4564e+01 -6.4666e+01 -8.7997e+01 -4.9086e+02
-6.4553e+01 -6.4124e+01 -6.5743e+01 -2.2090e+02
-6.4481e+01 -6.3337e+01 -5.3689e+01 -1.3900e+02
# New trial
-6.4561e+01 -6.4260e+01 -7.8469e+01 -4.0794e+02
-6.4591e+01 -6.4507e+01 -7.4052e+01 -3.3743e+02
-6.4530e+01 -6.3823e+01 -5.9525e+01 -1.5791e+02
-6.4461e+01 -6.3105e+01 -5.1146e+01 -4.8689e+01
# New trial
-6.4539e+01 -6.3967e+01 -6.8186e+01 -3.1714e+02
-6.4550e+01 -6.4061e+01 -6.6860e+01 -2.5629e+02
-6.4520e+01 -6.3728e+01 -5.9298e+01 -1.9642e+02
-6.4460e+01 -6.3097e+01 -5.1254e+01 -6.6402e+01
# New trial
-6.4556e+01 -6.4661e+01 -1.0175e+02 -6.5962e+02
-6.4540e+01 -6.4102e+01 -7.2713e+01 -2.9483e+02
-6.4560e+01 -6.4141e+01 -6.3362e+01 -1.8416e+02
-6.4534e+01 -6.3841e+01 -5.7535e+01 -1.2057e+02
# New trial
-6.4597e+01 -6.4710e+01 -8.6331e+01 -4.8303e+02
-6.4579e+01 -6.4397e+01 -7.2010e+01 -2.9973e+02
-6.4522e+01 -6.3749e+01 -6.2176e+01 -2.6534e+02
-6.4440e+01 -6.2901e+01 -5.0659e+01 -1.3843e+02
# New trial
-6.4573e+01 -6.4283e+01 -6.8264e+01 -2.6963e+02
-6.4582e+01 -6.4349e+01 -6.6576e+01 -2.6436e+02
-6.4577e+01 -6.4275e+01 -6.2776e+01 -2.0422e+02
-6.4565e+01 -6.4142e+01 -6.0074e+01 -6.4525e+01
# New trial
-6.4430e+01 -6.3157e+01 -7.4783e+01 -3.7778e+02
-6.4495e+01 -6.3675e+01 -7.0789e+01 -3.1078e+02
-6.4537e+01 -6.3938e+01 -6.3099e+01 -2.1659e+02
-6.4519e+01 -6.3686e+01 -5.5962e+01 -7.9205e+01
# New trial
-6.4667e+01 -6.5836e+01 -1.3239e+02 -1.0330e+03
-6.4647e+01 -6.5376e+01 -1.0202e+02 -6.4799e+02
-6.4566e+01 -6.4220e+01 -6.6348e+01 -2.8819e+02
-6.4492e+01 -6.3419e+01 -5.4259e+01 -5.9209e+01
# New trial
-6.4568e+01 -6.4199e+01 -6.3964e+01 -2.5910e+02
-6.4565e+01 -6.4159e+01 -6.1794e+01 -1.4418e+02
-6.4558e+01 -6.4080e+01 -5.9796e+01 -8.4253e+01
-6.4568e+01 -6.4178e+01 -6.0354e+01 -5.3486e+01
# New trial
-6.4702e+01 -6.5907e+01 -1.0511e+02 -7.1948e+02
-6.4594e+01 -6.4626e+01 -8.8204e+01 -5.9010e+02
-6.4477e+01 -6.3352e+01 -6.6738e+01 -3.3269e+02
-6.4437e+01 -6.2882e+01 -5.1415e+01 -1.1926e+02
# New trial
-6.4631e+01 -6.5290e+01 -1.1252e+02 -7.7133e+02
-6.4561e+01 -6.4246e+01 -7.0938e+01 -2.4486e+02
-6.4547e+01 -6.4005e+01 -6.0993e+01 -1.0663e+02
-6.4536e+01 -6.3862e+01 -5.7637e+01 -8.7612e+01
# New trial
-6.4508e+01 -6.3919e+01 -8.2833e+01 -4.6745e+02
-6.4543e+01 -6.4173e+01 -7.6114e+01 -3.3993e+02
-6.4536e+01 -6.3926e+01 -6.3661e+01 -2.2529e+02
-6.4498e+01 -6.3485e+01 -5.4768e+01 -1.0625e+02
# New trial
-6.4500e+01 -6.3737e+01 -7.5903e+01 -3.8605e+02
-6.4548e+01 -6.4119e+01 -7.2457e+01 -3.2475e+02
-6.4525e+01 -6.3780e+01 -5.9212e+01 -1.5522e+02
-6.4490e+01 -6.3405e+01 -5.4124e+01 -1.2574e+02
# New trial
-6.4578e+01 -6.4556e+01 -8.8493e+01 -5.0026e+02
-6.4569e+01 -6.4357e+01 -7.7086e+01 -3.7445e+02
-6.4529e+01 -6.3825e+01 -6.0656e+01 -1.9107e+02
-6.4479e+01 -6.3294e+01 -5.2912e+01 -9.4411e+01
# New trial
-6.4692e+01 -6.6089e+01 -1.2491e+02 -9.3290e+02
-6.4639e+01 -6.5324e+01 -9.3065e+01 -5.2142e+02
-6.4520e+01 -6.3862e+01 -6.7847e+01 -3.1359e+02
-6.4439e+01 -6.2901e+01 -5.0092e+01 -7.4124e+01
# New trial
-6.4569e+01 -6.4868e+01 -1.2459e+02 -9.3993e+02
-6.4506e+01 -6.3834e+01 -7.7400e+01 -3.8090e+02
-6.4486e+01 -6.3422e+01 -6.0000e+01 -2.1929e+02
-6.4475e+01 -6.3253e+01 -5.2816e+01 -1.2297e+02
# New trial
-6.4637e+01 -6.5084e+01 -8.8651e+01 -5.7430e+02
-6.4603e+01 -6.4683e+01 -7.7070e+01 -4.0968e+02
-6.4532e+01 -6.3884e+01 -6.3279e+01 -2.4006e+02
-6.4523e+01 -6.3737e+01 -5.7530e+01 -1.4545e+02
# New trial
-6.4609e+01 -6.4647e+01 -7.1784e+01 -3.0245e+02
-6.4596e+01 -6.4483e+01 -6.6511e+01 -1.9616e+02
-6.4567e+01 -6.4170e+01 -6.1072e+01 -9.5245e+01
-6.4545e+01 -6.3947e+01 -5.8201e+01 -6.9395e+01
# New trial
-6.4710e+01 -6.6139e+01 -1.2133e+02 -8.3350e+02
-6.4665e+01 -6.5385e+01 -9.1213e+01 -5.3783e+02
-6.4519e+01 -6.3755e+01 -6.1919e+01 -2.2983e+02
-6.4427e+01 -6.2781e+01 -5.0441e+01 -1.7337e+02
# New trial
-6.4644e+01 -6.5249e+01 -1.0083e+02 -6.4474e+02
-6.4584e+01 -6.4434e+01 -7.0868e+01 -2.7440e+02
-6.4520e+01 -6.3723e+01 -5.9367e+01 -1.6443e+02
-6.4480e+01 -6.3302e+01 -5.2848e+01 -1.2174e+02
# New trial
-6.4548e+01 -6.4047e+01 -6.7575e+01 -2.5007e+02
-6.4556e+01 -6.4130e+01 -6.8808e+01 -3.0052e+02
-6.4522e+01 -6.3758e+01 -5.9532e+01 -1.6581e+02
-6.4469e+01 -6.3195e+01 -5.2412e+01 -5.0854e+01
# New trial
-6.4620e+01 -6.4873e+01 -8.1942e+01 -3.9051e+02
-6.4579e+01 -6.4450e+01 -7.4755e+01 -3.0292e+02
-6.4536e+01 -6.3906e+01 -6.1395e+01 -1.4401e+02
-6.4526e+01 -6.3762e+01 -5.6675e+01 -5.9972e+01
# New trial
-6.4556e+01 -6.4321e+01 -8.1573e+01 -4.0990e+02
-6.4554e+01 -6.4258e+01 -7.6172e+01 -3.4566e+02
-6.4538e+01 -6.3941e+01 -6.2817e+01 -1.9097e+02
-6.4458e+01 -6.3086e+01 -5.1041e+01 -5.8869e+01
# New trial
-6.4659e+01 -6.5513e+01 -1.0249e+02 -6.4861e+02
-6.4630e+01 -6.5100e+01 -8.8233e+01 -4.7778e+02
-6.4540e+01 -6.3960e+01 -6.3526e+01 -2.1088e+02
-6.4472e+01 -6.3228e+01 -5.2367e+01 -6.0297e+01
# New trial
-6.4670e+01 -6.6437e+01 -1.3272e+02 -9.3521e+02
-6.4638e+01 -6.5359e+01 -9.5700e+01 -5.7807e+02
-6.4486e+01 -6.3452e+01 -6.2874e+01 -3.3253e+02
-6.4370e+01 -6.2214e+01 -4.8007e+01 -1.4257e+02
# New trial
-6.4993e+01 -6.9635e+01 -1.6208e+02 -1.2530e+03
-6.4803e+01 -6.6923e+01 -1.0846e+02 -6.9664e+02
-6.4526e+01 -6.3831e+01 -6.6654e+01 -3.6819e+02
-6.4456e+01 -6.3065e+01 -5.2482e+01 -1.6768e+02
# New trial
-6.4525e+01 -6.3909e+01 -7.0834e+01 -3.1359e+02
-6.4548e+01 -6.4075e+01 -6.7253e+01 -2.5072e+02
-6.4524e+01 -6.3763e+01 -5.8784e+01 -1.4410e+02
-6.4504e+01 -6.3540e+01 -5.4682e+01 -8.2198e+01
# New trial
-6.4570e+01 -6.4509e+01 -9.6774e+01 -6.7326e+02
-6.4558e+01 -6.4285e+01 -7.7855e+01 -3.8651e+02
-6.4515e+01 -6.3731e+01 -6.0852e+01 -1.7205e+02
-6.4458e+01 -6.3090e+01 -5.1155e+01 -4.9415e+01
# New trial
-6.4538e+01 -6.4062e+01 -7.8497e+01 -4.1742e+02
-6.4525e+01 -6.3882e+01 -6.9234e+01 -2.9481e+02
-6.4488e+01 -6.3428e+01 -5.8129e+01 -1.9540e+02
-6.4432e+01 -6.2823e+01 -4.9685e+01 -5.2053e+01
# New trial
