# 1.0sig - Array shape (trial/sig/alpha): (30L, 4L, 4L)
-1.0149e+02 -1.0114e+02 -1.0084e+02 -1.5072e+02
-1.0147e+02 -1.0091e+02 -9.7131e+01 -1.0996e+02
-1.0141e+02 -1.0031e+02 -9.1113e+01 -8.7688e+01
-1.0136e+02 -9.9802e+01 -8.9234e+01 -8.7687e+01
# New trial
-1.0150e+02 -1.0124e+02 -1.0012e+02 -1.2756e+02
-1.0148e+02 -1.0104e+02 -9.8055e+01 -9.9397e+01
-1.0144e+02 -1.0062e+02 -9.3975e+01 -8.8239e+01
-1.0145e+02 -1.0067e+02 -9.3586e+01 -8.7691e+01
# New trial
-1.0149e+02 -1.0116e+02 -9.9009e+01 -1.2265e+02
-1.0148e+02 -1.0101e+02 -9.7202e+01 -8.9501e+01
-1.0144e+02 -1.0057e+02 -9.2849e+01 -8.7687e+01
-1.0139e+02 -1.0011e+02 -9.0076e+01 -8.7687e+01
# New trial
-1.0150e+02 -1.0123e+02 -1.0030e+02 -1.5665e+02
-1.0148e+02 -1.0107e+02 -9.8474e+01 -1.1649e+02
-1.0145e+02 -1.0071e+02 -9.4598e+01 -8.8092e+01
-1.0144e+02 -1.0062e+02 -9.3499e+01 -8.8043e+01
# New trial
-1.0148e+02 -1.0107e+02 -1.0266e+02 -1.8469e+02
-1.0146e+02 -1.0081e+02 -9.7462e+01 -1.3598e+02
-1.0141e+02 -1.0031e+02 -9.1730e+01 -8.7759e+01
-1.0138e+02 -1.0006e+02 -9.0684e+01 -9.7752e+01
# New trial
-1.0150e+02 -1.0117e+02 -9.9940e+01 -1.6980e+02
-1.0148e+02 -1.0103e+02 -9.7389e+01 -1.1254e+02
-1.0145e+02 -1.0069e+02 -9.3692e+01 -8.7687e+01
-1.0143e+02 -1.0052e+02 -9.2451e+01 -8.7687e+01
# New trial
-1.0151e+02 -1.0130e+02 -1.0014e+02 -1.3679e+02
-1.0150e+02 -1.0122e+02 -9.8684e+01 -1.0791e+02
-1.0149e+02 -1.0107e+02 -9.7153e+01 -8.8782e+01
-1.0149e+02 -1.0108e+02 -9.7247e+01 -1.0271e+02
# New trial
-1.0150e+02 -1.0120e+02 -1.0350e+02 -1.9028e+02
-1.0147e+02 -1.0096e+02 -9.8760e+01 -1.4702e+02
-1.0142e+02 -1.0046e+02 -9.2793e+01 -8.7756e+01
-1.0142e+02 -1.0040e+02 -9.1826e+01 -8.7727e+01
# New trial
-1.0146e+02 -1.0089e+02 -1.0053e+02 -1.6184e+02
-1.0142e+02 -1.0045e+02 -9.5865e+01 -1.2316e+02
-1.0133e+02 -9.9560e+01 -8.8965e+01 -8.7687e+01
-1.0132e+02 -9.9400e+01 -9.1537e+01 -1.1980e+02
# New trial
-1.0150e+02 -1.0122e+02 -1.0068e+02 -1.5331e+02
-1.0148e+02 -1.0102e+02 -9.8762e+01 -1.3467e+02
-1.0141e+02 -1.0033e+02 -9.1477e+01 -8.7687e+01
-1.0134e+02 -9.9581e+01 -8.8570e+01 -8.7687e+01
# New trial
-1.0146e+02 -1.0083e+02 -9.8396e+01 -1.4808e+02
-1.0144e+02 -1.0062e+02 -9.6098e+01 -1.1109e+02
-1.0140e+02 -1.0019e+02 -9.0979e+01 -8.7687e+01
-1.0143e+02 -1.0047e+02 -9.2145e+01 -8.7688e+01
# New trial
-1.0151e+02 -1.0131e+02 -1.0508e+02 -2.0073e+02
-1.0147e+02 -1.0097e+02 -9.7905e+01 -1.2107e+02
-1.0141e+02 -1.0032e+02 -9.1404e+01 -8.7793e+01
-1.0134e+02 -9.9603e+01 -8.9743e+01 -9.2399e+01
# New trial
-1.0150e+02 -1.0124e+02 -1.0411e+02 -2.0276e+02
-1.0147e+02 -1.0097e+02 -9.8345e+01 -1.1739e+02
-1.0144e+02 -1.0063e+02 -9.3947e+01 -8.8317e+01
-1.0145e+02 -1.0066e+02 -9.3901e+01 -9.5717e+01
# New trial
-1.0147e+02 -1.0101e+02 -1.0802e+02 -2.5204e+02
-1.0145e+02 -1.0073e+02 -9.8539e+01 -1.4291e+02
-1.0140e+02 -1.0021e+02 -9.1875e+01 -8.8018e+01
-1.0140e+02 -1.0017e+02 -9.1252e+01 -9.4877e+01
# New trial
-1.0150e+02 -1.0120e+02 -1.0192e+02 -1.8166e+02
-1.0148e+02 -1.0105e+02 -9.8369e+01 -1.1992e+02
-1.0144e+02 -1.0065e+02 -9.3494e+01 -8.7687e+01
-1.0142e+02 -1.0044e+02 -9.1973e+01 -8.8248e+01
# New trial
-1.0147e+02 -1.0104e+02 -1.1011e+02 -2.7177e+02
-1.0144e+02 -1.0070e+02 -1.0100e+02 -1.6293e+02
-1.0136e+02 -9.9867e+01 -8.9649e+01 -8.7687e+01
-1.0132e+02 -9.9453e+01 -8.8257e+01 -8.7687e+01
# New trial
-1.0149e+02 -1.0116e+02 -1.0062e+02 -1.4952e+02
-1.0147e+02 -1.0088e+02 -9.7723e+01 -1.3419e+02
-1.0138e+02 -1.0000e+02 -8.9564e+01 -8.7687e+01
-1.0132e+02 -9.9446e+01 -8.8023e+01 -8.7687e+01
# New trial
-1.0150e+02 -1.0120e+02 -1.0037e+02 -1.3827e+02
-1.0148e+02 -1.0102e+02 -9.8561e+01 -1.2178e+02
-1.0143e+02 -1.0054e+02 -9.3327e+01 -8.8571e+01
-1.0141e+02 -1.0034e+02 -9.2445e+01 -9.2911e+01
# New trial
-1.0149e+02 -1.0110e+02 -1.0288e+02 -2.0078e+02
-1.0147e+02 -1.0092e+02 -9.8979e+01 -1.4473e+02
-1.0142e+02 -1.0042e+02 -9.2259e+01 -8.7721e+01
-1.0139e+02 -1.0014e+02 -9.1114e+01 -9.3390e+01
# New trial
-1.0152e+02 -1.0146e+02 -1.0435e+02 -2.0595e+02
-1.0151e+02 -1.0130e+02 -1.0057e+02 -1.4032e+02
-1.0147e+02 -1.0090e+02 -9.5833e+01 -9.5099e+01
-1.0142e+02 -1.0040e+02 -9.2058e+01 -9.0784e+01
# New trial
-1.0149e+02 -1.0119e+02 -1.0447e+02 -1.9176e+02
-1.0146e+02 -1.0083e+02 -9.7335e+01 -1.0390e+02
-1.0142e+02 -1.0045e+02 -9.3065e+01 -8.7768e+01
-1.0144e+02 -1.0065e+02 -9.3637e+01 -9.8757e+01
# New trial
-1.0150e+02 -1.0118e+02 -1.0005e+02 -1.6901e+02
-1.0148e+02 -1.0104e+02 -9.7063e+01 -9.0960e+01
-1.0145e+02 -1.0067e+02 -9.3373e+01 -8.7687e+01
-1.0142e+02 -1.0038e+02 -9.1400e+01 -8.7687e+01
# New trial
-1.0151e+02 -1.0140e+02 -1.0595e+02 -2.0291e+02
-1.0147e+02 -1.0099e+02 -9.9524e+01 -1.4507e+02
-1.0140e+02 -1.0027e+02 -9.1567e+01 -8.7689e+01
-1.0139e+02 -1.0011e+02 -9.0741e+01 -8.7688e+01
# New trial
-1.0150e+02 -1.0124e+02 -1.0304e+02 -1.5874e+02
-1.0146e+02 -1.0086e+02 -9.8273e+01 -1.3449e+02
-1.0137e+02 -9.9888e+01 -8.9314e+01 -8.7687e+01
-1.0128e+02 -9.9033e+01 -8.8433e+01 -8.7687e+01
# New trial
-1.0150e+02 -1.0134e+02 -1.1031e+02 -2.7289e+02
-1.0147e+02 -1.0094e+02 -1.0019e+02 -1.4095e+02
-1.0139e+02 -1.0009e+02 -9.0954e+01 -8.7687e+01
-1.0131e+02 -9.9361e+01 -8.8850e+01 -8.9281e+01
# New trial
-1.0151e+02 -1.0127e+02 -9.9345e+01 -1.0913e+02
-1.0148e+02 -1.0103e+02 -9.6926e+01 -8.8292e+01
-1.0144e+02 -1.0059e+02 -9.3160e+01 -8.7980e+01
-1.0145e+02 -1.0069e+02 -9.4512e+01 -1.2033e+02
# New trial
-1.0149e+02 -1.0114e+02 -1.0205e+02 -1.8649e+02
-1.0147e+02 -1.0097e+02 -9.8150e+01 -1.2584e+02
-1.0143e+02 -1.0052e+02 -9.2925e+01 -8.7688e+01
-1.0141e+02 -1.0028e+02 -9.0928e+01 -8.7718e+01
# New trial
-1.0149e+02 -1.0118e+02 -1.0398e+02 -1.8738e+02
-1.0146e+02 -1.0083e+02 -9.8457e+01 -1.3605e+02
-1.0138e+02 -1.0007e+02 -9.0942e+01 -8.7690e+01
-1.0136e+02 -9.9792e+01 -9.3314e+01 -1.3191e+02
# New trial
-1.0150e+02 -1.0124e+02 -1.0078e+02 -1.4455e+02
-1.0148e+02 -1.0098e+02 -9.7834e+01 -1.1459e+02
-1.0143e+02 -1.0049e+02 -9.3206e+01 -8.8152e+01
-1.0144e+02 -1.0065e+02 -9.3799e+01 -9.0240e+01
# New trial
-1.0148e+02 -1.0099e+02 -9.7860e+01 -1.4109e+02
-1.0146e+02 -1.0086e+02 -9.5953e+01 -9.0369e+01
-1.0143e+02 -1.0050e+02 -9.2138e+01 -8.7687e+01
-1.0142e+02 -1.0036e+02 -9.1124e+01 -8.7687e+01
# New trial
