# 1.0sig - Array shape (trial/sig/alpha): (30, 4, 4)
-1.4299e+02 -1.4235e+02 -1.3906e+02 -2.0357e+02
-1.4296e+02 -1.4199e+02 -1.3387e+02 -1.3912e+02
-1.4287e+02 -1.4108e+02 -1.2593e+02 -1.1648e+02
-1.4278e+02 -1.4019e+02 -1.2211e+02 -1.2940e+02
# New trial
-1.4301e+02 -1.4247e+02 -1.3847e+02 -1.5306e+02
-1.4298e+02 -1.4220e+02 -1.3632e+02 -1.4115e+02
-1.4290e+02 -1.4138e+02 -1.2839e+02 -1.1543e+02
-1.4282e+02 -1.4064e+02 -1.2214e+02 -1.1538e+02
# New trial
-1.4302e+02 -1.4261e+02 -1.3996e+02 -2.0176e+02
-1.4299e+02 -1.4234e+02 -1.3675e+02 -1.3411e+02
-1.4292e+02 -1.4156e+02 -1.2969e+02 -1.2046e+02
-1.4285e+02 -1.4092e+02 -1.2608e+02 -1.6312e+02
# New trial
-1.4301e+02 -1.4250e+02 -1.4033e+02 -2.5109e+02
-1.4298e+02 -1.4223e+02 -1.3685e+02 -1.6035e+02
-1.4292e+02 -1.4155e+02 -1.2971e+02 -1.1559e+02
-1.4289e+02 -1.4125e+02 -1.2743e+02 -1.5111e+02
# New trial
-1.4298e+02 -1.4217e+02 -1.3944e+02 -2.2152e+02
-1.4294e+02 -1.4178e+02 -1.3347e+02 -1.8026e+02
-1.4286e+02 -1.4101e+02 -1.2579e+02 -1.1551e+02
-1.4281e+02 -1.4047e+02 -1.2161e+02 -1.1538e+02
# New trial
-1.4302e+02 -1.4260e+02 -1.4097e+02 -2.7203e+02
-1.4299e+02 -1.4233e+02 -1.3652e+02 -1.6358e+02
-1.4292e+02 -1.4162e+02 -1.2957e+02 -1.1563e+02
-1.4286e+02 -1.4101e+02 -1.2491e+02 -1.2829e+02
# New trial
-1.4305e+02 -1.4290e+02 -1.4286e+02 -2.3146e+02
-1.4303e+02 -1.4271e+02 -1.3980e+02 -1.5838e+02
-1.4300e+02 -1.4242e+02 -1.3671e+02 -1.2411e+02
-1.4299e+02 -1.4230e+02 -1.3550e+02 -1.2322e+02
# New trial
-1.4302e+02 -1.4264e+02 -1.4448e+02 -2.6633e+02
-1.4297e+02 -1.4214e+02 -1.3593e+02 -1.6554e+02
-1.4288e+02 -1.4120e+02 -1.2653e+02 -1.1538e+02
-1.4281e+02 -1.4046e+02 -1.2119e+02 -1.1538e+02
# New trial
-1.4294e+02 -1.4184e+02 -1.3736e+02 -2.2249e+02
-1.4287e+02 -1.4115e+02 -1.3035e+02 -1.8183e+02
-1.4273e+02 -1.3967e+02 -1.1855e+02 -1.1538e+02
-1.4266e+02 -1.3899e+02 -1.1701e+02 -1.1538e+02
# New trial
-1.4301e+02 -1.4247e+02 -1.3933e+02 -2.1541e+02
-1.4297e+02 -1.4209e+02 -1.3542e+02 -1.8805e+02
-1.4287e+02 -1.4109e+02 -1.2499e+02 -1.1538e+02
-1.4279e+02 -1.4032e+02 -1.2088e+02 -1.1538e+02
# New trial
-1.4299e+02 -1.4231e+02 -1.4027e+02 -2.4142e+02
-1.4295e+02 -1.4193e+02 -1.3660e+02 -1.9093e+02
-1.4285e+02 -1.4088e+02 -1.2655e+02 -1.4014e+02
-1.4277e+02 -1.4014e+02 -1.2770e+02 -2.1286e+02
# New trial
-1.4301e+02 -1.4248e+02 -1.4299e+02 -2.7265e+02
-1.4296e+02 -1.4200e+02 -1.3436e+02 -1.6048e+02
-1.4287e+02 -1.4105e+02 -1.2459e+02 -1.1538e+02
-1.4276e+02 -1.3997e+02 -1.1895e+02 -1.1538e+02
# New trial
-1.4305e+02 -1.4289e+02 -1.4708e+02 -3.1834e+02
-1.4300e+02 -1.4240e+02 -1.3900e+02 -1.8972e+02
-1.4291e+02 -1.4152e+02 -1.3008e+02 -1.2221e+02
-1.4287e+02 -1.4113e+02 -1.2719e+02 -1.5124e+02
# New trial
-1.4299e+02 -1.4242e+02 -1.5271e+02 -4.1007e+02
-1.4294e+02 -1.4179e+02 -1.3656e+02 -1.8800e+02
-1.4281e+02 -1.4052e+02 -1.2217e+02 -1.1538e+02
-1.4275e+02 -1.3986e+02 -1.1897e+02 -1.1538e+02
# New trial
-1.4301e+02 -1.4253e+02 -1.4129e+02 -2.6108e+02
-1.4298e+02 -1.4223e+02 -1.3609e+02 -1.5441e+02
-1.4292e+02 -1.4157e+02 -1.2921e+02 -1.1543e+02
-1.4289e+02 -1.4129e+02 -1.2807e+02 -1.6985e+02
# New trial
-1.4299e+02 -1.4247e+02 -1.5152e+02 -3.8514e+02
-1.4293e+02 -1.4182e+02 -1.3934e+02 -1.9644e+02
-1.4278e+02 -1.4024e+02 -1.2238e+02 -1.1538e+02
-1.4276e+02 -1.4005e+02 -1.2396e+02 -1.7794e+02
# New trial
-1.4298e+02 -1.4220e+02 -1.3751e+02 -1.8817e+02
-1.4293e+02 -1.4175e+02 -1.3335e+02 -1.6299e+02
-1.4282e+02 -1.4056e+02 -1.2379e+02 -1.1560e+02
-1.4276e+02 -1.4000e+02 -1.2014e+02 -1.1555e+02
# New trial
-1.4301e+02 -1.4250e+02 -1.3958e+02 -1.8147e+02
-1.4298e+02 -1.4217e+02 -1.3651e+02 -1.5804e+02
-1.4288e+02 -1.4119e+02 -1.2626e+02 -1.1538e+02
-1.4285e+02 -1.4087e+02 -1.2402e+02 -1.1681e+02
# New trial
-1.4300e+02 -1.4244e+02 -1.4360e+02 -2.9172e+02
-1.4297e+02 -1.4207e+02 -1.3711e+02 -1.9408e+02
-1.4286e+02 -1.4104e+02 -1.2461e+02 -1.1538e+02
-1.4279e+02 -1.4029e+02 -1.2037e+02 -1.1538e+02
# New trial
-1.4301e+02 -1.4251e+02 -1.4109e+02 -2.4982e+02
-1.4299e+02 -1.4231e+02 -1.3642e+02 -1.5224e+02
-1.4294e+02 -1.4181e+02 -1.3096e+02 -1.1538e+02
-1.4289e+02 -1.4132e+02 -1.2708e+02 -1.2459e+02
# New trial
-1.4300e+02 -1.4248e+02 -1.4346e+02 -2.6580e+02
-1.4295e+02 -1.4193e+02 -1.3483e+02 -1.3683e+02
-1.4287e+02 -1.4116e+02 -1.2768e+02 -1.1561e+02
-1.4290e+02 -1.4135e+02 -1.2855e+02 -1.3885e+02
# New trial
-1.4302e+02 -1.4255e+02 -1.4062e+02 -2.4364e+02
-1.4299e+02 -1.4232e+02 -1.3609e+02 -1.2039e+02
-1.4293e+02 -1.4172e+02 -1.3054e+02 -1.1886e+02
-1.4286e+02 -1.4095e+02 -1.2524e+02 -1.4250e+02
# New trial
-1.4299e+02 -1.4231e+02 -1.4171e+02 -2.4212e+02
-1.4293e+02 -1.4172e+02 -1.3298e+02 -1.6528e+02
-1.4284e+02 -1.4076e+02 -1.2408e+02 -1.1539e+02
-1.4280e+02 -1.4040e+02 -1.2378e+02 -1.5001e+02
# New trial
-1.4297e+02 -1.4215e+02 -1.3869e+02 -1.8413e+02
-1.4292e+02 -1.4160e+02 -1.3263e+02 -1.5200e+02
-1.4279e+02 -1.4030e+02 -1.2125e+02 -1.1538e+02
-1.4272e+02 -1.3959e+02 -1.1810e+02 -1.1538e+02
# New trial
-1.4300e+02 -1.4253e+02 -1.5183e+02 -3.6915e+02
-1.4294e+02 -1.4187e+02 -1.3630e+02 -1.7120e+02
-1.4280e+02 -1.4040e+02 -1.2122e+02 -1.1538e+02
-1.4270e+02 -1.3944e+02 -1.2056e+02 -1.4270e+02
# New trial
-1.4303e+02 -1.4265e+02 -1.3936e+02 -1.4414e+02
-1.4299e+02 -1.4228e+02 -1.3577e+02 -1.3292e+02
-1.4290e+02 -1.4140e+02 -1.2801e+02 -1.1554e+02
-1.4283e+02 -1.4072e+02 -1.2210e+02 -1.1538e+02
# New trial
-1.4299e+02 -1.4229e+02 -1.4014e+02 -2.6050e+02
-1.4296e+02 -1.4202e+02 -1.3506e+02 -1.6434e+02
-1.4289e+02 -1.4128e+02 -1.2691e+02 -1.1540e+02
-1.4284e+02 -1.4075e+02 -1.2287e+02 -1.1538e+02
# New trial
-1.4302e+02 -1.4268e+02 -1.4746e+02 -3.0284e+02
-1.4297e+02 -1.4213e+02 -1.3962e+02 -2.2415e+02
-1.4284e+02 -1.4085e+02 -1.2540e+02 -1.3883e+02
-1.4273e+02 -1.3975e+02 -1.2163e+02 -1.5290e+02
# New trial
-1.4302e+02 -1.4255e+02 -1.3990e+02 -1.9566e+02
-1.4298e+02 -1.4217e+02 -1.3550e+02 -1.4608e+02
-1.4288e+02 -1.4124e+02 -1.2749e+02 -1.1547e+02
-1.4284e+02 -1.4079e+02 -1.2293e+02 -1.1538e+02
# New trial
-1.4300e+02 -1.4243e+02 -1.3866e+02 -2.0812e+02
-1.4298e+02 -1.4219e+02 -1.3569e+02 -1.6443e+02
-1.4290e+02 -1.4140e+02 -1.2743e+02 -1.1538e+02
-1.4281e+02 -1.4053e+02 -1.2138e+02 -1.1538e+02
# New trial
