# 1.0sig - Array shape (trial/sig/alpha): (30L, 4L, 4L)
-7.3757e+01 -7.3201e+01 -8.6698e+01 -3.4661e+02
-7.3709e+01 -7.2647e+01 -7.3246e+01 -1.6742e+02
-7.3578e+01 -7.1244e+01 -5.5005e+01 -9.5427e+01
-7.3534e+01 -7.0780e+01 -5.1089e+01 -6.3331e+01
# New trial
-7.3703e+01 -7.2595e+01 -7.3208e+01 -2.0764e+02
-7.3673e+01 -7.2261e+01 -6.4287e+01 -6.9594e+01
-7.3618e+01 -7.1685e+01 -5.7031e+01 -6.7959e+01
-7.3673e+01 -7.2174e+01 -6.0505e+01 -1.1831e+02
# New trial
-7.3741e+01 -7.2904e+01 -7.2412e+01 -2.1157e+02
-7.3704e+01 -7.2520e+01 -6.5762e+01 -8.9346e+01
-7.3642e+01 -7.1875e+01 -5.7706e+01 -6.3356e+01
-7.3647e+01 -7.1895e+01 -5.7098e+01 -6.6608e+01
# New trial
-7.3738e+01 -7.2875e+01 -7.3935e+01 -2.5762e+02
-7.3700e+01 -7.2515e+01 -6.8742e+01 -1.5925e+02
-7.3641e+01 -7.1875e+01 -5.8186e+01 -6.3029e+01
-7.3642e+01 -7.1854e+01 -5.7465e+01 -6.7912e+01
# New trial
-7.3716e+01 -7.2833e+01 -9.2718e+01 -4.4349e+02
-7.3665e+01 -7.2236e+01 -7.4345e+01 -2.5074e+02
-7.3574e+01 -7.1227e+01 -5.3860e+01 -6.6671e+01
-7.3594e+01 -7.1378e+01 -5.4719e+01 -4.9478e+01
# New trial
-7.3757e+01 -7.3084e+01 -8.0474e+01 -3.4737e+02
-7.3723e+01 -7.2726e+01 -6.8510e+01 -1.5115e+02
-7.3650e+01 -7.1959e+01 -5.8417e+01 -6.8682e+01
-7.3658e+01 -7.2014e+01 -5.7801e+01 -5.4058e+01
# New trial
-7.3774e+01 -7.3220e+01 -7.5173e+01 -2.1346e+02
-7.3749e+01 -7.2936e+01 -6.7099e+01 -1.2803e+02
-7.3733e+01 -7.2759e+01 -6.3694e+01 -5.5742e+01
-7.3762e+01 -7.3042e+01 -6.6130e+01 -6.3222e+01
# New trial
-7.3773e+01 -7.3353e+01 -8.7961e+01 -3.9109e+02
-7.3712e+01 -7.2664e+01 -7.2675e+01 -2.2007e+02
-7.3604e+01 -7.1512e+01 -5.5301e+01 -6.6817e+01
-7.3668e+01 -7.2107e+01 -5.9108e+01 -7.2073e+01
# New trial
-7.3576e+01 -7.1617e+01 -7.5167e+01 -2.5694e+02
-7.3463e+01 -7.0341e+01 -5.9940e+01 -1.4484e+02
-7.3367e+01 -6.9220e+01 -5.1941e+01 -1.0549e+02
-7.3576e+01 -7.1217e+01 -6.2012e+01 -1.7334e+02
# New trial
-7.3740e+01 -7.2952e+01 -7.6382e+01 -2.3347e+02
-7.3679e+01 -7.2324e+01 -6.9268e+01 -1.9743e+02
-7.3561e+01 -7.1067e+01 -5.2690e+01 -7.4587e+01
-7.3553e+01 -7.0975e+01 -5.3634e+01 -6.9895e+01
# New trial
-7.3601e+01 -7.1687e+01 -7.2957e+01 -2.6342e+02
-7.3569e+01 -7.1330e+01 -6.7845e+01 -2.3137e+02
-7.3515e+01 -7.0630e+01 -5.1036e+01 -7.7227e+01
-7.3571e+01 -7.1148e+01 -5.3943e+01 -6.2818e+01
# New trial
-7.3749e+01 -7.3169e+01 -9.3404e+01 -4.5911e+02
-7.3687e+01 -7.2398e+01 -7.0011e+01 -1.7818e+02
-7.3560e+01 -7.1045e+01 -5.1383e+01 -6.9153e+01
-7.3530e+01 -7.0735e+01 -5.1005e+01 -4.7261e+01
# New trial
-7.3737e+01 -7.3001e+01 -8.6441e+01 -3.7226e+02
-7.3668e+01 -7.2227e+01 -6.8687e+01 -1.5628e+02
-7.3623e+01 -7.1711e+01 -5.7365e+01 -6.6232e+01
-7.3688e+01 -7.2318e+01 -6.0257e+01 -4.8127e+01
# New trial
-7.3730e+01 -7.3241e+01 -1.1222e+02 -6.4396e+02
-7.3636e+01 -7.2033e+01 -7.7327e+01 -2.7910e+02
-7.3528e+01 -7.0756e+01 -5.2529e+01 -8.2022e+01
-7.3601e+01 -7.1449e+01 -5.5002e+01 -5.4646e+01
# New trial
-7.3685e+01 -7.2413e+01 -7.6904e+01 -3.1053e+02
-7.3674e+01 -7.2254e+01 -6.6221e+01 -1.2714e+02
-7.3650e+01 -7.1952e+01 -5.8310e+01 -6.5619e+01
-7.3671e+01 -7.2138e+01 -5.8887e+01 -5.8738e+01
# New trial
-7.3628e+01 -7.2385e+01 -1.0335e+02 -5.5350e+02
-7.3580e+01 -7.1694e+01 -7.4488e+01 -2.3367e+02
-7.3498e+01 -7.0543e+01 -5.3899e+01 -8.3193e+01
-7.3615e+01 -7.1593e+01 -5.7965e+01 -7.4976e+01
# New trial
-7.3617e+01 -7.1789e+01 -6.8431e+01 -1.5169e+02
-7.3561e+01 -7.1223e+01 -6.3673e+01 -1.4397e+02
-7.3456e+01 -7.0079e+01 -5.1318e+01 -8.5058e+01
-7.3629e+01 -7.1730e+01 -5.5704e+01 -5.2092e+01
# New trial
-7.3778e+01 -7.3335e+01 -7.8882e+01 -2.7207e+02
-7.3729e+01 -7.2836e+01 -7.2652e+01 -1.8984e+02
-7.3608e+01 -7.1560e+01 -5.6878e+01 -7.7760e+01
-7.3644e+01 -7.1882e+01 -5.7968e+01 -8.3356e+01
# New trial
-7.3737e+01 -7.3003e+01 -9.1069e+01 -4.4251e+02
-7.3690e+01 -7.2493e+01 -7.8104e+01 -2.8715e+02
-7.3580e+01 -7.1270e+01 -5.5110e+01 -7.6401e+01
-7.3550e+01 -7.0940e+01 -5.3106e+01 -7.0167e+01
# New trial
-7.3756e+01 -7.3093e+01 -8.2479e+01 -3.6991e+02
-7.3725e+01 -7.2733e+01 -7.0047e+01 -2.0061e+02
-7.3661e+01 -7.2050e+01 -5.8477e+01 -7.0596e+01
-7.3662e+01 -7.2049e+01 -5.7607e+01 -5.4561e+01
# New trial
-7.3698e+01 -7.2765e+01 -9.2942e+01 -4.5187e+02
-7.3604e+01 -7.1664e+01 -6.5677e+01 -1.5340e+02
-7.3620e+01 -7.1699e+01 -5.8285e+01 -6.3750e+01
-7.3781e+01 -7.3237e+01 -6.8491e+01 -1.1646e+02
# New trial
-7.3738e+01 -7.2868e+01 -7.7495e+01 -3.5010e+02
-7.3699e+01 -7.2451e+01 -6.4139e+01 -8.9533e+01
-7.3632e+01 -7.1761e+01 -5.5328e+01 -5.5661e+01
-7.3665e+01 -7.2080e+01 -5.7938e+01 -4.6694e+01
# New trial
-7.3758e+01 -7.3291e+01 -9.1021e+01 -4.3214e+02
-7.3685e+01 -7.2481e+01 -7.3920e+01 -2.3495e+02
-7.3587e+01 -7.1380e+01 -5.6729e+01 -7.9626e+01
-7.3682e+01 -7.2252e+01 -6.0402e+01 -6.4265e+01
# New trial
-7.3859e+01 -7.4361e+01 -9.6277e+01 -4.2318e+02
-7.3758e+01 -7.3208e+01 -7.8544e+01 -2.4010e+02
-7.3547e+01 -7.0963e+01 -5.4292e+01 -9.8721e+01
-7.3464e+01 -7.0082e+01 -5.0267e+01 -5.9291e+01
# New trial
-7.3767e+01 -7.3669e+01 -1.1127e+02 -6.2329e+02
-7.3693e+01 -7.2658e+01 -8.1469e+01 -2.9270e+02
-7.3522e+01 -7.0741e+01 -5.3331e+01 -8.6056e+01
-7.3629e+01 -7.1724e+01 -5.7953e+01 -7.0148e+01
# New trial
-7.3769e+01 -7.3153e+01 -7.1519e+01 -1.6662e+02
-7.3710e+01 -7.2562e+01 -6.4833e+01 -9.4117e+01
-7.3611e+01 -7.1560e+01 -5.5279e+01 -7.7351e+01
-7.3686e+01 -7.2294e+01 -6.0649e+01 -8.7099e+01
# New trial
-7.3722e+01 -7.2798e+01 -8.4546e+01 -3.9969e+02
-7.3691e+01 -7.2446e+01 -7.0430e+01 -1.9260e+02
-7.3642e+01 -7.1877e+01 -5.7906e+01 -6.7697e+01
-7.3683e+01 -7.2257e+01 -5.9675e+01 -4.8798e+01
# New trial
-7.3719e+01 -7.3225e+01 -9.9484e+01 -5.4157e+02
-7.3647e+01 -7.2248e+01 -7.5784e+01 -2.5362e+02
-7.3524e+01 -7.0744e+01 -5.2778e+01 -7.7687e+01
-7.3520e+01 -7.0649e+01 -5.2721e+01 -4.8851e+01
# New trial
-7.3696e+01 -7.2544e+01 -7.5049e+01 -2.3307e+02
-7.3634e+01 -7.1886e+01 -6.3506e+01 -9.8624e+01
-7.3574e+01 -7.1238e+01 -5.4388e+01 -6.1090e+01
-7.3675e+01 -7.2178e+01 -5.9338e+01 -5.7828e+01
# New trial
-7.3757e+01 -7.3126e+01 -8.1195e+01 -3.3355e+02
-7.3733e+01 -7.2852e+01 -7.3143e+01 -2.1201e+02
-7.3637e+01 -7.1829e+01 -5.7754e+01 -8.9268e+01
-7.3583e+01 -7.1269e+01 -5.3954e+01 -5.6059e+01
# New trial
