# 1.0sig - Array shape (trial/sig/alpha): (30, 4, 4)
-1.3380e+02 -1.3346e+02 -1.3169e+02 -1.5924e+02
-1.3378e+02 -1.3328e+02 -1.2907e+02 -1.2201e+02
-1.3374e+02 -1.3282e+02 -1.2467e+02 -1.1999e+02
-1.3370e+02 -1.3245e+02 -1.2428e+02 -1.4424e+02
# New trial
-1.3380e+02 -1.3349e+02 -1.3113e+02 -1.3570e+02
-1.3379e+02 -1.3335e+02 -1.2967e+02 -1.2366e+02
-1.3375e+02 -1.3297e+02 -1.2614e+02 -1.2003e+02
-1.3372e+02 -1.3261e+02 -1.2343e+02 -1.1999e+02
# New trial
-1.3381e+02 -1.3359e+02 -1.3210e+02 -1.6765e+02
-1.3380e+02 -1.3346e+02 -1.3051e+02 -1.2450e+02
-1.3376e+02 -1.3305e+02 -1.2661e+02 -1.2042e+02
-1.3370e+02 -1.3249e+02 -1.2267e+02 -1.2000e+02
# New trial
-1.3381e+02 -1.3352e+02 -1.3346e+02 -2.1192e+02
-1.3379e+02 -1.3337e+02 -1.3025e+02 -1.4013e+02
-1.3376e+02 -1.3308e+02 -1.2695e+02 -1.2000e+02
-1.3377e+02 -1.3313e+02 -1.2713e+02 -1.2178e+02
# New trial
-1.3379e+02 -1.3337e+02 -1.3205e+02 -1.9002e+02
-1.3377e+02 -1.3319e+02 -1.2865e+02 -1.3532e+02
-1.3374e+02 -1.3282e+02 -1.2479e+02 -1.1999e+02
-1.3372e+02 -1.3264e+02 -1.2359e+02 -1.1999e+02
# New trial
-1.3381e+02 -1.3355e+02 -1.3185e+02 -1.8093e+02
-1.3380e+02 -1.3344e+02 -1.3029e+02 -1.4057e+02
-1.3377e+02 -1.3312e+02 -1.2721e+02 -1.2023e+02
-1.3374e+02 -1.3283e+02 -1.2527e+02 -1.3515e+02
# New trial
-1.3383e+02 -1.3374e+02 -1.3356e+02 -1.7823e+02
-1.3382e+02 -1.3363e+02 -1.3190e+02 -1.3810e+02
-1.3380e+02 -1.3345e+02 -1.3008e+02 -1.2101e+02
-1.3379e+02 -1.3340e+02 -1.2951e+02 -1.2002e+02
# New trial
-1.3382e+02 -1.3363e+02 -1.3457e+02 -2.0379e+02
-1.3379e+02 -1.3339e+02 -1.3063e+02 -1.5359e+02
-1.3374e+02 -1.3290e+02 -1.2567e+02 -1.2001e+02
-1.3371e+02 -1.3252e+02 -1.2310e+02 -1.2426e+02
# New trial
-1.3377e+02 -1.3320e+02 -1.3088e+02 -1.7120e+02
-1.3374e+02 -1.3288e+02 -1.2725e+02 -1.3938e+02
-1.3366e+02 -1.3211e+02 -1.2160e+02 -1.1999e+02
-1.3360e+02 -1.3150e+02 -1.2066e+02 -1.1999e+02
# New trial
-1.3381e+02 -1.3357e+02 -1.3223e+02 -1.7797e+02
-1.3379e+02 -1.3338e+02 -1.3029e+02 -1.5257e+02
-1.3374e+02 -1.3288e+02 -1.2526e+02 -1.1999e+02
-1.3371e+02 -1.3253e+02 -1.2441e+02 -1.4380e+02
# New trial
-1.3380e+02 -1.3343e+02 -1.3186e+02 -1.6641e+02
-1.3378e+02 -1.3323e+02 -1.2985e+02 -1.5028e+02
-1.3371e+02 -1.3259e+02 -1.2401e+02 -1.2004e+02
-1.3366e+02 -1.3205e+02 -1.2203e+02 -1.2702e+02
# New trial
-1.3381e+02 -1.3356e+02 -1.3440e+02 -1.9914e+02
-1.3378e+02 -1.3328e+02 -1.2913e+02 -1.3885e+02
-1.3374e+02 -1.3281e+02 -1.2441e+02 -1.1999e+02
-1.3369e+02 -1.3237e+02 -1.2187e+02 -1.1999e+02
# New trial
-1.3382e+02 -1.3367e+02 -1.3495e+02 -2.1201e+02
-1.3380e+02 -1.3341e+02 -1.3048e+02 -1.4080e+02
-1.3376e+02 -1.3302e+02 -1.2642e+02 -1.2004e+02
-1.3374e+02 -1.3281e+02 -1.2501e+02 -1.3394e+02
# New trial
-1.3380e+02 -1.3354e+02 -1.3904e+02 -2.6666e+02
-1.3377e+02 -1.3322e+02 -1.3155e+02 -1.6885e+02
-1.3370e+02 -1.3251e+02 -1.2277e+02 -1.1999e+02
-1.3366e+02 -1.3207e+02 -1.2123e+02 -1.1999e+02
# New trial
-1.3381e+02 -1.3360e+02 -1.3351e+02 -2.0596e+02
-1.3380e+02 -1.3344e+02 -1.3066e+02 -1.3834e+02
-1.3376e+02 -1.3309e+02 -1.2702e+02 -1.2058e+02
-1.3374e+02 -1.3282e+02 -1.2564e+02 -1.4622e+02
# New trial
-1.3379e+02 -1.3342e+02 -1.3877e+02 -2.6096e+02
-1.3376e+02 -1.3310e+02 -1.3093e+02 -1.6429e+02
-1.3369e+02 -1.3237e+02 -1.2398e+02 -1.2063e+02
-1.3367e+02 -1.3213e+02 -1.2484e+02 -1.5669e+02
# New trial
-1.3379e+02 -1.3336e+02 -1.3068e+02 -1.5051e+02
-1.3376e+02 -1.3311e+02 -1.2816e+02 -1.3075e+02
-1.3371e+02 -1.3255e+02 -1.2367e+02 -1.2000e+02
-1.3370e+02 -1.3247e+02 -1.2283e+02 -1.2001e+02
# New trial
-1.3381e+02 -1.3352e+02 -1.3171e+02 -1.4552e+02
-1.3379e+02 -1.3336e+02 -1.3025e+02 -1.3420e+02
-1.3374e+02 -1.3289e+02 -1.2539e+02 -1.1999e+02
-1.3372e+02 -1.3266e+02 -1.2332e+02 -1.1999e+02
# New trial
-1.3380e+02 -1.3352e+02 -1.3400e+02 -2.1315e+02
-1.3379e+02 -1.3334e+02 -1.3095e+02 -1.6328e+02
-1.3374e+02 -1.3287e+02 -1.2548e+02 -1.2076e+02
-1.3370e+02 -1.3251e+02 -1.2314e+02 -1.2053e+02
# New trial
-1.3381e+02 -1.3352e+02 -1.3245e+02 -1.8590e+02
-1.3380e+02 -1.3344e+02 -1.3038e+02 -1.3680e+02
-1.3378e+02 -1.3322e+02 -1.2783e+02 -1.1999e+02
-1.3376e+02 -1.3308e+02 -1.2660e+02 -1.1999e+02
# New trial
-1.3381e+02 -1.3355e+02 -1.3457e+02 -1.9804e+02
-1.3378e+02 -1.3324e+02 -1.2959e+02 -1.3650e+02
-1.3374e+02 -1.3286e+02 -1.2573e+02 -1.2015e+02
-1.3376e+02 -1.3306e+02 -1.2667e+02 -1.2071e+02
# New trial
-1.3381e+02 -1.3358e+02 -1.3291e+02 -1.9833e+02
-1.3380e+02 -1.3345e+02 -1.3022e+02 -1.2504e+02
-1.3377e+02 -1.3313e+02 -1.2701e+02 -1.1999e+02
-1.3373e+02 -1.3273e+02 -1.2382e+02 -1.1999e+02
# New trial
-1.3379e+02 -1.3339e+02 -1.3240e+02 -1.7382e+02
-1.3376e+02 -1.3308e+02 -1.2800e+02 -1.3584e+02
-1.3372e+02 -1.3268e+02 -1.2410e+02 -1.1999e+02
-1.3373e+02 -1.3280e+02 -1.2444e+02 -1.1999e+02
# New trial
-1.3380e+02 -1.3345e+02 -1.3237e+02 -1.5152e+02
-1.3377e+02 -1.3315e+02 -1.2914e+02 -1.3570e+02
-1.3370e+02 -1.3247e+02 -1.2353e+02 -1.2000e+02
-1.3366e+02 -1.3202e+02 -1.2150e+02 -1.1999e+02
# New trial
-1.3380e+02 -1.3356e+02 -1.3914e+02 -2.5463e+02
-1.3377e+02 -1.3318e+02 -1.3004e+02 -1.4118e+02
-1.3371e+02 -1.3253e+02 -1.2407e+02 -1.2558e+02
-1.3367e+02 -1.3214e+02 -1.2236e+02 -1.2073e+02
# New trial
-1.3382e+02 -1.3364e+02 -1.3204e+02 -1.3780e+02
-1.3380e+02 -1.3346e+02 -1.3037e+02 -1.2572e+02
-1.3376e+02 -1.3301e+02 -1.2632e+02 -1.2000e+02
-1.3372e+02 -1.3268e+02 -1.2350e+02 -1.1999e+02
# New trial
-1.3381e+02 -1.3355e+02 -1.3369e+02 -2.0919e+02
-1.3379e+02 -1.3339e+02 -1.3070e+02 -1.5087e+02
-1.3375e+02 -1.3293e+02 -1.2575e+02 -1.1999e+02
-1.3369e+02 -1.3238e+02 -1.2179e+02 -1.1999e+02
# New trial
-1.3381e+02 -1.3355e+02 -1.3500e+02 -2.0799e+02
-1.3378e+02 -1.3324e+02 -1.3036e+02 -1.6073e+02
-1.3370e+02 -1.3251e+02 -1.2311e+02 -1.1999e+02
-1.3365e+02 -1.3193e+02 -1.2099e+02 -1.1999e+02
# New trial
-1.3382e+02 -1.3364e+02 -1.3291e+02 -1.6664e+02
-1.3380e+02 -1.3346e+02 -1.3087e+02 -1.4861e+02
-1.3375e+02 -1.3291e+02 -1.2605e+02 -1.2009e+02
-1.3371e+02 -1.3254e+02 -1.2282e+02 -1.1999e+02
# New trial
-1.3381e+02 -1.3354e+02 -1.3205e+02 -1.7755e+02
-1.3380e+02 -1.3341e+02 -1.3027e+02 -1.4569e+02
-1.3376e+02 -1.3304e+02 -1.2653e+02 -1.2036e+02
-1.3372e+02 -1.3270e+02 -1.2377e+02 -1.1999e+02
# New trial
