# 1.0sig - Array shape (trial/sig/alpha): (30L, 4L, 4L)
-9.6830e+01 -9.6092e+01 -9.6211e+01 -2.3141e+02
-9.6787e+01 -9.5646e+01 -8.8879e+01 -1.2755e+02
-9.6664e+01 -9.4398e+01 -7.6119e+01 -6.9605e+01
-9.6543e+01 -9.3190e+01 -7.1830e+01 -6.9227e+01
# New trial
-9.6849e+01 -9.6275e+01 -9.4722e+01 -1.6512e+02
-9.6815e+01 -9.5935e+01 -9.0484e+01 -1.0760e+02
-9.6711e+01 -9.4897e+01 -8.0195e+01 -6.9261e+01
-9.6657e+01 -9.4331e+01 -7.5784e+01 -6.9228e+01
# New trial
-9.6840e+01 -9.6172e+01 -9.2939e+01 -1.6361e+02
-9.6808e+01 -9.5843e+01 -8.8492e+01 -7.9834e+01
-9.6718e+01 -9.4937e+01 -7.9618e+01 -6.9227e+01
-9.6629e+01 -9.4047e+01 -7.5829e+01 -9.6508e+01
# New trial
-9.6838e+01 -9.6160e+01 -9.4377e+01 -2.3540e+02
-9.6803e+01 -9.5812e+01 -9.0124e+01 -1.2181e+02
-9.6734e+01 -9.5113e+01 -8.2237e+01 -7.0975e+01
-9.6735e+01 -9.5108e+01 -8.1027e+01 -7.7882e+01
# New trial
-9.6795e+01 -9.5789e+01 -9.8557e+01 -2.8691e+02
-9.6753e+01 -9.5336e+01 -8.8606e+01 -1.5740e+02
-9.6681e+01 -9.4590e+01 -7.8841e+01 -7.1618e+01
-9.6675e+01 -9.4513e+01 -7.8899e+01 -1.0296e+02
# New trial
-9.6844e+01 -9.6217e+01 -9.5710e+01 -2.3825e+02
-9.6816e+01 -9.5929e+01 -9.0135e+01 -1.3866e+02
-9.6733e+01 -9.5085e+01 -8.1042e+01 -6.9265e+01
-9.6651e+01 -9.4261e+01 -7.5095e+01 -6.9228e+01
# New trial
-9.6875e+01 -9.6514e+01 -9.6453e+01 -2.2450e+02
-9.6852e+01 -9.6275e+01 -9.1496e+01 -1.2448e+02
-9.6814e+01 -9.5886e+01 -8.7107e+01 -7.1242e+01
-9.6817e+01 -9.5918e+01 -8.7275e+01 -7.2448e+01
# New trial
-9.6854e+01 -9.6398e+01 -1.0470e+02 -2.9987e+02
-9.6801e+01 -9.5821e+01 -9.3042e+01 -1.6934e+02
-9.6694e+01 -9.4707e+01 -7.8999e+01 -6.9253e+01
-9.6655e+01 -9.4298e+01 -7.5327e+01 -6.9227e+01
# New trial
-9.6787e+01 -9.5794e+01 -9.9389e+01 -2.6114e+02
-9.6683e+01 -9.4694e+01 -8.7594e+01 -1.5858e+02
-9.6471e+01 -9.2518e+01 -7.0404e+01 -6.9227e+01
-9.6471e+01 -9.2499e+01 -7.0996e+01 -6.9228e+01
# New trial
-9.6816e+01 -9.5953e+01 -9.3308e+01 -2.1437e+02
-9.6766e+01 -9.5445e+01 -8.8056e+01 -1.7532e+02
-9.6655e+01 -9.4309e+01 -7.4942e+01 -6.9227e+01
-9.6608e+01 -9.3837e+01 -7.3966e+01 -6.9227e+01
# New trial
-9.6831e+01 -9.6165e+01 -1.0044e+02 -2.4288e+02
-9.6781e+01 -9.5661e+01 -9.5666e+01 -2.1343e+02
-9.6633e+01 -9.4118e+01 -7.6391e+01 -6.9238e+01
-9.6555e+01 -9.3313e+01 -7.3404e+01 -6.9227e+01
# New trial
-9.6838e+01 -9.6226e+01 -1.0273e+02 -3.0630e+02
-9.6781e+01 -9.5597e+01 -8.9064e+01 -1.3866e+02
-9.6658e+01 -9.4340e+01 -7.6051e+01 -6.9522e+01
-9.6560e+01 -9.3360e+01 -7.3162e+01 -7.2928e+01
# New trial
-9.6861e+01 -9.6437e+01 -1.0452e+02 -3.3598e+02
-9.6806e+01 -9.5850e+01 -9.1543e+01 -1.4017e+02
-9.6719e+01 -9.4956e+01 -8.0179e+01 -6.9237e+01
-9.6693e+01 -9.4683e+01 -7.7671e+01 -6.9227e+01
# New trial
-9.6842e+01 -9.6360e+01 -1.1828e+02 -4.8677e+02
-9.6778e+01 -9.5624e+01 -9.5820e+01 -2.1327e+02
-9.6620e+01 -9.3971e+01 -7.3741e+01 -6.9227e+01
-9.6534e+01 -9.3102e+01 -7.1679e+01 -6.9227e+01
# New trial
-9.6856e+01 -9.6355e+01 -9.8050e+01 -2.7531e+02
-9.6823e+01 -9.6009e+01 -9.1654e+01 -1.4205e+02
-9.6736e+01 -9.5122e+01 -8.0934e+01 -6.9290e+01
-9.6678e+01 -9.4540e+01 -7.8878e+01 -1.1720e+02
# New trial
-9.6807e+01 -9.6162e+01 -1.1804e+02 -4.5662e+02
-9.6739e+01 -9.5377e+01 -9.7607e+01 -2.2508e+02
-9.6583e+01 -9.3661e+01 -7.4858e+01 -6.9228e+01
-9.6589e+01 -9.3657e+01 -7.4998e+01 -7.4946e+01
# New trial
-9.6817e+01 -9.5966e+01 -9.3789e+01 -1.8844e+02
-9.6758e+01 -9.5383e+01 -8.8024e+01 -1.2264e+02
-9.6592e+01 -9.3715e+01 -7.4939e+01 -6.9602e+01
-9.6541e+01 -9.3178e+01 -7.2081e+01 -6.9227e+01
# New trial
-9.6851e+01 -9.6307e+01 -9.6467e+01 -1.8360e+02
-9.6808e+01 -9.5879e+01 -9.2255e+01 -1.4261e+02
-9.6695e+01 -9.4718e+01 -7.8836e+01 -7.2256e+01
-9.6674e+01 -9.4491e+01 -7.8071e+01 -6.9870e+01
# New trial
-9.6849e+01 -9.6376e+01 -1.0830e+02 -3.4672e+02
-9.6799e+01 -9.5836e+01 -9.7530e+01 -2.1737e+02
-9.6676e+01 -9.4523e+01 -7.6355e+01 -6.9227e+01
-9.6611e+01 -9.3868e+01 -7.4132e+01 -6.9298e+01
# New trial
-9.6876e+01 -9.6559e+01 -1.0140e+02 -2.9623e+02
-9.6844e+01 -9.6208e+01 -9.3293e+01 -1.7773e+02
-9.6757e+01 -9.5316e+01 -8.2088e+01 -6.9234e+01
-9.6662e+01 -9.4367e+01 -7.5227e+01 -6.9227e+01
# New trial
-9.6818e+01 -9.6057e+01 -1.0271e+02 -2.9501e+02
-9.6758e+01 -9.5416e+01 -8.9238e+01 -1.2459e+02
-9.6696e+01 -9.4751e+01 -8.0196e+01 -6.9646e+01
-9.6766e+01 -9.5410e+01 -8.4069e+01 -1.1788e+02
# New trial
-9.6844e+01 -9.6221e+01 -9.7679e+01 -2.9066e+02
-9.6811e+01 -9.5871e+01 -8.8393e+01 -8.3326e+01
-9.6734e+01 -9.5098e+01 -8.0722e+01 -6.9298e+01
-9.6693e+01 -9.4684e+01 -7.7469e+01 -6.9399e+01
# New trial
-9.6834e+01 -9.6212e+01 -1.0361e+02 -2.9177e+02
-9.6759e+01 -9.5404e+01 -8.8809e+01 -1.4889e+02
-9.6639e+01 -9.4191e+01 -7.6807e+01 -6.9343e+01
-9.6631e+01 -9.4080e+01 -7.5197e+01 -7.1756e+01
# New trial
-9.6808e+01 -9.5988e+01 -9.9385e+01 -2.1762e+02
-9.6733e+01 -9.5174e+01 -8.7774e+01 -1.2241e+02
-9.6587e+01 -9.3663e+01 -7.2631e+01 -6.9227e+01
-9.6554e+01 -9.3304e+01 -7.1885e+01 -6.9227e+01
# New trial
-9.6853e+01 -9.6532e+01 -1.1877e+02 -4.8956e+02
-9.6779e+01 -9.5676e+01 -9.5657e+01 -1.9457e+02
-9.6620e+01 -9.3995e+01 -7.4930e+01 -6.9227e+01
-9.6623e+01 -9.3990e+01 -7.5283e+01 -7.3114e+01
# New trial
-9.6850e+01 -9.6257e+01 -9.1688e+01 -1.1792e+02
-9.6805e+01 -9.5810e+01 -8.7507e+01 -7.7617e+01
-9.6712e+01 -9.4881e+01 -7.9221e+01 -6.9241e+01
-9.6721e+01 -9.4963e+01 -7.9380e+01 -6.9232e+01
# New trial
-9.6823e+01 -9.6027e+01 -9.6782e+01 -2.6954e+02
-9.6794e+01 -9.5734e+01 -9.0586e+01 -1.5067e+02
-9.6714e+01 -9.4906e+01 -8.0151e+01 -6.9242e+01
-9.6678e+01 -9.4530e+01 -7.6598e+01 -6.9227e+01
# New trial
-9.6823e+01 -9.6153e+01 -1.0178e+02 -2.9142e+02
-9.6765e+01 -9.5512e+01 -9.1704e+01 -1.7975e+02
-9.6623e+01 -9.4024e+01 -7.6504e+01 -6.9499e+01
-9.6581e+01 -9.3588e+01 -8.0719e+01 -1.6132e+02
# New trial
-9.6844e+01 -9.6216e+01 -9.4448e+01 -1.8420e+02
-9.6792e+01 -9.5697e+01 -8.7945e+01 -1.1384e+02
-9.6678e+01 -9.4551e+01 -7.7686e+01 -6.9229e+01
-9.6660e+01 -9.4355e+01 -7.6193e+01 -8.0494e+01
# New trial
-9.6816e+01 -9.5957e+01 -9.5059e+01 -2.1829e+02
-9.6787e+01 -9.5651e+01 -8.9123e+01 -1.3682e+02
-9.6702e+01 -9.4782e+01 -7.8965e+01 -7.0229e+01
-9.6639e+01 -9.4150e+01 -7.5255e+01 -6.9511e+01
# New trial
