# 10.0sig - Array shape (trial/sig/alpha): (30, 4, 4)
-1.5217e+02 -1.5114e+02 -1.5342e+02 -6.6667e+02
-1.5218e+02 -1.5115e+02 -1.4794e+02 -5.6398e+02
-1.5211e+02 -1.5042e+02 -1.3639e+02 -2.5503e+02
-1.5195e+02 -1.4884e+02 -1.1906e+02 -1.2180e+02
# New trial
-1.5230e+02 -1.5391e+02 -2.7146e+02 -2.2524e+03
-1.5215e+02 -1.5189e+02 -2.0602e+02 -1.2742e+03
-1.5191e+02 -1.4873e+02 -1.3518e+02 -5.3357e+02
-1.5157e+02 -1.4503e+02 -8.5560e+01 -7.7606e+01
# New trial
-1.5223e+02 -1.5187e+02 -1.8576e+02 -1.1574e+03
-1.5217e+02 -1.5123e+02 -1.6462e+02 -7.6866e+02
-1.5189e+02 -1.4830e+02 -1.2015e+02 -3.1771e+02
-1.5154e+02 -1.4475e+02 -8.2869e+01 -6.4386e+01
# New trial
-1.5208e+02 -1.5026e+02 -1.5295e+02 -7.7285e+02
-1.5206e+02 -1.5001e+02 -1.4410e+02 -6.0950e+02
-1.5185e+02 -1.4788e+02 -1.1501e+02 -2.3010e+02
-1.5155e+02 -1.4478e+02 -8.3246e+01 -5.8213e+01
# New trial
-1.5224e+02 -1.5289e+02 -2.3456e+02 -1.8762e+03
-1.5210e+02 -1.5073e+02 -1.6135e+02 -6.9804e+02
-1.5199e+02 -1.4932e+02 -1.3020e+02 -3.5145e+02
-1.5184e+02 -1.4775e+02 -1.0901e+02 -9.2037e+01
# New trial
-1.5216e+02 -1.5136e+02 -1.7826e+02 -9.1439e+02
-1.5209e+02 -1.5041e+02 -1.5067e+02 -5.9453e+02
-1.5184e+02 -1.4771e+02 -1.1135e+02 -1.7971e+02
-1.5150e+02 -1.4430e+02 -7.9560e+01 -5.0775e+01
# New trial
-1.5213e+02 -1.5082e+02 -1.6105e+02 -1.0030e+03
-1.5216e+02 -1.5103e+02 -1.5116e+02 -6.6820e+02
-1.5209e+02 -1.5026e+02 -1.3602e+02 -4.6738e+02
-1.5195e+02 -1.4877e+02 -1.1793e+02 -6.4948e+01
# New trial
-1.5215e+02 -1.5176e+02 -2.0148e+02 -1.2243e+03
-1.5216e+02 -1.5139e+02 -1.7423e+02 -9.1554e+02
-1.5200e+02 -1.4949e+02 -1.3612e+02 -4.6867e+02
-1.5173e+02 -1.4668e+02 -1.0035e+02 -1.3916e+02
# New trial
-1.5236e+02 -1.5412e+02 -2.7978e+02 -2.4324e+03
-1.5231e+02 -1.5310e+02 -2.1570e+02 -1.3688e+03
-1.5194e+02 -1.4887e+02 -1.3278e+02 -4.8761e+02
-1.5151e+02 -1.4447e+02 -8.2826e+01 -8.5603e+01
# New trial
-1.5218e+02 -1.5113e+02 -1.4577e+02 -4.2846e+02
-1.5214e+02 -1.5077e+02 -1.3946e+02 -2.3858e+02
-1.5207e+02 -1.4998e+02 -1.3008e+02 -1.3012e+02
-1.5200e+02 -1.4930e+02 -1.2299e+02 -6.2820e+01
# New trial
-1.5239e+02 -1.5434e+02 -2.6793e+02 -2.2558e+03
-1.5215e+02 -1.5125e+02 -2.2574e+02 -1.9126e+03
-1.5174e+02 -1.4684e+02 -1.2284e+02 -6.3254e+02
-1.5135e+02 -1.4283e+02 -7.1822e+01 -7.0134e+01
# New trial
-1.5248e+02 -1.5499e+02 -2.5612e+02 -1.8063e+03
-1.5225e+02 -1.5201e+02 -1.6763e+02 -6.2128e+02
-1.5208e+02 -1.5015e+02 -1.3512e+02 -2.1710e+02
-1.5193e+02 -1.4860e+02 -1.1626e+02 -5.0112e+01
# New trial
-1.5219e+02 -1.5183e+02 -2.0826e+02 -1.3921e+03
-1.5212e+02 -1.5094e+02 -1.7116e+02 -8.0410e+02
-1.5188e+02 -1.4827e+02 -1.2298e+02 -3.6269e+02
-1.5160e+02 -1.4531e+02 -8.8301e+01 -7.4014e+01
# New trial
-1.5223e+02 -1.5199e+02 -1.8741e+02 -1.1383e+03
-1.5221e+02 -1.5171e+02 -1.6989e+02 -7.8836e+02
-1.5196e+02 -1.4898e+02 -1.2632e+02 -3.5543e+02
-1.5167e+02 -1.4607e+02 -9.3451e+01 -6.8989e+01
# New trial
-1.5223e+02 -1.5217e+02 -2.1085e+02 -1.3942e+03
-1.5218e+02 -1.5147e+02 -1.8016e+02 -9.6586e+02
-1.5192e+02 -1.4861e+02 -1.2551e+02 -3.7411e+02
-1.5157e+02 -1.4506e+02 -8.5511e+01 -9.9890e+01
# New trial
-1.5265e+02 -1.5752e+02 -3.1448e+02 -2.4063e+03
-1.5241e+02 -1.5407e+02 -2.0964e+02 -1.1624e+03
-1.5189e+02 -1.4843e+02 -1.3447e+02 -5.5348e+02
-1.5135e+02 -1.4289e+02 -7.1174e+01 -1.5475e+02
# New trial
-1.5218e+02 -1.5268e+02 -2.8777e+02 -2.3428e+03
-1.5205e+02 -1.5036e+02 -1.7588e+02 -9.7028e+02
-1.5180e+02 -1.4746e+02 -1.2660e+02 -5.7093e+02
-1.5150e+02 -1.4434e+02 -8.0827e+01 -1.3126e+02
# New trial
-1.5239e+02 -1.5362e+02 -2.0265e+02 -1.3442e+03
-1.5223e+02 -1.5186e+02 -1.6532e+02 -7.6138e+02
-1.5191e+02 -1.4854e+02 -1.2309e+02 -2.9283e+02
-1.5164e+02 -1.4570e+02 -9.1185e+01 -6.4926e+01
# New trial
-1.5228e+02 -1.5225e+02 -1.6795e+02 -8.0278e+02
-1.5220e+02 -1.5141e+02 -1.4935e+02 -3.8749e+02
-1.5207e+02 -1.5006e+02 -1.3117e+02 -1.1371e+02
-1.5192e+02 -1.4851e+02 -1.1503e+02 -4.6872e+01
# New trial
-1.5242e+02 -1.5443e+02 -2.6988e+02 -2.1096e+03
-1.5228e+02 -1.5251e+02 -1.8530e+02 -1.1110e+03
-1.5194e+02 -1.4885e+02 -1.3241e+02 -5.8166e+02
-1.5159e+02 -1.4529e+02 -9.2000e+01 -2.7301e+02
# New trial
-1.5239e+02 -1.5409e+02 -2.2898e+02 -1.5265e+03
-1.5225e+02 -1.5202e+02 -1.6762e+02 -8.3354e+02
-1.5199e+02 -1.4924e+02 -1.2964e+02 -5.3560e+02
-1.5169e+02 -1.4620e+02 -9.4813e+01 -1.3866e+02
# New trial
-1.5216e+02 -1.5104e+02 -1.5860e+02 -7.6744e+02
-1.5213e+02 -1.5075e+02 -1.5596e+02 -7.5983e+02
-1.5195e+02 -1.4888e+02 -1.2584e+02 -3.7552e+02
-1.5164e+02 -1.4574e+02 -9.3059e+01 -7.7093e+01
# New trial
-1.5227e+02 -1.5238e+02 -1.8275e+02 -8.8679e+02
-1.5218e+02 -1.5138e+02 -1.6391e+02 -6.4286e+02
-1.5194e+02 -1.4879e+02 -1.2446e+02 -2.2362e+02
-1.5167e+02 -1.4602e+02 -9.3450e+01 -8.0121e+01
# New trial
-1.5222e+02 -1.5199e+02 -1.9248e+02 -1.0990e+03
-1.5216e+02 -1.5137e+02 -1.8136e+02 -9.1096e+02
-1.5189e+02 -1.4843e+02 -1.2895e+02 -4.7294e+02
-1.5142e+02 -1.4352e+02 -7.4377e+01 -6.9992e+01
# New trial
-1.5237e+02 -1.5377e+02 -2.2571e+02 -1.5154e+03
-1.5223e+02 -1.5210e+02 -1.8855e+02 -1.0309e+03
-1.5183e+02 -1.4777e+02 -1.1977e+02 -3.5166e+02
-1.5143e+02 -1.4361e+02 -7.7383e+01 -1.3955e+02
# New trial
-1.5257e+02 -1.5753e+02 -3.3066e+02 -2.6393e+03
-1.5229e+02 -1.5331e+02 -2.3421e+02 -1.7164e+03
-1.5163e+02 -1.4576e+02 -1.0007e+02 -2.0839e+02
-1.5100e+02 -1.3934e+02 -5.3905e+01 -4.6814e+01
# New trial
-1.5270e+02 -1.5865e+02 -3.3912e+02 -2.6667e+03
-1.5241e+02 -1.5422e+02 -2.2076e+02 -1.4581e+03
-1.5190e+02 -1.4849e+02 -1.2924e+02 -4.9904e+02
-1.5153e+02 -1.4467e+02 -8.9394e+01 -2.4963e+02
# New trial
-1.5215e+02 -1.5119e+02 -1.6820e+02 -8.0185e+02
-1.5212e+02 -1.5070e+02 -1.5354e+02 -6.3497e+02
-1.5195e+02 -1.4885e+02 -1.2545e+02 -3.1479e+02
-1.5173e+02 -1.4661e+02 -9.8805e+01 -9.4758e+01
# New trial
-1.5220e+02 -1.5196e+02 -2.3574e+02 -1.9419e+03
-1.5215e+02 -1.5128e+02 -1.7734e+02 -1.0485e+03
-1.5187e+02 -1.4821e+02 -1.2262e+02 -2.1258e+02
-1.5151e+02 -1.4444e+02 -8.1341e+01 -8.7952e+01
# New trial
-1.5215e+02 -1.5131e+02 -1.8896e+02 -1.1499e+03
-1.5212e+02 -1.5077e+02 -1.5922e+02 -7.4991e+02
-1.5194e+02 -1.4883e+02 -1.2705e+02 -5.0002e+02
-1.5166e+02 -1.4593e+02 -9.5635e+01 -1.7586e+02
# New trial
