# 10.0sig - Array shape (trial/sig/alpha): (30, 4, 4)
-1.6152e+02 -1.6147e+02 -1.6129e+02 -2.0058e+02
-1.6152e+02 -1.6142e+02 -1.6068e+02 -1.9324e+02
-1.6150e+02 -1.6128e+02 -1.5918e+02 -1.7249e+02
-1.6148e+02 -1.6101e+02 -1.5647e+02 -1.4994e+02
# New trial
-1.6154e+02 -1.6166e+02 -1.7144e+02 -3.6604e+02
-1.6151e+02 -1.6140e+02 -1.6438e+02 -2.5465e+02
-1.6146e+02 -1.6085e+02 -1.5637e+02 -1.9487e+02
-1.6140e+02 -1.6025e+02 -1.4955e+02 -1.4307e+02
# New trial
-1.6153e+02 -1.6151e+02 -1.6264e+02 -2.4627e+02
-1.6152e+02 -1.6142e+02 -1.6102e+02 -2.1896e+02
-1.6149e+02 -1.6113e+02 -1.5769e+02 -1.6514e+02
-1.6145e+02 -1.6072e+02 -1.5373e+02 -1.4307e+02
# New trial
-1.6151e+02 -1.6133e+02 -1.6003e+02 -1.9651e+02
-1.6150e+02 -1.6123e+02 -1.5913e+02 -1.8404e+02
-1.6146e+02 -1.6087e+02 -1.5536e+02 -1.5217e+02
-1.6141e+02 -1.6038e+02 -1.5067e+02 -1.4307e+02
# New trial
-1.6153e+02 -1.6156e+02 -1.6467e+02 -2.7896e+02
-1.6151e+02 -1.6138e+02 -1.6069e+02 -2.0174e+02
-1.6149e+02 -1.6110e+02 -1.5745e+02 -1.5301e+02
-1.6146e+02 -1.6079e+02 -1.5431e+02 -1.4307e+02
# New trial
-1.6151e+02 -1.6136e+02 -1.6019e+02 -1.7427e+02
-1.6150e+02 -1.6125e+02 -1.5902e+02 -1.6951e+02
-1.6146e+02 -1.6088e+02 -1.5526e+02 -1.4559e+02
-1.6141e+02 -1.6035e+02 -1.5042e+02 -1.4307e+02
# New trial
-1.6152e+02 -1.6146e+02 -1.6109e+02 -2.1682e+02
-1.6152e+02 -1.6142e+02 -1.6058e+02 -1.7542e+02
-1.6150e+02 -1.6128e+02 -1.5910e+02 -1.5202e+02
-1.6148e+02 -1.6104e+02 -1.5676e+02 -1.4768e+02
# New trial
-1.6151e+02 -1.6135e+02 -1.6144e+02 -2.2025e+02
-1.6150e+02 -1.6123e+02 -1.5998e+02 -2.0810e+02
-1.6147e+02 -1.6090e+02 -1.5577e+02 -1.4473e+02
-1.6143e+02 -1.6059e+02 -1.5255e+02 -1.4308e+02
# New trial
-1.6154e+02 -1.6168e+02 -1.7186e+02 -3.6991e+02
-1.6152e+02 -1.6146e+02 -1.6357e+02 -2.4310e+02
-1.6147e+02 -1.6098e+02 -1.5673e+02 -1.7910e+02
-1.6143e+02 -1.6052e+02 -1.5210e+02 -1.4758e+02
# New trial
-1.6153e+02 -1.6159e+02 -1.6323e+02 -2.4007e+02
-1.6153e+02 -1.6149e+02 -1.6137e+02 -1.8879e+02
-1.6151e+02 -1.6133e+02 -1.5961e+02 -1.5944e+02
-1.6148e+02 -1.6102e+02 -1.5650e+02 -1.4319e+02
# New trial
-1.6154e+02 -1.6165e+02 -1.6853e+02 -3.5626e+02
-1.6150e+02 -1.6129e+02 -1.6103e+02 -2.3843e+02
-1.6145e+02 -1.6078e+02 -1.5446e+02 -1.5484e+02
-1.6138e+02 -1.6002e+02 -1.4805e+02 -1.4307e+02
# New trial
-1.6155e+02 -1.6181e+02 -1.7077e+02 -3.3475e+02
-1.6152e+02 -1.6146e+02 -1.6146e+02 -1.9163e+02
-1.6149e+02 -1.6118e+02 -1.5826e+02 -1.5717e+02
-1.6147e+02 -1.6093e+02 -1.5568e+02 -1.5134e+02
# New trial
-1.6152e+02 -1.6148e+02 -1.6398e+02 -2.6575e+02
-1.6151e+02 -1.6137e+02 -1.6160e+02 -2.3168e+02
-1.6148e+02 -1.6101e+02 -1.5719e+02 -1.8516e+02
-1.6142e+02 -1.6047e+02 -1.5167e+02 -1.4375e+02
# New trial
-1.6153e+02 -1.6153e+02 -1.6237e+02 -2.2831e+02
-1.6152e+02 -1.6142e+02 -1.6082e+02 -1.9591e+02
-1.6148e+02 -1.6108e+02 -1.5719e+02 -1.5592e+02
-1.6144e+02 -1.6062e+02 -1.5280e+02 -1.4310e+02
# New trial
-1.6153e+02 -1.6159e+02 -1.6465e+02 -2.6434e+02
-1.6152e+02 -1.6144e+02 -1.6208e+02 -2.1755e+02
-1.6148e+02 -1.6103e+02 -1.5673e+02 -1.4510e+02
-1.6143e+02 -1.6052e+02 -1.5179e+02 -1.4307e+02
# New trial
-1.6155e+02 -1.6183e+02 -1.7243e+02 -3.7109e+02
-1.6153e+02 -1.6156e+02 -1.6480e+02 -2.6663e+02
-1.6148e+02 -1.6100e+02 -1.5746e+02 -1.8569e+02
-1.6141e+02 -1.6033e+02 -1.5110e+02 -1.6879e+02
# New trial
-1.6153e+02 -1.6157e+02 -1.7010e+02 -3.4194e+02
-1.6150e+02 -1.6128e+02 -1.6052e+02 -2.1344e+02
-1.6146e+02 -1.6086e+02 -1.5534e+02 -1.6102e+02
-1.6142e+02 -1.6044e+02 -1.5117e+02 -1.4307e+02
# New trial
-1.6152e+02 -1.6142e+02 -1.6126e+02 -2.1795e+02
-1.6150e+02 -1.6123e+02 -1.5889e+02 -1.8513e+02
-1.6146e+02 -1.6081e+02 -1.5472e+02 -1.4547e+02
-1.6140e+02 -1.6023e+02 -1.4930e+02 -1.4307e+02
# New trial
-1.6152e+02 -1.6145e+02 -1.6137e+02 -2.0461e+02
-1.6151e+02 -1.6135e+02 -1.5986e+02 -1.5942e+02
-1.6150e+02 -1.6119e+02 -1.5818e+02 -1.4713e+02
-1.6147e+02 -1.6092e+02 -1.5553e+02 -1.4307e+02
# New trial
-1.6154e+02 -1.6170e+02 -1.6836e+02 -3.2070e+02
-1.6153e+02 -1.6153e+02 -1.6280e+02 -2.3635e+02
-1.6149e+02 -1.6114e+02 -1.5812e+02 -1.8253e+02
-1.6143e+02 -1.6051e+02 -1.5195e+02 -1.4310e+02
# New trial
-1.6152e+02 -1.6146e+02 -1.6213e+02 -2.2835e+02
-1.6151e+02 -1.6129e+02 -1.5937e+02 -1.8356e+02
-1.6148e+02 -1.6100e+02 -1.5631e+02 -1.4595e+02
-1.6144e+02 -1.6064e+02 -1.5290e+02 -1.4307e+02
# New trial
-1.6151e+02 -1.6130e+02 -1.5950e+02 -1.7650e+02
-1.6149e+02 -1.6117e+02 -1.5847e+02 -1.8200e+02
-1.6145e+02 -1.6075e+02 -1.5439e+02 -1.5480e+02
-1.6139e+02 -1.6016e+02 -1.4933e+02 -1.4346e+02
# New trial
-1.6154e+02 -1.6162e+02 -1.6321e+02 -2.1699e+02
-1.6153e+02 -1.6153e+02 -1.6209e+02 -2.0046e+02
-1.6150e+02 -1.6124e+02 -1.5880e+02 -1.6501e+02
-1.6147e+02 -1.6094e+02 -1.5579e+02 -1.4315e+02
# New trial
-1.6153e+02 -1.6160e+02 -1.6480e+02 -2.5104e+02
-1.6152e+02 -1.6144e+02 -1.6335e+02 -2.4076e+02
-1.6147e+02 -1.6093e+02 -1.5643e+02 -1.6064e+02
-1.6138e+02 -1.6005e+02 -1.4801e+02 -1.4307e+02
# New trial
-1.6151e+02 -1.6140e+02 -1.6330e+02 -2.4969e+02
-1.6149e+02 -1.6111e+02 -1.5886e+02 -1.8343e+02
-1.6143e+02 -1.6056e+02 -1.5270e+02 -1.5445e+02
-1.6138e+02 -1.6002e+02 -1.4790e+02 -1.4307e+02
# New trial
-1.6155e+02 -1.6179e+02 -1.7252e+02 -3.6626e+02
-1.6151e+02 -1.6137e+02 -1.6379e+02 -2.8943e+02
-1.6145e+02 -1.6072e+02 -1.5424e+02 -1.7015e+02
-1.6138e+02 -1.6006e+02 -1.4870e+02 -1.4332e+02
# New trial
-1.6157e+02 -1.6196e+02 -1.7307e+02 -3.5189e+02
-1.6152e+02 -1.6147e+02 -1.6201e+02 -2.3691e+02
-1.6147e+02 -1.6097e+02 -1.5671e+02 -2.0084e+02
-1.6142e+02 -1.6042e+02 -1.5147e+02 -1.5483e+02
# New trial
-1.6152e+02 -1.6148e+02 -1.6119e+02 -1.8245e+02
-1.6152e+02 -1.6144e+02 -1.6086e+02 -1.8495e+02
-1.6150e+02 -1.6124e+02 -1.5873e+02 -1.5871e+02
-1.6147e+02 -1.6090e+02 -1.5546e+02 -1.4496e+02
# New trial
-1.6153e+02 -1.6157e+02 -1.6769e+02 -3.1698e+02
-1.6152e+02 -1.6143e+02 -1.6236e+02 -2.3517e+02
-1.6147e+02 -1.6097e+02 -1.5646e+02 -1.5647e+02
-1.6142e+02 -1.6049e+02 -1.5197e+02 -1.5908e+02
# New trial
-1.6153e+02 -1.6159e+02 -1.6327e+02 -2.5270e+02
-1.6153e+02 -1.6154e+02 -1.6202e+02 -2.2046e+02
-1.6151e+02 -1.6135e+02 -1.5992e+02 -1.8942e+02
-1.6148e+02 -1.6107e+02 -1.5715e+02 -1.5212e+02
# New trial
