# 10.0sig - Array shape (trial/sig/alpha): (30L, 4L, 4L)
-2.3089e+01 -2.3223e+01 -2.5985e+01 -9.5896e+01
-2.3081e+01 -2.3131e+01 -2.4000e+01 -4.5253e+01
-2.3075e+01 -2.3068e+01 -2.3069e+01 -2.5526e+01
-2.3075e+01 -2.3073e+01 -2.3053e+01 -2.3018e+01
# New trial
-2.3084e+01 -2.3325e+01 -3.2031e+01 -1.5523e+02
-2.3061e+01 -2.3014e+01 -2.5451e+01 -7.4029e+01
-2.3072e+01 -2.3044e+01 -2.3114e+01 -3.8364e+01
-2.3076e+01 -2.3076e+01 -2.3087e+01 -2.7079e+01
# New trial
-2.3084e+01 -2.3228e+01 -3.0069e+01 -1.5445e+02
-2.3065e+01 -2.2998e+01 -2.4073e+01 -7.2469e+01
-2.3070e+01 -2.3028e+01 -2.3118e+01 -6.2959e+01
-2.3076e+01 -2.3077e+01 -2.3161e+01 -4.4978e+01
# New trial
-2.3051e+01 -2.2849e+01 -2.2608e+01 -5.0457e+01
-2.3070e+01 -2.3027e+01 -2.3018e+01 -3.8211e+01
-2.3075e+01 -2.3074e+01 -2.3143e+01 -3.2950e+01
-2.3075e+01 -2.3073e+01 -2.3057e+01 -2.3214e+01
# New trial
-2.3055e+01 -2.3155e+01 -3.5780e+01 -2.1168e+02
-2.3059e+01 -2.2984e+01 -2.5970e+01 -8.3280e+01
-2.3070e+01 -2.3034e+01 -2.3326e+01 -5.5917e+01
-2.3075e+01 -2.3071e+01 -2.3141e+01 -4.8070e+01
# New trial
-2.3042e+01 -2.2807e+01 -2.6590e+01 -1.2297e+02
-2.3065e+01 -2.2984e+01 -2.3500e+01 -6.6434e+01
-2.3074e+01 -2.3063e+01 -2.3226e+01 -5.2482e+01
-2.3075e+01 -2.3074e+01 -2.3105e+01 -3.6942e+01
# New trial
-2.3010e+01 -2.2521e+01 -2.2810e+01 -6.6854e+01
-2.3061e+01 -2.2949e+01 -2.3036e+01 -4.6904e+01
-2.3074e+01 -2.3063e+01 -2.3114e+01 -4.4356e+01
-2.3076e+01 -2.3076e+01 -2.3097e+01 -3.4372e+01
# New trial
-2.3086e+01 -2.3702e+01 -4.4160e+01 -3.0104e+02
-2.3081e+01 -2.3228e+01 -2.8537e+01 -1.1555e+02
-2.3073e+01 -2.3065e+01 -2.3666e+01 -7.4819e+01
-2.3075e+01 -2.3070e+01 -2.3039e+01 -2.4497e+01
# New trial
-2.2984e+01 -2.2273e+01 -2.3829e+01 -1.0612e+02
-2.3048e+01 -2.2831e+01 -2.3044e+01 -6.9142e+01
-2.3072e+01 -2.3049e+01 -2.3228e+01 -5.5648e+01
-2.3075e+01 -2.3068e+01 -2.3055e+01 -2.3396e+01
# New trial
-2.3068e+01 -2.3000e+01 -2.2676e+01 -3.5195e+01
-2.3071e+01 -2.3027e+01 -2.2703e+01 -2.8493e+01
-2.3074e+01 -2.3062e+01 -2.2964e+01 -2.6188e+01
-2.3076e+01 -2.3075e+01 -2.3075e+01 -2.3277e+01
# New trial
-2.3048e+01 -2.3030e+01 -3.2783e+01 -1.8527e+02
-2.3098e+01 -2.3391e+01 -3.1334e+01 -1.7464e+02
-2.3087e+01 -2.3208e+01 -2.6256e+01 -1.2978e+02
-2.3075e+01 -2.3070e+01 -2.3136e+01 -3.9622e+01
# New trial
-2.3078e+01 -2.3101e+01 -2.3616e+01 -4.1132e+01
-2.3077e+01 -2.3086e+01 -2.3254e+01 -2.8068e+01
-2.3075e+01 -2.3071e+01 -2.3042e+01 -2.3503e+01
-2.3075e+01 -2.3074e+01 -2.3062e+01 -2.3011e+01
# New trial
-2.3101e+01 -2.3362e+01 -2.9973e+01 -1.5978e+02
-2.3092e+01 -2.3249e+01 -2.5906e+01 -8.8061e+01
-2.3077e+01 -2.3095e+01 -2.3428e+01 -3.4607e+01
-2.3075e+01 -2.3073e+01 -2.3053e+01 -2.3017e+01
# New trial
-2.3110e+01 -2.3503e+01 -3.3137e+01 -1.8818e+02
-2.3106e+01 -2.3425e+01 -2.9392e+01 -1.2710e+02
-2.3075e+01 -2.3076e+01 -2.3513e+01 -4.8980e+01
-2.3075e+01 -2.3068e+01 -2.3040e+01 -2.3035e+01
# New trial
-2.3034e+01 -2.2761e+01 -2.8313e+01 -1.5538e+02
-2.3067e+01 -2.3036e+01 -2.5564e+01 -9.6416e+01
-2.3078e+01 -2.3102e+01 -2.3842e+01 -6.9965e+01
-2.3075e+01 -2.3073e+01 -2.3071e+01 -2.4642e+01
# New trial
-2.3096e+01 -2.3396e+01 -3.1128e+01 -1.3730e+02
-2.3088e+01 -2.3218e+01 -2.5441e+01 -6.1741e+01
-2.3077e+01 -2.3091e+01 -2.3361e+01 -3.3155e+01
-2.3075e+01 -2.3074e+01 -2.3074e+01 -2.5327e+01
# New trial
-2.3010e+01 -2.2894e+01 -3.4217e+01 -2.0369e+02
-2.3069e+01 -2.3115e+01 -2.6583e+01 -8.3163e+01
-2.3074e+01 -2.3076e+01 -2.3679e+01 -4.8662e+01
-2.3075e+01 -2.3068e+01 -2.3108e+01 -4.0326e+01
# New trial
-2.3114e+01 -2.3581e+01 -3.2871e+01 -1.6021e+02
-2.3096e+01 -2.3301e+01 -2.6381e+01 -6.6057e+01
-2.3080e+01 -2.3117e+01 -2.3611e+01 -3.5704e+01
-2.3075e+01 -2.3074e+01 -2.3070e+01 -2.4696e+01
# New trial
-2.3084e+01 -2.3173e+01 -2.5075e+01 -6.8926e+01
-2.3082e+01 -2.3141e+01 -2.4359e+01 -5.5036e+01
-2.3076e+01 -2.3081e+01 -2.3246e+01 -3.4453e+01
-2.3075e+01 -2.3073e+01 -2.3058e+01 -2.3157e+01
# New trial
-2.3082e+01 -2.3333e+01 -3.3706e+01 -1.7728e+02
-2.3093e+01 -2.3315e+01 -2.8112e+01 -1.0089e+02
-2.3079e+01 -2.3124e+01 -2.4333e+01 -5.4571e+01
-2.3074e+01 -2.3063e+01 -2.3076e+01 -4.0004e+01
# New trial
-2.3078e+01 -2.3501e+01 -4.4119e+01 -3.0725e+02
-2.3101e+01 -2.3449e+01 -3.1581e+01 -1.4754e+02
-2.3079e+01 -2.3141e+01 -2.4801e+01 -7.7947e+01
-2.3073e+01 -2.3054e+01 -2.3115e+01 -4.8222e+01
# New trial
-2.3078e+01 -2.3148e+01 -2.7360e+01 -1.2094e+02
-2.3080e+01 -2.3146e+01 -2.5673e+01 -9.0191e+01
-2.3074e+01 -2.3069e+01 -2.3500e+01 -7.0960e+01
-2.3076e+01 -2.3077e+01 -2.3091e+01 -2.5529e+01
# New trial
-2.3041e+01 -2.2776e+01 -2.3687e+01 -7.4575e+01
-2.3054e+01 -2.2887e+01 -2.2508e+01 -3.6419e+01
-2.3072e+01 -2.3044e+01 -2.3102e+01 -3.5524e+01
-2.3075e+01 -2.3068e+01 -2.3037e+01 -2.3577e+01
# New trial
-2.3070e+01 -2.3040e+01 -2.4965e+01 -8.2567e+01
-2.3078e+01 -2.3114e+01 -2.4500e+01 -6.3042e+01
-2.3080e+01 -2.3124e+01 -2.3739e+01 -5.0937e+01
-2.3076e+01 -2.3078e+01 -2.3108e+01 -2.4388e+01
# New trial
-2.3046e+01 -2.2836e+01 -2.5255e+01 -9.5273e+01
-2.3061e+01 -2.2945e+01 -2.3085e+01 -4.2898e+01
-2.3068e+01 -2.2999e+01 -2.2573e+01 -3.1786e+01
-2.3075e+01 -2.3070e+01 -2.3043e+01 -2.4344e+01
# New trial
-2.3207e+01 -2.4782e+01 -5.6194e+01 -4.3256e+02
-2.3154e+01 -2.3982e+01 -3.6620e+01 -1.9433e+02
-2.3080e+01 -2.3155e+01 -2.5147e+01 -7.9688e+01
-2.3074e+01 -2.3057e+01 -2.2994e+01 -2.5472e+01
# New trial
-2.2945e+01 -2.1981e+01 -1.9901e+01 -4.5464e+01
-2.3041e+01 -2.2832e+01 -2.7185e+01 -1.1878e+02
-2.3073e+01 -2.3071e+01 -2.5889e+01 -1.0492e+02
-2.3075e+01 -2.3073e+01 -2.3264e+01 -4.8473e+01
# New trial
-2.3109e+01 -2.3534e+01 -3.5954e+01 -2.1312e+02
-2.3092e+01 -2.3281e+01 -2.7594e+01 -1.0014e+02
-2.3073e+01 -2.3057e+01 -2.3314e+01 -5.2362e+01
-2.3076e+01 -2.3075e+01 -2.3076e+01 -2.3588e+01
# New trial
-2.3049e+01 -2.2938e+01 -3.2260e+01 -2.0666e+02
-2.3062e+01 -2.2976e+01 -2.4975e+01 -9.8878e+01
-2.3070e+01 -2.3024e+01 -2.2930e+01 -3.4603e+01
-2.3075e+01 -2.3069e+01 -2.3026e+01 -2.3595e+01
# New trial
-2.3010e+01 -2.2667e+01 -2.8455e+01 -1.2821e+02
-2.3046e+01 -2.2873e+01 -2.4252e+01 -6.3365e+01
-2.3068e+01 -2.3027e+01 -2.3455e+01 -5.6112e+01
-2.3074e+01 -2.3067e+01 -2.3111e+01 -3.7476e+01
# New trial
