# 10.0sig - Array shape (trial/sig/alpha): (30, 4, 4)
-1.3376e+02 -1.3316e+02 -1.3819e+02 -5.4909e+02
-1.3375e+02 -1.3299e+02 -1.3229e+02 -4.0560e+02
-1.3367e+02 -1.3222e+02 -1.1935e+02 -1.6282e+02
-1.3355e+02 -1.3093e+02 -1.0546e+02 -6.2371e+01
# New trial
-1.3388e+02 -1.3509e+02 -2.0317e+02 -1.3879e+03
-1.3379e+02 -1.3404e+02 -1.7457e+02 -1.0054e+03
-1.3356e+02 -1.3131e+02 -1.2871e+02 -5.7710e+02
-1.3325e+02 -1.2798e+02 -8.0944e+01 -6.7746e+01
# New trial
-1.3381e+02 -1.3373e+02 -1.6302e+02 -8.8233e+02
-1.3375e+02 -1.3314e+02 -1.4625e+02 -6.4663e+02
-1.3349e+02 -1.3044e+02 -1.0606e+02 -2.2790e+02
-1.3320e+02 -1.2745e+02 -7.5802e+01 -5.9962e+01
# New trial
-1.3371e+02 -1.3268e+02 -1.3779e+02 -5.7191e+02
-1.3368e+02 -1.3240e+02 -1.3516e+02 -5.0141e+02
-1.3348e+02 -1.3032e+02 -1.0464e+02 -1.7499e+02
-1.3321e+02 -1.2753e+02 -7.6112e+01 -5.1139e+01
# New trial
-1.3376e+02 -1.3351e+02 -1.7480e+02 -1.0067e+03
-1.3372e+02 -1.3280e+02 -1.3857e+02 -4.7557e+02
-1.3362e+02 -1.3177e+02 -1.1926e+02 -2.8897e+02
-1.3345e+02 -1.2997e+02 -9.7315e+01 -1.0448e+02
# New trial
-1.3376e+02 -1.3334e+02 -1.4960e+02 -5.8832e+02
-1.3369e+02 -1.3250e+02 -1.3242e+02 -4.0902e+02
-1.3348e+02 -1.3026e+02 -1.0576e+02 -2.1320e+02
-1.3317e+02 -1.2716e+02 -7.3446e+01 -7.2826e+01
# New trial
-1.3377e+02 -1.3316e+02 -1.3754e+02 -6.4759e+02
-1.3375e+02 -1.3298e+02 -1.3260e+02 -4.9517e+02
-1.3368e+02 -1.3229e+02 -1.2217e+02 -3.6367e+02
-1.3355e+02 -1.3096e+02 -1.0611e+02 -1.1673e+02
# New trial
-1.3375e+02 -1.3328e+02 -1.5727e+02 -7.8834e+02
-1.3373e+02 -1.3303e+02 -1.4695e+02 -6.7363e+02
-1.3361e+02 -1.3163e+02 -1.2029e+02 -3.4431e+02
-1.3338e+02 -1.2930e+02 -9.0849e+01 -5.9482e+01
# New trial
-1.3396e+02 -1.3600e+02 -2.4984e+02 -1.8827e+03
-1.3381e+02 -1.3401e+02 -1.7603e+02 -9.7352e+02
-1.3348e+02 -1.3036e+02 -1.0941e+02 -3.5229e+02
-1.3316e+02 -1.2709e+02 -7.8445e+01 -2.0588e+02
# New trial
-1.3378e+02 -1.3327e+02 -1.3155e+02 -3.5015e+02
-1.3375e+02 -1.3292e+02 -1.2646e+02 -2.2840e+02
-1.3367e+02 -1.3217e+02 -1.1795e+02 -1.1017e+02
-1.3362e+02 -1.3166e+02 -1.1252e+02 -8.1009e+01
# New trial
-1.3402e+02 -1.3623e+02 -2.0652e+02 -1.4435e+03
-1.3373e+02 -1.3311e+02 -1.7034e+02 -1.0914e+03
-1.3336e+02 -1.2925e+02 -1.2035e+02 -5.9379e+02
-1.3301e+02 -1.2563e+02 -6.7704e+01 -1.4233e+02
# New trial
-1.3400e+02 -1.3615e+02 -2.2254e+02 -1.5051e+03
-1.3381e+02 -1.3369e+02 -1.4503e+02 -4.6162e+02
-1.3365e+02 -1.3201e+02 -1.1892e+02 -2.1304e+02
-1.3352e+02 -1.3062e+02 -1.0259e+02 -6.8410e+01
# New trial
-1.3381e+02 -1.3407e+02 -1.8409e+02 -1.1831e+03
-1.3375e+02 -1.3336e+02 -1.5558e+02 -7.5372e+02
-1.3354e+02 -1.3097e+02 -1.1530e+02 -3.0312e+02
-1.3327e+02 -1.2820e+02 -8.2662e+01 -7.2202e+01
# New trial
-1.3385e+02 -1.3419e+02 -1.6453e+02 -8.6400e+02
-1.3378e+02 -1.3339e+02 -1.4652e+02 -5.7063e+02
-1.3354e+02 -1.3095e+02 -1.1338e+02 -4.1486e+02
-1.3331e+02 -1.2859e+02 -8.4392e+01 -5.4103e+01
# New trial
-1.3388e+02 -1.3466e+02 -1.8297e+02 -1.0041e+03
-1.3379e+02 -1.3367e+02 -1.6061e+02 -7.4522e+02
-1.3352e+02 -1.3075e+02 -1.0895e+02 -1.4920e+02
-1.3322e+02 -1.2771e+02 -7.6555e+01 -4.7855e+01
# New trial
-1.3397e+02 -1.3631e+02 -2.4480e+02 -1.7465e+03
-1.3377e+02 -1.3373e+02 -1.6729e+02 -7.7375e+02
-1.3340e+02 -1.2963e+02 -1.0958e+02 -4.1449e+02
-1.3300e+02 -1.2549e+02 -6.2264e+01 -7.9903e+01
# New trial
-1.3378e+02 -1.3415e+02 -2.2740e+02 -1.6370e+03
-1.3363e+02 -1.3206e+02 -1.4584e+02 -6.5558e+02
-1.3340e+02 -1.2953e+02 -1.0306e+02 -3.1912e+02
-1.3314e+02 -1.2688e+02 -7.0704e+01 -5.8530e+01
# New trial
-1.3388e+02 -1.3444e+02 -1.6196e+02 -9.6425e+02
-1.3375e+02 -1.3312e+02 -1.3949e+02 -5.9245e+02
-1.3350e+02 -1.3054e+02 -1.1148e+02 -3.5322e+02
-1.3329e+02 -1.2842e+02 -8.4384e+01 -1.1180e+02
# New trial
-1.3384e+02 -1.3396e+02 -1.5090e+02 -6.4026e+02
-1.3376e+02 -1.3310e+02 -1.3052e+02 -2.7896e+02
-1.3365e+02 -1.3200e+02 -1.1628e+02 -7.2252e+01
-1.3352e+02 -1.3064e+02 -1.0251e+02 -4.6546e+01
# New trial
-1.3405e+02 -1.3668e+02 -2.2756e+02 -1.5470e+03
-1.3388e+02 -1.3454e+02 -1.6600e+02 -9.3051e+02
-1.3356e+02 -1.3111e+02 -1.1435e+02 -3.7670e+02
-1.3324e+02 -1.2793e+02 -8.4042e+01 -2.2138e+02
# New trial
-1.3385e+02 -1.3417e+02 -1.6204e+02 -8.5446e+02
-1.3376e+02 -1.3310e+02 -1.3289e+02 -3.6320e+02
-1.3357e+02 -1.3118e+02 -1.1244e+02 -3.1207e+02
-1.3333e+02 -1.2873e+02 -8.6674e+01 -1.1741e+02
# New trial
-1.3374e+02 -1.3288e+02 -1.3554e+02 -5.0545e+02
-1.3373e+02 -1.3282e+02 -1.3676e+02 -5.6725e+02
-1.3357e+02 -1.3117e+02 -1.1431e+02 -4.1254e+02
-1.3330e+02 -1.2843e+02 -8.6063e+01 -1.7960e+02
# New trial
-1.3383e+02 -1.3394e+02 -1.5609e+02 -6.5540e+02
-1.3373e+02 -1.3296e+02 -1.4157e+02 -5.1661e+02
-1.3353e+02 -1.3085e+02 -1.1029e+02 -2.5006e+02
-1.3331e+02 -1.2855e+02 -8.4660e+01 -8.6239e+01
# New trial
-1.3377e+02 -1.3358e+02 -1.6910e+02 -8.7661e+02
-1.3367e+02 -1.3256e+02 -1.5678e+02 -7.9184e+02
-1.3346e+02 -1.3017e+02 -1.0725e+02 -2.4785e+02
-1.3311e+02 -1.2655e+02 -7.1187e+01 -8.1209e+01
# New trial
-1.3390e+02 -1.3518e+02 -2.0028e+02 -1.2664e+03
-1.3377e+02 -1.3360e+02 -1.6761e+02 -9.0414e+02
-1.3344e+02 -1.3001e+02 -1.0938e+02 -3.9024e+02
-1.3311e+02 -1.2657e+02 -7.0337e+01 -9.0828e+01
# New trial
-1.3411e+02 -1.3808e+02 -2.6270e+02 -1.8604e+03
-1.3385e+02 -1.3460e+02 -1.9150e+02 -1.2861e+03
-1.3331e+02 -1.2869e+02 -9.4812e+01 -2.4351e+02
-1.3274e+02 -1.2291e+02 -5.2439e+01 -9.9249e+01
# New trial
-1.3409e+02 -1.3767e+02 -2.6381e+02 -1.9419e+03
-1.3383e+02 -1.3408e+02 -1.6702e+02 -9.5618e+02
-1.3346e+02 -1.3015e+02 -1.0699e+02 -2.8345e+02
-1.3311e+02 -1.2664e+02 -7.3581e+01 -6.3729e+01
# New trial
-1.3374e+02 -1.3289e+02 -1.3324e+02 -4.0455e+02
-1.3369e+02 -1.3245e+02 -1.2840e+02 -3.9082e+02
-1.3356e+02 -1.3104e+02 -1.0927e+02 -1.4498e+02
-1.3337e+02 -1.2918e+02 -8.9704e+01 -7.1277e+01
# New trial
-1.3383e+02 -1.3420e+02 -1.9712e+02 -1.3805e+03
-1.3377e+02 -1.3345e+02 -1.5747e+02 -8.0964e+02
-1.3351e+02 -1.3072e+02 -1.1434e+02 -3.1304e+02
-1.3320e+02 -1.2745e+02 -7.5847e+01 -6.6670e+01
# New trial
-1.3372e+02 -1.3278e+02 -1.4614e+02 -7.9070e+02
-1.3366e+02 -1.3218e+02 -1.3203e+02 -5.4301e+02
-1.3350e+02 -1.3050e+02 -1.0603e+02 -2.2794e+02
-1.3324e+02 -1.2784e+02 -8.0000e+01 -5.6837e+01
# New trial
