# 10.0sig - Array shape (trial/sig/alpha): (30, 4, 4)
-1.7524e+02 -1.7414e+02 -1.7768e+02 -8.0291e+02
-1.7524e+02 -1.7415e+02 -1.7316e+02 -6.6213e+02
-1.7515e+02 -1.7319e+02 -1.5697e+02 -3.8715e+02
-1.7496e+02 -1.7129e+02 -1.3555e+02 -7.1932e+01
# New trial
-1.7536e+02 -1.7700e+02 -3.0850e+02 -2.5153e+03
-1.7514e+02 -1.7428e+02 -2.3281e+02 -1.3910e+03
-1.7481e+02 -1.7003e+02 -1.4129e+02 -4.1577e+02
-1.7447e+02 -1.6638e+02 -9.1396e+01 -5.4175e+01
# New trial
-1.7532e+02 -1.7512e+02 -2.1056e+02 -1.2870e+03
-1.7526e+02 -1.7442e+02 -1.8815e+02 -8.8146e+02
-1.7494e+02 -1.7110e+02 -1.3952e+02 -3.0088e+02
-1.7455e+02 -1.6717e+02 -9.9584e+01 -6.9086e+01
# New trial
-1.7523e+02 -1.7410e+02 -1.8259e+02 -8.3002e+02
-1.7521e+02 -1.7389e+02 -1.7823e+02 -6.8669e+02
-1.7494e+02 -1.7112e+02 -1.4070e+02 -4.2185e+02
-1.7456e+02 -1.6720e+02 -1.0058e+02 -1.2300e+02
# New trial
-1.7539e+02 -1.7648e+02 -2.6168e+02 -1.8798e+03
-1.7523e+02 -1.7431e+02 -1.9232e+02 -9.7074e+02
-1.7507e+02 -1.7245e+02 -1.5345e+02 -4.1669e+02
-1.7486e+02 -1.7020e+02 -1.2528e+02 -6.2642e+01
# New trial
-1.7527e+02 -1.7468e+02 -2.0062e+02 -8.8845e+02
-1.7517e+02 -1.7346e+02 -1.7158e+02 -5.8591e+02
-1.7485e+02 -1.7015e+02 -1.2818e+02 -1.8841e+02
-1.7443e+02 -1.6599e+02 -8.9452e+01 -4.8678e+01
# New trial
-1.7515e+02 -1.7333e+02 -1.6745e+02 -5.3790e+02
-1.7520e+02 -1.7369e+02 -1.6475e+02 -3.9181e+02
-1.7513e+02 -1.7296e+02 -1.5284e+02 -1.8863e+02
-1.7496e+02 -1.7128e+02 -1.3520e+02 -6.7325e+01
# New trial
-1.7509e+02 -1.7332e+02 -2.0905e+02 -1.2015e+03
-1.7515e+02 -1.7355e+02 -1.9306e+02 -9.7413e+02
-1.7499e+02 -1.7174e+02 -1.5281e+02 -4.9346e+02
-1.7471e+02 -1.6876e+02 -1.1382e+02 -1.3064e+02
# New trial
-1.7538e+02 -1.7662e+02 -3.2441e+02 -2.7479e+03
-1.7528e+02 -1.7508e+02 -2.3063e+02 -1.4587e+03
-1.7488e+02 -1.7054e+02 -1.4245e+02 -5.2399e+02
-1.7442e+02 -1.6586e+02 -9.0339e+01 -9.8403e+01
# New trial
-1.7525e+02 -1.7416e+02 -1.6953e+02 -5.8034e+02
-1.7521e+02 -1.7375e+02 -1.6216e+02 -3.0936e+02
-1.7511e+02 -1.7275e+02 -1.5051e+02 -2.1142e+02
-1.7501e+02 -1.7169e+02 -1.3931e+02 -7.0228e+01
# New trial
-1.7552e+02 -1.7791e+02 -3.0697e+02 -2.5757e+03
-1.7521e+02 -1.7428e+02 -2.5147e+02 -2.1251e+03
-1.7474e+02 -1.6914e+02 -1.3694e+02 -5.9681e+02
-1.7425e+02 -1.6414e+02 -8.0423e+01 -1.1246e+02
# New trial
-1.7552e+02 -1.7765e+02 -2.8519e+02 -2.1791e+03
-1.7530e+02 -1.7486e+02 -1.8898e+02 -7.1409e+02
-1.7512e+02 -1.7288e+02 -1.5516e+02 -2.6260e+02
-1.7493e+02 -1.7089e+02 -1.3171e+02 -5.6291e+01
# New trial
-1.7532e+02 -1.7549e+02 -2.3879e+02 -1.6624e+03
-1.7526e+02 -1.7471e+02 -2.0329e+02 -1.0316e+03
-1.7497e+02 -1.7144e+02 -1.5106e+02 -5.4613e+02
-1.7455e+02 -1.6717e+02 -1.0026e+02 -8.8966e+01
# New trial
-1.7533e+02 -1.7537e+02 -2.1455e+02 -1.2316e+03
-1.7527e+02 -1.7458e+02 -1.8974e+02 -7.9008e+02
-1.7496e+02 -1.7130e+02 -1.4228e+02 -3.8323e+02
-1.7463e+02 -1.6793e+02 -1.0461e+02 -6.1109e+01
# New trial
-1.7532e+02 -1.7535e+02 -2.3313e+02 -1.5557e+03
-1.7520e+02 -1.7399e+02 -1.9465e+02 -9.6691e+02
-1.7491e+02 -1.7079e+02 -1.3916e+02 -3.6242e+02
-1.7454e+02 -1.6703e+02 -9.6845e+01 -6.5663e+01
# New trial
-1.7561e+02 -1.7935e+02 -3.4068e+02 -2.6279e+03
-1.7533e+02 -1.7566e+02 -2.2238e+02 -1.1425e+03
-1.7479e+02 -1.6974e+02 -1.3348e+02 -3.3592e+02
-1.7424e+02 -1.6401e+02 -7.5288e+01 -6.0449e+01
# New trial
-1.7522e+02 -1.7532e+02 -3.0798e+02 -2.4079e+03
-1.7506e+02 -1.7275e+02 -1.8709e+02 -8.0402e+02
-1.7478e+02 -1.6952e+02 -1.3121e+02 -3.2260e+02
-1.7444e+02 -1.6608e+02 -9.0453e+01 -1.4423e+02
# New trial
-1.7536e+02 -1.7571e+02 -2.2387e+02 -1.4104e+03
-1.7522e+02 -1.7411e+02 -1.8289e+02 -7.8829e+02
-1.7488e+02 -1.7046e+02 -1.3307e+02 -2.1272e+02
-1.7457e+02 -1.6738e+02 -1.0464e+02 -2.9505e+02
# New trial
-1.7534e+02 -1.7513e+02 -1.8742e+02 -8.3744e+02
-1.7526e+02 -1.7426e+02 -1.6935e+02 -3.5075e+02
-1.7512e+02 -1.7286e+02 -1.5186e+02 -1.3100e+02
-1.7494e+02 -1.7102e+02 -1.3254e+02 -5.5174e+01
# New trial
-1.7557e+02 -1.7829e+02 -3.0057e+02 -2.2608e+03
-1.7542e+02 -1.7614e+02 -2.1589e+02 -1.3173e+03
-1.7499e+02 -1.7158e+02 -1.4791e+02 -5.2965e+02
-1.7454e+02 -1.6701e+02 -9.9484e+01 -1.2489e+02
# New trial
-1.7548e+02 -1.7717e+02 -2.5415e+02 -1.6683e+03
-1.7531e+02 -1.7497e+02 -1.8662e+02 -6.6652e+02
-1.7502e+02 -1.7185e+02 -1.4488e+02 -2.8969e+02
-1.7469e+02 -1.6850e+02 -1.1031e+02 -1.1282e+02
# New trial
-1.7518e+02 -1.7351e+02 -1.7146e+02 -6.4482e+02
-1.7515e+02 -1.7330e+02 -1.7378e+02 -7.4551e+02
-1.7493e+02 -1.7107e+02 -1.4606e+02 -5.9693e+02
-1.7455e+02 -1.6721e+02 -1.0776e+02 -3.7867e+02
# New trial
-1.7534e+02 -1.7538e+02 -2.0403e+02 -9.2323e+02
-1.7524e+02 -1.7430e+02 -1.8536e+02 -6.6219e+02
-1.7498e+02 -1.7148e+02 -1.4269e+02 -1.9312e+02
-1.7467e+02 -1.6830e+02 -1.0819e+02 -6.8075e+01
# New trial
-1.7528e+02 -1.7491e+02 -2.1409e+02 -1.1319e+03
-1.7520e+02 -1.7412e+02 -2.0403e+02 -1.0404e+03
-1.7488e+02 -1.7061e+02 -1.4131e+02 -4.6755e+02
-1.7432e+02 -1.6487e+02 -8.2768e+01 -8.6497e+01
# New trial
-1.7547e+02 -1.7712e+02 -2.6191e+02 -1.7240e+03
-1.7530e+02 -1.7518e+02 -2.1811e+02 -1.1971e+03
-1.7484e+02 -1.7023e+02 -1.3793e+02 -3.6894e+02
-1.7435e+02 -1.6513e+02 -8.3839e+01 -8.0692e+01
# New trial
-1.7584e+02 -1.8259e+02 -3.7371e+02 -2.8349e+03
-1.7547e+02 -1.7736e+02 -2.6546e+02 -1.9145e+03
-1.7468e+02 -1.6855e+02 -1.2471e+02 -4.2728e+02
-1.7393e+02 -1.6102e+02 -6.4350e+01 -1.8427e+02
# New trial
-1.7592e+02 -1.8299e+02 -3.7293e+02 -2.9478e+03
-1.7555e+02 -1.7780e+02 -2.4674e+02 -1.6210e+03
-1.7494e+02 -1.7122e+02 -1.5642e+02 -9.0505e+02
-1.7450e+02 -1.6667e+02 -1.0215e+02 -2.7651e+02
# New trial
-1.7519e+02 -1.7381e+02 -1.8055e+02 -6.0236e+02
-1.7518e+02 -1.7356e+02 -1.6946e+02 -4.9639e+02
-1.7498e+02 -1.7149e+02 -1.4055e+02 -1.7974e+02
-1.7472e+02 -1.6882e+02 -1.1269e+02 -5.3796e+01
# New trial
-1.7530e+02 -1.7534e+02 -2.6565e+02 -2.0660e+03
-1.7522e+02 -1.7433e+02 -2.0729e+02 -1.1680e+03
-1.7490e+02 -1.7081e+02 -1.4589e+02 -4.7949e+02
-1.7447e+02 -1.6635e+02 -9.3544e+01 -1.6983e+02
# New trial
-1.7522e+02 -1.7434e+02 -2.0990e+02 -1.2597e+03
-1.7519e+02 -1.7381e+02 -1.8023e+02 -7.8608e+02
-1.7498e+02 -1.7149e+02 -1.4436e+02 -4.2106e+02
-1.7462e+02 -1.6789e+02 -1.0803e+02 -1.9472e+02
# New trial
