# 1.0sig - Array shape (trial/sig/alpha): (30, 4, 4)
-1.3351e+02 -1.3105e+02 -1.5152e+02 -8.3939e+02
-1.3342e+02 -1.2989e+02 -1.1849e+02 -4.0267e+02
-1.3308e+02 -1.2629e+02 -7.3950e+01 -2.3207e+02
-1.3281e+02 -1.2359e+02 -6.2340e+01 -1.8017e+02
# New trial
-1.3348e+02 -1.3057e+02 -1.3177e+02 -5.3119e+02
-1.3339e+02 -1.2966e+02 -1.0967e+02 -1.9612e+02
-1.3320e+02 -1.2759e+02 -8.5612e+01 -1.3621e+02
-1.3315e+02 -1.2702e+02 -7.6041e+01 -6.2102e+01
# New trial
-1.3359e+02 -1.3166e+02 -1.4004e+02 -6.6639e+02
-1.3352e+02 -1.3082e+02 -1.1955e+02 -2.9620e+02
-1.3327e+02 -1.2828e+02 -8.7573e+01 -2.0449e+02
-1.3305e+02 -1.2596e+02 -6.8405e+01 -5.8252e+01
# New trial
-1.3351e+02 -1.3079e+02 -1.2891e+02 -6.1528e+02
-1.3348e+02 -1.3045e+02 -1.2010e+02 -3.8344e+02
-1.3328e+02 -1.2839e+02 -8.9357e+01 -1.0851e+02
-1.3323e+02 -1.2779e+02 -8.6137e+01 -3.0939e+02
# New trial
-1.3338e+02 -1.2981e+02 -1.6342e+02 -1.1667e+03
-1.3322e+02 -1.2801e+02 -1.0309e+02 -3.3770e+02
-1.3304e+02 -1.2596e+02 -7.1899e+01 -2.2381e+02
-1.3306e+02 -1.2606e+02 -7.4848e+01 -2.3078e+02
# New trial
-1.3351e+02 -1.3096e+02 -1.3968e+02 -8.2519e+02
-1.3347e+02 -1.3034e+02 -1.1430e+02 -3.3265e+02
-1.3326e+02 -1.2817e+02 -8.5184e+01 -1.5507e+02
-1.3315e+02 -1.2694e+02 -7.4395e+01 -1.5062e+02
# New trial
-1.3370e+02 -1.3268e+02 -1.4385e+02 -6.6729e+02
-1.3364e+02 -1.3190e+02 -1.2048e+02 -2.2920e+02
-1.3354e+02 -1.3084e+02 -1.0677e+02 -1.3099e+02
-1.3356e+02 -1.3109e+02 -1.0852e+02 -1.4915e+02
# New trial
-1.3359e+02 -1.3190e+02 -1.7232e+02 -1.1024e+03
-1.3340e+02 -1.2974e+02 -1.2154e+02 -5.5798e+02
-1.3309e+02 -1.2642e+02 -7.1908e+01 -1.0672e+02
-1.3311e+02 -1.2657e+02 -7.1967e+01 -4.5416e+01
# New trial
-1.3320e+02 -1.2902e+02 -1.6354e+02 -1.0302e+03
-1.3299e+02 -1.2639e+02 -1.2771e+02 -7.4894e+02
-1.3248e+02 -1.2075e+02 -7.3843e+01 -3.6872e+02
-1.3255e+02 -1.2115e+02 -6.2288e+01 -2.1920e+02
# New trial
-1.3347e+02 -1.3060e+02 -1.3347e+02 -5.8212e+02
-1.3339e+02 -1.2964e+02 -1.2047e+02 -5.2720e+02
-1.3305e+02 -1.2612e+02 -7.5035e+01 -1.9863e+02
-1.3290e+02 -1.2453e+02 -6.7112e+01 -1.9378e+02
# New trial
-1.3333e+02 -1.2951e+02 -1.5072e+02 -8.7242e+02
-1.3323e+02 -1.2826e+02 -1.2795e+02 -6.6145e+02
-1.3291e+02 -1.2471e+02 -6.8817e+01 -2.1123e+02
-1.3289e+02 -1.2439e+02 -6.4088e+01 -1.0353e+02
# New trial
-1.3361e+02 -1.3239e+02 -1.8181e+02 -1.2237e+03
-1.3344e+02 -1.3014e+02 -1.2162e+02 -4.7729e+02
-1.3306e+02 -1.2615e+02 -7.2053e+01 -2.5280e+02
-1.3278e+02 -1.2333e+02 -6.2911e+01 -1.7239e+02
# New trial
-1.3357e+02 -1.3167e+02 -1.6466e+02 -1.0552e+03
-1.3340e+02 -1.2965e+02 -1.1268e+02 -3.2662e+02
-1.3321e+02 -1.2771e+02 -8.3638e+01 -1.0202e+02
-1.3325e+02 -1.2796e+02 -8.3663e+01 -1.6183e+02
# New trial
-1.3346e+02 -1.3169e+02 -2.3308e+02 -1.8108e+03
-1.3327e+02 -1.2903e+02 -1.4374e+02 -7.0930e+02
-1.3291e+02 -1.2473e+02 -6.7561e+01 -1.9259e+02
-1.3291e+02 -1.2459e+02 -6.3730e+01 -5.3665e+01
# New trial
-1.3350e+02 -1.3099e+02 -1.5200e+02 -8.8078e+02
-1.3347e+02 -1.3045e+02 -1.2338e+02 -4.3243e+02
-1.3329e+02 -1.2841e+02 -8.7330e+01 -1.3178e+02
-1.3320e+02 -1.2746e+02 -7.8423e+01 -1.6975e+02
# New trial
-1.3336e+02 -1.3087e+02 -2.2104e+02 -1.6925e+03
-1.3322e+02 -1.2883e+02 -1.4552e+02 -7.6916e+02
-1.3285e+02 -1.2440e+02 -7.7966e+01 -2.5970e+02
-1.3289e+02 -1.2452e+02 -6.8594e+01 -1.6805e+02
# New trial
-1.3339e+02 -1.2998e+02 -1.4181e+02 -6.9717e+02
-1.3323e+02 -1.2822e+02 -1.1449e+02 -5.3019e+02
-1.3279e+02 -1.2361e+02 -6.8566e+01 -2.6762e+02
-1.3285e+02 -1.2405e+02 -6.6782e+01 -2.2735e+02
# New trial
-1.3346e+02 -1.3046e+02 -1.3411e+02 -5.9340e+02
-1.3336e+02 -1.2942e+02 -1.1660e+02 -3.4847e+02
-1.3311e+02 -1.2674e+02 -8.0178e+01 -1.8703e+02
-1.3313e+02 -1.2687e+02 -8.4194e+01 -2.6590e+02
# New trial
-1.3350e+02 -1.3106e+02 -1.7117e+02 -1.1209e+03
-1.3343e+02 -1.3014e+02 -1.3511e+02 -6.4376e+02
-1.3312e+02 -1.2683e+02 -8.1455e+01 -2.1249e+02
-1.3293e+02 -1.2478e+02 -6.4659e+01 -1.0586e+02
# New trial
-1.3368e+02 -1.3276e+02 -1.7014e+02 -1.0531e+03
-1.3360e+02 -1.3168e+02 -1.3589e+02 -5.9101e+02
-1.3337e+02 -1.2919e+02 -9.2940e+01 -1.5891e+02
-1.3323e+02 -1.2776e+02 -8.6970e+01 -3.2502e+02
# New trial
-1.3348e+02 -1.3134e+02 -1.8865e+02 -1.1990e+03
-1.3323e+02 -1.2831e+02 -1.1247e+02 -3.6273e+02
-1.3313e+02 -1.2699e+02 -8.1608e+01 -1.2279e+02
-1.3345e+02 -1.2996e+02 -1.0284e+02 -3.2116e+02
# New trial
-1.3355e+02 -1.3116e+02 -1.4251e+02 -8.5270e+02
-1.3349e+02 -1.3046e+02 -1.1072e+02 -2.4023e+02
-1.3328e+02 -1.2833e+02 -8.4445e+01 -1.2805e+02
-1.3318e+02 -1.2724e+02 -7.4945e+01 -5.0106e+01
# New trial
-1.3350e+02 -1.3165e+02 -1.9231e+02 -1.2746e+03
-1.3326e+02 -1.2871e+02 -1.2365e+02 -5.5143e+02
-1.3301e+02 -1.2582e+02 -7.7436e+01 -1.7184e+02
-1.3313e+02 -1.2692e+02 -8.8397e+01 -3.2150e+02
# New trial
-1.3348e+02 -1.3136e+02 -1.6930e+02 -9.2854e+02
-1.3329e+02 -1.2894e+02 -1.2189e+02 -4.7828e+02
-1.3282e+02 -1.2389e+02 -6.4537e+01 -2.0551e+02
-1.3260e+02 -1.2154e+02 -5.4762e+01 -6.0351e+01
# New trial
-1.3375e+02 -1.3417e+02 -2.2709e+02 -1.5959e+03
-1.3349e+02 -1.3087e+02 -1.3987e+02 -6.1183e+02
-1.3294e+02 -1.2503e+02 -7.0097e+01 -1.7097e+02
-1.3288e+02 -1.2434e+02 -6.4724e+01 -5.5803e+01
# New trial
-1.3356e+02 -1.3127e+02 -1.2627e+02 -4.3003e+02
-1.3341e+02 -1.2968e+02 -1.0431e+02 -1.8095e+02
-1.3318e+02 -1.2735e+02 -8.0318e+01 -1.4559e+02
-1.3323e+02 -1.2782e+02 -8.0356e+01 -1.0115e+02
# New trial
-1.3338e+02 -1.2962e+02 -1.4141e+02 -9.6638e+02
-1.3338e+02 -1.2947e+02 -1.1206e+02 -3.8254e+02
-1.3321e+02 -1.2760e+02 -8.1414e+01 -1.6174e+02
-1.3315e+02 -1.2697e+02 -7.4970e+01 -6.8408e+01
# New trial
-1.3349e+02 -1.3203e+02 -2.1155e+02 -1.6591e+03
-1.3331e+02 -1.2930e+02 -1.3379e+02 -6.2904e+02
-1.3290e+02 -1.2460e+02 -6.5164e+01 -2.4172e+02
-1.3282e+02 -1.2375e+02 -6.3119e+01 -1.5388e+02
# New trial
-1.3358e+02 -1.3180e+02 -1.5229e+02 -7.5298e+02
-1.3339e+02 -1.2964e+02 -1.1204e+02 -3.0650e+02
-1.3310e+02 -1.2662e+02 -8.0030e+01 -1.3491e+02
-1.3313e+02 -1.2682e+02 -8.3672e+01 -2.2789e+02
# New trial
-1.3350e+02 -1.3089e+02 -1.5882e+02 -1.0304e+03
-1.3342e+02 -1.2986e+02 -1.1864e+02 -4.5586e+02
-1.3319e+02 -1.2744e+02 -7.9994e+01 -1.5634e+02
-1.3306e+02 -1.2607e+02 -6.9318e+01 -4.8691e+01
# New trial
