# 1.0sig - Array shape (trial/sig/alpha): (30L, 4L, 4L)
-1.0139e+02 -1.0017e+02 -9.8968e+01 -2.5858e+02
-1.0132e+02 -9.9497e+01 -8.9138e+01 -1.3886e+02
-1.0115e+02 -9.7755e+01 -6.9918e+01 -5.9997e+01
-1.0103e+02 -9.6492e+01 -6.4983e+01 -5.9997e+01
# New trial
-1.0142e+02 -1.0048e+02 -9.7777e+01 -2.0676e+02
-1.0137e+02 -9.9949e+01 -9.1617e+01 -1.1188e+02
-1.0122e+02 -9.8519e+01 -7.6823e+01 -6.0891e+01
-1.0119e+02 -9.8092e+01 -7.4179e+01 -7.7221e+01
# New trial
-1.0141e+02 -1.0042e+02 -9.8088e+01 -2.6274e+02
-1.0137e+02 -9.9905e+01 -8.9525e+01 -7.9131e+01
-1.0124e+02 -9.8642e+01 -7.6329e+01 -6.0006e+01
-1.0115e+02 -9.7728e+01 -7.0323e+01 -5.9997e+01
# New trial
-1.0141e+02 -1.0042e+02 -1.0604e+02 -4.2449e+02
-1.0136e+02 -9.9859e+01 -9.3265e+01 -1.9030e+02
-1.0125e+02 -9.8780e+01 -7.8355e+01 -6.0521e+01
-1.0123e+02 -9.8489e+01 -7.7263e+01 -1.3937e+02
# New trial
-1.0135e+02 -9.9898e+01 -1.1004e+02 -4.0236e+02
-1.0128e+02 -9.9126e+01 -9.0830e+01 -2.1513e+02
-1.0116e+02 -9.7864e+01 -7.3850e+01 -6.1561e+01
-1.0116e+02 -9.7796e+01 -7.4115e+01 -1.0737e+02
# New trial
-1.0143e+02 -1.0054e+02 -1.0371e+02 -3.7639e+02
-1.0137e+02 -9.9959e+01 -8.9836e+01 -1.4012e+02
-1.0125e+02 -9.8721e+01 -7.5663e+01 -5.9997e+01
-1.0118e+02 -9.8045e+01 -7.1666e+01 -5.9997e+01
# New trial
-1.0147e+02 -1.0089e+02 -1.0017e+02 -2.5989e+02
-1.0143e+02 -1.0047e+02 -9.1895e+01 -1.1064e+02
-1.0137e+02 -9.9942e+01 -8.6096e+01 -6.0000e+01
-1.0139e+02 -1.0008e+02 -8.7441e+01 -6.0312e+01
# New trial
-1.0142e+02 -1.0058e+02 -1.1088e+02 -3.9200e+02
-1.0134e+02 -9.9745e+01 -9.6345e+01 -2.5874e+02
-1.0118e+02 -9.8085e+01 -7.3951e+01 -6.0025e+01
-1.0115e+02 -9.7761e+01 -7.0460e+01 -5.9997e+01
# New trial
-1.0133e+02 -9.9742e+01 -1.0468e+02 -3.2210e+02
-1.0118e+02 -9.8182e+01 -8.8414e+01 -1.9831e+02
-1.0087e+02 -9.5007e+01 -6.3485e+01 -6.0468e+01
-1.0088e+02 -9.5071e+01 -7.2613e+01 -1.6547e+02
# New trial
-1.0138e+02 -1.0003e+02 -9.5990e+01 -2.7846e+02
-1.0130e+02 -9.9296e+01 -8.7545e+01 -1.8979e+02
-1.0113e+02 -9.7530e+01 -6.7551e+01 -5.9997e+01
-1.0104e+02 -9.6611e+01 -6.6451e+01 -5.9997e+01
# New trial
-1.0134e+02 -9.9735e+01 -1.0039e+02 -2.8554e+02
-1.0126e+02 -9.8919e+01 -9.0065e+01 -1.8216e+02
-1.0108e+02 -9.7096e+01 -6.7509e+01 -5.9998e+01
-1.0106e+02 -9.6841e+01 -6.8621e+01 -6.0556e+01
# New trial
-1.0141e+02 -1.0051e+02 -1.1118e+02 -4.0878e+02
-1.0132e+02 -9.9496e+01 -8.8936e+01 -1.6919e+02
-1.0113e+02 -9.7563e+01 -6.7730e+01 -5.9997e+01
-1.0096e+02 -9.5874e+01 -6.3754e+01 -5.9997e+01
# New trial
-1.0143e+02 -1.0065e+02 -1.1242e+02 -4.2764e+02
-1.0135e+02 -9.9744e+01 -9.2456e+01 -1.6855e+02
-1.0124e+02 -9.8676e+01 -7.8063e+01 -6.0436e+01
-1.0125e+02 -9.8721e+01 -7.7276e+01 -8.3525e+01
# New trial
-1.0145e+02 -1.0117e+02 -1.3804e+02 -6.8918e+02
-1.0133e+02 -9.9710e+01 -1.0267e+02 -3.0683e+02
-1.0109e+02 -9.7158e+01 -6.7429e+01 -5.9997e+01
-1.0102e+02 -9.6475e+01 -6.5597e+01 -5.9997e+01
# New trial
-1.0143e+02 -1.0065e+02 -1.0610e+02 -3.8961e+02
-1.0138e+02 -1.0010e+02 -9.4425e+01 -1.8035e+02
-1.0126e+02 -9.8787e+01 -7.7050e+01 -5.9997e+01
-1.0119e+02 -9.8119e+01 -7.1814e+01 -5.9997e+01
# New trial
-1.0134e+02 -1.0003e+02 -1.2835e+02 -6.5285e+02
-1.0124e+02 -9.9086e+01 -1.0271e+02 -3.0598e+02
-1.0101e+02 -9.6509e+01 -6.9110e+01 -6.0045e+01
-1.0102e+02 -9.6467e+01 -7.1624e+01 -1.2405e+02
# New trial
-1.0138e+02 -1.0010e+02 -9.7635e+01 -2.3926e+02
-1.0128e+02 -9.9132e+01 -8.7440e+01 -1.3537e+02
-1.0102e+02 -9.6476e+01 -6.4074e+01 -5.9997e+01
-1.0098e+02 -9.6022e+01 -6.3816e+01 -5.9997e+01
# New trial
-1.0139e+02 -1.0023e+02 -9.6543e+01 -2.2435e+02
-1.0133e+02 -9.9629e+01 -9.1243e+01 -1.8335e+02
-1.0118e+02 -9.8013e+01 -7.3797e+01 -6.5404e+01
-1.0115e+02 -9.7713e+01 -7.3121e+01 -9.3060e+01
# New trial
-1.0141e+02 -1.0051e+02 -1.1569e+02 -4.7377e+02
-1.0134e+02 -9.9791e+01 -1.0025e+02 -2.8076e+02
-1.0117e+02 -9.7920e+01 -7.3020e+01 -6.1670e+01
-1.0107e+02 -9.6965e+01 -6.8378e+01 -7.0536e+01
# New trial
-1.0147e+02 -1.0103e+02 -1.1205e+02 -4.1398e+02
-1.0142e+02 -1.0050e+02 -9.7029e+01 -2.2680e+02
-1.0131e+02 -9.9286e+01 -8.1326e+01 -7.2286e+01
-1.0121e+02 -9.8337e+01 -7.4237e+01 -8.1243e+01
# New trial
-1.0136e+02 -1.0005e+02 -1.1268e+02 -4.2750e+02
-1.0126e+02 -9.8899e+01 -8.4372e+01 -9.4544e+01
-1.0117e+02 -9.7999e+01 -7.1654e+01 -5.9997e+01
-1.0132e+02 -9.9393e+01 -8.1657e+01 -6.0009e+01
# New trial
-1.0140e+02 -1.0026e+02 -9.7071e+01 -3.3537e+02
-1.0136e+02 -9.9798e+01 -8.6803e+01 -6.8176e+01
-1.0125e+02 -9.8764e+01 -7.5854e+01 -5.9997e+01
-1.0122e+02 -9.8450e+01 -7.3946e+01 -5.9997e+01
# New trial
-1.0140e+02 -1.0042e+02 -1.1113e+02 -4.1253e+02
-1.0128e+02 -9.9176e+01 -9.0016e+01 -1.8203e+02
-1.0112e+02 -9.7478e+01 -7.1056e+01 -6.0103e+01
-1.0118e+02 -9.8057e+01 -7.3826e+01 -6.6531e+01
# New trial
-1.0138e+02 -1.0025e+02 -1.0718e+02 -3.0809e+02
-1.0127e+02 -9.9055e+01 -9.1117e+01 -1.9806e+02
-1.0104e+02 -9.6728e+01 -6.7159e+01 -6.0076e+01
-1.0094e+02 -9.5646e+01 -6.4676e+01 -6.1679e+01
# New trial
-1.0147e+02 -1.0143e+02 -1.4048e+02 -7.1929e+02
-1.0136e+02 -9.9998e+01 -1.0508e+02 -2.9103e+02
-1.0109e+02 -9.7163e+01 -6.8958e+01 -6.0369e+01
-1.0104e+02 -9.6622e+01 -7.3484e+01 -1.3223e+02
# New trial
-1.0143e+02 -1.0056e+02 -9.4311e+01 -1.5375e+02
-1.0136e+02 -9.9871e+01 -8.7264e+01 -6.8481e+01
-1.0122e+02 -9.8468e+01 -7.4777e+01 -6.0022e+01
-1.0124e+02 -9.8632e+01 -7.5222e+01 -5.9997e+01
# New trial
-1.0139e+02 -1.0018e+02 -1.0355e+02 -4.1123e+02
-1.0134e+02 -9.9706e+01 -8.9918e+01 -1.5576e+02
-1.0122e+02 -9.8409e+01 -7.4949e+01 -6.0535e+01
-1.0116e+02 -9.7821e+01 -7.0889e+01 -6.5502e+01
# New trial
-1.0136e+02 -1.0018e+02 -1.1395e+02 -4.7157e+02
-1.0127e+02 -9.9148e+01 -9.5522e+01 -2.4773e+02
-1.0105e+02 -9.6822e+01 -6.5847e+01 -5.9997e+01
-1.0099e+02 -9.6121e+01 -6.4688e+01 -5.9997e+01
# New trial
-1.0142e+02 -1.0048e+02 -9.9659e+01 -2.5089e+02
-1.0134e+02 -9.9650e+01 -8.9478e+01 -1.4425e+02
-1.0119e+02 -9.8103e+01 -7.3524e+01 -6.0001e+01
-1.0121e+02 -9.8363e+01 -7.4583e+01 -5.9997e+01
# New trial
-1.0140e+02 -1.0028e+02 -9.8881e+01 -2.8870e+02
-1.0135e+02 -9.9790e+01 -9.0628e+01 -1.3031e+02
-1.0122e+02 -9.8422e+01 -7.3652e+01 -5.9997e+01
-1.0115e+02 -9.7754e+01 -6.9979e+01 -5.9997e+01
# New trial
