# 1.0sig - Array shape (trial/sig/alpha): (30L, 4L, 4L)
-8.7549e+01 -8.6518e+01 -1.0089e+02 -4.5383e+02
-8.7481e+01 -8.5758e+01 -8.2611e+01 -2.2513e+02
-8.7297e+01 -8.3826e+01 -5.7394e+01 -8.4944e+01
-8.7184e+01 -8.2679e+01 -5.2154e+01 -4.8196e+01
# New trial
-8.7508e+01 -8.6035e+01 -8.3307e+01 -2.4982e+02
-8.7472e+01 -8.5672e+01 -7.5652e+01 -8.9692e+01
-8.7356e+01 -8.4498e+01 -6.3009e+01 -6.7371e+01
-8.7361e+01 -8.4476e+01 -6.6125e+01 -1.8874e+02
# New trial
-8.7543e+01 -8.6336e+01 -8.3719e+01 -2.4936e+02
-8.7488e+01 -8.5768e+01 -7.5046e+01 -1.0158e+02
-8.7378e+01 -8.4642e+01 -6.2364e+01 -6.3431e+01
-8.7338e+01 -8.4212e+01 -5.9237e+01 -5.6232e+01
# New trial
-8.7560e+01 -8.6528e+01 -8.9651e+01 -4.0501e+02
-8.7502e+01 -8.5950e+01 -8.0810e+01 -2.1871e+02
-8.7390e+01 -8.4773e+01 -6.4720e+01 -6.1916e+01
-8.7375e+01 -8.4587e+01 -6.1102e+01 -4.7156e+01
# New trial
-8.7524e+01 -8.6372e+01 -1.0753e+02 -5.4146e+02
-8.7432e+01 -8.5277e+01 -7.7347e+01 -2.3223e+02
-8.7306e+01 -8.3930e+01 -5.6554e+01 -6.4006e+01
-8.7348e+01 -8.4303e+01 -5.9796e+01 -5.5147e+01
# New trial
-8.7565e+01 -8.6575e+01 -9.3801e+01 -4.4599e+02
-8.7517e+01 -8.6068e+01 -7.9072e+01 -1.8007e+02
-8.7405e+01 -8.4900e+01 -6.4271e+01 -6.4875e+01
-8.7367e+01 -8.4500e+01 -6.0346e+01 -4.8415e+01
# New trial
-8.7594e+01 -8.6821e+01 -8.8526e+01 -2.8695e+02
-8.7557e+01 -8.6406e+01 -7.7500e+01 -1.4651e+02
-8.7522e+01 -8.6039e+01 -7.2263e+01 -5.6520e+01
-8.7557e+01 -8.6392e+01 -7.5238e+01 -5.7024e+01
# New trial
-8.7550e+01 -8.6539e+01 -1.0462e+02 -5.2367e+02
-8.7467e+01 -8.5615e+01 -7.9217e+01 -2.6249e+02
-8.7311e+01 -8.3998e+01 -5.8846e+01 -6.7418e+01
-8.7357e+01 -8.4417e+01 -6.2626e+01 -1.0091e+02
# New trial
-8.7368e+01 -8.5060e+01 -9.3583e+01 -3.8671e+02
-8.7211e+01 -8.3340e+01 -7.4176e+01 -2.0766e+02
-8.6982e+01 -8.0827e+01 -5.3179e+01 -9.7277e+01
-8.7169e+01 -8.2566e+01 -5.6018e+01 -6.0277e+01
# New trial
-8.7539e+01 -8.6368e+01 -9.0112e+01 -3.5044e+02
-8.7457e+01 -8.5523e+01 -8.1445e+01 -2.9035e+02
-8.7280e+01 -8.3657e+01 -5.5394e+01 -7.3384e+01
-8.7252e+01 -8.3350e+01 -5.6240e+01 -5.9618e+01
# New trial
-8.7405e+01 -8.5192e+01 -9.0450e+01 -3.8021e+02
-8.7348e+01 -8.4599e+01 -8.4379e+01 -2.9497e+02
-8.7207e+01 -8.2981e+01 -5.4447e+01 -6.4068e+01
-8.7199e+01 -8.2832e+01 -5.3889e+01 -4.8496e+01
# New trial
-8.7599e+01 -8.7179e+01 -1.1497e+02 -5.9167e+02
-8.7490e+01 -8.5861e+01 -8.3082e+01 -2.3281e+02
-8.7287e+01 -8.3728e+01 -5.7928e+01 -8.4527e+01
-8.7188e+01 -8.2725e+01 -5.2622e+01 -5.3135e+01
# New trial
-8.7569e+01 -8.6771e+01 -1.0926e+02 -5.5479e+02
-8.7470e+01 -8.5667e+01 -8.0645e+01 -2.0027e+02
-8.7368e+01 -8.4567e+01 -6.2830e+01 -6.7954e+01
-8.7394e+01 -8.4773e+01 -6.2404e+01 -4.8732e+01
# New trial
-8.7515e+01 -8.6504e+01 -1.3528e+02 -8.3689e+02
-8.7385e+01 -8.4940e+01 -8.8802e+01 -3.5535e+02
-8.7187e+01 -8.2776e+01 -5.2526e+01 -8.3833e+01
-8.7221e+01 -8.3063e+01 -5.5694e+01 -7.7509e+01
# New trial
-8.7503e+01 -8.5992e+01 -8.5974e+01 -3.2283e+02
-8.7480e+01 -8.5722e+01 -7.7843e+01 -1.5329e+02
-8.7404e+01 -8.4904e+01 -6.4466e+01 -6.6365e+01
-8.7390e+01 -8.4730e+01 -6.3151e+01 -1.0828e+02
# New trial
-8.7447e+01 -8.6072e+01 -1.2535e+02 -7.5057e+02
-8.7375e+01 -8.5117e+01 -8.9952e+01 -3.2899e+02
-8.7189e+01 -8.2892e+01 -5.5410e+01 -7.9536e+01
-8.7312e+01 -8.3963e+01 -6.0705e+01 -9.2892e+01
# New trial
-8.7396e+01 -8.4979e+01 -7.8502e+01 -2.2009e+02
-8.7309e+01 -8.4098e+01 -6.9445e+01 -1.3469e+02
-8.7118e+01 -8.2115e+01 -5.0866e+01 -7.8549e+01
-8.7274e+01 -8.3584e+01 -5.6830e+01 -7.9150e+01
# New trial
-8.7573e+01 -8.6734e+01 -9.2992e+01 -3.4362e+02
-8.7499e+01 -8.5983e+01 -8.4067e+01 -2.2111e+02
-8.7303e+01 -8.3931e+01 -5.8690e+01 -7.5839e+01
-8.7341e+01 -8.4247e+01 -5.9931e+01 -5.2769e+01
# New trial
-8.7566e+01 -8.6766e+01 -1.0847e+02 -5.5092e+02
-8.7494e+01 -8.5988e+01 -9.2797e+01 -3.5745e+02
-8.7299e+01 -8.3869e+01 -5.7436e+01 -6.6633e+01
-8.7224e+01 -8.3076e+01 -5.3964e+01 -6.0632e+01
# New trial
-8.7591e+01 -8.6883e+01 -9.8936e+01 -4.5331e+02
-8.7544e+01 -8.6345e+01 -8.5071e+01 -2.5046e+02
-8.7434e+01 -8.5177e+01 -6.5895e+01 -7.2169e+01
-8.7405e+01 -8.4874e+01 -6.3959e+01 -1.0627e+02
# New trial
-8.7503e+01 -8.6298e+01 -1.1004e+02 -5.5608e+02
-8.7362e+01 -8.4708e+01 -7.6322e+01 -1.8711e+02
-8.7312e+01 -8.4086e+01 -6.1358e+01 -6.3887e+01
-8.7523e+01 -8.6083e+01 -7.3810e+01 -1.3813e+02
# New trial
-8.7543e+01 -8.6334e+01 -9.1963e+01 -4.2318e+02
-8.7487e+01 -8.5731e+01 -7.3615e+01 -9.8431e+01
-8.7385e+01 -8.4688e+01 -6.1505e+01 -6.2531e+01
-8.7401e+01 -8.4833e+01 -6.2940e+01 -7.8525e+01
# New trial
-8.7537e+01 -8.6582e+01 -1.1156e+02 -5.5087e+02
-8.7426e+01 -8.5310e+01 -8.1518e+01 -2.5727e+02
-8.7277e+01 -8.3694e+01 -5.8501e+01 -7.2228e+01
-8.7387e+01 -8.4703e+01 -6.3074e+01 -5.4441e+01
# New trial
-8.7536e+01 -8.6608e+01 -1.0597e+02 -4.7990e+02
-8.7424e+01 -8.5343e+01 -8.3840e+01 -2.7660e+02
-8.7200e+01 -8.2917e+01 -5.4073e+01 -9.0518e+01
-8.7159e+01 -8.2441e+01 -5.1959e+01 -4.9905e+01
# New trial
-8.7589e+01 -8.7480e+01 -1.3763e+02 -8.6571e+02
-8.7476e+01 -8.5974e+01 -9.6222e+01 -3.7126e+02
-8.7232e+01 -8.3270e+01 -5.7944e+01 -8.5870e+01
-8.7340e+01 -8.4263e+01 -7.1187e+01 -2.8270e+02
# New trial
-8.7581e+01 -8.6675e+01 -8.3666e+01 -1.9356e+02
-8.7497e+01 -8.5843e+01 -7.4822e+01 -1.0548e+02
-8.7356e+01 -8.4422e+01 -6.1838e+01 -7.5835e+01
-8.7443e+01 -8.5264e+01 -6.7399e+01 -1.2292e+02
# New trial
-8.7525e+01 -8.6240e+01 -9.7574e+01 -4.7544e+02
-8.7482e+01 -8.5767e+01 -8.1547e+01 -2.3301e+02
-8.7387e+01 -8.4740e+01 -6.4118e+01 -8.0178e+01
-8.7396e+01 -8.4796e+01 -6.6279e+01 -1.8255e+02
# New trial
-8.7526e+01 -8.6702e+01 -1.1306e+02 -6.4514e+02
-8.7434e+01 -8.5555e+01 -8.7513e+01 -2.9497e+02
-8.7235e+01 -8.3299e+01 -5.7909e+01 -7.1678e+01
-8.7239e+01 -8.3241e+01 -5.6538e+01 -8.0182e+01
# New trial
-8.7503e+01 -8.6010e+01 -8.7973e+01 -2.9114e+02
-8.7425e+01 -8.5180e+01 -7.2336e+01 -1.1483e+02
-8.7307e+01 -8.3967e+01 -5.9542e+01 -5.9946e+01
-8.7360e+01 -8.4430e+01 -6.1788e+01 -1.0516e+02
# New trial
-8.7559e+01 -8.6557e+01 -9.7035e+01 -4.4598e+02
-8.7520e+01 -8.6113e+01 -8.1888e+01 -2.3813e+02
-8.7382e+01 -8.4668e+01 -6.1931e+01 -8.0740e+01
-8.7304e+01 -8.3874e+01 -5.7396e+01 -5.4467e+01
# New trial
