# 1.0sig - Array shape (trial/sig/alpha): (30, 4, 4)
-1.5686e+02 -1.5642e+02 -1.5414e+02 -2.1733e+02
-1.5683e+02 -1.5608e+02 -1.4981e+02 -1.5881e+02
-1.5674e+02 -1.5513e+02 -1.4066e+02 -1.3122e+02
-1.5663e+02 -1.5410e+02 -1.3369e+02 -1.2922e+02
# New trial
-1.5685e+02 -1.5633e+02 -1.5217e+02 -1.6069e+02
-1.5683e+02 -1.5608e+02 -1.4996e+02 -1.5031e+02
-1.5674e+02 -1.5523e+02 -1.4204e+02 -1.2962e+02
-1.5665e+02 -1.5430e+02 -1.3468e+02 -1.2922e+02
# New trial
-1.5686e+02 -1.5639e+02 -1.5257e+02 -1.7193e+02
-1.5683e+02 -1.5613e+02 -1.4964e+02 -1.3585e+02
-1.5677e+02 -1.5551e+02 -1.4372e+02 -1.3049e+02
-1.5676e+02 -1.5536e+02 -1.4214e+02 -1.2954e+02
# New trial
-1.5685e+02 -1.5631e+02 -1.5149e+02 -1.5979e+02
-1.5683e+02 -1.5605e+02 -1.4933e+02 -1.4790e+02
-1.5676e+02 -1.5536e+02 -1.4244e+02 -1.2922e+02
-1.5672e+02 -1.5496e+02 -1.3900e+02 -1.2922e+02
# New trial
-1.5682e+02 -1.5601e+02 -1.5247e+02 -2.4279e+02
-1.5679e+02 -1.5566e+02 -1.4718e+02 -1.7057e+02
-1.5671e+02 -1.5491e+02 -1.3969e+02 -1.2946e+02
-1.5666e+02 -1.5437e+02 -1.3583e+02 -1.2924e+02
# New trial
-1.5686e+02 -1.5636e+02 -1.5303e+02 -2.3638e+02
-1.5684e+02 -1.5614e+02 -1.4986e+02 -1.5070e+02
-1.5678e+02 -1.5556e+02 -1.4413e+02 -1.2924e+02
-1.5674e+02 -1.5518e+02 -1.4161e+02 -1.6321e+02
# New trial
-1.5690e+02 -1.5674e+02 -1.5629e+02 -2.3651e+02
-1.5688e+02 -1.5658e+02 -1.5376e+02 -1.6511e+02
-1.5685e+02 -1.5628e+02 -1.5076e+02 -1.3676e+02
-1.5682e+02 -1.5601e+02 -1.4814e+02 -1.3860e+02
# New trial
-1.5685e+02 -1.5632e+02 -1.5644e+02 -2.7684e+02
-1.5681e+02 -1.5594e+02 -1.4934e+02 -1.7671e+02
-1.5673e+02 -1.5511e+02 -1.4102e+02 -1.2936e+02
-1.5668e+02 -1.5455e+02 -1.3691e+02 -1.2929e+02
# New trial
-1.5680e+02 -1.5579e+02 -1.5207e+02 -2.4005e+02
-1.5673e+02 -1.5512e+02 -1.4450e+02 -1.6921e+02
-1.5659e+02 -1.5368e+02 -1.3210e+02 -1.2922e+02
-1.5655e+02 -1.5327e+02 -1.3175e+02 -1.2923e+02
# New trial
-1.5685e+02 -1.5628e+02 -1.5223e+02 -2.3047e+02
-1.5682e+02 -1.5595e+02 -1.4900e+02 -1.9476e+02
-1.5672e+02 -1.5501e+02 -1.3957e+02 -1.2923e+02
-1.5662e+02 -1.5395e+02 -1.3586e+02 -1.5934e+02
# New trial
-1.5684e+02 -1.5623e+02 -1.5332e+02 -2.2852e+02
-1.5681e+02 -1.5585e+02 -1.4956e+02 -1.9767e+02
-1.5670e+02 -1.5476e+02 -1.3816e+02 -1.3804e+02
-1.5658e+02 -1.5361e+02 -1.3381e+02 -1.2956e+02
# New trial
-1.5685e+02 -1.5632e+02 -1.5533e+02 -2.6486e+02
-1.5681e+02 -1.5589e+02 -1.4806e+02 -1.6452e+02
-1.5672e+02 -1.5499e+02 -1.3969e+02 -1.2997e+02
-1.5661e+02 -1.5386e+02 -1.3290e+02 -1.2922e+02
# New trial
-1.5689e+02 -1.5667e+02 -1.5833e+02 -2.8506e+02
-1.5684e+02 -1.5621e+02 -1.5209e+02 -1.9821e+02
-1.5676e+02 -1.5543e+02 -1.4352e+02 -1.2971e+02
-1.5674e+02 -1.5513e+02 -1.4058e+02 -1.3614e+02
# New trial
-1.5686e+02 -1.5643e+02 -1.6684e+02 -4.0667e+02
-1.5680e+02 -1.5578e+02 -1.5005e+02 -2.0311e+02
-1.5666e+02 -1.5442e+02 -1.3550e+02 -1.2922e+02
-1.5654e+02 -1.5321e+02 -1.3087e+02 -1.2922e+02
# New trial
-1.5686e+02 -1.5644e+02 -1.5508e+02 -2.7387e+02
-1.5684e+02 -1.5616e+02 -1.5062e+02 -1.5569e+02
-1.5677e+02 -1.5551e+02 -1.4376e+02 -1.2938e+02
-1.5674e+02 -1.5517e+02 -1.4102e+02 -1.3406e+02
# New trial
-1.5683e+02 -1.5618e+02 -1.6290e+02 -3.8460e+02
-1.5677e+02 -1.5560e+02 -1.5136e+02 -2.2327e+02
-1.5663e+02 -1.5412e+02 -1.3701e+02 -1.2935e+02
-1.5659e+02 -1.5370e+02 -1.3444e+02 -1.4029e+02
# New trial
-1.5684e+02 -1.5624e+02 -1.5266e+02 -2.0028e+02
-1.5680e+02 -1.5581e+02 -1.4924e+02 -1.8779e+02
-1.5667e+02 -1.5451e+02 -1.3694e+02 -1.2922e+02
-1.5656e+02 -1.5338e+02 -1.3126e+02 -1.2922e+02
# New trial
-1.5685e+02 -1.5625e+02 -1.5171e+02 -1.8210e+02
-1.5682e+02 -1.5595e+02 -1.4908e+02 -1.5748e+02
-1.5673e+02 -1.5509e+02 -1.4109e+02 -1.2927e+02
-1.5669e+02 -1.5466e+02 -1.3731e+02 -1.2922e+02
# New trial
-1.5684e+02 -1.5625e+02 -1.5677e+02 -3.0129e+02
-1.5681e+02 -1.5590e+02 -1.5049e+02 -2.0255e+02
-1.5672e+02 -1.5500e+02 -1.3946e+02 -1.2922e+02
-1.5665e+02 -1.5430e+02 -1.3474e+02 -1.2922e+02
# New trial
-1.5686e+02 -1.5633e+02 -1.5281e+02 -2.4976e+02
-1.5684e+02 -1.5618e+02 -1.4995e+02 -1.5431e+02
-1.5680e+02 -1.5573e+02 -1.4534e+02 -1.2922e+02
-1.5674e+02 -1.5516e+02 -1.4035e+02 -1.2922e+02
# New trial
-1.5685e+02 -1.5631e+02 -1.5681e+02 -2.6631e+02
-1.5680e+02 -1.5576e+02 -1.4759e+02 -1.3476e+02
-1.5673e+02 -1.5505e+02 -1.4146e+02 -1.2989e+02
-1.5674e+02 -1.5514e+02 -1.4181e+02 -1.4636e+02
# New trial
-1.5686e+02 -1.5643e+02 -1.5409e+02 -2.5841e+02
-1.5684e+02 -1.5622e+02 -1.5037e+02 -1.3411e+02
-1.5679e+02 -1.5565e+02 -1.4462e+02 -1.2922e+02
-1.5669e+02 -1.5469e+02 -1.3652e+02 -1.2922e+02
# New trial
-1.5685e+02 -1.5636e+02 -1.5655e+02 -2.5958e+02
-1.5680e+02 -1.5578e+02 -1.4879e+02 -1.8173e+02
-1.5669e+02 -1.5471e+02 -1.3956e+02 -1.2947e+02
-1.5663e+02 -1.5411e+02 -1.3442e+02 -1.2929e+02
# New trial
-1.5684e+02 -1.5617e+02 -1.5329e+02 -1.9126e+02
-1.5678e+02 -1.5561e+02 -1.4730e+02 -1.5783e+02
-1.5665e+02 -1.5426e+02 -1.3554e+02 -1.2980e+02
-1.5654e+02 -1.5323e+02 -1.3207e+02 -1.2932e+02
# New trial
-1.5685e+02 -1.5635e+02 -1.6365e+02 -3.6223e+02
-1.5679e+02 -1.5569e+02 -1.4945e+02 -1.7385e+02
-1.5667e+02 -1.5448e+02 -1.3811e+02 -1.2928e+02
-1.5660e+02 -1.5379e+02 -1.3426e+02 -1.2941e+02
# New trial
-1.5688e+02 -1.5656e+02 -1.5370e+02 -1.6159e+02
-1.5684e+02 -1.5622e+02 -1.5037e+02 -1.3865e+02
-1.5676e+02 -1.5538e+02 -1.4262e+02 -1.2932e+02
-1.5670e+02 -1.5477e+02 -1.3727e+02 -1.2922e+02
# New trial
-1.5684e+02 -1.5622e+02 -1.5454e+02 -2.8875e+02
-1.5681e+02 -1.5593e+02 -1.4898e+02 -1.6015e+02
-1.5674e+02 -1.5518e+02 -1.4118e+02 -1.2964e+02
-1.5668e+02 -1.5460e+02 -1.3657e+02 -1.2923e+02
# New trial
-1.5686e+02 -1.5646e+02 -1.5821e+02 -2.9649e+02
-1.5681e+02 -1.5592e+02 -1.5037e+02 -2.0344e+02
-1.5667e+02 -1.5447e+02 -1.3605e+02 -1.2922e+02
-1.5651e+02 -1.5290e+02 -1.2996e+02 -1.2922e+02
# New trial
-1.5687e+02 -1.5647e+02 -1.5390e+02 -2.0358e+02
-1.5684e+02 -1.5613e+02 -1.5030e+02 -1.6534e+02
-1.5674e+02 -1.5521e+02 -1.4185e+02 -1.3010e+02
-1.5667e+02 -1.5452e+02 -1.3773e+02 -1.5099e+02
# New trial
-1.5685e+02 -1.5626e+02 -1.5205e+02 -2.0488e+02
-1.5682e+02 -1.5601e+02 -1.4888e+02 -1.4077e+02
-1.5675e+02 -1.5528e+02 -1.4191e+02 -1.2942e+02
-1.5666e+02 -1.5435e+02 -1.3770e+02 -1.6298e+02
# New trial
