# 1.0sig - Array shape (trial/sig/alpha): (30L, 4L, 4L)
-5.9919e+01 -5.9581e+01 -8.5353e+01 -5.3766e+02
-5.9938e+01 -5.9598e+01 -7.0840e+01 -3.3783e+02
-5.9874e+01 -5.8813e+01 -5.4458e+01 -2.2749e+02
-5.9830e+01 -5.8336e+01 -4.9004e+01 -7.8246e+01
# New trial
-5.9816e+01 -5.8495e+01 -6.8440e+01 -3.4721e+02
-5.9825e+01 -5.8453e+01 -5.4401e+01 -1.3473e+02
-5.9868e+01 -5.8797e+01 -5.3007e+01 -1.6266e+02
-5.9931e+01 -5.9347e+01 -5.5200e+01 -1.5035e+02
# New trial
-5.9904e+01 -5.9307e+01 -7.5123e+01 -4.7699e+02
-5.9915e+01 -5.9344e+01 -6.4961e+01 -2.8863e+02
-5.9914e+01 -5.9225e+01 -5.6596e+01 -2.2658e+02
-5.9886e+01 -5.8899e+01 -5.1293e+01 -1.0643e+02
# New trial
-5.9868e+01 -5.8904e+01 -6.6545e+01 -3.5259e+02
-5.9907e+01 -5.9252e+01 -6.2964e+01 -2.3065e+02
-5.9897e+01 -5.9042e+01 -5.3782e+01 -1.2801e+02
-5.9905e+01 -5.9085e+01 -5.2301e+01 -5.4366e+01
# New trial
-5.9842e+01 -5.8881e+01 -9.3336e+01 -6.7581e+02
-5.9808e+01 -5.8330e+01 -6.3418e+01 -3.7775e+02
-5.9817e+01 -5.8275e+01 -4.8488e+01 -1.5525e+02
-5.9871e+01 -5.8766e+01 -5.1038e+01 -8.3365e+01
# New trial
-5.9839e+01 -5.8684e+01 -6.6479e+01 -3.2808e+02
-5.9888e+01 -5.9044e+01 -6.1041e+01 -2.3787e+02
-5.9891e+01 -5.8973e+01 -5.2770e+01 -1.5442e+02
-5.9923e+01 -5.9265e+01 -5.3109e+01 -6.3338e+01
# New trial
-5.9919e+01 -5.9399e+01 -7.2296e+01 -4.2142e+02
-5.9935e+01 -5.9438e+01 -5.9609e+01 -2.3248e+02
-5.9940e+01 -5.9447e+01 -5.5580e+01 -9.2271e+01
-5.9964e+01 -5.9677e+01 -5.6946e+01 -4.8751e+01
# New trial
-5.9989e+01 -6.0258e+01 -8.9477e+01 -5.8318e+02
-5.9928e+01 -5.9462e+01 -6.6019e+01 -3.2200e+02
-5.9871e+01 -5.8780e+01 -5.1772e+01 -1.4445e+02
-5.9937e+01 -5.9398e+01 -5.4263e+01 -6.3189e+01
# New trial
-5.9830e+01 -5.9587e+01 -1.0349e+02 -7.5097e+02
-5.9796e+01 -5.8641e+01 -8.0554e+01 -5.2366e+02
-5.9752e+01 -5.7718e+01 -5.5729e+01 -3.1082e+02
-5.9915e+01 -5.9190e+01 -5.3012e+01 -6.5435e+01
# New trial
-5.9878e+01 -5.9168e+01 -7.4101e+01 -4.2684e+02
-5.9903e+01 -5.9235e+01 -6.6860e+01 -3.3774e+02
-5.9848e+01 -5.8559e+01 -5.1682e+01 -2.0117e+02
-5.9851e+01 -5.8549e+01 -5.0162e+01 -1.1276e+02
# New trial
-5.9832e+01 -5.8995e+01 -8.9274e+01 -6.0016e+02
-5.9831e+01 -5.8728e+01 -7.4348e+01 -4.5658e+02
-5.9816e+01 -5.8266e+01 -5.1753e+01 -2.3660e+02
-5.9877e+01 -5.8812e+01 -5.0452e+01 -8.3115e+01
# New trial
-5.9986e+01 -6.0683e+01 -1.0327e+02 -7.2746e+02
-5.9924e+01 -5.9469e+01 -6.9878e+01 -3.6963e+02
-5.9850e+01 -5.8566e+01 -5.1230e+01 -2.2734e+02
-5.9861e+01 -5.8650e+01 -4.8961e+01 -6.2209e+01
# New trial
-5.9908e+01 -5.9425e+01 -8.1104e+01 -5.0579e+02
-5.9859e+01 -5.8783e+01 -5.9176e+01 -2.0797e+02
-5.9864e+01 -5.8722e+01 -5.1225e+01 -1.2446e+02
-5.9908e+01 -5.9119e+01 -5.2457e+01 -5.2527e+01
# New trial
-5.9880e+01 -6.0120e+01 -1.3708e+02 -1.0917e+03
-5.9831e+01 -5.8911e+01 -8.1531e+01 -5.0791e+02
-5.9799e+01 -5.8178e+01 -5.3653e+01 -2.4565e+02
-5.9896e+01 -5.9055e+01 -5.4081e+01 -1.8867e+02
# New trial
-5.9814e+01 -5.8552e+01 -7.4684e+01 -4.4332e+02
-5.9875e+01 -5.8961e+01 -6.2601e+01 -2.3472e+02
-5.9906e+01 -5.9129e+01 -5.4197e+01 -1.2599e+02
-5.9927e+01 -5.9311e+01 -5.3679e+01 -5.1558e+01
# New trial
-5.9698e+01 -5.8098e+01 -9.6305e+01 -7.2880e+02
-5.9755e+01 -5.8207e+01 -6.9915e+01 -3.9758e+02
-5.9828e+01 -5.8485e+01 -5.7683e+01 -2.6580e+02
-5.9931e+01 -5.9357e+01 -5.5473e+01 -1.8208e+02
# New trial
-5.9841e+01 -5.9166e+01 -9.1368e+01 -6.3274e+02
-5.9806e+01 -5.8500e+01 -6.8971e+01 -3.7262e+02
-5.9763e+01 -5.7820e+01 -5.3923e+01 -2.9381e+02
-5.9914e+01 -5.9195e+01 -5.3510e+01 -1.0639e+02
# New trial
-5.9825e+01 -5.8636e+01 -6.8790e+01 -3.3558e+02
-5.9831e+01 -5.8593e+01 -6.1422e+01 -2.2933e+02
-5.9845e+01 -5.8556e+01 -5.1534e+01 -1.4180e+02
-5.9916e+01 -5.9206e+01 -5.3249e+01 -1.2208e+02
# New trial
-5.9839e+01 -5.8813e+01 -8.6157e+01 -5.9505e+02
-5.9875e+01 -5.9006e+01 -7.0072e+01 -3.8598e+02
-5.9853e+01 -5.8627e+01 -5.3151e+01 -2.2057e+02
-5.9858e+01 -5.8622e+01 -5.0538e+01 -1.2410e+02
# New trial
-5.9907e+01 -5.9492e+01 -8.5186e+01 -5.7390e+02
-5.9911e+01 -5.9299e+01 -6.7598e+01 -3.2565e+02
-5.9906e+01 -5.9126e+01 -5.4987e+01 -1.6978e+02
-5.9919e+01 -5.9231e+01 -5.3637e+01 -1.5604e+02
# New trial
-5.9863e+01 -5.9242e+01 -9.3324e+01 -6.1866e+02
-5.9834e+01 -5.8657e+01 -6.1981e+01 -2.2405e+02
-5.9884e+01 -5.8968e+01 -5.4162e+01 -1.3017e+02
-5.9962e+01 -5.9662e+01 -5.7236e+01 -8.0840e+01
# New trial
-5.9874e+01 -5.8953e+01 -7.5127e+01 -5.0149e+02
-5.9905e+01 -5.9151e+01 -5.8851e+01 -2.1456e+02
-5.9883e+01 -5.8871e+01 -5.0885e+01 -1.4261e+02
-5.9902e+01 -5.9058e+01 -5.1895e+01 -9.2232e+01
# New trial
-5.9839e+01 -5.9514e+01 -1.1369e+02 -8.5713e+02
-5.9801e+01 -5.8581e+01 -6.9901e+01 -3.6821e+02
-5.9836e+01 -5.8544e+01 -5.3532e+01 -1.9110e+02
-5.9897e+01 -5.9023e+01 -5.2768e+01 -1.0752e+02
# New trial
-5.9865e+01 -5.9613e+01 -9.7718e+01 -6.7793e+02
-5.9864e+01 -5.9057e+01 -6.9052e+01 -3.3579e+02
-5.9825e+01 -5.8380e+01 -5.1398e+01 -1.9146e+02
-5.9814e+01 -5.8207e+01 -5.2136e+01 -2.3527e+02
# New trial
-5.9924e+01 -5.9707e+01 -8.7726e+01 -5.7362e+02
-5.9916e+01 -5.9430e+01 -6.9042e+01 -3.4347e+02
-5.9838e+01 -5.8495e+01 -5.3437e+01 -2.1056e+02
-5.9934e+01 -5.9391e+01 -5.7738e+01 -2.3507e+02
# New trial
-5.9870e+01 -5.8980e+01 -7.0374e+01 -3.5777e+02
-5.9826e+01 -5.8412e+01 -5.3684e+01 -1.7151e+02
-5.9858e+01 -5.8647e+01 -5.1022e+01 -1.5917e+02
-5.9957e+01 -5.9599e+01 -5.6259e+01 -6.8494e+01
# New trial
-5.9739e+01 -5.7764e+01 -6.4373e+01 -3.6409e+02
-5.9844e+01 -5.8615e+01 -5.7102e+01 -1.9881e+02
-5.9897e+01 -5.9043e+01 -5.3620e+01 -1.6927e+02
-5.9943e+01 -5.9469e+01 -5.5285e+01 -1.3377e+02
# New trial
-5.9855e+01 -5.9921e+01 -1.2286e+02 -9.8488e+02
-5.9875e+01 -5.9320e+01 -8.0369e+01 -4.7402e+02
-5.9824e+01 -5.8420e+01 -5.4576e+01 -2.6204e+02
-5.9896e+01 -5.9000e+01 -5.1449e+01 -1.0717e+02
# New trial
-5.9885e+01 -5.9244e+01 -8.0845e+01 -4.7747e+02
-5.9860e+01 -5.8814e+01 -5.9736e+01 -2.0910e+02
-5.9849e+01 -5.8600e+01 -5.1819e+01 -1.4872e+02
-5.9894e+01 -5.8982e+01 -5.1911e+01 -7.3553e+01
# New trial
-5.9900e+01 -5.9402e+01 -9.1122e+01 -6.8055e+02
-5.9901e+01 -5.9230e+01 -6.8401e+01 -3.2990e+02
-5.9887e+01 -5.8943e+01 -5.3977e+01 -1.9087e+02
-5.9877e+01 -5.8803e+01 -5.0872e+01 -7.6708e+01
# New trial
