# 1.0sig - Array shape (trial/sig/alpha): (30, 4, 4)
-1.2899e+02 -1.2716e+02 -1.4632e+02 -7.0264e+02
-1.2885e+02 -1.2565e+02 -1.1346e+02 -2.9803e+02
-1.2850e+02 -1.2210e+02 -7.1752e+01 -1.2143e+02
-1.2824e+02 -1.1943e+02 -5.7875e+01 -6.3330e+01
# New trial
-1.2892e+02 -1.2639e+02 -1.2160e+02 -3.8529e+02
-1.2883e+02 -1.2547e+02 -1.0521e+02 -1.4681e+02
-1.2860e+02 -1.2316e+02 -8.0605e+01 -8.2162e+01
-1.2858e+02 -1.2281e+02 -7.4834e+01 -6.3253e+01
# New trial
-1.2899e+02 -1.2705e+02 -1.2509e+02 -4.4835e+02
-1.2889e+02 -1.2597e+02 -1.0725e+02 -1.3768e+02
-1.2864e+02 -1.2342e+02 -7.8917e+01 -7.4331e+01
-1.2846e+02 -1.2157e+02 -6.6143e+01 -4.6624e+01
# New trial
-1.2899e+02 -1.2707e+02 -1.3364e+02 -7.3477e+02
-1.2889e+02 -1.2611e+02 -1.1483e+02 -3.2171e+02
-1.2869e+02 -1.2395e+02 -8.5583e+01 -7.2717e+01
-1.2865e+02 -1.2348e+02 -8.2716e+01 -2.2091e+02
# New trial
-1.2893e+02 -1.2677e+02 -1.5993e+02 -8.9784e+02
-1.2877e+02 -1.2500e+02 -1.1749e+02 -4.7193e+02
-1.2851e+02 -1.2222e+02 -7.4043e+01 -1.1609e+02
-1.2847e+02 -1.2172e+02 -6.8118e+01 -5.5430e+01
# New trial
-1.2894e+02 -1.2653e+02 -1.2369e+02 -5.9423e+02
-1.2886e+02 -1.2570e+02 -1.0483e+02 -2.4738e+02
-1.2866e+02 -1.2362e+02 -7.9679e+01 -7.7691e+01
-1.2855e+02 -1.2249e+02 -7.0670e+01 -7.4723e+01
# New trial
-1.2909e+02 -1.2804e+02 -1.3406e+02 -6.5105e+02
-1.2902e+02 -1.2724e+02 -1.1445e+02 -2.6024e+02
-1.2894e+02 -1.2640e+02 -1.0259e+02 -7.2337e+01
-1.2897e+02 -1.2668e+02 -1.0445e+02 -6.5022e+01
# New trial
-1.2902e+02 -1.2756e+02 -1.5497e+02 -8.1285e+02
-1.2886e+02 -1.2589e+02 -1.2196e+02 -4.8262e+02
-1.2856e+02 -1.2274e+02 -7.7040e+01 -8.2815e+01
-1.2854e+02 -1.2238e+02 -7.1065e+01 -7.4837e+01
# New trial
-1.2868e+02 -1.2465e+02 -1.3735e+02 -6.8598e+02
-1.2840e+02 -1.2154e+02 -1.0389e+02 -4.0688e+02
-1.2793e+02 -1.1656e+02 -5.8383e+01 -1.4429e+02
-1.2801e+02 -1.1723e+02 -6.0685e+01 -1.1316e+02
# New trial
-1.2896e+02 -1.2680e+02 -1.2470e+02 -5.1586e+02
-1.2881e+02 -1.2529e+02 -1.0581e+02 -3.0190e+02
-1.2850e+02 -1.2202e+02 -7.1606e+01 -1.0137e+02
-1.2837e+02 -1.2074e+02 -7.3764e+01 -2.1393e+02
# New trial
-1.2882e+02 -1.2567e+02 -1.3028e+02 -5.8803e+02
-1.2871e+02 -1.2445e+02 -1.1608e+02 -4.3981e+02
-1.2839e+02 -1.2102e+02 -6.8525e+01 -1.0714e+02
-1.2836e+02 -1.2062e+02 -7.5105e+01 -2.4989e+02
# New trial
-1.2901e+02 -1.2760e+02 -1.6306e+02 -9.0912e+02
-1.2882e+02 -1.2533e+02 -1.0884e+02 -3.0242e+02
-1.2846e+02 -1.2164e+02 -6.4408e+01 -7.3631e+01
-1.2820e+02 -1.1904e+02 -5.5933e+01 -5.4955e+01
# New trial
-1.2898e+02 -1.2721e+02 -1.5139e+02 -9.0125e+02
-1.2884e+02 -1.2556e+02 -1.1100e+02 -3.0188e+02
-1.2866e+02 -1.2366e+02 -8.4895e+01 -9.5544e+01
-1.2867e+02 -1.2367e+02 -8.1105e+01 -1.3037e+02
# New trial
-1.2899e+02 -1.2794e+02 -2.1366e+02 -1.4843e+03
-1.2876e+02 -1.2507e+02 -1.3225e+02 -6.0016e+02
-1.2836e+02 -1.2072e+02 -6.7303e+01 -1.1186e+02
-1.2837e+02 -1.2073e+02 -6.4160e+01 -5.3645e+01
# New trial
-1.2898e+02 -1.2700e+02 -1.3184e+02 -5.9068e+02
-1.2890e+02 -1.2620e+02 -1.1443e+02 -2.8325e+02
-1.2871e+02 -1.2413e+02 -8.3901e+01 -7.7337e+01
-1.2861e+02 -1.2314e+02 -7.5185e+01 -4.9305e+01
# New trial
-1.2884e+02 -1.2646e+02 -1.8573e+02 -1.3110e+03
-1.2868e+02 -1.2468e+02 -1.3170e+02 -5.5428e+02
-1.2826e+02 -1.2003e+02 -6.7888e+01 -1.0278e+02
-1.2830e+02 -1.2014e+02 -9.0111e+01 -4.7613e+02
# New trial
-1.2884e+02 -1.2575e+02 -1.2212e+02 -4.4225e+02
-1.2865e+02 -1.2377e+02 -9.7535e+01 -2.3027e+02
-1.2823e+02 -1.1941e+02 -5.4842e+01 -8.3105e+01
-1.2829e+02 -1.1997e+02 -6.0396e+01 -6.4570e+01
# New trial
-1.2899e+02 -1.2712e+02 -1.3125e+02 -5.1171e+02
-1.2886e+02 -1.2586e+02 -1.1760e+02 -3.5613e+02
-1.2855e+02 -1.2259e+02 -7.5447e+01 -9.0693e+01
-1.2856e+02 -1.2262e+02 -7.4169e+01 -6.2713e+01
# New trial
-1.2889e+02 -1.2630e+02 -1.5294e+02 -8.8079e+02
-1.2883e+02 -1.2557e+02 -1.2772e+02 -5.4717e+02
-1.2852e+02 -1.2230e+02 -7.2948e+01 -1.0201e+02
-1.2835e+02 -1.2052e+02 -7.0681e+01 -2.4024e+02
# New trial
-1.2905e+02 -1.2772e+02 -1.4590e+02 -8.2715e+02
-1.2897e+02 -1.2679e+02 -1.1907e+02 -3.5846e+02
-1.2876e+02 -1.2457e+02 -8.6885e+01 -9.2160e+01
-1.2863e+02 -1.2326e+02 -7.5646e+01 -5.5090e+01
# New trial
-1.2888e+02 -1.2655e+02 -1.5975e+02 -8.8914e+02
-1.2867e+02 -1.2413e+02 -1.0528e+02 -2.7349e+02
-1.2856e+02 -1.2276e+02 -7.8949e+01 -7.7791e+01
-1.2883e+02 -1.2535e+02 -9.5769e+01 -1.6871e+02
# New trial
-1.2899e+02 -1.2706e+02 -1.4185e+02 -8.3521e+02
-1.2889e+02 -1.2593e+02 -1.0425e+02 -1.4993e+02
-1.2868e+02 -1.2386e+02 -8.0182e+01 -6.3956e+01
-1.2860e+02 -1.2298e+02 -7.3377e+01 -4.6967e+01
# New trial
-1.2899e+02 -1.2749e+02 -1.6351e+02 -9.3076e+02
-1.2876e+02 -1.2492e+02 -1.1398e+02 -4.5052e+02
-1.2846e+02 -1.2177e+02 -7.2234e+01 -9.3593e+01
-1.2858e+02 -1.2283e+02 -7.9763e+01 -1.5425e+02
# New trial
-1.2902e+02 -1.2787e+02 -1.5635e+02 -7.0826e+02
-1.2877e+02 -1.2506e+02 -1.1413e+02 -3.3980e+02
-1.2827e+02 -1.1988e+02 -6.4534e+01 -1.1935e+02
-1.2804e+02 -1.1757e+02 -7.5401e+01 -3.3918e+02
# New trial
-1.2905e+02 -1.2849e+02 -2.0746e+02 -1.4037e+03
-1.2883e+02 -1.2580e+02 -1.2747e+02 -4.7349e+02
-1.2836e+02 -1.2078e+02 -7.0169e+01 -1.1828e+02
-1.2832e+02 -1.2027e+02 -6.7323e+01 -9.6447e+01
# New trial
-1.2901e+02 -1.2718e+02 -1.1719e+02 -2.5493e+02
-1.2888e+02 -1.2587e+02 -1.0365e+02 -1.5718e+02
-1.2862e+02 -1.2329e+02 -8.0111e+01 -1.0229e+02
-1.2865e+02 -1.2353e+02 -8.0953e+01 -1.3384e+02
# New trial
-1.2888e+02 -1.2607e+02 -1.3673e+02 -8.1294e+02
-1.2883e+02 -1.2544e+02 -1.0989e+02 -3.2728e+02
-1.2864e+02 -1.2344e+02 -7.8653e+01 -6.6145e+01
-1.2859e+02 -1.2292e+02 -7.4409e+01 -4.9141e+01
# New trial
-1.2906e+02 -1.2850e+02 -1.7339e+02 -1.0141e+03
-1.2886e+02 -1.2610e+02 -1.2729e+02 -5.2085e+02
-1.2841e+02 -1.2123e+02 -7.0188e+01 -1.3591e+02
-1.2828e+02 -1.1987e+02 -6.3748e+01 -8.9910e+01
# New trial
-1.2892e+02 -1.2646e+02 -1.2670e+02 -4.7389e+02
-1.2877e+02 -1.2486e+02 -1.0150e+02 -1.9435e+02
-1.2852e+02 -1.2230e+02 -7.4381e+01 -7.0594e+01
-1.2857e+02 -1.2269e+02 -7.4067e+01 -5.7770e+01
# New trial
-1.2886e+02 -1.2587e+02 -1.2558e+02 -6.1211e+02
-1.2883e+02 -1.2541e+02 -1.0886e+02 -3.3458e+02
-1.2862e+02 -1.2324e+02 -7.9487e+01 -1.1089e+02
-1.2850e+02 -1.2203e+02 -6.9838e+01 -7.2829e+01
# New trial
