# 1.0sig - Array shape (trial/sig/alpha): (30, 4, 4)
-1.6120e+02 -1.5870e+02 -1.8121e+02 -9.0739e+02
-1.6105e+02 -1.5697e+02 -1.4053e+02 -4.0987e+02
-1.6058e+02 -1.5213e+02 -8.0470e+01 -1.4472e+02
-1.6021e+02 -1.4838e+02 -6.1821e+01 -7.8827e+01
# New trial
-1.6111e+02 -1.5761e+02 -1.4999e+02 -5.1385e+02
-1.6100e+02 -1.5644e+02 -1.2571e+02 -1.1310e+02
-1.6071e+02 -1.5348e+02 -9.4346e+01 -1.4286e+02
-1.6060e+02 -1.5228e+02 -8.8386e+01 -2.7701e+02
# New trial
-1.6123e+02 -1.5879e+02 -1.6184e+02 -7.9073e+02
-1.6114e+02 -1.5781e+02 -1.3975e+02 -2.9189e+02
-1.6084e+02 -1.5474e+02 -1.0615e+02 -2.1270e+02
-1.6060e+02 -1.5227e+02 -9.2413e+01 -3.0191e+02
# New trial
-1.6113e+02 -1.5778e+02 -1.4870e+02 -7.5037e+02
-1.6105e+02 -1.5693e+02 -1.3385e+02 -3.0377e+02
-1.6079e+02 -1.5421e+02 -9.9889e+01 -1.2786e+02
-1.6070e+02 -1.5325e+02 -8.9574e+01 -1.0454e+02
# New trial
-1.6098e+02 -1.5671e+02 -1.8799e+02 -1.1948e+03
-1.6083e+02 -1.5490e+02 -1.3451e+02 -6.4884e+02
-1.6055e+02 -1.5194e+02 -8.9176e+01 -1.8800e+02
-1.6047e+02 -1.5102e+02 -7.8206e+01 -1.7976e+02
# New trial
-1.6109e+02 -1.5739e+02 -1.4588e+02 -5.8445e+02
-1.6106e+02 -1.5698e+02 -1.3218e+02 -3.4312e+02
-1.6082e+02 -1.5454e+02 -1.0102e+02 -1.4772e+02
-1.6067e+02 -1.5292e+02 -8.6004e+01 -1.1973e+02
# New trial
-1.6135e+02 -1.5994e+02 -1.6838e+02 -7.6460e+02
-1.6128e+02 -1.5912e+02 -1.4269e+02 -3.6756e+02
-1.6117e+02 -1.5792e+02 -1.2731e+02 -1.1527e+02
-1.6117e+02 -1.5791e+02 -1.2654e+02 -1.4315e+02
# New trial
-1.6123e+02 -1.5906e+02 -1.9174e+02 -1.1788e+03
-1.6104e+02 -1.5693e+02 -1.4489e+02 -6.0690e+02
-1.6066e+02 -1.5301e+02 -9.5512e+01 -1.3953e+02
-1.6059e+02 -1.5217e+02 -8.7873e+01 -2.2096e+02
# New trial
-1.6103e+02 -1.5774e+02 -1.9134e+02 -1.1307e+03
-1.6069e+02 -1.5397e+02 -1.4885e+02 -7.6298e+02
-1.5993e+02 -1.4592e+02 -7.7406e+01 -3.4048e+02
-1.5985e+02 -1.4494e+02 -6.9376e+01 -3.4448e+02
# New trial
-1.6120e+02 -1.5853e+02 -1.5566e+02 -5.6914e+02
-1.6101e+02 -1.5655e+02 -1.3167e+02 -3.6770e+02
-1.6056e+02 -1.5191e+02 -8.1667e+01 -1.4384e+02
-1.6031e+02 -1.4936e+02 -6.8665e+01 -6.8220e+01
# New trial
-1.6109e+02 -1.5787e+02 -1.7900e+02 -9.6254e+02
-1.6089e+02 -1.5571e+02 -1.5152e+02 -6.8909e+02
-1.6041e+02 -1.5060e+02 -8.6649e+01 -1.7868e+02
-1.6027e+02 -1.4908e+02 -1.0087e+02 -4.5571e+02
# New trial
-1.6121e+02 -1.5914e+02 -2.0441e+02 -1.1900e+03
-1.6102e+02 -1.5665e+02 -1.3417e+02 -4.0744e+02
-1.6056e+02 -1.5188e+02 -7.9553e+01 -2.0735e+02
-1.6016e+02 -1.4785e+02 -6.0041e+01 -8.0442e+01
# New trial
-1.6123e+02 -1.5903e+02 -1.8833e+02 -1.0587e+03
-1.6103e+02 -1.5676e+02 -1.3689e+02 -3.9014e+02
-1.6077e+02 -1.5405e+02 -1.0124e+02 -1.3076e+02
-1.6075e+02 -1.5375e+02 -9.2022e+01 -7.2515e+01
# New trial
-1.6114e+02 -1.5906e+02 -2.7844e+02 -2.1198e+03
-1.6086e+02 -1.5558e+02 -1.6650e+02 -8.6088e+02
-1.6036e+02 -1.5003e+02 -6.9771e+01 -1.4280e+02
-1.6023e+02 -1.4858e+02 -6.4915e+01 -4.9509e+01
# New trial
-1.6123e+02 -1.5894e+02 -1.7978e+02 -1.0376e+03
-1.6112e+02 -1.5768e+02 -1.4492e+02 -4.5122e+02
-1.6086e+02 -1.5490e+02 -1.0437e+02 -1.4081e+02
-1.6073e+02 -1.5353e+02 -9.5370e+01 -2.8654e+02
# New trial
-1.6103e+02 -1.5830e+02 -2.5528e+02 -1.9310e+03
-1.6074e+02 -1.5493e+02 -1.6587e+02 -7.9908e+02
-1.6018e+02 -1.4853e+02 -8.1365e+01 -2.3627e+02
-1.6021e+02 -1.4846e+02 -7.0325e+01 -9.7367e+01
# New trial
-1.6108e+02 -1.5750e+02 -1.5976e+02 -6.8983e+02
-1.6085e+02 -1.5518e+02 -1.3297e+02 -5.0667e+02
-1.6025e+02 -1.4901e+02 -7.5072e+01 -2.1352e+02
-1.6017e+02 -1.4810e+02 -6.7434e+01 -2.4074e+02
# New trial
-1.6105e+02 -1.5715e+02 -1.5212e+02 -5.7740e+02
-1.6093e+02 -1.5592e+02 -1.3620e+02 -4.2844e+02
-1.6059e+02 -1.5227e+02 -8.6731e+01 -1.3240e+02
-1.6057e+02 -1.5201e+02 -8.1602e+01 -6.2321e+01
# New trial
-1.6113e+02 -1.5823e+02 -1.9838e+02 -1.2178e+03
-1.6103e+02 -1.5695e+02 -1.6118e+02 -7.2294e+02
-1.6059e+02 -1.5225e+02 -8.7960e+01 -1.8829e+02
-1.6032e+02 -1.4953e+02 -7.0720e+01 -9.6057e+01
# New trial
-1.6129e+02 -1.5951e+02 -1.8094e+02 -1.1273e+03
-1.6121e+02 -1.5853e+02 -1.5177e+02 -5.2633e+02
-1.6094e+02 -1.5572e+02 -1.0944e+02 -1.4661e+02
-1.6073e+02 -1.5360e+02 -8.9256e+01 -5.3508e+01
# New trial
-1.6112e+02 -1.5847e+02 -2.1315e+02 -1.3398e+03
-1.6083e+02 -1.5508e+02 -1.3185e+02 -3.8158e+02
-1.6063e+02 -1.5279e+02 -9.3422e+01 -1.3570e+02
-1.6090e+02 -1.5531e+02 -1.0563e+02 -8.6861e+01
# New trial
-1.6121e+02 -1.5856e+02 -1.6529e+02 -1.0588e+03
-1.6113e+02 -1.5765e+02 -1.3271e+02 -2.0453e+02
-1.6087e+02 -1.5496e+02 -1.0280e+02 -1.2278e+02
-1.6067e+02 -1.5295e+02 -8.4895e+01 -5.8554e+01
# New trial
-1.6114e+02 -1.5859e+02 -2.0860e+02 -1.2823e+03
-1.6086e+02 -1.5535e+02 -1.3618e+02 -4.3679e+02
-1.6049e+02 -1.5143e+02 -8.4612e+01 -1.6911e+02
-1.6058e+02 -1.5210e+02 -9.1692e+01 -2.6767e+02
# New trial
-1.6132e+02 -1.6034e+02 -2.0052e+02 -9.7980e+02
-1.6099e+02 -1.5666e+02 -1.4579e+02 -5.0912e+02
-1.6032e+02 -1.4967e+02 -7.8420e+01 -1.9397e+02
-1.5995e+02 -1.4592e+02 -7.5395e+01 -3.5945e+02
# New trial
-1.6138e+02 -1.6125e+02 -2.5710e+02 -1.7987e+03
-1.6107e+02 -1.5749e+02 -1.6031e+02 -6.6448e+02
-1.6038e+02 -1.5031e+02 -7.8588e+01 -1.6883e+02
-1.6024e+02 -1.4871e+02 -6.8994e+01 -6.7484e+01
# New trial
-1.6123e+02 -1.5867e+02 -1.4783e+02 -3.9149e+02
-1.6104e+02 -1.5678e+02 -1.2288e+02 -1.7777e+02
-1.6072e+02 -1.5353e+02 -8.9521e+01 -8.7165e+01
-1.6070e+02 -1.5326e+02 -8.6740e+01 -6.6778e+01
# New trial
-1.6106e+02 -1.5720e+02 -1.5955e+02 -9.7369e+02
-1.6102e+02 -1.5663e+02 -1.3623e+02 -4.4086e+02
-1.6074e+02 -1.5376e+02 -9.7189e+01 -1.4846e+02
-1.6062e+02 -1.5248e+02 -8.4972e+01 -1.1659e+02
# New trial
-1.6122e+02 -1.6006e+02 -2.3881e+02 -1.7188e+03
-1.6098e+02 -1.5685e+02 -1.6506e+02 -7.8464e+02
-1.6040e+02 -1.5044e+02 -7.9565e+01 -1.8827e+02
-1.6013e+02 -1.4759e+02 -6.4115e+01 -1.0410e+02
# New trial
-1.6119e+02 -1.5865e+02 -1.7383e+02 -7.7560e+02
-1.6098e+02 -1.5639e+02 -1.3337e+02 -3.6569e+02
-1.6062e+02 -1.5261e+02 -9.3434e+01 -1.3852e+02
-1.6060e+02 -1.5229e+02 -8.8847e+01 -2.1985e+02
# New trial
-1.6115e+02 -1.5818e+02 -1.8521e+02 -1.0763e+03
-1.6104e+02 -1.5687e+02 -1.3941e+02 -4.7294e+02
-1.6074e+02 -1.5372e+02 -9.4164e+01 -1.5292e+02
-1.6052e+02 -1.5142e+02 -7.6196e+01 -6.7730e+01
# New trial
