# 10.0sig - Array shape (trial/sig/alpha): (30L, 4L, 4L)
-1.1528e+02 -1.1454e+02 -1.1874e+02 -4.7335e+02
-1.1529e+02 -1.1452e+02 -1.1464e+02 -4.0606e+02
-1.1523e+02 -1.1393e+02 -1.0323e+02 -1.9924e+02
-1.1513e+02 -1.1287e+02 -9.1093e+01 -5.7468e+01
# New trial
-1.1543e+02 -1.1691e+02 -2.0990e+02 -1.6221e+03
-1.1538e+02 -1.1617e+02 -1.6451e+02 -9.8972e+02
-1.1519e+02 -1.1368e+02 -1.1048e+02 -3.9585e+02
-1.1494e+02 -1.1099e+02 -7.5824e+01 -1.2456e+02
# New trial
-1.1533e+02 -1.1514e+02 -1.4260e+02 -7.9348e+02
-1.1530e+02 -1.1477e+02 -1.2747e+02 -5.8764e+02
-1.1509e+02 -1.1252e+02 -9.1105e+01 -1.2953e+02
-1.1484e+02 -1.1002e+02 -6.6436e+01 -5.0190e+01
# New trial
-1.1525e+02 -1.1419e+02 -1.1981e+02 -5.6713e+02
-1.1523e+02 -1.1398e+02 -1.1470e+02 -4.3739e+02
-1.1507e+02 -1.1234e+02 -9.0161e+01 -1.8578e+02
-1.1487e+02 -1.1027e+02 -6.9082e+01 -5.0216e+01
# New trial
-1.1532e+02 -1.1543e+02 -1.6918e+02 -1.1831e+03
-1.1526e+02 -1.1450e+02 -1.2559e+02 -5.5452e+02
-1.1519e+02 -1.1362e+02 -1.0309e+02 -2.5530e+02
-1.1507e+02 -1.1227e+02 -8.5620e+01 -5.6531e+01
# New trial
-1.1533e+02 -1.1525e+02 -1.3931e+02 -6.6910e+02
-1.1527e+02 -1.1443e+02 -1.1995e+02 -4.5806e+02
-1.1508e+02 -1.1242e+02 -9.2736e+01 -2.0997e+02
-1.1484e+02 -1.0998e+02 -6.6991e+01 -8.8509e+01
# New trial
-1.1529e+02 -1.1460e+02 -1.2165e+02 -6.3942e+02
-1.1529e+02 -1.1460e+02 -1.1625e+02 -4.4283e+02
-1.1525e+02 -1.1417e+02 -1.0652e+02 -3.0043e+02
-1.1516e+02 -1.1323e+02 -9.4708e+01 -1.0717e+02
# New trial
-1.1521e+02 -1.1415e+02 -1.3888e+02 -7.2909e+02
-1.1525e+02 -1.1441e+02 -1.3326e+02 -6.6910e+02
-1.1518e+02 -1.1352e+02 -1.0418e+02 -2.7121e+02
-1.1502e+02 -1.1180e+02 -8.1736e+01 -8.5390e+01
# New trial
-1.1548e+02 -1.1725e+02 -2.1791e+02 -1.7420e+03
-1.1537e+02 -1.1585e+02 -1.6307e+02 -9.8988e+02
-1.1510e+02 -1.1277e+02 -1.0443e+02 -4.2583e+02
-1.1483e+02 -1.0995e+02 -7.7179e+01 -2.9225e+02
# New trial
-1.1530e+02 -1.1465e+02 -1.1224e+02 -3.8614e+02
-1.1528e+02 -1.1441e+02 -1.0792e+02 -2.2078e+02
-1.1523e+02 -1.1391e+02 -1.0184e+02 -2.0764e+02
-1.1520e+02 -1.1361e+02 -9.8145e+01 -9.9764e+01
# New trial
-1.1548e+02 -1.1713e+02 -1.9413e+02 -1.4271e+03
-1.1526e+02 -1.1449e+02 -1.6446e+02 -1.2405e+03
-1.1497e+02 -1.1143e+02 -9.8488e+01 -4.2321e+02
-1.1472e+02 -1.0882e+02 -6.6058e+01 -1.8094e+02
# New trial
-1.1546e+02 -1.1695e+02 -2.0080e+02 -1.4384e+03
-1.1531e+02 -1.1490e+02 -1.2494e+02 -4.9925e+02
-1.1522e+02 -1.1385e+02 -1.0321e+02 -1.7416e+02
-1.1512e+02 -1.1279e+02 -9.0133e+01 -5.7325e+01
# New trial
-1.1526e+02 -1.1479e+02 -1.6265e+02 -1.0841e+03
-1.1525e+02 -1.1451e+02 -1.3540e+02 -6.5797e+02
-1.1513e+02 -1.1300e+02 -1.0119e+02 -2.9788e+02
-1.1492e+02 -1.1079e+02 -7.3325e+01 -6.0043e+01
# New trial
-1.1534e+02 -1.1533e+02 -1.4402e+02 -7.6122e+02
-1.1531e+02 -1.1494e+02 -1.2986e+02 -5.7573e+02
-1.1513e+02 -1.1295e+02 -9.6318e+01 -2.0161e+02
-1.1493e+02 -1.1094e+02 -7.3898e+01 -5.1673e+01
# New trial
-1.1536e+02 -1.1561e+02 -1.5975e+02 -9.5703e+02
-1.1531e+02 -1.1500e+02 -1.4016e+02 -7.2755e+02
-1.1514e+02 -1.1311e+02 -1.0130e+02 -2.8343e+02
-1.1490e+02 -1.1058e+02 -7.2153e+01 -1.0186e+02
# New trial
-1.1549e+02 -1.1773e+02 -2.2612e+02 -1.7194e+03
-1.1537e+02 -1.1598e+02 -1.5880e+02 -8.9967e+02
-1.1508e+02 -1.1266e+02 -1.0960e+02 -4.2147e+02
-1.1473e+02 -1.0890e+02 -6.2094e+01 -1.4947e+02
# New trial
-1.1527e+02 -1.1490e+02 -1.9912e+02 -1.6306e+03
-1.1518e+02 -1.1380e+02 -1.3310e+02 -7.2754e+02
-1.1503e+02 -1.1207e+02 -9.9057e+01 -4.3302e+02
-1.1482e+02 -1.0987e+02 -6.6281e+01 -1.1356e+02
# New trial
-1.1547e+02 -1.1655e+02 -1.5959e+02 -1.0446e+03
-1.1535e+02 -1.1529e+02 -1.3068e+02 -6.6755e+02
-1.1514e+02 -1.1303e+02 -1.0157e+02 -4.8921e+02
-1.1497e+02 -1.1133e+02 -7.8104e+01 -7.8251e+01
# New trial
-1.1538e+02 -1.1547e+02 -1.2920e+02 -5.7295e+02
-1.1531e+02 -1.1478e+02 -1.1320e+02 -2.8796e+02
-1.1522e+02 -1.1385e+02 -1.0113e+02 -9.3235e+01
-1.1512e+02 -1.1280e+02 -9.0215e+01 -6.0920e+01
# New trial
-1.1555e+02 -1.1782e+02 -2.1163e+02 -1.5308e+03
-1.1539e+02 -1.1580e+02 -1.4464e+02 -8.6600e+02
-1.1510e+02 -1.1266e+02 -9.7423e+01 -4.1948e+02
-1.1484e+02 -1.1001e+02 -6.8426e+01 -1.3771e+02
# New trial
-1.1541e+02 -1.1599e+02 -1.5123e+02 -9.1054e+02
-1.1531e+02 -1.1483e+02 -1.1881e+02 -4.7124e+02
-1.1515e+02 -1.1312e+02 -9.7180e+01 -3.3592e+02
-1.1496e+02 -1.1126e+02 -7.8488e+01 -1.9945e+02
# New trial
-1.1526e+02 -1.1431e+02 -1.1528e+02 -4.5849e+02
-1.1526e+02 -1.1431e+02 -1.1593e+02 -5.0144e+02
-1.1514e+02 -1.1301e+02 -9.6000e+01 -2.1210e+02
-1.1491e+02 -1.1076e+02 -7.4534e+01 -1.0471e+02
# New trial
-1.1537e+02 -1.1553e+02 -1.3922e+02 -6.6879e+02
-1.1530e+02 -1.1480e+02 -1.2827e+02 -5.6768e+02
-1.1514e+02 -1.1308e+02 -9.9522e+01 -2.3549e+02
-1.1497e+02 -1.1131e+02 -7.7450e+01 -1.0176e+02
# New trial
-1.1532e+02 -1.1526e+02 -1.5073e+02 -8.1242e+02
-1.1525e+02 -1.1451e+02 -1.3778e+02 -7.0079e+02
-1.1509e+02 -1.1267e+02 -1.0003e+02 -2.9950e+02
-1.1480e+02 -1.0964e+02 -6.4745e+01 -1.1925e+02
# New trial
-1.1544e+02 -1.1667e+02 -1.8040e+02 -1.2110e+03
-1.1534e+02 -1.1544e+02 -1.5049e+02 -8.8359e+02
-1.1507e+02 -1.1240e+02 -9.6123e+01 -3.5117e+02
-1.1478e+02 -1.0940e+02 -6.2902e+01 -8.5078e+01
# New trial
-1.1552e+02 -1.1882e+02 -2.3640e+02 -1.6800e+03
-1.1538e+02 -1.1622e+02 -1.7772e+02 -1.2377e+03
-1.1494e+02 -1.1107e+02 -8.2832e+01 -1.8914e+02
-1.1449e+02 -1.0653e+02 -4.9982e+01 -8.0909e+01
# New trial
-1.1582e+02 -1.2144e+02 -2.6464e+02 -2.0606e+03
-1.1551e+02 -1.1723e+02 -1.6851e+02 -1.0468e+03
-1.1509e+02 -1.1258e+02 -9.5853e+01 -2.6872e+02
-1.1481e+02 -1.0970e+02 -6.8067e+01 -7.0091e+01
# New trial
-1.1529e+02 -1.1459e+02 -1.1915e+02 -4.4800e+02
-1.1525e+02 -1.1416e+02 -1.1294e+02 -3.9307e+02
-1.1514e+02 -1.1300e+02 -9.5869e+01 -2.3611e+02
-1.1499e+02 -1.1148e+02 -7.8685e+01 -8.7784e+01
# New trial
-1.1537e+02 -1.1572e+02 -1.7692e+02 -1.3565e+03
-1.1534e+02 -1.1530e+02 -1.3995e+02 -7.1453e+02
-1.1514e+02 -1.1309e+02 -1.0179e+02 -2.9154e+02
-1.1487e+02 -1.1034e+02 -6.9984e+01 -7.0806e+01
# New trial
-1.1528e+02 -1.1454e+02 -1.3329e+02 -7.7790e+02
-1.1522e+02 -1.1389e+02 -1.1285e+02 -4.5905e+02
-1.1508e+02 -1.1243e+02 -9.0370e+01 -2.0281e+02
-1.1489e+02 -1.1056e+02 -7.2285e+01 -8.2202e+01
# New trial
