# 1.0sig - Array shape (trial/sig/alpha): (30, 4, 4)
-1.5658e+02 -1.5381e+02 -1.5984e+02 -7.5279e+02
-1.5641e+02 -1.5207e+02 -1.2536e+02 -2.9504e+02
-1.5599e+02 -1.4768e+02 -7.7185e+01 -9.6441e+01
-1.5563e+02 -1.4412e+02 -6.0529e+01 -4.9650e+01
# New trial
-1.5657e+02 -1.5368e+02 -1.4474e+02 -4.2238e+02
-1.5646e+02 -1.5257e+02 -1.2802e+02 -1.8116e+02
-1.5614e+02 -1.4937e+02 -9.6377e+01 -9.1665e+01
-1.5601e+02 -1.4796e+02 -8.1364e+01 -5.6352e+01
# New trial
-1.5663e+02 -1.5427e+02 -1.5070e+02 -6.1796e+02
-1.5650e+02 -1.5292e+02 -1.2738e+02 -1.4688e+02
-1.5619e+02 -1.4979e+02 -9.3643e+01 -8.1392e+01
-1.5599e+02 -1.4774e+02 -7.9775e+01 -7.5100e+01
# New trial
-1.5656e+02 -1.5352e+02 -1.4960e+02 -8.6526e+02
-1.5643e+02 -1.5226e+02 -1.2692e+02 -3.3960e+02
-1.5619e+02 -1.4977e+02 -9.5922e+01 -7.0400e+01
-1.5613e+02 -1.4913e+02 -9.3624e+01 -2.6693e+02
# New trial
-1.5651e+02 -1.5339e+02 -1.8249e+02 -1.0307e+03
-1.5630e+02 -1.5108e+02 -1.3214e+02 -5.4730e+02
-1.5597e+02 -1.4755e+02 -7.8662e+01 -8.7891e+01
-1.5589e+02 -1.4671e+02 -7.3118e+01 -5.8631e+01
# New trial
-1.5659e+02 -1.5386e+02 -1.5357e+02 -7.9153e+02
-1.5649e+02 -1.5279e+02 -1.2702e+02 -2.7807e+02
-1.5624e+02 -1.5017e+02 -9.6273e+01 -7.8013e+01
-1.5608e+02 -1.4855e+02 -8.2904e+01 -8.1036e+01
# New trial
-1.5678e+02 -1.5569e+02 -1.6133e+02 -7.6470e+02
-1.5669e+02 -1.5475e+02 -1.3930e+02 -2.5516e+02
-1.5657e+02 -1.5352e+02 -1.2500e+02 -9.4813e+01
-1.5657e+02 -1.5349e+02 -1.2467e+02 -1.6752e+02
# New trial
-1.5664e+02 -1.5458e+02 -1.7583e+02 -9.1739e+02
-1.5645e+02 -1.5251e+02 -1.3461e+02 -4.9687e+02
-1.5607e+02 -1.4856e+02 -8.5286e+01 -6.8166e+01
-1.5599e+02 -1.4769e+02 -7.7646e+01 -4.8722e+01
# New trial
-1.5630e+02 -1.5168e+02 -1.6486e+02 -8.6237e+02
-1.5594e+02 -1.4788e+02 -1.2590e+02 -5.0052e+02
-1.5533e+02 -1.4153e+02 -7.4508e+01 -1.6043e+02
-1.5533e+02 -1.4133e+02 -6.5239e+01 -1.0643e+02
# New trial
-1.5655e+02 -1.5354e+02 -1.4660e+02 -6.3125e+02
-1.5637e+02 -1.5169e+02 -1.2630e+02 -3.7280e+02
-1.5597e+02 -1.4758e+02 -8.2393e+01 -9.7066e+01
-1.5574e+02 -1.4527e+02 -6.8576e+01 -5.0463e+01
# New trial
-1.5639e+02 -1.5218e+02 -1.5575e+02 -7.2500e+02
-1.5624e+02 -1.5057e+02 -1.3563e+02 -5.2337e+02
-1.5584e+02 -1.4628e+02 -7.4835e+01 -1.2525e+02
-1.5570e+02 -1.4488e+02 -6.8399e+01 -1.0402e+02
# New trial
-1.5672e+02 -1.5554e+02 -1.9461e+02 -1.0315e+03
-1.5646e+02 -1.5254e+02 -1.3330e+02 -3.8056e+02
-1.5598e+02 -1.4765e+02 -7.7930e+01 -9.7623e+01
-1.5560e+02 -1.4379e+02 -5.9724e+01 -4.9101e+01
# New trial
-1.5665e+02 -1.5463e+02 -1.8241e+02 -1.0763e+03
-1.5647e+02 -1.5270e+02 -1.3582e+02 -3.7323e+02
-1.5620e+02 -1.4984e+02 -9.7368e+01 -9.3931e+01
-1.5616e+02 -1.4943e+02 -8.9686e+01 -6.1085e+01
# New trial
-1.5663e+02 -1.5518e+02 -2.5316e+02 -1.7943e+03
-1.5634e+02 -1.5170e+02 -1.5462e+02 -7.0929e+02
-1.5580e+02 -1.4591e+02 -7.4978e+01 -1.2760e+02
-1.5568e+02 -1.4467e+02 -6.7532e+01 -6.1718e+01
# New trial
-1.5663e+02 -1.5448e+02 -1.7730e+02 -1.0078e+03
-1.5652e+02 -1.5318e+02 -1.3829e+02 -3.4299e+02
-1.5627e+02 -1.5059e+02 -1.0237e+02 -8.4397e+01
-1.5615e+02 -1.4928e+02 -9.2946e+01 -1.4455e+02
# New trial
-1.5636e+02 -1.5266e+02 -2.2562e+02 -1.5908e+03
-1.5613e+02 -1.5019e+02 -1.5335e+02 -6.5260e+02
-1.5560e+02 -1.4426e+02 -7.3734e+01 -1.1805e+02
-1.5563e+02 -1.4429e+02 -9.0293e+01 -4.3985e+02
# New trial
-1.5644e+02 -1.5254e+02 -1.4558e+02 -5.4246e+02
-1.5623e+02 -1.5037e+02 -1.2583e+02 -4.1155e+02
-1.5570e+02 -1.4503e+02 -7.4008e+01 -1.1927e+02
-1.5562e+02 -1.4406e+02 -6.4081e+01 -7.6771e+01
# New trial
-1.5656e+02 -1.5360e+02 -1.4895e+02 -5.4919e+02
-1.5641e+02 -1.5213e+02 -1.3494e+02 -4.1005e+02
-1.5603e+02 -1.4823e+02 -8.7750e+01 -1.0846e+02
-1.5603e+02 -1.4810e+02 -8.2975e+01 -7.5232e+01
# New trial
-1.5656e+02 -1.5392e+02 -1.8846e+02 -1.0536e+03
-1.5645e+02 -1.5268e+02 -1.5646e+02 -6.1945e+02
-1.5603e+02 -1.4817e+02 -8.3328e+01 -8.9227e+01
-1.5576e+02 -1.4546e+02 -6.6998e+01 -5.5047e+01
# New trial
-1.5672e+02 -1.5516e+02 -1.7176e+02 -9.1230e+02
-1.5661e+02 -1.5404e+02 -1.4312e+02 -4.6799e+02
-1.5635e+02 -1.5128e+02 -1.0527e+02 -9.1853e+01
-1.5615e+02 -1.4931e+02 -8.7938e+01 -5.2405e+01
# New trial
-1.5650e+02 -1.5350e+02 -1.8682e+02 -1.0333e+03
-1.5623e+02 -1.5051e+02 -1.2082e+02 -2.9211e+02
-1.5606e+02 -1.4856e+02 -8.9751e+01 -7.8172e+01
-1.5634e+02 -1.5124e+02 -1.0649e+02 -1.7826e+02
# New trial
-1.5667e+02 -1.5463e+02 -1.6799e+02 -9.7690e+02
-1.5653e+02 -1.5319e+02 -1.2830e+02 -1.4861e+02
-1.5625e+02 -1.5036e+02 -9.7672e+01 -7.3434e+01
-1.5607e+02 -1.4850e+02 -8.2682e+01 -5.7234e+01
# New trial
-1.5663e+02 -1.5461e+02 -1.9175e+02 -1.0614e+03
-1.5635e+02 -1.5164e+02 -1.3652e+02 -4.8185e+02
-1.5592e+02 -1.4719e+02 -8.3168e+01 -9.9172e+01
-1.5599e+02 -1.4771e+02 -8.8450e+01 -2.3335e+02
# New trial
-1.5666e+02 -1.5511e+02 -1.8284e+02 -7.9015e+02
-1.5635e+02 -1.5172e+02 -1.3584e+02 -4.4443e+02
-1.5572e+02 -1.4523e+02 -6.8912e+01 -1.1400e+02
-1.5535e+02 -1.4139e+02 -5.6210e+01 -5.3295e+01
# New trial
-1.5668e+02 -1.5586e+02 -2.4287e+02 -1.6565e+03
-1.5639e+02 -1.5226e+02 -1.5128e+02 -5.5085e+02
-1.5578e+02 -1.4577e+02 -7.0646e+01 -1.0336e+02
-1.5568e+02 -1.4462e+02 -6.7090e+01 -1.0148e+02
# New trial
-1.5666e+02 -1.5449e+02 -1.4161e+02 -3.0688e+02
-1.5650e+02 -1.5288e+02 -1.2451e+02 -1.8001e+02
-1.5616e+02 -1.4943e+02 -9.2301e+01 -8.7238e+01
-1.5611e+02 -1.4894e+02 -8.5366e+01 -5.2292e+01
# New trial
-1.5652e+02 -1.5327e+02 -1.6390e+02 -9.0800e+02
-1.5644e+02 -1.5236e+02 -1.3274e+02 -3.7850e+02
-1.5617e+02 -1.4955e+02 -9.4031e+01 -8.5239e+01
-1.5605e+02 -1.4835e+02 -8.2510e+01 -5.0071e+01
# New trial
-1.5680e+02 -1.5677e+02 -2.1722e+02 -1.3943e+03
-1.5651e+02 -1.5343e+02 -1.5626e+02 -6.6707e+02
-1.5586e+02 -1.4662e+02 -8.2103e+01 -1.4219e+02
-1.5557e+02 -1.4362e+02 -6.8856e+01 -1.6605e+02
# New trial
-1.5657e+02 -1.5382e+02 -1.5483e+02 -5.5597e+02
-1.5638e+02 -1.5179e+02 -1.2337e+02 -2.5206e+02
-1.5604e+02 -1.4837e+02 -8.9099e+01 -7.4783e+01
-1.5602e+02 -1.4804e+02 -8.0924e+01 -6.1246e+01
# New trial
-1.5651e+02 -1.5318e+02 -1.5991e+02 -7.9998e+02
-1.5644e+02 -1.5231e+02 -1.3096e+02 -3.3985e+02
-1.5615e+02 -1.4933e+02 -8.9461e+01 -9.0026e+01
-1.5593e+02 -1.4713e+02 -7.4569e+01 -4.9244e+01
# New trial
