# 1.0sig - Array shape (trial/sig/alpha): (30, 4, 4)
-1.5678e+02 -1.5565e+02 -1.4957e+02 -2.8251e+02
-1.5672e+02 -1.5499e+02 -1.3992e+02 -1.1963e+02
-1.5655e+02 -1.5328e+02 -1.2382e+02 -1.0615e+02
-1.5637e+02 -1.5147e+02 -1.1320e+02 -1.0615e+02
# New trial
-1.5680e+02 -1.5584e+02 -1.4900e+02 -1.7796e+02
-1.5675e+02 -1.5529e+02 -1.4374e+02 -1.5187e+02
-1.5660e+02 -1.5376e+02 -1.2899e+02 -1.0619e+02
-1.5648e+02 -1.5255e+02 -1.1896e+02 -1.0615e+02
# New trial
-1.5682e+02 -1.5600e+02 -1.4987e+02 -2.0730e+02
-1.5677e+02 -1.5551e+02 -1.4419e+02 -1.2220e+02
-1.5664e+02 -1.5423e+02 -1.3267e+02 -1.2059e+02
-1.5656e+02 -1.5337e+02 -1.2963e+02 -2.2283e+02
# New trial
-1.5681e+02 -1.5595e+02 -1.5247e+02 -3.2771e+02
-1.5676e+02 -1.5544e+02 -1.4598e+02 -1.8630e+02
-1.5663e+02 -1.5411e+02 -1.3135e+02 -1.0615e+02
-1.5656e+02 -1.5337e+02 -1.2449e+02 -1.0615e+02
# New trial
-1.5673e+02 -1.5518e+02 -1.5054e+02 -3.5289e+02
-1.5667e+02 -1.5453e+02 -1.3890e+02 -2.2662e+02
-1.5653e+02 -1.5315e+02 -1.2567e+02 -1.0792e+02
-1.5644e+02 -1.5221e+02 -1.1979e+02 -1.2452e+02
# New trial
-1.5681e+02 -1.5588e+02 -1.5004e+02 -3.3719e+02
-1.5677e+02 -1.5544e+02 -1.4383e+02 -1.7192e+02
-1.5664e+02 -1.5423e+02 -1.3178e+02 -1.0630e+02
-1.5654e+02 -1.5320e+02 -1.2320e+02 -1.0615e+02
# New trial
-1.5688e+02 -1.5662e+02 -1.5634e+02 -2.9419e+02
-1.5685e+02 -1.5627e+02 -1.5097e+02 -1.8779e+02
-1.5679e+02 -1.5567e+02 -1.4473e+02 -1.1754e+02
-1.5675e+02 -1.5530e+02 -1.4114e+02 -1.1443e+02
# New trial
-1.5679e+02 -1.5571e+02 -1.5448e+02 -3.8860e+02
-1.5672e+02 -1.5501e+02 -1.4273e+02 -2.1687e+02
-1.5656e+02 -1.5345e+02 -1.2699e+02 -1.0691e+02
-1.5646e+02 -1.5236e+02 -1.2053e+02 -1.3070e+02
# New trial
-1.5669e+02 -1.5478e+02 -1.4621e+02 -2.7423e+02
-1.5657e+02 -1.5355e+02 -1.3448e+02 -2.1822e+02
-1.5630e+02 -1.5079e+02 -1.1482e+02 -1.0617e+02
-1.5617e+02 -1.4948e+02 -1.0946e+02 -1.0615e+02
# New trial
-1.5679e+02 -1.5570e+02 -1.4923e+02 -2.9813e+02
-1.5672e+02 -1.5501e+02 -1.4204e+02 -2.2118e+02
-1.5655e+02 -1.5328e+02 -1.2427e+02 -1.0615e+02
-1.5641e+02 -1.5191e+02 -1.2125e+02 -1.8936e+02
# New trial
-1.5675e+02 -1.5531e+02 -1.4995e+02 -3.2602e+02
-1.5668e+02 -1.5460e+02 -1.4280e+02 -2.3293e+02
-1.5648e+02 -1.5263e+02 -1.2126e+02 -1.2135e+02
-1.5634e+02 -1.5123e+02 -1.1475e+02 -1.1172e+02
# New trial
-1.5680e+02 -1.5584e+02 -1.5643e+02 -3.5210e+02
-1.5671e+02 -1.5493e+02 -1.4048e+02 -1.7939e+02
-1.5654e+02 -1.5324e+02 -1.2414e+02 -1.0698e+02
-1.5636e+02 -1.5142e+02 -1.1925e+02 -1.6757e+02
# New trial
-1.5685e+02 -1.5636e+02 -1.6096e+02 -4.5329e+02
-1.5677e+02 -1.5552e+02 -1.4753e+02 -2.2297e+02
-1.5662e+02 -1.5405e+02 -1.3217e+02 -1.1103e+02
-1.5656e+02 -1.5338e+02 -1.2588e+02 -1.4469e+02
# New trial
-1.5679e+02 -1.5593e+02 -1.7713e+02 -6.3230e+02
-1.5669e+02 -1.5475e+02 -1.4738e+02 -2.7694e+02
-1.5647e+02 -1.5247e+02 -1.2116e+02 -1.0619e+02
-1.5634e+02 -1.5120e+02 -1.2078e+02 -1.8324e+02
# New trial
-1.5682e+02 -1.5601e+02 -1.5338e+02 -3.8457e+02
-1.5677e+02 -1.5551e+02 -1.4558e+02 -1.5988e+02
-1.5665e+02 -1.5427e+02 -1.3294e+02 -1.1186e+02
-1.5657e+02 -1.5352e+02 -1.3078e+02 -2.1098e+02
# New trial
-1.5675e+02 -1.5556e+02 -1.7416e+02 -6.0662e+02
-1.5664e+02 -1.5440e+02 -1.4983e+02 -2.8955e+02
-1.5639e+02 -1.5178e+02 -1.2133e+02 -1.1080e+02
-1.5634e+02 -1.5125e+02 -1.1525e+02 -1.0617e+02
# New trial
-1.5677e+02 -1.5552e+02 -1.4833e+02 -2.4249e+02
-1.5668e+02 -1.5465e+02 -1.4001e+02 -2.1837e+02
-1.5645e+02 -1.5226e+02 -1.1910e+02 -1.0615e+02
-1.5631e+02 -1.5087e+02 -1.1218e+02 -1.0615e+02
# New trial
-1.5677e+02 -1.5555e+02 -1.4610e+02 -1.7097e+02
-1.5672e+02 -1.5496e+02 -1.4080e+02 -1.2052e+02
-1.5656e+02 -1.5342e+02 -1.2635e+02 -1.0615e+02
-1.5652e+02 -1.5296e+02 -1.2194e+02 -1.0658e+02
# New trial
-1.5680e+02 -1.5589e+02 -1.5884e+02 -4.0394e+02
-1.5674e+02 -1.5523e+02 -1.4808e+02 -2.6969e+02
-1.5656e+02 -1.5338e+02 -1.2538e+02 -1.0680e+02
-1.5642e+02 -1.5204e+02 -1.2107e+02 -1.7915e+02
# New trial
-1.5681e+02 -1.5591e+02 -1.5249e+02 -3.5587e+02
-1.5678e+02 -1.5556e+02 -1.4474e+02 -1.5399e+02
-1.5669e+02 -1.5463e+02 -1.3511e+02 -1.0790e+02
-1.5658e+02 -1.5361e+02 -1.2672e+02 -1.1481e+02
# New trial
-1.5679e+02 -1.5574e+02 -1.5797e+02 -3.7679e+02
-1.5670e+02 -1.5479e+02 -1.4156e+02 -1.6231e+02
-1.5656e+02 -1.5345e+02 -1.2766e+02 -1.0620e+02
-1.5661e+02 -1.5389e+02 -1.2873e+02 -1.0615e+02
# New trial
-1.5681e+02 -1.5589e+02 -1.5137e+02 -3.5086e+02
-1.5677e+02 -1.5546e+02 -1.4329e+02 -1.1938e+02
-1.5666e+02 -1.5437e+02 -1.3259e+02 -1.0621e+02
-1.5651e+02 -1.5286e+02 -1.2007e+02 -1.0615e+02
# New trial
-1.5677e+02 -1.5561e+02 -1.5529e+02 -3.4628e+02
-1.5666e+02 -1.5443e+02 -1.3697e+02 -1.3423e+02
-1.5649e+02 -1.5272e+02 -1.2303e+02 -1.0619e+02
-1.5645e+02 -1.5235e+02 -1.1950e+02 -1.1107e+02
# New trial
-1.5676e+02 -1.5547e+02 -1.5103e+02 -2.3244e+02
-1.5665e+02 -1.5437e+02 -1.3895e+02 -1.5721e+02
-1.5640e+02 -1.5181e+02 -1.1638e+02 -1.0615e+02
-1.5622e+02 -1.5005e+02 -1.1033e+02 -1.0615e+02
# New trial
-1.5683e+02 -1.5637e+02 -1.7654e+02 -5.9126e+02
-1.5670e+02 -1.5491e+02 -1.4489e+02 -1.8135e+02
-1.5645e+02 -1.5228e+02 -1.1898e+02 -1.0615e+02
-1.5629e+02 -1.5075e+02 -1.1150e+02 -1.0615e+02
# New trial
-1.5683e+02 -1.5612e+02 -1.4956e+02 -1.4676e+02
-1.5677e+02 -1.5544e+02 -1.4297e+02 -1.1856e+02
-1.5661e+02 -1.5388e+02 -1.2911e+02 -1.0632e+02
-1.5650e+02 -1.5282e+02 -1.2044e+02 -1.0616e+02
# New trial
-1.5677e+02 -1.5555e+02 -1.5030e+02 -3.4560e+02
-1.5673e+02 -1.5508e+02 -1.4257e+02 -1.7725e+02
-1.5659e+02 -1.5372e+02 -1.2784e+02 -1.0615e+02
-1.5650e+02 -1.5274e+02 -1.2013e+02 -1.0615e+02
# New trial
-1.5680e+02 -1.5592e+02 -1.6193e+02 -4.3057e+02
-1.5670e+02 -1.5488e+02 -1.4547e+02 -2.8445e+02
-1.5646e+02 -1.5241e+02 -1.1874e+02 -1.0996e+02
-1.5625e+02 -1.5031e+02 -1.1223e+02 -1.0929e+02
# New trial
-1.5682e+02 -1.5599e+02 -1.5087e+02 -2.4968e+02
-1.5675e+02 -1.5532e+02 -1.4368e+02 -2.0850e+02
-1.5658e+02 -1.5361e+02 -1.2892e+02 -1.0694e+02
-1.5647e+02 -1.5247e+02 -1.2161e+02 -1.4645e+02
# New trial
-1.5680e+02 -1.5580e+02 -1.5031e+02 -2.9896e+02
-1.5675e+02 -1.5529e+02 -1.4322e+02 -1.4667e+02
-1.5661e+02 -1.5387e+02 -1.2874e+02 -1.0789e+02
-1.5647e+02 -1.5247e+02 -1.1882e+02 -1.0615e+02
# New trial
