# 1.0sig - Array shape (trial/sig/alpha): (30L, 4L, 4L)
-1.0145e+02 -1.0081e+02 -1.0294e+02 -2.3466e+02
-1.0141e+02 -1.0032e+02 -9.3915e+01 -1.1700e+02
-1.0129e+02 -9.9075e+01 -8.0778e+01 -7.3846e+01
-1.0117e+02 -9.7898e+01 -7.7987e+01 -8.3195e+01
# New trial
-1.0147e+02 -1.0094e+02 -9.9560e+01 -1.7213e+02
-1.0143e+02 -1.0053e+02 -9.4893e+01 -1.0259e+02
-1.0132e+02 -9.9486e+01 -8.4668e+01 -7.3849e+01
-1.0129e+02 -9.9091e+01 -8.1183e+01 -7.4537e+01
# New trial
-1.0145e+02 -1.0077e+02 -9.6895e+01 -1.5409e+02
-1.0142e+02 -1.0045e+02 -9.2885e+01 -9.6643e+01
-1.0133e+02 -9.9505e+01 -8.3711e+01 -7.3845e+01
-1.0124e+02 -9.8579e+01 -7.8375e+01 -7.3842e+01
# New trial
-1.0146e+02 -1.0083e+02 -1.0253e+02 -2.7877e+02
-1.0142e+02 -1.0047e+02 -9.5345e+01 -1.4938e+02
-1.0135e+02 -9.9729e+01 -8.6111e+01 -7.4418e+01
-1.0133e+02 -9.9520e+01 -8.4350e+01 -9.5535e+01
# New trial
-1.0141e+02 -1.0039e+02 -1.0169e+02 -2.5287e+02
-1.0137e+02 -9.9928e+01 -9.2235e+01 -1.6588e+02
-1.0129e+02 -9.9145e+01 -8.1227e+01 -7.3842e+01
-1.0129e+02 -9.9093e+01 -8.0889e+01 -7.3842e+01
# New trial
-1.0146e+02 -1.0087e+02 -1.0046e+02 -2.4861e+02
-1.0144e+02 -1.0059e+02 -9.4359e+01 -1.2663e+02
-1.0136e+02 -9.9803e+01 -8.5990e+01 -7.3852e+01
-1.0130e+02 -9.9185e+01 -8.2020e+01 -8.5453e+01
# New trial
-1.0149e+02 -1.0116e+02 -1.0018e+02 -1.8831e+02
-1.0147e+02 -1.0091e+02 -9.5839e+01 -1.0682e+02
-1.0143e+02 -1.0053e+02 -9.2117e+01 -7.6359e+01
-1.0144e+02 -1.0061e+02 -9.2695e+01 -9.7488e+01
# New trial
-1.0146e+02 -1.0093e+02 -1.0678e+02 -2.9254e+02
-1.0141e+02 -1.0038e+02 -9.5544e+01 -1.6125e+02
-1.0131e+02 -9.9314e+01 -8.3373e+01 -7.3934e+01
-1.0127e+02 -9.8929e+01 -8.0459e+01 -7.4337e+01
# New trial
-1.0139e+02 -1.0027e+02 -1.0231e+02 -2.4400e+02
-1.0130e+02 -9.9295e+01 -9.1603e+01 -1.7570e+02
-1.0109e+02 -9.7186e+01 -7.4874e+01 -7.3842e+01
-1.0106e+02 -9.6894e+01 -7.4725e+01 -7.3842e+01
# New trial
-1.0145e+02 -1.0070e+02 -9.7780e+01 -1.6010e+02
-1.0140e+02 -1.0021e+02 -9.2382e+01 -1.2570e+02
-1.0128e+02 -9.8996e+01 -8.0953e+01 -7.4372e+01
-1.0119e+02 -9.8098e+01 -7.7589e+01 -7.5095e+01
# New trial
-1.0143e+02 -1.0062e+02 -1.0251e+02 -2.3799e+02
-1.0138e+02 -1.0012e+02 -9.7731e+01 -2.0839e+02
-1.0125e+02 -9.8745e+01 -8.0675e+01 -7.3849e+01
-1.0121e+02 -9.8367e+01 -7.8544e+01 -7.3842e+01
# New trial
-1.0147e+02 -1.0103e+02 -1.0962e+02 -3.1328e+02
-1.0141e+02 -1.0030e+02 -9.3286e+01 -1.3657e+02
-1.0127e+02 -9.8965e+01 -7.9218e+01 -7.3842e+01
-1.0115e+02 -9.7680e+01 -7.5642e+01 -7.3842e+01
# New trial
-1.0148e+02 -1.0107e+02 -1.0780e+02 -3.0753e+02
-1.0142e+02 -1.0047e+02 -9.5503e+01 -1.4165e+02
-1.0134e+02 -9.9587e+01 -8.4947e+01 -7.4145e+01
-1.0131e+02 -9.9303e+01 -8.2165e+01 -7.5209e+01
# New trial
-1.0145e+02 -1.0091e+02 -1.2061e+02 -4.6132e+02
-1.0139e+02 -1.0021e+02 -9.9936e+01 -2.2636e+02
-1.0124e+02 -9.8682e+01 -8.0072e+01 -7.4245e+01
-1.0118e+02 -9.8005e+01 -7.6931e+01 -7.3842e+01
# New trial
-1.0147e+02 -1.0094e+02 -1.0096e+02 -2.2208e+02
-1.0144e+02 -1.0063e+02 -9.6215e+01 -1.4232e+02
-1.0135e+02 -9.9762e+01 -8.5924e+01 -7.3855e+01
-1.0130e+02 -9.9186e+01 -8.1159e+01 -7.3842e+01
# New trial
-1.0144e+02 -1.0084e+02 -1.1869e+02 -4.3765e+02
-1.0138e+02 -1.0024e+02 -1.0292e+02 -2.3514e+02
-1.0121e+02 -9.8361e+01 -7.9033e+01 -7.3842e+01
-1.0116e+02 -9.7899e+01 -7.7147e+01 -7.3842e+01
# New trial
-1.0143e+02 -1.0059e+02 -9.7470e+01 -1.6793e+02
-1.0138e+02 -1.0003e+02 -9.2099e+01 -1.4033e+02
-1.0121e+02 -9.8325e+01 -7.8786e+01 -7.3848e+01
-1.0112e+02 -9.7462e+01 -7.6276e+01 -7.7636e+01
# New trial
-1.0146e+02 -1.0086e+02 -1.0029e+02 -1.8808e+02
-1.0142e+02 -1.0046e+02 -9.6379e+01 -1.4643e+02
-1.0131e+02 -9.9366e+01 -8.4406e+01 -8.3545e+01
-1.0127e+02 -9.8953e+01 -8.1618e+01 -7.7898e+01
# New trial
-1.0144e+02 -1.0070e+02 -1.0741e+02 -3.2866e+02
-1.0140e+02 -1.0026e+02 -9.8540e+01 -2.0321e+02
-1.0129e+02 -9.9089e+01 -8.1837e+01 -7.5100e+01
-1.0122e+02 -9.8424e+01 -7.8256e+01 -7.3842e+01
# New trial
-1.0148e+02 -1.0106e+02 -1.0192e+02 -2.7661e+02
-1.0146e+02 -1.0080e+02 -9.6441e+01 -1.5949e+02
-1.0139e+02 -1.0008e+02 -8.8178e+01 -7.6483e+01
-1.0131e+02 -9.9318e+01 -8.2810e+01 -8.5443e+01
# New trial
-1.0144e+02 -1.0076e+02 -1.0778e+02 -3.1553e+02
-1.0138e+02 -1.0007e+02 -9.2728e+01 -1.3217e+02
-1.0131e+02 -9.9300e+01 -8.4005e+01 -7.4415e+01
-1.0136e+02 -9.9794e+01 -8.6915e+01 -1.2323e+02
# New trial
-1.0147e+02 -1.0095e+02 -1.0369e+02 -2.8409e+02
-1.0144e+02 -1.0057e+02 -9.3692e+01 -8.8126e+01
-1.0136e+02 -9.9795e+01 -8.5409e+01 -7.3842e+01
-1.0131e+02 -9.9289e+01 -8.1730e+01 -7.3842e+01
# New trial
-1.0146e+02 -1.0090e+02 -1.0833e+02 -2.9400e+02
-1.0138e+02 -1.0010e+02 -9.3305e+01 -1.4991e+02
-1.0126e+02 -9.8876e+01 -8.1268e+01 -7.3978e+01
-1.0125e+02 -9.8747e+01 -8.0234e+01 -9.1109e+01
# New trial
-1.0146e+02 -1.0090e+02 -1.0452e+02 -2.1542e+02
-1.0137e+02 -1.0004e+02 -9.3563e+01 -1.1912e+02
-1.0121e+02 -9.8375e+01 -7.8534e+01 -7.3854e+01
-1.0114e+02 -9.7613e+01 -7.6000e+01 -7.3842e+01
# New trial
-1.0148e+02 -1.0133e+02 -1.2491e+02 -4.7142e+02
-1.0141e+02 -1.0041e+02 -1.0022e+02 -1.9054e+02
-1.0124e+02 -9.8697e+01 -8.0364e+01 -7.3842e+01
-1.0117e+02 -9.7976e+01 -7.7233e+01 -7.3845e+01
# New trial
-1.0147e+02 -1.0091e+02 -9.6557e+01 -1.2783e+02
-1.0142e+02 -1.0046e+02 -9.2036e+01 -7.7787e+01
-1.0134e+02 -9.9589e+01 -8.4661e+01 -7.4219e+01
-1.0135e+02 -9.9727e+01 -8.5269e+01 -7.6167e+01
# New trial
-1.0144e+02 -1.0069e+02 -1.0172e+02 -2.9374e+02
-1.0141e+02 -1.0037e+02 -9.4408e+01 -1.5589e+02
-1.0133e+02 -9.9492e+01 -8.4468e+01 -7.4143e+01
-1.0127e+02 -9.8940e+01 -8.0295e+01 -7.3946e+01
# New trial
-1.0143e+02 -1.0070e+02 -1.0837e+02 -3.2369e+02
-1.0137e+02 -9.9977e+01 -9.4340e+01 -1.6203e+02
-1.0123e+02 -9.8592e+01 -8.0138e+01 -7.4037e+01
-1.0123e+02 -9.8504e+01 -8.1264e+01 -1.0923e+02
# New trial
-1.0147e+02 -1.0094e+02 -1.0037e+02 -1.9080e+02
-1.0142e+02 -1.0039e+02 -9.2965e+01 -1.1894e+02
-1.0130e+02 -9.9269e+01 -8.4100e+01 -7.5472e+01
-1.0128e+02 -9.9039e+01 -8.2636e+01 -1.1368e+02
# New trial
-1.0142e+02 -1.0049e+02 -9.7333e+01 -2.1188e+02
-1.0140e+02 -1.0021e+02 -9.2019e+01 -1.1779e+02
-1.0132e+02 -9.9453e+01 -8.2907e+01 -7.3842e+01
-1.0129e+02 -9.9122e+01 -8.0643e+01 -7.3842e+01
# New trial
