# 10.0sig - Array shape (trial/sig/alpha): (30, 4, 4)
-1.7532e+02 -1.7484e+02 -1.7612e+02 -5.4446e+02
-1.7529e+02 -1.7460e+02 -1.7179e+02 -4.3412e+02
-1.7520e+02 -1.7362e+02 -1.5900e+02 -1.4859e+02
-1.7503e+02 -1.7193e+02 -1.4148e+02 -7.1421e+01
# New trial
-1.7547e+02 -1.7701e+02 -2.5181e+02 -1.5718e+03
-1.7532e+02 -1.7531e+02 -2.1337e+02 -1.0052e+03
-1.7498e+02 -1.7156e+02 -1.5134e+02 -4.0917e+02
-1.7458e+02 -1.6747e+02 -1.0270e+02 -6.0250e+01
# New trial
-1.7536e+02 -1.7533e+02 -1.9115e+02 -7.9826e+02
-1.7528e+02 -1.7455e+02 -1.7913e+02 -6.4463e+02
-1.7502e+02 -1.7181e+02 -1.4341e+02 -2.2870e+02
-1.7466e+02 -1.6824e+02 -1.0900e+02 -6.8625e+01
# New trial
-1.7525e+02 -1.7421e+02 -1.6958e+02 -4.2931e+02
-1.7520e+02 -1.7371e+02 -1.6616e+02 -4.3516e+02
-1.7498e+02 -1.7147e+02 -1.3988e+02 -1.5578e+02
-1.7465e+02 -1.6814e+02 -1.0848e+02 -6.8151e+01
# New trial
-1.7544e+02 -1.7627e+02 -2.1581e+02 -1.1846e+03
-1.7533e+02 -1.7507e+02 -1.8351e+02 -6.8490e+02
-1.7514e+02 -1.7307e+02 -1.5609e+02 -2.3482e+02
-1.7492e+02 -1.7081e+02 -1.3118e+02 -7.2329e+01
# New trial
-1.7527e+02 -1.7438e+02 -1.7432e+02 -4.3298e+02
-1.7518e+02 -1.7352e+02 -1.6398e+02 -3.5288e+02
-1.7493e+02 -1.7099e+02 -1.3735e+02 -2.7564e+02
-1.7457e+02 -1.6739e+02 -1.0342e+02 -1.1082e+02
# New trial
-1.7528e+02 -1.7444e+02 -1.6931e+02 -5.4777e+02
-1.7526e+02 -1.7423e+02 -1.6589e+02 -2.9321e+02
-1.7517e+02 -1.7330e+02 -1.5558e+02 -1.4168e+02
-1.7501e+02 -1.7174e+02 -1.3980e+02 -8.9757e+01
# New trial
-1.7530e+02 -1.7474e+02 -1.8946e+02 -7.9190e+02
-1.7524e+02 -1.7414e+02 -1.8076e+02 -7.0419e+02
-1.7504e+02 -1.7214e+02 -1.5017e+02 -3.1944e+02
-1.7477e+02 -1.6931e+02 -1.1755e+02 -6.2732e+01
# New trial
-1.7547e+02 -1.7705e+02 -2.7140e+02 -1.7903e+03
-1.7530e+02 -1.7490e+02 -2.0061e+02 -8.4639e+02
-1.7492e+02 -1.7092e+02 -1.3876e+02 -4.1583e+02
-1.7452e+02 -1.6688e+02 -1.0037e+02 -1.2988e+02
# New trial
-1.7530e+02 -1.7463e+02 -1.7092e+02 -4.2237e+02
-1.7525e+02 -1.7417e+02 -1.6432e+02 -2.2390e+02
-1.7515e+02 -1.7315e+02 -1.5373e+02 -1.3519e+02
-1.7503e+02 -1.7197e+02 -1.4207e+02 -7.6869e+01
# New trial
-1.7548e+02 -1.7689e+02 -2.5105e+02 -1.8045e+03
-1.7522e+02 -1.7398e+02 -1.9430e+02 -1.1996e+03
-1.7484e+02 -1.7010e+02 -1.3622e+02 -3.2785e+02
-1.7437e+02 -1.6538e+02 -8.9903e+01 -8.0312e+01
# New trial
-1.7558e+02 -1.7796e+02 -2.5701e+02 -1.4785e+03
-1.7535e+02 -1.7522e+02 -1.8393e+02 -5.6062e+02
-1.7517e+02 -1.7340e+02 -1.5927e+02 -2.4108e+02
-1.7499e+02 -1.7156e+02 -1.3833e+02 -9.6812e+01
# New trial
-1.7537e+02 -1.7559e+02 -2.1523e+02 -1.2134e+03
-1.7528e+02 -1.7464e+02 -1.8969e+02 -7.8008e+02
-1.7502e+02 -1.7189e+02 -1.4957e+02 -2.7922e+02
-1.7464e+02 -1.6807e+02 -1.0784e+02 -7.5896e+01
# New trial
-1.7538e+02 -1.7554e+02 -1.9521e+02 -7.6844e+02
-1.7528e+02 -1.7456e+02 -1.7684e+02 -4.7473e+02
-1.7502e+02 -1.7184e+02 -1.4393e+02 -2.4876e+02
-1.7472e+02 -1.6884e+02 -1.1317e+02 -6.1279e+01
# New trial
-1.7539e+02 -1.7575e+02 -2.0603e+02 -9.9708e+02
-1.7528e+02 -1.7455e+02 -1.8460e+02 -6.4556e+02
-1.7497e+02 -1.7142e+02 -1.4019e+02 -1.3529e+02
-1.7463e+02 -1.6796e+02 -1.0535e+02 -5.9997e+01
# New trial
-1.7540e+02 -1.7632e+02 -2.6509e+02 -1.7179e+03
-1.7525e+02 -1.7445e+02 -1.9545e+02 -8.3976e+02
-1.7487e+02 -1.7047e+02 -1.4096e+02 -4.2641e+02
-1.7437e+02 -1.6537e+02 -8.7203e+01 -6.6458e+01
# New trial
-1.7532e+02 -1.7527e+02 -2.4384e+02 -1.6066e+03
-1.7518e+02 -1.7362e+02 -1.8240e+02 -8.0661e+02
-1.7489e+02 -1.7059e+02 -1.4032e+02 -3.7336e+02
-1.7454e+02 -1.6707e+02 -1.0007e+02 -6.5450e+01
# New trial
-1.7534e+02 -1.7512e+02 -1.9099e+02 -8.7123e+02
-1.7521e+02 -1.7383e+02 -1.7008e+02 -5.9509e+02
-1.7494e+02 -1.7105e+02 -1.3786e+02 -1.9060e+02
-1.7462e+02 -1.6784e+02 -1.0518e+02 -6.2614e+01
# New trial
-1.7534e+02 -1.7508e+02 -1.8156e+02 -6.4726e+02
-1.7527e+02 -1.7435e+02 -1.6699e+02 -2.1653e+02
-1.7516e+02 -1.7324e+02 -1.5467e+02 -8.7727e+01
-1.7500e+02 -1.7161e+02 -1.3842e+02 -6.4700e+01
# New trial
-1.7550e+02 -1.7711e+02 -2.4888e+02 -1.4734e+03
-1.7534e+02 -1.7518e+02 -1.9017e+02 -8.3748e+02
-1.7503e+02 -1.7195e+02 -1.4398e+02 -1.5889e+02
-1.7466e+02 -1.6825e+02 -1.0949e+02 -6.0488e+01
# New trial
-1.7540e+02 -1.7573e+02 -1.9414e+02 -7.6120e+02
-1.7529e+02 -1.7451e+02 -1.6960e+02 -2.6523e+02
-1.7508e+02 -1.7240e+02 -1.4739e+02 -1.8401e+02
-1.7479e+02 -1.6951e+02 -1.2147e+02 -1.5791e+02
# New trial
-1.7527e+02 -1.7435e+02 -1.7119e+02 -4.9700e+02
-1.7521e+02 -1.7380e+02 -1.6684e+02 -4.9028e+02
-1.7498e+02 -1.7149e+02 -1.4122e+02 -2.8526e+02
-1.7464e+02 -1.6808e+02 -1.1210e+02 -2.3201e+02
# New trial
-1.7534e+02 -1.7517e+02 -1.8589e+02 -5.9956e+02
-1.7527e+02 -1.7439e+02 -1.7503e+02 -5.4433e+02
-1.7503e+02 -1.7195e+02 -1.4382e+02 -1.1756e+02
-1.7471e+02 -1.6879e+02 -1.1266e+02 -6.0029e+01
# New trial
-1.7533e+02 -1.7521e+02 -2.0217e+02 -8.5398e+02
-1.7523e+02 -1.7426e+02 -1.9245e+02 -8.1101e+02
-1.7493e+02 -1.7098e+02 -1.3953e+02 -2.0562e+02
-1.7443e+02 -1.6598e+02 -9.0364e+01 -5.9997e+01
# New trial
-1.7542e+02 -1.7623e+02 -2.2598e+02 -1.1367e+03
-1.7525e+02 -1.7438e+02 -1.8956e+02 -7.3158e+02
-1.7489e+02 -1.7057e+02 -1.3502e+02 -1.8943e+02
-1.7444e+02 -1.6609e+02 -9.1935e+01 -6.0430e+01
# New trial
-1.7543e+02 -1.7689e+02 -2.7204e+02 -1.7263e+03
-1.7519e+02 -1.7396e+02 -2.0639e+02 -1.2195e+03
-1.7471e+02 -1.6880e+02 -1.1832e+02 -8.3909e+01
-1.7411e+02 -1.6277e+02 -7.6326e+01 -6.0048e+01
# New trial
-1.7567e+02 -1.7926e+02 -2.8888e+02 -1.8215e+03
-1.7542e+02 -1.7612e+02 -2.0907e+02 -9.6500e+02
-1.7505e+02 -1.7217e+02 -1.5291e+02 -3.7602e+02
-1.7464e+02 -1.6809e+02 -1.1331e+02 -1.7310e+02
# New trial
-1.7526e+02 -1.7428e+02 -1.6738e+02 -3.3438e+02
-1.7522e+02 -1.7386e+02 -1.6407e+02 -3.6015e+02
-1.7505e+02 -1.7217e+02 -1.4579e+02 -2.1567e+02
-1.7479e+02 -1.6957e+02 -1.1995e+02 -6.9007e+01
# New trial
-1.7536e+02 -1.7560e+02 -2.3366e+02 -1.4094e+03
-1.7528e+02 -1.7469e+02 -1.9204e+02 -7.9277e+02
-1.7496e+02 -1.7137e+02 -1.4358e+02 -2.3499e+02
-1.7457e+02 -1.6741e+02 -1.0573e+02 -1.4174e+02
# New trial
-1.7532e+02 -1.7495e+02 -1.8702e+02 -8.2044e+02
-1.7525e+02 -1.7419e+02 -1.6824e+02 -3.7723e+02
-1.7506e+02 -1.7220e+02 -1.4522e+02 -1.2102e+02
-1.7475e+02 -1.6914e+02 -1.1811e+02 -6.3846e+01
# New trial
