# 1.0sig - Array shape (trial/sig/alpha): (30, 4, 4)
-1.1973e+02 -1.1768e+02 -1.3165e+02 -6.7747e+02
-1.1962e+02 -1.1644e+02 -1.0566e+02 -3.5568e+02
-1.1932e+02 -1.1333e+02 -6.9336e+01 -1.8178e+02
-1.1909e+02 -1.1101e+02 -5.6012e+01 -9.1385e+01
# New trial
-1.1974e+02 -1.1772e+02 -1.1987e+02 -4.2905e+02
-1.1965e+02 -1.1676e+02 -1.0167e+02 -1.9525e+02
-1.1944e+02 -1.1465e+02 -7.8314e+01 -1.1968e+02
-1.1944e+02 -1.1450e+02 -8.1003e+01 -2.6111e+02
# New trial
-1.1971e+02 -1.1734e+02 -1.1430e+02 -4.8024e+02
-1.1963e+02 -1.1655e+02 -9.8064e+01 -1.7408e+02
-1.1946e+02 -1.1472e+02 -7.5124e+01 -1.1467e+02
-1.1934e+02 -1.1344e+02 -6.5842e+01 -9.4569e+01
# New trial
-1.1980e+02 -1.1822e+02 -1.2495e+02 -6.7958e+02
-1.1971e+02 -1.1736e+02 -1.1074e+02 -3.6795e+02
-1.1951e+02 -1.1528e+02 -8.1977e+01 -1.1974e+02
-1.1947e+02 -1.1481e+02 -7.9438e+01 -2.3114e+02
# New trial
-1.1966e+02 -1.1733e+02 -1.5845e+02 -9.6565e+02
-1.1952e+02 -1.1557e+02 -1.1139e+02 -5.0809e+02
-1.1932e+02 -1.1338e+02 -6.9040e+01 -1.8158e+02
-1.1932e+02 -1.1336e+02 -6.7578e+01 -1.1263e+02
# New trial
-1.1976e+02 -1.1788e+02 -1.2487e+02 -6.5533e+02
-1.1969e+02 -1.1709e+02 -1.0543e+02 -3.3501e+02
-1.1950e+02 -1.1510e+02 -7.9399e+01 -1.2147e+02
-1.1940e+02 -1.1411e+02 -6.9579e+01 -8.8757e+01
# New trial
-1.1988e+02 -1.1907e+02 -1.3166e+02 -6.2975e+02
-1.1981e+02 -1.1819e+02 -1.0811e+02 -2.9826e+02
-1.1972e+02 -1.1731e+02 -9.4772e+01 -8.2991e+01
-1.1976e+02 -1.1769e+02 -9.7549e+01 -5.7039e+01
# New trial
-1.1970e+02 -1.1739e+02 -1.3667e+02 -8.2506e+02
-1.1956e+02 -1.1589e+02 -9.7238e+01 -2.6383e+02
-1.1934e+02 -1.1358e+02 -6.7541e+01 -1.1221e+02
-1.1939e+02 -1.1402e+02 -6.9683e+01 -7.0485e+01
# New trial
-1.1970e+02 -1.1812e+02 -1.5599e+02 -9.3472e+02
-1.1938e+02 -1.1455e+02 -1.1650e+02 -5.9725e+02
-1.1886e+02 -1.0890e+02 -6.0450e+01 -2.8204e+02
-1.1895e+02 -1.0968e+02 -5.5830e+01 -6.3758e+01
# New trial
-1.1977e+02 -1.1811e+02 -1.3009e+02 -6.5061e+02
-1.1963e+02 -1.1661e+02 -1.1312e+02 -4.9410e+02
-1.1930e+02 -1.1313e+02 -6.5158e+01 -1.3381e+02
-1.1918e+02 -1.1185e+02 -5.9735e+01 -6.4934e+01
# New trial
-1.1968e+02 -1.1747e+02 -1.3883e+02 -8.0051e+02
-1.1956e+02 -1.1611e+02 -1.1846e+02 -5.5889e+02
-1.1925e+02 -1.1273e+02 -6.8863e+01 -1.5599e+02
-1.1923e+02 -1.1240e+02 -6.3611e+01 -9.6535e+01
# New trial
-1.1970e+02 -1.1766e+02 -1.5635e+02 -9.3228e+02
-1.1959e+02 -1.1614e+02 -1.0505e+02 -3.6941e+02
-1.1931e+02 -1.1320e+02 -6.6183e+01 -1.7040e+02
-1.1909e+02 -1.1100e+02 -6.8975e+01 -3.4557e+02
# New trial
-1.1973e+02 -1.1776e+02 -1.4305e+02 -9.0168e+02
-1.1961e+02 -1.1638e+02 -1.0293e+02 -2.9497e+02
-1.1949e+02 -1.1502e+02 -7.8808e+01 -1.1044e+02
-1.1951e+02 -1.1523e+02 -7.7904e+01 -8.7161e+01
# New trial
-1.1975e+02 -1.1887e+02 -2.1931e+02 -1.6166e+03
-1.1956e+02 -1.1628e+02 -1.3243e+02 -6.8046e+02
-1.1923e+02 -1.1255e+02 -6.9192e+01 -1.8460e+02
-1.1925e+02 -1.1267e+02 -7.2406e+01 -2.0960e+02
# New trial
-1.1980e+02 -1.1839e+02 -1.4263e+02 -9.7161e+02
-1.1971e+02 -1.1741e+02 -1.1316e+02 -3.8647e+02
-1.1953e+02 -1.1540e+02 -8.0884e+01 -9.7419e+01
-1.1945e+02 -1.1459e+02 -7.2108e+01 -5.0211e+01
# New trial
-1.1956e+02 -1.1693e+02 -1.9175e+02 -1.4060e+03
-1.1941e+02 -1.1501e+02 -1.2310e+02 -6.2102e+02
-1.1910e+02 -1.1144e+02 -6.4953e+01 -1.5894e+02
-1.1923e+02 -1.1238e+02 -6.9147e+01 -1.7103e+02
# New trial
-1.1967e+02 -1.1718e+02 -1.2226e+02 -4.9723e+02
-1.1951e+02 -1.1554e+02 -1.0169e+02 -3.1651e+02
-1.1911e+02 -1.1139e+02 -6.4123e+01 -2.1120e+02
-1.1915e+02 -1.1162e+02 -5.9765e+01 -9.5349e+01
# New trial
-1.1968e+02 -1.1724e+02 -1.1933e+02 -5.1896e+02
-1.1960e+02 -1.1635e+02 -1.0784e+02 -3.6708e+02
-1.1939e+02 -1.1403e+02 -7.2709e+01 -1.2865e+02
-1.1942e+02 -1.1425e+02 -7.3335e+01 -1.3965e+02
# New trial
-1.1969e+02 -1.1747e+02 -1.5415e+02 -1.0178e+03
-1.1963e+02 -1.1673e+02 -1.2243e+02 -5.8979e+02
-1.1935e+02 -1.1368e+02 -6.9345e+01 -1.3539e+02
-1.1921e+02 -1.1218e+02 -6.0493e+01 -6.1924e+01
# New trial
-1.1987e+02 -1.1912e+02 -1.4895e+02 -8.8670e+02
-1.1979e+02 -1.1814e+02 -1.2007e+02 -4.9873e+02
-1.1958e+02 -1.1589e+02 -8.4750e+01 -1.5374e+02
-1.1945e+02 -1.1458e+02 -7.2127e+01 -9.3675e+01
# New trial
-1.1961e+02 -1.1687e+02 -1.5377e+02 -9.7783e+02
-1.1946e+02 -1.1505e+02 -9.5351e+01 -2.7788e+02
-1.1939e+02 -1.1420e+02 -7.4044e+01 -1.0532e+02
-1.1966e+02 -1.1671e+02 -8.9941e+01 -1.2505e+02
# New trial
-1.1973e+02 -1.1753e+02 -1.2606e+02 -7.1840e+02
-1.1967e+02 -1.1689e+02 -9.8699e+01 -1.7697e+02
-1.1950e+02 -1.1508e+02 -7.5686e+01 -1.0085e+02
-1.1944e+02 -1.1449e+02 -7.0767e+01 -6.0910e+01
# New trial
-1.1971e+02 -1.1805e+02 -1.6529e+02 -9.9339e+02
-1.1949e+02 -1.1545e+02 -1.0597e+02 -4.2916e+02
-1.1927e+02 -1.1293e+02 -6.7868e+01 -1.3152e+02
-1.1939e+02 -1.1405e+02 -7.2109e+01 -7.8126e+01
# New trial
-1.1965e+02 -1.1738e+02 -1.4433e+02 -7.6316e+02
-1.1948e+02 -1.1543e+02 -1.1119e+02 -4.7215e+02
-1.1910e+02 -1.1136e+02 -6.2274e+01 -1.8437e+02
-1.1892e+02 -1.0938e+02 -5.4082e+01 -8.9508e+01
# New trial
-1.1986e+02 -1.1969e+02 -1.9383e+02 -1.3567e+03
-1.1968e+02 -1.1734e+02 -1.2863e+02 -5.5032e+02
-1.1922e+02 -1.1246e+02 -6.5923e+01 -1.7331e+02
-1.1922e+02 -1.1232e+02 -7.6970e+01 -3.0832e+02
# New trial
-1.1977e+02 -1.1782e+02 -1.0930e+02 -2.9235e+02
-1.1964e+02 -1.1651e+02 -9.3749e+01 -1.5160e+02
-1.1943e+02 -1.1440e+02 -7.2918e+01 -1.1701e+02
-1.1950e+02 -1.1512e+02 -7.6281e+01 -7.5879e+01
# New trial
-1.1970e+02 -1.1738e+02 -1.3240e+02 -7.5915e+02
-1.1966e+02 -1.1688e+02 -1.0807e+02 -3.2897e+02
-1.1949e+02 -1.1506e+02 -8.1331e+01 -1.1713e+02
-1.1947e+02 -1.1481e+02 -7.9639e+01 -1.6470e+02
# New trial
-1.1973e+02 -1.1868e+02 -1.7500e+02 -1.1680e+03
-1.1960e+02 -1.1672e+02 -1.2428e+02 -5.9600e+02
-1.1923e+02 -1.1256e+02 -6.7797e+01 -2.0757e+02
-1.1917e+02 -1.1190e+02 -7.9305e+01 -4.1318e+02
# New trial
-1.1976e+02 -1.1801e+02 -1.3288e+02 -6.5388e+02
-1.1959e+02 -1.1622e+02 -1.0062e+02 -3.0275e+02
-1.1935e+02 -1.1372e+02 -7.1453e+01 -1.1504e+02
-1.1944e+02 -1.1444e+02 -7.2949e+01 -6.9405e+01
# New trial
-1.1971e+02 -1.1758e+02 -1.3597e+02 -7.1704e+02
-1.1966e+02 -1.1687e+02 -1.0904e+02 -3.8647e+02
-1.1946e+02 -1.1474e+02 -7.5783e+01 -1.2770e+02
-1.1934e+02 -1.1348e+02 -6.6164e+01 -5.1726e+01
# New trial
