# 1.0sig - Array shape (trial/sig/alpha): (30, 4, 4)
-1.5691e+02 -1.5689e+02 -1.5692e+02 -1.7254e+02
-1.5691e+02 -1.5683e+02 -1.5623e+02 -1.6384e+02
-1.5689e+02 -1.5665e+02 -1.5444e+02 -1.5230e+02
-1.5685e+02 -1.5632e+02 -1.5262e+02 -1.5230e+02
# New trial
-1.5690e+02 -1.5681e+02 -1.5605e+02 -1.5550e+02
-1.5690e+02 -1.5677e+02 -1.5567e+02 -1.5422e+02
-1.5689e+02 -1.5665e+02 -1.5456e+02 -1.5231e+02
-1.5689e+02 -1.5666e+02 -1.5445e+02 -1.5230e+02
# New trial
-1.5691e+02 -1.5689e+02 -1.5679e+02 -1.7010e+02
-1.5691e+02 -1.5685e+02 -1.5635e+02 -1.5756e+02
-1.5690e+02 -1.5680e+02 -1.5583e+02 -1.5470e+02
-1.5691e+02 -1.5685e+02 -1.5625e+02 -1.5254e+02
# New trial
-1.5691e+02 -1.5685e+02 -1.5678e+02 -1.7988e+02
-1.5690e+02 -1.5681e+02 -1.5609e+02 -1.6084e+02
-1.5689e+02 -1.5668e+02 -1.5482e+02 -1.5243e+02
-1.5688e+02 -1.5654e+02 -1.5350e+02 -1.5230e+02
# New trial
-1.5690e+02 -1.5680e+02 -1.5636e+02 -1.7331e+02
-1.5690e+02 -1.5674e+02 -1.5541e+02 -1.5311e+02
-1.5688e+02 -1.5659e+02 -1.5406e+02 -1.5230e+02
-1.5686e+02 -1.5637e+02 -1.5278e+02 -1.5230e+02
# New trial
-1.5690e+02 -1.5679e+02 -1.5600e+02 -1.7096e+02
-1.5690e+02 -1.5677e+02 -1.5555e+02 -1.5272e+02
-1.5689e+02 -1.5670e+02 -1.5488e+02 -1.5231e+02
-1.5689e+02 -1.5668e+02 -1.5471e+02 -1.5230e+02
# New trial
-1.5691e+02 -1.5687e+02 -1.5660e+02 -1.6315e+02
-1.5691e+02 -1.5685e+02 -1.5625e+02 -1.5317e+02
-1.5690e+02 -1.5679e+02 -1.5568e+02 -1.5231e+02
-1.5689e+02 -1.5671e+02 -1.5490e+02 -1.5230e+02
# New trial
-1.5690e+02 -1.5679e+02 -1.5636e+02 -1.7045e+02
-1.5690e+02 -1.5674e+02 -1.5555e+02 -1.6105e+02
-1.5689e+02 -1.5663e+02 -1.5446e+02 -1.5231e+02
-1.5688e+02 -1.5662e+02 -1.5441e+02 -1.5847e+02
# New trial
-1.5691e+02 -1.5683e+02 -1.5678e+02 -1.7342e+02
-1.5689e+02 -1.5673e+02 -1.5559e+02 -1.6186e+02
-1.5686e+02 -1.5642e+02 -1.5330e+02 -1.5307e+02
-1.5683e+02 -1.5613e+02 -1.5240e+02 -1.5230e+02
# New trial
-1.5690e+02 -1.5677e+02 -1.5562e+02 -1.6103e+02
-1.5689e+02 -1.5672e+02 -1.5511e+02 -1.5336e+02
-1.5688e+02 -1.5661e+02 -1.5407e+02 -1.5230e+02
-1.5688e+02 -1.5654e+02 -1.5350e+02 -1.5230e+02
# New trial
-1.5690e+02 -1.5682e+02 -1.5636e+02 -1.6556e+02
-1.5690e+02 -1.5676e+02 -1.5573e+02 -1.6259e+02
-1.5688e+02 -1.5655e+02 -1.5362e+02 -1.5230e+02
-1.5686e+02 -1.5634e+02 -1.5256e+02 -1.5230e+02
# New trial
-1.5691e+02 -1.5689e+02 -1.5735e+02 -1.7899e+02
-1.5690e+02 -1.5681e+02 -1.5608e+02 -1.6122e+02
-1.5689e+02 -1.5664e+02 -1.5437e+02 -1.5241e+02
-1.5686e+02 -1.5635e+02 -1.5260e+02 -1.5230e+02
# New trial
-1.5691e+02 -1.5687e+02 -1.5695e+02 -1.7795e+02
-1.5690e+02 -1.5680e+02 -1.5598e+02 -1.6029e+02
-1.5689e+02 -1.5667e+02 -1.5469e+02 -1.5230e+02
-1.5688e+02 -1.5653e+02 -1.5357e+02 -1.5230e+02
# New trial
-1.5691e+02 -1.5684e+02 -1.5855e+02 -1.9638e+02
-1.5690e+02 -1.5673e+02 -1.5596e+02 -1.6766e+02
-1.5687e+02 -1.5650e+02 -1.5332e+02 -1.5230e+02
-1.5685e+02 -1.5624e+02 -1.5241e+02 -1.5230e+02
# New trial
-1.5690e+02 -1.5680e+02 -1.5617e+02 -1.7200e+02
-1.5690e+02 -1.5677e+02 -1.5565e+02 -1.5324e+02
-1.5689e+02 -1.5668e+02 -1.5472e+02 -1.5230e+02
-1.5689e+02 -1.5666e+02 -1.5447e+02 -1.5230e+02
# New trial
-1.5690e+02 -1.5681e+02 -1.5817e+02 -1.9398e+02
-1.5689e+02 -1.5672e+02 -1.5623e+02 -1.6502e+02
-1.5687e+02 -1.5645e+02 -1.5336e+02 -1.5230e+02
-1.5684e+02 -1.5623e+02 -1.5240e+02 -1.5230e+02
# New trial
-1.5690e+02 -1.5681e+02 -1.5622e+02 -1.6511e+02
-1.5690e+02 -1.5674e+02 -1.5550e+02 -1.5819e+02
-1.5687e+02 -1.5651e+02 -1.5346e+02 -1.5230e+02
-1.5685e+02 -1.5626e+02 -1.5245e+02 -1.5230e+02
# New trial
-1.5690e+02 -1.5679e+02 -1.5589e+02 -1.5555e+02
-1.5690e+02 -1.5675e+02 -1.5545e+02 -1.5256e+02
-1.5688e+02 -1.5662e+02 -1.5419e+02 -1.5230e+02
-1.5688e+02 -1.5656e+02 -1.5372e+02 -1.5230e+02
# New trial
-1.5691e+02 -1.5687e+02 -1.5740e+02 -1.8291e+02
-1.5690e+02 -1.5681e+02 -1.5642e+02 -1.6716e+02
-1.5689e+02 -1.5664e+02 -1.5438e+02 -1.5230e+02
-1.5686e+02 -1.5640e+02 -1.5292e+02 -1.5230e+02
# New trial
-1.5690e+02 -1.5682e+02 -1.5620e+02 -1.6771e+02
-1.5690e+02 -1.5680e+02 -1.5583e+02 -1.5589e+02
-1.5690e+02 -1.5674e+02 -1.5520e+02 -1.5230e+02
-1.5689e+02 -1.5667e+02 -1.5457e+02 -1.5230e+02
# New trial
-1.5690e+02 -1.5681e+02 -1.5658e+02 -1.7082e+02
-1.5690e+02 -1.5673e+02 -1.5542e+02 -1.5478e+02
-1.5688e+02 -1.5662e+02 -1.5437e+02 -1.5230e+02
-1.5689e+02 -1.5672e+02 -1.5517e+02 -1.5685e+02
# New trial
-1.5691e+02 -1.5683e+02 -1.5648e+02 -1.7283e+02
-1.5690e+02 -1.5679e+02 -1.5577e+02 -1.5274e+02
-1.5689e+02 -1.5671e+02 -1.5496e+02 -1.5232e+02
-1.5688e+02 -1.5655e+02 -1.5360e+02 -1.5230e+02
# New trial
-1.5690e+02 -1.5681e+02 -1.5652e+02 -1.7061e+02
-1.5689e+02 -1.5670e+02 -1.5519e+02 -1.5522e+02
-1.5688e+02 -1.5658e+02 -1.5434e+02 -1.5271e+02
-1.5689e+02 -1.5665e+02 -1.5463e+02 -1.5333e+02
# New trial
-1.5690e+02 -1.5676e+02 -1.5592e+02 -1.5914e+02
-1.5689e+02 -1.5667e+02 -1.5488e+02 -1.5445e+02
-1.5687e+02 -1.5647e+02 -1.5316e+02 -1.5230e+02
-1.5687e+02 -1.5643e+02 -1.5285e+02 -1.5230e+02
# New trial
-1.5690e+02 -1.5682e+02 -1.5818e+02 -1.9327e+02
-1.5689e+02 -1.5672e+02 -1.5553e+02 -1.5914e+02
-1.5687e+02 -1.5648e+02 -1.5326e+02 -1.5230e+02
-1.5685e+02 -1.5625e+02 -1.5241e+02 -1.5230e+02
# New trial
-1.5691e+02 -1.5687e+02 -1.5647e+02 -1.5683e+02
-1.5690e+02 -1.5681e+02 -1.5595e+02 -1.5326e+02
-1.5689e+02 -1.5668e+02 -1.5479e+02 -1.5242e+02
-1.5688e+02 -1.5659e+02 -1.5422e+02 -1.5296e+02
# New trial
-1.5691e+02 -1.5684e+02 -1.5669e+02 -1.7912e+02
-1.5690e+02 -1.5679e+02 -1.5597e+02 -1.6011e+02
-1.5689e+02 -1.5666e+02 -1.5461e+02 -1.5241e+02
-1.5687e+02 -1.5650e+02 -1.5352e+02 -1.5236e+02
# New trial
-1.5691e+02 -1.5685e+02 -1.5720e+02 -1.7760e+02
-1.5690e+02 -1.5677e+02 -1.5604e+02 -1.6948e+02
-1.5688e+02 -1.5657e+02 -1.5386e+02 -1.5230e+02
-1.5685e+02 -1.5632e+02 -1.5252e+02 -1.5230e+02
# New trial
-1.5690e+02 -1.5682e+02 -1.5615e+02 -1.6156e+02
-1.5690e+02 -1.5677e+02 -1.5564e+02 -1.5845e+02
-1.5688e+02 -1.5662e+02 -1.5439e+02 -1.5250e+02
-1.5687e+02 -1.5649e+02 -1.5353e+02 -1.5310e+02
# New trial
-1.5690e+02 -1.5681e+02 -1.5617e+02 -1.6449e+02
-1.5690e+02 -1.5677e+02 -1.5563e+02 -1.5500e+02
-1.5689e+02 -1.5664e+02 -1.5433e+02 -1.5230e+02
-1.5687e+02 -1.5646e+02 -1.5299e+02 -1.5230e+02
# New trial
