# 10.0sig - Array shape (trial/sig/alpha): (30, 4, 4)
-1.1993e+02 -1.1948e+02 -1.2729e+02 -5.4287e+02
-1.1991e+02 -1.1921e+02 -1.1966e+02 -4.6054e+02
-1.1983e+02 -1.1840e+02 -1.0589e+02 -1.5358e+02
-1.1972e+02 -1.1729e+02 -9.3698e+01 -5.2542e+01
# New trial
-1.2005e+02 -1.2147e+02 -1.9737e+02 -1.4020e+03
-1.1996e+02 -1.2035e+02 -1.6233e+02 -9.3606e+02
-1.1976e+02 -1.1784e+02 -1.0940e+02 -3.1533e+02
-1.1950e+02 -1.1508e+02 -7.4482e+01 -5.8322e+01
# New trial
-1.1997e+02 -1.1996e+02 -1.4611e+02 -7.9120e+02
-1.1992e+02 -1.1944e+02 -1.3085e+02 -5.7633e+02
-1.1969e+02 -1.1703e+02 -9.3816e+01 -1.0414e+02
-1.1942e+02 -1.1431e+02 -6.7989e+01 -4.8041e+01
# New trial
-1.1988e+02 -1.1893e+02 -1.2205e+02 -5.1929e+02
-1.1985e+02 -1.1870e+02 -1.1910e+02 -4.6345e+02
-1.1968e+02 -1.1688e+02 -9.2598e+01 -8.9163e+01
-1.1945e+02 -1.1455e+02 -7.0529e+01 -4.6747e+01
# New trial
-1.1993e+02 -1.1984e+02 -1.5700e+02 -8.8290e+02
-1.1990e+02 -1.1920e+02 -1.2801e+02 -5.0679e+02
-1.1981e+02 -1.1826e+02 -1.0878e+02 -2.5311e+02
-1.1967e+02 -1.1677e+02 -8.9927e+01 -7.9544e+01
# New trial
-1.1991e+02 -1.1946e+02 -1.3420e+02 -5.1652e+02
-1.1985e+02 -1.1872e+02 -1.1920e+02 -3.6617e+02
-1.1966e+02 -1.1670e+02 -9.3568e+01 -2.7407e+02
-1.1941e+02 -1.1419e+02 -6.8279e+01 -9.5066e+01
# New trial
-1.1993e+02 -1.1938e+02 -1.2143e+02 -5.3455e+02
-1.1991e+02 -1.1924e+02 -1.1769e+02 -4.3987e+02
-1.1986e+02 -1.1865e+02 -1.0848e+02 -2.2129e+02
-1.1976e+02 -1.1762e+02 -9.6818e+01 -6.4710e+01
# New trial
-1.1987e+02 -1.1904e+02 -1.3394e+02 -6.3024e+02
-1.1987e+02 -1.1891e+02 -1.2555e+02 -5.2693e+02
-1.1978e+02 -1.1791e+02 -1.0550e+02 -2.6054e+02
-1.1961e+02 -1.1619e+02 -8.3788e+01 -6.0249e+01
# New trial
-1.2009e+02 -1.2188e+02 -2.2813e+02 -1.7047e+03
-1.1996e+02 -1.2014e+02 -1.5888e+02 -8.8672e+02
-1.1967e+02 -1.1681e+02 -9.4790e+01 -2.0915e+02
-1.1940e+02 -1.1407e+02 -6.7920e+01 -5.4853e+01
# New trial
-1.1994e+02 -1.1953e+02 -1.1926e+02 -4.0229e+02
-1.1991e+02 -1.1921e+02 -1.1402e+02 -2.0655e+02
-1.1985e+02 -1.1854e+02 -1.0611e+02 -1.0175e+02
-1.1981e+02 -1.1817e+02 -1.0205e+02 -5.7559e+01
# New trial
-1.2023e+02 -1.2300e+02 -1.9729e+02 -1.3586e+03
-1.1994e+02 -1.1979e+02 -1.6538e+02 -1.2038e+03
-1.1960e+02 -1.1615e+02 -1.0672e+02 -4.7214e+02
-1.1929e+02 -1.1302e+02 -6.5254e+01 -1.6222e+02
# New trial
-1.2009e+02 -1.2152e+02 -1.9954e+02 -1.3564e+03
-1.1994e+02 -1.1962e+02 -1.2744e+02 -4.4270e+02
-1.1983e+02 -1.1841e+02 -1.0724e+02 -1.9006e+02
-1.1971e+02 -1.1720e+02 -9.3014e+01 -6.3426e+01
# New trial
-1.1992e+02 -1.1969e+02 -1.5978e+02 -1.0448e+03
-1.1991e+02 -1.1940e+02 -1.3805e+02 -6.7663e+02
-1.1977e+02 -1.1786e+02 -1.0655e+02 -3.0461e+02
-1.1953e+02 -1.1542e+02 -7.8294e+01 -1.1102e+02
# New trial
-1.1998e+02 -1.2004e+02 -1.4396e+02 -7.3728e+02
-1.1991e+02 -1.1933e+02 -1.2779e+02 -4.7133e+02
-1.1972e+02 -1.1730e+02 -9.7047e+01 -1.5620e+02
-1.1953e+02 -1.1534e+02 -7.6212e+01 -6.2814e+01
# New trial
-1.2005e+02 -1.2094e+02 -1.6895e+02 -9.4350e+02
-1.1996e+02 -1.1989e+02 -1.4449e+02 -7.0940e+02
-1.1974e+02 -1.1748e+02 -1.0051e+02 -1.8426e+02
-1.1947e+02 -1.1481e+02 -7.1510e+01 -5.7391e+01
# New trial
-1.1999e+02 -1.2083e+02 -2.1115e+02 -1.5448e+03
-1.1988e+02 -1.1933e+02 -1.4566e+02 -7.5628e+02
-1.1963e+02 -1.1661e+02 -1.0635e+02 -3.4306e+02
-1.1928e+02 -1.1293e+02 -6.0700e+01 -6.7198e+01
# New trial
-1.1993e+02 -1.2000e+02 -1.9938e+02 -1.4387e+03
-1.1981e+02 -1.1848e+02 -1.3060e+02 -5.5438e+02
-1.1961e+02 -1.1631e+02 -9.4145e+01 -2.3613e+02
-1.1939e+02 -1.1396e+02 -6.5850e+01 -4.6369e+01
# New trial
-1.2008e+02 -1.2109e+02 -1.5758e+02 -8.9911e+02
-1.1996e+02 -1.1979e+02 -1.3072e+02 -5.5975e+02
-1.1972e+02 -1.1731e+02 -9.9767e+01 -2.1766e+02
-1.1955e+02 -1.1554e+02 -7.9016e+01 -5.6705e+01
# New trial
-1.1999e+02 -1.2007e+02 -1.3421e+02 -5.8687e+02
-1.1993e+02 -1.1936e+02 -1.1747e+02 -2.6406e+02
-1.1983e+02 -1.1838e+02 -1.0478e+02 -7.4892e+01
-1.1972e+02 -1.1724e+02 -9.3055e+01 -4.6456e+01
# New trial
-1.2015e+02 -1.2221e+02 -2.0182e+02 -1.3709e+03
-1.2001e+02 -1.2038e+02 -1.4641e+02 -8.0615e+02
-1.1973e+02 -1.1740e+02 -1.0169e+02 -3.1029e+02
-1.1945e+02 -1.1458e+02 -7.2023e+01 -8.7473e+01
# New trial
-1.2000e+02 -1.2030e+02 -1.4995e+02 -8.7130e+02
-1.1991e+02 -1.1924e+02 -1.1869e+02 -3.6819e+02
-1.1975e+02 -1.1758e+02 -9.9131e+01 -2.6305e+02
-1.1955e+02 -1.1557e+02 -7.8860e+01 -1.0003e+02
# New trial
-1.1989e+02 -1.1906e+02 -1.2161e+02 -4.4910e+02
-1.1989e+02 -1.1901e+02 -1.2186e+02 -5.0286e+02
-1.1974e+02 -1.1754e+02 -1.0243e+02 -3.6827e+02
-1.1951e+02 -1.1517e+02 -7.7408e+01 -1.4184e+02
# New trial
-1.1995e+02 -1.1974e+02 -1.3590e+02 -5.7951e+02
-1.1989e+02 -1.1911e+02 -1.2556e+02 -4.4778e+02
-1.1975e+02 -1.1760e+02 -1.0107e+02 -1.8225e+02
-1.1955e+02 -1.1560e+02 -7.8953e+01 -9.4577e+01
# New trial
-1.1997e+02 -1.2017e+02 -1.5266e+02 -7.5935e+02
-1.1989e+02 -1.1943e+02 -1.4620e+02 -7.2548e+02
-1.1971e+02 -1.1730e+02 -1.0526e+02 -2.6512e+02
-1.1938e+02 -1.1389e+02 -6.5948e+01 -8.0369e+01
# New trial
-1.2001e+02 -1.2077e+02 -1.7527e+02 -1.1172e+03
-1.1992e+02 -1.1968e+02 -1.5025e+02 -8.5990e+02
-1.1966e+02 -1.1674e+02 -9.9706e+01 -3.4522e+02
-1.1936e+02 -1.1366e+02 -6.3767e+01 -6.1754e+01
# New trial
-1.2014e+02 -1.2293e+02 -2.3235e+02 -1.6335e+03
-1.1996e+02 -1.2033e+02 -1.6975e+02 -1.0807e+03
-1.1953e+02 -1.1551e+02 -9.7109e+01 -3.7980e+02
-1.1906e+02 -1.1069e+02 -5.1529e+01 -8.5674e+01
# New trial
-1.2033e+02 -1.2477e+02 -2.4784e+02 -1.7864e+03
-1.2006e+02 -1.2105e+02 -1.6067e+02 -8.7465e+02
-1.1968e+02 -1.1698e+02 -1.0323e+02 -4.7960e+02
-1.1939e+02 -1.1394e+02 -6.9934e+01 -1.2497e+02
# New trial
-1.1990e+02 -1.1910e+02 -1.1949e+02 -4.1779e+02
-1.1986e+02 -1.1869e+02 -1.1533e+02 -4.0354e+02
-1.1974e+02 -1.1746e+02 -9.8466e+01 -1.8160e+02
-1.1957e+02 -1.1579e+02 -8.0375e+01 -7.2635e+01
# New trial
-1.1997e+02 -1.2017e+02 -1.8113e+02 -1.2730e+03
-1.1992e+02 -1.1952e+02 -1.4061e+02 -6.7571e+02
-1.1971e+02 -1.1730e+02 -1.0042e+02 -9.5108e+01
-1.1945e+02 -1.1459e+02 -7.0917e+01 -6.2186e+01
# New trial
-1.1990e+02 -1.1920e+02 -1.3627e+02 -7.2130e+02
-1.1985e+02 -1.1866e+02 -1.2071e+02 -4.7165e+02
-1.1970e+02 -1.1708e+02 -9.6453e+01 -2.4118e+02
-1.1947e+02 -1.1478e+02 -7.3447e+01 -5.4869e+01
# New trial
