# 10.0sig - Array shape (trial/sig/alpha): (30, 4, 4)
-1.7994e+02 -1.7951e+02 -1.7829e+02 -4.4072e+02
-1.7993e+02 -1.7938e+02 -1.7599e+02 -4.1890e+02
-1.7987e+02 -1.7876e+02 -1.6854e+02 -2.0600e+02
-1.7975e+02 -1.7756e+02 -1.5613e+02 -1.1405e+02
# New trial
-1.7998e+02 -1.8021e+02 -2.2214e+02 -1.1123e+03
-1.7986e+02 -1.7889e+02 -1.9169e+02 -6.4567e+02
-1.7965e+02 -1.7664e+02 -1.5572e+02 -3.5998e+02
-1.7941e+02 -1.7421e+02 -1.2671e+02 -9.6946e+01
# New trial
-1.7997e+02 -1.7988e+02 -1.8774e+02 -5.9897e+02
-1.7992e+02 -1.7928e+02 -1.7673e+02 -3.7835e+02
-1.7975e+02 -1.7760e+02 -1.5696e+02 -1.3736e+02
-1.7953e+02 -1.7540e+02 -1.3667e+02 -1.0281e+02
# New trial
-1.7994e+02 -1.7953e+02 -1.7809e+02 -3.5994e+02
-1.7991e+02 -1.7924e+02 -1.7604e+02 -3.7011e+02
-1.7976e+02 -1.7773e+02 -1.6076e+02 -2.9286e+02
-1.7952e+02 -1.7532e+02 -1.3827e+02 -1.9139e+02
# New trial
-1.8001e+02 -1.8034e+02 -2.0227e+02 -8.5203e+02
-1.7993e+02 -1.7943e+02 -1.7903e+02 -4.3778e+02
-1.7981e+02 -1.7825e+02 -1.6420e+02 -1.8476e+02
-1.7969e+02 -1.7700e+02 -1.5148e+02 -1.5780e+02
# New trial
-1.7993e+02 -1.7937e+02 -1.7725e+02 -2.8991e+02
-1.7987e+02 -1.7879e+02 -1.7086e+02 -2.6470e+02
-1.7970e+02 -1.7708e+02 -1.5326e+02 -2.2229e+02
-1.7944e+02 -1.7449e+02 -1.2921e+02 -1.0282e+02
# New trial
-1.7994e+02 -1.7952e+02 -1.7665e+02 -3.2058e+02
-1.7993e+02 -1.7940e+02 -1.7557e+02 -3.4562e+02
-1.7987e+02 -1.7876e+02 -1.6923e+02 -3.0669e+02
-1.7973e+02 -1.7742e+02 -1.5512e+02 -1.4542e+02
# New trial
-1.7994e+02 -1.7959e+02 -1.8747e+02 -5.7435e+02
-1.7990e+02 -1.7912e+02 -1.8130e+02 -5.0040e+02
-1.7975e+02 -1.7759e+02 -1.5908e+02 -1.9970e+02
-1.7957e+02 -1.7581e+02 -1.3981e+02 -9.6953e+01
# New trial
-1.8005e+02 -1.8100e+02 -2.3963e+02 -1.1874e+03
-1.7993e+02 -1.7953e+02 -1.9110e+02 -5.5312e+02
-1.7967e+02 -1.7682e+02 -1.5175e+02 -2.0867e+02
-1.7940e+02 -1.7408e+02 -1.2836e+02 -1.6390e+02
# New trial
-1.7997e+02 -1.7979e+02 -1.8084e+02 -4.1285e+02
-1.7993e+02 -1.7942e+02 -1.7478e+02 -2.1986e+02
-1.7986e+02 -1.7874e+02 -1.6773e+02 -1.3927e+02
-1.7977e+02 -1.7782e+02 -1.5877e+02 -1.1271e+02
# New trial
-1.8007e+02 -1.8109e+02 -2.3367e+02 -1.2504e+03
-1.7991e+02 -1.7932e+02 -2.0579e+02 -9.9085e+02
-1.7966e+02 -1.7677e+02 -1.5781e+02 -4.6623e+02
-1.7936e+02 -1.7370e+02 -1.2344e+02 -1.0429e+02
# New trial
-1.8011e+02 -1.8148e+02 -2.2737e+02 -1.0157e+03
-1.7996e+02 -1.7976e+02 -1.8154e+02 -3.2420e+02
-1.7985e+02 -1.7857e+02 -1.6690e+02 -1.6269e+02
-1.7973e+02 -1.7738e+02 -1.5448e+02 -1.0696e+02
# New trial
-1.7999e+02 -1.8017e+02 -2.0292e+02 -8.1271e+02
-1.7992e+02 -1.7940e+02 -1.8429e+02 -5.4484e+02
-1.7973e+02 -1.7741e+02 -1.5742e+02 -1.8106e+02
-1.7947e+02 -1.7478e+02 -1.3135e+02 -9.7052e+01
# New trial
-1.7999e+02 -1.8008e+02 -1.8789e+02 -5.3356e+02
-1.7994e+02 -1.7952e+02 -1.7839e+02 -3.4974e+02
-1.7978e+02 -1.7788e+02 -1.6007e+02 -1.7500e+02
-1.7957e+02 -1.7579e+02 -1.3952e+02 -9.7536e+01
# New trial
-1.8000e+02 -1.8022e+02 -1.9810e+02 -6.7985e+02
-1.7993e+02 -1.7946e+02 -1.8372e+02 -4.7362e+02
-1.7973e+02 -1.7745e+02 -1.5769e+02 -2.1578e+02
-1.7950e+02 -1.7515e+02 -1.3421e+02 -9.8106e+01
# New trial
-1.8008e+02 -1.8128e+02 -2.3855e+02 -1.1644e+03
-1.7994e+02 -1.7962e+02 -1.9020e+02 -5.8358e+02
-1.7965e+02 -1.7662e+02 -1.5593e+02 -3.3228e+02
-1.7930e+02 -1.7310e+02 -1.1993e+02 -1.1366e+02
# New trial
-1.7995e+02 -1.7984e+02 -2.1772e+02 -1.0193e+03
-1.7984e+02 -1.7853e+02 -1.7580e+02 -5.3126e+02
-1.7964e+02 -1.7649e+02 -1.4920e+02 -1.5234e+02
-1.7944e+02 -1.7452e+02 -1.2900e+02 -9.7232e+01
# New trial
-1.7995e+02 -1.7969e+02 -1.8425e+02 -5.6881e+02
-1.7987e+02 -1.7885e+02 -1.7190e+02 -3.8706e+02
-1.7969e+02 -1.7705e+02 -1.5302e+02 -1.3628e+02
-1.7946e+02 -1.7473e+02 -1.3089e+02 -9.8261e+01
# New trial
-1.7997e+02 -1.7981e+02 -1.8217e+02 -4.6933e+02
-1.7993e+02 -1.7935e+02 -1.7432e+02 -1.9509e+02
-1.7985e+02 -1.7859e+02 -1.6625e+02 -1.0867e+02
-1.7974e+02 -1.7746e+02 -1.5502e+02 -1.0144e+02
# New trial
-1.8002e+02 -1.8046e+02 -2.0842e+02 -9.0333e+02
-1.7995e+02 -1.7959e+02 -1.8302e+02 -5.2185e+02
-1.7977e+02 -1.7777e+02 -1.6146e+02 -3.6209e+02
-1.7953e+02 -1.7536e+02 -1.3765e+02 -1.7868e+02
# New trial
-1.7999e+02 -1.8005e+02 -1.8630e+02 -5.3732e+02
-1.7993e+02 -1.7937e+02 -1.7455e+02 -2.1417e+02
-1.7980e+02 -1.7811e+02 -1.6161e+02 -1.2095e+02
-1.7960e+02 -1.7610e+02 -1.4265e+02 -1.0851e+02
# New trial
-1.7990e+02 -1.7911e+02 -1.7335e+02 -2.9092e+02
-1.7984e+02 -1.7856e+02 -1.6871e+02 -3.2260e+02
-1.7966e+02 -1.7674e+02 -1.4980e+02 -1.5443e+02
-1.7943e+02 -1.7439e+02 -1.2826e+02 -1.0001e+02
# New trial
-1.7998e+02 -1.7991e+02 -1.8378e+02 -4.0438e+02
-1.7992e+02 -1.7934e+02 -1.7618e+02 -2.9446e+02
-1.7977e+02 -1.7778e+02 -1.5878e+02 -1.1950e+02
-1.7957e+02 -1.7581e+02 -1.3975e+02 -9.6944e+01
# New trial
-1.7997e+02 -1.7992e+02 -1.9219e+02 -5.9839e+02
-1.7990e+02 -1.7926e+02 -1.8696e+02 -5.9130e+02
-1.7968e+02 -1.7698e+02 -1.5602e+02 -2.2793e+02
-1.7935e+02 -1.7358e+02 -1.2431e+02 -1.2572e+02
# New trial
-1.7998e+02 -1.8004e+02 -2.0081e+02 -7.3798e+02
-1.7987e+02 -1.7891e+02 -1.8040e+02 -5.0016e+02
-1.7965e+02 -1.7657e+02 -1.4933e+02 -1.9148e+02
-1.7937e+02 -1.7378e+02 -1.2382e+02 -9.7549e+01
# New trial
-1.8004e+02 -1.8099e+02 -2.3523e+02 -1.1362e+03
-1.7987e+02 -1.7902e+02 -1.9368e+02 -7.4606e+02
-1.7955e+02 -1.7560e+02 -1.4277e+02 -2.4621e+02
-1.7918e+02 -1.7192e+02 -1.1332e+02 -1.0411e+02
# New trial
-1.8021e+02 -1.8262e+02 -2.4763e+02 -1.1684e+03
-1.8004e+02 -1.8055e+02 -1.9615e+02 -6.4656e+02
-1.7981e+02 -1.7818e+02 -1.6512e+02 -3.1070e+02
-1.7957e+02 -1.7576e+02 -1.4127e+02 -1.0753e+02
# New trial
-1.7992e+02 -1.7935e+02 -1.7467e+02 -3.1728e+02
-1.7990e+02 -1.7906e+02 -1.7228e+02 -3.4098e+02
-1.7978e+02 -1.7795e+02 -1.6125e+02 -2.4587e+02
-1.7962e+02 -1.7630e+02 -1.4594e+02 -1.7376e+02
# New trial
-1.7996e+02 -1.7984e+02 -2.0560e+02 -9.0259e+02
-1.7990e+02 -1.7917e+02 -1.8224e+02 -5.1072e+02
-1.7967e+02 -1.7683e+02 -1.5237e+02 -1.3917e+02
-1.7940e+02 -1.7415e+02 -1.2582e+02 -9.7409e+01
# New trial
-1.7996e+02 -1.7971e+02 -1.8275e+02 -5.6611e+02
-1.7992e+02 -1.7935e+02 -1.7600e+02 -3.9531e+02
-1.7981e+02 -1.7820e+02 -1.6342e+02 -2.2843e+02
-1.7961e+02 -1.7619e+02 -1.4412e+02 -1.0262e+02
# New trial
