# 1.0sig - Array shape (trial/sig/alpha): (30L, 4L, 4L)
-4.1461e+01 -4.0981e+01 -5.0767e+01 -2.4796e+02
-4.1510e+01 -4.1369e+01 -4.6739e+01 -1.8194e+02
-4.1530e+01 -4.1501e+01 -4.4285e+01 -1.8006e+02
-4.1537e+01 -4.1546e+01 -4.1905e+01 -1.0930e+02
# New trial
-4.1459e+01 -4.0957e+01 -4.9839e+01 -2.2346e+02
-4.1469e+01 -4.0946e+01 -4.0376e+01 -1.0873e+02
-4.1513e+01 -4.1336e+01 -4.1521e+01 -1.2366e+02
-4.1534e+01 -4.1518e+01 -4.1538e+01 -6.6651e+01
# New trial
-4.1512e+01 -4.1439e+01 -5.5149e+01 -3.2536e+02
-4.1537e+01 -4.1638e+01 -4.9644e+01 -2.2180e+02
-4.1561e+01 -4.1826e+01 -4.7130e+01 -1.9101e+02
-4.1535e+01 -4.1535e+01 -4.2067e+01 -1.2192e+02
# New trial
-4.1419e+01 -4.0481e+01 -4.1227e+01 -1.4962e+02
-4.1481e+01 -4.1065e+01 -4.2680e+01 -1.3731e+02
-4.1522e+01 -4.1421e+01 -4.1778e+01 -9.2210e+01
-4.1535e+01 -4.1527e+01 -4.1560e+01 -6.2302e+01
# New trial
-4.1520e+01 -4.1656e+01 -6.3828e+01 -3.9510e+02
-4.1499e+01 -4.1296e+01 -4.9615e+01 -2.4803e+02
-4.1522e+01 -4.1426e+01 -4.3519e+01 -1.7924e+02
-4.1536e+01 -4.1534e+01 -4.1647e+01 -6.8836e+01
# New trial
-4.1439e+01 -4.0773e+01 -4.6268e+01 -1.9154e+02
-4.1500e+01 -4.1275e+01 -4.6239e+01 -1.8423e+02
-4.1525e+01 -4.1450e+01 -4.2492e+01 -1.2338e+02
-4.1535e+01 -4.1531e+01 -4.1691e+01 -1.0268e+02
# New trial
-4.1542e+01 -4.1694e+01 -5.2434e+01 -2.7753e+02
-4.1553e+01 -4.1741e+01 -4.5882e+01 -1.6814e+02
-4.1544e+01 -4.1619e+01 -4.2817e+01 -9.0568e+01
-4.1536e+01 -4.1536e+01 -4.1547e+01 -4.2828e+01
# New trial
-4.1566e+01 -4.2006e+01 -5.8213e+01 -3.1710e+02
-4.1538e+01 -4.1624e+01 -4.7310e+01 -1.8001e+02
-4.1528e+01 -4.1471e+01 -4.2507e+01 -1.3332e+02
-4.1537e+01 -4.1546e+01 -4.1781e+01 -9.3802e+01
# New trial
-4.1480e+01 -4.1708e+01 -7.0012e+01 -4.5586e+02
-4.1555e+01 -4.2070e+01 -6.6328e+01 -4.2601e+02
-4.1550e+01 -4.1749e+01 -5.0812e+01 -2.6840e+02
-4.1538e+01 -4.1563e+01 -4.2488e+01 -1.4277e+02
# New trial
-4.1458e+01 -4.0973e+01 -4.6824e+01 -1.8871e+02
-4.1526e+01 -4.1525e+01 -4.7468e+01 -1.8733e+02
-4.1537e+01 -4.1566e+01 -4.3514e+01 -1.4998e+02
-4.1537e+01 -4.1542e+01 -4.1670e+01 -6.8757e+01
# New trial
-4.1505e+01 -4.1625e+01 -6.6042e+01 -4.2520e+02
-4.1529e+01 -4.1715e+01 -5.9867e+01 -3.4641e+02
-4.1529e+01 -4.1508e+01 -4.6083e+01 -2.1673e+02
-4.1537e+01 -4.1551e+01 -4.2568e+01 -1.7570e+02
# New trial
-4.1516e+01 -4.1814e+01 -6.3243e+01 -3.6250e+02
-4.1526e+01 -4.1539e+01 -4.8199e+01 -2.1382e+02
-4.1524e+01 -4.1438e+01 -4.3469e+01 -1.9736e+02
-4.1532e+01 -4.1501e+01 -4.1785e+01 -1.1609e+02
# New trial
-4.1496e+01 -4.1281e+01 -4.9200e+01 -2.2590e+02
-4.1502e+01 -4.1255e+01 -4.2717e+01 -1.1857e+02
-4.1525e+01 -4.1439e+01 -4.1681e+01 -1.0477e+02
-4.1535e+01 -4.1529e+01 -4.1592e+01 -7.8029e+01
# New trial
-4.1435e+01 -4.1225e+01 -7.5769e+01 -5.2854e+02
-4.1475e+01 -4.1260e+01 -5.5647e+01 -2.8663e+02
-4.1515e+01 -4.1371e+01 -4.2609e+01 -1.7186e+02
-4.1536e+01 -4.1535e+01 -4.1572e+01 -5.4131e+01
# New trial
-4.1477e+01 -4.1193e+01 -5.5216e+01 -3.0601e+02
-4.1539e+01 -4.1657e+01 -4.8981e+01 -1.8982e+02
-4.1546e+01 -4.1664e+01 -4.4145e+01 -1.2259e+02
-4.1532e+01 -4.1507e+01 -4.1732e+01 -1.1413e+02
# New trial
-4.1425e+01 -4.1228e+01 -6.7093e+01 -4.4247e+02
-4.1457e+01 -4.1096e+01 -5.1404e+01 -2.6610e+02
-4.1520e+01 -4.1443e+01 -4.5139e+01 -2.1120e+02
-4.1538e+01 -4.1566e+01 -4.3479e+01 -1.7967e+02
# New trial
-4.1498e+01 -4.1497e+01 -6.0589e+01 -3.6211e+02
-4.1521e+01 -4.1575e+01 -5.2117e+01 -2.5438e+02
-4.1518e+01 -4.1408e+01 -4.4816e+01 -1.8630e+02
-4.1536e+01 -4.1536e+01 -4.1803e+01 -8.3279e+01
# New trial
-4.1426e+01 -4.0660e+01 -4.5829e+01 -1.9281e+02
-4.1458e+01 -4.0905e+01 -4.3228e+01 -1.4823e+02
-4.1519e+01 -4.1402e+01 -4.2581e+01 -1.2470e+02
-4.1535e+01 -4.1530e+01 -4.1639e+01 -7.1451e+01
# New trial
-4.1435e+01 -4.0760e+01 -5.5720e+01 -3.2303e+02
-4.1495e+01 -4.1222e+01 -4.6996e+01 -2.0567e+02
-4.1533e+01 -4.1521e+01 -4.3465e+01 -1.5743e+02
-4.1535e+01 -4.1528e+01 -4.1580e+01 -6.2985e+01
# New trial
-4.1549e+01 -4.1911e+01 -6.3387e+01 -3.7605e+02
-4.1552e+01 -4.1803e+01 -5.2547e+01 -2.4594e+02
-4.1543e+01 -4.1629e+01 -4.3959e+01 -1.3223e+02
-4.1535e+01 -4.1525e+01 -4.1518e+01 -5.2529e+01
# New trial
-4.1477e+01 -4.1409e+01 -6.3538e+01 -3.5970e+02
-4.1465e+01 -4.1016e+01 -4.3945e+01 -1.2815e+02
-4.1515e+01 -4.1373e+01 -4.1557e+01 -9.5827e+01
-4.1535e+01 -4.1527e+01 -4.1523e+01 -4.4202e+01
# New trial
-4.1474e+01 -4.0993e+01 -4.6433e+01 -2.4377e+02
-4.1520e+01 -4.1412e+01 -4.3674e+01 -1.4990e+02
-4.1531e+01 -4.1489e+01 -4.1720e+01 -1.0924e+02
-4.1536e+01 -4.1531e+01 -4.1513e+01 -4.4150e+01
# New trial
-4.1457e+01 -4.1465e+01 -7.3891e+01 -4.8722e+02
-4.1432e+01 -4.0828e+01 -4.6181e+01 -1.7988e+02
-4.1504e+01 -4.1292e+01 -4.1898e+01 -1.1691e+02
-4.1533e+01 -4.1516e+01 -4.1637e+01 -6.6598e+01
# New trial
-4.1406e+01 -4.0784e+01 -5.6108e+01 -3.1331e+02
-4.1452e+01 -4.0924e+01 -4.5375e+01 -1.6474e+02
-4.1510e+01 -4.1319e+01 -4.1361e+01 -1.0803e+02
-4.1533e+01 -4.1508e+01 -4.1449e+01 -4.7124e+01
# New trial
-4.1582e+01 -4.2051e+01 -5.3628e+01 -2.7332e+02
-4.1574e+01 -4.1948e+01 -4.8838e+01 -2.2402e+02
-4.1548e+01 -4.1666e+01 -4.4364e+01 -1.6730e+02
-4.1536e+01 -4.1540e+01 -4.1782e+01 -9.9496e+01
# New trial
-4.1460e+01 -4.0919e+01 -4.7005e+01 -1.9452e+02
-4.1455e+01 -4.0797e+01 -3.8921e+01 -9.5199e+01
-4.1509e+01 -4.1287e+01 -4.0395e+01 -9.3296e+01
-4.1533e+01 -4.1509e+01 -4.1427e+01 -4.2516e+01
# New trial
-4.1371e+01 -4.0044e+01 -3.7557e+01 -1.0754e+02
-4.1473e+01 -4.0969e+01 -4.0588e+01 -1.1127e+02
-4.1526e+01 -4.1452e+01 -4.1803e+01 -1.0024e+02
-4.1535e+01 -4.1531e+01 -4.1614e+01 -5.8966e+01
# New trial
-4.1507e+01 -4.1958e+01 -8.6219e+01 -6.3830e+02
-4.1526e+01 -4.1664e+01 -5.6812e+01 -3.3734e+02
-4.1522e+01 -4.1432e+01 -4.3373e+01 -1.7847e+02
-4.1533e+01 -4.1512e+01 -4.1515e+01 -5.2420e+01
# New trial
-4.1534e+01 -4.1814e+01 -6.2412e+01 -3.4763e+02
-4.1515e+01 -4.1451e+01 -4.7134e+01 -1.6734e+02
-4.1525e+01 -4.1452e+01 -4.2676e+01 -1.0980e+02
-4.1535e+01 -4.1528e+01 -4.1713e+01 -9.2639e+01
# New trial
-4.1472e+01 -4.1057e+01 -5.5639e+01 -3.4513e+02
-4.1485e+01 -4.1113e+01 -4.4836e+01 -1.6864e+02
-4.1517e+01 -4.1369e+01 -4.1317e+01 -1.0626e+02
-4.1533e+01 -4.1510e+01 -4.1400e+01 -4.5915e+01
# New trial
