# 10.0sig - Array shape (trial/sig/alpha): (30, 4, 4)
-1.7072e+02 -1.7041e+02 -1.7167e+02 -4.8360e+02
-1.7071e+02 -1.7026e+02 -1.6895e+02 -4.3173e+02
-1.7064e+02 -1.6954e+02 -1.5966e+02 -2.2081e+02
-1.7051e+02 -1.6826e+02 -1.4650e+02 -1.2492e+02
# New trial
-1.7078e+02 -1.7136e+02 -2.1950e+02 -1.2094e+03
-1.7069e+02 -1.7031e+02 -1.9143e+02 -7.4558e+02
-1.7045e+02 -1.6777e+02 -1.5176e+02 -3.4256e+02
-1.7017e+02 -1.6485e+02 -1.1775e+02 -8.5100e+01
# New trial
-1.7076e+02 -1.7084e+02 -1.8452e+02 -6.6442e+02
-1.7069e+02 -1.7017e+02 -1.7097e+02 -3.7725e+02
-1.7049e+02 -1.6811e+02 -1.4584e+02 -1.3482e+02
-1.7024e+02 -1.6555e+02 -1.2187e+02 -9.0021e+01
# New trial
-1.7069e+02 -1.7007e+02 -1.6910e+02 -4.5895e+02
-1.7064e+02 -1.6962e+02 -1.6436e+02 -4.0002e+02
-1.7047e+02 -1.6784e+02 -1.4392e+02 -1.6814e+02
-1.7021e+02 -1.6529e+02 -1.1965e+02 -9.2205e+01
# New trial
-1.7078e+02 -1.7111e+02 -1.9711e+02 -8.8289e+02
-1.7069e+02 -1.7017e+02 -1.7269e+02 -5.1745e+02
-1.7056e+02 -1.6878e+02 -1.5334e+02 -1.9065e+02
-1.7040e+02 -1.6717e+02 -1.3583e+02 -8.5800e+01
# New trial
-1.7069e+02 -1.7009e+02 -1.6906e+02 -3.3724e+02
-1.7061e+02 -1.6935e+02 -1.6073e+02 -3.1539e+02
-1.7042e+02 -1.6739e+02 -1.3923e+02 -1.2141e+02
-1.7016e+02 -1.6475e+02 -1.1471e+02 -8.3072e+01
# New trial
-1.7072e+02 -1.7039e+02 -1.7121e+02 -6.0155e+02
-1.7070e+02 -1.7021e+02 -1.6746e+02 -3.1596e+02
-1.7063e+02 -1.6944e+02 -1.5887e+02 -2.0592e+02
-1.7048e+02 -1.6797e+02 -1.4353e+02 -1.0199e+02
# New trial
-1.7070e+02 -1.7027e+02 -1.7863e+02 -6.1993e+02
-1.7066e+02 -1.6985e+02 -1.7306e+02 -5.5280e+02
-1.7051e+02 -1.6831e+02 -1.4959e+02 -1.5057e+02
-1.7031e+02 -1.6630e+02 -1.2802e+02 -8.3593e+01
# New trial
-1.7079e+02 -1.7143e+02 -2.3034e+02 -1.3023e+03
-1.7068e+02 -1.7011e+02 -1.8248e+02 -6.3121e+02
-1.7041e+02 -1.6730e+02 -1.4111e+02 -2.6132e+02
-1.7013e+02 -1.6451e+02 -1.1437e+02 -1.0602e+02
# New trial
-1.7072e+02 -1.7043e+02 -1.6999e+02 -3.6190e+02
-1.7069e+02 -1.7008e+02 -1.6487e+02 -2.2009e+02
-1.7061e+02 -1.6931e+02 -1.5700e+02 -2.1759e+02
-1.7052e+02 -1.6833e+02 -1.4725e+02 -1.4260e+02
# New trial
-1.7083e+02 -1.7173e+02 -2.2071e+02 -1.2709e+03
-1.7066e+02 -1.6984e+02 -1.9279e+02 -1.0772e+03
-1.7040e+02 -1.6718e+02 -1.4511e+02 -3.6243e+02
-1.7004e+02 -1.6362e+02 -1.0847e+02 -8.4971e+01
# New trial
-1.7088e+02 -1.7229e+02 -2.2809e+02 -1.1438e+03
-1.7073e+02 -1.7048e+02 -1.7292e+02 -3.7697e+02
-1.7061e+02 -1.6927e+02 -1.5745e+02 -2.0946e+02
-1.7049e+02 -1.6803e+02 -1.4420e+02 -9.0442e+01
# New trial
-1.7077e+02 -1.7105e+02 -1.9544e+02 -8.1158e+02
-1.7070e+02 -1.7025e+02 -1.7673e+02 -5.7705e+02
-1.7048e+02 -1.6797e+02 -1.4667e+02 -1.9750e+02
-1.7020e+02 -1.6516e+02 -1.1848e+02 -8.3095e+01
# New trial
-1.7077e+02 -1.7093e+02 -1.8263e+02 -5.8375e+02
-1.7070e+02 -1.7023e+02 -1.7097e+02 -3.7789e+02
-1.7050e+02 -1.6821e+02 -1.4681e+02 -1.2859e+02
-1.7028e+02 -1.6597e+02 -1.2502e+02 -8.3218e+01
# New trial
-1.7079e+02 -1.7130e+02 -1.9934e+02 -7.7199e+02
-1.7071e+02 -1.7035e+02 -1.7880e+02 -5.0819e+02
-1.7048e+02 -1.6801e+02 -1.4667e+02 -2.1617e+02
-1.7022e+02 -1.6541e+02 -1.2020e+02 -8.3183e+01
# New trial
-1.7082e+02 -1.7178e+02 -2.3085e+02 -1.2674e+03
-1.7069e+02 -1.7028e+02 -1.8508e+02 -6.6244e+02
-1.7038e+02 -1.6702e+02 -1.4528e+02 -3.1600e+02
-1.7001e+02 -1.6330e+02 -1.0523e+02 -9.4506e+01
# New trial
-1.7073e+02 -1.7072e+02 -2.1819e+02 -1.1292e+03
-1.7061e+02 -1.6937e+02 -1.7099e+02 -5.4251e+02
-1.7039e+02 -1.6709e+02 -1.3943e+02 -2.5520e+02
-1.7014e+02 -1.6463e+02 -1.1373e+02 -8.3072e+01
# New trial
-1.7068e+02 -1.7000e+02 -1.6772e+02 -3.7755e+02
-1.7060e+02 -1.6920e+02 -1.5773e+02 -1.8830e+02
-1.7041e+02 -1.6732e+02 -1.4022e+02 -1.7262e+02
-1.7016e+02 -1.6477e+02 -1.1738e+02 -1.1426e+02
# New trial
-1.7073e+02 -1.7052e+02 -1.7348e+02 -4.4688e+02
-1.7068e+02 -1.6997e+02 -1.6410e+02 -1.9489e+02
-1.7059e+02 -1.6909e+02 -1.5444e+02 -9.0551e+01
-1.7047e+02 -1.6788e+02 -1.4238e+02 -8.7164e+01
# New trial
-1.7082e+02 -1.7154e+02 -2.0938e+02 -1.0798e+03
-1.7074e+02 -1.7059e+02 -1.7711e+02 -5.4288e+02
-1.7054e+02 -1.6861e+02 -1.5267e+02 -2.1256e+02
-1.7028e+02 -1.6597e+02 -1.2586e+02 -8.8647e+01
# New trial
-1.7078e+02 -1.7104e+02 -1.8274e+02 -5.9231e+02
-1.7070e+02 -1.7016e+02 -1.6641e+02 -3.1719e+02
-1.7054e+02 -1.6862e+02 -1.5015e+02 -1.2079e+02
-1.7031e+02 -1.6628e+02 -1.2754e+02 -8.3073e+01
# New trial
-1.7069e+02 -1.7008e+02 -1.6720e+02 -4.0250e+02
-1.7065e+02 -1.6968e+02 -1.6407e+02 -4.0913e+02
-1.7048e+02 -1.6796e+02 -1.4518e+02 -2.1212e+02
-1.7024e+02 -1.6558e+02 -1.2272e+02 -8.8703e+01
# New trial
-1.7074e+02 -1.7057e+02 -1.7485e+02 -4.3140e+02
-1.7068e+02 -1.7000e+02 -1.6810e+02 -4.4766e+02
-1.7051e+02 -1.6828e+02 -1.4857e+02 -2.6622e+02
-1.7028e+02 -1.6597e+02 -1.2512e+02 -8.4056e+01
# New trial
-1.7073e+02 -1.7068e+02 -1.8981e+02 -6.5090e+02
-1.7064e+02 -1.6978e+02 -1.8079e+02 -6.4001e+02
-1.7041e+02 -1.6736e+02 -1.4434e+02 -2.4630e+02
-1.7006e+02 -1.6379e+02 -1.0755e+02 -8.3072e+01
# New trial
-1.7074e+02 -1.7084e+02 -1.9678e+02 -8.0994e+02
-1.7064e+02 -1.6968e+02 -1.7645e+02 -5.8827e+02
-1.7038e+02 -1.6706e+02 -1.4115e+02 -3.0747e+02
-1.7006e+02 -1.6383e+02 -1.0905e+02 -9.6459e+01
# New trial
-1.7083e+02 -1.7212e+02 -2.3845e+02 -1.2237e+03
-1.7064e+02 -1.6979e+02 -1.9046e+02 -7.9430e+02
-1.7025e+02 -1.6569e+02 -1.2656e+02 -1.2323e+02
-1.6981e+02 -1.6133e+02 -9.4716e+01 -8.3072e+01
# New trial
-1.7096e+02 -1.7324e+02 -2.4168e+02 -1.2760e+03
-1.7077e+02 -1.7100e+02 -1.8434e+02 -6.1553e+02
-1.7053e+02 -1.6849e+02 -1.5034e+02 -2.1289e+02
-1.7026e+02 -1.6582e+02 -1.2633e+02 -9.0648e+01
# New trial
-1.7069e+02 -1.7010e+02 -1.6531e+02 -3.0507e+02
-1.7066e+02 -1.6981e+02 -1.6273e+02 -3.2498e+02
-1.7054e+02 -1.6860e+02 -1.5018e+02 -1.4968e+02
-1.7037e+02 -1.6686e+02 -1.3398e+02 -1.6418e+02
# New trial
-1.7072e+02 -1.7054e+02 -1.9396e+02 -9.3116e+02
-1.7067e+02 -1.6999e+02 -1.7642e+02 -6.0879e+02
-1.7045e+02 -1.6768e+02 -1.4575e+02 -2.2858e+02
-1.7016e+02 -1.6479e+02 -1.1678e+02 -1.2023e+02
# New trial
-1.7074e+02 -1.7058e+02 -1.7755e+02 -6.3356e+02
-1.7069e+02 -1.7014e+02 -1.6888e+02 -4.3496e+02
-1.7056e+02 -1.6874e+02 -1.5305e+02 -3.2771e+02
-1.7032e+02 -1.6642e+02 -1.3057e+02 -1.4961e+02
# New trial
