# 1.0sig - Array shape (trial/sig/alpha): (30, 4, 4)
-1.5198e+02 -1.4940e+02 -1.5477e+02 -6.6023e+02
-1.5183e+02 -1.4774e+02 -1.2553e+02 -3.0542e+02
-1.5140e+02 -1.4341e+02 -7.7340e+01 -9.0316e+01
-1.5107e+02 -1.4008e+02 -6.0787e+01 -4.9178e+01
# New trial
-1.5199e+02 -1.4941e+02 -1.4029e+02 -3.4345e+02
-1.5187e+02 -1.4817e+02 -1.2318e+02 -1.2132e+02
-1.5154e+02 -1.4486e+02 -8.9129e+01 -6.2169e+01
-1.5142e+02 -1.4358e+02 -7.7263e+01 -4.6950e+01
# New trial
-1.5202e+02 -1.4966e+02 -1.4162e+02 -5.1511e+02
-1.5190e+02 -1.4842e+02 -1.2286e+02 -1.3025e+02
-1.5161e+02 -1.4546e+02 -9.3310e+01 -7.1679e+01
-1.5140e+02 -1.4333e+02 -7.8194e+01 -6.4728e+01
# New trial
-1.5206e+02 -1.5006e+02 -1.5224e+02 -7.1226e+02
-1.5194e+02 -1.4885e+02 -1.3418e+02 -3.3508e+02
-1.5165e+02 -1.4593e+02 -9.8045e+01 -6.3020e+01
-1.5157e+02 -1.4500e+02 -8.7154e+01 -4.8987e+01
# New trial
-1.5192e+02 -1.4895e+02 -1.7178e+02 -8.9640e+02
-1.5175e+02 -1.4700e+02 -1.2501e+02 -3.9873e+02
-1.5142e+02 -1.4360e+02 -7.9651e+01 -7.8680e+01
-1.5134e+02 -1.4277e+02 -7.3336e+01 -5.3030e+01
# New trial
-1.5202e+02 -1.4968e+02 -1.4797e+02 -8.2953e+02
-1.5192e+02 -1.4861e+02 -1.2479e+02 -2.8371e+02
-1.5165e+02 -1.4586e+02 -9.5666e+01 -7.5538e+01
-1.5149e+02 -1.4422e+02 -9.1024e+01 -2.8525e+02
# New trial
-1.5215e+02 -1.5090e+02 -1.5034e+02 -5.4113e+02
-1.5208e+02 -1.5008e+02 -1.3283e+02 -1.6178e+02
-1.5197e+02 -1.4900e+02 -1.2099e+02 -8.4732e+01
-1.5197e+02 -1.4905e+02 -1.2107e+02 -9.5362e+01
# New trial
-1.5200e+02 -1.4968e+02 -1.6716e+02 -9.2764e+02
-1.5184e+02 -1.4788e+02 -1.3046e+02 -4.6710e+02
-1.5147e+02 -1.4418e+02 -8.7769e+01 -6.6209e+01
-1.5139e+02 -1.4330e+02 -7.8400e+01 -8.9664e+01
# New trial
-1.5168e+02 -1.4677e+02 -1.3750e+02 -4.7133e+02
-1.5133e+02 -1.4300e+02 -9.7175e+01 -1.8933e+02
-1.5076e+02 -1.3715e+02 -6.5047e+01 -1.0480e+02
-1.5082e+02 -1.3771e+02 -7.9308e+01 -2.9114e+02
# New trial
-1.5201e+02 -1.4964e+02 -1.4766e+02 -5.4516e+02
-1.5183e+02 -1.4781e+02 -1.2742e+02 -2.9849e+02
-1.5139e+02 -1.4329e+02 -7.5977e+01 -7.5520e+01
-1.5115e+02 -1.4089e+02 -6.5897e+01 -5.1217e+01
# New trial
-1.5180e+02 -1.4774e+02 -1.4462e+02 -5.5377e+02
-1.5164e+02 -1.4611e+02 -1.2688e+02 -4.6082e+02
-1.5124e+02 -1.4179e+02 -6.8174e+01 -8.5092e+01
-1.5113e+02 -1.4069e+02 -6.7021e+01 -7.0789e+01
# New trial
-1.5201e+02 -1.4979e+02 -1.6933e+02 -9.8171e+02
-1.5181e+02 -1.4758e+02 -1.2116e+02 -2.6749e+02
-1.5138e+02 -1.4318e+02 -7.6641e+01 -9.1644e+01
-1.5103e+02 -1.3969e+02 -6.2891e+01 -7.9663e+01
# New trial
-1.5207e+02 -1.5040e+02 -1.7704e+02 -9.8922e+02
-1.5186e+02 -1.4815e+02 -1.3104e+02 -3.6066e+02
-1.5159e+02 -1.4529e+02 -9.1740e+01 -5.9595e+01
-1.5159e+02 -1.4522e+02 -8.8081e+01 -4.6745e+01
# New trial
-1.5194e+02 -1.4953e+02 -2.2816e+02 -1.5751e+03
-1.5169e+02 -1.4664e+02 -1.4045e+02 -5.4126e+02
-1.5124e+02 -1.4187e+02 -7.9868e+01 -8.7737e+01
-1.5115e+02 -1.4092e+02 -7.6917e+01 -1.9868e+02
# New trial
-1.5202e+02 -1.4971e+02 -1.5787e+02 -8.7327e+02
-1.5191e+02 -1.4862e+02 -1.3118e+02 -3.0974e+02
-1.5167e+02 -1.4609e+02 -9.9147e+01 -7.3136e+01
-1.5156e+02 -1.4492e+02 -8.9866e+01 -1.5278e+02
# New trial
-1.5183e+02 -1.4900e+02 -2.2674e+02 -1.4728e+03
-1.5159e+02 -1.4616e+02 -1.4572e+02 -5.7790e+02
-1.5111e+02 -1.4074e+02 -7.6087e+01 -8.9770e+01
-1.5115e+02 -1.4097e+02 -8.5070e+01 -3.0292e+02
# New trial
-1.5185e+02 -1.4808e+02 -1.3682e+02 -4.3313e+02
-1.5164e+02 -1.4597e+02 -1.1333e+02 -2.0394e+02
-1.5111e+02 -1.4063e+02 -6.4642e+01 -7.6420e+01
-1.5108e+02 -1.4013e+02 -6.3361e+01 -8.5229e+01
# New trial
-1.5199e+02 -1.4952e+02 -1.4863e+02 -5.1296e+02
-1.5184e+02 -1.4792e+02 -1.3251e+02 -3.6668e+02
-1.5146e+02 -1.4404e+02 -8.5944e+01 -7.8610e+01
-1.5144e+02 -1.4375e+02 -8.1066e+01 -5.7083e+01
# New trial
-1.5198e+02 -1.4956e+02 -1.8379e+02 -1.0552e+03
-1.5181e+02 -1.4775e+02 -1.4573e+02 -5.8115e+02
-1.5140e+02 -1.4339e+02 -7.5618e+01 -6.2248e+01
-1.5120e+02 -1.4130e+02 -6.6015e+01 -4.9542e+01
# New trial
-1.5209e+02 -1.5040e+02 -1.6575e+02 -8.4238e+02
-1.5198e+02 -1.4920e+02 -1.3277e+02 -2.9215e+02
-1.5173e+02 -1.4667e+02 -1.0029e+02 -8.1389e+01
-1.5156e+02 -1.4492e+02 -8.7006e+01 -1.0326e+02
# New trial
-1.5192e+02 -1.4899e+02 -1.7007e+02 -9.7696e+02
-1.5168e+02 -1.4647e+02 -1.2073e+02 -2.6353e+02
-1.5150e+02 -1.4449e+02 -9.0691e+01 -6.3925e+01
-1.5177e+02 -1.4702e+02 -1.0462e+02 -1.1930e+02
# New trial
-1.5204e+02 -1.4988e+02 -1.6037e+02 -8.4864e+02
-1.5192e+02 -1.4856e+02 -1.2299e+02 -1.3611e+02
-1.5166e+02 -1.4596e+02 -9.5611e+01 -6.2507e+01
-1.5149e+02 -1.4426e+02 -8.0704e+01 -5.6017e+01
# New trial
-1.5199e+02 -1.4974e+02 -1.7375e+02 -9.0967e+02
-1.5171e+02 -1.4673e+02 -1.2472e+02 -4.4214e+02
-1.5132e+02 -1.4275e+02 -7.9261e+01 -8.1554e+01
-1.5140e+02 -1.4341e+02 -8.0478e+01 -1.0304e+02
# New trial
-1.5198e+02 -1.4972e+02 -1.6938e+02 -7.0175e+02
-1.5171e+02 -1.4680e+02 -1.2724e+02 -3.4881e+02
-1.5110e+02 -1.4051e+02 -6.3280e+01 -8.4460e+01
-1.5077e+02 -1.3712e+02 -5.5431e+01 -5.4608e+01
# New trial
-1.5206e+02 -1.5089e+02 -2.2944e+02 -1.5456e+03
-1.5179e+02 -1.4775e+02 -1.4354e+02 -4.5539e+02
-1.5120e+02 -1.4145e+02 -6.7780e+01 -7.0627e+01
-1.5113e+02 -1.4066e+02 -6.6514e+01 -6.4906e+01
# New trial
-1.5208e+02 -1.5014e+02 -1.3742e+02 -2.6036e+02
-1.5191e+02 -1.4847e+02 -1.1935e+02 -9.3440e+01
-1.5156e+02 -1.4500e+02 -8.6802e+01 -6.7084e+01
-1.5155e+02 -1.4479e+02 -8.4290e+01 -6.4101e+01
# New trial
-1.5193e+02 -1.4886e+02 -1.6222e+02 -8.7648e+02
-1.5181e+02 -1.4761e+02 -1.2685e+02 -3.9107e+02
-1.5156e+02 -1.4506e+02 -9.2912e+01 -9.0235e+01
-1.5149e+02 -1.4430e+02 -9.0016e+01 -1.9994e+02
# New trial
-1.5207e+02 -1.5103e+02 -1.9694e+02 -1.1243e+03
-1.5180e+02 -1.4788e+02 -1.4338e+02 -5.4230e+02
-1.5123e+02 -1.4179e+02 -7.2714e+01 -1.0997e+02
-1.5100e+02 -1.3937e+02 -6.2963e+01 -8.7165e+01
# New trial
-1.5199e+02 -1.4943e+02 -1.4669e+02 -4.8463e+02
-1.5181e+02 -1.4756e+02 -1.2159e+02 -2.7896e+02
-1.5146e+02 -1.4406e+02 -8.5251e+01 -6.0935e+01
-1.5144e+02 -1.4378e+02 -7.9795e+01 -7.0869e+01
# New trial
-1.5200e+02 -1.4956e+02 -1.5178e+02 -6.9733e+02
-1.5191e+02 -1.4854e+02 -1.3111e+02 -3.4019e+02
-1.5160e+02 -1.4533e+02 -9.1535e+01 -8.9155e+01
-1.5138e+02 -1.4310e+02 -7.5101e+01 -5.1422e+01
# New trial
