# 10.0sig - Array shape (trial/sig/alpha): (30L, 4L, 4L)
-9.2302e+01 -9.2329e+01 -9.7202e+01 -2.7422e+02
-9.2290e+01 -9.2200e+01 -9.4257e+01 -2.2201e+02
-9.2255e+01 -9.1837e+01 -8.8470e+01 -1.4434e+02
-9.2204e+01 -9.1322e+01 -8.2699e+01 -6.1110e+01
# New trial
-9.2353e+01 -9.3123e+01 -1.2763e+02 -6.4671e+02
-9.2323e+01 -9.2759e+01 -1.1270e+02 -4.3404e+02
-9.2236e+01 -9.1710e+01 -9.2843e+01 -2.5891e+02
-9.2091e+01 -9.0190e+01 -7.2435e+01 -5.9997e+01
# New trial
-9.2286e+01 -9.2185e+01 -9.9648e+01 -3.4657e+02
-9.2264e+01 -9.1968e+01 -9.5798e+01 -2.7246e+02
-9.2179e+01 -9.1097e+01 -8.3588e+01 -1.4621e+02
-9.2054e+01 -8.9830e+01 -6.9889e+01 -5.9997e+01
# New trial
-9.2265e+01 -9.1958e+01 -9.2509e+01 -2.0289e+02
-9.2250e+01 -9.1816e+01 -9.1913e+01 -2.0194e+02
-9.2172e+01 -9.1018e+01 -8.1055e+01 -8.0888e+01
-9.2079e+01 -9.0075e+01 -7.2137e+01 -6.0856e+01
# New trial
-9.2336e+01 -9.2771e+01 -1.1203e+02 -4.7671e+02
-9.2299e+01 -9.2338e+01 -9.9292e+01 -2.9419e+02
-9.2242e+01 -9.1715e+01 -8.8145e+01 -1.4535e+02
-9.2167e+01 -9.0948e+01 -7.9250e+01 -6.6949e+01
# New trial
-9.2282e+01 -9.2149e+01 -9.6273e+01 -2.5345e+02
-9.2251e+01 -9.1822e+01 -9.0893e+01 -1.6937e+02
-9.2167e+01 -9.0960e+01 -8.0696e+01 -1.2054e+02
-9.2059e+01 -8.9880e+01 -7.0756e+01 -7.7928e+01
# New trial
-9.2261e+01 -9.1899e+01 -9.1519e+01 -2.9049e+02
-9.2257e+01 -9.1855e+01 -8.9515e+01 -1.8131e+02
-9.2234e+01 -9.1623e+01 -8.6390e+01 -1.2962e+02
-9.2203e+01 -9.1315e+01 -8.2737e+01 -7.3557e+01
# New trial
-9.2296e+01 -9.2325e+01 -1.0210e+02 -3.3764e+02
-9.2281e+01 -9.2177e+01 -9.9721e+01 -3.0768e+02
-9.2217e+01 -9.1492e+01 -8.7767e+01 -1.7840e+02
-9.2112e+01 -9.0403e+01 -7.4313e+01 -5.9997e+01
# New trial
-9.2344e+01 -9.2972e+01 -1.3159e+02 -7.0032e+02
-9.2305e+01 -9.2463e+01 -1.0698e+02 -3.7893e+02
-9.2189e+01 -9.1204e+01 -8.6387e+01 -2.0838e+02
-9.2053e+01 -8.9816e+01 -7.1101e+01 -8.6423e+01
# New trial
-9.2266e+01 -9.1940e+01 -8.9351e+01 -1.3032e+02
-9.2253e+01 -9.1810e+01 -8.7819e+01 -1.0669e+02
-9.2221e+01 -9.1486e+01 -8.4522e+01 -9.2498e+01
-9.2195e+01 -9.1225e+01 -8.1754e+01 -6.3711e+01
# New trial
-9.2358e+01 -9.3094e+01 -1.2317e+02 -6.3436e+02
-9.2256e+01 -9.1953e+01 -1.1190e+02 -5.1739e+02
-9.2107e+01 -9.0394e+01 -8.2019e+01 -1.8924e+02
-9.1933e+01 -8.8626e+01 -6.3332e+01 -5.9997e+01
# New trial
-9.2355e+01 -9.3053e+01 -1.2271e+02 -5.6573e+02
-9.2292e+01 -9.2248e+01 -9.6400e+01 -2.3362e+02
-9.2238e+01 -9.1670e+01 -8.7258e+01 -1.0583e+02
-9.2161e+01 -9.0887e+01 -7.8605e+01 -5.9997e+01
# New trial
-9.2308e+01 -9.2544e+01 -1.1238e+02 -4.5666e+02
-9.2278e+01 -9.2186e+01 -1.0132e+02 -3.1488e+02
-9.2193e+01 -9.1238e+01 -8.4689e+01 -1.2269e+02
-9.2085e+01 -9.0142e+01 -7.3442e+01 -9.4173e+01
# New trial
-9.2306e+01 -9.2429e+01 -1.0272e+02 -3.1373e+02
-9.2269e+01 -9.2029e+01 -9.5133e+01 -2.2462e+02
-9.2167e+01 -9.0971e+01 -8.1876e+01 -1.3938e+02
-9.2079e+01 -9.0075e+01 -7.1494e+01 -5.9997e+01
# New trial
-9.2315e+01 -9.2571e+01 -1.0982e+02 -4.0653e+02
-9.2281e+01 -9.2193e+01 -1.0161e+02 -3.1422e+02
-9.2181e+01 -9.1115e+01 -8.3407e+01 -1.3240e+02
-9.2063e+01 -8.9915e+01 -7.0452e+01 -5.9997e+01
# New trial
-9.2360e+01 -9.3267e+01 -1.3306e+02 -6.6258e+02
-9.2288e+01 -9.2347e+01 -1.0518e+02 -3.5976e+02
-9.2147e+01 -9.0813e+01 -8.2418e+01 -1.2810e+02
-9.1987e+01 -8.9172e+01 -6.5701e+01 -5.9997e+01
# New trial
-9.2317e+01 -9.2732e+01 -1.2785e+02 -6.3544e+02
-9.2259e+01 -9.1981e+01 -9.9775e+01 -3.1927e+02
-9.2156e+01 -9.0871e+01 -8.1325e+01 -1.0633e+02
-9.2030e+01 -8.9588e+01 -6.7836e+01 -5.9997e+01
# New trial
-9.2308e+01 -9.2412e+01 -1.0091e+02 -3.8347e+02
-9.2267e+01 -9.1990e+01 -9.3204e+01 -2.3024e+02
-9.2182e+01 -9.1128e+01 -8.5028e+01 -2.1836e+02
-9.2109e+01 -9.0377e+01 -7.4822e+01 -8.3931e+01
# New trial
-9.2309e+01 -9.2413e+01 -9.9359e+01 -2.9984e+02
-9.2279e+01 -9.2079e+01 -9.1483e+01 -1.5108e+02
-9.2239e+01 -9.1676e+01 -8.6405e+01 -8.5951e+01
-9.2192e+01 -9.1195e+01 -8.1445e+01 -6.0256e+01
# New trial
-9.2384e+01 -9.3318e+01 -1.2461e+02 -5.7523e+02
-9.2329e+01 -9.2644e+01 -1.0350e+02 -3.5630e+02
-9.2202e+01 -9.1320e+01 -8.4462e+01 -1.0150e+02
-9.2064e+01 -8.9929e+01 -7.1175e+01 -5.9997e+01
# New trial
-9.2317e+01 -9.2514e+01 -1.0423e+02 -3.7239e+02
-9.2274e+01 -9.2038e+01 -9.1895e+01 -2.0691e+02
-9.2196e+01 -9.1240e+01 -8.2658e+01 -1.1469e+02
-9.2105e+01 -9.0328e+01 -7.3808e+01 -6.0366e+01
# New trial
-9.2278e+01 -9.2072e+01 -9.3013e+01 -2.4896e+02
-9.2268e+01 -9.1982e+01 -9.2803e+01 -2.3808e+02
-9.2206e+01 -9.1360e+01 -8.5118e+01 -1.8353e+02
-9.2102e+01 -9.0306e+01 -7.4778e+01 -8.0454e+01
# New trial
-9.2290e+01 -9.2249e+01 -9.9073e+01 -2.6475e+02
-9.2259e+01 -9.1925e+01 -9.3655e+01 -1.8972e+02
-9.2174e+01 -9.1036e+01 -8.1403e+01 -6.8834e+01
-9.2065e+01 -8.9934e+01 -7.0307e+01 -5.9997e+01
# New trial
-9.2282e+01 -9.2260e+01 -1.0512e+02 -3.4668e+02
-9.2255e+01 -9.1983e+01 -1.0126e+02 -3.0889e+02
-9.2173e+01 -9.1067e+01 -8.5010e+01 -1.6077e+02
-9.2022e+01 -8.9511e+01 -6.7525e+01 -5.9997e+01
# New trial
-9.2316e+01 -9.2657e+01 -1.1478e+02 -4.9834e+02
-9.2265e+01 -9.2076e+01 -1.0268e+02 -3.5221e+02
-9.2154e+01 -9.0856e+01 -8.2087e+01 -1.4117e+02
-9.2009e+01 -8.9380e+01 -6.6624e+01 -5.9997e+01
# New trial
-9.2385e+01 -9.3662e+01 -1.3677e+02 -6.8450e+02
-9.2297e+01 -9.2477e+01 -1.1236e+02 -4.8036e+02
-9.2108e+01 -9.0409e+01 -8.1882e+01 -1.9275e+02
-9.1873e+01 -8.8033e+01 -6.1629e+01 -5.9997e+01
# New trial
-9.2442e+01 -9.4237e+01 -1.4368e+02 -7.3990e+02
-9.2320e+01 -9.2593e+01 -1.0477e+02 -3.6632e+02
-9.2156e+01 -9.0864e+01 -8.2415e+01 -1.4441e+02
-9.2008e+01 -8.9364e+01 -6.7938e+01 -6.5518e+01
# New trial
-9.2254e+01 -9.1831e+01 -8.9314e+01 -1.7594e+02
-9.2236e+01 -9.1655e+01 -8.8013e+01 -1.8027e+02
-9.2177e+01 -9.1059e+01 -8.1214e+01 -1.0706e+02
-9.2084e+01 -9.0124e+01 -7.2333e+01 -6.0428e+01
# New trial
-9.2334e+01 -9.2785e+01 -1.2007e+02 -5.7070e+02
-9.2322e+01 -9.2614e+01 -1.0540e+02 -3.6187e+02
-9.2225e+01 -9.1569e+01 -8.8112e+01 -1.5103e+02
-9.2080e+01 -9.0085e+01 -7.2398e+01 -7.2088e+01
# New trial
-9.2276e+01 -9.2079e+01 -9.7923e+01 -3.2290e+02
-9.2258e+01 -9.1887e+01 -9.3166e+01 -2.3641e+02
-9.2180e+01 -9.1095e+01 -8.1904e+01 -1.0040e+02
-9.2073e+01 -9.0017e+01 -7.1967e+01 -6.0064e+01
# New trial
