# 1.0sig - Array shape (trial/sig/alpha): (30, 4, 4)
-1.5202e+02 -1.4965e+02 -1.4817e+02 -4.9664e+02
-1.5187e+02 -1.4813e+02 -1.2342e+02 -1.9475e+02
-1.5150e+02 -1.4433e+02 -8.4560e+01 -5.8783e+01
-1.5116e+02 -1.4097e+02 -6.8644e+01 -5.5532e+01
# New trial
-1.5206e+02 -1.5003e+02 -1.4136e+02 -3.3075e+02
-1.5195e+02 -1.4897e+02 -1.2888e+02 -1.6773e+02
-1.5164e+02 -1.4584e+02 -9.8868e+01 -6.5268e+01
-1.5148e+02 -1.4419e+02 -9.3488e+01 -2.6730e+02
# New trial
-1.5204e+02 -1.4980e+02 -1.3532e+02 -3.0508e+02
-1.5194e+02 -1.4878e+02 -1.2279e+02 -8.9035e+01
-1.5167e+02 -1.4603e+02 -9.6659e+01 -5.9359e+01
-1.5144e+02 -1.4378e+02 -8.0958e+01 -5.5574e+01
# New trial
-1.5203e+02 -1.4973e+02 -1.3835e+02 -5.3233e+02
-1.5192e+02 -1.4864e+02 -1.2484e+02 -1.8539e+02
-1.5168e+02 -1.4614e+02 -9.8014e+01 -5.6649e+01
-1.5158e+02 -1.4516e+02 -8.9372e+01 -5.5422e+01
# New trial
-1.5189e+02 -1.4841e+02 -1.4466e+02 -6.0808e+02
-1.5177e+02 -1.4712e+02 -1.2406e+02 -3.9634e+02
-1.5149e+02 -1.4431e+02 -8.4615e+01 -5.5397e+01
-1.5139e+02 -1.4324e+02 -7.7516e+01 -5.5381e+01
# New trial
-1.5209e+02 -1.5036e+02 -1.5164e+02 -6.6279e+02
-1.5199e+02 -1.4929e+02 -1.2954e+02 -2.3448e+02
-1.5173e+02 -1.4668e+02 -1.0206e+02 -5.6394e+01
-1.5154e+02 -1.4472e+02 -8.9034e+01 -1.3517e+02
# New trial
-1.5217e+02 -1.5112e+02 -1.5104e+02 -5.6378e+02
-1.5211e+02 -1.5044e+02 -1.3611e+02 -2.2724e+02
-1.5200e+02 -1.4937e+02 -1.2452e+02 -7.8305e+01
-1.5200e+02 -1.4927e+02 -1.2325e+02 -1.0275e+02
# New trial
-1.5202e+02 -1.4976e+02 -1.5887e+02 -7.0231e+02
-1.5188e+02 -1.4826e+02 -1.2963e+02 -2.8025e+02
-1.5156e+02 -1.4501e+02 -9.2083e+01 -5.6150e+01
-1.5144e+02 -1.4378e+02 -8.3403e+01 -1.0070e+02
# New trial
-1.5177e+02 -1.4749e+02 -1.3875e+02 -4.4660e+02
-1.5149e+02 -1.4452e+02 -1.0894e+02 -2.5448e+02
-1.5089e+02 -1.3843e+02 -6.8011e+01 -5.5570e+01
-1.5082e+02 -1.3763e+02 -6.3884e+01 -6.2781e+01
# New trial
-1.5204e+02 -1.4993e+02 -1.4777e+02 -5.4298e+02
-1.5188e+02 -1.4830e+02 -1.3184e+02 -4.1067e+02
-1.5149e+02 -1.4424e+02 -8.4796e+01 -5.5435e+01
-1.5122e+02 -1.4160e+02 -7.7902e+01 -1.4689e+02
# New trial
-1.5193e+02 -1.4887e+02 -1.4233e+02 -4.9883e+02
-1.5178e+02 -1.4733e+02 -1.2812e+02 -4.3364e+02
-1.5136e+02 -1.4301e+02 -7.8546e+01 -7.0481e+01
-1.5120e+02 -1.4132e+02 -7.2491e+01 -5.6418e+01
# New trial
-1.5209e+02 -1.5060e+02 -1.7413e+02 -7.9739e+02
-1.5188e+02 -1.4823e+02 -1.2418e+02 -2.0446e+02
-1.5147e+02 -1.4407e+02 -8.0314e+01 -5.5382e+01
-1.5111e+02 -1.4044e+02 -6.5789e+01 -5.5381e+01
# New trial
-1.5212e+02 -1.5074e+02 -1.7070e+02 -8.0469e+02
-1.5192e+02 -1.4869e+02 -1.2992e+02 -2.5429e+02
-1.5167e+02 -1.4608e+02 -9.9914e+01 -5.7691e+01
-1.5162e+02 -1.4556e+02 -9.2629e+01 -6.0148e+01
# New trial
-1.5203e+02 -1.5022e+02 -2.1017e+02 -1.2505e+03
-1.5180e+02 -1.4765e+02 -1.4004e+02 -4.4395e+02
-1.5134e+02 -1.4283e+02 -7.9936e+01 -5.6852e+01
-1.5120e+02 -1.4143e+02 -8.3454e+01 -2.2782e+02
# New trial
-1.5208e+02 -1.5027e+02 -1.5063e+02 -7.0160e+02
-1.5198e+02 -1.4919e+02 -1.3087e+02 -2.3886e+02
-1.5171e+02 -1.4651e+02 -1.0018e+02 -5.5501e+01
-1.5157e+02 -1.4510e+02 -9.4161e+01 -2.0388e+02
# New trial
-1.5189e+02 -1.4900e+02 -2.0019e+02 -1.2420e+03
-1.5171e+02 -1.4695e+02 -1.3994e+02 -4.9154e+02
-1.5123e+02 -1.4182e+02 -7.8727e+01 -5.9462e+01
-1.5120e+02 -1.4145e+02 -9.5539e+01 -3.4252e+02
# New trial
-1.5193e+02 -1.4878e+02 -1.3345e+02 -3.4931e+02
-1.5173e+02 -1.4677e+02 -1.1464e+02 -2.4193e+02
-1.5123e+02 -1.4176e+02 -7.4505e+01 -5.5649e+01
-1.5111e+02 -1.4056e+02 -8.4217e+01 -2.4687e+02
# New trial
-1.5201e+02 -1.4954e+02 -1.3808e+02 -3.4409e+02
-1.5187e+02 -1.4818e+02 -1.2450e+02 -1.7654e+02
-1.5153e+02 -1.4475e+02 -8.9096e+01 -6.2734e+01
-1.5149e+02 -1.4429e+02 -9.2088e+01 -2.2677e+02
# New trial
-1.5208e+02 -1.5047e+02 -1.7496e+02 -8.8441e+02
-1.5193e+02 -1.4890e+02 -1.4668e+02 -4.8073e+02
-1.5153e+02 -1.4470e+02 -8.8974e+01 -5.8888e+01
-1.5127e+02 -1.4204e+02 -7.7716e+01 -1.2743e+02
# New trial
-1.5211e+02 -1.5060e+02 -1.5844e+02 -7.3091e+02
-1.5202e+02 -1.4958e+02 -1.3293e+02 -2.4981e+02
-1.5179e+02 -1.4720e+02 -1.0381e+02 -5.5382e+01
-1.5160e+02 -1.4528e+02 -8.8719e+01 -5.5382e+01
# New trial
-1.5199e+02 -1.4960e+02 -1.6474e+02 -7.4052e+02
-1.5177e+02 -1.4727e+02 -1.2275e+02 -2.3219e+02
-1.5156e+02 -1.4508e+02 -9.5855e+01 -5.7502e+01
-1.5178e+02 -1.4711e+02 -1.0601e+02 -1.6045e+02
# New trial
-1.5205e+02 -1.4986e+02 -1.4931e+02 -6.9499e+02
-1.5195e+02 -1.4888e+02 -1.2178e+02 -7.4059e+01
-1.5173e+02 -1.4662e+02 -9.9677e+01 -5.5403e+01
-1.5153e+02 -1.4463e+02 -8.3850e+01 -5.5382e+01
# New trial
-1.5203e+02 -1.4998e+02 -1.6859e+02 -7.3740e+02
-1.5176e+02 -1.4713e+02 -1.1911e+02 -2.7824e+02
-1.5140e+02 -1.4343e+02 -8.3119e+01 -5.7150e+01
-1.5142e+02 -1.4359e+02 -8.6168e+01 -1.3266e+02
# New trial
-1.5197e+02 -1.4938e+02 -1.5540e+02 -4.9106e+02
-1.5173e+02 -1.4685e+02 -1.2021e+02 -1.9593e+02
-1.5120e+02 -1.4150e+02 -7.5362e+01 -5.7079e+01
-1.5087e+02 -1.3816e+02 -7.4264e+01 -1.7661e+02
# New trial
-1.5206e+02 -1.5066e+02 -2.1220e+02 -1.3168e+03
-1.5182e+02 -1.4794e+02 -1.3996e+02 -3.8902e+02
-1.5131e+02 -1.4258e+02 -7.6576e+01 -5.5382e+01
-1.5118e+02 -1.4118e+02 -7.1326e+01 -7.9519e+01
# New trial
-1.5210e+02 -1.5037e+02 -1.3730e+02 -2.2102e+02
-1.5195e+02 -1.4883e+02 -1.2133e+02 -8.4453e+01
-1.5164e+02 -1.4572e+02 -9.3255e+01 -5.5531e+01
-1.5157e+02 -1.4504e+02 -8.8754e+01 -1.1091e+02
# New trial
-1.5200e+02 -1.4945e+02 -1.5279e+02 -6.6964e+02
-1.5190e+02 -1.4846e+02 -1.2869e+02 -2.9575e+02
-1.5164e+02 -1.4573e+02 -9.5834e+01 -5.6796e+01
-1.5151e+02 -1.4447e+02 -8.5034e+01 -6.6090e+01
# New trial
-1.5204e+02 -1.5032e+02 -1.7482e+02 -9.0338e+02
-1.5182e+02 -1.4793e+02 -1.3566e+02 -3.9430e+02
-1.5130e+02 -1.4249e+02 -7.9451e+01 -8.5897e+01
-1.5104e+02 -1.3983e+02 -6.8006e+01 -8.2330e+01
# New trial
-1.5209e+02 -1.5028e+02 -1.4575e+02 -4.2320e+02
-1.5192e+02 -1.4862e+02 -1.2542e+02 -2.1932e+02
-1.5156e+02 -1.4497e+02 -9.1143e+01 -5.5424e+01
-1.5147e+02 -1.4403e+02 -8.2694e+01 -5.5382e+01
# New trial
-1.5200e+02 -1.4945e+02 -1.4107e+02 -5.3084e+02
-1.5191e+02 -1.4846e+02 -1.2410e+02 -2.3881e+02
-1.5162e+02 -1.4558e+02 -9.1174e+01 -5.5381e+01
-1.5141e+02 -1.4342e+02 -7.8431e+01 -5.5381e+01
# New trial
