# 1.0sig - Array shape (trial/sig/alpha): (30, 4, 4)
-1.4301e+02 -1.4248e+02 -1.3962e+02 -1.8804e+02
-1.4298e+02 -1.4218e+02 -1.3563e+02 -1.3913e+02
-1.4291e+02 -1.4145e+02 -1.2836e+02 -1.1999e+02
-1.4285e+02 -1.4086e+02 -1.2415e+02 -1.1999e+02
# New trial
-1.4302e+02 -1.4257e+02 -1.3924e+02 -1.4864e+02
-1.4299e+02 -1.4233e+02 -1.3712e+02 -1.3980e+02
-1.4292e+02 -1.4164e+02 -1.3090e+02 -1.2026e+02
-1.4285e+02 -1.4093e+02 -1.2578e+02 -1.2960e+02
# New trial
-1.4302e+02 -1.4261e+02 -1.3931e+02 -1.6554e+02
-1.4300e+02 -1.4239e+02 -1.3702e+02 -1.2443e+02
-1.4294e+02 -1.4178e+02 -1.3162e+02 -1.2116e+02
-1.4288e+02 -1.4120e+02 -1.2916e+02 -1.6442e+02
# New trial
-1.4302e+02 -1.4257e+02 -1.4261e+02 -2.7249e+02
-1.4299e+02 -1.4231e+02 -1.3715e+02 -1.5655e+02
-1.4294e+02 -1.4177e+02 -1.3113e+02 -1.2016e+02
-1.4293e+02 -1.4166e+02 -1.2992e+02 -1.1999e+02
# New trial
-1.4299e+02 -1.4235e+02 -1.4238e+02 -2.4240e+02
-1.4296e+02 -1.4200e+02 -1.3573e+02 -1.7627e+02
-1.4290e+02 -1.4135e+02 -1.2845e+02 -1.2032e+02
-1.4287e+02 -1.4107e+02 -1.2962e+02 -1.8632e+02
# New trial
-1.4303e+02 -1.4270e+02 -1.4125e+02 -2.3324e+02
-1.4301e+02 -1.4246e+02 -1.3779e+02 -1.5978e+02
-1.4295e+02 -1.4189e+02 -1.3222e+02 -1.2116e+02
-1.4290e+02 -1.4141e+02 -1.2800e+02 -1.2004e+02
# New trial
-1.4305e+02 -1.4288e+02 -1.4224e+02 -2.1971e+02
-1.4303e+02 -1.4273e+02 -1.3995e+02 -1.5177e+02
-1.4301e+02 -1.4245e+02 -1.3708e+02 -1.2217e+02
-1.4299e+02 -1.4232e+02 -1.3591e+02 -1.3822e+02
# New trial
-1.4303e+02 -1.4267e+02 -1.4355e+02 -2.5005e+02
-1.4299e+02 -1.4230e+02 -1.3753e+02 -1.9225e+02
-1.4291e+02 -1.4150e+02 -1.2895e+02 -1.1999e+02
-1.4284e+02 -1.4075e+02 -1.2420e+02 -1.2012e+02
# New trial
-1.4296e+02 -1.4206e+02 -1.3976e+02 -2.2214e+02
-1.4291e+02 -1.4151e+02 -1.3408e+02 -1.8079e+02
-1.4279e+02 -1.4029e+02 -1.2377e+02 -1.2003e+02
-1.4272e+02 -1.3960e+02 -1.2169e+02 -1.2004e+02
# New trial
-1.4303e+02 -1.4265e+02 -1.4081e+02 -2.1442e+02
-1.4299e+02 -1.4233e+02 -1.3755e+02 -1.9221e+02
-1.4291e+02 -1.4145e+02 -1.2878e+02 -1.2222e+02
-1.4284e+02 -1.4076e+02 -1.2606e+02 -1.4623e+02
# New trial
-1.4300e+02 -1.4245e+02 -1.4016e+02 -2.0937e+02
-1.4297e+02 -1.4213e+02 -1.3723e+02 -1.8791e+02
-1.4289e+02 -1.4126e+02 -1.2813e+02 -1.3620e+02
-1.4281e+02 -1.4054e+02 -1.2538e+02 -1.3332e+02
# New trial
-1.4301e+02 -1.4251e+02 -1.4215e+02 -2.4237e+02
-1.4297e+02 -1.4212e+02 -1.3476e+02 -1.3598e+02
-1.4290e+02 -1.4136e+02 -1.2722e+02 -1.1999e+02
-1.4282e+02 -1.4057e+02 -1.2331e+02 -1.1999e+02
# New trial
-1.4305e+02 -1.4287e+02 -1.4551e+02 -2.7734e+02
-1.4301e+02 -1.4248e+02 -1.3922e+02 -1.7510e+02
-1.4294e+02 -1.4179e+02 -1.3184e+02 -1.2001e+02
-1.4291e+02 -1.4148e+02 -1.2862e+02 -1.2000e+02
# New trial
-1.4302e+02 -1.4264e+02 -1.5227e+02 -3.6254e+02
-1.4296e+02 -1.4206e+02 -1.3783e+02 -1.8640e+02
-1.4285e+02 -1.4091e+02 -1.2447e+02 -1.1999e+02
-1.4279e+02 -1.4025e+02 -1.2207e+02 -1.1999e+02
# New trial
-1.4302e+02 -1.4262e+02 -1.4009e+02 -1.9322e+02
-1.4300e+02 -1.4239e+02 -1.3737e+02 -1.4894e+02
-1.4295e+02 -1.4185e+02 -1.3209e+02 -1.2030e+02
-1.4292e+02 -1.4158e+02 -1.3028e+02 -1.4471e+02
# New trial
-1.4300e+02 -1.4253e+02 -1.5225e+02 -3.5255e+02
-1.4295e+02 -1.4195e+02 -1.3945e+02 -2.0254e+02
-1.4282e+02 -1.4063e+02 -1.2442e+02 -1.1999e+02
-1.4280e+02 -1.4035e+02 -1.2366e+02 -1.2000e+02
# New trial
-1.4299e+02 -1.4232e+02 -1.3795e+02 -1.7078e+02
-1.4295e+02 -1.4193e+02 -1.3438e+02 -1.5082e+02
-1.4285e+02 -1.4095e+02 -1.2606e+02 -1.2017e+02
-1.4280e+02 -1.4036e+02 -1.2312e+02 -1.2000e+02
# New trial
-1.4301e+02 -1.4250e+02 -1.3871e+02 -1.6735e+02
-1.4298e+02 -1.4222e+02 -1.3625e+02 -1.4376e+02
-1.4291e+02 -1.4145e+02 -1.2909e+02 -1.2000e+02
-1.4287e+02 -1.4109e+02 -1.2735e+02 -1.4315e+02
# New trial
-1.4302e+02 -1.4259e+02 -1.4496e+02 -2.6974e+02
-1.4299e+02 -1.4228e+02 -1.3925e+02 -1.9100e+02
-1.4291e+02 -1.4145e+02 -1.2827e+02 -1.1999e+02
-1.4285e+02 -1.4092e+02 -1.2487e+02 -1.1999e+02
# New trial
-1.4302e+02 -1.4257e+02 -1.4056e+02 -2.2958e+02
-1.4300e+02 -1.4242e+02 -1.3709e+02 -1.2853e+02
-1.4297e+02 -1.4203e+02 -1.3305e+02 -1.1999e+02
-1.4293e+02 -1.4169e+02 -1.3000e+02 -1.1999e+02
# New trial
-1.4301e+02 -1.4256e+02 -1.4313e+02 -2.4706e+02
-1.4297e+02 -1.4213e+02 -1.3633e+02 -1.4481e+02
-1.4291e+02 -1.4149e+02 -1.2994e+02 -1.2004e+02
-1.4292e+02 -1.4159e+02 -1.2965e+02 -1.2223e+02
# New trial
-1.4303e+02 -1.4272e+02 -1.4255e+02 -2.3991e+02
-1.4301e+02 -1.4248e+02 -1.3762e+02 -1.2377e+02
-1.4296e+02 -1.4197e+02 -1.3271e+02 -1.2023e+02
-1.4289e+02 -1.4128e+02 -1.2691e+02 -1.1999e+02
# New trial
-1.4300e+02 -1.4239e+02 -1.4131e+02 -2.2681e+02
-1.4295e+02 -1.4189e+02 -1.3348e+02 -1.2834e+02
-1.4287e+02 -1.4113e+02 -1.2710e+02 -1.2000e+02
-1.4285e+02 -1.4094e+02 -1.2606e+02 -1.2576e+02
# New trial
-1.4300e+02 -1.4240e+02 -1.4048e+02 -1.7637e+02
-1.4295e+02 -1.4190e+02 -1.3453e+02 -1.3617e+02
-1.4284e+02 -1.4078e+02 -1.2510e+02 -1.2003e+02
-1.4277e+02 -1.4012e+02 -1.2696e+02 -1.7479e+02
# New trial
-1.4302e+02 -1.4276e+02 -1.5349e+02 -3.4123e+02
-1.4296e+02 -1.4207e+02 -1.3779e+02 -1.6307e+02
-1.4285e+02 -1.4091e+02 -1.2591e+02 -1.2001e+02
-1.4278e+02 -1.4018e+02 -1.2268e+02 -1.1999e+02
# New trial
-1.4303e+02 -1.4273e+02 -1.3999e+02 -1.4502e+02
-1.4300e+02 -1.4242e+02 -1.3700e+02 -1.2747e+02
-1.4293e+02 -1.4166e+02 -1.2996e+02 -1.1999e+02
-1.4287e+02 -1.4108e+02 -1.2530e+02 -1.1999e+02
# New trial
-1.4301e+02 -1.4249e+02 -1.4258e+02 -2.6169e+02
-1.4298e+02 -1.4224e+02 -1.3687e+02 -1.6056e+02
-1.4292e+02 -1.4158e+02 -1.2984e+02 -1.2003e+02
-1.4286e+02 -1.4102e+02 -1.2560e+02 -1.1999e+02
# New trial
-1.4302e+02 -1.4262e+02 -1.4415e+02 -2.3399e+02
-1.4297e+02 -1.4213e+02 -1.3739e+02 -1.8487e+02
-1.4285e+02 -1.4092e+02 -1.2542e+02 -1.2004e+02
-1.4274e+02 -1.3979e+02 -1.2132e+02 -1.1999e+02
# New trial
-1.4303e+02 -1.4269e+02 -1.4099e+02 -1.8934e+02
-1.4300e+02 -1.4239e+02 -1.3764e+02 -1.6079e+02
-1.4292e+02 -1.4156e+02 -1.3038e+02 -1.2030e+02
-1.4287e+02 -1.4108e+02 -1.2759e+02 -1.3702e+02
# New trial
-1.4302e+02 -1.4263e+02 -1.4074e+02 -2.2012e+02
-1.4300e+02 -1.4240e+02 -1.3771e+02 -1.6317e+02
-1.4293e+02 -1.4169e+02 -1.3027e+02 -1.2005e+02
-1.4285e+02 -1.4085e+02 -1.2436e+02 -1.1999e+02
# New trial
