# 1.0sig - Array shape (trial/sig/alpha): (30L, 4L, 4L)
-7.3777e+01 -7.3451e+01 -9.5313e+01 -4.8343e+02
-7.3719e+01 -7.2770e+01 -7.7046e+01 -2.6761e+02
-7.3571e+01 -7.1182e+01 -5.4483e+01 -1.4924e+02
-7.3533e+01 -7.0766e+01 -5.0796e+01 -7.3469e+01
# New trial
-7.3668e+01 -7.2358e+01 -7.8051e+01 -3.0446e+02
-7.3631e+01 -7.1899e+01 -6.3570e+01 -8.4264e+01
-7.3610e+01 -7.1609e+01 -5.7193e+01 -9.6244e+01
-7.3671e+01 -7.2147e+01 -5.9184e+01 -6.0844e+01
# New trial
-7.3740e+01 -7.2933e+01 -7.8260e+01 -3.3966e+02
-7.3690e+01 -7.2411e+01 -6.7094e+01 -1.4549e+02
-7.3628e+01 -7.1754e+01 -5.7207e+01 -1.0228e+02
-7.3639e+01 -7.1824e+01 -5.6586e+01 -7.0583e+01
# New trial
-7.3719e+01 -7.2729e+01 -7.5272e+01 -3.0804e+02
-7.3689e+01 -7.2433e+01 -6.9965e+01 -1.8568e+02
-7.3649e+01 -7.1952e+01 -5.9492e+01 -1.0040e+02
-7.3647e+01 -7.1905e+01 -5.7657e+01 -7.9549e+01
# New trial
-7.3681e+01 -7.2579e+01 -1.0127e+02 -5.9662e+02
-7.3625e+01 -7.1860e+01 -7.1242e+01 -2.7010e+02
-7.3560e+01 -7.1103e+01 -5.5470e+01 -1.6033e+02
-7.3594e+01 -7.1387e+01 -5.6375e+01 -9.9611e+01
# New trial
-7.3697e+01 -7.2535e+01 -7.8133e+01 -3.5284e+02
-7.3684e+01 -7.2360e+01 -6.7743e+01 -1.8984e+02
-7.3644e+01 -7.1892e+01 -5.7913e+01 -1.0339e+02
-7.3660e+01 -7.2029e+01 -5.7798e+01 -8.9374e+01
# New trial
-7.3798e+01 -7.3511e+01 -8.4031e+01 -3.9035e+02
-7.3760e+01 -7.3057e+01 -6.9884e+01 -2.0198e+02
-7.3732e+01 -7.2749e+01 -6.3983e+01 -7.6588e+01
-7.3760e+01 -7.3027e+01 -6.5963e+01 -4.7176e+01
# New trial
-7.3735e+01 -7.2962e+01 -8.3760e+01 -3.9261e+02
-7.3686e+01 -7.2399e+01 -6.9357e+01 -2.1123e+02
-7.3606e+01 -7.1526e+01 -5.5939e+01 -1.0064e+02
-7.3669e+01 -7.2121e+01 -5.8644e+01 -6.1066e+01
# New trial
-7.3694e+01 -7.3091e+01 -1.0023e+02 -5.4921e+02
-7.3565e+01 -7.1573e+01 -8.3326e+01 -4.2496e+02
-7.3397e+01 -6.9552e+01 -5.9320e+01 -2.4880e+02
-7.3574e+01 -7.1185e+01 -5.5617e+01 -9.2290e+01
# New trial
-7.3742e+01 -7.3032e+01 -8.0847e+01 -3.2145e+02
-7.3687e+01 -7.2463e+01 -7.4369e+01 -2.8163e+02
-7.3569e+01 -7.1177e+01 -5.5571e+01 -1.1305e+02
-7.3556e+01 -7.0998e+01 -5.3485e+01 -5.2306e+01
# New trial
-7.3637e+01 -7.2220e+01 -8.5081e+01 -4.0035e+02
-7.3589e+01 -7.1625e+01 -7.4252e+01 -3.1816e+02
-7.3510e+01 -7.0615e+01 -5.4040e+01 -1.4880e+02
-7.3562e+01 -7.1068e+01 -5.3888e+01 -6.9659e+01
# New trial
-7.3721e+01 -7.2948e+01 -9.8514e+01 -5.7225e+02
-7.3659e+01 -7.2152e+01 -7.1240e+01 -2.5480e+02
-7.3556e+01 -7.1026e+01 -5.3553e+01 -1.3880e+02
-7.3529e+01 -7.0730e+01 -5.1075e+01 -5.7257e+01
# New trial
-7.3660e+01 -7.2359e+01 -9.3536e+01 -5.0718e+02
-7.3619e+01 -7.1776e+01 -6.6152e+01 -1.6335e+02
-7.3616e+01 -7.1636e+01 -5.6292e+01 -9.1595e+01
-7.3691e+01 -7.2335e+01 -6.0238e+01 -5.6008e+01
# New trial
-7.3700e+01 -7.3021e+01 -1.2218e+02 -8.4327e+02
-7.3639e+01 -7.2195e+01 -8.7026e+01 -4.1898e+02
-7.3524e+01 -7.0770e+01 -5.6525e+01 -1.4974e+02
-7.3607e+01 -7.1530e+01 -6.6576e+01 -3.0684e+02
# New trial
-7.3704e+01 -7.2710e+01 -9.0134e+01 -4.9864e+02
-7.3674e+01 -7.2296e+01 -7.0225e+01 -1.7733e+02
-7.3652e+01 -7.1977e+01 -5.9023e+01 -1.0202e+02
-7.3676e+01 -7.2191e+01 -5.9731e+01 -8.9633e+01
# New trial
-7.3575e+01 -7.2012e+01 -1.1202e+02 -7.4495e+02
-7.3515e+01 -7.1201e+01 -8.0142e+01 -3.6133e+02
-7.3463e+01 -7.0211e+01 -5.0694e+01 -1.1515e+02
-7.3605e+01 -7.1494e+01 -5.6308e+01 -4.7811e+01
# New trial
-7.3670e+01 -7.2456e+01 -8.2461e+01 -3.2975e+02
-7.3593e+01 -7.1618e+01 -7.0165e+01 -2.3766e+02
-7.3450e+01 -7.0037e+01 -4.9890e+01 -1.2078e+02
-7.3631e+01 -7.1756e+01 -5.6872e+01 -1.6122e+02
# New trial
-7.3672e+01 -7.2350e+01 -7.5265e+01 -3.0047e+02
-7.3636e+01 -7.1966e+01 -6.8728e+01 -1.9347e+02
-7.3578e+01 -7.1259e+01 -5.5054e+01 -1.0692e+02
-7.3644e+01 -7.1867e+01 -5.7360e+01 -9.2473e+01
# New trial
-7.3637e+01 -7.2196e+01 -9.3350e+01 -4.8810e+02
-7.3651e+01 -7.2202e+01 -8.1015e+01 -3.3788e+02
-7.3574e+01 -7.1223e+01 -5.5793e+01 -1.2259e+02
-7.3548e+01 -7.0924e+01 -5.3935e+01 -1.2309e+02
# New trial
-7.3819e+01 -7.3802e+01 -9.4729e+01 -4.9616e+02
-7.3778e+01 -7.3308e+01 -7.9873e+01 -3.2941e+02
-7.3681e+01 -7.2257e+01 -6.1248e+01 -1.3193e+02
-7.3665e+01 -7.2083e+01 -5.8467e+01 -1.1483e+02
# New trial
-7.3635e+01 -7.2267e+01 -9.9735e+01 -5.9002e+02
-7.3569e+01 -7.1373e+01 -6.5338e+01 -1.6112e+02
-7.3638e+01 -7.1870e+01 -5.9601e+01 -9.2749e+01
-7.3780e+01 -7.3235e+01 -6.8857e+01 -1.2900e+02
# New trial
-7.3698e+01 -7.2576e+01 -8.5807e+01 -4.6239e+02
-7.3688e+01 -7.2370e+01 -6.6060e+01 -1.3831e+02
-7.3628e+01 -7.1722e+01 -5.5560e+01 -7.8560e+01
-7.3666e+01 -7.2090e+01 -5.7994e+01 -4.8500e+01
# New trial
-7.3755e+01 -7.3381e+01 -1.0472e+02 -6.3865e+02
-7.3659e+01 -7.2305e+01 -7.6695e+01 -2.9691e+02
-7.3590e+01 -7.1431e+01 -5.9196e+01 -1.2599e+02
-7.3691e+01 -7.2351e+01 -6.3635e+01 -2.0507e+02
# New trial
-7.3741e+01 -7.3417e+01 -9.9183e+01 -5.2399e+02
-7.3654e+01 -7.2349e+01 -7.7757e+01 -2.9703e+02
-7.3497e+01 -7.0571e+01 -5.6299e+01 -1.6022e+02
-7.3446e+01 -6.9960e+01 -5.6713e+01 -2.0907e+02
# New trial
-7.3805e+01 -7.4078e+01 -1.1984e+02 -7.9304e+02
-7.3723e+01 -7.2956e+01 -8.4980e+01 -3.7225e+02
-7.3532e+01 -7.0841e+01 -5.5535e+01 -1.3615e+02
-7.3632e+01 -7.1753e+01 -5.8215e+01 -7.1763e+01
# New trial
-7.3708e+01 -7.2576e+01 -6.8569e+01 -1.8384e+02
-7.3673e+01 -7.2228e+01 -6.4259e+01 -1.1403e+02
-7.3608e+01 -7.1564e+01 -5.8532e+01 -1.1399e+02
-7.3693e+01 -7.2367e+01 -6.1524e+01 -8.7630e+01
# New trial
-7.3706e+01 -7.2687e+01 -8.5728e+01 -4.4559e+02
-7.3700e+01 -7.2566e+01 -7.3452e+01 -2.3762e+02
-7.3642e+01 -7.1894e+01 -5.8963e+01 -1.1008e+02
-7.3669e+01 -7.2141e+01 -5.9425e+01 -5.7651e+01
# New trial
-7.3697e+01 -7.3350e+01 -1.1234e+02 -7.2768e+02
-7.3675e+01 -7.2638e+01 -8.3456e+01 -3.5434e+02
-7.3537e+01 -7.0908e+01 -5.5318e+01 -1.4059e+02
-7.3516e+01 -7.0617e+01 -5.2461e+01 -6.9329e+01
# New trial
-7.3681e+01 -7.2497e+01 -8.2562e+01 -3.7438e+02
-7.3608e+01 -7.1666e+01 -6.3689e+01 -1.4241e+02
-7.3560e+01 -7.1109e+01 -5.3494e+01 -9.1380e+01
-7.3665e+01 -7.2096e+01 -5.9051e+01 -6.1028e+01
# New trial
-7.3676e+01 -7.2414e+01 -8.7213e+01 -4.8638e+02
-7.3681e+01 -7.2366e+01 -7.1812e+01 -2.3077e+02
-7.3618e+01 -7.1651e+01 -5.7358e+01 -1.4517e+02
-7.3582e+01 -7.1260e+01 -5.4411e+01 -9.0120e+01
# New trial
