# 1.0sig - Array shape (trial/sig/alpha): (30, 4, 4)
-1.3361e+02 -1.3169e+02 -1.2793e+02 -3.9978e+02
-1.3351e+02 -1.3063e+02 -1.1024e+02 -1.4398e+02
-1.3324e+02 -1.2790e+02 -8.1913e+01 -6.4612e+01
-1.3301e+02 -1.2557e+02 -7.2401e+01 -6.4612e+01
# New trial
-1.3367e+02 -1.3225e+02 -1.2582e+02 -2.5658e+02
-1.3359e+02 -1.3143e+02 -1.1642e+02 -1.3711e+02
-1.3336e+02 -1.2911e+02 -9.3584e+01 -6.4636e+01
-1.3324e+02 -1.2784e+02 -8.3002e+01 -6.4612e+01
# New trial
-1.3367e+02 -1.3222e+02 -1.2447e+02 -2.7666e+02
-1.3360e+02 -1.3148e+02 -1.1453e+02 -8.1972e+01
-1.3339e+02 -1.2934e+02 -9.3827e+01 -6.4730e+01
-1.3319e+02 -1.2743e+02 -8.6010e+01 -1.7633e+02
# New trial
-1.3366e+02 -1.3212e+02 -1.3058e+02 -5.3610e+02
-1.3358e+02 -1.3134e+02 -1.1739e+02 -2.0756e+02
-1.3341e+02 -1.2961e+02 -9.7781e+01 -6.6289e+01
-1.3336e+02 -1.2905e+02 -9.1424e+01 -6.6090e+01
# New trial
-1.3357e+02 -1.3134e+02 -1.3789e+02 -5.4664e+02
-1.3345e+02 -1.3007e+02 -1.0957e+02 -2.2585e+02
-1.3325e+02 -1.2797e+02 -8.3214e+01 -6.4612e+01
-1.3319e+02 -1.2742e+02 -8.1214e+01 -6.4634e+01
# New trial
-1.3367e+02 -1.3221e+02 -1.2624e+02 -4.2174e+02
-1.3360e+02 -1.3150e+02 -1.1460e+02 -2.0004e+02
-1.3340e+02 -1.2953e+02 -9.4115e+01 -6.4613e+01
-1.3324e+02 -1.2786e+02 -8.2416e+01 -6.4612e+01
# New trial
-1.3375e+02 -1.3300e+02 -1.3149e+02 -3.5505e+02
-1.3370e+02 -1.3242e+02 -1.2073e+02 -1.0976e+02
-1.3361e+02 -1.3159e+02 -1.1189e+02 -7.0038e+01
-1.3362e+02 -1.3168e+02 -1.1273e+02 -6.8950e+01
# New trial
-1.3369e+02 -1.3257e+02 -1.4338e+02 -5.6823e+02
-1.3357e+02 -1.3126e+02 -1.2045e+02 -3.2447e+02
-1.3332e+02 -1.2874e+02 -9.2170e+01 -6.5573e+01
-1.3325e+02 -1.2800e+02 -8.6374e+01 -1.0757e+02
# New trial
-1.3351e+02 -1.3080e+02 -1.2743e+02 -4.2772e+02
-1.3330e+02 -1.2859e+02 -1.0116e+02 -1.7680e+02
-1.3285e+02 -1.2405e+02 -7.2271e+01 -6.4619e+01
-1.3272e+02 -1.2281e+02 -8.2394e+01 -2.0945e+02
# New trial
-1.3362e+02 -1.3176e+02 -1.2292e+02 -3.0952e+02
-1.3352e+02 -1.3070e+02 -1.1175e+02 -2.0802e+02
-1.3325e+02 -1.2795e+02 -8.2169e+01 -6.4612e+01
-1.3307e+02 -1.2622e+02 -7.6576e+01 -6.4612e+01
# New trial
-1.3357e+02 -1.3132e+02 -1.2964e+02 -4.1588e+02
-1.3346e+02 -1.3018e+02 -1.1780e+02 -3.0988e+02
-1.3314e+02 -1.2694e+02 -7.9474e+01 -6.4615e+01
-1.3302e+02 -1.2574e+02 -7.5294e+01 -6.4612e+01
# New trial
-1.3365e+02 -1.3217e+02 -1.4258e+02 -5.5675e+02
-1.3352e+02 -1.3067e+02 -1.0991e+02 -1.8260e+02
-1.3325e+02 -1.2794e+02 -8.2400e+01 -6.4612e+01
-1.3301e+02 -1.2564e+02 -8.0240e+01 -1.4996e+02
# New trial
-1.3369e+02 -1.3248e+02 -1.4341e+02 -5.7266e+02
-1.3357e+02 -1.3119e+02 -1.1700e+02 -2.3280e+02
-1.3339e+02 -1.2938e+02 -9.4718e+01 -6.4708e+01
-1.3336e+02 -1.2904e+02 -9.0790e+01 -6.4612e+01
# New trial
-1.3366e+02 -1.3255e+02 -1.7950e+02 -9.6722e+02
-1.3350e+02 -1.3065e+02 -1.2818e+02 -3.5795e+02
-1.3315e+02 -1.2702e+02 -7.8509e+01 -6.4612e+01
-1.3304e+02 -1.2584e+02 -7.4682e+01 -6.4612e+01
# New trial
-1.3369e+02 -1.3249e+02 -1.3336e+02 -4.9040e+02
-1.3362e+02 -1.3171e+02 -1.1960e+02 -2.2340e+02
-1.3343e+02 -1.2981e+02 -9.8645e+01 -6.7092e+01
-1.3330e+02 -1.2848e+02 -8.9940e+01 -1.4441e+02
# New trial
-1.3359e+02 -1.3201e+02 -1.7145e+02 -9.1342e+02
-1.3344e+02 -1.3033e+02 -1.2980e+02 -3.6015e+02
-1.3304e+02 -1.2612e+02 -8.1224e+01 -6.5236e+01
-1.3300e+02 -1.2553e+02 -8.4553e+01 -2.1026e+02
# New trial
-1.3362e+02 -1.3174e+02 -1.2653e+02 -3.0756e+02
-1.3347e+02 -1.3033e+02 -1.1307e+02 -2.4099e+02
-1.3309e+02 -1.2643e+02 -7.8843e+01 -6.4617e+01
-1.3297e+02 -1.2516e+02 -7.1681e+01 -6.4612e+01
# New trial
-1.3364e+02 -1.3193e+02 -1.2441e+02 -2.6531e+02
-1.3354e+02 -1.3097e+02 -1.1541e+02 -1.9964e+02
-1.3330e+02 -1.2849e+02 -8.9618e+01 -7.8539e+01
-1.3327e+02 -1.2823e+02 -8.7213e+01 -8.2764e+01
# New trial
-1.3365e+02 -1.3215e+02 -1.4368e+02 -6.5007e+02
-1.3356e+02 -1.3116e+02 -1.2567e+02 -3.7721e+02
-1.3329e+02 -1.2839e+02 -8.8957e+01 -6.6844e+01
-1.3310e+02 -1.2650e+02 -7.7466e+01 -6.4622e+01
# New trial
-1.3371e+02 -1.3263e+02 -1.4040e+02 -5.4613e+02
-1.3364e+02 -1.3190e+02 -1.2080e+02 -2.0533e+02
-1.3347e+02 -1.3017e+02 -9.8999e+01 -6.4613e+01
-1.3332e+02 -1.2870e+02 -8.7817e+01 -6.4612e+01
# New trial
-1.3360e+02 -1.3170e+02 -1.4057e+02 -5.5368e+02
-1.3346e+02 -1.3020e+02 -1.1053e+02 -1.7355e+02
-1.3333e+02 -1.2880e+02 -9.3165e+01 -6.4738e+01
-1.3349e+02 -1.3033e+02 -1.0114e+02 -7.0988e+01
# New trial
-1.3367e+02 -1.3224e+02 -1.3349e+02 -5.3521e+02
-1.3359e+02 -1.3143e+02 -1.1328e+02 -8.4729e+01
-1.3342e+02 -1.2968e+02 -9.4965e+01 -6.4612e+01
-1.3329e+02 -1.2836e+02 -8.4933e+01 -6.4612e+01
# New trial
-1.3363e+02 -1.3204e+02 -1.4196e+02 -5.2810e+02
-1.3345e+02 -1.3010e+02 -1.1290e+02 -2.5093e+02
-1.3321e+02 -1.2765e+02 -8.7250e+01 -6.4968e+01
-1.3326e+02 -1.2808e+02 -8.7058e+01 -7.7565e+01
# New trial
-1.3370e+02 -1.3271e+02 -1.4067e+02 -3.8500e+02
-1.3351e+02 -1.3072e+02 -1.1727e+02 -2.3738e+02
-1.3310e+02 -1.2664e+02 -8.3854e+01 -6.6741e+01
-1.3286e+02 -1.2423e+02 -9.3572e+01 -3.1452e+02
# New trial
-1.3373e+02 -1.3338e+02 -1.8396e+02 -9.9705e+02
-1.3354e+02 -1.3111e+02 -1.2817e+02 -3.1312e+02
-1.3314e+02 -1.2696e+02 -8.0291e+01 -6.4612e+01
-1.3298e+02 -1.2536e+02 -7.6046e+01 -9.8488e+01
# New trial
-1.3369e+02 -1.3241e+02 -1.2198e+02 -1.6848e+02
-1.3359e+02 -1.3135e+02 -1.1173e+02 -8.9232e+01
-1.3336e+02 -1.2907e+02 -9.2329e+01 -6.5566e+01
-1.3330e+02 -1.2846e+02 -8.6264e+01 -6.5933e+01
# New trial
-1.3365e+02 -1.3204e+02 -1.3640e+02 -5.3852e+02
-1.3357e+02 -1.3126e+02 -1.1812e+02 -2.4455e+02
-1.3337e+02 -1.2915e+02 -9.2723e+01 -6.4617e+01
-1.3324e+02 -1.2784e+02 -8.2666e+01 -6.4612e+01
# New trial
-1.3366e+02 -1.3237e+02 -1.4387e+02 -5.2911e+02
-1.3350e+02 -1.3067e+02 -1.1679e+02 -1.8333e+02
-1.3315e+02 -1.2702e+02 -8.3790e+01 -9.0874e+01
-1.3301e+02 -1.2560e+02 -7.7722e+01 -1.0067e+02
# New trial
-1.3368e+02 -1.3238e+02 -1.2911e+02 -3.4203e+02
-1.3357e+02 -1.3121e+02 -1.1488e+02 -1.6830e+02
-1.3332e+02 -1.2868e+02 -9.1617e+01 -6.5353e+01
-1.3328e+02 -1.2827e+02 -8.6281e+01 -6.6724e+01
# New trial
-1.3364e+02 -1.3196e+02 -1.2711e+02 -4.0398e+02
-1.3357e+02 -1.3126e+02 -1.1502e+02 -1.2560e+02
-1.3337e+02 -1.2916e+02 -9.1300e+01 -6.4708e+01
-1.3323e+02 -1.2778e+02 -8.2408e+01 -6.4612e+01
# New trial
