# 10.0sig - Array shape (trial/sig/alpha): (30, 4, 4)
-1.2917e+02 -1.2873e+02 -1.2816e+02 -3.4272e+02
-1.2916e+02 -1.2863e+02 -1.2617e+02 -3.0609e+02
-1.2912e+02 -1.2819e+02 -1.1970e+02 -1.4187e+02
-1.2904e+02 -1.2740e+02 -1.1136e+02 -7.8555e+01
# New trial
-1.2926e+02 -1.2993e+02 -1.6718e+02 -8.3251e+02
-1.2920e+02 -1.2920e+02 -1.4889e+02 -5.7168e+02
-1.2904e+02 -1.2749e+02 -1.1837e+02 -2.0563e+02
-1.2885e+02 -1.2554e+02 -9.4653e+01 -7.3842e+01
# New trial
-1.2921e+02 -1.2916e+02 -1.3881e+02 -5.0149e+02
-1.2917e+02 -1.2874e+02 -1.3097e+02 -3.6520e+02
-1.2902e+02 -1.2724e+02 -1.1186e+02 -1.5907e+02
-1.2884e+02 -1.2537e+02 -9.3474e+01 -7.4105e+01
# New trial
-1.2917e+02 -1.2870e+02 -1.2786e+02 -3.3713e+02
-1.2914e+02 -1.2843e+02 -1.2552e+02 -2.6293e+02
-1.2902e+02 -1.2721e+02 -1.1109e+02 -1.2542e+02
-1.2886e+02 -1.2558e+02 -9.5456e+01 -7.3879e+01
# New trial
-1.2921e+02 -1.2923e+02 -1.4701e+02 -6.6239e+02
-1.2915e+02 -1.2853e+02 -1.2921e+02 -3.3495e+02
-1.2906e+02 -1.2763e+02 -1.1565e+02 -1.5217e+02
-1.2895e+02 -1.2654e+02 -1.0322e+02 -7.3842e+01
# New trial
-1.2920e+02 -1.2907e+02 -1.3217e+02 -2.7484e+02
-1.2915e+02 -1.2856e+02 -1.2602e+02 -2.3822e+02
-1.2901e+02 -1.2711e+02 -1.1052e+02 -1.5349e+02
-1.2884e+02 -1.2539e+02 -9.3980e+01 -8.3587e+01
# New trial
-1.2919e+02 -1.2889e+02 -1.3088e+02 -4.3032e+02
-1.2918e+02 -1.2879e+02 -1.2782e+02 -2.9327e+02
-1.2913e+02 -1.2832e+02 -1.2133e+02 -1.7162e+02
-1.2904e+02 -1.2737e+02 -1.1105e+02 -8.3491e+01
# New trial
-1.2920e+02 -1.2903e+02 -1.3673e+02 -4.3473e+02
-1.2917e+02 -1.2879e+02 -1.3257e+02 -3.9750e+02
-1.2907e+02 -1.2773e+02 -1.1802e+02 -1.9440e+02
-1.2892e+02 -1.2625e+02 -1.0116e+02 -7.3873e+01
# New trial
-1.2926e+02 -1.2999e+02 -1.7885e+02 -9.4369e+02
-1.2918e+02 -1.2895e+02 -1.4440e+02 -4.8658e+02
-1.2898e+02 -1.2679e+02 -1.1046e+02 -2.0810e+02
-1.2876e+02 -1.2463e+02 -8.8726e+01 -8.7858e+01
# New trial
-1.2919e+02 -1.2892e+02 -1.2687e+02 -2.0249e+02
-1.2918e+02 -1.2877e+02 -1.2506e+02 -1.5853e+02
-1.2913e+02 -1.2834e+02 -1.2065e+02 -1.1798e+02
-1.2908e+02 -1.2784e+02 -1.1561e+02 -8.3115e+01
# New trial
-1.2930e+02 -1.3031e+02 -1.7542e+02 -9.3591e+02
-1.2917e+02 -1.2881e+02 -1.5782e+02 -8.1023e+02
-1.2896e+02 -1.2663e+02 -1.1147e+02 -2.5472e+02
-1.2871e+02 -1.2415e+02 -8.6045e+01 -7.4267e+01
# New trial
-1.2931e+02 -1.3034e+02 -1.7218e+02 -8.1156e+02
-1.2920e+02 -1.2901e+02 -1.3169e+02 -2.8590e+02
-1.2912e+02 -1.2817e+02 -1.2007e+02 -1.3581e+02
-1.2904e+02 -1.2739e+02 -1.1161e+02 -1.0753e+02
# New trial
-1.2922e+02 -1.2931e+02 -1.4810e+02 -5.6573e+02
-1.2918e+02 -1.2889e+02 -1.3841e+02 -4.5174e+02
-1.2904e+02 -1.2744e+02 -1.1628e+02 -2.1316e+02
-1.2885e+02 -1.2553e+02 -9.5877e+01 -7.7331e+01
# New trial
-1.2921e+02 -1.2914e+02 -1.3788e+02 -4.3436e+02
-1.2917e+02 -1.2870e+02 -1.2915e+02 -2.9699e+02
-1.2904e+02 -1.2744e+02 -1.1394e+02 -1.9199e+02
-1.2890e+02 -1.2601e+02 -9.8985e+01 -8.1572e+01
# New trial
-1.2926e+02 -1.2973e+02 -1.5212e+02 -5.9053e+02
-1.2920e+02 -1.2914e+02 -1.3934e+02 -4.1520e+02
-1.2905e+02 -1.2747e+02 -1.1491e+02 -1.5265e+02
-1.2884e+02 -1.2542e+02 -9.3692e+01 -7.3842e+01
# New trial
-1.2928e+02 -1.3022e+02 -1.8085e+02 -9.2137e+02
-1.2918e+02 -1.2896e+02 -1.4341e+02 -4.8507e+02
-1.2896e+02 -1.2666e+02 -1.1170e+02 -2.0123e+02
-1.2871e+02 -1.2407e+02 -8.5238e+01 -7.3842e+01
# New trial
-1.2919e+02 -1.2922e+02 -1.7096e+02 -8.6768e+02
-1.2911e+02 -1.2819e+02 -1.3403e+02 -4.4837e+02
-1.2896e+02 -1.2668e+02 -1.1212e+02 -2.5882e+02
-1.2879e+02 -1.2487e+02 -8.9814e+01 -7.3842e+01
# New trial
-1.2921e+02 -1.2920e+02 -1.4072e+02 -5.2428e+02
-1.2914e+02 -1.2847e+02 -1.2653e+02 -3.2462e+02
-1.2900e+02 -1.2705e+02 -1.1054e+02 -1.9218e+02
-1.2887e+02 -1.2569e+02 -9.6490e+01 -7.6535e+01
# New trial
-1.2921e+02 -1.2913e+02 -1.3361e+02 -3.8465e+02
-1.2917e+02 -1.2870e+02 -1.2530e+02 -1.6868e+02
-1.2911e+02 -1.2805e+02 -1.1776e+02 -7.6978e+01
-1.2902e+02 -1.2722e+02 -1.0950e+02 -7.3842e+01
# New trial
-1.2928e+02 -1.3006e+02 -1.6762e+02 -7.9387e+02
-1.2921e+02 -1.2912e+02 -1.3763e+02 -4.6699e+02
-1.2905e+02 -1.2750e+02 -1.1510e+02 -2.5554e+02
-1.2889e+02 -1.2587e+02 -9.8228e+01 -7.8788e+01
# New trial
-1.2924e+02 -1.2943e+02 -1.4194e+02 -5.2094e+02
-1.2918e+02 -1.2882e+02 -1.2739e+02 -3.0696e+02
-1.2907e+02 -1.2774e+02 -1.1601e+02 -2.0549e+02
-1.2892e+02 -1.2623e+02 -1.0058e+02 -7.9113e+01
# New trial
-1.2916e+02 -1.2862e+02 -1.2481e+02 -2.7156e+02
-1.2913e+02 -1.2833e+02 -1.2272e+02 -2.8222e+02
-1.2903e+02 -1.2729e+02 -1.1146e+02 -1.4482e+02
-1.2888e+02 -1.2579e+02 -9.7886e+01 -7.4219e+01
# New trial
-1.2921e+02 -1.2910e+02 -1.3474e+02 -3.4920e+02
-1.2917e+02 -1.2872e+02 -1.2962e+02 -3.2197e+02
-1.2905e+02 -1.2751e+02 -1.1441e+02 -1.6508e+02
-1.2888e+02 -1.2579e+02 -9.6624e+01 -7.3842e+01
# New trial
-1.2918e+02 -1.2898e+02 -1.4122e+02 -4.4409e+02
-1.2914e+02 -1.2857e+02 -1.3838e+02 -4.4446e+02
-1.2899e+02 -1.2695e+02 -1.1282e+02 -1.7437e+02
-1.2877e+02 -1.2468e+02 -9.0094e+01 -8.6805e+01
# New trial
-1.2925e+02 -1.2976e+02 -1.5769e+02 -6.7787e+02
-1.2917e+02 -1.2881e+02 -1.3900e+02 -4.8412e+02
-1.2897e+02 -1.2675e+02 -1.0841e+02 -9.3626e+01
-1.2875e+02 -1.2452e+02 -8.7795e+01 -7.5433e+01
# New trial
-1.2933e+02 -1.3092e+02 -1.8536e+02 -9.4705e+02
-1.2918e+02 -1.2903e+02 -1.5108e+02 -6.3458e+02
-1.2888e+02 -1.2583e+02 -1.0414e+02 -2.3932e+02
-1.2856e+02 -1.2260e+02 -7.9401e+01 -7.3843e+01
# New trial
-1.2939e+02 -1.3140e+02 -1.9279e+02 -1.0108e+03
-1.2925e+02 -1.2962e+02 -1.4647e+02 -5.2991e+02
-1.2905e+02 -1.2754e+02 -1.1729e+02 -3.1666e+02
-1.2883e+02 -1.2533e+02 -9.5245e+01 -9.1344e+01
# New trial
-1.2918e+02 -1.2881e+02 -1.2668e+02 -2.4222e+02
-1.2916e+02 -1.2858e+02 -1.2488e+02 -2.5732e+02
-1.2906e+02 -1.2764e+02 -1.1484e+02 -1.9578e+02
-1.2894e+02 -1.2637e+02 -1.0228e+02 -1.0432e+02
# New trial
-1.2925e+02 -1.2974e+02 -1.6393e+02 -7.7470e+02
-1.2921e+02 -1.2921e+02 -1.4310e+02 -4.8246e+02
-1.2904e+02 -1.2742e+02 -1.1598e+02 -1.8203e+02
-1.2881e+02 -1.2508e+02 -9.1731e+01 -7.6030e+01
# New trial
-1.2919e+02 -1.2896e+02 -1.3730e+02 -4.8476e+02
-1.2916e+02 -1.2862e+02 -1.2744e+02 -3.2244e+02
-1.2905e+02 -1.2753e+02 -1.1381e+02 -1.5500e+02
-1.2889e+02 -1.2590e+02 -9.8611e+01 -7.4074e+01
# New trial
