# 10.0sig - Array shape (trial/sig/alpha): (30, 4, 4)
-1.2456e+02 -1.2420e+02 -1.2960e+02 -4.6306e+02
-1.2453e+02 -1.2390e+02 -1.2368e+02 -3.8130e+02
-1.2445e+02 -1.2303e+02 -1.1052e+02 -1.5629e+02
-1.2432e+02 -1.2177e+02 -9.6863e+01 -4.6442e+01
# New trial
-1.2472e+02 -1.2635e+02 -1.9382e+02 -1.4036e+03
-1.2464e+02 -1.2547e+02 -1.6186e+02 -8.2120e+02
-1.2440e+02 -1.2270e+02 -1.1684e+02 -3.7442e+02
-1.2410e+02 -1.1953e+02 -7.7428e+01 -4.6827e+01
# New trial
-1.2459e+02 -1.2458e+02 -1.4578e+02 -7.0680e+02
-1.2453e+02 -1.2396e+02 -1.3276e+02 -5.2478e+02
-1.2430e+02 -1.2157e+02 -1.0015e+02 -2.8287e+02
-1.2403e+02 -1.1887e+02 -7.2862e+01 -5.9930e+01
# New trial
-1.2450e+02 -1.2357e+02 -1.2533e+02 -4.3748e+02
-1.2446e+02 -1.2323e+02 -1.2436e+02 -4.3824e+02
-1.2429e+02 -1.2148e+02 -1.0055e+02 -1.9468e+02
-1.2404e+02 -1.1895e+02 -7.3060e+01 -4.8217e+01
# New trial
-1.2466e+02 -1.2542e+02 -1.7089e+02 -1.0609e+03
-1.2456e+02 -1.2432e+02 -1.3614e+02 -5.3183e+02
-1.2442e+02 -1.2281e+02 -1.1076e+02 -2.0897e+02
-1.2427e+02 -1.2119e+02 -9.1450e+01 -5.3390e+01
# New trial
-1.2452e+02 -1.2385e+02 -1.3074e+02 -4.4465e+02
-1.2444e+02 -1.2304e+02 -1.1786e+02 -3.0366e+02
-1.2424e+02 -1.2099e+02 -9.3055e+01 -1.3595e+02
-1.2399e+02 -1.1842e+02 -6.9014e+01 -5.0844e+01
# New trial
-1.2454e+02 -1.2390e+02 -1.2210e+02 -4.7009e+02
-1.2452e+02 -1.2374e+02 -1.1922e+02 -4.0861e+02
-1.2446e+02 -1.2309e+02 -1.1076e+02 -2.2377e+02
-1.2435e+02 -1.2203e+02 -9.9428e+01 -6.1126e+01
# New trial
-1.2457e+02 -1.2442e+02 -1.4651e+02 -6.9704e+02
-1.2453e+02 -1.2400e+02 -1.3786e+02 -6.0993e+02
-1.2438e+02 -1.2244e+02 -1.1090e+02 -2.2432e+02
-1.2419e+02 -1.2048e+02 -8.5586e+01 -4.6252e+01
# New trial
-1.2467e+02 -1.2599e+02 -2.1112e+02 -1.4616e+03
-1.2455e+02 -1.2444e+02 -1.5546e+02 -7.6234e+02
-1.2427e+02 -1.2129e+02 -9.9522e+01 -3.0939e+02
-1.2398e+02 -1.1830e+02 -6.9316e+01 -7.2443e+01
# New trial
-1.2455e+02 -1.2402e+02 -1.2114e+02 -3.6988e+02
-1.2452e+02 -1.2377e+02 -1.1738e+02 -1.7244e+02
-1.2446e+02 -1.2314e+02 -1.1094e+02 -1.9571e+02
-1.2441e+02 -1.2265e+02 -1.0560e+02 -1.2558e+02
# New trial
-1.2473e+02 -1.2635e+02 -1.8512e+02 -1.2034e+03
-1.2450e+02 -1.2376e+02 -1.5050e+02 -9.9578e+02
-1.2418e+02 -1.2045e+02 -1.0727e+02 -4.9695e+02
-1.2386e+02 -1.1718e+02 -6.2482e+01 -5.3486e+01
# New trial
-1.2473e+02 -1.2646e+02 -1.9707e+02 -1.2142e+03
-1.2457e+02 -1.2431e+02 -1.3198e+02 -4.1367e+02
-1.2445e+02 -1.2304e+02 -1.1125e+02 -1.6175e+02
-1.2433e+02 -1.2180e+02 -9.7410e+01 -6.7327e+01
# New trial
-1.2465e+02 -1.2547e+02 -1.7385e+02 -1.0288e+03
-1.2457e+02 -1.2453e+02 -1.4673e+02 -6.5651e+02
-1.2436e+02 -1.2222e+02 -1.1027e+02 -3.1738e+02
-1.2412e+02 -1.1971e+02 -8.0051e+01 -7.7929e+01
# New trial
-1.2462e+02 -1.2493e+02 -1.4963e+02 -7.0869e+02
-1.2455e+02 -1.2415e+02 -1.3188e+02 -4.3561e+02
-1.2435e+02 -1.2204e+02 -1.0638e+02 -3.4646e+02
-1.2413e+02 -1.1982e+02 -8.0283e+01 -5.3883e+01
# New trial
-1.2464e+02 -1.2525e+02 -1.6337e+02 -8.6276e+02
-1.2456e+02 -1.2437e+02 -1.4447e+02 -6.1543e+02
-1.2434e+02 -1.2196e+02 -1.0357e+02 -1.4441e+02
-1.2405e+02 -1.1906e+02 -7.2653e+01 -4.6151e+01
# New trial
-1.2471e+02 -1.2646e+02 -2.1319e+02 -1.4176e+03
-1.2456e+02 -1.2451e+02 -1.5078e+02 -6.5230e+02
-1.2422e+02 -1.2093e+02 -1.0192e+02 -2.9804e+02
-1.2386e+02 -1.1717e+02 -6.1032e+01 -4.6152e+01
# New trial
-1.2457e+02 -1.2479e+02 -1.9389e+02 -1.3481e+03
-1.2445e+02 -1.2330e+02 -1.3684e+02 -5.6292e+02
-1.2424e+02 -1.2102e+02 -1.0352e+02 -3.3718e+02
-1.2399e+02 -1.1846e+02 -6.8787e+01 -4.6195e+01
# New trial
-1.2461e+02 -1.2477e+02 -1.4406e+02 -7.0487e+02
-1.2450e+02 -1.2362e+02 -1.2638e+02 -5.4065e+02
-1.2430e+02 -1.2156e+02 -9.9559e+01 -1.8302e+02
-1.2413e+02 -1.1980e+02 -8.0429e+01 -5.5233e+01
# New trial
-1.2461e+02 -1.2468e+02 -1.3506e+02 -5.0247e+02
-1.2454e+02 -1.2400e+02 -1.2153e+02 -2.2933e+02
-1.2445e+02 -1.2300e+02 -1.0917e+02 -6.2002e+01
-1.2432e+02 -1.2177e+02 -9.6760e+01 -4.6782e+01
# New trial
-1.2472e+02 -1.2621e+02 -1.9318e+02 -1.1950e+03
-1.2461e+02 -1.2474e+02 -1.4217e+02 -6.3675e+02
-1.2434e+02 -1.2195e+02 -1.0429e+02 -2.3082e+02
-1.2405e+02 -1.1903e+02 -7.6824e+01 -1.1329e+02
# New trial
-1.2464e+02 -1.2511e+02 -1.5043e+02 -7.4457e+02
-1.2454e+02 -1.2399e+02 -1.2349e+02 -4.1864e+02
-1.2436e+02 -1.2213e+02 -1.0353e+02 -2.6835e+02
-1.2413e+02 -1.1989e+02 -8.0748e+01 -6.4716e+01
# New trial
-1.2453e+02 -1.2385e+02 -1.2456e+02 -3.9927e+02
-1.2449e+02 -1.2346e+02 -1.2059e+02 -3.6184e+02
-1.2432e+02 -1.2173e+02 -9.8932e+01 -1.3376e+02
-1.2408e+02 -1.1932e+02 -7.7119e+01 -4.9355e+01
# New trial
-1.2458e+02 -1.2453e+02 -1.3830e+02 -5.1226e+02
-1.2452e+02 -1.2387e+02 -1.3008e+02 -4.5077e+02
-1.2435e+02 -1.2211e+02 -1.0440e+02 -1.8380e+02
-1.2414e+02 -1.1995e+02 -8.0711e+01 -5.8363e+01
# New trial
-1.2455e+02 -1.2434e+02 -1.4879e+02 -6.9312e+02
-1.2449e+02 -1.2376e+02 -1.4134e+02 -6.3433e+02
-1.2428e+02 -1.2140e+02 -1.0124e+02 -2.0780e+02
-1.2394e+02 -1.1792e+02 -6.5382e+01 -4.6151e+01
# New trial
-1.2466e+02 -1.2566e+02 -1.7767e+02 -1.0746e+03
-1.2454e+02 -1.2422e+02 -1.4683e+02 -7.1352e+02
-1.2425e+02 -1.2108e+02 -9.8103e+01 -2.4739e+02
-1.2393e+02 -1.1780e+02 -6.3929e+01 -4.6151e+01
# New trial
-1.2476e+02 -1.2736e+02 -2.2456e+02 -1.4852e+03
-1.2454e+02 -1.2441e+02 -1.6961e+02 -1.0475e+03
-1.2409e+02 -1.1957e+02 -8.5913e+01 -1.6427e+02
-1.2362e+02 -1.1478e+02 -5.1321e+01 -4.6151e+01
# New trial
-1.2496e+02 -1.2921e+02 -2.3690e+02 -1.5917e+03
-1.2469e+02 -1.2566e+02 -1.5801e+02 -7.9676e+02
-1.2431e+02 -1.2169e+02 -1.0558e+02 -3.1063e+02
-1.2399e+02 -1.1843e+02 -8.0481e+01 -2.5675e+02
# New trial
-1.2454e+02 -1.2393e+02 -1.2257e+02 -3.9703e+02
-1.2450e+02 -1.2358e+02 -1.2039e+02 -4.0507e+02
-1.2435e+02 -1.2210e+02 -1.0327e+02 -2.3454e+02
-1.2417e+02 -1.2028e+02 -8.4249e+01 -9.0183e+01
# New trial
-1.2466e+02 -1.2550e+02 -1.7476e+02 -1.0994e+03
-1.2464e+02 -1.2518e+02 -1.5214e+02 -6.9036e+02
-1.2438e+02 -1.2241e+02 -1.0973e+02 -2.7723e+02
-1.2403e+02 -1.1887e+02 -7.2405e+01 -5.2038e+01
# New trial
-1.2452e+02 -1.2381e+02 -1.3475e+02 -6.5542e+02
-1.2447e+02 -1.2328e+02 -1.2412e+02 -4.3844e+02
-1.2430e+02 -1.2160e+02 -1.0079e+02 -2.2714e+02
-1.2405e+02 -1.1907e+02 -7.5155e+01 -5.9902e+01
# New trial
