# 10.0sig - Array shape (trial/sig/alpha): (30, 4, 4)
-1.3380e+02 -1.3351e+02 -1.3594e+02 -3.6231e+02
-1.3379e+02 -1.3335e+02 -1.3224e+02 -3.3231e+02
-1.3373e+02 -1.3274e+02 -1.2380e+02 -1.7485e+02
-1.3363e+02 -1.3176e+02 -1.1346e+02 -7.5367e+01
# New trial
-1.3388e+02 -1.3466e+02 -1.7919e+02 -1.0658e+03
-1.3382e+02 -1.3392e+02 -1.5612e+02 -6.3196e+02
-1.3364e+02 -1.3191e+02 -1.2388e+02 -2.9299e+02
-1.3341e+02 -1.2953e+02 -9.3625e+01 -6.9227e+01
# New trial
-1.3381e+02 -1.3358e+02 -1.4492e+02 -5.6567e+02
-1.3375e+02 -1.3304e+02 -1.3164e+02 -2.9685e+02
-1.3359e+02 -1.3140e+02 -1.1233e+02 -2.1029e+02
-1.3338e+02 -1.2928e+02 -9.1940e+01 -7.4457e+01
# New trial
-1.3378e+02 -1.3325e+02 -1.3339e+02 -3.7093e+02
-1.3374e+02 -1.3295e+02 -1.3090e+02 -3.4153e+02
-1.3360e+02 -1.3144e+02 -1.1200e+02 -1.0260e+02
-1.3340e+02 -1.2944e+02 -9.3117e+01 -6.9234e+01
# New trial
-1.3384e+02 -1.3399e+02 -1.5339e+02 -6.7865e+02
-1.3377e+02 -1.3326e+02 -1.3477e+02 -3.6585e+02
-1.3367e+02 -1.3214e+02 -1.1924e+02 -1.7629e+02
-1.3353e+02 -1.3079e+02 -1.0435e+02 -6.9227e+01
# New trial
-1.3377e+02 -1.3318e+02 -1.3246e+02 -2.8325e+02
-1.3372e+02 -1.3267e+02 -1.2635e+02 -2.5215e+02
-1.3357e+02 -1.3121e+02 -1.1153e+02 -1.8971e+02
-1.3338e+02 -1.2930e+02 -9.3834e+01 -1.1589e+02
# New trial
-1.3379e+02 -1.3337e+02 -1.3293e+02 -3.9306e+02
-1.3378e+02 -1.3324e+02 -1.3079e+02 -3.0339e+02
-1.3372e+02 -1.3267e+02 -1.2369e+02 -2.1055e+02
-1.3361e+02 -1.3161e+02 -1.1212e+02 -8.9722e+01
# New trial
-1.3382e+02 -1.3380e+02 -1.4669e+02 -5.2097e+02
-1.3379e+02 -1.3349e+02 -1.4142e+02 -4.7606e+02
-1.3368e+02 -1.3226e+02 -1.2154e+02 -1.3785e+02
-1.3350e+02 -1.3050e+02 -1.0164e+02 -6.9260e+01
# New trial
-1.3387e+02 -1.3456e+02 -1.9324e+02 -1.1149e+03
-1.3378e+02 -1.3343e+02 -1.4834e+02 -5.4075e+02
-1.3356e+02 -1.3114e+02 -1.1074e+02 -1.3360e+02
-1.3333e+02 -1.2873e+02 -8.8388e+01 -7.0081e+01
# New trial
-1.3380e+02 -1.3351e+02 -1.3165e+02 -2.6435e+02
-1.3378e+02 -1.3329e+02 -1.2879e+02 -1.4577e+02
-1.3373e+02 -1.3279e+02 -1.2361e+02 -9.7863e+01
-1.3368e+02 -1.3225e+02 -1.1827e+02 -8.1971e+01
# New trial
-1.3389e+02 -1.3468e+02 -1.7321e+02 -8.8407e+02
-1.3374e+02 -1.3296e+02 -1.4824e+02 -7.8136e+02
-1.3352e+02 -1.3067e+02 -1.1313e+02 -2.7998e+02
-1.3324e+02 -1.2792e+02 -8.6476e+01 -1.0298e+02
# New trial
-1.3395e+02 -1.3530e+02 -1.8400e+02 -9.4130e+02
-1.3382e+02 -1.3371e+02 -1.3866e+02 -3.5687e+02
-1.3372e+02 -1.3269e+02 -1.2411e+02 -1.6218e+02
-1.3362e+02 -1.3162e+02 -1.1215e+02 -7.2439e+01
# New trial
-1.3389e+02 -1.3452e+02 -1.6311e+02 -7.0599e+02
-1.3383e+02 -1.3386e+02 -1.4659e+02 -5.1064e+02
-1.3365e+02 -1.3199e+02 -1.1969e+02 -2.1399e+02
-1.3343e+02 -1.2980e+02 -9.6234e+01 -6.9269e+01
# New trial
-1.3385e+02 -1.3401e+02 -1.4744e+02 -5.2424e+02
-1.3380e+02 -1.3347e+02 -1.3579e+02 -3.3612e+02
-1.3364e+02 -1.3187e+02 -1.1602e+02 -1.2672e+02
-1.3347e+02 -1.3012e+02 -9.8627e+01 -6.9681e+01
# New trial
-1.3386e+02 -1.3421e+02 -1.5729e+02 -6.6245e+02
-1.3380e+02 -1.3356e+02 -1.4253e+02 -4.5072e+02
-1.3363e+02 -1.3176e+02 -1.1738e+02 -2.1437e+02
-1.3340e+02 -1.2946e+02 -9.3642e+01 -7.0645e+01
# New trial
-1.3392e+02 -1.3522e+02 -1.9717e+02 -1.0909e+03
-1.3380e+02 -1.3371e+02 -1.5069e+02 -5.0420e+02
-1.3354e+02 -1.3099e+02 -1.1571e+02 -2.6271e+02
-1.3322e+02 -1.2770e+02 -8.1394e+01 -6.9227e+01
# New trial
-1.3381e+02 -1.3388e+02 -1.7766e+02 -9.2826e+02
-1.3372e+02 -1.3282e+02 -1.3862e+02 -4.6662e+02
-1.3355e+02 -1.3098e+02 -1.1135e+02 -1.8419e+02
-1.3333e+02 -1.2878e+02 -8.8668e+01 -6.9228e+01
# New trial
-1.3382e+02 -1.3370e+02 -1.4194e+02 -5.1499e+02
-1.3374e+02 -1.3294e+02 -1.2962e+02 -3.2786e+02
-1.3358e+02 -1.3131e+02 -1.1413e+02 -2.4054e+02
-1.3342e+02 -1.2965e+02 -9.7308e+01 -1.4869e+02
# New trial
-1.3383e+02 -1.3379e+02 -1.3913e+02 -3.7621e+02
-1.3378e+02 -1.3326e+02 -1.2957e+02 -1.6392e+02
-1.3370e+02 -1.3247e+02 -1.2056e+02 -7.1874e+01
-1.3360e+02 -1.3144e+02 -1.1025e+02 -6.9227e+01
# New trial
-1.3390e+02 -1.3471e+02 -1.7549e+02 -9.1840e+02
-1.3382e+02 -1.3376e+02 -1.4324e+02 -5.3909e+02
-1.3365e+02 -1.3202e+02 -1.1872e+02 -1.8570e+02
-1.3346e+02 -1.3010e+02 -9.9440e+01 -8.6968e+01
# New trial
-1.3385e+02 -1.3401e+02 -1.4502e+02 -5.7044e+02
-1.3379e+02 -1.3336e+02 -1.3077e+02 -2.2581e+02
-1.3366e+02 -1.3209e+02 -1.1750e+02 -1.7238e+02
-1.3348e+02 -1.3030e+02 -1.0050e+02 -8.3850e+01
# New trial
-1.3379e+02 -1.3336e+02 -1.3329e+02 -3.4023e+02
-1.3376e+02 -1.3307e+02 -1.3229e+02 -3.6416e+02
-1.3362e+02 -1.3172e+02 -1.1617e+02 -2.1301e+02
-1.3344e+02 -1.2984e+02 -9.7832e+01 -8.3853e+01
# New trial
-1.3381e+02 -1.3366e+02 -1.4024e+02 -3.8932e+02
-1.3376e+02 -1.3313e+02 -1.3322e+02 -3.6908e+02
-1.3362e+02 -1.3170e+02 -1.1591e+02 -2.0205e+02
-1.3343e+02 -1.2977e+02 -9.5645e+01 -6.9563e+01
# New trial
-1.3383e+02 -1.3390e+02 -1.5092e+02 -5.3587e+02
-1.3377e+02 -1.3340e+02 -1.4650e+02 -5.0460e+02
-1.3359e+02 -1.3138e+02 -1.1609e+02 -1.9952e+02
-1.3329e+02 -1.2841e+02 -8.5217e+01 -6.9227e+01
# New trial
-1.3386e+02 -1.3436e+02 -1.6675e+02 -7.9027e+02
-1.3378e+02 -1.3341e+02 -1.4779e+02 -5.5744e+02
-1.3357e+02 -1.3121e+02 -1.1253e+02 -2.0473e+02
-1.3331e+02 -1.2853e+02 -8.6230e+01 -6.9228e+01
# New trial
-1.3390e+02 -1.3509e+02 -1.9423e+02 -1.0414e+03
-1.3376e+02 -1.3333e+02 -1.5431e+02 -6.7135e+02
-1.3344e+02 -1.2991e+02 -1.0163e+02 -1.3186e+02
-1.3305e+02 -1.2601e+02 -7.3824e+01 -6.9227e+01
# New trial
-1.3402e+02 -1.3629e+02 -2.0702e+02 -1.1449e+03
-1.3383e+02 -1.3391e+02 -1.4714e+02 -5.3587e+02
-1.3359e+02 -1.3143e+02 -1.1328e+02 -2.0220e+02
-1.3334e+02 -1.2887e+02 -9.0960e+01 -6.9362e+01
# New trial
-1.3378e+02 -1.3331e+02 -1.3030e+02 -2.4118e+02
-1.3376e+02 -1.3305e+02 -1.2823e+02 -2.5079e+02
-1.3366e+02 -1.3203e+02 -1.1725e+02 -1.7654e+02
-1.3351e+02 -1.3059e+02 -1.0333e+02 -1.1198e+02
# New trial
-1.3383e+02 -1.3396e+02 -1.6601e+02 -8.3422e+02
-1.3380e+02 -1.3355e+02 -1.4527e+02 -5.2851e+02
-1.3361e+02 -1.3162e+02 -1.1750e+02 -2.2297e+02
-1.3336e+02 -1.2910e+02 -9.3336e+01 -9.6925e+01
# New trial
-1.3380e+02 -1.3352e+02 -1.4164e+02 -5.3206e+02
-1.3376e+02 -1.3310e+02 -1.3149e+02 -3.4993e+02
-1.3364e+02 -1.3192e+02 -1.1747e+02 -2.6296e+02
-1.3346e+02 -1.3009e+02 -9.9427e+01 -1.0184e+02
# New trial
