# 1.0sig - Array shape (trial/sig/alpha): (30, 4, 4)
-1.7510e+02 -1.7276e+02 -1.6819e+02 -5.0402e+02
-1.7494e+02 -1.7113e+02 -1.4355e+02 -1.6560e+02
-1.7452e+02 -1.6686e+02 -9.9772e+01 -6.4612e+01
-1.7409e+02 -1.6258e+02 -7.7783e+01 -6.4612e+01
# New trial
-1.7512e+02 -1.7297e+02 -1.6095e+02 -2.9745e+02
-1.7499e+02 -1.7159e+02 -1.4673e+02 -1.4583e+02
-1.7463e+02 -1.6804e+02 -1.1427e+02 -6.8944e+01
-1.7439e+02 -1.6564e+02 -9.9793e+01 -1.5055e+02
# New trial
-1.7513e+02 -1.7301e+02 -1.6048e+02 -4.9117e+02
-1.7502e+02 -1.7192e+02 -1.4604e+02 -9.5882e+01
-1.7473e+02 -1.6894e+02 -1.1846e+02 -8.3047e+01
-1.7446e+02 -1.6626e+02 -1.0776e+02 -2.7886e+02
# New trial
-1.7509e+02 -1.7255e+02 -1.5846e+02 -4.7844e+02
-1.7496e+02 -1.7132e+02 -1.4315e+02 -2.1055e+02
-1.7469e+02 -1.6859e+02 -1.1428e+02 -6.7505e+01
-1.7457e+02 -1.6738e+02 -1.1043e+02 -2.6690e+02
# New trial
-1.7501e+02 -1.7193e+02 -1.7189e+02 -7.0750e+02
-1.7483e+02 -1.7007e+02 -1.3442e+02 -1.7106e+02
-1.7451e+02 -1.6677e+02 -9.9845e+01 -6.4612e+01
-1.7434e+02 -1.6511e+02 -8.9154e+01 -6.4612e+01
# New trial
-1.7514e+02 -1.7306e+02 -1.6331e+02 -5.3729e+02
-1.7503e+02 -1.7196e+02 -1.4592e+02 -2.1571e+02
-1.7475e+02 -1.6912e+02 -1.1752e+02 -6.6708e+01
-1.7450e+02 -1.6664e+02 -1.0043e+02 -1.1272e+02
# New trial
-1.7526e+02 -1.7429e+02 -1.7194e+02 -5.2673e+02
-1.7518e+02 -1.7348e+02 -1.5800e+02 -2.1018e+02
-1.7505e+02 -1.7216e+02 -1.4441e+02 -9.1809e+01
-1.7502e+02 -1.7183e+02 -1.4160e+02 -1.8929e+02
# New trial
-1.7513e+02 -1.7310e+02 -1.8106e+02 -7.5164e+02
-1.7496e+02 -1.7137e+02 -1.5004e+02 -3.7254e+02
-1.7460e+02 -1.6774e+02 -1.1371e+02 -6.7967e+01
-1.7443e+02 -1.6599e+02 -1.0744e+02 -2.8271e+02
# New trial
-1.7487e+02 -1.7070e+02 -1.6373e+02 -5.3247e+02
-1.7457e+02 -1.6762e+02 -1.3223e+02 -3.2922e+02
-1.7391e+02 -1.6090e+02 -8.1332e+01 -6.6588e+01
-1.7366e+02 -1.5839e+02 -7.1615e+01 -6.4671e+01
# New trial
-1.7510e+02 -1.7277e+02 -1.6069e+02 -4.0774e+02
-1.7494e+02 -1.7118e+02 -1.4591e+02 -3.5472e+02
-1.7454e+02 -1.6707e+02 -1.0566e+02 -6.5764e+01
-1.7421e+02 -1.6378e+02 -8.7811e+01 -8.8079e+01
# New trial
-1.7497e+02 -1.7147e+02 -1.5842e+02 -4.8925e+02
-1.7480e+02 -1.6984e+02 -1.4579e+02 -4.2835e+02
-1.7436e+02 -1.6531e+02 -9.4956e+01 -8.3346e+01
-1.7413e+02 -1.6300e+02 -8.5006e+01 -8.3597e+01
# New trial
-1.7512e+02 -1.7307e+02 -1.8210e+02 -7.3355e+02
-1.7492e+02 -1.7095e+02 -1.4394e+02 -2.6793e+02
-1.7452e+02 -1.6689e+02 -1.0165e+02 -6.4795e+01
-1.7410e+02 -1.6273e+02 -7.9279e+01 -6.4612e+01
# New trial
-1.7520e+02 -1.7383e+02 -1.9275e+02 -8.7628e+02
-1.7499e+02 -1.7163e+02 -1.5213e+02 -2.9963e+02
-1.7470e+02 -1.6865e+02 -1.1638e+02 -6.5618e+01
-1.7463e+02 -1.6797e+02 -1.0788e+02 -6.5001e+01
# New trial
-1.7511e+02 -1.7331e+02 -2.2964e+02 -1.3784e+03
-1.7487e+02 -1.7062e+02 -1.6014e+02 -4.8031e+02
-1.7433e+02 -1.6509e+02 -9.5433e+01 -6.4721e+01
-1.7404e+02 -1.6208e+02 -8.0705e+01 -7.2638e+01
# New trial
-1.7517e+02 -1.7343e+02 -1.7444e+02 -7.3292e+02
-1.7505e+02 -1.7226e+02 -1.5405e+02 -3.1666e+02
-1.7476e+02 -1.6926e+02 -1.2140e+02 -7.3783e+01
-1.7455e+02 -1.6717e+02 -1.1136e+02 -2.7526e+02
# New trial
-1.7499e+02 -1.7228e+02 -2.2526e+02 -1.3224e+03
-1.7474e+02 -1.6970e+02 -1.6206e+02 -5.0208e+02
-1.7416e+02 -1.6353e+02 -9.3431e+01 -6.5036e+01
-1.7405e+02 -1.6221e+02 -8.8544e+01 -1.6033e+02
# New trial
-1.7508e+02 -1.7262e+02 -1.6468e+02 -4.1865e+02
-1.7488e+02 -1.7062e+02 -1.4393e+02 -2.1418e+02
-1.7428e+02 -1.6463e+02 -9.4917e+01 -6.6687e+01
-1.7398e+02 -1.6157e+02 -7.8414e+01 -6.8480e+01
# New trial
-1.7508e+02 -1.7252e+02 -1.5863e+02 -3.2460e+02
-1.7493e+02 -1.7109e+02 -1.4525e+02 -2.4033e+02
-1.7457e+02 -1.6740e+02 -1.0893e+02 -7.7628e+01
-1.7448e+02 -1.6648e+02 -1.0192e+02 -1.1660e+02
# New trial
-1.7510e+02 -1.7287e+02 -1.8673e+02 -8.8150e+02
-1.7495e+02 -1.7127e+02 -1.5740e+02 -4.6709e+02
-1.7453e+02 -1.6703e+02 -1.0429e+02 -6.5204e+01
-1.7423e+02 -1.6403e+02 -9.2507e+01 -1.7243e+02
# New trial
-1.7517e+02 -1.7344e+02 -1.7602e+02 -7.0627e+02
-1.7507e+02 -1.7242e+02 -1.5193e+02 -2.4191e+02
-1.7484e+02 -1.7004e+02 -1.2438e+02 -6.5072e+01
-1.7460e+02 -1.6765e+02 -1.0496e+02 -6.4621e+01
# New trial
-1.7506e+02 -1.7260e+02 -1.8586e+02 -7.6766e+02
-1.7483e+02 -1.7016e+02 -1.4243e+02 -2.2744e+02
-1.7457e+02 -1.6748e+02 -1.1349e+02 -6.6948e+01
-1.7473e+02 -1.6901e+02 -1.1985e+02 -1.8302e+02
# New trial
-1.7514e+02 -1.7316e+02 -1.7492e+02 -7.1963e+02
-1.7503e+02 -1.7193e+02 -1.4459e+02 -9.4367e+01
-1.7477e+02 -1.6938e+02 -1.1875e+02 -6.4620e+01
-1.7453e+02 -1.6691e+02 -9.8807e+01 -6.4612e+01
# New trial
-1.7508e+02 -1.7269e+02 -1.8266e+02 -6.9945e+02
-1.7480e+02 -1.6982e+02 -1.3544e+02 -2.0366e+02
-1.7438e+02 -1.6555e+02 -9.4943e+01 -6.4613e+01
-1.7440e+02 -1.6571e+02 -1.0181e+02 -2.3041e+02
# New trial
-1.7504e+02 -1.7237e+02 -1.7095e+02 -4.5441e+02
-1.7480e+02 -1.6986e+02 -1.4034e+02 -2.3406e+02
-1.7421e+02 -1.6388e+02 -8.3476e+01 -6.4612e+01
-1.7382e+02 -1.5986e+02 -7.2853e+01 -6.4612e+01
# New trial
-1.7515e+02 -1.7395e+02 -2.3879e+02 -1.3362e+03
-1.7486e+02 -1.7059e+02 -1.5704e+02 -3.8138e+02
-1.7431e+02 -1.6483e+02 -9.3034e+01 -6.4741e+01
-1.7402e+02 -1.6198e+02 -8.7665e+01 -1.4905e+02
# New trial
-1.7517e+02 -1.7334e+02 -1.5742e+02 -1.6698e+02
-1.7502e+02 -1.7182e+02 -1.4244e+02 -6.7232e+01
-1.7467e+02 -1.6835e+02 -1.1042e+02 -6.4612e+01
-1.7450e+02 -1.6664e+02 -9.6605e+01 -6.4612e+01
# New trial
-1.7506e+02 -1.7237e+02 -1.6334e+02 -6.1305e+02
-1.7496e+02 -1.7134e+02 -1.4677e+02 -3.0002e+02
-1.7466e+02 -1.6831e+02 -1.1300e+02 -6.6334e+01
-1.7449e+02 -1.6652e+02 -9.8702e+01 -7.6306e+01
# New trial
-1.7508e+02 -1.7295e+02 -1.9413e+02 -9.0518e+02
-1.7485e+02 -1.7040e+02 -1.5179e+02 -4.3950e+02
-1.7433e+02 -1.6510e+02 -9.4659e+01 -8.4992e+01
-1.7405e+02 -1.6218e+02 -8.3303e+01 -9.7990e+01
# New trial
-1.7515e+02 -1.7318e+02 -1.6623e+02 -4.4843e+02
-1.7498e+02 -1.7147e+02 -1.4599e+02 -2.3230e+02
-1.7458e+02 -1.6748e+02 -1.0791e+02 -6.5658e+01
-1.7444e+02 -1.6604e+02 -9.4982e+01 -6.4669e+01
# New trial
-1.7508e+02 -1.7258e+02 -1.6360e+02 -5.0229e+02
-1.7498e+02 -1.7149e+02 -1.4644e+02 -2.4834e+02
-1.7467e+02 -1.6833e+02 -1.1158e+02 -7.3351e+01
-1.7439e+02 -1.6551e+02 -9.1411e+01 -6.4612e+01
# New trial
