# 1.0sig - Array shape (trial/sig/alpha): (30L, 4L, 4L)
-9.6703e+01 -9.5281e+01 -1.2790e+02 -8.2045e+02
-9.6645e+01 -9.4449e+01 -9.7059e+01 -4.2381e+02
-9.6433e+01 -9.2131e+01 -5.9590e+01 -1.7448e+02
-9.6283e+01 -9.0602e+01 -5.2704e+01 -5.8488e+01
# New trial
-9.6642e+01 -9.4563e+01 -1.0418e+02 -5.1860e+02
-9.6602e+01 -9.4010e+01 -8.3574e+01 -2.1655e+02
-9.6524e+01 -9.3128e+01 -6.8887e+01 -1.5516e+02
-9.6538e+01 -9.3167e+01 -6.5508e+01 -6.4512e+01
# New trial
-9.6627e+01 -9.4369e+01 -1.0235e+02 -5.7825e+02
-9.6616e+01 -9.4156e+01 -8.7265e+01 -2.9804e+02
-9.6526e+01 -9.3136e+01 -6.9524e+01 -2.2791e+02
-9.6446e+01 -9.2229e+01 -5.9817e+01 -1.1971e+02
# New trial
-9.6651e+01 -9.4530e+01 -1.0476e+02 -6.7035e+02
-9.6630e+01 -9.4284e+01 -9.1075e+01 -3.5926e+02
-9.6545e+01 -9.3293e+01 -6.9230e+01 -1.1316e+02
-9.6559e+01 -9.3354e+01 -6.6148e+01 -6.6782e+01
# New trial
-9.6644e+01 -9.4848e+01 -1.3703e+02 -1.0055e+03
-9.6545e+01 -9.3552e+01 -9.7754e+01 -5.3754e+02
-9.6447e+01 -9.2302e+01 -6.1879e+01 -1.9763e+02
-9.6502e+01 -9.2795e+01 -7.2580e+01 -4.1216e+02
# New trial
-9.6656e+01 -9.4664e+01 -1.0699e+02 -6.5093e+02
-9.6652e+01 -9.4453e+01 -8.8228e+01 -3.4479e+02
-9.6555e+01 -9.3340e+01 -6.6573e+01 -1.4321e+02
-9.6520e+01 -9.2948e+01 -6.2580e+01 -5.3204e+01
# New trial
-9.6792e+01 -9.5859e+01 -1.0939e+02 -6.7892e+02
-9.6773e+01 -9.5536e+01 -8.9102e+01 -3.0169e+02
-9.6723e+01 -9.4992e+01 -7.9180e+01 -1.0034e+02
-9.6742e+01 -9.5170e+01 -8.0243e+01 -4.7716e+01
# New trial
-9.6738e+01 -9.5624e+01 -1.3167e+02 -9.0547e+02
-9.6621e+01 -9.4221e+01 -9.2522e+01 -4.2277e+02
-9.6441e+01 -9.2251e+01 -6.0419e+01 -1.2465e+02
-9.6498e+01 -9.2747e+01 -6.2479e+01 -6.4022e+01
# New trial
-9.6554e+01 -9.5040e+01 -1.5077e+02 -1.0837e+03
-9.6382e+01 -9.2421e+01 -1.0894e+02 -7.2753e+02
-9.6082e+01 -8.8885e+01 -7.0067e+01 -4.3407e+02
-9.6259e+01 -9.0446e+01 -7.6135e+01 -3.2659e+02
# New trial
-9.6695e+01 -9.5205e+01 -1.1339e+02 -6.7402e+02
-9.6630e+01 -9.4305e+01 -9.3623e+01 -4.4370e+02
-9.6412e+01 -9.1943e+01 -6.0168e+01 -1.7015e+02
-9.6349e+01 -9.1261e+01 -5.6270e+01 -5.7014e+01
# New trial
-9.6619e+01 -9.4681e+01 -1.2772e+02 -8.7787e+02
-9.6544e+01 -9.3698e+01 -1.0574e+02 -6.5657e+02
-9.6348e+01 -9.1370e+01 -6.0446e+01 -1.9449e+02
-9.6372e+01 -9.1490e+01 -5.7788e+01 -5.2524e+01
# New trial
-9.6798e+01 -9.6703e+01 -1.5610e+02 -1.1691e+03
-9.6658e+01 -9.4597e+01 -9.8944e+01 -4.9063e+02
-9.6423e+01 -9.2047e+01 -6.1193e+01 -2.4551e+02
-9.6290e+01 -9.0672e+01 -5.3209e+01 -8.9645e+01
# New trial
-9.6735e+01 -9.5517e+01 -1.2792e+02 -8.5504e+02
-9.6630e+01 -9.4256e+01 -8.8860e+01 -3.1895e+02
-9.6535e+01 -9.3156e+01 -6.5797e+01 -1.0129e+02
-9.6572e+01 -9.3476e+01 -6.9681e+01 -1.9356e+02
# New trial
-9.6720e+01 -9.6492e+01 -2.0102e+02 -1.6431e+03
-9.6573e+01 -9.4234e+01 -1.1738e+02 -7.0440e+02
-9.6341e+01 -9.1277e+01 -5.7079e+01 -2.0907e+02
-9.6379e+01 -9.1548e+01 -5.7219e+01 -5.3354e+01
# New trial
-9.6636e+01 -9.4589e+01 -1.1593e+02 -7.8242e+02
-9.6654e+01 -9.4524e+01 -9.3710e+01 -3.4084e+02
-9.6582e+01 -9.3628e+01 -7.0459e+01 -1.2789e+02
-9.6560e+01 -9.3352e+01 -6.5416e+01 -6.1090e+01
# New trial
-9.6568e+01 -9.5041e+01 -1.6818e+02 -1.3186e+03
-9.6537e+01 -9.4040e+01 -1.1450e+02 -6.4068e+02
-9.6301e+01 -9.1104e+01 -6.4271e+01 -2.1715e+02
-9.6367e+01 -9.1534e+01 -6.2325e+01 -1.5094e+02
# New trial
-9.6588e+01 -9.4530e+01 -1.2762e+02 -8.1442e+02
-9.6514e+01 -9.3430e+01 -9.8150e+01 -5.1923e+02
-9.6243e+01 -9.0423e+01 -6.4415e+01 -2.8991e+02
-9.6380e+01 -9.1608e+01 -6.4471e+01 -2.9959e+02
# New trial
-9.6621e+01 -9.4406e+01 -1.0396e+02 -5.2701e+02
-9.6581e+01 -9.3910e+01 -9.1888e+01 -3.6012e+02
-9.6447e+01 -9.2344e+01 -6.3938e+01 -1.6570e+02
-9.6489e+01 -9.2664e+01 -6.3719e+01 -8.1394e+01
# New trial
-9.6608e+01 -9.4436e+01 -1.3225e+02 -9.8733e+02
-9.6620e+01 -9.4311e+01 -1.0531e+02 -5.8804e+02
-9.6445e+01 -9.2280e+01 -6.1709e+01 -2.2660e+02
-9.6349e+01 -9.1274e+01 -5.8983e+01 -2.1298e+02
# New trial
-9.6776e+01 -9.6063e+01 -1.3722e+02 -9.5721e+02
-9.6737e+01 -9.5330e+01 -1.0066e+02 -4.5998e+02
-9.6602e+01 -9.3805e+01 -6.9606e+01 -1.2855e+02
-9.6521e+01 -9.2969e+01 -6.2153e+01 -4.7343e+01
# New trial
-9.6613e+01 -9.4671e+01 -1.3725e+02 -9.3154e+02
-9.6487e+01 -9.3048e+01 -8.4848e+01 -2.9554e+02
-9.6487e+01 -9.2766e+01 -6.7219e+01 -1.3001e+02
-9.6712e+01 -9.4875e+01 -7.8444e+01 -1.0645e+02
# New trial
-9.6638e+01 -9.4329e+01 -1.0755e+02 -7.9984e+02
-9.6633e+01 -9.4154e+01 -7.8413e+01 -1.9874e+02
-9.6541e+01 -9.3173e+01 -6.3203e+01 -1.1645e+02
-9.6551e+01 -9.3263e+01 -6.4502e+01 -4.6904e+01
# New trial
-9.6597e+01 -9.5196e+01 -1.6044e+02 -1.2062e+03
-9.6472e+01 -9.3151e+01 -9.5602e+01 -5.1435e+02
-9.6399e+01 -9.1900e+01 -6.0516e+01 -1.8588e+02
-9.6488e+01 -9.2669e+01 -6.3411e+01 -9.0529e+01
# New trial
-9.6708e+01 -9.6017e+01 -1.4050e+02 -8.9058e+02
-9.6595e+01 -9.4320e+01 -1.0258e+02 -4.4665e+02
-9.6333e+01 -9.1239e+01 -5.9565e+01 -2.0513e+02
-9.6223e+01 -9.0019e+01 -5.2243e+01 -5.8912e+01
# New trial
-9.6867e+01 -9.7255e+01 -1.6403e+02 -1.1934e+03
-9.6749e+01 -9.5648e+01 -1.1120e+02 -5.5393e+02
-9.6395e+01 -9.1832e+01 -6.2590e+01 -1.8900e+02
-9.6436e+01 -9.2134e+01 -6.1757e+01 -8.1152e+01
# New trial
-9.6700e+01 -9.5050e+01 -1.0072e+02 -4.4768e+02
-9.6609e+01 -9.3986e+01 -7.8714e+01 -1.6684e+02
-9.6493e+01 -9.2747e+01 -6.2236e+01 -1.3016e+02
-9.6603e+01 -9.3785e+01 -6.8601e+01 -4.7903e+01
# New trial
-9.6566e+01 -9.3996e+01 -1.2062e+02 -8.3891e+02
-9.6615e+01 -9.4153e+01 -9.0935e+01 -3.5234e+02
-9.6556e+01 -9.3399e+01 -7.0900e+01 -1.8959e+02
-9.6553e+01 -9.3304e+01 -6.9516e+01 -2.3343e+02
# New trial
-9.6832e+01 -9.7760e+01 -1.8492e+02 -1.4568e+03
-9.6694e+01 -9.5328e+01 -1.1488e+02 -6.5847e+02
-9.6374e+01 -9.1645e+01 -6.3121e+01 -2.8039e+02
-9.6352e+01 -9.1325e+01 -7.1125e+01 -2.7321e+02
# New trial
-9.6704e+01 -9.5262e+01 -1.1651e+02 -6.4879e+02
-9.6609e+01 -9.4096e+01 -8.5830e+01 -2.6798e+02
-9.6452e+01 -9.2383e+01 -6.2194e+01 -1.4181e+02
-9.6521e+01 -9.2969e+01 -6.4000e+01 -1.0104e+02
# New trial
-9.6652e+01 -9.4796e+01 -1.3072e+02 -1.0085e+03
-9.6634e+01 -9.4339e+01 -9.3271e+01 -3.8183e+02
-9.6521e+01 -9.3022e+01 -6.7335e+01 -2.3315e+02
-9.6455e+01 -9.2324e+01 -6.4245e+01 -1.7736e+02
# New trial
