# 10.0sig - Array shape (trial/sig/alpha): (30L, 4L, 4L)
-4.6143e+01 -4.6086e+01 -4.7465e+01 -1.0259e+02
-4.6147e+01 -4.6122e+01 -4.7142e+01 -9.1146e+01
-4.6149e+01 -4.6136e+01 -4.6334e+01 -7.1308e+01
-4.6150e+01 -4.6143e+01 -4.6089e+01 -4.6046e+01
# New trial
-4.6149e+01 -4.6324e+01 -5.8341e+01 -2.1999e+02
-4.6132e+01 -4.6108e+01 -5.2474e+01 -1.5511e+02
-4.6127e+01 -4.5959e+01 -4.6272e+01 -7.5681e+01
-4.6148e+01 -4.6127e+01 -4.6367e+01 -7.8105e+01
# New trial
-4.6140e+01 -4.6069e+01 -4.8496e+01 -1.0575e+02
-4.6162e+01 -4.6281e+01 -5.0326e+01 -1.3325e+02
-4.6155e+01 -4.6193e+01 -4.7216e+01 -8.3860e+01
-4.6150e+01 -4.6138e+01 -4.6092e+01 -5.1188e+01
# New trial
-4.6132e+01 -4.5992e+01 -4.7782e+01 -1.1536e+02
-4.6145e+01 -4.6115e+01 -4.7903e+01 -1.0091e+02
-4.6150e+01 -4.6145e+01 -4.6763e+01 -8.2931e+01
-4.6150e+01 -4.6141e+01 -4.6101e+01 -4.9075e+01
# New trial
-4.6059e+01 -4.5393e+01 -4.8507e+01 -1.2357e+02
-4.6101e+01 -4.5705e+01 -4.5043e+01 -6.4145e+01
-4.6143e+01 -4.6078e+01 -4.6296e+01 -8.0714e+01
-4.6151e+01 -4.6154e+01 -4.6192e+01 -5.0641e+01
# New trial
-4.6104e+01 -4.5771e+01 -4.8991e+01 -1.1887e+02
-4.6131e+01 -4.5985e+01 -4.7353e+01 -9.1306e+01
-4.6150e+01 -4.6152e+01 -4.7440e+01 -1.1164e+02
-4.6152e+01 -4.6158e+01 -4.6560e+01 -9.9776e+01
# New trial
-4.6143e+01 -4.6075e+01 -4.6514e+01 -8.1948e+01
-4.6142e+01 -4.6071e+01 -4.6212e+01 -8.0784e+01
-4.6149e+01 -4.6131e+01 -4.6131e+01 -6.1162e+01
-4.6151e+01 -4.6150e+01 -4.6178e+01 -5.6380e+01
# New trial
-4.6066e+01 -4.5371e+01 -4.4130e+01 -7.3572e+01
-4.6098e+01 -4.5669e+01 -4.5138e+01 -7.3710e+01
-4.6137e+01 -4.6031e+01 -4.6162e+01 -7.8188e+01
-4.6151e+01 -4.6154e+01 -4.6332e+01 -6.3794e+01
# New trial
-4.6180e+01 -4.6644e+01 -6.4227e+01 -2.9184e+02
-4.6168e+01 -4.6433e+01 -5.5525e+01 -1.8074e+02
-4.6148e+01 -4.6139e+01 -4.8027e+01 -1.1696e+02
-4.6151e+01 -4.6150e+01 -4.6430e+01 -8.8160e+01
# New trial
-4.6151e+01 -4.6153e+01 -4.7060e+01 -9.7043e+01
-4.6149e+01 -4.6132e+01 -4.6525e+01 -7.7894e+01
-4.6149e+01 -4.6128e+01 -4.6207e+01 -8.2025e+01
-4.6151e+01 -4.6147e+01 -4.6137e+01 -5.4346e+01
# New trial
-4.6182e+01 -4.6528e+01 -5.6724e+01 -2.1464e+02
-4.6162e+01 -4.6320e+01 -5.6105e+01 -2.1304e+02
-4.6146e+01 -4.6118e+01 -5.0065e+01 -1.4901e+02
-4.6150e+01 -4.6141e+01 -4.6185e+01 -6.4256e+01
# New trial
-4.6176e+01 -4.6497e+01 -5.8853e+01 -2.2553e+02
-4.6154e+01 -4.6208e+01 -4.8915e+01 -1.0785e+02
-4.6146e+01 -4.6108e+01 -4.6205e+01 -6.5826e+01
-4.6151e+01 -4.6152e+01 -4.6198e+01 -5.5480e+01
# New trial
-4.6070e+01 -4.5428e+01 -4.6483e+01 -1.0702e+02
-4.6102e+01 -4.5720e+01 -4.5954e+01 -9.1071e+01
-4.6146e+01 -4.6113e+01 -4.6615e+01 -7.7849e+01
-4.6152e+01 -4.6156e+01 -4.6234e+01 -6.2428e+01
# New trial
-4.6144e+01 -4.6141e+01 -5.0659e+01 -1.4097e+02
-4.6144e+01 -4.6127e+01 -4.9354e+01 -1.2338e+02
-4.6140e+01 -4.6051e+01 -4.6019e+01 -7.9972e+01
-4.6150e+01 -4.6139e+01 -4.6178e+01 -7.3090e+01
# New trial
-4.6171e+01 -4.6427e+01 -5.5206e+01 -1.8309e+02
-4.6165e+01 -4.6335e+01 -5.1906e+01 -1.4397e+02
-4.6151e+01 -4.6158e+01 -4.6983e+01 -8.6998e+01
-4.6151e+01 -4.6153e+01 -4.6214e+01 -6.0457e+01
# New trial
-4.6141e+01 -4.6283e+01 -5.8912e+01 -2.2526e+02
-4.6117e+01 -4.5924e+01 -4.8815e+01 -1.0591e+02
-4.6136e+01 -4.6030e+01 -4.6983e+01 -9.7971e+01
-4.6151e+01 -4.6151e+01 -4.6219e+01 -5.3063e+01
# New trial
-4.6115e+01 -4.5940e+01 -5.8591e+01 -2.3892e+02
-4.6106e+01 -4.5766e+01 -4.7745e+01 -1.0417e+02
-4.6131e+01 -4.5962e+01 -4.5746e+01 -8.6834e+01
-4.6149e+01 -4.6136e+01 -4.6151e+01 -6.6556e+01
# New trial
-4.6179e+01 -4.6487e+01 -5.5487e+01 -1.9535e+02
-4.6165e+01 -4.6330e+01 -5.1060e+01 -1.3820e+02
-4.6147e+01 -4.6121e+01 -4.7472e+01 -1.1553e+02
-4.6149e+01 -4.6132e+01 -4.6121e+01 -5.2400e+01
# New trial
-4.6157e+01 -4.6218e+01 -4.7701e+01 -9.5852e+01
-4.6152e+01 -4.6168e+01 -4.6792e+01 -7.1140e+01
-4.6150e+01 -4.6139e+01 -4.6156e+01 -5.4459e+01
-4.6151e+01 -4.6148e+01 -4.6126e+01 -4.6558e+01
# New trial
-4.6216e+01 -4.6941e+01 -6.4136e+01 -2.7623e+02
-4.6200e+01 -4.6711e+01 -5.6546e+01 -2.0022e+02
-4.6157e+01 -4.6234e+01 -4.8422e+01 -1.0330e+02
-4.6150e+01 -4.6143e+01 -4.6278e+01 -7.7138e+01
# New trial
-4.6140e+01 -4.6096e+01 -5.2070e+01 -1.6146e+02
-4.6144e+01 -4.6099e+01 -4.7419e+01 -1.0437e+02
-4.6151e+01 -4.6153e+01 -4.6887e+01 -1.0049e+02
-4.6151e+01 -4.6149e+01 -4.6174e+01 -6.1753e+01
# New trial
-4.6121e+01 -4.5869e+01 -4.5934e+01 -8.4714e+01
-4.6148e+01 -4.6136e+01 -4.7971e+01 -1.0711e+02
-4.6163e+01 -4.6271e+01 -4.7915e+01 -9.4700e+01
-4.6151e+01 -4.6152e+01 -4.6194e+01 -4.9816e+01
# New trial
-4.6170e+01 -4.6385e+01 -5.2085e+01 -1.4065e+02
-4.6158e+01 -4.6255e+01 -4.9849e+01 -1.1201e+02
-4.6147e+01 -4.6122e+01 -4.6684e+01 -8.6490e+01
-4.6152e+01 -4.6162e+01 -4.6417e+01 -7.7357e+01
# New trial
-4.6158e+01 -4.6289e+01 -5.1813e+01 -1.3644e+02
-4.6142e+01 -4.6109e+01 -4.8783e+01 -1.0178e+02
-4.6147e+01 -4.6125e+01 -4.6914e+01 -8.3621e+01
-4.6151e+01 -4.6153e+01 -4.6262e+01 -7.0134e+01
# New trial
-4.6143e+01 -4.6210e+01 -5.4755e+01 -1.7871e+02
-4.6154e+01 -4.6271e+01 -5.2573e+01 -1.4965e+02
-4.6149e+01 -4.6150e+01 -4.7426e+01 -9.4741e+01
-4.6150e+01 -4.6140e+01 -4.6250e+01 -6.4418e+01
# New trial
-4.6210e+01 -4.7069e+01 -6.8223e+01 -3.1472e+02
-4.6207e+01 -4.6860e+01 -6.0877e+01 -2.4664e+02
-4.6168e+01 -4.6354e+01 -5.1161e+01 -1.5621e+02
-4.6151e+01 -4.6155e+01 -4.6421e+01 -7.5307e+01
# New trial
-4.6217e+01 -4.7116e+01 -6.8495e+01 -3.1388e+02
-4.6180e+01 -4.6536e+01 -5.5141e+01 -1.7965e+02
-4.6150e+01 -4.6155e+01 -4.7575e+01 -1.0705e+02
-4.6151e+01 -4.6151e+01 -4.6160e+01 -5.0194e+01
# New trial
-4.6123e+01 -4.5915e+01 -4.7263e+01 -9.6735e+01
-4.6121e+01 -4.5877e+01 -4.5524e+01 -6.3596e+01
-4.6137e+01 -4.6023e+01 -4.5937e+01 -8.4606e+01
-4.6150e+01 -4.6144e+01 -4.6206e+01 -6.7108e+01
# New trial
-4.6146e+01 -4.6120e+01 -5.0417e+01 -1.6354e+02
-4.6150e+01 -4.6154e+01 -4.7981e+01 -1.0740e+02
-4.6149e+01 -4.6136e+01 -4.6501e+01 -6.5939e+01
-4.6151e+01 -4.6145e+01 -4.6116e+01 -4.6629e+01
# New trial
-4.6123e+01 -4.5907e+01 -4.7018e+01 -9.4854e+01
-4.6125e+01 -4.5926e+01 -4.6745e+01 -9.7777e+01
-4.6143e+01 -4.6083e+01 -4.6498e+01 -9.4713e+01
-4.6151e+01 -4.6145e+01 -4.6145e+01 -5.5109e+01
# New trial
