# 10.0sig - Array shape (trial/sig/alpha): (30L, 4L, 4L)
-1.1067e+02 -1.0992e+02 -1.1725e+02 -5.4266e+02
-1.1067e+02 -1.0987e+02 -1.1015e+02 -3.7111e+02
-1.1061e+02 -1.0925e+02 -9.7599e+01 -1.5967e+02
-1.1052e+02 -1.0839e+02 -8.7575e+01 -4.7830e+01
# New trial
-1.1075e+02 -1.1208e+02 -2.0855e+02 -1.7205e+03
-1.1067e+02 -1.1079e+02 -1.5874e+02 -1.0064e+03
-1.1055e+02 -1.0887e+02 -1.0514e+02 -4.7061e+02
-1.1033e+02 -1.0646e+02 -7.2710e+01 -1.7828e+02
# New trial
-1.1071e+02 -1.1054e+02 -1.4518e+02 -9.3768e+02
-1.1068e+02 -1.1014e+02 -1.2660e+02 -6.7363e+02
-1.1049e+02 -1.0809e+02 -9.2200e+01 -3.9274e+02
-1.1027e+02 -1.0580e+02 -6.6015e+01 -1.3493e+02
# New trial
-1.1062e+02 -1.0944e+02 -1.1628e+02 -6.1507e+02
-1.1062e+02 -1.0944e+02 -1.1431e+02 -5.2723e+02
-1.1048e+02 -1.0796e+02 -8.9414e+01 -2.1951e+02
-1.1029e+02 -1.0604e+02 -6.8987e+01 -1.2898e+02
# New trial
-1.1070e+02 -1.1104e+02 -1.8104e+02 -1.3814e+03
-1.1066e+02 -1.1002e+02 -1.2555e+02 -5.9551e+02
-1.1061e+02 -1.0929e+02 -1.0295e+02 -3.3661e+02
-1.1048e+02 -1.0796e+02 -8.4357e+01 -1.2349e+02
# New trial
-1.1069e+02 -1.1040e+02 -1.3822e+02 -7.2401e+02
-1.1065e+02 -1.0986e+02 -1.1882e+02 -5.1362e+02
-1.1049e+02 -1.0808e+02 -9.3019e+01 -4.0158e+02
-1.1026e+02 -1.0572e+02 -6.6075e+01 -1.4103e+02
# New trial
-1.1062e+02 -1.0949e+02 -1.1718e+02 -7.5572e+02
-1.1066e+02 -1.0985e+02 -1.1039e+02 -4.4398e+02
-1.1063e+02 -1.0948e+02 -1.0049e+02 -2.5298e+02
-1.1056e+02 -1.0872e+02 -9.0937e+01 -8.3677e+01
# New trial
-1.1055e+02 -1.0974e+02 -1.5602e+02 -1.0133e+03
-1.1058e+02 -1.0938e+02 -1.2844e+02 -7.1839e+02
-1.1055e+02 -1.0880e+02 -1.0162e+02 -3.7101e+02
-1.1042e+02 -1.0738e+02 -7.8835e+01 -9.8490e+01
# New trial
-1.1082e+02 -1.1276e+02 -2.3524e+02 -2.0006e+03
-1.1076e+02 -1.1151e+02 -1.6955e+02 -1.0961e+03
-1.1050e+02 -1.0827e+02 -9.9144e+01 -4.9968e+02
-1.1023e+02 -1.0550e+02 -6.5702e+01 -1.1537e+02
# New trial
-1.1068e+02 -1.1000e+02 -1.0735e+02 -3.2596e+02
-1.1066e+02 -1.0980e+02 -1.0324e+02 -1.9765e+02
-1.1062e+02 -1.0936e+02 -9.7449e+01 -1.0748e+02
-1.1060e+02 -1.0917e+02 -9.5087e+01 -5.7825e+01
# New trial
-1.1089e+02 -1.1303e+02 -2.0282e+02 -1.6198e+03
-1.1069e+02 -1.1039e+02 -1.5261e+02 -1.2311e+03
-1.1037e+02 -1.0695e+02 -8.6754e+01 -4.6107e+02
-1.1010e+02 -1.0418e+02 -5.6392e+01 -1.3389e+02
# New trial
-1.1084e+02 -1.1240e+02 -2.0085e+02 -1.4891e+03
-1.1067e+02 -1.1004e+02 -1.1958e+02 -4.2138e+02
-1.1058e+02 -1.0897e+02 -9.7218e+01 -1.3911e+02
-1.1050e+02 -1.0818e+02 -8.6171e+01 -9.1529e+01
# New trial
-1.1066e+02 -1.1033e+02 -1.5855e+02 -1.0734e+03
-1.1065e+02 -1.0998e+02 -1.3223e+02 -6.8856e+02
-1.1052e+02 -1.0841e+02 -9.4484e+01 -2.5486e+02
-1.1033e+02 -1.0644e+02 -7.1283e+01 -6.9011e+01
# New trial
-1.1069e+02 -1.1049e+02 -1.4337e+02 -8.7219e+02
-1.1070e+02 -1.1036e+02 -1.2867e+02 -6.1534e+02
-1.1052e+02 -1.0843e+02 -9.2585e+01 -2.5343e+02
-1.1035e+02 -1.0664e+02 -7.2986e+01 -1.2074e+02
# New trial
-1.1072e+02 -1.1092e+02 -1.6530e+02 -1.1131e+03
-1.1070e+02 -1.1050e+02 -1.4034e+02 -7.8929e+02
-1.1053e+02 -1.0849e+02 -9.4462e+01 -2.3307e+02
-1.1030e+02 -1.0612e+02 -6.7739e+01 -7.8458e+01
# New trial
-1.1095e+02 -1.1398e+02 -2.3375e+02 -1.8441e+03
-1.1080e+02 -1.1181e+02 -1.5881e+02 -9.5868e+02
-1.1047e+02 -1.0801e+02 -9.8202e+01 -3.9938e+02
-1.1014e+02 -1.0454e+02 -5.7385e+01 -6.4986e+01
# New trial
-1.1064e+02 -1.1087e+02 -2.1909e+02 -1.8041e+03
-1.1059e+02 -1.0946e+02 -1.3335e+02 -8.2346e+02
-1.1044e+02 -1.0768e+02 -9.2520e+01 -2.8989e+02
-1.1025e+02 -1.0567e+02 -6.6104e+01 -9.1660e+01
# New trial
-1.1081e+02 -1.1172e+02 -1.6354e+02 -1.1524e+03
-1.1070e+02 -1.1031e+02 -1.2527e+02 -6.7573e+02
-1.1050e+02 -1.0826e+02 -9.2914e+01 -2.7163e+02
-1.1038e+02 -1.0694e+02 -7.5924e+01 -6.2105e+01
# New trial
-1.1077e+02 -1.1093e+02 -1.2749e+02 -6.3533e+02
-1.1071e+02 -1.1031e+02 -1.1149e+02 -3.2872e+02
-1.1062e+02 -1.0938e+02 -9.7807e+01 -9.6975e+01
-1.1052e+02 -1.0835e+02 -8.7091e+01 -4.6374e+01
# New trial
-1.1087e+02 -1.1267e+02 -2.0408e+02 -1.6223e+03
-1.1080e+02 -1.1151e+02 -1.5267e+02 -1.0094e+03
-1.1052e+02 -1.0843e+02 -9.5708e+01 -3.3975e+02
-1.1026e+02 -1.0571e+02 -6.5946e+01 -7.5495e+01
# New trial
-1.1078e+02 -1.1166e+02 -1.7877e+02 -1.3439e+03
-1.1071e+02 -1.1052e+02 -1.2701e+02 -6.8793e+02
-1.1055e+02 -1.0868e+02 -9.8449e+01 -4.2549e+02
-1.1038e+02 -1.0693e+02 -7.5671e+01 -1.9155e+02
# New trial
-1.1066e+02 -1.0991e+02 -1.1789e+02 -5.4673e+02
-1.1066e+02 -1.0988e+02 -1.1785e+02 -5.7157e+02
-1.1054e+02 -1.0855e+02 -9.4709e+01 -2.9957e+02
-1.1034e+02 -1.0652e+02 -7.3230e+01 -7.3232e+01
# New trial
-1.1075e+02 -1.1094e+02 -1.3843e+02 -7.2400e+02
-1.1067e+02 -1.1011e+02 -1.2238e+02 -5.1484e+02
-1.1053e+02 -1.0852e+02 -9.7184e+01 -3.6240e+02
-1.1037e+02 -1.0690e+02 -7.5759e+01 -1.1063e+02
# New trial
-1.1067e+02 -1.1026e+02 -1.4236e+02 -8.4119e+02
-1.1064e+02 -1.0993e+02 -1.3516e+02 -7.4276e+02
-1.1052e+02 -1.0840e+02 -9.6886e+01 -3.2991e+02
-1.1023e+02 -1.0545e+02 -6.2884e+01 -5.4833e+01
# New trial
-1.1080e+02 -1.1179e+02 -1.7507e+02 -1.2807e+03
-1.1073e+02 -1.1097e+02 -1.4936e+02 -9.1016e+02
-1.1050e+02 -1.0822e+02 -9.6170e+01 -3.8523e+02
-1.1022e+02 -1.0534e+02 -6.2221e+01 -7.0967e+01
# New trial
-1.1096e+02 -1.1503e+02 -2.6205e+02 -2.1113e+03
-1.1079e+02 -1.1189e+02 -1.8069e+02 -1.3801e+03
-1.1037e+02 -1.0695e+02 -8.7394e+01 -3.4645e+02
-1.0994e+02 -1.0255e+02 -5.1488e+01 -2.0276e+02
# New trial
-1.1122e+02 -1.1746e+02 -2.7584e+02 -2.2093e+03
-1.1097e+02 -1.1351e+02 -1.7836e+02 -1.2056e+03
-1.1052e+02 -1.0847e+02 -1.0579e+02 -5.1892e+02
-1.1025e+02 -1.0564e+02 -6.9470e+01 -2.2045e+02
# New trial
-1.1063e+02 -1.0979e+02 -1.2641e+02 -6.9446e+02
-1.1062e+02 -1.0949e+02 -1.1225e+02 -5.1446e+02
-1.1051e+02 -1.0827e+02 -9.1392e+01 -2.6590e+02
-1.1038e+02 -1.0692e+02 -7.5377e+01 -1.6369e+02
# New trial
-1.1074e+02 -1.1121e+02 -1.9444e+02 -1.5288e+03
-1.1072e+02 -1.1070e+02 -1.3864e+02 -8.1513e+02
-1.1054e+02 -1.0868e+02 -9.7652e+01 -2.3535e+02
-1.1029e+02 -1.0605e+02 -6.7980e+01 -5.8989e+01
# New trial
-1.1064e+02 -1.1004e+02 -1.4510e+02 -8.9851e+02
-1.1062e+02 -1.0956e+02 -1.1882e+02 -5.7828e+02
-1.1049e+02 -1.0807e+02 -9.0765e+01 -2.8867e+02
-1.1028e+02 -1.0600e+02 -6.8408e+01 -7.3826e+01
# New trial
