# 10.0sig - Array shape (trial/sig/alpha): (30L, 4L, 4L)
-1.0151e+02 -1.0133e+02 -1.0251e+02 -2.4891e+02
-1.0150e+02 -1.0121e+02 -1.0026e+02 -2.3154e+02
-1.0147e+02 -1.0090e+02 -9.5854e+01 -1.1529e+02
-1.0142e+02 -1.0037e+02 -9.0266e+01 -7.6457e+01
# New trial
-1.0156e+02 -1.0205e+02 -1.3056e+02 -6.1896e+02
-1.0153e+02 -1.0172e+02 -1.1722e+02 -4.0991e+02
-1.0145e+02 -1.0074e+02 -9.8717e+01 -1.9400e+02
-1.0132e+02 -9.9443e+01 -8.3214e+01 -7.1645e+01
# New trial
-1.0152e+02 -1.0142e+02 -1.0745e+02 -3.3304e+02
-1.0149e+02 -1.0114e+02 -1.0263e+02 -2.4077e+02
-1.0140e+02 -1.0017e+02 -8.9884e+01 -1.2539e+02
-1.0128e+02 -9.9055e+01 -7.9015e+01 -6.9229e+01
# New trial
-1.0150e+02 -1.0128e+02 -1.0281e+02 -2.3509e+02
-1.0149e+02 -1.0114e+02 -1.0194e+02 -2.1984e+02
-1.0141e+02 -1.0033e+02 -9.1270e+01 -1.1396e+02
-1.0132e+02 -9.9401e+01 -8.1979e+01 -6.9268e+01
# New trial
-1.0154e+02 -1.0172e+02 -1.1473e+02 -4.0241e+02
-1.0150e+02 -1.0127e+02 -1.0347e+02 -2.3745e+02
-1.0145e+02 -1.0071e+02 -9.4877e+01 -1.4447e+02
-1.0138e+02 -9.9978e+01 -8.6489e+01 -6.9227e+01
# New trial
-1.0151e+02 -1.0133e+02 -1.0315e+02 -2.0454e+02
-1.0148e+02 -1.0102e+02 -9.9261e+01 -1.8236e+02
-1.0140e+02 -1.0021e+02 -8.9546e+01 -9.0486e+01
-1.0131e+02 -9.9320e+01 -8.1344e+01 -7.0617e+01
# New trial
-1.0150e+02 -1.0123e+02 -1.0149e+02 -2.4720e+02
-1.0149e+02 -1.0117e+02 -9.9713e+01 -1.7010e+02
-1.0147e+02 -1.0092e+02 -9.6034e+01 -1.1193e+02
-1.0144e+02 -1.0056e+02 -9.2147e+01 -8.8323e+01
# New trial
-1.0153e+02 -1.0155e+02 -1.0994e+02 -3.2389e+02
-1.0151e+02 -1.0140e+02 -1.0672e+02 -2.9953e+02
-1.0146e+02 -1.0083e+02 -9.7668e+01 -1.8710e+02
-1.0136e+02 -9.9849e+01 -8.5954e+01 -7.3490e+01
# New trial
-1.0157e+02 -1.0216e+02 -1.3633e+02 -6.5005e+02
-1.0152e+02 -1.0149e+02 -1.1285e+02 -3.3016e+02
-1.0140e+02 -1.0020e+02 -9.1654e+01 -1.3983e+02
-1.0127e+02 -9.8918e+01 -7.8641e+01 -7.8559e+01
# New trial
-1.0151e+02 -1.0127e+02 -9.9430e+01 -1.3963e+02
-1.0149e+02 -1.0114e+02 -9.7927e+01 -1.0578e+02
-1.0146e+02 -1.0085e+02 -9.4963e+01 -8.7444e+01
-1.0144e+02 -1.0060e+02 -9.2348e+01 -7.4840e+01
# New trial
-1.0158e+02 -1.0221e+02 -1.2644e+02 -5.2027e+02
-1.0149e+02 -1.0117e+02 -1.1315e+02 -4.1987e+02
-1.0136e+02 -9.9800e+01 -9.1711e+01 -2.3913e+02
-1.0120e+02 -9.8185e+01 -7.3931e+01 -6.9227e+01
# New trial
-1.0158e+02 -1.0221e+02 -1.2951e+02 -5.5063e+02
-1.0152e+02 -1.0146e+02 -1.0439e+02 -2.1922e+02
-1.0147e+02 -1.0089e+02 -9.5944e+01 -8.3912e+01
-1.0141e+02 -1.0032e+02 -8.9716e+01 -7.0657e+01
# New trial
-1.0155e+02 -1.0184e+02 -1.1880e+02 -4.3196e+02
-1.0152e+02 -1.0148e+02 -1.0887e+02 -2.8910e+02
-1.0143e+02 -1.0050e+02 -9.3451e+01 -1.2310e+02
-1.0132e+02 -9.9380e+01 -8.1703e+01 -6.9337e+01
# New trial
-1.0152e+02 -1.0150e+02 -1.0685e+02 -2.7522e+02
-1.0150e+02 -1.0125e+02 -1.0269e+02 -2.1027e+02
-1.0142e+02 -1.0042e+02 -9.3014e+01 -1.4631e+02
-1.0132e+02 -9.9375e+01 -8.1518e+01 -6.9236e+01
# New trial
-1.0154e+02 -1.0172e+02 -1.1579e+02 -4.0419e+02
-1.0151e+02 -1.0136e+02 -1.0845e+02 -2.9396e+02
-1.0142e+02 -1.0041e+02 -9.2837e+01 -1.4367e+02
-1.0129e+02 -9.9086e+01 -7.9537e+01 -6.9227e+01
# New trial
-1.0156e+02 -1.0211e+02 -1.3635e+02 -6.3316e+02
-1.0150e+02 -1.0140e+02 -1.1170e+02 -3.3048e+02
-1.0138e+02 -1.0005e+02 -9.1958e+01 -1.5851e+02
-1.0122e+02 -9.8434e+01 -7.5314e+01 -6.9227e+01
# New trial
-1.0153e+02 -1.0167e+02 -1.2856e+02 -5.8582e+02
-1.0149e+02 -1.0120e+02 -1.0662e+02 -3.1703e+02
-1.0140e+02 -1.0024e+02 -9.2953e+01 -1.3981e+02
-1.0127e+02 -9.8911e+01 -7.9029e+01 -7.2621e+01
# New trial
-1.0154e+02 -1.0170e+02 -1.0977e+02 -3.6600e+02
-1.0150e+02 -1.0127e+02 -1.0230e+02 -2.4825e+02
-1.0142e+02 -1.0039e+02 -9.2997e+01 -1.5650e+02
-1.0134e+02 -9.9565e+01 -8.3681e+01 -8.4272e+01
# New trial
-1.0152e+02 -1.0147e+02 -1.0550e+02 -2.6637e+02
-1.0150e+02 -1.0119e+02 -9.9182e+01 -1.3126e+02
-1.0146e+02 -1.0079e+02 -9.4462e+01 -8.0808e+01
-1.0140e+02 -1.0025e+02 -8.8997e+01 -6.9227e+01
# New trial
-1.0158e+02 -1.0213e+02 -1.2630e+02 -5.3647e+02
-1.0154e+02 -1.0161e+02 -1.0751e+02 -3.1122e+02
-1.0143e+02 -1.0050e+02 -9.3801e+01 -1.9449e+02
-1.0131e+02 -9.9339e+01 -8.2010e+01 -9.3221e+01
# New trial
-1.0155e+02 -1.0171e+02 -1.1060e+02 -3.7056e+02
-1.0151e+02 -1.0131e+02 -1.0071e+02 -1.6136e+02
-1.0144e+02 -1.0057e+02 -9.2614e+01 -1.0566e+02
-1.0135e+02 -9.9745e+01 -8.4658e+01 -6.9761e+01
# New trial
-1.0151e+02 -1.0128e+02 -1.0149e+02 -2.3691e+02
-1.0149e+02 -1.0117e+02 -1.0073e+02 -2.3275e+02
-1.0144e+02 -1.0058e+02 -9.3158e+01 -1.1883e+02
-1.0133e+02 -9.9538e+01 -8.3830e+01 -7.0782e+01
# New trial
-1.0152e+02 -1.0150e+02 -1.0657e+02 -2.5481e+02
-1.0150e+02 -1.0122e+02 -1.0278e+02 -2.1977e+02
-1.0142e+02 -1.0039e+02 -9.2054e+01 -1.1189e+02
-1.0132e+02 -9.9384e+01 -8.1411e+01 -6.9227e+01
# New trial
-1.0152e+02 -1.0151e+02 -1.1331e+02 -3.4393e+02
-1.0149e+02 -1.0120e+02 -1.0952e+02 -3.3477e+02
-1.0140e+02 -1.0027e+02 -9.1484e+01 -1.1642e+02
-1.0124e+02 -9.8664e+01 -7.6959e+01 -6.9312e+01
# New trial
-1.0156e+02 -1.0200e+02 -1.2247e+02 -4.6120e+02
-1.0150e+02 -1.0137e+02 -1.0969e+02 -2.9438e+02
-1.0138e+02 -1.0005e+02 -9.0982e+01 -1.6498e+02
-1.0125e+02 -9.8741e+01 -7.6880e+01 -6.9227e+01
# New trial
-1.0162e+02 -1.0287e+02 -1.4185e+02 -6.4432e+02
-1.0152e+02 -1.0162e+02 -1.1772e+02 -4.4507e+02
-1.0133e+02 -9.9570e+01 -8.5483e+01 -7.5270e+01
-1.0112e+02 -9.7435e+01 -7.1020e+01 -6.9227e+01
# New trial
-1.0165e+02 -1.0317e+02 -1.4458e+02 -6.6420e+02
-1.0154e+02 -1.0172e+02 -1.1245e+02 -3.3860e+02
-1.0139e+02 -1.0009e+02 -9.0043e+01 -1.1730e+02
-1.0124e+02 -9.8656e+01 -7.7119e+01 -6.9227e+01
# New trial
-1.0149e+02 -1.0116e+02 -9.9451e+01 -2.0691e+02
-1.0148e+02 -1.0101e+02 -9.8456e+01 -2.1077e+02
-1.0142e+02 -1.0043e+02 -9.1734e+01 -1.0932e+02
-1.0134e+02 -9.9632e+01 -8.3654e+01 -7.4862e+01
# New trial
-1.0154e+02 -1.0171e+02 -1.2513e+02 -5.3807e+02
-1.0153e+02 -1.0156e+02 -1.0945e+02 -3.3118e+02
-1.0144e+02 -1.0069e+02 -9.6520e+01 -1.9083e+02
-1.0130e+02 -9.9215e+01 -8.0811e+01 -8.4282e+01
# New trial
-1.0151e+02 -1.0138e+02 -1.0704e+02 -3.4068e+02
-1.0150e+02 -1.0119e+02 -1.0068e+02 -2.1419e+02
-1.0144e+02 -1.0058e+02 -9.3003e+01 -1.2152e+02
-1.0134e+02 -9.9656e+01 -8.4447e+01 -6.9520e+01
# New trial
