# 1.0sig - Array shape (trial/sig/alpha): (30, 4, 4)
-1.4282e+02 -1.4069e+02 -1.3782e+02 -4.5129e+02
-1.4269e+02 -1.3937e+02 -1.1629e+02 -1.4149e+02
-1.4237e+02 -1.3614e+02 -8.4799e+01 -6.1996e+01
-1.4212e+02 -1.3364e+02 -7.4553e+01 -8.6799e+01
# New trial
-1.4286e+02 -1.4106e+02 -1.3290e+02 -2.8270e+02
-1.4275e+02 -1.3999e+02 -1.2089e+02 -1.2716e+02
-1.4249e+02 -1.3736e+02 -9.6099e+01 -6.2350e+01
-1.4236e+02 -1.3607e+02 -8.6811e+01 -1.2853e+02
# New trial
-1.4285e+02 -1.4096e+02 -1.2993e+02 -3.2061e+02
-1.4276e+02 -1.4005e+02 -1.1875e+02 -9.5300e+01
-1.4252e+02 -1.3763e+02 -9.6530e+01 -6.2072e+01
-1.4233e+02 -1.3570e+02 -8.2246e+01 -6.0080e+01
# New trial
-1.4287e+02 -1.4124e+02 -1.4293e+02 -6.6610e+02
-1.4278e+02 -1.4025e+02 -1.2647e+02 -2.5133e+02
-1.4255e+02 -1.3794e+02 -9.7500e+01 -6.0001e+01
-1.4248e+02 -1.3724e+02 -9.0263e+01 -5.9997e+01
# New trial
-1.4272e+02 -1.3976e+02 -1.3987e+02 -5.7818e+02
-1.4259e+02 -1.3844e+02 -1.1124e+02 -2.0562e+02
-1.4238e+02 -1.3629e+02 -8.9007e+01 -6.3877e+01
-1.4234e+02 -1.3581e+02 -8.9218e+01 -1.4206e+02
# New trial
-1.4290e+02 -1.4145e+02 -1.3972e+02 -5.1790e+02
-1.4281e+02 -1.4052e+02 -1.2317e+02 -2.0625e+02
-1.4257e+02 -1.3812e+02 -9.8831e+01 -6.0569e+01
-1.4239e+02 -1.3629e+02 -8.3979e+01 -5.9997e+01
# New trial
-1.4297e+02 -1.4217e+02 -1.4349e+02 -4.9822e+02
-1.4291e+02 -1.4148e+02 -1.2932e+02 -2.1002e+02
-1.4280e+02 -1.4038e+02 -1.1720e+02 -7.0416e+01
-1.4279e+02 -1.4029e+02 -1.1610e+02 -7.8863e+01
# New trial
-1.4282e+02 -1.4083e+02 -1.4895e+02 -6.5090e+02
-1.4269e+02 -1.3941e+02 -1.2501e+02 -3.9408e+02
-1.4241e+02 -1.3651e+02 -8.7998e+01 -6.0340e+01
-1.4230e+02 -1.3545e+02 -7.9831e+01 -6.0491e+01
# New trial
-1.4270e+02 -1.3975e+02 -1.3917e+02 -5.4217e+02
-1.4244e+02 -1.3707e+02 -1.1326e+02 -3.0206e+02
-1.4188e+02 -1.3136e+02 -6.6137e+01 -5.9997e+01
-1.4177e+02 -1.3011e+02 -6.4000e+01 -5.9997e+01
# New trial
-1.4286e+02 -1.4105e+02 -1.3554e+02 -4.0616e+02
-1.4272e+02 -1.3967e+02 -1.2134e+02 -2.7910e+02
-1.4238e+02 -1.3621e+02 -8.5057e+01 -6.0682e+01
-1.4217e+02 -1.3414e+02 -7.7822e+01 -1.0236e+02
# New trial
-1.4275e+02 -1.4009e+02 -1.3985e+02 -5.1457e+02
-1.4262e+02 -1.3875e+02 -1.2548e+02 -3.8128e+02
-1.4228e+02 -1.3524e+02 -8.1983e+01 -8.4534e+01
-1.4216e+02 -1.3407e+02 -7.7659e+01 -8.8975e+01
# New trial
-1.4286e+02 -1.4122e+02 -1.5426e+02 -6.6060e+02
-1.4270e+02 -1.3947e+02 -1.1924e+02 -2.2538e+02
-1.4237e+02 -1.3616e+02 -8.6604e+01 -6.1441e+01
-1.4205e+02 -1.3294e+02 -7.1296e+01 -6.5428e+01
# New trial
-1.4289e+02 -1.4153e+02 -1.5668e+02 -7.0251e+02
-1.4276e+02 -1.4009e+02 -1.2656e+02 -2.5880e+02
-1.4254e+02 -1.3782e+02 -9.8114e+01 -6.1465e+01
-1.4250e+02 -1.3744e+02 -9.2510e+01 -6.0138e+01
# New trial
-1.4282e+02 -1.4108e+02 -1.9610e+02 -1.1367e+03
-1.4263e+02 -1.3893e+02 -1.3500e+02 -4.6729e+02
-1.4224e+02 -1.3485e+02 -7.8190e+01 -6.0617e+01
-1.4213e+02 -1.3371e+02 -7.6186e+01 -9.0547e+01
# New trial
-1.4290e+02 -1.4153e+02 -1.4739e+02 -6.2436e+02
-1.4280e+02 -1.4048e+02 -1.2685e+02 -2.3565e+02
-1.4256e+02 -1.3801e+02 -9.7481e+01 -5.9999e+01
-1.4243e+02 -1.3673e+02 -8.6944e+01 -5.9997e+01
# New trial
-1.4277e+02 -1.4082e+02 -1.9218e+02 -1.0864e+03
-1.4258e+02 -1.3879e+02 -1.3918e+02 -4.5551e+02
-1.4214e+02 -1.3404e+02 -7.7155e+01 -5.9997e+01
-1.4208e+02 -1.3327e+02 -7.4854e+01 -5.9997e+01
# New trial
-1.4278e+02 -1.4037e+02 -1.3535e+02 -3.6760e+02
-1.4261e+02 -1.3867e+02 -1.1713e+02 -2.5144e+02
-1.4216e+02 -1.3406e+02 -7.5773e+01 -5.9997e+01
-1.4200e+02 -1.3251e+02 -6.7962e+01 -5.9997e+01
# New trial
-1.4281e+02 -1.4066e+02 -1.3375e+02 -3.4650e+02
-1.4270e+02 -1.3953e+02 -1.2254e+02 -2.2441e+02
-1.4241e+02 -1.3658e+02 -9.0700e+01 -8.1455e+01
-1.4235e+02 -1.3595e+02 -9.5579e+01 -3.1104e+02
# New trial
-1.4284e+02 -1.4105e+02 -1.5930e+02 -7.4583e+02
-1.4272e+02 -1.3979e+02 -1.3328e+02 -4.0313e+02
-1.4240e+02 -1.3642e+02 -8.7410e+01 -6.1554e+01
-1.4221e+02 -1.3448e+02 -7.6618e+01 -6.2291e+01
# New trial
-1.4289e+02 -1.4141e+02 -1.4253e+02 -5.2838e+02
-1.4282e+02 -1.4067e+02 -1.2677e+02 -3.0120e+02
-1.4264e+02 -1.3878e+02 -1.0335e+02 -6.7522e+01
-1.4247e+02 -1.3712e+02 -8.9742e+01 -6.2657e+01
# New trial
-1.4279e+02 -1.4060e+02 -1.5238e+02 -6.4068e+02
-1.4259e+02 -1.3854e+02 -1.1506e+02 -1.6363e+02
-1.4242e+02 -1.3667e+02 -9.2421e+01 -6.1293e+01
-1.4262e+02 -1.3861e+02 -1.0309e+02 -1.0589e+02
# New trial
-1.4287e+02 -1.4120e+02 -1.4561e+02 -6.4126e+02
-1.4278e+02 -1.4023e+02 -1.1898e+02 -9.0828e+01
-1.4258e+02 -1.3824e+02 -9.8720e+01 -6.0042e+01
-1.4243e+02 -1.3670e+02 -8.5734e+01 -5.9997e+01
# New trial
-1.4283e+02 -1.4095e+02 -1.5332e+02 -6.1644e+02
-1.4261e+02 -1.3873e+02 -1.1985e+02 -2.8356e+02
-1.4233e+02 -1.3577e+02 -8.7599e+01 -6.1031e+01
-1.4238e+02 -1.3625e+02 -9.6822e+01 -3.0737e+02
# New trial
-1.4279e+02 -1.4069e+02 -1.4662e+02 -4.3733e+02
-1.4258e+02 -1.3849e+02 -1.1994e+02 -2.6205e+02
-1.4213e+02 -1.3388e+02 -7.8146e+01 -6.1025e+01
-1.4189e+02 -1.3140e+02 -6.9888e+01 -6.4597e+01
# New trial
-1.4292e+02 -1.4220e+02 -1.9889e+02 -1.1530e+03
-1.4270e+02 -1.3964e+02 -1.3245e+02 -3.5482e+02
-1.4222e+02 -1.3472e+02 -7.9314e+01 -6.0991e+01
-1.4206e+02 -1.3306e+02 -7.4540e+01 -8.5319e+01
# New trial
-1.4290e+02 -1.4143e+02 -1.2956e+02 -1.6643e+02
-1.4278e+02 -1.4017e+02 -1.1779e+02 -9.9936e+01
-1.4250e+02 -1.3740e+02 -9.3525e+01 -6.0409e+01
-1.4243e+02 -1.3666e+02 -8.5490e+01 -5.9997e+01
# New trial
-1.4280e+02 -1.4049e+02 -1.4122e+02 -6.4351e+02
-1.4271e+02 -1.3959e+02 -1.2035e+02 -2.6565e+02
-1.4249e+02 -1.3732e+02 -9.4322e+01 -6.0373e+01
-1.4238e+02 -1.3623e+02 -8.5732e+01 -6.3667e+01
# New trial
-1.4286e+02 -1.4147e+02 -1.5801e+02 -6.0623e+02
-1.4269e+02 -1.3961e+02 -1.3302e+02 -3.7938e+02
-1.4226e+02 -1.3516e+02 -8.4698e+01 -8.5236e+01
-1.4203e+02 -1.3275e+02 -8.3930e+01 -2.3419e+02
# New trial
-1.4288e+02 -1.4131e+02 -1.3847e+02 -3.8116e+02
-1.4274e+02 -1.3987e+02 -1.2082e+02 -1.9927e+02
-1.4243e+02 -1.3681e+02 -9.1219e+01 -6.0269e+01
-1.4240e+02 -1.3645e+02 -8.6029e+01 -6.0574e+01
# New trial
-1.4285e+02 -1.4107e+02 -1.4368e+02 -5.2650e+02
-1.4276e+02 -1.4007e+02 -1.2389e+02 -2.4105e+02
-1.4250e+02 -1.3744e+02 -9.1733e+01 -6.0000e+01
-1.4231e+02 -1.3552e+02 -7.9696e+01 -5.9997e+01
# New trial
