# 10.0sig - Array shape (trial/sig/alpha): (30L, 4L, 4L)
-8.7668e+01 -8.7547e+01 -9.3887e+01 -3.4157e+02
-8.7652e+01 -8.7372e+01 -8.9462e+01 -2.7071e+02
-8.7605e+01 -8.6883e+01 -8.1253e+01 -1.2671e+02
-8.7535e+01 -8.6171e+01 -7.3007e+01 -5.0515e+01
# New trial
-8.7718e+01 -8.8447e+01 -1.2638e+02 -7.3047e+02
-8.7689e+01 -8.8060e+01 -1.1181e+02 -5.3298e+02
-8.7601e+01 -8.6918e+01 -8.8109e+01 -2.8676e+02
-8.7424e+01 -8.5067e+01 -6.3368e+01 -4.6188e+01
# New trial
-8.7674e+01 -8.7675e+01 -1.0337e+02 -4.6342e+02
-8.7640e+01 -8.7316e+01 -9.4323e+01 -3.2434e+02
-8.7507e+01 -8.5909e+01 -7.2835e+01 -9.9198e+01
-8.7355e+01 -8.4379e+01 -5.7724e+01 -4.6151e+01
# New trial
-8.7648e+01 -8.7366e+01 -9.5175e+01 -3.6525e+02
-8.7629e+01 -8.7178e+01 -9.1468e+01 -3.0673e+02
-8.7532e+01 -8.6156e+01 -7.5478e+01 -1.5316e+02
-8.7397e+01 -8.4793e+01 -6.1556e+01 -4.8407e+01
# New trial
-8.7721e+01 -8.8241e+01 -1.1661e+02 -6.3556e+02
-8.7674e+01 -8.7661e+01 -9.7173e+01 -3.4719e+02
-8.7602e+01 -8.6870e+01 -8.2736e+01 -1.5820e+02
-8.7520e+01 -8.6017e+01 -7.1779e+01 -6.2785e+01
# New trial
-8.7642e+01 -8.7330e+01 -9.3520e+01 -3.0526e+02
-8.7606e+01 -8.6949e+01 -8.8213e+01 -2.4571e+02
-8.7494e+01 -8.5784e+01 -7.1779e+01 -8.5866e+01
-8.7350e+01 -8.4321e+01 -5.7866e+01 -4.7820e+01
# New trial
-8.7658e+01 -8.7414e+01 -8.7721e+01 -2.2558e+02
-8.7651e+01 -8.7340e+01 -8.6897e+01 -2.3915e+02
-8.7608e+01 -8.6903e+01 -8.1417e+01 -2.0599e+02
-8.7557e+01 -8.6388e+01 -7.5107e+01 -6.4026e+01
# New trial
-8.7658e+01 -8.7542e+01 -1.0178e+02 -4.1564e+02
-8.7639e+01 -8.7332e+01 -9.6177e+01 -3.6601e+02
-8.7567e+01 -8.6544e+01 -8.0625e+01 -1.4832e+02
-8.7457e+01 -8.5406e+01 -6.6484e+01 -4.6162e+01
# New trial
-8.7736e+01 -8.8653e+01 -1.3651e+02 -8.0154e+02
-8.7674e+01 -8.7839e+01 -1.1148e+02 -5.1388e+02
-8.7505e+01 -8.5923e+01 -7.4688e+01 -1.0827e+02
-8.7330e+01 -8.4136e+01 -5.7558e+01 -4.6299e+01
# New trial
-8.7639e+01 -8.7215e+01 -8.5120e+01 -2.3975e+02
-8.7619e+01 -8.7009e+01 -8.1573e+01 -1.1507e+02
-8.7577e+01 -8.6586e+01 -7.7005e+01 -5.9151e+01
-8.7558e+01 -8.6391e+01 -7.4981e+01 -5.6626e+01
# New trial
-8.7789e+01 -8.9065e+01 -1.2489e+02 -6.9168e+02
-8.7620e+01 -8.7152e+01 -1.0542e+02 -5.9203e+02
-8.7416e+01 -8.5034e+01 -7.3681e+01 -2.0513e+02
-8.7260e+01 -8.3436e+01 -5.2901e+01 -4.6265e+01
# New trial
-8.7752e+01 -8.8736e+01 -1.3378e+02 -7.5501e+02
-8.7660e+01 -8.7495e+01 -9.2783e+01 -2.7356e+02
-8.7594e+01 -8.6774e+01 -8.0370e+01 -1.1992e+02
-8.7511e+01 -8.5930e+01 -7.0651e+01 -4.6179e+01
# New trial
-8.7695e+01 -8.8039e+01 -1.1605e+02 -5.9305e+02
-8.7661e+01 -8.7611e+01 -1.0144e+02 -3.9241e+02
-8.7543e+01 -8.6304e+01 -7.8219e+01 -1.7109e+02
-8.7412e+01 -8.4941e+01 -6.2778e+01 -5.1238e+01
# New trial
-8.7714e+01 -8.8100e+01 -1.0600e+02 -4.6012e+02
-8.7676e+01 -8.7679e+01 -9.6995e+01 -3.0794e+02
-8.7547e+01 -8.6318e+01 -7.8437e+01 -1.5757e+02
-8.7412e+01 -8.4940e+01 -6.2005e+01 -4.6151e+01
# New trial
-8.7701e+01 -8.8053e+01 -1.1183e+02 -5.1982e+02
-8.7656e+01 -8.7536e+01 -1.0031e+02 -3.8130e+02
-8.7523e+01 -8.6078e+01 -7.4752e+01 -7.7039e+01
-8.7380e+01 -8.4623e+01 -5.9225e+01 -4.6151e+01
# New trial
-8.7784e+01 -8.9227e+01 -1.4355e+02 -8.7414e+02
-8.7714e+01 -8.8273e+01 -1.1157e+02 -4.7679e+02
-8.7515e+01 -8.6070e+01 -7.9113e+01 -1.8601e+02
-8.7283e+01 -8.3670e+01 -5.3448e+01 -4.6151e+01
# New trial
-8.7687e+01 -8.8137e+01 -1.3673e+02 -8.3127e+02
-8.7605e+01 -8.7052e+01 -9.7915e+01 -3.8827e+02
-8.7482e+01 -8.5683e+01 -7.5961e+01 -2.6117e+02
-8.7358e+01 -8.4408e+01 -5.9214e+01 -4.8930e+01
# New trial
-8.7726e+01 -8.8216e+01 -1.0896e+02 -5.3368e+02
-8.7664e+01 -8.7528e+01 -9.3573e+01 -3.2197e+02
-8.7555e+01 -8.6397e+01 -7.9342e+01 -2.5820e+02
-8.7492e+01 -8.5735e+01 -6.9817e+01 -1.0536e+02
# New trial
-8.7699e+01 -8.7876e+01 -9.9014e+01 -3.9489e+02
-8.7659e+01 -8.7430e+01 -8.7872e+01 -1.8264e+02
-8.7598e+01 -8.6801e+01 -7.9412e+01 -5.8290e+01
-8.7531e+01 -8.6129e+01 -7.2487e+01 -4.6185e+01
# New trial
-8.7757e+01 -8.8712e+01 -1.3163e+02 -7.4847e+02
-8.7683e+01 -8.7773e+01 -1.0023e+02 -3.9407e+02
-8.7519e+01 -8.6051e+01 -7.7240e+01 -1.7971e+02
-8.7343e+01 -8.4261e+01 -5.8423e+01 -6.4393e+01
# New trial
-8.7712e+01 -8.8072e+01 -1.0918e+02 -5.1785e+02
-8.7644e+01 -8.7291e+01 -8.8117e+01 -2.4363e+02
-8.7530e+01 -8.6134e+01 -7.4665e+01 -1.4245e+02
-8.7426e+01 -8.5078e+01 -6.3505e+01 -5.3107e+01
# New trial
-8.7641e+01 -8.7261e+01 -8.9620e+01 -2.9089e+02
-8.7626e+01 -8.7123e+01 -8.9157e+01 -3.0118e+02
-8.7535e+01 -8.6195e+01 -7.6038e+01 -1.5094e+02
-8.7401e+01 -8.4838e+01 -6.2746e+01 -4.9151e+01
# New trial
-8.7666e+01 -8.7595e+01 -9.8252e+01 -3.4408e+02
-8.7633e+01 -8.7253e+01 -9.2725e+01 -2.6297e+02
-8.7543e+01 -8.6284e+01 -7.7123e+01 -1.0719e+02
-8.7438e+01 -8.5204e+01 -6.4502e+01 -6.0557e+01
# New trial
-8.7667e+01 -8.7724e+01 -1.0594e+02 -4.3821e+02
-8.7648e+01 -8.7537e+01 -1.0374e+02 -4.3711e+02
-8.7542e+01 -8.6315e+01 -8.0554e+01 -1.9102e+02
-8.7332e+01 -8.4146e+01 -5.6512e+01 -4.6151e+01
# New trial
-8.7736e+01 -8.8491e+01 -1.2369e+02 -6.9058e+02
-8.7677e+01 -8.7818e+01 -1.0743e+02 -5.2114e+02
-8.7517e+01 -8.6044e+01 -7.6409e+01 -1.3315e+02
-8.7342e+01 -8.4251e+01 -5.7404e+01 -4.6608e+01
# New trial
-8.7769e+01 -8.9384e+01 -1.5134e+02 -9.0539e+02
-8.7661e+01 -8.7829e+01 -1.1651e+02 -6.1865e+02
-8.7405e+01 -8.4942e+01 -6.6263e+01 -4.9680e+01
-8.7133e+01 -8.2171e+01 -4.8052e+01 -4.6151e+01
# New trial
-8.7868e+01 -9.0290e+01 -1.5670e+02 -9.7006e+02
-8.7700e+01 -8.8028e+01 -1.0639e+02 -4.5968e+02
-8.7463e+01 -8.5485e+01 -7.2207e+01 -1.9993e+02
-8.7285e+01 -8.3677e+01 -5.4995e+01 -5.5478e+01
# New trial
-8.7635e+01 -8.7191e+01 -8.6457e+01 -2.4342e+02
-8.7611e+01 -8.6962e+01 -8.5021e+01 -2.5267e+02
-8.7534e+01 -8.6173e+01 -7.4927e+01 -1.0575e+02
-8.7425e+01 -8.5068e+01 -6.3076e+01 -4.6243e+01
# New trial
-8.7698e+01 -8.8099e+01 -1.2737e+02 -7.2791e+02
-8.7676e+01 -8.7779e+01 -1.0375e+02 -4.3619e+02
-8.7551e+01 -8.6378e+01 -7.9002e+01 -1.8878e+02
-8.7366e+01 -8.4482e+01 -5.8645e+01 -4.6278e+01
# New trial
-8.7618e+01 -8.7058e+01 -9.3595e+01 -4.0455e+02
-8.7589e+01 -8.6764e+01 -8.7096e+01 -2.8754e+02
-8.7503e+01 -8.5873e+01 -7.3497e+01 -1.6638e+02
-8.7375e+01 -8.4571e+01 -6.0236e+01 -6.3414e+01
# New trial
