# 10.0sig - Array shape (trial/sig/alpha): (30L, 4L, 4L)
-8.3048e+01 -8.2881e+01 -8.9051e+01 -3.3889e+02
-8.3029e+01 -8.2673e+01 -8.2959e+01 -2.1442e+02
-8.2985e+01 -8.2206e+01 -7.5414e+01 -1.0417e+02
-8.2930e+01 -8.1650e+01 -6.9311e+01 -5.0549e+01
# New trial
-8.3071e+01 -8.3614e+01 -1.2432e+02 -7.7087e+02
-8.3040e+01 -8.3182e+01 -1.0733e+02 -5.1183e+02
-8.2966e+01 -8.2070e+01 -7.8196e+01 -1.7685e+02
-8.2832e+01 -8.0679e+01 -6.1212e+01 -6.9199e+01
# New trial
-8.3041e+01 -8.2888e+01 -9.7157e+01 -4.4606e+02
-8.3028e+01 -8.2742e+01 -9.1511e+01 -3.4175e+02
-8.2913e+01 -8.1512e+01 -7.0958e+01 -1.0643e+02
-8.2777e+01 -8.0129e+01 -5.6485e+01 -5.2925e+01
# New trial
-8.2953e+01 -8.1928e+01 -7.7895e+01 -2.2844e+02
-8.2950e+01 -8.1904e+01 -7.8217e+01 -2.4759e+02
-8.2890e+01 -8.1274e+01 -6.7344e+01 -7.5789e+01
-8.2794e+01 -8.0298e+01 -5.8575e+01 -8.0934e+01
# New trial
-8.3077e+01 -8.3400e+01 -1.1150e+02 -6.0891e+02
-8.3039e+01 -8.2873e+01 -9.0926e+01 -3.2575e+02
-8.2986e+01 -8.2265e+01 -7.8989e+01 -1.7638e+02
-8.2918e+01 -8.1543e+01 -6.8731e+01 -5.4372e+01
# New trial
-8.3011e+01 -8.2613e+01 -9.1424e+01 -3.6222e+02
-8.3001e+01 -8.2447e+01 -8.4065e+01 -2.2161e+02
-8.2914e+01 -8.1522e+01 -7.1671e+01 -1.5251e+02
-8.2773e+01 -8.0093e+01 -5.6847e+01 -5.9024e+01
# New trial
-8.3062e+01 -8.2996e+01 -8.6420e+01 -3.4461e+02
-8.3051e+01 -8.2886e+01 -8.4172e+01 -2.8319e+02
-8.3006e+01 -8.2419e+01 -7.7686e+01 -1.3884e+02
-8.2964e+01 -8.1990e+01 -7.2586e+01 -5.9856e+01
# New trial
-8.2986e+01 -8.2338e+01 -8.9520e+01 -3.4507e+02
-8.2966e+01 -8.2157e+01 -8.6404e+01 -3.1549e+02
-8.2931e+01 -8.1749e+01 -7.6449e+01 -1.7784e+02
-8.2867e+01 -8.1041e+01 -6.4525e+01 -5.5993e+01
# New trial
-8.3177e+01 -8.4665e+01 -1.4631e+02 -9.9972e+02
-8.3116e+01 -8.3809e+01 -1.1286e+02 -5.5158e+02
-8.2935e+01 -8.1764e+01 -7.6404e+01 -2.2422e+02
-8.2769e+01 -8.0055e+01 -5.7233e+01 -5.8733e+01
# New trial
-8.3026e+01 -8.2622e+01 -8.0838e+01 -1.9930e+02
-8.3008e+01 -8.2437e+01 -7.7876e+01 -1.2706e+02
-8.2975e+01 -8.2102e+01 -7.4128e+01 -1.2701e+02
-8.2960e+01 -8.1950e+01 -7.2138e+01 -5.8060e+01
# New trial
-8.3164e+01 -8.4388e+01 -1.2571e+02 -7.6743e+02
-8.3013e+01 -8.2640e+01 -9.6722e+01 -4.6684e+02
-8.2814e+01 -8.0547e+01 -6.7401e+01 -1.8231e+02
-8.2694e+01 -7.9309e+01 -5.1998e+01 -6.2279e+01
# New trial
-8.3157e+01 -8.4320e+01 -1.3123e+02 -7.8428e+02
-8.3064e+01 -8.3085e+01 -9.1074e+01 -2.9705e+02
-8.2992e+01 -8.2293e+01 -7.7321e+01 -1.0707e+02
-8.2913e+01 -8.1480e+01 -6.7662e+01 -4.7187e+01
# New trial
-8.3026e+01 -8.2922e+01 -1.0917e+02 -6.0404e+02
-8.3004e+01 -8.2614e+01 -9.4000e+01 -3.4503e+02
-8.2943e+01 -8.1852e+01 -7.7009e+01 -2.1475e+02
-8.2831e+01 -8.0675e+01 -6.2284e+01 -9.3966e+01
# New trial
-8.3064e+01 -8.3139e+01 -9.9698e+01 -4.6001e+02
-8.3037e+01 -8.2827e+01 -9.0347e+01 -2.9558e+02
-8.2938e+01 -8.1763e+01 -7.3573e+01 -1.7529e+02
-8.2831e+01 -8.0665e+01 -6.0706e+01 -5.4564e+01
# New trial
-8.3107e+01 -8.3681e+01 -1.1210e+02 -5.6070e+02
-8.3057e+01 -8.3101e+01 -9.9167e+01 -4.1329e+02
-8.2921e+01 -8.1606e+01 -7.2648e+01 -1.1302e+02
-8.2798e+01 -8.0344e+01 -5.8405e+01 -6.4796e+01
# New trial
-8.3111e+01 -8.4059e+01 -1.4054e+02 -9.0218e+02
-8.3037e+01 -8.3054e+01 -1.0357e+02 -4.6635e+02
-8.2902e+01 -8.1476e+01 -7.5904e+01 -2.0273e+02
-8.2719e+01 -7.9568e+01 -5.4965e+01 -7.4266e+01
# New trial
-8.3016e+01 -8.2951e+01 -1.2731e+02 -8.3105e+02
-8.2954e+01 -8.2120e+01 -9.3142e+01 -3.8943e+02
-8.2872e+01 -8.1137e+01 -7.0642e+01 -1.1805e+02
-8.2779e+01 -8.0154e+01 -5.6563e+01 -5.5511e+01
# New trial
-8.3097e+01 -8.3458e+01 -1.0310e+02 -4.9946e+02
-8.3038e+01 -8.2805e+01 -8.8301e+01 -3.7136e+02
-8.2943e+01 -8.1824e+01 -7.4459e+01 -1.6495e+02
-8.2896e+01 -8.1312e+01 -6.7055e+01 -1.0516e+02
# New trial
-8.3069e+01 -8.3112e+01 -9.2753e+01 -3.9005e+02
-8.3033e+01 -8.2708e+01 -8.2419e+01 -1.8148e+02
-8.2988e+01 -8.2236e+01 -7.5406e+01 -6.6171e+01
-8.2935e+01 -8.1702e+01 -6.9689e+01 -4.6194e+01
# New trial
-8.3115e+01 -8.3845e+01 -1.2928e+02 -7.8078e+02
-8.3047e+01 -8.2965e+01 -9.6671e+01 -4.3937e+02
-8.2894e+01 -8.1338e+01 -7.1211e+01 -1.6146e+02
-8.2741e+01 -7.9771e+01 -5.4616e+01 -5.1228e+01
# New trial
-8.3102e+01 -8.3497e+01 -1.0278e+02 -5.0500e+02
-8.3046e+01 -8.2852e+01 -8.4857e+01 -2.1975e+02
-8.2934e+01 -8.1699e+01 -7.0848e+01 -1.0470e+02
-8.2834e+01 -8.0699e+01 -6.0975e+01 -4.7685e+01
# New trial
-8.2986e+01 -8.2261e+01 -8.2004e+01 -2.7661e+02
-8.2995e+01 -8.2350e+01 -8.2913e+01 -2.5808e+02
-8.2932e+01 -8.1702e+01 -7.4122e+01 -2.1381e+02
-8.2804e+01 -8.0407e+01 -6.1065e+01 -1.2085e+02
# New trial
-8.3093e+01 -8.3430e+01 -9.9096e+01 -3.8809e+02
-8.3052e+01 -8.2996e+01 -9.2415e+01 -3.1202e+02
-8.2946e+01 -8.1855e+01 -7.5460e+01 -1.7992e+02
-8.2857e+01 -8.0927e+01 -6.3228e+01 -8.1359e+01
# New trial
-8.3040e+01 -8.3030e+01 -1.0371e+02 -4.7885e+02
-8.3007e+01 -8.2699e+01 -9.8462e+01 -4.3578e+02
-8.2933e+01 -8.1759e+01 -7.6418e+01 -1.9218e+02
-8.2754e+01 -7.9896e+01 -5.4863e+01 -5.8017e+01
# New trial
-8.3165e+01 -8.4378e+01 -1.2424e+02 -7.2391e+02
-8.3103e+01 -8.3656e+01 -1.0822e+02 -5.1613e+02
-8.2940e+01 -8.1811e+01 -7.6906e+01 -2.1355e+02
-8.2776e+01 -8.0127e+01 -5.7054e+01 -6.3650e+01
# New trial
-8.3238e+01 -8.5719e+01 -1.5515e+02 -9.8544e+02
-8.3122e+01 -8.4018e+01 -1.1974e+02 -6.8930e+02
-8.2846e+01 -8.0880e+01 -7.1680e+01 -2.7753e+02
-8.2580e+01 -7.8180e+01 -4.8382e+01 -7.0573e+01
# New trial
-8.3350e+01 -8.6760e+01 -1.6211e+02 -1.0493e+03
-8.3155e+01 -8.4157e+01 -1.1031e+02 -5.2730e+02
-8.2876e+01 -8.1174e+01 -7.1791e+01 -2.1576e+02
-8.2713e+01 -7.9503e+01 -5.6825e+01 -1.2898e+02
# New trial
-8.3030e+01 -8.2703e+01 -8.4973e+01 -2.6627e+02
-8.3003e+01 -8.2435e+01 -8.2408e+01 -2.5214e+02
-8.2932e+01 -8.1693e+01 -7.1933e+01 -1.4636e+02
-8.2840e+01 -8.0757e+01 -6.1262e+01 -4.7503e+01
# New trial
-8.3066e+01 -8.3231e+01 -1.1492e+02 -7.4212e+02
-8.3050e+01 -8.3060e+01 -9.8134e+01 -4.4893e+02
-8.2927e+01 -8.1730e+01 -7.5822e+01 -1.3418e+02
-8.2781e+01 -8.0177e+01 -5.7455e+01 -5.1768e+01
# New trial
-8.3004e+01 -8.2494e+01 -9.4764e+01 -4.4038e+02
-8.2968e+01 -8.2109e+01 -8.2586e+01 -2.8837e+02
-8.2881e+01 -8.1182e+01 -6.7227e+01 -1.1040e+02
-8.2768e+01 -8.0041e+01 -5.6393e+01 -5.6978e+01
# New trial
