# 1.0sig - Array shape (trial/sig/alpha): (30L, 4L, 4L)
-1.1518e+02 -1.1373e+02 -1.3478e+02 -6.8089e+02
-1.1506e+02 -1.1240e+02 -1.0604e+02 -3.2678e+02
-1.1477e+02 -1.0934e+02 -6.9255e+01 -1.5505e+02
-1.1456e+02 -1.0723e+02 -5.8033e+01 -1.1401e+02
# New trial
-1.1513e+02 -1.1316e+02 -1.1503e+02 -4.2750e+02
-1.1505e+02 -1.1236e+02 -9.8534e+01 -1.4065e+02
-1.1487e+02 -1.1039e+02 -7.6079e+01 -1.0962e+02
-1.1484e+02 -1.1001e+02 -6.9823e+01 -5.2008e+01
# New trial
-1.1521e+02 -1.1381e+02 -1.1642e+02 -4.6616e+02
-1.1512e+02 -1.1287e+02 -9.9740e+01 -1.5637e+02
-1.1490e+02 -1.1069e+02 -7.5741e+01 -1.0244e+02
-1.1475e+02 -1.0916e+02 -6.3969e+01 -6.2609e+01
# New trial
-1.1517e+02 -1.1354e+02 -1.2554e+02 -7.1521e+02
-1.1508e+02 -1.1261e+02 -1.0565e+02 -3.2423e+02
-1.1492e+02 -1.1083e+02 -7.7613e+01 -9.5300e+01
-1.1489e+02 -1.1052e+02 -7.2447e+01 -5.0261e+01
# New trial
-1.1502e+02 -1.1220e+02 -1.3840e+02 -8.5833e+02
-1.1491e+02 -1.1094e+02 -9.9569e+01 -4.6399e+02
-1.1474e+02 -1.0912e+02 -6.6649e+01 -1.4676e+02
-1.1477e+02 -1.0933e+02 -7.0961e+01 -1.5295e+02
# New trial
-1.1513e+02 -1.1304e+02 -1.1275e+02 -5.3318e+02
-1.1507e+02 -1.1243e+02 -9.8632e+01 -2.5794e+02
-1.1491e+02 -1.1075e+02 -7.6405e+01 -9.5504e+01
-1.1483e+02 -1.0995e+02 -7.1003e+01 -1.5257e+02
# New trial
-1.1528e+02 -1.1456e+02 -1.2421e+02 -5.5586e+02
-1.1521e+02 -1.1374e+02 -1.0470e+02 -2.7074e+02
-1.1512e+02 -1.1281e+02 -9.1649e+01 -7.2060e+01
-1.1515e+02 -1.1310e+02 -9.3230e+01 -4.9507e+01
# New trial
-1.1517e+02 -1.1371e+02 -1.3775e+02 -7.5271e+02
-1.1504e+02 -1.1224e+02 -1.0298e+02 -3.3633e+02
-1.1480e+02 -1.0973e+02 -6.9419e+01 -9.3975e+01
-1.1482e+02 -1.0982e+02 -6.7945e+01 -5.1000e+01
# New trial
-1.1502e+02 -1.1266e+02 -1.3865e+02 -7.5477e+02
-1.1477e+02 -1.0991e+02 -1.0522e+02 -4.5027e+02
-1.1430e+02 -1.0486e+02 -5.7353e+01 -2.1572e+02
-1.1440e+02 -1.0568e+02 -5.5648e+01 -7.5608e+01
# New trial
-1.1514e+02 -1.1326e+02 -1.1540e+02 -5.2323e+02
-1.1501e+02 -1.1187e+02 -9.8657e+01 -3.8657e+02
-1.1473e+02 -1.0892e+02 -6.2335e+01 -1.2070e+02
-1.1461e+02 -1.0772e+02 -5.9278e+01 -8.2226e+01
# New trial
-1.1500e+02 -1.1214e+02 -1.2586e+02 -6.4707e+02
-1.1489e+02 -1.1090e+02 -1.1093e+02 -5.4628e+02
-1.1464e+02 -1.0814e+02 -6.4967e+01 -1.3520e+02
-1.1466e+02 -1.0827e+02 -6.4441e+01 -1.6759e+02
# New trial
-1.1515e+02 -1.1363e+02 -1.5305e+02 -9.1632e+02
-1.1500e+02 -1.1176e+02 -9.9781e+01 -3.5394e+02
-1.1472e+02 -1.0884e+02 -6.0389e+01 -9.6076e+01
-1.1452e+02 -1.0686e+02 -5.4563e+01 -5.4384e+01
# New trial
-1.1512e+02 -1.1328e+02 -1.4159e+02 -8.4652e+02
-1.1501e+02 -1.1192e+02 -1.0037e+02 -2.7205e+02
-1.1487e+02 -1.1044e+02 -7.5820e+01 -9.7824e+01
-1.1493e+02 -1.1089e+02 -7.7223e+01 -1.3524e+02
# New trial
-1.1519e+02 -1.1453e+02 -2.0012e+02 -1.4121e+03
-1.1502e+02 -1.1226e+02 -1.2693e+02 -5.9163e+02
-1.1467e+02 -1.0843e+02 -6.7631e+01 -1.4630e+02
-1.1467e+02 -1.0839e+02 -6.3761e+01 -1.0050e+02
# New trial
-1.1519e+02 -1.1391e+02 -1.4155e+02 -8.6581e+02
-1.1510e+02 -1.1277e+02 -1.0915e+02 -3.3344e+02
-1.1494e+02 -1.1103e+02 -7.8272e+01 -8.3793e+01
-1.1487e+02 -1.1033e+02 -7.1487e+01 -7.0816e+01
# New trial
-1.1507e+02 -1.1363e+02 -1.8511e+02 -1.2752e+03
-1.1491e+02 -1.1156e+02 -1.2814e+02 -5.7612e+02
-1.1456e+02 -1.0749e+02 -6.5074e+01 -1.5030e+02
-1.1465e+02 -1.0812e+02 -6.5433e+01 -1.2782e+02
# New trial
-1.1509e+02 -1.1286e+02 -1.1743e+02 -4.6139e+02
-1.1493e+02 -1.1118e+02 -9.9255e+01 -3.7961e+02
-1.1452e+02 -1.0702e+02 -6.2656e+01 -1.7426e+02
-1.1456e+02 -1.0729e+02 -5.8288e+01 -7.4450e+01
# New trial
-1.1510e+02 -1.1291e+02 -1.1367e+02 -4.2689e+02
-1.1501e+02 -1.1194e+02 -1.0261e+02 -3.1867e+02
-1.1477e+02 -1.0945e+02 -6.9729e+01 -1.1172e+02
-1.1480e+02 -1.0964e+02 -6.8495e+01 -6.3241e+01
# New trial
-1.1504e+02 -1.1256e+02 -1.4019e+02 -7.6403e+02
-1.1500e+02 -1.1191e+02 -1.1557e+02 -4.8544e+02
-1.1476e+02 -1.0928e+02 -6.4854e+01 -8.6054e+01
-1.1465e+02 -1.0809e+02 -5.9671e+01 -5.8999e+01
# New trial
-1.1525e+02 -1.1431e+02 -1.3536e+02 -7.8318e+02
-1.1517e+02 -1.1346e+02 -1.0995e+02 -3.9598e+02
-1.1499e+02 -1.1150e+02 -8.0712e+01 -1.1371e+02
-1.1487e+02 -1.1033e+02 -7.0258e+01 -4.8990e+01
# New trial
-1.1504e+02 -1.1268e+02 -1.4986e+02 -8.9386e+02
-1.1487e+02 -1.1065e+02 -9.4965e+01 -2.8764e+02
-1.1483e+02 -1.1001e+02 -7.5510e+01 -9.7342e+01
-1.1508e+02 -1.1245e+02 -9.0677e+01 -2.0273e+02
# New trial
-1.1512e+02 -1.1304e+02 -1.2594e+02 -7.1654e+02
-1.1507e+02 -1.1239e+02 -9.3769e+01 -1.5465e+02
-1.1491e+02 -1.1070e+02 -7.1934e+01 -6.1683e+01
-1.1486e+02 -1.1019e+02 -6.9050e+01 -4.6065e+01
# New trial
-1.1517e+02 -1.1391e+02 -1.5677e+02 -9.4352e+02
-1.1496e+02 -1.1153e+02 -1.0343e+02 -3.8982e+02
-1.1472e+02 -1.0899e+02 -6.6402e+01 -1.0934e+02
-1.1485e+02 -1.1010e+02 -7.1210e+01 -6.6360e+01
# New trial
-1.1526e+02 -1.1491e+02 -1.4913e+02 -7.2796e+02
-1.1503e+02 -1.1237e+02 -1.1033e+02 -4.1986e+02
-1.1459e+02 -1.0771e+02 -6.1070e+01 -1.2826e+02
-1.1436e+02 -1.0530e+02 -5.2625e+01 -4.9264e+01
# New trial
-1.1522e+02 -1.1482e+02 -1.8801e+02 -1.3197e+03
-1.1504e+02 -1.1242e+02 -1.1920e+02 -4.9941e+02
-1.1465e+02 -1.0833e+02 -7.0363e+01 -1.5311e+02
-1.1470e+02 -1.0870e+02 -8.2334e+01 -3.2671e+02
# New trial
-1.1515e+02 -1.1316e+02 -1.0290e+02 -2.4518e+02
-1.1504e+02 -1.1211e+02 -9.0166e+01 -1.0528e+02
-1.1485e+02 -1.1017e+02 -7.2230e+01 -9.9270e+01
-1.1493e+02 -1.1091e+02 -7.5881e+01 -7.3777e+01
# New trial
-1.1508e+02 -1.1262e+02 -1.2466e+02 -7.5595e+02
-1.1503e+02 -1.1210e+02 -1.0142e+02 -3.3989e+02
-1.1487e+02 -1.1040e+02 -7.4169e+01 -1.1215e+02
-1.1487e+02 -1.1033e+02 -7.1928e+01 -6.3022e+01
# New trial
-1.1512e+02 -1.1394e+02 -1.5958e+02 -9.7628e+02
-1.1499e+02 -1.1211e+02 -1.1550e+02 -5.0466e+02
-1.1463e+02 -1.0804e+02 -6.2267e+01 -1.5993e+02
-1.1456e+02 -1.0726e+02 -5.7241e+01 -8.4560e+01
# New trial
-1.1512e+02 -1.1310e+02 -1.2118e+02 -5.3711e+02
-1.1497e+02 -1.1149e+02 -9.0372e+01 -1.4147e+02
-1.1478e+02 -1.0946e+02 -6.8508e+01 -1.0412e+02
-1.1485e+02 -1.1017e+02 -7.7695e+01 -2.4781e+02
# New trial
-1.1508e+02 -1.1271e+02 -1.2296e+02 -6.6107e+02
-1.1505e+02 -1.1226e+02 -1.0200e+02 -3.2654e+02
-1.1486e+02 -1.1031e+02 -7.1738e+01 -1.1073e+02
-1.1476e+02 -1.0921e+02 -6.5022e+01 -1.0241e+02
# New trial
