# 1.0sig - Array shape (trial/sig/alpha): (30L, 4L, 4L)
-6.4556e+01 -6.4301e+01 -8.4804e+01 -4.5564e+02
-6.4519e+01 -6.3842e+01 -7.0527e+01 -2.8391e+02
-6.4427e+01 -6.2805e+01 -5.1602e+01 -1.2255e+02
-6.4394e+01 -6.2442e+01 -4.9272e+01 -4.6888e+01
# New trial
-6.4468e+01 -6.3405e+01 -7.0686e+01 -2.8959e+02
-6.4451e+01 -6.3156e+01 -5.9024e+01 -1.2993e+02
-6.4454e+01 -6.3118e+01 -5.4389e+01 -1.1089e+02
-6.4521e+01 -6.3721e+01 -5.6511e+01 -6.5994e+01
# New trial
-6.4481e+01 -6.3450e+01 -6.9079e+01 -3.2103e+02
-6.4472e+01 -6.3314e+01 -5.9508e+01 -1.4293e+02
-6.4459e+01 -6.3133e+01 -5.3641e+01 -1.1963e+02
-6.4466e+01 -6.3171e+01 -5.3059e+01 -1.0916e+02
# New trial
-6.4536e+01 -6.3970e+01 -6.9150e+01 -2.9628e+02
-6.4508e+01 -6.3697e+01 -6.4881e+01 -1.9969e+02
-6.4466e+01 -6.3204e+01 -5.4578e+01 -1.1630e+02
-6.4496e+01 -6.3456e+01 -5.4484e+01 -6.9655e+01
# New trial
-6.4471e+01 -6.3559e+01 -9.0542e+01 -5.5337e+02
-6.4434e+01 -6.3031e+01 -6.7732e+01 -3.0668e+02
-6.4414e+01 -6.2702e+01 -5.2426e+01 -1.5308e+02
-6.4461e+01 -6.3122e+01 -5.3076e+01 -6.9837e+01
# New trial
-6.4485e+01 -6.3482e+01 -6.8885e+01 -3.0448e+02
-6.4482e+01 -6.3427e+01 -6.2643e+01 -2.1480e+02
-6.4470e+01 -6.3238e+01 -5.4590e+01 -1.1485e+02
-6.4512e+01 -6.3616e+01 -5.5387e+01 -8.5292e+01
# New trial
-6.4591e+01 -6.4528e+01 -7.7373e+01 -3.8711e+02
-6.4560e+01 -6.4136e+01 -6.4019e+01 -2.0982e+02
-6.4534e+01 -6.3847e+01 -5.7730e+01 -6.9939e+01
-6.4551e+01 -6.4010e+01 -5.8791e+01 -4.6611e+01
# New trial
-6.4548e+01 -6.4231e+01 -8.4198e+01 -4.4167e+02
-6.4501e+01 -6.3638e+01 -6.5745e+01 -2.4200e+02
-6.4434e+01 -6.2894e+01 -5.2698e+01 -1.1239e+02
-6.4487e+01 -6.3379e+01 -5.4656e+01 -1.0378e+02
# New trial
-6.4543e+01 -6.4669e+01 -9.6937e+01 -5.5963e+02
-6.4429e+01 -6.3282e+01 -8.0818e+01 -4.4533e+02
-6.4310e+01 -6.1742e+01 -5.5266e+01 -2.3205e+02
-6.4478e+01 -6.3278e+01 -5.3519e+01 -8.9510e+01
# New trial
-6.4570e+01 -6.4407e+01 -7.7301e+01 -3.4873e+02
-6.4512e+01 -6.3779e+01 -6.8304e+01 -2.4905e+02
-6.4420e+01 -6.2735e+01 -5.2207e+01 -1.3419e+02
-6.4439e+01 -6.2908e+01 -5.4585e+01 -1.9710e+02
# New trial
-6.4440e+01 -6.3369e+01 -8.4775e+01 -4.9066e+02
-6.4408e+01 -6.2898e+01 -7.4108e+01 -3.9860e+02
-6.4385e+01 -6.2416e+01 -5.2059e+01 -1.6342e+02
-6.4464e+01 -6.3149e+01 -5.4555e+01 -2.0116e+02
# New trial
-6.4476e+01 -6.3637e+01 -8.7471e+01 -5.0638e+02
-6.4481e+01 -6.3451e+01 -6.7147e+01 -2.6297e+02
-6.4418e+01 -6.2706e+01 -5.1608e+01 -1.8300e+02
-6.4382e+01 -6.2327e+01 -4.9187e+01 -7.5993e+01
# New trial
-6.4478e+01 -6.3618e+01 -8.3382e+01 -4.3704e+02
-6.4444e+01 -6.3078e+01 -6.0542e+01 -1.7128e+02
-6.4460e+01 -6.3137e+01 -5.3161e+01 -1.0872e+02
-6.4501e+01 -6.3514e+01 -5.4904e+01 -6.0362e+01
# New trial
-6.4541e+01 -6.4630e+01 -1.1929e+02 -8.5190e+02
-6.4480e+01 -6.3690e+01 -8.1877e+01 -4.1835e+02
-6.4399e+01 -6.2587e+01 -5.4357e+01 -1.7580e+02
-6.4492e+01 -6.3441e+01 -5.4406e+01 -1.0272e+02
# New trial
-6.4539e+01 -6.4165e+01 -8.8544e+01 -5.2967e+02
-6.4515e+01 -6.3785e+01 -6.7623e+01 -2.2675e+02
-6.4495e+01 -6.3479e+01 -5.6259e+01 -1.0466e+02
-6.4521e+01 -6.3706e+01 -5.6103e+01 -6.5039e+01
# New trial
-6.4405e+01 -6.3242e+01 -9.7389e+01 -6.3292e+02
-6.4355e+01 -6.2617e+01 -7.1179e+01 -3.4540e+02
-6.4364e+01 -6.2300e+01 -5.3910e+01 -1.9451e+02
-6.4502e+01 -6.3524e+01 -5.5814e+01 -1.2586e+02
# New trial
-6.4419e+01 -6.2964e+01 -6.7650e+01 -2.7804e+02
-6.4384e+01 -6.2570e+01 -6.1801e+01 -2.2677e+02
-6.4342e+01 -6.2041e+01 -5.6420e+01 -2.3328e+02
-6.4502e+01 -6.3549e+01 -6.0273e+01 -2.5188e+02
# New trial
-6.4505e+01 -6.3796e+01 -7.1501e+01 -2.9187e+02
-6.4495e+01 -6.3660e+01 -6.8595e+01 -2.6063e+02
-6.4443e+01 -6.2995e+01 -5.4394e+01 -1.3165e+02
-6.4466e+01 -6.3169e+01 -5.3258e+01 -7.0371e+01
# New trial
-6.4434e+01 -6.3136e+01 -8.0376e+01 -4.4469e+02
-6.4468e+01 -6.3387e+01 -7.1082e+01 -3.1271e+02
-6.4418e+01 -6.2749e+01 -5.3669e+01 -1.6880e+02
-6.4427e+01 -6.2774e+01 -5.1025e+01 -8.5938e+01
# New trial
-6.4588e+01 -6.4576e+01 -8.5600e+01 -4.8070e+02
-6.4567e+01 -6.4271e+01 -7.3153e+01 -3.3658e+02
-6.4507e+01 -6.3588e+01 -5.6866e+01 -1.3266e+02
-6.4508e+01 -6.3576e+01 -5.4830e+01 -6.4542e+01
# New trial
-6.4418e+01 -6.3235e+01 -9.2384e+01 -5.4983e+02
-6.4387e+01 -6.2643e+01 -6.0647e+01 -1.8679e+02
-6.4464e+01 -6.3217e+01 -5.5785e+01 -1.1103e+02
-6.4572e+01 -6.4220e+01 -6.1260e+01 -8.6140e+01
# New trial
-6.4507e+01 -6.3734e+01 -7.9044e+01 -4.2984e+02
-6.4508e+01 -6.3640e+01 -6.1791e+01 -1.6030e+02
-6.4462e+01 -6.3136e+01 -5.2603e+01 -1.0426e+02
-6.4489e+01 -6.3391e+01 -5.3852e+01 -6.1826e+01
# New trial
-6.4491e+01 -6.3973e+01 -9.5219e+01 -5.7820e+02
-6.4461e+01 -6.3412e+01 -6.9558e+01 -2.8185e+02
-6.4436e+01 -6.2929e+01 -5.3960e+01 -1.3127e+02
-6.4494e+01 -6.3440e+01 -5.4928e+01 -7.4603e+01
# New trial
-6.4560e+01 -6.4629e+01 -8.9871e+01 -4.8627e+02
-6.4502e+01 -6.3831e+01 -7.1205e+01 -2.6201e+02
-6.4397e+01 -6.2569e+01 -5.3712e+01 -1.7942e+02
-6.4381e+01 -6.2328e+01 -5.0347e+01 -1.4721e+02
# New trial
-6.4591e+01 -6.4935e+01 -1.0008e+02 -6.1318e+02
-6.4539e+01 -6.4138e+01 -7.4482e+01 -3.2311e+02
-6.4420e+01 -6.2765e+01 -5.4670e+01 -1.6288e+02
-6.4512e+01 -6.3627e+01 -5.6342e+01 -1.1174e+02
# New trial
-6.4517e+01 -6.3761e+01 -6.4761e+01 -2.1521e+02
-6.4478e+01 -6.3358e+01 -5.9045e+01 -1.3311e+02
-6.4443e+01 -6.2974e+01 -5.2995e+01 -1.2907e+02
-6.4540e+01 -6.3903e+01 -5.8165e+01 -6.3996e+01
# New trial
-6.4475e+01 -6.3454e+01 -7.4758e+01 -3.6710e+02
-6.4491e+01 -6.3537e+01 -6.5233e+01 -2.1598e+02
-6.4474e+01 -6.3281e+01 -5.5131e+01 -1.1663e+02
-6.4533e+01 -6.3830e+01 -5.7640e+01 -1.1778e+02
# New trial
-6.4515e+01 -6.4735e+01 -1.1521e+02 -7.8687e+02
-6.4495e+01 -6.3858e+01 -7.8231e+01 -3.6660e+02
-6.4417e+01 -6.2740e+01 -5.3763e+01 -1.9282e+02
-6.4428e+01 -6.2788e+01 -5.1676e+01 -8.1927e+01
# New trial
-6.4531e+01 -6.4143e+01 -8.4415e+01 -4.3352e+02
-6.4470e+01 -6.3382e+01 -6.3891e+01 -1.9584e+02
-6.4420e+01 -6.2782e+01 -5.2857e+01 -1.2049e+02
-6.4479e+01 -6.3305e+01 -5.4374e+01 -9.9647e+01
# New trial
-6.4490e+01 -6.3717e+01 -8.6386e+01 -5.1413e+02
-6.4487e+01 -6.3523e+01 -6.6706e+01 -2.4404e+02
-6.4455e+01 -6.3091e+01 -5.3819e+01 -1.3834e+02
-6.4451e+01 -6.3012e+01 -5.1897e+01 -4.9347e+01
# New trial
