# 10.0sig - Array shape (trial/sig/alpha): (30L, 4L, 4L)
-8.2987e+01 -8.2318e+01 -8.7386e+01 -4.0764e+02
-8.3005e+01 -8.2464e+01 -8.4145e+01 -3.3791e+02
-8.2986e+01 -8.2234e+01 -7.6777e+01 -1.7450e+02
-8.2931e+01 -8.1665e+01 -6.9667e+01 -7.4821e+01
# New trial
-8.3057e+01 -8.4151e+01 -1.5980e+02 -1.2528e+03
-8.3004e+01 -8.3217e+01 -1.2189e+02 -7.4465e+02
-8.2925e+01 -8.1829e+01 -8.1696e+01 -3.3170e+02
-8.2804e+01 -8.0452e+01 -5.9621e+01 -5.1079e+01
# New trial
-8.3035e+01 -8.2916e+01 -1.0591e+02 -6.4965e+02
-8.3037e+01 -8.2859e+01 -9.6734e+01 -5.1141e+02
-8.2924e+01 -8.1635e+01 -7.4527e+01 -3.2218e+02
-8.2780e+01 -8.0164e+01 -5.7155e+01 -1.0229e+02
# New trial
-8.2948e+01 -8.1949e+01 -8.7251e+01 -4.6645e+02
-8.2965e+01 -8.2100e+01 -8.5137e+01 -3.8389e+02
-8.2900e+01 -8.1388e+01 -7.0421e+01 -1.6747e+02
-8.2793e+01 -8.0288e+01 -5.8024e+01 -5.5375e+01
# New trial
-8.3084e+01 -8.3962e+01 -1.4328e+02 -1.0886e+03
-8.3024e+01 -8.2897e+01 -1.0127e+02 -5.1140e+02
-8.2988e+01 -8.2292e+01 -7.9783e+01 -2.4048e+02
-8.2925e+01 -8.1600e+01 -6.8810e+01 -5.6393e+01
# New trial
-8.3010e+01 -8.2785e+01 -1.1102e+02 -7.0928e+02
-8.2985e+01 -8.2351e+01 -8.9152e+01 -3.8555e+02
-8.2898e+01 -8.1385e+01 -7.4408e+01 -3.4893e+02
-8.2773e+01 -8.0094e+01 -5.7481e+01 -1.4062e+02
# New trial
-8.2933e+01 -8.1821e+01 -8.2435e+01 -4.1919e+02
-8.2995e+01 -8.2361e+01 -8.2638e+01 -3.7448e+02
-8.2993e+01 -8.2296e+01 -7.7807e+01 -2.5847e+02
-8.2962e+01 -8.1976e+01 -7.2539e+01 -7.5415e+01
# New trial
-8.2786e+01 -8.0916e+01 -1.0157e+02 -6.0554e+02
-8.2898e+01 -8.1667e+01 -9.1928e+01 -4.6870e+02
-8.2933e+01 -8.1780e+01 -7.7001e+01 -2.6904e+02
-8.2870e+01 -8.1057e+01 -6.3962e+01 -6.9525e+01
# New trial
-8.3160e+01 -8.5009e+01 -1.8169e+02 -1.5174e+03
-8.3125e+01 -8.4138e+01 -1.3219e+02 -8.7554e+02
-8.2951e+01 -8.1969e+01 -8.4140e+01 -4.5822e+02
-8.2780e+01 -8.0169e+01 -6.0092e+01 -2.2805e+02
# New trial
-8.2993e+01 -8.2304e+01 -7.9933e+01 -2.9681e+02
-8.2983e+01 -8.2196e+01 -7.6382e+01 -1.7279e+02
-8.2961e+01 -8.1963e+01 -7.2659e+01 -9.0572e+01
-8.2956e+01 -8.1917e+01 -7.1773e+01 -4.9816e+01
# New trial
-8.3246e+01 -8.5435e+01 -1.5076e+02 -1.1790e+03
-8.3058e+01 -8.3211e+01 -1.1681e+02 -8.7469e+02
-8.2833e+01 -8.0806e+01 -8.1435e+01 -4.8703e+02
-8.2700e+01 -7.9374e+01 -5.2929e+01 -1.2931e+02
# New trial
-8.3128e+01 -8.4307e+01 -1.5139e+02 -1.0887e+03
-8.3016e+01 -8.2674e+01 -9.1521e+01 -3.5922e+02
-8.2972e+01 -8.2120e+01 -7.6489e+01 -1.4068e+02
-8.2908e+01 -8.1445e+01 -6.7636e+01 -6.4982e+01
# New trial
-8.3062e+01 -8.3538e+01 -1.2859e+02 -8.6908e+02
-8.3056e+01 -8.3253e+01 -1.0630e+02 -5.5604e+02
-8.2949e+01 -8.1913e+01 -7.7553e+01 -2.7581e+02
-8.2827e+01 -8.0630e+01 -6.0841e+01 -6.0102e+01
# New trial
-8.3031e+01 -8.3035e+01 -1.1370e+02 -7.2519e+02
-8.3033e+01 -8.2919e+01 -1.0150e+02 -5.3448e+02
-8.2927e+01 -8.1665e+01 -7.3694e+01 -2.7622e+02
-8.2830e+01 -8.0658e+01 -6.0692e+01 -9.9411e+01
# New trial
-8.3065e+01 -8.3381e+01 -1.2271e+02 -8.1645e+02
-8.3044e+01 -8.3043e+01 -1.0600e+02 -5.8802e+02
-8.2932e+01 -8.1725e+01 -7.4508e+01 -2.0304e+02
-8.2798e+01 -8.0336e+01 -5.7783e+01 -5.4733e+01
# New trial
-8.3211e+01 -8.5539e+01 -1.7587e+02 -1.3856e+03
-8.3123e+01 -8.4169e+01 -1.2373e+02 -7.3236e+02
-8.2928e+01 -8.1852e+01 -8.7535e+01 -4.1166e+02
-8.2714e+01 -7.9532e+01 -5.5188e+01 -1.2909e+02
# New trial
-8.2896e+01 -8.2351e+01 -1.6333e+02 -1.3329e+03
-8.2900e+01 -8.1696e+01 -9.3839e+01 -4.9151e+02
-8.2854e+01 -8.0997e+01 -7.3405e+01 -3.1349e+02
-8.2772e+01 -8.0090e+01 -5.6739e+01 -7.3277e+01
# New trial
-8.3104e+01 -8.3737e+01 -1.1835e+02 -7.8034e+02
-8.3068e+01 -8.3233e+01 -1.0114e+02 -5.5396e+02
-8.2950e+01 -8.1932e+01 -7.9715e+01 -3.1896e+02
-8.2890e+01 -8.1260e+01 -6.6696e+01 -8.8158e+01
# New trial
-8.3095e+01 -8.3406e+01 -9.8728e+01 -4.8912e+02
-8.3060e+01 -8.2998e+01 -8.7136e+01 -2.7624e+02
-8.2996e+01 -8.2325e+01 -7.6852e+01 -1.2969e+02
-8.2938e+01 -8.1733e+01 -6.9994e+01 -5.5707e+01
# New trial
-8.3202e+01 -8.5190e+01 -1.6534e+02 -1.2233e+03
-8.3135e+01 -8.4040e+01 -1.1643e+02 -7.0766e+02
-8.2910e+01 -8.1544e+01 -7.5591e+01 -2.6921e+02
-8.2743e+01 -7.9797e+01 -5.5306e+01 -1.1929e+02
# New trial
-8.3133e+01 -8.4301e+01 -1.4019e+02 -1.0216e+03
-8.3073e+01 -8.3273e+01 -9.7668e+01 -4.5850e+02
-8.2948e+01 -8.1898e+01 -7.9752e+01 -3.8143e+02
-8.2841e+01 -8.0774e+01 -6.2533e+01 -1.5102e+02
# New trial
-8.2964e+01 -8.2109e+01 -8.6822e+01 -3.7882e+02
-8.2981e+01 -8.2276e+01 -8.9233e+01 -4.3260e+02
-8.2926e+01 -8.1673e+01 -7.5508e+01 -2.9482e+02
-8.2790e+01 -8.0266e+01 -5.8743e+01 -6.9803e+01
# New trial
-8.3035e+01 -8.2987e+01 -1.0566e+02 -5.6168e+02
-8.2993e+01 -8.2503e+01 -9.4484e+01 -4.0372e+02
-8.2927e+01 -8.1675e+01 -7.4121e+01 -2.1284e+02
-8.2857e+01 -8.0921e+01 -6.2848e+01 -5.6961e+01
# New trial
-8.3012e+01 -8.2857e+01 -1.1094e+02 -6.5152e+02
-8.3001e+01 -8.2677e+01 -1.0346e+02 -5.4985e+02
-8.2925e+01 -8.1678e+01 -7.4704e+01 -2.2862e+02
-8.2752e+01 -7.9880e+01 -5.5648e+01 -9.4787e+01
# New trial
-8.3111e+01 -8.4086e+01 -1.3871e+02 -9.7580e+02
-8.3041e+01 -8.3176e+01 -1.1237e+02 -6.6420e+02
-8.2888e+01 -8.1317e+01 -7.2061e+01 -1.9564e+02
-8.2765e+01 -8.0013e+01 -5.6156e+01 -9.5984e+01
# New trial
-8.3332e+01 -8.7629e+01 -2.0762e+02 -1.6438e+03
-8.3199e+01 -8.5132e+01 -1.4761e+02 -1.0886e+03
-8.2839e+01 -8.0918e+01 -7.8113e+01 -4.5849e+02
-8.2572e+01 -7.8127e+01 -5.2149e+01 -1.6426e+02
# New trial
-8.3431e+01 -8.8376e+01 -2.0903e+02 -1.7079e+03
-8.3246e+01 -8.5369e+01 -1.3931e+02 -9.6969e+02
-8.2880e+01 -8.1269e+01 -7.5671e+01 -3.3131e+02
-8.2699e+01 -7.9375e+01 -5.3654e+01 -5.3246e+01
# New trial
-8.2957e+01 -8.2192e+01 -9.5163e+01 -4.7393e+02
-8.2967e+01 -8.2169e+01 -8.6132e+01 -3.6087e+02
-8.2911e+01 -8.1494e+01 -7.0547e+01 -1.3239e+02
-8.2834e+01 -8.0704e+01 -6.0985e+01 -6.7375e+01
# New trial
-8.2992e+01 -8.2687e+01 -1.2872e+02 -1.0270e+03
-8.3018e+01 -8.2812e+01 -1.0144e+02 -5.7162e+02
-8.2935e+01 -8.1810e+01 -7.6298e+01 -1.7688e+02
-8.2781e+01 -8.0183e+01 -5.7294e+01 -5.8864e+01
# New trial
-8.2927e+01 -8.2089e+01 -1.0806e+02 -6.8775e+02
-8.2933e+01 -8.1915e+01 -8.8299e+01 -4.3704e+02
-8.2868e+01 -8.1093e+01 -6.9118e+01 -2.4555e+02
-8.2769e+01 -8.0048e+01 -5.6693e+01 -7.1669e+01
# New trial
