# 1.0sig - Array shape (trial/sig/alpha): (30, 4, 4)
-1.7515e+02 -1.7331e+02 -1.7623e+02 -5.2172e+02
-1.7498e+02 -1.7156e+02 -1.4705e+02 -1.6733e+02
-1.7457e+02 -1.6736e+02 -1.0288e+02 -6.9227e+01
-1.7414e+02 -1.6304e+02 -8.1428e+01 -6.9227e+01
# New trial
-1.7513e+02 -1.7303e+02 -1.5985e+02 -2.7251e+02
-1.7502e+02 -1.7193e+02 -1.4802e+02 -1.3823e+02
-1.7469e+02 -1.6858e+02 -1.1687e+02 -6.9747e+01
-1.7441e+02 -1.6577e+02 -9.7727e+01 -1.1443e+02
# New trial
-1.7510e+02 -1.7270e+02 -1.5560e+02 -3.8368e+02
-1.7500e+02 -1.7163e+02 -1.4211e+02 -1.0575e+02
-1.7471e+02 -1.6879e+02 -1.1492e+02 -7.0163e+01
-1.7447e+02 -1.6633e+02 -9.8115e+01 -7.3467e+01
# New trial
-1.7511e+02 -1.7284e+02 -1.5893e+02 -4.7684e+02
-1.7501e+02 -1.7177e+02 -1.4760e+02 -2.4294e+02
-1.7473e+02 -1.6900e+02 -1.1866e+02 -6.9467e+01
-1.7461e+02 -1.6774e+02 -1.0643e+02 -6.9227e+01
# New trial
-1.7503e+02 -1.7220e+02 -1.7633e+02 -6.8135e+02
-1.7486e+02 -1.7040e+02 -1.4470e+02 -3.6395e+02
-1.7454e+02 -1.6707e+02 -1.0553e+02 -7.2680e+01
-1.7436e+02 -1.6532e+02 -9.3043e+01 -7.3205e+01
# New trial
-1.7517e+02 -1.7344e+02 -1.7215e+02 -6.9090e+02
-1.7507e+02 -1.7238e+02 -1.5110e+02 -2.5144e+02
-1.7479e+02 -1.6951e+02 -1.2092e+02 -7.0550e+01
-1.7452e+02 -1.6691e+02 -1.0642e+02 -1.8732e+02
# New trial
-1.7527e+02 -1.7443e+02 -1.7380e+02 -5.7600e+02
-1.7520e+02 -1.7361e+02 -1.5920e+02 -2.3113e+02
-1.7507e+02 -1.7231e+02 -1.4527e+02 -7.6446e+01
-1.7503e+02 -1.7189e+02 -1.4121e+02 -7.6273e+01
# New trial
-1.7512e+02 -1.7299e+02 -1.8102e+02 -7.5356e+02
-1.7497e+02 -1.7146e+02 -1.5282e+02 -4.3393e+02
-1.7463e+02 -1.6802e+02 -1.1106e+02 -6.9278e+01
-1.7443e+02 -1.6598e+02 -9.4827e+01 -6.9227e+01
# New trial
-1.7491e+02 -1.7111e+02 -1.6592e+02 -5.8130e+02
-1.7465e+02 -1.6839e+02 -1.3960e+02 -3.6450e+02
-1.7402e+02 -1.6203e+02 -8.5366e+01 -6.9234e+01
-1.7376e+02 -1.5932e+02 -7.5395e+01 -6.9227e+01
# New trial
-1.7508e+02 -1.7250e+02 -1.5504e+02 -3.2226e+02
-1.7493e+02 -1.7102e+02 -1.3998e+02 -1.9932e+02
-1.7456e+02 -1.6725e+02 -1.0225e+02 -6.9227e+01
-1.7428e+02 -1.6447e+02 -8.8450e+01 -6.9227e+01
# New trial
-1.7504e+02 -1.7223e+02 -1.6509e+02 -5.5705e+02
-1.7488e+02 -1.7060e+02 -1.4645e+02 -2.9682e+02
-1.7443e+02 -1.6599e+02 -9.9365e+01 -9.1819e+01
-1.7418e+02 -1.6345e+02 -8.8487e+01 -8.2400e+01
# New trial
-1.7513e+02 -1.7312e+02 -1.8330e+02 -7.2449e+02
-1.7494e+02 -1.7107e+02 -1.4265e+02 -2.2965e+02
-1.7455e+02 -1.6712e+02 -1.0069e+02 -6.9227e+01
-1.7413e+02 -1.6301e+02 -8.1474e+01 -6.9227e+01
# New trial
-1.7520e+02 -1.7382e+02 -1.8558e+02 -7.7772e+02
-1.7502e+02 -1.7193e+02 -1.5068e+02 -2.9562e+02
-1.7474e+02 -1.6906e+02 -1.1933e+02 -7.0398e+01
-1.7465e+02 -1.6819e+02 -1.1614e+02 -2.5772e+02
# New trial
-1.7509e+02 -1.7301e+02 -2.2610e+02 -1.3399e+03
-1.7489e+02 -1.7073e+02 -1.6007e+02 -5.1444e+02
-1.7440e+02 -1.6566e+02 -9.4198e+01 -6.9227e+01
-1.7409e+02 -1.6257e+02 -8.1281e+01 -6.9227e+01
# New trial
-1.7518e+02 -1.7359e+02 -1.7767e+02 -7.8454e+02
-1.7507e+02 -1.7238e+02 -1.5299e+02 -2.1021e+02
-1.7478e+02 -1.6944e+02 -1.2021e+02 -6.9262e+01
-1.7457e+02 -1.6731e+02 -1.0534e+02 -1.1382e+02
# New trial
-1.7499e+02 -1.7219e+02 -2.1872e+02 -1.2530e+03
-1.7475e+02 -1.6966e+02 -1.5926e+02 -4.4975e+02
-1.7419e+02 -1.6383e+02 -9.3386e+01 -7.0148e+01
-1.7413e+02 -1.6310e+02 -9.2968e+01 -1.7704e+02
# New trial
-1.7505e+02 -1.7226e+02 -1.5625e+02 -3.9484e+02
-1.7486e+02 -1.7033e+02 -1.3841e+02 -2.0628e+02
-1.7432e+02 -1.6491e+02 -9.3174e+01 -6.9283e+01
-1.7403e+02 -1.6199e+02 -7.9008e+01 -6.9227e+01
# New trial
-1.7509e+02 -1.7262e+02 -1.6084e+02 -3.4501e+02
-1.7495e+02 -1.7127e+02 -1.4767e+02 -2.1010e+02
-1.7460e+02 -1.6775e+02 -1.1027e+02 -8.4015e+01
-1.7451e+02 -1.6674e+02 -1.0362e+02 -1.1979e+02
# New trial
-1.7515e+02 -1.7335e+02 -1.9276e+02 -8.6542e+02
-1.7499e+02 -1.7169e+02 -1.6112e+02 -4.3970e+02
-1.7458e+02 -1.6751e+02 -1.0452e+02 -6.9227e+01
-1.7431e+02 -1.6481e+02 -9.4219e+01 -1.3473e+02
# New trial
-1.7518e+02 -1.7351e+02 -1.7288e+02 -6.3119e+02
-1.7509e+02 -1.7261e+02 -1.5279e+02 -2.7388e+02
-1.7487e+02 -1.7038e+02 -1.2806e+02 -7.0742e+01
-1.7463e+02 -1.6797e+02 -1.0822e+02 -6.9581e+01
# New trial
-1.7510e+02 -1.7290e+02 -1.8447e+02 -6.9053e+02
-1.7488e+02 -1.7061e+02 -1.4143e+02 -1.5672e+02
-1.7463e+02 -1.6798e+02 -1.1385e+02 -6.9979e+01
-1.7476e+02 -1.6923e+02 -1.2476e+02 -2.1695e+02
# New trial
-1.7515e+02 -1.7317e+02 -1.6909e+02 -6.9436e+02
-1.7505e+02 -1.7217e+02 -1.4625e+02 -9.1979e+01
-1.7482e+02 -1.6980e+02 -1.2268e+02 -6.9275e+01
-1.7455e+02 -1.6718e+02 -1.0137e+02 -6.9238e+01
# New trial
-1.7508e+02 -1.7262e+02 -1.7731e+02 -6.5188e+02
-1.7485e+02 -1.7028e+02 -1.4157e+02 -2.7292e+02
-1.7446e+02 -1.6639e+02 -1.0291e+02 -6.9235e+01
-1.7443e+02 -1.6603e+02 -9.7882e+01 -7.4725e+01
# New trial
-1.7505e+02 -1.7239e+02 -1.6880e+02 -4.0167e+02
-1.7480e+02 -1.6987e+02 -1.3833e+02 -1.8742e+02
-1.7424e+02 -1.6413e+02 -8.5642e+01 -6.9227e+01
-1.7390e+02 -1.6068e+02 -7.7182e+01 -6.9227e+01
# New trial
-1.7514e+02 -1.7370e+02 -2.2883e+02 -1.2380e+03
-1.7488e+02 -1.7066e+02 -1.5390e+02 -3.2608e+02
-1.7434e+02 -1.6513e+02 -9.3062e+01 -6.9228e+01
-1.7410e+02 -1.6273e+02 -8.7946e+01 -1.1866e+02
# New trial
-1.7518e+02 -1.7347e+02 -1.5869e+02 -1.9601e+02
-1.7504e+02 -1.7203e+02 -1.4431e+02 -7.4259e+01
-1.7471e+02 -1.6881e+02 -1.1558e+02 -7.0424e+01
-1.7455e+02 -1.6720e+02 -1.0375e+02 -1.0851e+02
# New trial
-1.7506e+02 -1.7232e+02 -1.6513e+02 -6.0979e+02
-1.7495e+02 -1.7126e+02 -1.4539e+02 -2.3383e+02
-1.7468e+02 -1.6851e+02 -1.1532e+02 -6.9842e+01
-1.7454e+02 -1.6710e+02 -1.0475e+02 -8.8921e+01
# New trial
-1.7505e+02 -1.7259e+02 -1.8825e+02 -8.6102e+02
-1.7484e+02 -1.7032e+02 -1.4603e+02 -3.2504e+02
-1.7437e+02 -1.6542e+02 -9.6744e+01 -9.0739e+01
-1.7407e+02 -1.6240e+02 -8.4397e+01 -9.7507e+01
# New trial
-1.7516e+02 -1.7333e+02 -1.6686e+02 -4.2896e+02
-1.7500e+02 -1.7172e+02 -1.4832e+02 -2.3759e+02
-1.7462e+02 -1.6793e+02 -1.1215e+02 -7.1398e+01
-1.7447e+02 -1.6633e+02 -9.9826e+01 -1.0132e+02
# New trial
-1.7511e+02 -1.7282e+02 -1.6407e+02 -4.9843e+02
-1.7501e+02 -1.7181e+02 -1.4902e+02 -2.5239e+02
-1.7471e+02 -1.6873e+02 -1.1646e+02 -7.4842e+01
-1.7441e+02 -1.6581e+02 -9.4674e+01 -6.9240e+01
# New trial
