# 1.0sig - Array shape (trial/sig/alpha): (30, 4, 4)
-1.2903e+02 -1.2745e+02 -1.2732e+02 -3.7537e+02
-1.2893e+02 -1.2634e+02 -1.0858e+02 -1.5401e+02
-1.2866e+02 -1.2365e+02 -8.0550e+01 -6.4612e+01
-1.2844e+02 -1.2144e+02 -7.1772e+01 -6.4612e+01
# New trial
-1.2907e+02 -1.2773e+02 -1.2243e+02 -2.4364e+02
-1.2898e+02 -1.2688e+02 -1.1262e+02 -1.1111e+02
-1.2877e+02 -1.2477e+02 -9.1725e+01 -6.4889e+01
-1.2868e+02 -1.2378e+02 -8.3408e+01 -7.0319e+01
# New trial
-1.2906e+02 -1.2769e+02 -1.2115e+02 -2.7970e+02
-1.2899e+02 -1.2696e+02 -1.1134e+02 -9.7148e+01
-1.2879e+02 -1.2496e+02 -9.1650e+01 -6.4779e+01
-1.2861e+02 -1.2311e+02 -7.8597e+01 -6.4612e+01
# New trial
-1.2908e+02 -1.2786e+02 -1.3099e+02 -5.4668e+02
-1.2900e+02 -1.2706e+02 -1.1638e+02 -2.1353e+02
-1.2882e+02 -1.2523e+02 -9.3881e+01 -6.4614e+01
-1.2875e+02 -1.2452e+02 -8.7477e+01 -6.4612e+01
# New trial
-1.2898e+02 -1.2697e+02 -1.3388e+02 -4.9896e+02
-1.2887e+02 -1.2582e+02 -1.0745e+02 -2.1834e+02
-1.2869e+02 -1.2393e+02 -8.5343e+01 -6.4670e+01
-1.2862e+02 -1.2317e+02 -7.9243e+01 -6.4612e+01
# New trial
-1.2907e+02 -1.2779e+02 -1.2400e+02 -4.2514e+02
-1.2901e+02 -1.2709e+02 -1.1232e+02 -1.8857e+02
-1.2882e+02 -1.2518e+02 -9.2073e+01 -6.4616e+01
-1.2865e+02 -1.2354e+02 -8.0278e+01 -6.4612e+01
# New trial
-1.2915e+02 -1.2850e+02 -1.2914e+02 -3.9468e+02
-1.2909e+02 -1.2793e+02 -1.1811e+02 -1.8300e+02
-1.2901e+02 -1.2714e+02 -1.0957e+02 -7.8564e+01
-1.2902e+02 -1.2724e+02 -1.1060e+02 -1.6612e+02
# New trial
-1.2907e+02 -1.2793e+02 -1.3981e+02 -5.2461e+02
-1.2897e+02 -1.2678e+02 -1.2049e+02 -3.1863e+02
-1.2874e+02 -1.2444e+02 -9.0187e+01 -6.4641e+01
-1.2865e+02 -1.2353e+02 -8.1226e+01 -6.4612e+01
# New trial
-1.2894e+02 -1.2673e+02 -1.2903e+02 -4.5020e+02
-1.2874e+02 -1.2462e+02 -1.0781e+02 -2.9225e+02
-1.2829e+02 -1.2001e+02 -6.9758e+01 -6.4612e+01
-1.2815e+02 -1.1853e+02 -6.7224e+01 -6.4612e+01
# New trial
-1.2904e+02 -1.2744e+02 -1.2052e+02 -3.5422e+02
-1.2893e+02 -1.2640e+02 -1.1048e+02 -2.3647e+02
-1.2868e+02 -1.2380e+02 -8.4122e+01 -6.4620e+01
-1.2852e+02 -1.2224e+02 -7.6305e+01 -6.4612e+01
# New trial
-1.2896e+02 -1.2679e+02 -1.2471e+02 -4.1577e+02
-1.2886e+02 -1.2572e+02 -1.1286e+02 -2.6362e+02
-1.2857e+02 -1.2275e+02 -7.7694e+01 -6.4612e+01
-1.2848e+02 -1.2186e+02 -7.5274e+01 -6.4612e+01
# New trial
-1.2904e+02 -1.2761e+02 -1.3937e+02 -5.5845e+02
-1.2891e+02 -1.2614e+02 -1.0444e+02 -9.4454e+01
-1.2866e+02 -1.2364e+02 -8.0191e+01 -6.4612e+01
-1.2844e+02 -1.2148e+02 -7.7385e+01 -1.2716e+02
# New trial
-1.2908e+02 -1.2796e+02 -1.3404e+02 -4.7239e+02
-1.2897e+02 -1.2675e+02 -1.1362e+02 -1.7014e+02
-1.2880e+02 -1.2499e+02 -9.3054e+01 -6.5103e+01
-1.2876e+02 -1.2462e+02 -8.8123e+01 -6.4619e+01
# New trial
-1.2900e+02 -1.2735e+02 -1.6604e+02 -8.9003e+02
-1.2886e+02 -1.2576e+02 -1.1981e+02 -3.7047e+02
-1.2856e+02 -1.2268e+02 -7.8775e+01 -6.4717e+01
-1.2847e+02 -1.2178e+02 -7.4479e+01 -6.4612e+01
# New trial
-1.2911e+02 -1.2818e+02 -1.3812e+02 -5.8323e+02
-1.2903e+02 -1.2735e+02 -1.1892e+02 -2.3591e+02
-1.2883e+02 -1.2531e+02 -9.3775e+01 -6.4629e+01
-1.2870e+02 -1.2400e+02 -8.3663e+01 -6.4612e+01
# New trial
-1.2901e+02 -1.2774e+02 -1.7237e+02 -8.8567e+02
-1.2885e+02 -1.2601e+02 -1.2594e+02 -3.6070e+02
-1.2849e+02 -1.2210e+02 -8.2907e+01 -6.4903e+01
-1.2843e+02 -1.2132e+02 -7.6677e+01 -7.1402e+01
# New trial
-1.2903e+02 -1.2737e+02 -1.2410e+02 -3.0241e+02
-1.2889e+02 -1.2600e+02 -1.1018e+02 -2.3703e+02
-1.2851e+02 -1.2214e+02 -7.4247e+01 -6.4612e+01
-1.2840e+02 -1.2103e+02 -7.1389e+01 -6.4612e+01
# New trial
-1.2903e+02 -1.2743e+02 -1.2079e+02 -2.5691e+02
-1.2894e+02 -1.2654e+02 -1.1257e+02 -2.1003e+02
-1.2873e+02 -1.2430e+02 -8.8696e+01 -7.2739e+01
-1.2871e+02 -1.2412e+02 -8.6233e+01 -7.5491e+01
# New trial
-1.2907e+02 -1.2796e+02 -1.4765e+02 -6.4723e+02
-1.2898e+02 -1.2698e+02 -1.2747e+02 -3.7727e+02
-1.2871e+02 -1.2412e+02 -8.6138e+01 -6.4618e+01
-1.2851e+02 -1.2215e+02 -7.5109e+01 -6.4612e+01
# New trial
-1.2910e+02 -1.2806e+02 -1.2874e+02 -3.9103e+02
-1.2904e+02 -1.2743e+02 -1.1650e+02 -2.2509e+02
-1.2888e+02 -1.2582e+02 -9.7311e+01 -6.5106e+01
-1.2874e+02 -1.2437e+02 -8.5921e+01 -6.4613e+01
# New trial
-1.2901e+02 -1.2735e+02 -1.4128e+02 -5.6665e+02
-1.2887e+02 -1.2586e+02 -1.0889e+02 -1.4816e+02
-1.2873e+02 -1.2435e+02 -9.0281e+01 -6.5021e+01
-1.2888e+02 -1.2586e+02 -9.9686e+01 -1.3638e+02
# New trial
-1.2906e+02 -1.2765e+02 -1.2946e+02 -4.8723e+02
-1.2899e+02 -1.2688e+02 -1.0887e+02 -7.7074e+01
-1.2883e+02 -1.2529e+02 -9.3016e+01 -6.4817e+01
-1.2872e+02 -1.2422e+02 -8.4910e+01 -6.9360e+01
# New trial
-1.2902e+02 -1.2739e+02 -1.3643e+02 -5.0906e+02
-1.2886e+02 -1.2577e+02 -1.1098e+02 -2.2922e+02
-1.2864e+02 -1.2346e+02 -8.3395e+01 -6.4875e+01
-1.2870e+02 -1.2402e+02 -9.0400e+01 -2.0263e+02
# New trial
-1.2904e+02 -1.2764e+02 -1.3379e+02 -3.7015e+02
-1.2887e+02 -1.2583e+02 -1.1130e+02 -2.3877e+02
-1.2850e+02 -1.2206e+02 -7.8396e+01 -6.5023e+01
-1.2828e+02 -1.1986e+02 -7.2345e+01 -6.5188e+01
# New trial
-1.2918e+02 -1.2948e+02 -1.8234e+02 -9.5837e+02
-1.2899e+02 -1.2715e+02 -1.2607e+02 -3.0677e+02
-1.2859e+02 -1.2303e+02 -8.2820e+01 -6.6341e+01
-1.2843e+02 -1.2134e+02 -7.5101e+01 -7.2001e+01
# New trial
-1.2909e+02 -1.2787e+02 -1.1847e+02 -1.6665e+02
-1.2898e+02 -1.2685e+02 -1.0851e+02 -8.2677e+01
-1.2877e+02 -1.2470e+02 -8.9163e+01 -6.4618e+01
-1.2871e+02 -1.2409e+02 -8.3685e+01 -6.4612e+01
# New trial
-1.2903e+02 -1.2741e+02 -1.3418e+02 -5.6199e+02
-1.2896e+02 -1.2664e+02 -1.1471e+02 -2.4588e+02
-1.2876e+02 -1.2467e+02 -9.1926e+01 -6.5737e+01
-1.2867e+02 -1.2373e+02 -8.4299e+01 -9.9144e+01
# New trial
-1.2902e+02 -1.2754e+02 -1.4206e+02 -6.0091e+02
-1.2888e+02 -1.2600e+02 -1.1434e+02 -2.2319e+02
-1.2857e+02 -1.2275e+02 -8.3153e+01 -1.0319e+02
-1.2847e+02 -1.2181e+02 -9.0011e+01 -2.4625e+02
# New trial
-1.2907e+02 -1.2780e+02 -1.2445e+02 -3.1736e+02
-1.2896e+02 -1.2665e+02 -1.0974e+02 -1.5853e+02
-1.2872e+02 -1.2429e+02 -8.8062e+01 -6.7316e+01
-1.2871e+02 -1.2411e+02 -9.1433e+01 -2.0994e+02
# New trial
-1.2900e+02 -1.2710e+02 -1.2460e+02 -4.2864e+02
-1.2893e+02 -1.2634e+02 -1.0856e+02 -1.6729e+02
-1.2876e+02 -1.2458e+02 -8.7712e+01 -6.4832e+01
-1.2866e+02 -1.2367e+02 -8.7589e+01 -1.8531e+02
# New trial
