# 1.0sig - Array shape (trial/sig/alpha): (30L, 4L, 4L)
-3.6903e+01 -3.6799e+01 -4.0873e+01 -1.2712e+02
-3.6904e+01 -3.6791e+01 -3.9040e+01 -1.0167e+02
-3.6915e+01 -3.6868e+01 -3.7225e+01 -7.0651e+01
-3.6921e+01 -3.6918e+01 -3.6910e+01 -4.3085e+01
# New trial
-3.6925e+01 -3.7022e+01 -4.2727e+01 -1.3463e+02
-3.6916e+01 -3.6895e+01 -3.8330e+01 -7.9830e+01
-3.6917e+01 -3.6890e+01 -3.7076e+01 -6.8524e+01
-3.6922e+01 -3.6928e+01 -3.7199e+01 -7.7817e+01
# New trial
-3.6853e+01 -3.6299e+01 -3.6621e+01 -9.0595e+01
-3.6875e+01 -3.6496e+01 -3.5343e+01 -6.2541e+01
-3.6908e+01 -3.6805e+01 -3.6829e+01 -7.3457e+01
-3.6919e+01 -3.6906e+01 -3.6892e+01 -4.4810e+01
# New trial
-3.6944e+01 -3.7185e+01 -4.2987e+01 -1.5310e+02
-3.6936e+01 -3.7114e+01 -4.1485e+01 -1.2294e+02
-3.6917e+01 -3.6897e+01 -3.7376e+01 -6.8402e+01
-3.6921e+01 -3.6918e+01 -3.6915e+01 -3.9814e+01
# New trial
-3.6865e+01 -3.6486e+01 -4.2566e+01 -1.5090e+02
-3.6866e+01 -3.6448e+01 -3.7855e+01 -1.0094e+02
-3.6902e+01 -3.6755e+01 -3.6667e+01 -8.4896e+01
-3.6920e+01 -3.6911e+01 -3.7073e+01 -7.4076e+01
# New trial
-3.6924e+01 -3.6993e+01 -4.0800e+01 -1.2141e+02
-3.6925e+01 -3.6991e+01 -4.0202e+01 -1.2500e+02
-3.6918e+01 -3.6901e+01 -3.7336e+01 -7.9627e+01
-3.6920e+01 -3.6912e+01 -3.6913e+01 -4.9143e+01
# New trial
-3.6942e+01 -3.7173e+01 -4.3733e+01 -1.5389e+02
-3.6936e+01 -3.7086e+01 -3.9801e+01 -1.0505e+02
-3.6922e+01 -3.6931e+01 -3.7261e+01 -5.5979e+01
-3.6921e+01 -3.6920e+01 -3.6936e+01 -4.5799e+01
# New trial
-3.6904e+01 -3.6820e+01 -4.1572e+01 -1.2770e+02
-3.6909e+01 -3.6830e+01 -3.8270e+01 -8.7581e+01
-3.6917e+01 -3.6893e+01 -3.7384e+01 -6.8817e+01
-3.6920e+01 -3.6915e+01 -3.7056e+01 -6.5837e+01
# New trial
-3.7022e+01 -3.8174e+01 -5.9992e+01 -3.1742e+02
-3.7011e+01 -3.7991e+01 -5.6869e+01 -2.9665e+02
-3.6947e+01 -3.7232e+01 -4.3532e+01 -1.6580e+02
-3.6917e+01 -3.6899e+01 -3.6979e+01 -4.7010e+01
# New trial
-3.6964e+01 -3.7410e+01 -4.5908e+01 -1.6552e+02
-3.6948e+01 -3.7233e+01 -4.2818e+01 -1.3003e+02
-3.6923e+01 -3.6946e+01 -3.8005e+01 -8.9874e+01
-3.6921e+01 -3.6925e+01 -3.7080e+01 -5.9457e+01
# New trial
-3.6992e+01 -3.7824e+01 -5.5669e+01 -2.6949e+02
-3.6968e+01 -3.7502e+01 -5.0782e+01 -2.2614e+02
-3.6924e+01 -3.6966e+01 -3.9146e+01 -1.1471e+02
-3.6921e+01 -3.6925e+01 -3.7011e+01 -5.5272e+01
# New trial
-3.6836e+01 -3.6193e+01 -3.6760e+01 -8.7228e+01
-3.6896e+01 -3.6709e+01 -3.8540e+01 -9.7171e+01
-3.6918e+01 -3.6898e+01 -3.7733e+01 -9.8031e+01
-3.6921e+01 -3.6918e+01 -3.6927e+01 -4.6613e+01
# New trial
-3.6897e+01 -3.6761e+01 -4.0529e+01 -1.1923e+02
-3.6895e+01 -3.6691e+01 -3.6424e+01 -5.9881e+01
-3.6915e+01 -3.6866e+01 -3.6651e+01 -4.2858e+01
-3.6921e+01 -3.6919e+01 -3.6914e+01 -4.2109e+01
# New trial
-3.6890e+01 -3.6841e+01 -5.2363e+01 -2.5562e+02
-3.6905e+01 -3.6872e+01 -4.3161e+01 -1.4445e+02
-3.6919e+01 -3.6922e+01 -3.8702e+01 -9.7377e+01
-3.6922e+01 -3.6936e+01 -3.7344e+01 -7.6590e+01
# New trial
-3.6962e+01 -3.7397e+01 -4.8573e+01 -2.0874e+02
-3.6954e+01 -3.7285e+01 -4.3331e+01 -1.3464e+02
-3.6935e+01 -3.7073e+01 -3.8932e+01 -7.1917e+01
-3.6921e+01 -3.6919e+01 -3.6945e+01 -4.1654e+01
# New trial
-3.6923e+01 -3.7092e+01 -4.6809e+01 -1.8998e+02
-3.6894e+01 -3.6744e+01 -3.9513e+01 -1.1155e+02
-3.6912e+01 -3.6852e+01 -3.7407e+01 -8.1509e+01
-3.6921e+01 -3.6922e+01 -3.6944e+01 -4.0490e+01
# New trial
-3.6903e+01 -3.6822e+01 -4.1054e+01 -1.2630e+02
-3.6908e+01 -3.6868e+01 -4.0928e+01 -1.2213e+02
-3.6910e+01 -3.6843e+01 -3.9069e+01 -1.0961e+02
-3.6921e+01 -3.6924e+01 -3.7117e+01 -6.6846e+01
# New trial
-3.6837e+01 -3.6201e+01 -3.5063e+01 -6.3609e+01
-3.6863e+01 -3.6425e+01 -3.5944e+01 -6.7083e+01
-3.6912e+01 -3.6849e+01 -3.7418e+01 -7.3458e+01
-3.6921e+01 -3.6926e+01 -3.7263e+01 -7.8933e+01
# New trial
-3.6932e+01 -3.7106e+01 -4.6952e+01 -2.0834e+02
-3.6932e+01 -3.7066e+01 -4.1199e+01 -1.2908e+02
-3.6922e+01 -3.6941e+01 -3.7723e+01 -8.0374e+01
-3.6920e+01 -3.6911e+01 -3.6867e+01 -3.7278e+01
# New trial
-3.6936e+01 -3.7151e+01 -4.5922e+01 -1.7492e+02
-3.6941e+01 -3.7164e+01 -4.3047e+01 -1.4443e+02
-3.6931e+01 -3.7032e+01 -3.8647e+01 -8.1718e+01
-3.6920e+01 -3.6913e+01 -3.6918e+01 -3.7856e+01
# New trial
-3.6897e+01 -3.6897e+01 -4.8023e+01 -1.9961e+02
-3.6889e+01 -3.6681e+01 -3.8020e+01 -8.0869e+01
-3.6916e+01 -3.6888e+01 -3.7246e+01 -6.7984e+01
-3.6921e+01 -3.6922e+01 -3.6954e+01 -4.3525e+01
# New trial
-3.6867e+01 -3.6437e+01 -3.7155e+01 -9.0049e+01
-3.6908e+01 -3.6810e+01 -3.7461e+01 -7.6959e+01
-3.6920e+01 -3.6912e+01 -3.7114e+01 -6.1705e+01
-3.6920e+01 -3.6916e+01 -3.6950e+01 -4.9744e+01
# New trial
-3.6831e+01 -3.6275e+01 -4.1824e+01 -1.4022e+02
-3.6866e+01 -3.6504e+01 -3.7703e+01 -8.0136e+01
-3.6915e+01 -3.6884e+01 -3.7747e+01 -7.9159e+01
-3.6921e+01 -3.6924e+01 -3.7044e+01 -4.8030e+01
# New trial
-3.6880e+01 -3.6656e+01 -4.0722e+01 -1.2552e+02
-3.6898e+01 -3.6762e+01 -3.8433e+01 -8.3266e+01
-3.6919e+01 -3.6914e+01 -3.7993e+01 -9.2953e+01
-3.6920e+01 -3.6912e+01 -3.6963e+01 -5.0123e+01
# New trial
-3.6931e+01 -3.7041e+01 -4.0598e+01 -1.2384e+02
-3.6933e+01 -3.7050e+01 -3.9394e+01 -1.0357e+02
-3.6924e+01 -3.6952e+01 -3.7712e+01 -8.5263e+01
-3.6921e+01 -3.6918e+01 -3.6917e+01 -4.0636e+01
# New trial
-3.6901e+01 -3.6767e+01 -3.9231e+01 -1.0247e+02
-3.6890e+01 -3.6635e+01 -3.5851e+01 -5.9559e+01
-3.6909e+01 -3.6806e+01 -3.6111e+01 -4.9514e+01
-3.6921e+01 -3.6922e+01 -3.6935e+01 -3.9653e+01
# New trial
-3.6915e+01 -3.6906e+01 -4.0296e+01 -1.1350e+02
-3.6922e+01 -3.6953e+01 -3.8675e+01 -8.1893e+01
-3.6920e+01 -3.6920e+01 -3.7324e+01 -6.6663e+01
-3.6921e+01 -3.6917e+01 -3.6914e+01 -4.2027e+01
# New trial
-3.6850e+01 -3.6678e+01 -5.1118e+01 -2.2091e+02
-3.6895e+01 -3.6758e+01 -4.0348e+01 -1.1528e+02
-3.6918e+01 -3.6914e+01 -3.8448e+01 -1.0319e+02
-3.6921e+01 -3.6922e+01 -3.7071e+01 -5.9693e+01
# New trial
-3.6988e+01 -3.7717e+01 -5.2791e+01 -2.4310e+02
-3.6962e+01 -3.7397e+01 -4.5195e+01 -1.5459e+02
-3.6923e+01 -3.6960e+01 -3.8464e+01 -8.4034e+01
-3.6919e+01 -3.6906e+01 -3.6930e+01 -4.3910e+01
# New trial
-3.6930e+01 -3.7137e+01 -5.0885e+01 -2.3173e+02
-3.6907e+01 -3.6824e+01 -3.9583e+01 -1.0151e+02
-3.6911e+01 -3.6833e+01 -3.6686e+01 -7.0812e+01
-3.6921e+01 -3.6917e+01 -3.6894e+01 -3.7440e+01
# New trial
