# 1.0sig - Array shape (trial/sig/alpha): (30L, 4L, 4L)
-8.2914e+01 -8.1949e+01 -1.1402e+02 -7.5127e+02
-8.2885e+01 -8.1418e+01 -8.7196e+01 -4.0278e+02
-8.2714e+01 -7.9543e+01 -5.6211e+01 -2.0148e+02
-8.2603e+01 -7.8405e+01 -5.0758e+01 -5.3777e+01
# New trial
-8.2831e+01 -8.1092e+01 -9.4834e+01 -5.0172e+02
-8.2791e+01 -8.0505e+01 -7.2237e+01 -1.9826e+02
-8.2758e+01 -8.0038e+01 -6.0064e+01 -1.5030e+02
-8.2798e+01 -8.0351e+01 -6.0220e+01 -5.6587e+01
# New trial
-8.2836e+01 -8.1075e+01 -9.5329e+01 -5.9438e+02
-8.2839e+01 -8.0995e+01 -8.0218e+01 -3.0535e+02
-8.2800e+01 -8.0479e+01 -6.6566e+01 -2.5632e+02
-8.2758e+01 -7.9985e+01 -5.8841e+01 -9.1979e+01
# New trial
-8.2844e+01 -8.0998e+01 -8.6456e+01 -5.5769e+02
-8.2854e+01 -8.1079e+01 -7.8395e+01 -3.0352e+02
-8.2805e+01 -8.0477e+01 -6.3654e+01 -1.3805e+02
-8.2816e+01 -8.0524e+01 -6.1101e+01 -6.7485e+01
# New trial
-8.2900e+01 -8.1962e+01 -1.2526e+02 -9.0144e+02
-8.2810e+01 -8.0743e+01 -8.4664e+01 -4.4935e+02
-8.2722e+01 -7.9663e+01 -6.0120e+01 -2.3556e+02
-8.2763e+01 -7.9997e+01 -5.8450e+01 -7.1506e+01
# New trial
-8.2848e+01 -8.1144e+01 -9.2099e+01 -5.8554e+02
-8.2869e+01 -8.1214e+01 -7.9030e+01 -3.2612e+02
-8.2806e+01 -8.0457e+01 -6.1970e+01 -1.3289e+02
-8.2778e+01 -8.0137e+01 -5.8065e+01 -5.0224e+01
# New trial
-8.2972e+01 -8.2269e+01 -9.5263e+01 -5.5466e+02
-8.2959e+01 -8.2004e+01 -7.8404e+01 -2.7694e+02
-8.2933e+01 -8.1688e+01 -7.0407e+01 -8.6234e+01
-8.2972e+01 -8.2068e+01 -7.3312e+01 -7.0983e+01
# New trial
-8.2949e+01 -8.2347e+01 -1.1850e+02 -8.0137e+02
-8.2855e+01 -8.1175e+01 -8.6512e+01 -4.4069e+02
-8.2721e+01 -7.9669e+01 -5.9856e+01 -1.7578e+02
-8.2799e+01 -8.0354e+01 -6.0707e+01 -1.1681e+02
# New trial
-8.2766e+01 -8.1772e+01 -1.3840e+02 -1.0271e+03
-8.2611e+01 -7.9344e+01 -9.3465e+01 -5.6571e+02
-8.2408e+01 -7.6756e+01 -6.2913e+01 -3.9770e+02
-8.2622e+01 -7.8680e+01 -5.9163e+01 -2.8545e+02
# New trial
-8.2883e+01 -8.1687e+01 -1.0258e+02 -6.2104e+02
-8.2847e+01 -8.1071e+01 -8.5418e+01 -4.6048e+02
-8.2699e+01 -7.9412e+01 -5.6866e+01 -1.8326e+02
-8.2672e+01 -7.9096e+01 -5.6437e+01 -1.7336e+02
# New trial
-8.2866e+01 -8.1765e+01 -1.2028e+02 -8.5368e+02
-8.2825e+01 -8.1105e+01 -1.0229e+02 -6.7008e+02
-8.2659e+01 -7.9067e+01 -6.0558e+01 -2.7812e+02
-8.2661e+01 -7.9001e+01 -5.5128e+01 -1.7295e+02
# New trial
-8.2994e+01 -8.3286e+01 -1.4434e+02 -1.0947e+03
-8.2863e+01 -8.1233e+01 -8.5428e+01 -4.4131e+02
-8.2682e+01 -7.9230e+01 -5.3791e+01 -2.1363e+02
-8.2611e+01 -7.8482e+01 -5.1162e+01 -8.7620e+01
# New trial
-8.2927e+01 -8.2067e+01 -1.1510e+02 -7.6984e+02
-8.2833e+01 -8.0897e+01 -7.9016e+01 -2.8453e+02
-8.2771e+01 -8.0153e+01 -6.1349e+01 -1.0498e+02
-8.2826e+01 -8.0626e+01 -6.1938e+01 -7.6701e+01
# New trial
-8.2847e+01 -8.2142e+01 -1.6838e+02 -1.4207e+03
-8.2741e+01 -8.0538e+01 -1.0537e+02 -6.4886e+02
-8.2607e+01 -7.8664e+01 -6.1030e+01 -2.4599e+02
-8.2688e+01 -7.9304e+01 -6.9810e+01 -3.8926e+02
# New trial
-8.2826e+01 -8.1031e+01 -9.8174e+01 -5.9305e+02
-8.2873e+01 -8.1281e+01 -8.2031e+01 -3.1023e+02
-8.2839e+01 -8.0811e+01 -6.6709e+01 -1.6174e+02
-8.2829e+01 -8.0657e+01 -6.5655e+01 -2.4574e+02
# New trial
-8.2633e+01 -8.0137e+01 -1.3859e+02 -1.1273e+03
-8.2638e+01 -7.9597e+01 -9.2652e+01 -5.3242e+02
-8.2582e+01 -7.8436e+01 -5.7135e+01 -2.0183e+02
-8.2764e+01 -8.0013e+01 -5.9497e+01 -7.3954e+01
# New trial
-8.2783e+01 -8.1070e+01 -1.1357e+02 -7.8227e+02
-8.2726e+01 -8.0094e+01 -8.1614e+01 -3.7672e+02
-8.2539e+01 -7.7937e+01 -5.1488e+01 -2.0725e+02
-8.2724e+01 -7.9665e+01 -5.6272e+01 -6.7338e+01
# New trial
-8.2815e+01 -8.0902e+01 -8.9094e+01 -4.3176e+02
-8.2791e+01 -8.0582e+01 -7.9693e+01 -2.7869e+02
-8.2708e+01 -7.9560e+01 -6.0134e+01 -1.8163e+02
-8.2751e+01 -7.9915e+01 -6.3877e+01 -1.8585e+02
# New trial
-8.2756e+01 -8.0473e+01 -1.1722e+02 -8.5991e+02
-8.2794e+01 -8.0650e+01 -9.3548e+01 -5.2973e+02
-8.2701e+01 -7.9468e+01 -5.8606e+01 -2.2347e+02
-8.2660e+01 -7.8978e+01 -5.3471e+01 -8.4155e+01
# New trial
-8.2937e+01 -8.2265e+01 -1.1952e+02 -8.2667e+02
-8.2916e+01 -8.1738e+01 -9.0317e+01 -4.6739e+02
-8.2834e+01 -8.0727e+01 -6.3522e+01 -1.4321e+02
-8.2810e+01 -8.0457e+01 -5.9522e+01 -5.8461e+01
# New trial
-8.2813e+01 -8.1265e+01 -1.2063e+02 -8.5576e+02
-8.2700e+01 -7.9757e+01 -7.3224e+01 -2.8331e+02
-8.2753e+01 -8.0005e+01 -6.0501e+01 -1.2932e+02
-8.2953e+01 -8.1917e+01 -7.3627e+01 -1.8527e+02
# New trial
-8.2855e+01 -8.1088e+01 -8.9838e+01 -6.4715e+02
-8.2866e+01 -8.1100e+01 -7.2004e+01 -2.0470e+02
-8.2799e+01 -8.0369e+01 -5.9717e+01 -1.2376e+02
-8.2817e+01 -8.0529e+01 -6.0604e+01 -4.7635e+01
# New trial
-8.2786e+01 -8.1665e+01 -1.4462e+02 -1.0804e+03
-8.2677e+01 -7.9858e+01 -8.2935e+01 -4.2078e+02
-8.2648e+01 -7.9129e+01 -5.8689e+01 -2.0663e+02
-8.2811e+01 -8.0573e+01 -6.5954e+01 -2.2832e+02
# New trial
-8.2849e+01 -8.2019e+01 -1.2487e+02 -8.3556e+02
-8.2772e+01 -8.0665e+01 -8.7159e+01 -3.8027e+02
-8.2606e+01 -7.8605e+01 -5.7469e+01 -2.3473e+02
-8.2605e+01 -7.8471e+01 -6.5884e+01 -3.7192e+02
# New trial
-8.3002e+01 -8.3143e+01 -1.3983e+02 -1.0381e+03
-8.2921e+01 -8.1967e+01 -9.8891e+01 -5.3340e+02
-8.2684e+01 -7.9333e+01 -6.2241e+01 -2.2497e+02
-8.2785e+01 -8.0229e+01 -6.4174e+01 -2.2641e+02
# New trial
-8.2876e+01 -8.1440e+01 -9.1711e+01 -4.3301e+02
-8.2801e+01 -8.0521e+01 -6.9081e+01 -1.8709e+02
-8.2737e+01 -7.9793e+01 -5.7778e+01 -1.4988e+02
-8.2835e+01 -8.0725e+01 -6.2811e+01 -1.1111e+02
# New trial
-8.2750e+01 -8.0347e+01 -9.4931e+01 -6.5393e+02
-8.2822e+01 -8.0776e+01 -7.6173e+01 -3.2166e+02
-8.2807e+01 -8.0486e+01 -6.3780e+01 -1.8684e+02
-8.2810e+01 -8.0460e+01 -6.1095e+01 -1.0877e+02
# New trial
-8.2964e+01 -8.3495e+01 -1.5809e+02 -1.1916e+03
-8.2889e+01 -8.1857e+01 -1.0318e+02 -6.0231e+02
-8.2672e+01 -7.9197e+01 -5.9363e+01 -2.7870e+02
-8.2666e+01 -7.9042e+01 -5.5001e+01 -1.8291e+02
# New trial
-8.2871e+01 -8.1550e+01 -1.0355e+02 -5.9423e+02
-8.2801e+01 -8.0614e+01 -7.5777e+01 -2.5677e+02
-8.2713e+01 -7.9609e+01 -5.9938e+01 -1.4691e+02
-8.2792e+01 -8.0307e+01 -6.2808e+01 -2.0430e+02
# New trial
-8.2786e+01 -8.0643e+01 -1.0502e+02 -7.2930e+02
-8.2800e+01 -8.0569e+01 -7.8826e+01 -3.2573e+02
-8.2762e+01 -8.0032e+01 -5.9731e+01 -1.9520e+02
-8.2749e+01 -7.9854e+01 -5.7308e+01 -1.1208e+02
# New trial
