# 1.0sig - Array shape (trial/sig/alpha): (30L, 4L, 4L)
-1.1074e+02 -1.1053e+02 -1.1011e+02 -1.4384e+02
-1.1072e+02 -1.1038e+02 -1.0782e+02 -1.1281e+02
-1.1069e+02 -1.1002e+02 -1.0437e+02 -1.0164e+02
-1.1066e+02 -1.0969e+02 -1.0241e+02 -1.0153e+02
# New trial
-1.1074e+02 -1.1056e+02 -1.0960e+02 -1.2205e+02
-1.1073e+02 -1.1044e+02 -1.0836e+02 -1.1212e+02
-1.1070e+02 -1.1010e+02 -1.0511e+02 -1.0154e+02
-1.1066e+02 -1.0973e+02 -1.0248e+02 -1.0153e+02
# New trial
-1.1074e+02 -1.1051e+02 -1.0889e+02 -1.1908e+02
-1.1073e+02 -1.1042e+02 -1.0780e+02 -1.0189e+02
-1.1070e+02 -1.1012e+02 -1.0496e+02 -1.0153e+02
-1.1066e+02 -1.0975e+02 -1.0252e+02 -1.0153e+02
# New trial
-1.1074e+02 -1.1054e+02 -1.1038e+02 -1.6831e+02
-1.1073e+02 -1.1042e+02 -1.0838e+02 -1.1862e+02
-1.1070e+02 -1.1016e+02 -1.0544e+02 -1.0153e+02
-1.1070e+02 -1.1016e+02 -1.0504e+02 -1.0153e+02
# New trial
-1.1072e+02 -1.1039e+02 -1.0989e+02 -1.5654e+02
-1.1071e+02 -1.1026e+02 -1.0732e+02 -1.2806e+02
-1.1069e+02 -1.1003e+02 -1.0458e+02 -1.0153e+02
-1.1069e+02 -1.0999e+02 -1.0391e+02 -1.0153e+02
# New trial
-1.1075e+02 -1.1063e+02 -1.1120e+02 -1.6054e+02
-1.1074e+02 -1.1052e+02 -1.0883e+02 -1.1911e+02
-1.1071e+02 -1.1020e+02 -1.0556e+02 -1.0153e+02
-1.1067e+02 -1.0981e+02 -1.0314e+02 -1.0154e+02
# New trial
-1.1075e+02 -1.1063e+02 -1.0997e+02 -1.3231e+02
-1.1074e+02 -1.1056e+02 -1.0889e+02 -1.0970e+02
-1.1073e+02 -1.1045e+02 -1.0772e+02 -1.0165e+02
-1.1073e+02 -1.1041e+02 -1.0736e+02 -1.0510e+02
# New trial
-1.1074e+02 -1.1054e+02 -1.1135e+02 -1.5918e+02
-1.1072e+02 -1.1038e+02 -1.0808e+02 -1.2275e+02
-1.1070e+02 -1.1010e+02 -1.0504e+02 -1.0177e+02
-1.1069e+02 -1.1002e+02 -1.0450e+02 -1.0328e+02
# New trial
-1.1072e+02 -1.1040e+02 -1.1015e+02 -1.4899e+02
-1.1070e+02 -1.1017e+02 -1.0719e+02 -1.2235e+02
-1.1064e+02 -1.0957e+02 -1.0301e+02 -1.0154e+02
-1.1058e+02 -1.0892e+02 -1.0198e+02 -1.0153e+02
# New trial
-1.1073e+02 -1.1043e+02 -1.0840e+02 -1.2460e+02
-1.1072e+02 -1.1030e+02 -1.0695e+02 -1.0797e+02
-1.1069e+02 -1.1003e+02 -1.0436e+02 -1.0153e+02
-1.1069e+02 -1.1000e+02 -1.0390e+02 -1.0153e+02
# New trial
-1.1072e+02 -1.1039e+02 -1.0943e+02 -1.4670e+02
-1.1071e+02 -1.1024e+02 -1.0794e+02 -1.2679e+02
-1.1067e+02 -1.0986e+02 -1.0363e+02 -1.0153e+02
-1.1067e+02 -1.0987e+02 -1.0375e+02 -1.0741e+02
# New trial
-1.1074e+02 -1.1056e+02 -1.1140e+02 -1.6697e+02
-1.1072e+02 -1.1038e+02 -1.0782e+02 -1.1970e+02
-1.1069e+02 -1.1003e+02 -1.0429e+02 -1.0153e+02
-1.1066e+02 -1.0971e+02 -1.0292e+02 -1.0155e+02
# New trial
-1.1074e+02 -1.1053e+02 -1.1123e+02 -1.6681e+02
-1.1073e+02 -1.1040e+02 -1.0824e+02 -1.1752e+02
-1.1071e+02 -1.1021e+02 -1.0609e+02 -1.0161e+02
-1.1072e+02 -1.1034e+02 -1.0682e+02 -1.0414e+02
# New trial
-1.1074e+02 -1.1061e+02 -1.1697e+02 -2.1645e+02
-1.1072e+02 -1.1036e+02 -1.0943e+02 -1.3966e+02
-1.1069e+02 -1.1000e+02 -1.0513e+02 -1.1650e+02
-1.1070e+02 -1.1010e+02 -1.1053e+02 -1.9048e+02
# New trial
-1.1075e+02 -1.1068e+02 -1.1201e+02 -1.7639e+02
-1.1074e+02 -1.1056e+02 -1.0954e+02 -1.2636e+02
-1.1071e+02 -1.1029e+02 -1.0637e+02 -1.0177e+02
-1.1071e+02 -1.1021e+02 -1.0554e+02 -1.0153e+02
# New trial
-1.1073e+02 -1.1049e+02 -1.1492e+02 -2.1111e+02
-1.1071e+02 -1.1030e+02 -1.1041e+02 -1.4740e+02
-1.1067e+02 -1.0983e+02 -1.0459e+02 -1.0239e+02
-1.1064e+02 -1.0959e+02 -1.0298e+02 -1.0154e+02
# New trial
-1.1074e+02 -1.1053e+02 -1.0970e+02 -1.3919e+02
-1.1072e+02 -1.1034e+02 -1.0797e+02 -1.2970e+02
-1.1067e+02 -1.0980e+02 -1.0303e+02 -1.0153e+02
-1.1063e+02 -1.0943e+02 -1.0178e+02 -1.0153e+02
# New trial
-1.1073e+02 -1.1048e+02 -1.0896e+02 -1.2299e+02
-1.1072e+02 -1.1035e+02 -1.0775e+02 -1.1202e+02
-1.1069e+02 -1.1004e+02 -1.0477e+02 -1.0178e+02
-1.1069e+02 -1.1001e+02 -1.0546e+02 -1.1944e+02
# New trial
-1.1074e+02 -1.1052e+02 -1.1208e+02 -1.7375e+02
-1.1072e+02 -1.1038e+02 -1.0931e+02 -1.3529e+02
-1.1069e+02 -1.1007e+02 -1.0485e+02 -1.0156e+02
-1.1068e+02 -1.0995e+02 -1.0385e+02 -1.0153e+02
# New trial
-1.1074e+02 -1.1051e+02 -1.0992e+02 -1.5253e+02
-1.1073e+02 -1.1045e+02 -1.0822e+02 -1.1598e+02
-1.1071e+02 -1.1028e+02 -1.0628e+02 -1.0154e+02
-1.1071e+02 -1.1021e+02 -1.0550e+02 -1.0153e+02
# New trial
-1.1073e+02 -1.1047e+02 -1.1156e+02 -1.5639e+02
-1.1071e+02 -1.1024e+02 -1.0733e+02 -1.1665e+02
-1.1069e+02 -1.1008e+02 -1.0508e+02 -1.0154e+02
-1.1073e+02 -1.1039e+02 -1.0722e+02 -1.0164e+02
# New trial
-1.1074e+02 -1.1057e+02 -1.1071e+02 -1.5730e+02
-1.1073e+02 -1.1046e+02 -1.0810e+02 -1.0336e+02
-1.1071e+02 -1.1023e+02 -1.0575e+02 -1.0153e+02
-1.1068e+02 -1.0991e+02 -1.0324e+02 -1.0153e+02
# New trial
-1.1073e+02 -1.1048e+02 -1.1091e+02 -1.5579e+02
-1.1071e+02 -1.1022e+02 -1.0718e+02 -1.1591e+02
-1.1068e+02 -1.0996e+02 -1.0432e+02 -1.0153e+02
-1.1070e+02 -1.1016e+02 -1.0615e+02 -1.3042e+02
# New trial
-1.1074e+02 -1.1060e+02 -1.1144e+02 -1.3986e+02
-1.1072e+02 -1.1034e+02 -1.0849e+02 -1.2586e+02
-1.1066e+02 -1.0970e+02 -1.0316e+02 -1.0153e+02
-1.1058e+02 -1.0895e+02 -1.0156e+02 -1.0153e+02
# New trial
-1.1073e+02 -1.1056e+02 -1.1512e+02 -1.9619e+02
-1.1071e+02 -1.1026e+02 -1.0821e+02 -1.1381e+02
-1.1067e+02 -1.0985e+02 -1.0373e+02 -1.0153e+02
-1.1067e+02 -1.0984e+02 -1.0293e+02 -1.0153e+02
# New trial
-1.1074e+02 -1.1057e+02 -1.0901e+02 -1.0952e+02
-1.1073e+02 -1.1043e+02 -1.0768e+02 -1.0321e+02
-1.1070e+02 -1.1015e+02 -1.0524e+02 -1.0155e+02
-1.1069e+02 -1.1003e+02 -1.0427e+02 -1.0153e+02
# New trial
-1.1073e+02 -1.1048e+02 -1.1077e+02 -1.5952e+02
-1.1072e+02 -1.1038e+02 -1.0834e+02 -1.2036e+02
-1.1071e+02 -1.1019e+02 -1.0571e+02 -1.0154e+02
-1.1071e+02 -1.1022e+02 -1.0570e+02 -1.0231e+02
# New trial
-1.1074e+02 -1.1057e+02 -1.1238e+02 -1.6848e+02
-1.1072e+02 -1.1036e+02 -1.0893e+02 -1.4254e+02
-1.1067e+02 -1.0982e+02 -1.0306e+02 -1.0153e+02
-1.1065e+02 -1.0960e+02 -1.0204e+02 -1.0153e+02
# New trial
-1.1074e+02 -1.1056e+02 -1.0973e+02 -1.2930e+02
-1.1072e+02 -1.1039e+02 -1.0775e+02 -1.1334e+02
-1.1069e+02 -1.1007e+02 -1.0524e+02 -1.0190e+02
-1.1070e+02 -1.1018e+02 -1.0605e+02 -1.2208e+02
# New trial
-1.1074e+02 -1.1053e+02 -1.0960e+02 -1.3632e+02
-1.1073e+02 -1.1045e+02 -1.0851e+02 -1.1877e+02
-1.1071e+02 -1.1023e+02 -1.0609e+02 -1.0551e+02
-1.1070e+02 -1.1018e+02 -1.0688e+02 -1.4385e+02
# New trial
