# 10.0sig - Array shape (trial/sig/alpha): (30L, 4L, 4L)
-1.1065e+02 -1.0978e+02 -1.1512e+02 -5.5882e+02
-1.1066e+02 -1.0982e+02 -1.0885e+02 -4.5164e+02
-1.1062e+02 -1.0936e+02 -9.8694e+01 -2.2383e+02
-1.1053e+02 -1.0841e+02 -8.7788e+01 -5.0240e+01
# New trial
-1.1077e+02 -1.1225e+02 -2.0745e+02 -1.7096e+03
-1.1069e+02 -1.1103e+02 -1.6043e+02 -1.0073e+03
-1.1057e+02 -1.0908e+02 -1.1145e+02 -5.7409e+02
-1.1033e+02 -1.0652e+02 -7.2629e+01 -1.4960e+02
# New trial
-1.1073e+02 -1.1070e+02 -1.4769e+02 -9.1510e+02
-1.1069e+02 -1.1025e+02 -1.2751e+02 -6.6728e+02
-1.1050e+02 -1.0823e+02 -9.4899e+01 -3.6886e+02
-1.1027e+02 -1.0584e+02 -6.7007e+01 -1.2151e+02
# New trial
-1.1064e+02 -1.0963e+02 -1.1643e+02 -5.4270e+02
-1.1064e+02 -1.0969e+02 -1.1528e+02 -5.1883e+02
-1.1050e+02 -1.0813e+02 -8.9036e+01 -1.6427e+02
-1.1029e+02 -1.0601e+02 -6.7647e+01 -4.6516e+01
# New trial
-1.1078e+02 -1.1181e+02 -1.8097e+02 -1.3903e+03
-1.1067e+02 -1.1022e+02 -1.2826e+02 -6.6345e+02
-1.1059e+02 -1.0909e+02 -1.0042e+02 -2.6124e+02
-1.1047e+02 -1.0782e+02 -8.3023e+01 -9.6774e+01
# New trial
-1.1074e+02 -1.1092e+02 -1.4347e+02 -7.7103e+02
-1.1067e+02 -1.0999e+02 -1.1812e+02 -4.9638e+02
-1.1048e+02 -1.0800e+02 -8.8940e+01 -2.0231e+02
-1.1025e+02 -1.0569e+02 -6.5382e+01 -8.1231e+01
# New trial
-1.1059e+02 -1.0921e+02 -1.0707e+02 -3.9922e+02
-1.1066e+02 -1.0976e+02 -1.0824e+02 -3.9942e+02
-1.1064e+02 -1.0956e+02 -1.0167e+02 -2.7038e+02
-1.1056e+02 -1.0875e+02 -9.1262e+01 -8.5477e+01
# New trial
-1.1041e+02 -1.0800e+02 -1.2778e+02 -7.7934e+02
-1.1052e+02 -1.0866e+02 -1.1793e+02 -6.4971e+02
-1.1056e+02 -1.0881e+02 -9.9133e+01 -3.0321e+02
-1.1043e+02 -1.0745e+02 -7.9720e+01 -8.3679e+01
# New trial
-1.1088e+02 -1.1317e+02 -2.3307e+02 -1.9552e+03
-1.1081e+02 -1.1183e+02 -1.6805e+02 -1.0862e+03
-1.1053e+02 -1.0851e+02 -1.0096e+02 -5.5368e+02
-1.1025e+02 -1.0567e+02 -6.7936e+01 -2.3502e+02
# New trial
-1.1069e+02 -1.1002e+02 -1.0794e+02 -3.0828e+02
-1.1067e+02 -1.0985e+02 -1.0457e+02 -2.1987e+02
-1.1063e+02 -1.0940e+02 -9.8745e+01 -1.9590e+02
-1.1060e+02 -1.0917e+02 -9.5402e+01 -1.1110e+02
# New trial
-1.1104e+02 -1.1432e+02 -2.0601e+02 -1.6722e+03
-1.1075e+02 -1.1099e+02 -1.5763e+02 -1.1311e+03
-1.1038e+02 -1.0708e+02 -9.9783e+01 -5.8190e+02
-1.1010e+02 -1.0413e+02 -5.6192e+01 -6.6560e+01
# New trial
-1.1081e+02 -1.1208e+02 -1.9947e+02 -1.4510e+03
-1.1066e+02 -1.0997e+02 -1.1877e+02 -4.8842e+02
-1.1059e+02 -1.0911e+02 -9.7767e+01 -1.3314e+02
-1.1051e+02 -1.0823e+02 -8.6551e+01 -9.0374e+01
# New trial
-1.1062e+02 -1.0985e+02 -1.4744e+02 -1.0448e+03
-1.1062e+02 -1.0975e+02 -1.2845e+02 -7.1498e+02
-1.1051e+02 -1.0831e+02 -9.5948e+01 -3.1633e+02
-1.1034e+02 -1.0650e+02 -7.1643e+01 -8.9171e+01
# New trial
-1.1070e+02 -1.1055e+02 -1.4431e+02 -8.9822e+02
-1.1069e+02 -1.1024e+02 -1.2780e+02 -6.3710e+02
-1.1051e+02 -1.0830e+02 -9.1401e+01 -2.4605e+02
-1.1034e+02 -1.0654e+02 -7.1409e+01 -6.3347e+01
# New trial
-1.1074e+02 -1.1099e+02 -1.5934e+02 -1.0989e+03
-1.1067e+02 -1.1017e+02 -1.3596e+02 -7.6617e+02
-1.1049e+02 -1.0812e+02 -9.1496e+01 -2.1129e+02
-1.1028e+02 -1.0599e+02 -6.6761e+01 -4.9811e+01
# New trial
-1.1089e+02 -1.1332e+02 -2.2590e+02 -1.7886e+03
-1.1076e+02 -1.1146e+02 -1.5716e+02 -9.5213e+02
-1.1046e+02 -1.0809e+02 -1.0805e+02 -4.5970e+02
-1.1013e+02 -1.0452e+02 -5.9726e+01 -1.5362e+02
# New trial
-1.1067e+02 -1.1121e+02 -2.1621e+02 -1.6933e+03
-1.1060e+02 -1.0962e+02 -1.3156e+02 -7.5884e+02
-1.1046e+02 -1.0779e+02 -9.2496e+01 -3.2223e+02
-1.1025e+02 -1.0567e+02 -6.5132e+01 -1.3173e+02
# New trial
-1.1076e+02 -1.1115e+02 -1.5097e+02 -1.0034e+03
-1.1070e+02 -1.1040e+02 -1.2675e+02 -7.0001e+02
-1.1054e+02 -1.0861e+02 -1.0433e+02 -5.0549e+02
-1.1039e+02 -1.0704e+02 -7.8667e+01 -2.2506e+02
# New trial
-1.1075e+02 -1.1077e+02 -1.2421e+02 -5.8562e+02
-1.1071e+02 -1.1031e+02 -1.1131e+02 -3.3230e+02
-1.1063e+02 -1.0946e+02 -9.9669e+01 -1.8083e+02
-1.1053e+02 -1.0841e+02 -8.8219e+01 -1.0414e+02
# New trial
-1.1093e+02 -1.1337e+02 -2.1451e+02 -1.6209e+03
-1.1084e+02 -1.1188e+02 -1.5197e+02 -1.0100e+03
-1.1052e+02 -1.0847e+02 -9.5564e+01 -2.4927e+02
-1.1026e+02 -1.0575e+02 -6.6537e+01 -1.2822e+02
# New trial
-1.1087e+02 -1.1250e+02 -1.7736e+02 -1.2809e+03
-1.1077e+02 -1.1109e+02 -1.2973e+02 -6.7182e+02
-1.1058e+02 -1.0901e+02 -1.0174e+02 -4.3506e+02
-1.1038e+02 -1.0699e+02 -7.5592e+01 -1.2958e+02
# New trial
-1.1063e+02 -1.0954e+02 -1.1201e+02 -5.2584e+02
-1.1064e+02 -1.0969e+02 -1.1485e+02 -5.7114e+02
-1.1055e+02 -1.0871e+02 -9.5433e+01 -2.8953e+02
-1.1034e+02 -1.0656e+02 -7.3225e+01 -4.7774e+01
# New trial
-1.1071e+02 -1.1056e+02 -1.3429e+02 -6.9677e+02
-1.1065e+02 -1.0988e+02 -1.2052e+02 -5.0819e+02
-1.1053e+02 -1.0852e+02 -9.5452e+01 -2.8458e+02
-1.1038e+02 -1.0696e+02 -7.5356e+01 -1.1108e+02
# New trial
-1.1069e+02 -1.1042e+02 -1.4196e+02 -8.3467e+02
-1.1065e+02 -1.1006e+02 -1.3499e+02 -7.4849e+02
-1.1051e+02 -1.0841e+02 -1.0025e+02 -3.8654e+02
-1.1023e+02 -1.0542e+02 -6.3520e+01 -7.7981e+01
# New trial
-1.1080e+02 -1.1189e+02 -1.7853e+02 -1.2703e+03
-1.1069e+02 -1.1048e+02 -1.4326e+02 -8.9262e+02
-1.1044e+02 -1.0765e+02 -8.9365e+01 -1.9845e+02
-1.1021e+02 -1.0521e+02 -6.1753e+01 -7.0465e+01
# New trial
-1.1102e+02 -1.1545e+02 -2.5832e+02 -2.0608e+03
-1.1084e+02 -1.1252e+02 -1.8543e+02 -1.3620e+03
-1.1036e+02 -1.0695e+02 -9.8001e+01 -5.2935e+02
-1.0994e+02 -1.0255e+02 -5.0613e+01 -1.1393e+02
# New trial
-1.1124e+02 -1.1766e+02 -2.7513e+02 -2.1904e+03
-1.1097e+02 -1.1345e+02 -1.7469e+02 -1.1836e+03
-1.1049e+02 -1.0813e+02 -9.2470e+01 -3.0829e+02
-1.1023e+02 -1.0548e+02 -6.6525e+01 -8.4106e+01
# New trial
-1.1063e+02 -1.0967e+02 -1.2035e+02 -5.7502e+02
-1.1063e+02 -1.0957e+02 -1.1065e+02 -4.7281e+02
-1.1051e+02 -1.0833e+02 -9.0997e+01 -2.1614e+02
-1.1037e+02 -1.0688e+02 -7.4189e+01 -7.3551e+01
# New trial
-1.1065e+02 -1.1016e+02 -1.6658e+02 -1.3159e+03
-1.1065e+02 -1.1001e+02 -1.3209e+02 -8.1320e+02
-1.1052e+02 -1.0850e+02 -9.9430e+01 -4.0357e+02
-1.1030e+02 -1.0613e+02 -7.1005e+01 -1.4164e+02
# New trial
-1.1060e+02 -1.0962e+02 -1.3590e+02 -8.7871e+02
-1.1059e+02 -1.0929e+02 -1.1499e+02 -5.5232e+02
-1.1047e+02 -1.0790e+02 -8.9936e+01 -2.9248e+02
-1.1028e+02 -1.0600e+02 -6.8391e+01 -8.0512e+01
# New trial
