# 1.0sig - Array shape (trial/sig/alpha): (30, 4, 4)
-1.2445e+02 -1.2319e+02 -1.2742e+02 -3.8057e+02
-1.2435e+02 -1.2208e+02 -1.0785e+02 -1.3773e+02
-1.2409e+02 -1.1949e+02 -8.0537e+01 -6.4622e+01
-1.2389e+02 -1.1743e+02 -7.1891e+01 -6.4612e+01
# New trial
-1.2447e+02 -1.2324e+02 -1.1788e+02 -2.2268e+02
-1.2439e+02 -1.2252e+02 -1.1027e+02 -1.3634e+02
-1.2418e+02 -1.2043e+02 -9.0736e+01 -6.5078e+01
-1.2408e+02 -1.1940e+02 -8.4193e+01 -1.3581e+02
# New trial
-1.2445e+02 -1.2309e+02 -1.1606e+02 -2.3382e+02
-1.2438e+02 -1.2241e+02 -1.0682e+02 -1.0983e+02
-1.2420e+02 -1.2057e+02 -8.8469e+01 -6.4617e+01
-1.2404e+02 -1.1892e+02 -7.7880e+01 -6.4612e+01
# New trial
-1.2447e+02 -1.2332e+02 -1.2566e+02 -5.0632e+02
-1.2440e+02 -1.2265e+02 -1.1325e+02 -2.0808e+02
-1.2424e+02 -1.2097e+02 -9.3061e+01 -6.5451e+01
-1.2417e+02 -1.2027e+02 -8.5961e+01 -6.4643e+01
# New trial
-1.2438e+02 -1.2249e+02 -1.3095e+02 -5.0661e+02
-1.2428e+02 -1.2142e+02 -1.0816e+02 -2.6491e+02
-1.2409e+02 -1.1952e+02 -8.3726e+01 -6.5723e+01
-1.2403e+02 -1.1887e+02 -8.2759e+01 -1.5099e+02
# New trial
-1.2447e+02 -1.2331e+02 -1.2173e+02 -4.3650e+02
-1.2441e+02 -1.2263e+02 -1.0905e+02 -1.8470e+02
-1.2423e+02 -1.2084e+02 -9.1245e+01 -6.4733e+01
-1.2408e+02 -1.1930e+02 -7.9517e+01 -6.4615e+01
# New trial
-1.2453e+02 -1.2389e+02 -1.2437e+02 -3.9477e+02
-1.2448e+02 -1.2335e+02 -1.1368e+02 -1.6757e+02
-1.2441e+02 -1.2260e+02 -1.0525e+02 -7.4277e+01
-1.2442e+02 -1.2276e+02 -1.0663e+02 -7.0921e+01
# New trial
-1.2446e+02 -1.2330e+02 -1.3553e+02 -5.0997e+02
-1.2435e+02 -1.2213e+02 -1.1206e+02 -3.1216e+02
-1.2414e+02 -1.1996e+02 -8.5421e+01 -6.4614e+01
-1.2409e+02 -1.1943e+02 -8.0743e+01 -6.4612e+01
# New trial
-1.2434e+02 -1.2217e+02 -1.2321e+02 -4.4876e+02
-1.2414e+02 -1.2014e+02 -9.9891e+01 -2.0394e+02
-1.2371e+02 -1.1581e+02 -7.1786e+01 -6.4667e+01
-1.2363e+02 -1.1490e+02 -6.8114e+01 -6.4612e+01
# New trial
-1.2442e+02 -1.2278e+02 -1.1478e+02 -2.5848e+02
-1.2432e+02 -1.2181e+02 -1.0523e+02 -2.1713e+02
-1.2409e+02 -1.1943e+02 -8.3824e+01 -6.6435e+01
-1.2394e+02 -1.1795e+02 -8.1711e+01 -1.6303e+02
# New trial
-1.2434e+02 -1.2211e+02 -1.1631e+02 -3.3411e+02
-1.2424e+02 -1.2108e+02 -1.0429e+02 -2.0918e+02
-1.2398e+02 -1.1840e+02 -7.5600e+01 -6.4614e+01
-1.2390e+02 -1.1761e+02 -7.4304e+01 -6.4612e+01
# New trial
-1.2443e+02 -1.2298e+02 -1.3318e+02 -5.4086e+02
-1.2432e+02 -1.2183e+02 -1.0556e+02 -1.7853e+02
-1.2409e+02 -1.1946e+02 -8.1299e+01 -6.6278e+01
-1.2389e+02 -1.1744e+02 -7.2797e+01 -6.4686e+01
# New trial
-1.2447e+02 -1.2338e+02 -1.3056e+02 -5.1345e+02
-1.2436e+02 -1.2222e+02 -1.1057e+02 -2.1332e+02
-1.2420e+02 -1.2061e+02 -9.2289e+01 -6.8796e+01
-1.2420e+02 -1.2053e+02 -8.9425e+01 -9.0880e+01
# New trial
-1.2447e+02 -1.2371e+02 -1.7080e+02 -8.8049e+02
-1.2432e+02 -1.2192e+02 -1.2048e+02 -3.5590e+02
-1.2401e+02 -1.1865e+02 -7.6621e+01 -6.4612e+01
-1.2393e+02 -1.1785e+02 -7.4124e+01 -6.4612e+01
# New trial
-1.2449e+02 -1.2348e+02 -1.2888e+02 -5.1902e+02
-1.2441e+02 -1.2266e+02 -1.1227e+02 -2.2261e+02
-1.2424e+02 -1.2091e+02 -9.2547e+01 -6.7985e+01
-1.2414e+02 -1.1996e+02 -8.7010e+01 -1.2736e+02
# New trial
-1.2438e+02 -1.2290e+02 -1.6303e+02 -8.2996e+02
-1.2423e+02 -1.2131e+02 -1.2026e+02 -3.4429e+02
-1.2391e+02 -1.1787e+02 -8.0736e+01 -6.4728e+01
-1.2389e+02 -1.1750e+02 -8.3289e+01 -1.8717e+02
# New trial
-1.2442e+02 -1.2291e+02 -1.2161e+02 -2.9947e+02
-1.2430e+02 -1.2170e+02 -1.0963e+02 -2.3575e+02
-1.2395e+02 -1.1819e+02 -8.0354e+01 -6.6974e+01
-1.2385e+02 -1.1704e+02 -7.5155e+01 -9.0217e+01
# New trial
-1.2444e+02 -1.2305e+02 -1.1983e+02 -2.7449e+02
-1.2436e+02 -1.2228e+02 -1.1275e+02 -2.0378e+02
-1.2415e+02 -1.2013e+02 -8.8789e+01 -7.7450e+01
-1.2413e+02 -1.1983e+02 -8.4862e+01 -7.7941e+01
# New trial
-1.2448e+02 -1.2360e+02 -1.4343e+02 -6.2492e+02
-1.2439e+02 -1.2263e+02 -1.2351e+02 -3.6652e+02
-1.2413e+02 -1.1989e+02 -8.5600e+01 -6.6238e+01
-1.2394e+02 -1.1803e+02 -8.4880e+01 -2.0394e+02
# New trial
-1.2448e+02 -1.2340e+02 -1.2460e+02 -4.5423e+02
-1.2443e+02 -1.2286e+02 -1.1153e+02 -1.9253e+02
-1.2429e+02 -1.2142e+02 -9.4814e+01 -6.4811e+01
-1.2415e+02 -1.2001e+02 -8.3813e+01 -6.4616e+01
# New trial
-1.2441e+02 -1.2289e+02 -1.3698e+02 -5.3807e+02
-1.2426e+02 -1.2129e+02 -1.0477e+02 -1.3051e+02
-1.2413e+02 -1.1996e+02 -9.0939e+01 -6.8966e+01
-1.2429e+02 -1.2147e+02 -9.9582e+01 -2.1846e+02
# New trial
-1.2445e+02 -1.2311e+02 -1.2433e+02 -4.6745e+02
-1.2439e+02 -1.2245e+02 -1.0622e+02 -9.2040e+01
-1.2425e+02 -1.2100e+02 -9.2773e+01 -7.4357e+01
-1.2415e+02 -1.2008e+02 -8.6349e+01 -9.9234e+01
# New trial
-1.2443e+02 -1.2303e+02 -1.3534e+02 -5.0055e+02
-1.2427e+02 -1.2131e+02 -1.0505e+02 -2.3015e+02
-1.2404e+02 -1.1896e+02 -7.8036e+01 -6.4612e+01
-1.2410e+02 -1.1952e+02 -8.2588e+01 -6.4612e+01
# New trial
-1.2446e+02 -1.2342e+02 -1.3068e+02 -3.5831e+02
-1.2430e+02 -1.2168e+02 -1.0992e+02 -2.4567e+02
-1.2393e+02 -1.1797e+02 -7.7319e+01 -6.4686e+01
-1.2371e+02 -1.1566e+02 -7.0940e+01 -6.7252e+01
# New trial
-1.2451e+02 -1.2410e+02 -1.6576e+02 -8.8538e+02
-1.2435e+02 -1.2230e+02 -1.2189e+02 -2.9905e+02
-1.2399e+02 -1.1857e+02 -7.9798e+01 -6.4636e+01
-1.2385e+02 -1.1711e+02 -7.2955e+01 -6.5016e+01
# New trial
-1.2448e+02 -1.2335e+02 -1.1443e+02 -1.6138e+02
-1.2439e+02 -1.2241e+02 -1.0532e+02 -7.5404e+01
-1.2419e+02 -1.2047e+02 -8.8583e+01 -6.4723e+01
-1.2415e+02 -1.2007e+02 -8.6855e+01 -1.1433e+02
# New trial
-1.2443e+02 -1.2288e+02 -1.1940e+02 -3.6393e+02
-1.2436e+02 -1.2226e+02 -1.1021e+02 -2.3438e+02
-1.2419e+02 -1.2046e+02 -9.0563e+01 -6.5621e+01
-1.2410e+02 -1.1959e+02 -8.2600e+01 -6.5305e+01
# New trial
-1.2442e+02 -1.2307e+02 -1.4038e+02 -6.0158e+02
-1.2428e+02 -1.2158e+02 -1.1147e+02 -2.9353e+02
-1.2400e+02 -1.1864e+02 -7.9965e+01 -8.8239e+01
-1.2393e+02 -1.1786e+02 -8.9847e+01 -2.7264e+02
# New trial
-1.2446e+02 -1.2319e+02 -1.2033e+02 -3.1264e+02
-1.2436e+02 -1.2215e+02 -1.0690e+02 -1.5443e+02
-1.2414e+02 -1.1997e+02 -8.8362e+01 -6.8624e+01
-1.2413e+02 -1.1988e+02 -8.5809e+01 -1.2017e+02
# New trial
-1.2442e+02 -1.2279e+02 -1.2003e+02 -3.7922e+02
-1.2435e+02 -1.2213e+02 -1.0790e+02 -1.9138e+02
-1.2418e+02 -1.2036e+02 -8.7575e+01 -7.1915e+01
-1.2407e+02 -1.1929e+02 -8.0916e+01 -7.3970e+01
# New trial
