# 10.0sig - Array shape (trial/sig/alpha): (30, 4, 4)
-1.6613e+02 -1.6605e+02 -1.6594e+02 -2.4300e+02
-1.6613e+02 -1.6596e+02 -1.6488e+02 -2.1415e+02
-1.6610e+02 -1.6566e+02 -1.6155e+02 -1.5828e+02
-1.6604e+02 -1.6511e+02 -1.5595e+02 -1.3417e+02
# New trial
-1.6615e+02 -1.6627e+02 -1.8262e+02 -5.8765e+02
-1.6610e+02 -1.6580e+02 -1.7063e+02 -3.7645e+02
-1.6600e+02 -1.6475e+02 -1.5578e+02 -2.3602e+02
-1.6587e+02 -1.6344e+02 -1.4131e+02 -1.2922e+02
# New trial
-1.6614e+02 -1.6611e+02 -1.6901e+02 -3.3737e+02
-1.6612e+02 -1.6587e+02 -1.6491e+02 -2.5260e+02
-1.6604e+02 -1.6511e+02 -1.5631e+02 -1.5255e+02
-1.6594e+02 -1.6408e+02 -1.4652e+02 -1.2986e+02
# New trial
-1.6611e+02 -1.6581e+02 -1.6360e+02 -2.4202e+02
-1.6609e+02 -1.6564e+02 -1.6197e+02 -2.1047e+02
-1.6603e+02 -1.6498e+02 -1.5500e+02 -1.4934e+02
-1.6593e+02 -1.6402e+02 -1.4622e+02 -1.3942e+02
# New trial
-1.6615e+02 -1.6627e+02 -1.7194e+02 -3.7891e+02
-1.6613e+02 -1.6598e+02 -1.6647e+02 -2.9780e+02
-1.6607e+02 -1.6545e+02 -1.6013e+02 -2.0051e+02
-1.6601e+02 -1.6483e+02 -1.5343e+02 -1.3206e+02
# New trial
-1.6611e+02 -1.6581e+02 -1.6383e+02 -1.9569e+02
-1.6609e+02 -1.6557e+02 -1.6125e+02 -1.7918e+02
-1.6602e+02 -1.6487e+02 -1.5401e+02 -1.4202e+02
-1.6590e+02 -1.6371e+02 -1.4331e+02 -1.2922e+02
# New trial
-1.6614e+02 -1.6610e+02 -1.6669e+02 -2.8980e+02
-1.6613e+02 -1.6602e+02 -1.6545e+02 -2.3647e+02
-1.6610e+02 -1.6567e+02 -1.6167e+02 -1.6769e+02
-1.6604e+02 -1.6514e+02 -1.5622e+02 -1.3414e+02
# New trial
-1.6612e+02 -1.6593e+02 -1.6794e+02 -3.3154e+02
-1.6610e+02 -1.6572e+02 -1.6539e+02 -2.9625e+02
-1.6604e+02 -1.6507e+02 -1.5671e+02 -1.6465e+02
-1.6595e+02 -1.6425e+02 -1.4819e+02 -1.2947e+02
# New trial
-1.6617e+02 -1.6648e+02 -1.8788e+02 -6.0277e+02
-1.6612e+02 -1.6597e+02 -1.6918e+02 -3.5131e+02
-1.6603e+02 -1.6498e+02 -1.5545e+02 -1.9417e+02
-1.6593e+02 -1.6402e+02 -1.4637e+02 -1.3072e+02
# New trial
-1.6613e+02 -1.6598e+02 -1.6620e+02 -3.0137e+02
-1.6611e+02 -1.6578e+02 -1.6280e+02 -1.8437e+02
-1.6607e+02 -1.6542e+02 -1.5909e+02 -1.4521e+02
-1.6602e+02 -1.6493e+02 -1.5425e+02 -1.3387e+02
# New trial
-1.6618e+02 -1.6657e+02 -1.8376e+02 -5.9430e+02
-1.6611e+02 -1.6581e+02 -1.7115e+02 -4.7833e+02
-1.6601e+02 -1.6479e+02 -1.5446e+02 -2.1107e+02
-1.6588e+02 -1.6355e+02 -1.4254e+02 -1.2941e+02
# New trial
-1.6621e+02 -1.6688e+02 -1.8795e+02 -5.3069e+02
-1.6614e+02 -1.6607e+02 -1.6686e+02 -2.5923e+02
-1.6609e+02 -1.6557e+02 -1.6074e+02 -1.5881e+02
-1.6603e+02 -1.6504e+02 -1.5537e+02 -1.3022e+02
# New trial
-1.6613e+02 -1.6603e+02 -1.7185e+02 -3.9393e+02
-1.6610e+02 -1.6570e+02 -1.6535e+02 -3.0190e+02
-1.6602e+02 -1.6488e+02 -1.5498e+02 -1.7689e+02
-1.6591e+02 -1.6382e+02 -1.4451e+02 -1.3091e+02
# New trial
-1.6615e+02 -1.6624e+02 -1.6930e+02 -3.0925e+02
-1.6613e+02 -1.6601e+02 -1.6591e+02 -2.3824e+02
-1.6606e+02 -1.6528e+02 -1.5808e+02 -1.9190e+02
-1.6596e+02 -1.6432e+02 -1.4860e+02 -1.2928e+02
# New trial
-1.6615e+02 -1.6627e+02 -1.7366e+02 -3.6921e+02
-1.6612e+02 -1.6593e+02 -1.6764e+02 -2.8840e+02
-1.6603e+02 -1.6504e+02 -1.5601e+02 -1.5944e+02
-1.6594e+02 -1.6409e+02 -1.4646e+02 -1.2924e+02
# New trial
-1.6618e+02 -1.6661e+02 -1.8798e+02 -5.7056e+02
-1.6613e+02 -1.6603e+02 -1.7035e+02 -3.2178e+02
-1.6601e+02 -1.6486e+02 -1.5737e+02 -2.4307e+02
-1.6588e+02 -1.6351e+02 -1.4394e+02 -1.5806e+02
# New trial
-1.6615e+02 -1.6629e+02 -1.8347e+02 -5.3261e+02
-1.6610e+02 -1.6570e+02 -1.6616e+02 -3.0545e+02
-1.6601e+02 -1.6477e+02 -1.5382e+02 -1.5403e+02
-1.6593e+02 -1.6399e+02 -1.4589e+02 -1.3528e+02
# New trial
-1.6613e+02 -1.6599e+02 -1.6706e+02 -3.1791e+02
-1.6610e+02 -1.6566e+02 -1.6220e+02 -2.2625e+02
-1.6602e+02 -1.6486e+02 -1.5382e+02 -1.4176e+02
-1.6589e+02 -1.6365e+02 -1.4286e+02 -1.2927e+02
# New trial
-1.6613e+02 -1.6600e+02 -1.6619e+02 -2.6626e+02
-1.6611e+02 -1.6579e+02 -1.6283e+02 -1.6946e+02
-1.6608e+02 -1.6546e+02 -1.5938e+02 -1.3478e+02
-1.6602e+02 -1.6494e+02 -1.5422e+02 -1.2922e+02
# New trial
-1.6617e+02 -1.6647e+02 -1.8053e+02 -5.0271e+02
-1.6613e+02 -1.6606e+02 -1.6798e+02 -3.1697e+02
-1.6606e+02 -1.6528e+02 -1.5800e+02 -1.6347e+02
-1.6595e+02 -1.6418e+02 -1.4761e+02 -1.3299e+02
# New trial
-1.6614e+02 -1.6614e+02 -1.6788e+02 -3.0786e+02
-1.6612e+02 -1.6586e+02 -1.6349e+02 -1.7903e+02
-1.6606e+02 -1.6531e+02 -1.5798e+02 -1.4204e+02
-1.6598e+02 -1.6449e+02 -1.5009e+02 -1.2928e+02
# New trial
-1.6611e+02 -1.6581e+02 -1.6362e+02 -2.4113e+02
-1.6609e+02 -1.6561e+02 -1.6195e+02 -2.2362e+02
-1.6602e+02 -1.6489e+02 -1.5421e+02 -1.5284e+02
-1.6592e+02 -1.6390e+02 -1.4522e+02 -1.3043e+02
# New trial
-1.6614e+02 -1.6608e+02 -1.6690e+02 -2.5170e+02
-1.6612e+02 -1.6586e+02 -1.6421e+02 -2.0385e+02
-1.6605e+02 -1.6523e+02 -1.5752e+02 -1.8741e+02
-1.6597e+02 -1.6441e+02 -1.4966e+02 -1.4734e+02
# New trial
-1.6614e+02 -1.6611e+02 -1.7103e+02 -3.3754e+02
-1.6610e+02 -1.6576e+02 -1.6722e+02 -3.1075e+02
-1.6601e+02 -1.6482e+02 -1.5602e+02 -2.2215e+02
-1.6585e+02 -1.6326e+02 -1.4277e+02 -1.3975e+02
# New trial
-1.6614e+02 -1.6615e+02 -1.7376e+02 -3.6336e+02
-1.6609e+02 -1.6563e+02 -1.6518e+02 -3.0203e+02
-1.6599e+02 -1.6457e+02 -1.5227e+02 -1.7113e+02
-1.6588e+02 -1.6349e+02 -1.4175e+02 -1.2925e+02
# New trial
-1.6620e+02 -1.6695e+02 -1.9222e+02 -5.9324e+02
-1.6611e+02 -1.6591e+02 -1.7193e+02 -4.0223e+02
-1.6596e+02 -1.6435e+02 -1.4919e+02 -1.3370e+02
-1.6580e+02 -1.6270e+02 -1.3684e+02 -1.2922e+02
# New trial
-1.6621e+02 -1.6696e+02 -1.8999e+02 -5.6237e+02
-1.6614e+02 -1.6609e+02 -1.6750e+02 -2.7784e+02
-1.6605e+02 -1.6519e+02 -1.5738e+02 -1.7462e+02
-1.6595e+02 -1.6422e+02 -1.4880e+02 -1.6526e+02
# New trial
-1.6612e+02 -1.6591e+02 -1.6407e+02 -2.2120e+02
-1.6611e+02 -1.6580e+02 -1.6306e+02 -2.2420e+02
-1.6607e+02 -1.6536e+02 -1.5849e+02 -1.5349e+02
-1.6600e+02 -1.6468e+02 -1.5192e+02 -1.3092e+02
# New trial
-1.6612e+02 -1.6596e+02 -1.7381e+02 -4.6782e+02
-1.6610e+02 -1.6574e+02 -1.6616e+02 -3.1213e+02
-1.6601e+02 -1.6479e+02 -1.5446e+02 -1.5459e+02
-1.6590e+02 -1.6371e+02 -1.4354e+02 -1.3288e+02
# New trial
-1.6615e+02 -1.6619e+02 -1.6980e+02 -3.4527e+02
-1.6613e+02 -1.6602e+02 -1.6579e+02 -2.4629e+02
-1.6609e+02 -1.6557e+02 -1.6059e+02 -1.6710e+02
-1.6602e+02 -1.6487e+02 -1.5407e+02 -1.3326e+02
# New trial
