# 1.0sig - Array shape (trial/sig/alpha): (30L, 4L, 4L)
-8.3063e+01 -8.2993e+01 -8.3990e+01 -1.1173e+02
-8.3054e+01 -8.2898e+01 -8.2226e+01 -9.1591e+01
-8.3029e+01 -8.2642e+01 -7.9453e+01 -7.8457e+01
-8.2997e+01 -8.2327e+01 -7.8509e+01 -7.8457e+01
# New trial
-8.3062e+01 -8.2979e+01 -8.2954e+01 -9.7931e+01
-8.3056e+01 -8.2917e+01 -8.2124e+01 -8.6385e+01
-8.3037e+01 -8.2730e+01 -8.0250e+01 -7.8457e+01
-8.3027e+01 -8.2624e+01 -7.9274e+01 -7.8457e+01
# New trial
-8.3057e+01 -8.2924e+01 -8.2213e+01 -9.9552e+01
-8.3051e+01 -8.2867e+01 -8.1390e+01 -7.8763e+01
-8.3038e+01 -8.2734e+01 -8.0055e+01 -7.8457e+01
-8.3041e+01 -8.2761e+01 -8.0160e+01 -7.8457e+01
# New trial
-8.3059e+01 -8.2951e+01 -8.3301e+01 -1.1879e+02
-8.3054e+01 -8.2893e+01 -8.2074e+01 -9.2297e+01
-8.3038e+01 -8.2739e+01 -8.0243e+01 -7.8464e+01
-8.3031e+01 -8.2663e+01 -7.9442e+01 -7.8457e+01
# New trial
-8.3055e+01 -8.2915e+01 -8.3964e+01 -1.1636e+02
-8.3045e+01 -8.2814e+01 -8.1726e+01 -9.7020e+01
-8.3034e+01 -8.2696e+01 -7.9965e+01 -7.8457e+01
-8.3040e+01 -8.2750e+01 -8.0093e+01 -7.8457e+01
# New trial
-8.3062e+01 -8.2975e+01 -8.3364e+01 -1.1617e+02
-8.3057e+01 -8.2921e+01 -8.1988e+01 -8.8348e+01
-8.3040e+01 -8.2750e+01 -8.0193e+01 -7.8457e+01
-8.3016e+01 -8.2517e+01 -7.8775e+01 -7.8457e+01
# New trial
-8.3069e+01 -8.3048e+01 -8.3410e+01 -1.0695e+02
-8.3063e+01 -8.2986e+01 -8.2351e+01 -8.8549e+01
-8.3054e+01 -8.2895e+01 -8.1386e+01 -7.8482e+01
-8.3059e+01 -8.2940e+01 -8.1791e+01 -7.9777e+01
# New trial
-8.3056e+01 -8.2928e+01 -8.3887e+01 -1.1260e+02
-8.3048e+01 -8.2837e+01 -8.1863e+01 -9.5785e+01
-8.3035e+01 -8.2710e+01 -8.0236e+01 -7.8489e+01
-8.3043e+01 -8.2786e+01 -8.0578e+01 -7.8572e+01
# New trial
-8.3054e+01 -8.2919e+01 -8.3887e+01 -1.1334e+02
-8.3037e+01 -8.2738e+01 -8.1999e+01 -9.9252e+01
-8.2995e+01 -8.2310e+01 -7.8556e+01 -7.8457e+01
-8.2969e+01 -8.2051e+01 -7.8460e+01 -7.8457e+01
# New trial
-8.3051e+01 -8.2865e+01 -8.1937e+01 -9.5336e+01
-8.3044e+01 -8.2795e+01 -8.1139e+01 -8.4564e+01
-8.3031e+01 -8.2663e+01 -7.9579e+01 -7.8457e+01
-8.3033e+01 -8.2684e+01 -7.9643e+01 -7.8457e+01
# New trial
-8.3054e+01 -8.2905e+01 -8.3061e+01 -1.0552e+02
-8.3046e+01 -8.2826e+01 -8.2190e+01 -9.5790e+01
-8.3021e+01 -8.2563e+01 -7.9410e+01 -7.8458e+01
-8.3008e+01 -8.2436e+01 -7.9729e+01 -8.7262e+01
# New trial
-8.3065e+01 -8.3020e+01 -8.5067e+01 -1.2543e+02
-8.3053e+01 -8.2885e+01 -8.1958e+01 -9.2232e+01
-8.3026e+01 -8.2615e+01 -7.9302e+01 -7.8457e+01
-8.2992e+01 -8.2273e+01 -7.8488e+01 -7.8457e+01
# New trial
-8.3064e+01 -8.3005e+01 -8.4369e+01 -1.2540e+02
-8.3055e+01 -8.2910e+01 -8.2281e+01 -9.1381e+01
-8.3039e+01 -8.2741e+01 -8.0322e+01 -7.8459e+01
-8.3022e+01 -8.2571e+01 -7.8972e+01 -7.8457e+01
# New trial
-8.3065e+01 -8.3047e+01 -8.7545e+01 -1.5391e+02
-8.3051e+01 -8.2875e+01 -8.3176e+01 -1.0697e+02
-8.3023e+01 -8.2581e+01 -7.9153e+01 -7.8457e+01
-8.3023e+01 -8.2585e+01 -7.9003e+01 -7.8457e+01
# New trial
-8.3056e+01 -8.2920e+01 -8.2862e+01 -1.0830e+02
-8.3052e+01 -8.2880e+01 -8.1826e+01 -8.6198e+01
-8.3044e+01 -8.2793e+01 -8.0540e+01 -7.8457e+01
-8.3046e+01 -8.2813e+01 -8.0574e+01 -7.8457e+01
# New trial
-8.3052e+01 -8.2929e+01 -8.6040e+01 -1.4083e+02
-8.3041e+01 -8.2809e+01 -8.2980e+01 -1.0219e+02
-8.3014e+01 -8.2512e+01 -7.9560e+01 -7.8650e+01
-8.3021e+01 -8.2570e+01 -7.9157e+01 -7.8457e+01
# New trial
-8.3051e+01 -8.2869e+01 -8.2126e+01 -9.2806e+01
-8.3042e+01 -8.2782e+01 -8.1369e+01 -8.9066e+01
-8.3019e+01 -8.2553e+01 -7.9634e+01 -7.8568e+01
-8.3032e+01 -8.2678e+01 -8.0297e+01 -8.7934e+01
# New trial
-8.3059e+01 -8.2946e+01 -8.2877e+01 -9.8802e+01
-8.3052e+01 -8.2877e+01 -8.2158e+01 -9.0917e+01
-8.3032e+01 -8.2672e+01 -7.9783e+01 -7.8457e+01
-8.3028e+01 -8.2635e+01 -7.9771e+01 -8.2852e+01
# New trial
-8.3061e+01 -8.2977e+01 -8.4614e+01 -1.2631e+02
-8.3054e+01 -8.2903e+01 -8.3001e+01 -1.0528e+02
-8.3029e+01 -8.2648e+01 -7.9614e+01 -7.8458e+01
-8.3001e+01 -8.2366e+01 -7.8537e+01 -7.8457e+01
# New trial
-8.3056e+01 -8.2924e+01 -8.3151e+01 -1.1053e+02
-8.3053e+01 -8.2882e+01 -8.1747e+01 -9.0426e+01
-8.3045e+01 -8.2805e+01 -8.0580e+01 -7.8457e+01
-8.3045e+01 -8.2804e+01 -8.0546e+01 -7.8462e+01
# New trial
-8.3058e+01 -8.2952e+01 -8.3986e+01 -1.1698e+02
-8.3046e+01 -8.2823e+01 -8.1811e+01 -8.9913e+01
-8.3035e+01 -8.2707e+01 -8.0238e+01 -7.8538e+01
-8.3056e+01 -8.2909e+01 -8.1562e+01 -8.3639e+01
# New trial
-8.3059e+01 -8.2945e+01 -8.3213e+01 -1.1496e+02
-8.3053e+01 -8.2887e+01 -8.1546e+01 -7.9493e+01
-8.3044e+01 -8.2791e+01 -8.0501e+01 -7.8457e+01
-8.3050e+01 -8.2849e+01 -8.0910e+01 -7.8457e+01
# New trial
-8.3059e+01 -8.2964e+01 -8.4393e+01 -1.1710e+02
-8.3046e+01 -8.2825e+01 -8.1859e+01 -9.5794e+01
-8.3023e+01 -8.2591e+01 -7.9258e+01 -7.8457e+01
-8.3020e+01 -8.2551e+01 -7.8909e+01 -7.8457e+01
# New trial
-8.3055e+01 -8.2929e+01 -8.3491e+01 -1.0346e+02
-8.3043e+01 -8.2798e+01 -8.1590e+01 -8.5450e+01
-8.3023e+01 -8.2586e+01 -7.9457e+01 -7.8458e+01
-8.3025e+01 -8.2610e+01 -7.9213e+01 -7.8457e+01
# New trial
-8.3050e+01 -8.2897e+01 -8.5747e+01 -1.3600e+02
-8.3040e+01 -8.2776e+01 -8.1835e+01 -8.8058e+01
-8.3030e+01 -8.2655e+01 -7.9911e+01 -7.8459e+01
-8.3041e+01 -8.2767e+01 -8.1698e+01 -1.0838e+02
# New trial
-8.3061e+01 -8.2962e+01 -8.2257e+01 -8.7988e+01
-8.3054e+01 -8.2893e+01 -8.1501e+01 -7.9288e+01
-8.3037e+01 -8.2726e+01 -8.0085e+01 -7.8467e+01
-8.3022e+01 -8.2568e+01 -7.8964e+01 -7.8457e+01
# New trial
-8.3065e+01 -8.3014e+01 -8.4282e+01 -1.2706e+02
-8.3059e+01 -8.2950e+01 -8.2677e+01 -9.9840e+01
-8.3038e+01 -8.2735e+01 -8.0180e+01 -7.8458e+01
-8.3023e+01 -8.2587e+01 -7.9036e+01 -7.8457e+01
# New trial
-8.3052e+01 -8.2904e+01 -8.4022e+01 -1.1702e+02
-8.3043e+01 -8.2804e+01 -8.2007e+01 -9.5382e+01
-8.3025e+01 -8.2613e+01 -7.9678e+01 -7.8475e+01
-8.3029e+01 -8.2646e+01 -8.0313e+01 -9.2476e+01
# New trial
-8.3061e+01 -8.2969e+01 -8.2800e+01 -9.9737e+01
-8.3054e+01 -8.2900e+01 -8.1991e+01 -8.9870e+01
-8.3033e+01 -8.2687e+01 -8.0053e+01 -7.8462e+01
-8.3014e+01 -8.2493e+01 -7.8738e+01 -7.8457e+01
# New trial
-8.3050e+01 -8.2855e+01 -8.1772e+01 -9.1616e+01
-8.3046e+01 -8.2813e+01 -8.1093e+01 -8.1647e+01
-8.3036e+01 -8.2713e+01 -8.0004e+01 -7.8746e+01
-8.3040e+01 -8.2753e+01 -8.0110e+01 -7.8457e+01
# New trial
