# 1.0sig - Array shape (trial/sig/alpha): (30, 4, 4)
-1.6594e+02 -1.6422e+02 -1.5762e+02 -3.6210e+02
-1.6583e+02 -1.6304e+02 -1.3933e+02 -1.3067e+02
-1.6555e+02 -1.6021e+02 -1.1198e+02 -8.7687e+01
-1.6526e+02 -1.5734e+02 -9.7378e+01 -8.7687e+01
# New trial
-1.6598e+02 -1.6454e+02 -1.5490e+02 -2.2530e+02
-1.6590e+02 -1.6375e+02 -1.4766e+02 -1.5207e+02
-1.6566e+02 -1.6132e+02 -1.2511e+02 -8.8568e+01
-1.6550e+02 -1.5971e+02 -1.1105e+02 -9.6311e+01
# New trial
-1.6598e+02 -1.6456e+02 -1.5448e+02 -2.6745e+02
-1.6590e+02 -1.6377e+02 -1.4561e+02 -1.1621e+02
-1.6569e+02 -1.6162e+02 -1.2526e+02 -1.0350e+02
-1.6550e+02 -1.5975e+02 -1.1134e+02 -1.0740e+02
# New trial
-1.6597e+02 -1.6444e+02 -1.5810e+02 -5.0894e+02
-1.6589e+02 -1.6361e+02 -1.4631e+02 -1.8991e+02
-1.6569e+02 -1.6165e+02 -1.2630e+02 -9.1416e+01
-1.6560e+02 -1.6076e+02 -1.2117e+02 -2.1882e+02
# New trial
-1.6588e+02 -1.6361e+02 -1.5628e+02 -4.5468e+02
-1.6578e+02 -1.6258e+02 -1.4009e+02 -2.7365e+02
-1.6556e+02 -1.6039e+02 -1.1827e+02 -8.8043e+01
-1.6541e+02 -1.5880e+02 -1.0716e+02 -1.0857e+02
# New trial
-1.6600e+02 -1.6477e+02 -1.5952e+02 -3.9755e+02
-1.6593e+02 -1.6401e+02 -1.4811e+02 -2.1106e+02
-1.6573e+02 -1.6200e+02 -1.2729e+02 -8.7753e+01
-1.6556e+02 -1.6030e+02 -1.1326e+02 -8.7687e+01
# New trial
-1.6607e+02 -1.6543e+02 -1.6275e+02 -3.9651e+02
-1.6602e+02 -1.6492e+02 -1.5446e+02 -1.6883e+02
-1.6593e+02 -1.6402e+02 -1.4546e+02 -1.0276e+02
-1.6589e+02 -1.6361e+02 -1.4145e+02 -1.1623e+02
# New trial
-1.6597e+02 -1.6454e+02 -1.6519e+02 -5.1395e+02
-1.6586e+02 -1.6339e+02 -1.4698e+02 -2.1099e+02
-1.6561e+02 -1.6088e+02 -1.2023e+02 -8.8122e+01
-1.6548e+02 -1.5955e+02 -1.0876e+02 -8.7851e+01
# New trial
-1.6580e+02 -1.6287e+02 -1.5483e+02 -3.6939e+02
-1.6561e+02 -1.6092e+02 -1.3388e+02 -2.2979e+02
-1.6516e+02 -1.5645e+02 -9.9830e+01 -8.8200e+01
-1.6492e+02 -1.5399e+02 -1.0086e+02 -1.7024e+02
# New trial
-1.6596e+02 -1.6441e+02 -1.5616e+02 -3.8539e+02
-1.6586e+02 -1.6331e+02 -1.4403e+02 -2.3577e+02
-1.6556e+02 -1.6030e+02 -1.1379e+02 -8.7690e+01
-1.6530e+02 -1.5775e+02 -1.0004e+02 -8.7687e+01
# New trial
-1.6586e+02 -1.6345e+02 -1.5272e+02 -3.3085e+02
-1.6576e+02 -1.6237e+02 -1.4199e+02 -2.7459e+02
-1.6546e+02 -1.5939e+02 -1.1160e+02 -1.0966e+02
-1.6531e+02 -1.5781e+02 -1.0289e+02 -1.1646e+02
# New trial
-1.6599e+02 -1.6474e+02 -1.7265e+02 -5.6747e+02
-1.6585e+02 -1.6323e+02 -1.4423e+02 -1.9508e+02
-1.6555e+02 -1.6026e+02 -1.1288e+02 -8.7687e+01
-1.6523e+02 -1.5704e+02 -9.6935e+01 -8.7687e+01
# New trial
-1.6602e+02 -1.6500e+02 -1.7455e+02 -6.1914e+02
-1.6588e+02 -1.6359e+02 -1.4751e+02 -2.3627e+02
-1.6568e+02 -1.6153e+02 -1.2487e+02 -8.9184e+01
-1.6562e+02 -1.6095e+02 -1.2078e+02 -1.5316e+02
# New trial
-1.6593e+02 -1.6435e+02 -2.0129e+02 -9.1706e+02
-1.6577e+02 -1.6256e+02 -1.4893e+02 -3.1543e+02
-1.6545e+02 -1.5926e+02 -1.1209e+02 -8.8862e+01
-1.6527e+02 -1.5751e+02 -1.1588e+02 -3.0081e+02
# New trial
-1.6601e+02 -1.6484e+02 -1.6450e+02 -5.3481e+02
-1.6593e+02 -1.6402e+02 -1.5084e+02 -2.5049e+02
-1.6571e+02 -1.6184e+02 -1.2587e+02 -8.7687e+01
-1.6557e+02 -1.6045e+02 -1.1426e+02 -8.7687e+01
# New trial
-1.6583e+02 -1.6329e+02 -1.8326e+02 -9.1726e+02
-1.6566e+02 -1.6169e+02 -1.5204e+02 -3.6737e+02
-1.6528e+02 -1.5770e+02 -1.0898e+02 -8.8452e+01
-1.6518e+02 -1.5660e+02 -1.0005e+02 -1.0291e+02
# New trial
-1.6594e+02 -1.6417e+02 -1.5501e+02 -2.9337e+02
-1.6581e+02 -1.6291e+02 -1.4418e+02 -2.6856e+02
-1.6544e+02 -1.5917e+02 -1.1501e+02 -8.9511e+01
-1.6517e+02 -1.5654e+02 -1.0205e+02 -1.3150e+02
# New trial
-1.6595e+02 -1.6426e+02 -1.5299e+02 -2.1226e+02
-1.6586e+02 -1.6337e+02 -1.4534e+02 -1.5646e+02
-1.6562e+02 -1.6093e+02 -1.2271e+02 -9.6761e+01
-1.6553e+02 -1.6003e+02 -1.2104e+02 -2.6427e+02
# New trial
-1.6600e+02 -1.6489e+02 -1.7930e+02 -6.6038e+02
-1.6589e+02 -1.6371e+02 -1.5735e+02 -3.5469e+02
-1.6558e+02 -1.6058e+02 -1.1617e+02 -8.7689e+01
-1.6537e+02 -1.5842e+02 -1.0268e+02 -8.7687e+01
# New trial
-1.6600e+02 -1.6474e+02 -1.6036e+02 -4.8480e+02
-1.6595e+02 -1.6420e+02 -1.4990e+02 -2.1313e+02
-1.6580e+02 -1.6269e+02 -1.3327e+02 -8.9806e+01
-1.6561e+02 -1.6085e+02 -1.1779e+02 -8.8984e+01
# New trial
-1.6595e+02 -1.6441e+02 -1.7099e+02 -5.3277e+02
-1.6579e+02 -1.6275e+02 -1.4407e+02 -1.9331e+02
-1.6558e+02 -1.6057e+02 -1.2067e+02 -8.9818e+01
-1.6565e+02 -1.6122e+02 -1.2115e+02 -8.8041e+01
# New trial
-1.6599e+02 -1.6460e+02 -1.6043e+02 -5.3387e+02
-1.6592e+02 -1.6390e+02 -1.4549e+02 -1.1619e+02
-1.6574e+02 -1.6216e+02 -1.2835e+02 -8.7815e+01
-1.6553e+02 -1.5997e+02 -1.1020e+02 -8.7687e+01
# New trial
-1.6596e+02 -1.6449e+02 -1.6781e+02 -4.9466e+02
-1.6578e+02 -1.6260e+02 -1.4308e+02 -2.6998e+02
-1.6548e+02 -1.5958e+02 -1.1533e+02 -8.8894e+01
-1.6544e+02 -1.5912e+02 -1.0833e+02 -9.0042e+01
# New trial
-1.6596e+02 -1.6449e+02 -1.6312e+02 -3.2707e+02
-1.6579e+02 -1.6270e+02 -1.4378e+02 -2.0525e+02
-1.6537e+02 -1.5848e+02 -1.0953e+02 -8.7993e+01
-1.6504e+02 -1.5519e+02 -9.8874e+01 -9.5788e+01
# New trial
-1.6599e+02 -1.6499e+02 -1.9726e+02 -8.8261e+02
-1.6580e+02 -1.6285e+02 -1.4837e+02 -2.2687e+02
-1.6540e+02 -1.5875e+02 -1.0859e+02 -8.7940e+01
-1.6515e+02 -1.5623e+02 -9.5739e+01 -8.7687e+01
# New trial
-1.6602e+02 -1.6490e+02 -1.5525e+02 -2.0077e+02
-1.6591e+02 -1.6382e+02 -1.4467e+02 -1.0680e+02
-1.6567e+02 -1.6144e+02 -1.2424e+02 -8.9448e+01
-1.6554e+02 -1.6010e+02 -1.1459e+02 -1.4205e+02
# New trial
-1.6592e+02 -1.6404e+02 -1.6418e+02 -5.7836e+02
-1.6584e+02 -1.6320e+02 -1.4520e+02 -2.4758e+02
-1.6564e+02 -1.6115e+02 -1.2240e+02 -8.9373e+01
-1.6552e+02 -1.5997e+02 -1.1348e+02 -1.1534e+02
# New trial
-1.6606e+02 -1.6555e+02 -1.7913e+02 -5.9915e+02
-1.6587e+02 -1.6361e+02 -1.5453e+02 -3.5707e+02
-1.6546e+02 -1.5933e+02 -1.1397e+02 -1.2018e+02
-1.6517e+02 -1.5643e+02 -9.8763e+01 -1.1273e+02
# New trial
-1.6598e+02 -1.6457e+02 -1.5684e+02 -3.3083e+02
-1.6586e+02 -1.6337e+02 -1.4229e+02 -1.5811e+02
-1.6559e+02 -1.6068e+02 -1.1645e+02 -8.7687e+01
-1.6550e+02 -1.5975e+02 -1.0953e+02 -8.7687e+01
# New trial
-1.6593e+02 -1.6401e+02 -1.5069e+02 -3.1600e+02
-1.6585e+02 -1.6327e+02 -1.4099e+02 -1.1619e+02
-1.6564e+02 -1.6114e+02 -1.1933e+02 -8.7687e+01
-1.6546e+02 -1.5934e+02 -1.0687e+02 -8.7687e+01
# New trial
