# 1.0sig - Array shape (trial/sig/alpha): (30, 4, 4)
-1.7536e+02 -1.7521e+02 -1.7429e+02 -1.9292e+02
-1.7535e+02 -1.7510e+02 -1.7284e+02 -1.7063e+02
-1.7531e+02 -1.7477e+02 -1.6984e+02 -1.6617e+02
-1.7526e+02 -1.7426e+02 -1.6758e+02 -1.6752e+02
# New trial
-1.7536e+02 -1.7519e+02 -1.7376e+02 -1.7260e+02
-1.7535e+02 -1.7512e+02 -1.7309e+02 -1.6989e+02
-1.7532e+02 -1.7485e+02 -1.7056e+02 -1.6614e+02
-1.7529e+02 -1.7449e+02 -1.6771e+02 -1.6614e+02
# New trial
-1.7536e+02 -1.7519e+02 -1.7366e+02 -1.7277e+02
-1.7535e+02 -1.7512e+02 -1.7296e+02 -1.6981e+02
-1.7533e+02 -1.7489e+02 -1.7075e+02 -1.6615e+02
-1.7529e+02 -1.7451e+02 -1.6780e+02 -1.6614e+02
# New trial
-1.7536e+02 -1.7521e+02 -1.7409e+02 -1.9992e+02
-1.7535e+02 -1.7514e+02 -1.7334e+02 -1.7351e+02
-1.7533e+02 -1.7492e+02 -1.7122e+02 -1.6615e+02
-1.7531e+02 -1.7475e+02 -1.6978e+02 -1.6908e+02
# New trial
-1.7535e+02 -1.7514e+02 -1.7426e+02 -2.0904e+02
-1.7534e+02 -1.7502e+02 -1.7244e+02 -1.8134e+02
-1.7531e+02 -1.7475e+02 -1.6986e+02 -1.6632e+02
-1.7529e+02 -1.7452e+02 -1.6865e+02 -1.6858e+02
# New trial
-1.7536e+02 -1.7521e+02 -1.7413e+02 -1.9630e+02
-1.7535e+02 -1.7513e+02 -1.7310e+02 -1.7029e+02
-1.7533e+02 -1.7491e+02 -1.7095e+02 -1.6614e+02
-1.7530e+02 -1.7461e+02 -1.6846e+02 -1.6614e+02
# New trial
-1.7537e+02 -1.7533e+02 -1.7513e+02 -1.9109e+02
-1.7537e+02 -1.7529e+02 -1.7454e+02 -1.7577e+02
-1.7535e+02 -1.7517e+02 -1.7338e+02 -1.6700e+02
-1.7534e+02 -1.7505e+02 -1.7225e+02 -1.6620e+02
# New trial
-1.7536e+02 -1.7521e+02 -1.7477e+02 -2.0986e+02
-1.7535e+02 -1.7510e+02 -1.7318e+02 -1.8092e+02
-1.7532e+02 -1.7483e+02 -1.7057e+02 -1.6617e+02
-1.7528e+02 -1.7448e+02 -1.6790e+02 -1.6614e+02
# New trial
-1.7533e+02 -1.7497e+02 -1.7259e+02 -1.8168e+02
-1.7531e+02 -1.7479e+02 -1.7077e+02 -1.6777e+02
-1.7528e+02 -1.7445e+02 -1.6822e+02 -1.6615e+02
-1.7528e+02 -1.7440e+02 -1.6748e+02 -1.6614e+02
# New trial
-1.7535e+02 -1.7515e+02 -1.7337e+02 -1.8143e+02
-1.7534e+02 -1.7504e+02 -1.7229e+02 -1.6810e+02
-1.7532e+02 -1.7481e+02 -1.6998e+02 -1.6614e+02
-1.7530e+02 -1.7463e+02 -1.6880e+02 -1.6615e+02
# New trial
-1.7535e+02 -1.7514e+02 -1.7389e+02 -1.9771e+02
-1.7534e+02 -1.7501e+02 -1.7265e+02 -1.8101e+02
-1.7531e+02 -1.7473e+02 -1.6960e+02 -1.6615e+02
-1.7532e+02 -1.7478e+02 -1.6978e+02 -1.6614e+02
# New trial
-1.7536e+02 -1.7525e+02 -1.7491e+02 -2.0407e+02
-1.7535e+02 -1.7511e+02 -1.7300e+02 -1.8158e+02
-1.7532e+02 -1.7482e+02 -1.7020e+02 -1.6618e+02
-1.7528e+02 -1.7441e+02 -1.6740e+02 -1.6614e+02
# New trial
-1.7536e+02 -1.7528e+02 -1.7537e+02 -2.2143e+02
-1.7535e+02 -1.7515e+02 -1.7340e+02 -1.7632e+02
-1.7533e+02 -1.7492e+02 -1.7128e+02 -1.6713e+02
-1.7532e+02 -1.7486e+02 -1.7082e+02 -1.7942e+02
# New trial
-1.7535e+02 -1.7515e+02 -1.7651e+02 -2.4982e+02
-1.7534e+02 -1.7501e+02 -1.7271e+02 -1.8536e+02
-1.7530e+02 -1.7467e+02 -1.6932e+02 -1.6615e+02
-1.7528e+02 -1.7439e+02 -1.6867e+02 -1.7668e+02
# New trial
-1.7536e+02 -1.7523e+02 -1.7462e+02 -2.0935e+02
-1.7535e+02 -1.7514e+02 -1.7332e+02 -1.7789e+02
-1.7533e+02 -1.7492e+02 -1.7108e+02 -1.6615e+02
-1.7531e+02 -1.7473e+02 -1.6934e+02 -1.6614e+02
# New trial
-1.7535e+02 -1.7516e+02 -1.7697e+02 -2.3827e+02
-1.7533e+02 -1.7497e+02 -1.7352e+02 -1.9374e+02
-1.7529e+02 -1.7452e+02 -1.6872e+02 -1.6615e+02
-1.7527e+02 -1.7435e+02 -1.6756e+02 -1.6614e+02
# New trial
-1.7536e+02 -1.7522e+02 -1.7434e+02 -1.8702e+02
-1.7534e+02 -1.7508e+02 -1.7287e+02 -1.8381e+02
-1.7530e+02 -1.7465e+02 -1.6905e+02 -1.6616e+02
-1.7527e+02 -1.7437e+02 -1.6735e+02 -1.6614e+02
# New trial
-1.7536e+02 -1.7519e+02 -1.7373e+02 -1.7769e+02
-1.7535e+02 -1.7509e+02 -1.7287e+02 -1.7254e+02
-1.7532e+02 -1.7481e+02 -1.7023e+02 -1.6614e+02
-1.7530e+02 -1.7461e+02 -1.6860e+02 -1.6614e+02
# New trial
-1.7536e+02 -1.7522e+02 -1.7518e+02 -2.1459e+02
-1.7535e+02 -1.7511e+02 -1.7349e+02 -1.8770e+02
-1.7532e+02 -1.7480e+02 -1.7024e+02 -1.6628e+02
-1.7529e+02 -1.7449e+02 -1.6853e+02 -1.7011e+02
# New trial
-1.7536e+02 -1.7521e+02 -1.7414e+02 -1.9965e+02
-1.7535e+02 -1.7517e+02 -1.7343e+02 -1.7428e+02
-1.7534e+02 -1.7503e+02 -1.7203e+02 -1.6615e+02
-1.7532e+02 -1.7488e+02 -1.7060e+02 -1.6614e+02
# New trial
-1.7536e+02 -1.7524e+02 -1.7527e+02 -2.0518e+02
-1.7534e+02 -1.7508e+02 -1.7293e+02 -1.7285e+02
-1.7532e+02 -1.7482e+02 -1.7038e+02 -1.6615e+02
-1.7531e+02 -1.7472e+02 -1.6934e+02 -1.6614e+02
# New trial
-1.7536e+02 -1.7523e+02 -1.7431e+02 -2.0421e+02
-1.7535e+02 -1.7517e+02 -1.7341e+02 -1.6785e+02
-1.7534e+02 -1.7503e+02 -1.7203e+02 -1.6683e+02
-1.7532e+02 -1.7485e+02 -1.7045e+02 -1.6641e+02
# New trial
-1.7535e+02 -1.7517e+02 -1.7442e+02 -1.9412e+02
-1.7534e+02 -1.7499e+02 -1.7225e+02 -1.8234e+02
-1.7531e+02 -1.7470e+02 -1.6972e+02 -1.6615e+02
-1.7531e+02 -1.7472e+02 -1.6974e+02 -1.6861e+02
# New trial
-1.7535e+02 -1.7516e+02 -1.7409e+02 -1.8534e+02
-1.7534e+02 -1.7500e+02 -1.7242e+02 -1.7495e+02
-1.7529e+02 -1.7456e+02 -1.6865e+02 -1.6614e+02
-1.7524e+02 -1.7403e+02 -1.6652e+02 -1.6614e+02
# New trial
-1.7535e+02 -1.7518e+02 -1.7644e+02 -2.3172e+02
-1.7533e+02 -1.7497e+02 -1.7223e+02 -1.7277e+02
-1.7529e+02 -1.7454e+02 -1.6829e+02 -1.6614e+02
-1.7526e+02 -1.7421e+02 -1.6681e+02 -1.6614e+02
# New trial
-1.7536e+02 -1.7524e+02 -1.7405e+02 -1.7216e+02
-1.7535e+02 -1.7515e+02 -1.7326e+02 -1.7047e+02
-1.7533e+02 -1.7493e+02 -1.7117e+02 -1.6621e+02
-1.7530e+02 -1.7463e+02 -1.6859e+02 -1.6614e+02
# New trial
-1.7535e+02 -1.7513e+02 -1.7384e+02 -2.0746e+02
-1.7534e+02 -1.7506e+02 -1.7262e+02 -1.7010e+02
-1.7532e+02 -1.7488e+02 -1.7081e+02 -1.6626e+02
-1.7532e+02 -1.7487e+02 -1.7094e+02 -1.8375e+02
# New trial
-1.7535e+02 -1.7516e+02 -1.7455e+02 -1.9889e+02
-1.7534e+02 -1.7499e+02 -1.7236e+02 -1.7818e+02
-1.7530e+02 -1.7461e+02 -1.6881e+02 -1.6614e+02
-1.7527e+02 -1.7432e+02 -1.6788e+02 -1.6773e+02
# New trial
-1.7536e+02 -1.7522e+02 -1.7412e+02 -1.8368e+02
-1.7535e+02 -1.7512e+02 -1.7313e+02 -1.7773e+02
-1.7532e+02 -1.7484e+02 -1.7056e+02 -1.6617e+02
-1.7529e+02 -1.7458e+02 -1.6871e+02 -1.6676e+02
# New trial
-1.7536e+02 -1.7519e+02 -1.7386e+02 -1.8794e+02
-1.7535e+02 -1.7512e+02 -1.7301e+02 -1.7413e+02
-1.7532e+02 -1.7486e+02 -1.7052e+02 -1.6614e+02
-1.7529e+02 -1.7449e+02 -1.6769e+02 -1.6614e+02
# New trial
