# 1.0sig - Array shape (trial/sig/alpha): (30L, 4L, 4L)
-5.9889e+01 -5.9263e+01 -7.9907e+01 -4.5426e+02
-5.9916e+01 -5.9359e+01 -6.8137e+01 -3.1016e+02
-5.9864e+01 -5.8714e+01 -5.3520e+01 -2.1726e+02
-5.9828e+01 -5.8321e+01 -4.8984e+01 -8.8528e+01
# New trial
-5.9838e+01 -5.8666e+01 -6.6748e+01 -3.1571e+02
-5.9851e+01 -5.8679e+01 -5.4948e+01 -1.2647e+02
-5.9879e+01 -5.8889e+01 -5.3090e+01 -1.4833e+02
-5.9933e+01 -5.9368e+01 -5.4059e+01 -6.1852e+01
# New trial
-5.9936e+01 -5.9606e+01 -7.7933e+01 -4.8299e+02
-5.9933e+01 -5.9512e+01 -6.5948e+01 -2.8076e+02
-5.9909e+01 -5.9184e+01 -5.6561e+01 -2.0577e+02
-5.9882e+01 -5.8864e+01 -5.1778e+01 -1.5078e+02
# New trial
-5.9828e+01 -5.8470e+01 -6.1160e+01 -3.1809e+02
-5.9868e+01 -5.8849e+01 -5.9347e+01 -2.1744e+02
-5.9879e+01 -5.8867e+01 -5.2178e+01 -1.2825e+02
-5.9904e+01 -5.9079e+01 -5.2177e+01 -5.7802e+01
# New trial
-5.9885e+01 -5.9342e+01 -9.5595e+01 -6.5492e+02
-5.9836e+01 -5.8609e+01 -6.2501e+01 -2.6567e+02
-5.9836e+01 -5.8454e+01 -5.1688e+01 -2.1299e+02
-5.9877e+01 -5.8816e+01 -5.1240e+01 -7.7491e+01
# New trial
-5.9839e+01 -5.8684e+01 -6.5591e+01 -3.2215e+02
-5.9889e+01 -5.9063e+01 -6.1266e+01 -2.5172e+02
-5.9890e+01 -5.8971e+01 -5.3140e+01 -1.4490e+02
-5.9924e+01 -5.9275e+01 -5.3462e+01 -1.2734e+02
# New trial
-5.9958e+01 -5.9780e+01 -7.4200e+01 -4.0286e+02
-5.9954e+01 -5.9625e+01 -6.0451e+01 -2.1125e+02
-5.9945e+01 -5.9495e+01 -5.6171e+01 -1.0660e+02
-5.9966e+01 -5.9693e+01 -5.7058e+01 -5.3418e+01
# New trial
-5.9955e+01 -5.9880e+01 -8.5917e+01 -5.4817e+02
-5.9898e+01 -5.9168e+01 -6.4251e+01 -3.0121e+02
-5.9854e+01 -5.8633e+01 -5.2204e+01 -1.5381e+02
-5.9933e+01 -5.9380e+01 -5.5245e+01 -1.4570e+02
# New trial
-5.9797e+01 -5.9156e+01 -9.3119e+01 -5.8047e+02
-5.9794e+01 -5.8636e+01 -8.0098e+01 -5.0368e+02
-5.9749e+01 -5.7699e+01 -5.9361e+01 -3.6756e+02
-5.9913e+01 -5.9172e+01 -5.3086e+01 -6.1020e+01
# New trial
-5.9890e+01 -5.9254e+01 -7.0917e+01 -3.3304e+02
-5.9918e+01 -5.9391e+01 -6.6673e+01 -2.8956e+02
-5.9855e+01 -5.8636e+01 -5.2655e+01 -1.9259e+02
-5.9856e+01 -5.8603e+01 -5.1336e+01 -1.9959e+02
# New trial
-5.9823e+01 -5.8880e+01 -8.6781e+01 -5.4930e+02
-5.9840e+01 -5.8838e+01 -7.7757e+01 -4.6439e+02
-5.9822e+01 -5.8325e+01 -5.2524e+01 -2.3064e+02
-5.9877e+01 -5.8818e+01 -5.2602e+01 -2.4351e+02
# New trial
-5.9919e+01 -5.9954e+01 -9.8494e+01 -6.5334e+02
-5.9903e+01 -5.9243e+01 -6.7936e+01 -3.2811e+02
-5.9850e+01 -5.8560e+01 -5.0631e+01 -2.1625e+02
-5.9863e+01 -5.8664e+01 -4.9231e+01 -9.9422e+01
# New trial
-5.9905e+01 -5.9389e+01 -8.1326e+01 -4.8897e+02
-5.9872e+01 -5.8891e+01 -5.9542e+01 -1.8724e+02
-5.9880e+01 -5.8871e+01 -5.2545e+01 -1.3346e+02
-5.9912e+01 -5.9156e+01 -5.2808e+01 -7.0419e+01
# New trial
-5.9790e+01 -5.9021e+01 -1.1797e+02 -8.9912e+02
-5.9782e+01 -5.8429e+01 -7.8020e+01 -4.4619e+02
-5.9798e+01 -5.8131e+01 -5.1260e+01 -2.2182e+02
-5.9906e+01 -5.9106e+01 -5.3255e+01 -1.5638e+02
# New trial
-5.9815e+01 -5.8574e+01 -7.8362e+01 -5.0896e+02
-5.9875e+01 -5.8942e+01 -6.1853e+01 -2.2643e+02
-5.9909e+01 -5.9156e+01 -5.4464e+01 -1.5683e+02
-5.9931e+01 -5.9347e+01 -5.4001e+01 -7.8756e+01
# New trial
-5.9773e+01 -5.8845e+01 -1.0120e+02 -7.3184e+02
-5.9796e+01 -5.8593e+01 -7.1556e+01 -3.9817e+02
-5.9814e+01 -5.8375e+01 -5.4636e+01 -2.4015e+02
-5.9918e+01 -5.9260e+01 -5.4982e+01 -1.9738e+02
# New trial
-5.9807e+01 -5.8601e+01 -7.5389e+01 -4.1910e+02
-5.9803e+01 -5.8382e+01 -6.1909e+01 -2.7847e+02
-5.9766e+01 -5.7847e+01 -5.4481e+01 -2.6449e+02
-5.9921e+01 -5.9262e+01 -5.5168e+01 -1.9777e+02
# New trial
-5.9812e+01 -5.8476e+01 -6.6870e+01 -3.1298e+02
-5.9820e+01 -5.8482e+01 -6.0971e+01 -2.4342e+02
-5.9849e+01 -5.8614e+01 -5.2946e+01 -1.5183e+02
-5.9920e+01 -5.9250e+01 -5.4352e+01 -1.6925e+02
# New trial
-5.9823e+01 -5.8613e+01 -8.4730e+01 -5.6614e+02
-5.9863e+01 -5.8866e+01 -6.8303e+01 -3.6166e+02
-5.9850e+01 -5.8598e+01 -5.3168e+01 -2.0231e+02
-5.9854e+01 -5.8587e+01 -5.0454e+01 -9.1937e+01
# New trial
-5.9972e+01 -6.0069e+01 -8.7356e+01 -5.4875e+02
-5.9955e+01 -5.9732e+01 -7.0845e+01 -3.5724e+02
-5.9914e+01 -5.9203e+01 -5.5476e+01 -1.5959e+02
-5.9918e+01 -5.9214e+01 -5.2752e+01 -8.5758e+01
# New trial
-5.9852e+01 -5.9115e+01 -9.3798e+01 -6.2593e+02
-5.9810e+01 -5.8414e+01 -5.9719e+01 -2.0863e+02
-5.9880e+01 -5.8903e+01 -5.2906e+01 -1.3266e+02
-5.9967e+01 -5.9700e+01 -5.7139e+01 -5.5614e+01
# New trial
-5.9881e+01 -5.8970e+01 -7.0627e+01 -4.4817e+02
-5.9904e+01 -5.9129e+01 -5.7741e+01 -1.9657e+02
-5.9878e+01 -5.8832e+01 -5.0488e+01 -1.1561e+02
-5.9898e+01 -5.9016e+01 -5.1565e+01 -4.7377e+01
# New trial
-5.9884e+01 -5.9812e+01 -1.0846e+02 -7.6563e+02
-5.9825e+01 -5.8800e+01 -7.0914e+01 -3.5782e+02
-5.9828e+01 -5.8471e+01 -5.2227e+01 -1.4681e+02
-5.9889e+01 -5.8962e+01 -5.2384e+01 -1.1088e+02
# New trial
-5.9859e+01 -5.9439e+01 -9.0900e+01 -5.8070e+02
-5.9857e+01 -5.8984e+01 -6.8353e+01 -3.0854e+02
-5.9807e+01 -5.8197e+01 -4.9280e+01 -1.2596e+02
-5.9808e+01 -5.8133e+01 -4.8636e+01 -5.5472e+01
# New trial
-5.9978e+01 -6.0244e+01 -9.2016e+01 -5.7625e+02
-5.9941e+01 -5.9655e+01 -6.9966e+01 -3.4738e+02
-5.9851e+01 -5.8609e+01 -5.4211e+01 -2.0487e+02
-5.9935e+01 -5.9384e+01 -5.4628e+01 -9.8712e+01
# New trial
-5.9887e+01 -5.9067e+01 -6.5585e+01 -2.9681e+02
-5.9860e+01 -5.8727e+01 -5.4560e+01 -1.5506e+02
-5.9864e+01 -5.8706e+01 -5.0651e+01 -1.2274e+02
-5.9954e+01 -5.9574e+01 -5.5912e+01 -4.8187e+01
# New trial
-5.9771e+01 -5.8005e+01 -6.3069e+01 -3.1477e+02
-5.9854e+01 -5.8711e+01 -5.8356e+01 -2.0003e+02
-5.9893e+01 -5.9006e+01 -5.3354e+01 -1.1548e+02
-5.9943e+01 -5.9463e+01 -5.5067e+01 -5.9084e+01
# New trial
-5.9932e+01 -6.0463e+01 -1.1913e+02 -8.9099e+02
-5.9908e+01 -5.9591e+01 -7.9680e+01 -4.5340e+02
-5.9848e+01 -5.8616e+01 -5.6902e+01 -2.6653e+02
-5.9906e+01 -5.9100e+01 -5.2291e+01 -1.3783e+02
# New trial
-5.9883e+01 -5.9287e+01 -8.1376e+01 -4.6966e+02
-5.9840e+01 -5.8645e+01 -5.9817e+01 -2.0140e+02
-5.9841e+01 -5.8537e+01 -5.2217e+01 -1.4852e+02
-5.9891e+01 -5.8964e+01 -5.2313e+01 -1.1023e+02
# New trial
-5.9868e+01 -5.8984e+01 -8.3430e+01 -5.6328e+02
-5.9872e+01 -5.8905e+01 -6.4167e+01 -2.9715e+02
-5.9869e+01 -5.8765e+01 -5.1743e+01 -1.6948e+02
-5.9873e+01 -5.8765e+01 -5.0664e+01 -1.0579e+02
# New trial
