# 10.0sig - Array shape (trial/sig/alpha): (30, 4, 4)
-1.5227e+02 -1.5205e+02 -1.5081e+02 -2.3169e+02
-1.5228e+02 -1.5207e+02 -1.5077e+02 -2.3412e+02
-1.5226e+02 -1.5193e+02 -1.4880e+02 -1.6531e+02
-1.5223e+02 -1.5159e+02 -1.4533e+02 -1.3784e+02
# New trial
-1.5230e+02 -1.5245e+02 -1.6814e+02 -4.6060e+02
-1.5226e+02 -1.5203e+02 -1.5695e+02 -2.9953e+02
-1.5218e+02 -1.5113e+02 -1.4339e+02 -1.6602e+02
-1.5209e+02 -1.5026e+02 -1.3348e+02 -1.2461e+02
# New trial
-1.5229e+02 -1.5219e+02 -1.5410e+02 -2.8761e+02
-1.5227e+02 -1.5197e+02 -1.5014e+02 -2.0731e+02
-1.5221e+02 -1.5137e+02 -1.4345e+02 -1.3349e+02
-1.5213e+02 -1.5057e+02 -1.3594e+02 -1.2461e+02
# New trial
-1.5227e+02 -1.5203e+02 -1.5030e+02 -1.9375e+02
-1.5226e+02 -1.5189e+02 -1.4898e+02 -1.8363e+02
-1.5220e+02 -1.5128e+02 -1.4251e+02 -1.2706e+02
-1.5212e+02 -1.5050e+02 -1.3539e+02 -1.2461e+02
# New trial
-1.5230e+02 -1.5239e+02 -1.5803e+02 -3.3245e+02
-1.5228e+02 -1.5212e+02 -1.5228e+02 -2.5231e+02
-1.5224e+02 -1.5170e+02 -1.4694e+02 -1.5234e+02
-1.5219e+02 -1.5125e+02 -1.4228e+02 -1.4252e+02
# New trial
-1.5228e+02 -1.5207e+02 -1.5102e+02 -1.9430e+02
-1.5226e+02 -1.5187e+02 -1.4881e+02 -1.9478e+02
-1.5220e+02 -1.5130e+02 -1.4284e+02 -1.4737e+02
-1.5212e+02 -1.5051e+02 -1.3561e+02 -1.2516e+02
# New trial
-1.5229e+02 -1.5225e+02 -1.5241e+02 -2.5968e+02
-1.5229e+02 -1.5218e+02 -1.5141e+02 -2.1002e+02
-1.5226e+02 -1.5191e+02 -1.4875e+02 -1.8843e+02
-1.5221e+02 -1.5140e+02 -1.4352e+02 -1.2488e+02
# New trial
-1.5228e+02 -1.5216e+02 -1.5458e+02 -2.8079e+02
-1.5227e+02 -1.5200e+02 -1.5252e+02 -2.5520e+02
-1.5222e+02 -1.5147e+02 -1.4517e+02 -1.5189e+02
-1.5215e+02 -1.5083e+02 -1.3812e+02 -1.2461e+02
# New trial
-1.5233e+02 -1.5272e+02 -1.7152e+02 -4.8505e+02
-1.5229e+02 -1.5227e+02 -1.5632e+02 -3.0529e+02
-1.5222e+02 -1.5149e+02 -1.4508e+02 -1.7848e+02
-1.5214e+02 -1.5073e+02 -1.3791e+02 -1.4197e+02
# New trial
-1.5228e+02 -1.5209e+02 -1.5107e+02 -2.1382e+02
-1.5227e+02 -1.5196e+02 -1.4918e+02 -1.5624e+02
-1.5224e+02 -1.5169e+02 -1.4641e+02 -1.5401e+02
-1.5220e+02 -1.5133e+02 -1.4287e+02 -1.3363e+02
# New trial
-1.5231e+02 -1.5245e+02 -1.6331e+02 -4.1110e+02
-1.5226e+02 -1.5190e+02 -1.5347e+02 -3.3425e+02
-1.5218e+02 -1.5114e+02 -1.4210e+02 -1.5501e+02
-1.5210e+02 -1.5036e+02 -1.3470e+02 -1.2472e+02
# New trial
-1.5233e+02 -1.5273e+02 -1.6863e+02 -4.4111e+02
-1.5229e+02 -1.5220e+02 -1.5233e+02 -1.9826e+02
-1.5225e+02 -1.5184e+02 -1.4804e+02 -1.6021e+02
-1.5222e+02 -1.5148e+02 -1.4439e+02 -1.4243e+02
# New trial
-1.5227e+02 -1.5205e+02 -1.5553e+02 -3.3351e+02
-1.5225e+02 -1.5179e+02 -1.4978e+02 -2.2088e+02
-1.5218e+02 -1.5116e+02 -1.4194e+02 -1.4369e+02
-1.5211e+02 -1.5042e+02 -1.3515e+02 -1.2849e+02
# New trial
-1.5231e+02 -1.5246e+02 -1.5599e+02 -2.7508e+02
-1.5229e+02 -1.5226e+02 -1.5282e+02 -2.1574e+02
-1.5224e+02 -1.5171e+02 -1.4721e+02 -1.9177e+02
-1.5217e+02 -1.5100e+02 -1.4025e+02 -1.5461e+02
# New trial
-1.5230e+02 -1.5238e+02 -1.5852e+02 -3.1372e+02
-1.5228e+02 -1.5210e+02 -1.5336e+02 -2.4058e+02
-1.5221e+02 -1.5142e+02 -1.4426e+02 -1.4163e+02
-1.5214e+02 -1.5069e+02 -1.3695e+02 -1.2461e+02
# New trial
-1.5232e+02 -1.5264e+02 -1.7001e+02 -4.7140e+02
-1.5228e+02 -1.5219e+02 -1.5593e+02 -2.8685e+02
-1.5220e+02 -1.5131e+02 -1.4526e+02 -2.0125e+02
-1.5210e+02 -1.5033e+02 -1.3540e+02 -1.5309e+02
# New trial
-1.5228e+02 -1.5220e+02 -1.6357e+02 -4.2736e+02
-1.5225e+02 -1.5184e+02 -1.5145e+02 -2.4707e+02
-1.5218e+02 -1.5116e+02 -1.4394e+02 -2.1075e+02
-1.5211e+02 -1.5040e+02 -1.3447e+02 -1.2461e+02
# New trial
-1.5229e+02 -1.5219e+02 -1.5341e+02 -2.8546e+02
-1.5226e+02 -1.5193e+02 -1.4952e+02 -2.2140e+02
-1.5220e+02 -1.5135e+02 -1.4397e+02 -1.8095e+02
-1.5212e+02 -1.5050e+02 -1.3560e+02 -1.2921e+02
# New trial
-1.5229e+02 -1.5221e+02 -1.5258e+02 -2.1721e+02
-1.5227e+02 -1.5204e+02 -1.4988e+02 -1.4982e+02
-1.5225e+02 -1.5179e+02 -1.4729e+02 -1.2730e+02
-1.5221e+02 -1.5141e+02 -1.4351e+02 -1.2461e+02
# New trial
-1.5232e+02 -1.5255e+02 -1.6322e+02 -3.9244e+02
-1.5229e+02 -1.5220e+02 -1.5273e+02 -2.4822e+02
-1.5223e+02 -1.5161e+02 -1.4593e+02 -1.5235e+02
-1.5216e+02 -1.5087e+02 -1.3888e+02 -1.3270e+02
# New trial
-1.5230e+02 -1.5229e+02 -1.5476e+02 -2.8941e+02
-1.5227e+02 -1.5204e+02 -1.5015e+02 -1.8148e+02
-1.5223e+02 -1.5158e+02 -1.4531e+02 -1.3790e+02
-1.5216e+02 -1.5091e+02 -1.3886e+02 -1.2461e+02
# New trial
-1.5229e+02 -1.5224e+02 -1.5276e+02 -2.3157e+02
-1.5228e+02 -1.5216e+02 -1.5245e+02 -2.3759e+02
-1.5224e+02 -1.5169e+02 -1.4755e+02 -2.0592e+02
-1.5217e+02 -1.5102e+02 -1.4057e+02 -1.4708e+02
# New trial
-1.5229e+02 -1.5226e+02 -1.5319e+02 -2.2117e+02
-1.5228e+02 -1.5209e+02 -1.5102e+02 -1.8018e+02
-1.5223e+02 -1.5157e+02 -1.4538e+02 -1.3407e+02
-1.5216e+02 -1.5086e+02 -1.3855e+02 -1.2462e+02
# New trial
-1.5229e+02 -1.5229e+02 -1.5706e+02 -2.9306e+02
-1.5227e+02 -1.5203e+02 -1.5426e+02 -2.6504e+02
-1.5219e+02 -1.5127e+02 -1.4368e+02 -1.6243e+02
-1.5208e+02 -1.5014e+02 -1.3286e+02 -1.2466e+02
# New trial
-1.5230e+02 -1.5234e+02 -1.5908e+02 -3.3536e+02
-1.5227e+02 -1.5202e+02 -1.5377e+02 -2.7830e+02
-1.5219e+02 -1.5122e+02 -1.4365e+02 -1.8116e+02
-1.5211e+02 -1.5043e+02 -1.3516e+02 -1.2488e+02
# New trial
-1.5233e+02 -1.5273e+02 -1.7183e+02 -4.8247e+02
-1.5227e+02 -1.5205e+02 -1.5826e+02 -3.5557e+02
-1.5215e+02 -1.5082e+02 -1.3907e+02 -1.3645e+02
-1.5201e+02 -1.4940e+02 -1.2815e+02 -1.2461e+02
# New trial
-1.5238e+02 -1.5323e+02 -1.7448e+02 -4.7502e+02
-1.5231e+02 -1.5246e+02 -1.5733e+02 -3.0015e+02
-1.5223e+02 -1.5161e+02 -1.4714e+02 -2.1846e+02
-1.5215e+02 -1.5078e+02 -1.3868e+02 -1.3758e+02
# New trial
-1.5227e+02 -1.5204e+02 -1.5000e+02 -1.9078e+02
-1.5226e+02 -1.5193e+02 -1.4892e+02 -1.9199e+02
-1.5222e+02 -1.5152e+02 -1.4475e+02 -1.3581e+02
-1.5216e+02 -1.5093e+02 -1.3911e+02 -1.2463e+02
# New trial
-1.5227e+02 -1.5206e+02 -1.5750e+02 -3.7197e+02
-1.5225e+02 -1.5184e+02 -1.5127e+02 -2.4784e+02
-1.5217e+02 -1.5107e+02 -1.4184e+02 -1.5775e+02
-1.5209e+02 -1.5024e+02 -1.3320e+02 -1.2461e+02
# New trial
-1.5230e+02 -1.5230e+02 -1.5439e+02 -2.8223e+02
-1.5229e+02 -1.5221e+02 -1.5233e+02 -2.3979e+02
-1.5226e+02 -1.5188e+02 -1.4888e+02 -2.1966e+02
-1.5221e+02 -1.5137e+02 -1.4396e+02 -1.9519e+02
# New trial
