# 10.0sig - Array shape (trial/sig/alpha): (30, 4, 4)
-1.6141e+02 -1.6045e+02 -1.6859e+02 -8.0976e+02
-1.6141e+02 -1.6037e+02 -1.6066e+02 -6.9756e+02
-1.6132e+02 -1.5945e+02 -1.4304e+02 -2.2864e+02
-1.6116e+02 -1.5779e+02 -1.2487e+02 -5.5309e+01
# New trial
-1.6149e+02 -1.6263e+02 -2.6895e+02 -2.0688e+03
-1.6136e+02 -1.6086e+02 -2.1478e+02 -1.3075e+03
-1.6113e+02 -1.5772e+02 -1.3973e+02 -4.3815e+02
-1.6074e+02 -1.5371e+02 -8.8217e+01 -7.4932e+01
# New trial
-1.6146e+02 -1.6112e+02 -1.9867e+02 -1.2290e+03
-1.6139e+02 -1.6036e+02 -1.7319e+02 -8.2160e+02
-1.6111e+02 -1.5740e+02 -1.2857e+02 -4.0183e+02
-1.6074e+02 -1.5371e+02 -9.2188e+01 -2.0596e+02
# New trial
-1.6131e+02 -1.5945e+02 -1.6227e+02 -7.7671e+02
-1.6128e+02 -1.5918e+02 -1.5691e+02 -6.0964e+02
-1.6105e+02 -1.5683e+02 -1.2227e+02 -2.1165e+02
-1.6072e+02 -1.5342e+02 -8.7147e+01 -6.6203e+01
# New trial
-1.6150e+02 -1.6241e+02 -2.4933e+02 -1.9444e+03
-1.6137e+02 -1.6033e+02 -1.7771e+02 -8.4310e+02
-1.6122e+02 -1.5852e+02 -1.3804e+02 -3.0063e+02
-1.6102e+02 -1.5650e+02 -1.1297e+02 -5.9908e+01
# New trial
-1.6141e+02 -1.6072e+02 -1.8641e+02 -8.3553e+02
-1.6133e+02 -1.5970e+02 -1.6043e+02 -5.5358e+02
-1.6105e+02 -1.5681e+02 -1.2526e+02 -4.5145e+02
-1.6067e+02 -1.5292e+02 -8.4161e+01 -1.4702e+02
# New trial
-1.6136e+02 -1.6002e+02 -1.6265e+02 -8.0316e+02
-1.6139e+02 -1.6023e+02 -1.5722e+02 -6.1337e+02
-1.6131e+02 -1.5940e+02 -1.4267e+02 -3.4061e+02
-1.6116e+02 -1.5787e+02 -1.2579e+02 -1.0011e+02
# New trial
-1.6134e+02 -1.6062e+02 -2.0680e+02 -1.2889e+03
-1.6134e+02 -1.6004e+02 -1.7817e+02 -9.5451e+02
-1.6119e+02 -1.5823e+02 -1.3905e+02 -3.7035e+02
-1.6093e+02 -1.5560e+02 -1.0564e+02 -9.3908e+01
# New trial
-1.6166e+02 -1.6429e+02 -3.2055e+02 -2.6650e+03
-1.6156e+02 -1.6252e+02 -2.2375e+02 -1.3771e+03
-1.6113e+02 -1.5766e+02 -1.4149e+02 -7.1218e+02
-1.6068e+02 -1.5304e+02 -8.8480e+01 -2.5579e+02
# New trial
-1.6141e+02 -1.6041e+02 -1.5588e+02 -5.0379e+02
-1.6138e+02 -1.6003e+02 -1.4916e+02 -3.0384e+02
-1.6130e+02 -1.5920e+02 -1.3946e+02 -1.8188e+02
-1.6121e+02 -1.5836e+02 -1.3053e+02 -7.8711e+01
# New trial
-1.6174e+02 -1.6484e+02 -2.7819e+02 -2.1657e+03
-1.6144e+02 -1.6114e+02 -2.2542e+02 -1.8114e+03
-1.6096e+02 -1.5598e+02 -1.3008e+02 -5.5318e+02
-1.6051e+02 -1.5140e+02 -7.5214e+01 -7.9220e+01
# New trial
-1.6172e+02 -1.6444e+02 -2.8154e+02 -2.0527e+03
-1.6146e+02 -1.6107e+02 -1.7492e+02 -6.7769e+02
-1.6129e+02 -1.5924e+02 -1.4316e+02 -2.5203e+02
-1.6112e+02 -1.5745e+02 -1.2196e+02 -6.1734e+01
# New trial
-1.6141e+02 -1.6099e+02 -2.2312e+02 -1.6035e+03
-1.6136e+02 -1.6022e+02 -1.8297e+02 -8.8803e+02
-1.6112e+02 -1.5759e+02 -1.3463e+02 -4.8378e+02
-1.6079e+02 -1.5416e+02 -9.5917e+01 -1.5749e+02
# New trial
-1.6145e+02 -1.6111e+02 -1.9875e+02 -1.1634e+03
-1.6141e+02 -1.6054e+02 -1.7410e+02 -7.8589e+02
-1.6114e+02 -1.5769e+02 -1.2766e+02 -2.0968e+02
-1.6086e+02 -1.5485e+02 -9.8193e+01 -7.9623e+01
# New trial
-1.6149e+02 -1.6182e+02 -2.2688e+02 -1.4818e+03
-1.6142e+02 -1.6079e+02 -1.8953e+02 -9.8180e+02
-1.6113e+02 -1.5762e+02 -1.3092e+02 -2.6785e+02
-1.6075e+02 -1.5379e+02 -8.8928e+01 -5.5631e+01
# New trial
-1.6179e+02 -1.6588e+02 -3.2446e+02 -2.5185e+03
-1.6153e+02 -1.6240e+02 -2.1928e+02 -1.2727e+03
-1.6101e+02 -1.5670e+02 -1.4030e+02 -5.9162e+02
-1.6050e+02 -1.5130e+02 -7.4013e+01 -1.4546e+02
# New trial
-1.6132e+02 -1.6073e+02 -2.6323e+02 -2.1323e+03
-1.6124e+02 -1.5915e+02 -1.8185e+02 -1.0910e+03
-1.6098e+02 -1.5625e+02 -1.2513e+02 -3.3450e+02
-1.6067e+02 -1.5301e+02 -8.6330e+01 -1.7544e+02
# New trial
-1.6153e+02 -1.6196e+02 -2.0386e+02 -1.3112e+03
-1.6140e+02 -1.6047e+02 -1.6940e+02 -7.9152e+02
-1.6110e+02 -1.5737e+02 -1.3317e+02 -6.8476e+02
-1.6081e+02 -1.5435e+02 -9.6088e+01 -1.4893e+02
# New trial
-1.6149e+02 -1.6120e+02 -1.7191e+02 -7.2141e+02
-1.6142e+02 -1.6050e+02 -1.5627e+02 -3.3980e+02
-1.6130e+02 -1.5927e+02 -1.4030e+02 -1.2083e+02
-1.6113e+02 -1.5751e+02 -1.2215e+02 -7.8306e+01
# New trial
-1.6177e+02 -1.6510e+02 -2.9246e+02 -2.1858e+03
-1.6160e+02 -1.6267e+02 -2.1085e+02 -1.2983e+03
-1.6117e+02 -1.5801e+02 -1.3497e+02 -3.2631e+02
-1.6076e+02 -1.5387e+02 -9.1906e+01 -5.8797e+01
# New trial
-1.6158e+02 -1.6283e+02 -2.3644e+02 -1.6678e+03
-1.6146e+02 -1.6104e+02 -1.7170e+02 -6.0306e+02
-1.6118e+02 -1.5809e+02 -1.3186e+02 -1.8602e+02
-1.6087e+02 -1.5492e+02 -9.9034e+01 -5.0977e+01
# New trial
-1.6139e+02 -1.6026e+02 -1.6505e+02 -7.2900e+02
-1.6136e+02 -1.5999e+02 -1.6401e+02 -7.5852e+02
-1.6114e+02 -1.5772e+02 -1.3010e+02 -3.3087e+02
-1.6080e+02 -1.5426e+02 -9.5724e+01 -8.7556e+01
# New trial
-1.6149e+02 -1.6151e+02 -1.9178e+02 -9.3165e+02
-1.6140e+02 -1.6046e+02 -1.7251e+02 -6.8593e+02
-1.6118e+02 -1.5806e+02 -1.3338e+02 -2.8466e+02
-1.6089e+02 -1.5519e+02 -1.0259e+02 -1.8688e+02
# New trial
-1.6143e+02 -1.6107e+02 -2.0330e+02 -1.1262e+03
-1.6136e+02 -1.6035e+02 -1.9012e+02 -9.6055e+02
-1.6109e+02 -1.5731e+02 -1.3523e+02 -4.6965e+02
-1.6060e+02 -1.5226e+02 -8.1378e+01 -1.5605e+02
# New trial
-1.6145e+02 -1.6151e+02 -2.3372e+02 -1.6582e+03
-1.6132e+02 -1.5996e+02 -1.9433e+02 -1.1244e+03
-1.6100e+02 -1.5636e+02 -1.2701e+02 -4.1173e+02
-1.6059e+02 -1.5221e+02 -8.3421e+01 -1.9605e+02
# New trial
-1.6180e+02 -1.6694e+02 -3.4640e+02 -2.6791e+03
-1.6148e+02 -1.6197e+02 -2.2531e+02 -1.4413e+03
-1.6084e+02 -1.5478e+02 -1.1672e+02 -6.2295e+02
-1.6020e+02 -1.4831e+02 -6.4052e+01 -1.8370e+02
# New trial
-1.6199e+02 -1.6856e+02 -3.6053e+02 -2.8365e+03
-1.6164e+02 -1.6327e+02 -2.2147e+02 -1.4006e+03
-1.6108e+02 -1.5715e+02 -1.2865e+02 -3.2361e+02
-1.6066e+02 -1.5293e+02 -8.8112e+01 -1.2946e+02
# New trial
-1.6140e+02 -1.6057e+02 -1.7788e+02 -8.2734e+02
-1.6137e+02 -1.6009e+02 -1.6315e+02 -6.7346e+02
-1.6118e+02 -1.5811e+02 -1.3289e+02 -3.7704e+02
-1.6095e+02 -1.5579e+02 -1.0766e+02 -1.7719e+02
# New trial
-1.6146e+02 -1.6155e+02 -2.4887e+02 -2.0331e+03
-1.6140e+02 -1.6069e+02 -1.9006e+02 -1.0505e+03
-1.6110e+02 -1.5738e+02 -1.3385e+02 -5.0153e+02
-1.6071e+02 -1.5340e+02 -8.9394e+01 -1.5251e+02
# New trial
-1.6136e+02 -1.6037e+02 -1.9237e+02 -1.1673e+03
-1.6133e+02 -1.5977e+02 -1.6328e+02 -6.4209e+02
-1.6114e+02 -1.5773e+02 -1.2972e+02 -3.0632e+02
-1.6084e+02 -1.5469e+02 -9.9731e+01 -9.1905e+01
# New trial
