# 10.0sig - Array shape (trial/sig/alpha): (30, 4, 4)
-1.5691e+02 -1.5689e+02 -1.5675e+02 -1.6828e+02
-1.5691e+02 -1.5688e+02 -1.5663e+02 -1.6489e+02
-1.5691e+02 -1.5684e+02 -1.5620e+02 -1.5282e+02
-1.5690e+02 -1.5676e+02 -1.5535e+02 -1.5230e+02
# New trial
-1.5692e+02 -1.5699e+02 -1.5981e+02 -2.1303e+02
-1.5692e+02 -1.5694e+02 -1.5816e+02 -1.8580e+02
-1.5690e+02 -1.5679e+02 -1.5608e+02 -1.6757e+02
-1.5688e+02 -1.5660e+02 -1.5400e+02 -1.5230e+02
# New trial
-1.5691e+02 -1.5690e+02 -1.5706e+02 -1.7263e+02
-1.5691e+02 -1.5686e+02 -1.5654e+02 -1.6706e+02
-1.5690e+02 -1.5676e+02 -1.5539e+02 -1.5269e+02
-1.5689e+02 -1.5665e+02 -1.5437e+02 -1.5230e+02
# New trial
-1.5692e+02 -1.5692e+02 -1.5712e+02 -1.7049e+02
-1.5691e+02 -1.5691e+02 -1.5699e+02 -1.6990e+02
-1.5690e+02 -1.5681e+02 -1.5590e+02 -1.5254e+02
-1.5689e+02 -1.5668e+02 -1.5463e+02 -1.5230e+02
# New trial
-1.5692e+02 -1.5694e+02 -1.5794e+02 -1.8691e+02
-1.5691e+02 -1.5689e+02 -1.5686e+02 -1.7150e+02
-1.5690e+02 -1.5682e+02 -1.5601e+02 -1.5273e+02
-1.5689e+02 -1.5671e+02 -1.5494e+02 -1.5230e+02
# New trial
-1.5691e+02 -1.5688e+02 -1.5664e+02 -1.6013e+02
-1.5691e+02 -1.5684e+02 -1.5628e+02 -1.5922e+02
-1.5690e+02 -1.5675e+02 -1.5536e+02 -1.5650e+02
-1.5688e+02 -1.5659e+02 -1.5388e+02 -1.5230e+02
# New trial
-1.5691e+02 -1.5686e+02 -1.5649e+02 -1.7129e+02
-1.5691e+02 -1.5684e+02 -1.5627e+02 -1.6219e+02
-1.5690e+02 -1.5679e+02 -1.5578e+02 -1.5643e+02
-1.5690e+02 -1.5674e+02 -1.5517e+02 -1.5230e+02
# New trial
-1.5691e+02 -1.5684e+02 -1.5652e+02 -1.7007e+02
-1.5690e+02 -1.5681e+02 -1.5622e+02 -1.6616e+02
-1.5690e+02 -1.5674e+02 -1.5534e+02 -1.5262e+02
-1.5689e+02 -1.5669e+02 -1.5471e+02 -1.5230e+02
# New trial
-1.5692e+02 -1.5694e+02 -1.5909e+02 -2.0519e+02
-1.5691e+02 -1.5687e+02 -1.5698e+02 -1.7462e+02
-1.5690e+02 -1.5675e+02 -1.5534e+02 -1.5716e+02
-1.5688e+02 -1.5662e+02 -1.5415e+02 -1.5230e+02
# New trial
-1.5692e+02 -1.5693e+02 -1.5727e+02 -1.7670e+02
-1.5691e+02 -1.5692e+02 -1.5698e+02 -1.6555e+02
-1.5691e+02 -1.5688e+02 -1.5664e+02 -1.6399e+02
-1.5691e+02 -1.5683e+02 -1.5610e+02 -1.5310e+02
# New trial
-1.5692e+02 -1.5694e+02 -1.5914e+02 -2.1241e+02
-1.5691e+02 -1.5686e+02 -1.5781e+02 -1.9671e+02
-1.5689e+02 -1.5671e+02 -1.5512e+02 -1.5796e+02
-1.5687e+02 -1.5646e+02 -1.5304e+02 -1.5230e+02
# New trial
-1.5692e+02 -1.5698e+02 -1.5906e+02 -1.9899e+02
-1.5691e+02 -1.5689e+02 -1.5685e+02 -1.6702e+02
-1.5690e+02 -1.5682e+02 -1.5607e+02 -1.5630e+02
-1.5690e+02 -1.5673e+02 -1.5510e+02 -1.5230e+02
# New trial
-1.5692e+02 -1.5699e+02 -1.5822e+02 -1.8767e+02
-1.5692e+02 -1.5699e+02 -1.5803e+02 -1.8007e+02
-1.5692e+02 -1.5696e+02 -1.5741e+02 -1.6674e+02
-1.5690e+02 -1.5680e+02 -1.5584e+02 -1.5231e+02
# New trial
-1.5692e+02 -1.5696e+02 -1.5759e+02 -1.7432e+02
-1.5692e+02 -1.5694e+02 -1.5726e+02 -1.6834e+02
-1.5691e+02 -1.5686e+02 -1.5636e+02 -1.5893e+02
-1.5689e+02 -1.5671e+02 -1.5496e+02 -1.5230e+02
# New trial
-1.5691e+02 -1.5691e+02 -1.5764e+02 -1.8124e+02
-1.5691e+02 -1.5687e+02 -1.5686e+02 -1.6924e+02
-1.5690e+02 -1.5676e+02 -1.5543e+02 -1.5266e+02
-1.5688e+02 -1.5661e+02 -1.5406e+02 -1.5230e+02
# New trial
-1.5692e+02 -1.5701e+02 -1.5989e+02 -2.0914e+02
-1.5692e+02 -1.5693e+02 -1.5773e+02 -1.8304e+02
-1.5690e+02 -1.5677e+02 -1.5578e+02 -1.6146e+02
-1.5688e+02 -1.5652e+02 -1.5343e+02 -1.5230e+02
# New trial
-1.5692e+02 -1.5693e+02 -1.5860e+02 -2.0073e+02
-1.5691e+02 -1.5688e+02 -1.5712e+02 -1.8046e+02
-1.5690e+02 -1.5678e+02 -1.5571e+02 -1.5837e+02
-1.5689e+02 -1.5665e+02 -1.5441e+02 -1.5230e+02
# New trial
-1.5691e+02 -1.5690e+02 -1.5710e+02 -1.7610e+02
-1.5691e+02 -1.5686e+02 -1.5660e+02 -1.6938e+02
-1.5690e+02 -1.5676e+02 -1.5567e+02 -1.6614e+02
-1.5688e+02 -1.5659e+02 -1.5392e+02 -1.5230e+02
# New trial
-1.5691e+02 -1.5690e+02 -1.5693e+02 -1.7018e+02
-1.5691e+02 -1.5688e+02 -1.5661e+02 -1.5628e+02
-1.5691e+02 -1.5684e+02 -1.5621e+02 -1.5246e+02
-1.5690e+02 -1.5676e+02 -1.5542e+02 -1.5230e+02
# New trial
-1.5692e+02 -1.5700e+02 -1.5910e+02 -1.9988e+02
-1.5692e+02 -1.5696e+02 -1.5764e+02 -1.7929e+02
-1.5691e+02 -1.5690e+02 -1.5683e+02 -1.6078e+02
-1.5690e+02 -1.5673e+02 -1.5515e+02 -1.5230e+02
# New trial
-1.5691e+02 -1.5686e+02 -1.5662e+02 -1.6943e+02
-1.5691e+02 -1.5682e+02 -1.5605e+02 -1.5730e+02
-1.5690e+02 -1.5675e+02 -1.5529e+02 -1.5230e+02
-1.5689e+02 -1.5665e+02 -1.5433e+02 -1.5230e+02
# New trial
-1.5691e+02 -1.5686e+02 -1.5646e+02 -1.6145e+02
-1.5691e+02 -1.5683e+02 -1.5619e+02 -1.6144e+02
-1.5690e+02 -1.5673e+02 -1.5517e+02 -1.5421e+02
-1.5688e+02 -1.5655e+02 -1.5356e+02 -1.5230e+02
# New trial
-1.5691e+02 -1.5690e+02 -1.5691e+02 -1.6546e+02
-1.5691e+02 -1.5686e+02 -1.5649e+02 -1.6268e+02
-1.5690e+02 -1.5677e+02 -1.5551e+02 -1.5232e+02
-1.5689e+02 -1.5668e+02 -1.5464e+02 -1.5230e+02
# New trial
-1.5691e+02 -1.5692e+02 -1.5757e+02 -1.7909e+02
-1.5691e+02 -1.5688e+02 -1.5717e+02 -1.7546e+02
-1.5690e+02 -1.5676e+02 -1.5573e+02 -1.6474e+02
-1.5688e+02 -1.5654e+02 -1.5358e+02 -1.5230e+02
# New trial
-1.5691e+02 -1.5687e+02 -1.5718e+02 -1.7741e+02
-1.5690e+02 -1.5681e+02 -1.5630e+02 -1.6695e+02
-1.5689e+02 -1.5668e+02 -1.5487e+02 -1.5711e+02
-1.5688e+02 -1.5655e+02 -1.5362e+02 -1.5230e+02
# New trial
-1.5693e+02 -1.5706e+02 -1.6043e+02 -2.1606e+02
-1.5692e+02 -1.5698e+02 -1.5832e+02 -1.9364e+02
-1.5691e+02 -1.5685e+02 -1.5638e+02 -1.6346e+02
-1.5690e+02 -1.5678e+02 -1.5555e+02 -1.5230e+02
# New trial
-1.5692e+02 -1.5699e+02 -1.5954e+02 -2.0089e+02
-1.5691e+02 -1.5687e+02 -1.5694e+02 -1.7340e+02
-1.5689e+02 -1.5672e+02 -1.5508e+02 -1.5230e+02
-1.5687e+02 -1.5651e+02 -1.5329e+02 -1.5230e+02
# New trial
-1.5692e+02 -1.5693e+02 -1.5711e+02 -1.6596e+02
-1.5692e+02 -1.5693e+02 -1.5714e+02 -1.6846e+02
-1.5691e+02 -1.5690e+02 -1.5678e+02 -1.6249e+02
-1.5691e+02 -1.5686e+02 -1.5634e+02 -1.5323e+02
# New trial
-1.5691e+02 -1.5688e+02 -1.5776e+02 -1.8975e+02
-1.5691e+02 -1.5684e+02 -1.5677e+02 -1.7214e+02
-1.5689e+02 -1.5672e+02 -1.5513e+02 -1.5233e+02
-1.5688e+02 -1.5658e+02 -1.5385e+02 -1.5230e+02
# New trial
-1.5691e+02 -1.5689e+02 -1.5708e+02 -1.7566e+02
-1.5691e+02 -1.5685e+02 -1.5638e+02 -1.6326e+02
-1.5690e+02 -1.5675e+02 -1.5533e+02 -1.5236e+02
-1.5688e+02 -1.5658e+02 -1.5380e+02 -1.5230e+02
# New trial
