# 1.0sig - Array shape (trial/sig/alpha): (30, 4, 4)
-1.4279e+02 -1.4056e+02 -1.5282e+02 -7.6848e+02
-1.4264e+02 -1.3891e+02 -1.1944e+02 -2.7366e+02
-1.4224e+02 -1.3481e+02 -7.4841e+01 -1.3880e+02
-1.4195e+02 -1.3201e+02 -7.6900e+01 -3.3879e+02
# New trial
-1.4275e+02 -1.4022e+02 -1.4001e+02 -4.5685e+02
-1.4264e+02 -1.3900e+02 -1.1710e+02 -1.4330e+02
-1.4237e+02 -1.3622e+02 -8.7690e+01 -1.0308e+02
-1.4228e+02 -1.3524e+02 -7.6080e+01 -5.0515e+01
# New trial
-1.4279e+02 -1.4043e+02 -1.3257e+02 -5.1149e+02
-1.4267e+02 -1.3922e+02 -1.1409e+02 -1.4418e+02
-1.4240e+02 -1.3647e+02 -8.6138e+01 -1.1979e+02
-1.4222e+02 -1.3467e+02 -8.0694e+01 -2.4551e+02
# New trial
-1.4279e+02 -1.4042e+02 -1.3953e+02 -7.3190e+02
-1.4268e+02 -1.3939e+02 -1.2285e+02 -3.4089e+02
-1.4247e+02 -1.3711e+02 -9.2051e+01 -1.0315e+02
-1.4241e+02 -1.3646e+02 -8.5102e+01 -1.0357e+02
# New trial
-1.4265e+02 -1.3943e+02 -1.6969e+02 -1.0198e+03
-1.4249e+02 -1.3754e+02 -1.1970e+02 -4.3217e+02
-1.4221e+02 -1.3458e+02 -7.4118e+01 -1.1829e+02
-1.4218e+02 -1.3427e+02 -7.0795e+01 -5.4496e+01
# New trial
-1.4276e+02 -1.4018e+02 -1.3723e+02 -6.6614e+02
-1.4268e+02 -1.3927e+02 -1.1760e+02 -2.8663e+02
-1.4245e+02 -1.3691e+02 -8.8963e+01 -9.8076e+01
-1.4231e+02 -1.3550e+02 -7.7210e+01 -6.1839e+01
# New trial
-1.4293e+02 -1.4185e+02 -1.4892e+02 -6.2462e+02
-1.4285e+02 -1.4095e+02 -1.2660e+02 -2.7860e+02
-1.4275e+02 -1.3985e+02 -1.1280e+02 -9.1606e+01
-1.4277e+02 -1.4009e+02 -1.1517e+02 -2.3063e+02
# New trial
-1.4278e+02 -1.4057e+02 -1.6620e+02 -9.2791e+02
-1.4263e+02 -1.3891e+02 -1.2868e+02 -5.2238e+02
-1.4231e+02 -1.3562e+02 -8.2012e+01 -9.4639e+01
-1.4225e+02 -1.3496e+02 -7.4568e+01 -5.3538e+01
# New trial
-1.4253e+02 -1.3861e+02 -1.5846e+02 -9.1906e+02
-1.4222e+02 -1.3517e+02 -1.1233e+02 -4.4117e+02
-1.4164e+02 -1.2906e+02 -6.1985e+01 -2.1238e+02
-1.4169e+02 -1.2941e+02 -5.8861e+01 -1.4339e+02
# New trial
-1.4276e+02 -1.4029e+02 -1.4494e+02 -6.9290e+02
-1.4260e+02 -1.3866e+02 -1.2580e+02 -4.8914e+02
-1.4222e+02 -1.3470e+02 -7.6602e+01 -1.2459e+02
-1.4202e+02 -1.3264e+02 -6.7601e+01 -9.7908e+01
# New trial
-1.4265e+02 -1.3953e+02 -1.5411e+02 -7.7290e+02
-1.4250e+02 -1.3781e+02 -1.3331e+02 -5.8888e+02
-1.4211e+02 -1.3357e+02 -7.1481e+01 -1.3077e+02
-1.4204e+02 -1.3281e+02 -6.7604e+01 -8.2648e+01
# New trial
-1.4284e+02 -1.4126e+02 -1.7896e+02 -1.0204e+03
-1.4262e+02 -1.3879e+02 -1.2002e+02 -3.5651e+02
-1.4222e+02 -1.3464e+02 -7.4988e+01 -1.5692e+02
-1.4191e+02 -1.3162e+02 -8.1811e+01 -4.1348e+02
# New trial
-1.4279e+02 -1.4075e+02 -1.7499e+02 -1.0071e+03
-1.4263e+02 -1.3890e+02 -1.2391e+02 -3.5648e+02
-1.4241e+02 -1.3658e+02 -8.8919e+01 -1.0863e+02
-1.4242e+02 -1.3667e+02 -9.1125e+01 -2.6347e+02
# New trial
-1.4275e+02 -1.4101e+02 -2.3833e+02 -1.7106e+03
-1.4253e+02 -1.3825e+02 -1.4670e+02 -7.1331e+02
-1.4210e+02 -1.3359e+02 -7.7274e+01 -1.5589e+02
-1.4207e+02 -1.3314e+02 -7.6800e+01 -2.3600e+02
# New trial
-1.4280e+02 -1.4063e+02 -1.5497e+02 -9.9005e+02
-1.4269e+02 -1.3944e+02 -1.2464e+02 -3.3826e+02
-1.4246e+02 -1.3707e+02 -8.9169e+01 -6.9564e+01
-1.4237e+02 -1.3615e+02 -8.1029e+01 -5.8044e+01
# New trial
-1.4257e+02 -1.3940e+02 -2.2233e+02 -1.5714e+03
-1.4235e+02 -1.3682e+02 -1.3841e+02 -6.6060e+02
-1.4195e+02 -1.3230e+02 -7.6746e+01 -1.6547e+02
-1.4205e+02 -1.3304e+02 -8.3040e+01 -2.9704e+02
# New trial
-1.4268e+02 -1.3964e+02 -1.4189e+02 -5.4623e+02
-1.4248e+02 -1.3760e+02 -1.2066e+02 -4.3897e+02
-1.4196e+02 -1.3224e+02 -6.9508e+01 -1.7346e+02
-1.4197e+02 -1.3212e+02 -7.1155e+01 -2.5967e+02
# New trial
-1.4274e+02 -1.4008e+02 -1.3907e+02 -5.4726e+02
-1.4262e+02 -1.3888e+02 -1.2483e+02 -3.4625e+02
-1.4231e+02 -1.3564e+02 -8.7039e+01 -1.4829e+02
-1.4229e+02 -1.3533e+02 -8.7972e+01 -2.8374e+02
# New trial
-1.4269e+02 -1.3983e+02 -1.7361e+02 -1.0579e+03
-1.4260e+02 -1.3879e+02 -1.4126e+02 -6.1714e+02
-1.4226e+02 -1.3513e+02 -7.9629e+01 -1.3812e+02
-1.4208e+02 -1.3325e+02 -7.4837e+01 -2.2400e+02
# New trial
-1.4293e+02 -1.4198e+02 -1.6387e+02 -9.5179e+02
-1.4284e+02 -1.4092e+02 -1.3982e+02 -5.2174e+02
-1.4257e+02 -1.3810e+02 -9.8027e+01 -1.2980e+02
-1.4239e+02 -1.3632e+02 -8.5509e+01 -1.8768e+02
# New trial
-1.4269e+02 -1.4001e+02 -1.7691e+02 -1.0409e+03
-1.4244e+02 -1.3726e+02 -1.1580e+02 -3.0439e+02
-1.4231e+02 -1.3573e+02 -8.9350e+01 -1.0478e+02
-1.4258e+02 -1.3826e+02 -1.0321e+02 -2.0018e+02
# New trial
-1.4276e+02 -1.4014e+02 -1.4150e+02 -7.5907e+02
-1.4269e+02 -1.3941e+02 -1.1526e+02 -1.6640e+02
-1.4248e+02 -1.3723e+02 -9.2252e+01 -9.2907e+01
-1.4235e+02 -1.3589e+02 -8.0650e+01 -1.1256e+02
# New trial
-1.4285e+02 -1.4165e+02 -1.8696e+02 -1.0760e+03
-1.4256e+02 -1.3839e+02 -1.2671e+02 -4.6468e+02
-1.4216e+02 -1.3416e+02 -7.4807e+01 -9.9130e+01
-1.4222e+02 -1.3474e+02 -7.6642e+01 -4.8559e+01
# New trial
-1.4271e+02 -1.4026e+02 -1.6276e+02 -7.8039e+02
-1.4248e+02 -1.3768e+02 -1.2210e+02 -4.2776e+02
-1.4199e+02 -1.3259e+02 -7.5118e+01 -1.6393e+02
-1.4174e+02 -1.2999e+02 -7.9842e+01 -3.5800e+02
# New trial
-1.4289e+02 -1.4228e+02 -2.1921e+02 -1.5505e+03
-1.4265e+02 -1.3944e+02 -1.4445e+02 -5.8307e+02
-1.4208e+02 -1.3340e+02 -7.1586e+01 -1.2848e+02
-1.4200e+02 -1.3247e+02 -6.5838e+01 -5.1131e+01
# New trial
-1.4279e+02 -1.4037e+02 -1.2426e+02 -2.2406e+02
-1.4266e+02 -1.3901e+02 -1.0932e+02 -1.2027e+02
-1.4238e+02 -1.3625e+02 -8.5892e+01 -1.0842e+02
-1.4239e+02 -1.3636e+02 -8.8135e+01 -1.5701e+02
# New trial
-1.4273e+02 -1.3994e+02 -1.4544e+02 -7.5037e+02
-1.4266e+02 -1.3920e+02 -1.2771e+02 -4.1877e+02
-1.4241e+02 -1.3656e+02 -8.9895e+01 -1.0055e+02
-1.4232e+02 -1.3565e+02 -7.9850e+01 -5.3422e+01
# New trial
-1.4271e+02 -1.4075e+02 -1.8646e+02 -1.1546e+03
-1.4256e+02 -1.3867e+02 -1.4094e+02 -6.2426e+02
-1.4209e+02 -1.3346e+02 -7.0126e+01 -1.3958e+02
-1.4191e+02 -1.3158e+02 -6.7886e+01 -1.8815e+02
# New trial
-1.4279e+02 -1.4062e+02 -1.5034e+02 -6.0031e+02
-1.4259e+02 -1.3852e+02 -1.1580e+02 -2.8640e+02
-1.4229e+02 -1.3542e+02 -8.6254e+01 -1.0613e+02
-1.4231e+02 -1.3553e+02 -8.1975e+01 -1.3902e+02
# New trial
-1.4273e+02 -1.4001e+02 -1.4983e+02 -8.2087e+02
-1.4267e+02 -1.3930e+02 -1.2432e+02 -3.9479e+02
-1.4239e+02 -1.3636e+02 -8.4870e+01 -1.1717e+02
-1.4219e+02 -1.3429e+02 -7.0490e+01 -7.9373e+01
# New trial
