# 1.0sig - Array shape (trial/sig/alpha): (30, 4, 4)
-1.5666e+02 -1.5456e+02 -1.5379e+02 -5.0803e+02
-1.5652e+02 -1.5306e+02 -1.3047e+02 -2.2492e+02
-1.5614e+02 -1.4920e+02 -9.0062e+01 -6.4121e+01
-1.5580e+02 -1.4586e+02 -7.2287e+01 -5.9997e+01
# New trial
-1.5668e+02 -1.5469e+02 -1.4395e+02 -2.6941e+02
-1.5657e+02 -1.5356e+02 -1.3296e+02 -1.5538e+02
-1.5624e+02 -1.5034e+02 -1.0300e+02 -6.2175e+01
-1.5608e+02 -1.4860e+02 -8.7308e+01 -8.1071e+01
# New trial
-1.5669e+02 -1.5476e+02 -1.4580e+02 -4.1460e+02
-1.5659e+02 -1.5370e+02 -1.3141e+02 -1.0936e+02
-1.5631e+02 -1.5092e+02 -1.0418e+02 -6.9541e+01
-1.5611e+02 -1.4892e+02 -8.9792e+01 -6.4642e+01
# New trial
-1.5667e+02 -1.5461e+02 -1.5168e+02 -6.8474e+02
-1.5657e+02 -1.5356e+02 -1.3431e+02 -2.7762e+02
-1.5632e+02 -1.5107e+02 -1.0590e+02 -6.0193e+01
-1.5623e+02 -1.5008e+02 -9.5451e+01 -5.9998e+01
# New trial
-1.5654e+02 -1.5342e+02 -1.5325e+02 -6.1035e+02
-1.5639e+02 -1.5180e+02 -1.2363e+02 -3.3638e+02
-1.5612e+02 -1.4901e+02 -9.0766e+01 -6.1665e+01
-1.5602e+02 -1.4803e+02 -9.4847e+01 -2.7142e+02
# New trial
-1.5670e+02 -1.5482e+02 -1.5255e+02 -6.0666e+02
-1.5659e+02 -1.5377e+02 -1.3172e+02 -2.3671e+02
-1.5634e+02 -1.5116e+02 -1.0501e+02 -6.0459e+01
-1.5615e+02 -1.4925e+02 -8.9644e+01 -5.9997e+01
# New trial
-1.5681e+02 -1.5589e+02 -1.5617e+02 -5.4563e+02
-1.5674e+02 -1.5515e+02 -1.4178e+02 -2.4420e+02
-1.5662e+02 -1.5396e+02 -1.2859e+02 -8.5499e+01
-1.5659e+02 -1.5369e+02 -1.2580e+02 -8.7071e+01
# New trial
-1.5673e+02 -1.5538e+02 -1.7578e+02 -7.4042e+02
-1.5656e+02 -1.5355e+02 -1.4068e+02 -3.8742e+02
-1.5623e+02 -1.5013e+02 -1.0183e+02 -6.2573e+01
-1.5608e+02 -1.4860e+02 -9.6115e+01 -2.2830e+02
# New trial
-1.5653e+02 -1.5349e+02 -1.5579e+02 -5.7544e+02
-1.5623e+02 -1.5039e+02 -1.2240e+02 -3.3375e+02
-1.5559e+02 -1.4379e+02 -6.8303e+01 -5.9997e+01
-1.5539e+02 -1.4184e+02 -6.4540e+01 -5.9997e+01
# New trial
-1.5664e+02 -1.5431e+02 -1.4379e+02 -4.6940e+02
-1.5649e+02 -1.5282e+02 -1.2801e+02 -2.7532e+02
-1.5613e+02 -1.4908e+02 -8.9630e+01 -6.0490e+01
-1.5589e+02 -1.4671e+02 -8.5734e+01 -1.7195e+02
# New trial
-1.5658e+02 -1.5376e+02 -1.5036e+02 -5.0349e+02
-1.5642e+02 -1.5223e+02 -1.3394e+02 -3.8851e+02
-1.5601e+02 -1.4796e+02 -8.4306e+01 -6.8373e+01
-1.5582e+02 -1.4604e+02 -7.8538e+01 -7.7818e+01
# New trial
-1.5672e+02 -1.5524e+02 -1.7186e+02 -7.0424e+02
-1.5651e+02 -1.5297e+02 -1.2829e+02 -2.1835e+02
-1.5611e+02 -1.4891e+02 -8.5509e+01 -5.9997e+01
-1.5573e+02 -1.4507e+02 -7.0407e+01 -5.9997e+01
# New trial
-1.5670e+02 -1.5499e+02 -1.6576e+02 -8.0268e+02
-1.5654e+02 -1.5332e+02 -1.3366e+02 -2.6069e+02
-1.5628e+02 -1.5065e+02 -1.0149e+02 -6.0400e+01
-1.5623e+02 -1.5014e+02 -9.6445e+01 -6.2522e+01
# New trial
-1.5666e+02 -1.5494e+02 -2.1057e+02 -1.2333e+03
-1.5644e+02 -1.5245e+02 -1.4736e+02 -5.2695e+02
-1.5598e+02 -1.4764e+02 -8.3293e+01 -6.0004e+01
-1.5577e+02 -1.4558e+02 -7.4318e+01 -6.3494e+01
# New trial
-1.5673e+02 -1.5517e+02 -1.5947e+02 -7.6168e+02
-1.5663e+02 -1.5419e+02 -1.4100e+02 -2.9390e+02
-1.5637e+02 -1.5155e+02 -1.0938e+02 -6.0472e+01
-1.5620e+02 -1.4981e+02 -9.3735e+01 -6.0013e+01
# New trial
-1.5656e+02 -1.5423e+02 -2.1531e+02 -1.2321e+03
-1.5633e+02 -1.5166e+02 -1.4827e+02 -4.9611e+02
-1.5581e+02 -1.4612e+02 -7.8783e+01 -6.0048e+01
-1.5574e+02 -1.4527e+02 -7.6845e+01 -6.0869e+01
# New trial
-1.5661e+02 -1.5400e+02 -1.4552e+02 -3.8290e+02
-1.5642e+02 -1.5211e+02 -1.2644e+02 -2.0816e+02
-1.5589e+02 -1.4678e+02 -7.8852e+01 -5.9997e+01
-1.5569e+02 -1.4475e+02 -6.9429e+01 -5.9997e+01
# New trial
-1.5663e+02 -1.5422e+02 -1.4208e+02 -3.4512e+02
-1.5651e+02 -1.5298e+02 -1.3075e+02 -2.3472e+02
-1.5618e+02 -1.4964e+02 -9.5690e+01 -7.0017e+01
-1.5610e+02 -1.4885e+02 -8.9656e+01 -7.2955e+01
# New trial
-1.5666e+02 -1.5472e+02 -1.7503e+02 -8.3826e+02
-1.5653e+02 -1.5332e+02 -1.4925e+02 -4.6787e+02
-1.5616e+02 -1.4946e+02 -9.4461e+01 -6.1496e+01
-1.5591e+02 -1.4691e+02 -7.8041e+01 -6.0030e+01
# New trial
-1.5675e+02 -1.5538e+02 -1.6153e+02 -6.8126e+02
-1.5666e+02 -1.5441e+02 -1.3977e+02 -2.7600e+02
-1.5643e+02 -1.5206e+02 -1.1092e+02 -6.2742e+01
-1.5623e+02 -1.5006e+02 -9.4726e+01 -5.9999e+01
# New trial
-1.5659e+02 -1.5396e+02 -1.5761e+02 -6.9886e+02
-1.5643e+02 -1.5222e+02 -1.2610e+02 -1.8834e+02
-1.5620e+02 -1.4998e+02 -1.0301e+02 -6.0832e+01
-1.5639e+02 -1.5172e+02 -1.1433e+02 -2.5560e+02
# New trial
-1.5670e+02 -1.5487e+02 -1.5943e+02 -6.7797e+02
-1.5659e+02 -1.5372e+02 -1.3006e+02 -1.0439e+02
-1.5637e+02 -1.5146e+02 -1.0653e+02 -6.0089e+01
-1.5617e+02 -1.4945e+02 -8.9567e+01 -5.9998e+01
# New trial
-1.5662e+02 -1.5430e+02 -1.6297e+02 -6.7679e+02
-1.5640e+02 -1.5198e+02 -1.2669e+02 -2.2142e+02
-1.5607e+02 -1.4862e+02 -9.3848e+01 -6.2382e+01
-1.5609e+02 -1.4875e+02 -9.3354e+01 -1.4090e+02
# New trial
-1.5664e+02 -1.5451e+02 -1.5981e+02 -4.4966e+02
-1.5640e+02 -1.5201e+02 -1.2993e+02 -2.4663e+02
-1.5586e+02 -1.4649e+02 -7.7579e+01 -5.9999e+01
-1.5553e+02 -1.4317e+02 -6.7398e+01 -5.9997e+01
# New trial
-1.5675e+02 -1.5608e+02 -2.1972e+02 -1.2696e+03
-1.5650e+02 -1.5314e+02 -1.4837e+02 -3.9457e+02
-1.5595e+02 -1.4743e+02 -8.5203e+01 -6.0395e+01
-1.5572e+02 -1.4509e+02 -7.3335e+01 -6.7277e+01
# New trial
-1.5673e+02 -1.5509e+02 -1.4176e+02 -1.7682e+02
-1.5659e+02 -1.5369e+02 -1.2834e+02 -1.1580e+02
-1.5627e+02 -1.5056e+02 -1.0066e+02 -6.2754e+01
-1.5617e+02 -1.4948e+02 -9.0002e+01 -5.9998e+01
# New trial
-1.5661e+02 -1.5405e+02 -1.4965e+02 -6.2698e+02
-1.5652e+02 -1.5305e+02 -1.2971e+02 -2.7290e+02
-1.5624e+02 -1.5027e+02 -9.7187e+01 -5.9997e+01
-1.5609e+02 -1.4874e+02 -8.6302e+01 -5.9997e+01
# New trial
-1.5670e+02 -1.5522e+02 -1.7635e+02 -8.2784e+02
-1.5649e+02 -1.5294e+02 -1.4032e+02 -4.2888e+02
-1.5599e+02 -1.4778e+02 -8.6549e+01 -9.0365e+01
-1.5568e+02 -1.4467e+02 -8.7116e+01 -2.5523e+02
# New trial
-1.5671e+02 -1.5502e+02 -1.5233e+02 -4.3463e+02
-1.5654e+02 -1.5331e+02 -1.3145e+02 -2.2864e+02
-1.5619e+02 -1.4981e+02 -9.8723e+01 -6.0879e+01
-1.5613e+02 -1.4914e+02 -9.5550e+01 -1.7653e+02
# New trial
-1.5661e+02 -1.5396e+02 -1.4163e+02 -4.2264e+02
-1.5651e+02 -1.5299e+02 -1.2720e+02 -2.1749e+02
-1.5625e+02 -1.5031e+02 -9.7133e+01 -6.0037e+01
-1.5605e+02 -1.4832e+02 -8.3879e+01 -5.9997e+01
# New trial
