# 1.0sig - Array shape (trial/sig/alpha): (30L, 4L, 4L)
-1.0601e+02 -1.0511e+02 -1.3310e+02 -6.8113e+02
-1.0589e+02 -1.0380e+02 -1.0193e+02 -3.3230e+02
-1.0561e+02 -1.0079e+02 -6.2729e+01 -1.2266e+02
-1.0542e+02 -9.8904e+01 -5.4998e+01 -1.1727e+02
# New trial
-1.0590e+02 -1.0392e+02 -1.0510e+02 -3.8999e+02
-1.0585e+02 -1.0333e+02 -8.9434e+01 -1.4507e+02
-1.0572e+02 -1.0190e+02 -7.1209e+01 -9.3179e+01
-1.0570e+02 -1.0171e+02 -7.2754e+01 -2.3474e+02
# New trial
-1.0598e+02 -1.0465e+02 -1.0836e+02 -4.3141e+02
-1.0589e+02 -1.0373e+02 -9.2320e+01 -1.7161e+02
-1.0571e+02 -1.0187e+02 -7.0381e+01 -1.0555e+02
-1.0560e+02 -1.0066e+02 -6.1658e+01 -6.4013e+01
# New trial
-1.0596e+02 -1.0444e+02 -1.1268e+02 -6.6751e+02
-1.0588e+02 -1.0370e+02 -9.7732e+01 -2.9828e+02
-1.0574e+02 -1.0217e+02 -7.3294e+01 -9.1621e+01
-1.0572e+02 -1.0190e+02 -6.9874e+01 -1.1514e+02
# New trial
-1.0588e+02 -1.0387e+02 -1.3051e+02 -8.0994e+02
-1.0576e+02 -1.0247e+02 -9.2659e+01 -3.7049e+02
-1.0558e+02 -1.0057e+02 -6.2791e+01 -1.5787e+02
-1.0561e+02 -1.0078e+02 -6.3890e+01 -1.2435e+02
# New trial
-1.0593e+02 -1.0409e+02 -1.0402e+02 -4.7630e+02
-1.0588e+02 -1.0359e+02 -9.0225e+01 -2.3376e+02
-1.0574e+02 -1.0215e+02 -7.1148e+01 -1.0495e+02
-1.0568e+02 -1.0149e+02 -6.5664e+01 -7.0135e+01
# New trial
-1.0605e+02 -1.0524e+02 -1.1175e+02 -5.1171e+02
-1.0599e+02 -1.0458e+02 -9.4803e+01 -2.0027e+02
-1.0592e+02 -1.0388e+02 -8.5784e+01 -8.0520e+01
-1.0596e+02 -1.0427e+02 -8.8763e+01 -1.6117e+02
# New trial
-1.0591e+02 -1.0410e+02 -1.2134e+02 -6.8801e+02
-1.0582e+02 -1.0306e+02 -9.4587e+01 -3.8920e+02
-1.0563e+02 -1.0104e+02 -6.4787e+01 -9.0949e+01
-1.0567e+02 -1.0140e+02 -6.5996e+01 -4.7578e+01
# New trial
-1.0580e+02 -1.0350e+02 -1.2687e+02 -7.4397e+02
-1.0557e+02 -1.0088e+02 -9.1973e+01 -3.9115e+02
-1.0518e+02 -9.6718e+01 -5.8615e+01 -2.2448e+02
-1.0532e+02 -9.7964e+01 -5.6516e+01 -1.3533e+02
# New trial
-1.0598e+02 -1.0473e+02 -1.1029e+02 -4.5845e+02
-1.0587e+02 -1.0355e+02 -9.6514e+01 -3.1750e+02
-1.0560e+02 -1.0074e+02 -6.3914e+01 -1.2724e+02
-1.0548e+02 -9.9509e+01 -5.8289e+01 -8.0046e+01
# New trial
-1.0582e+02 -1.0338e+02 -1.1829e+02 -5.9313e+02
-1.0572e+02 -1.0229e+02 -1.0269e+02 -4.6381e+02
-1.0550e+02 -9.9818e+01 -6.1301e+01 -1.1174e+02
-1.0552e+02 -9.9895e+01 -7.1635e+01 -3.3628e+02
# New trial
-1.0597e+02 -1.0476e+02 -1.3682e+02 -8.1150e+02
-1.0583e+02 -1.0312e+02 -9.4247e+01 -3.2961e+02
-1.0557e+02 -1.0045e+02 -5.8972e+01 -1.1484e+02
-1.0538e+02 -9.8522e+01 -5.3067e+01 -6.0141e+01
# New trial
-1.0591e+02 -1.0416e+02 -1.3225e+02 -7.8481e+02
-1.0580e+02 -1.0290e+02 -9.2201e+01 -2.4272e+02
-1.0572e+02 -1.0190e+02 -7.1082e+01 -1.1411e+02
-1.0576e+02 -1.0226e+02 -7.4726e+01 -1.7337e+02
# New trial
-1.0597e+02 -1.0539e+02 -1.8431e+02 -1.2997e+03
-1.0581e+02 -1.0324e+02 -1.1861e+02 -5.9507e+02
-1.0550e+02 -9.9810e+01 -6.1065e+01 -1.4399e+02
-1.0551e+02 -9.9782e+01 -5.9048e+01 -6.8498e+01
# New trial
-1.0596e+02 -1.0463e+02 -1.2743e+02 -7.6856e+02
-1.0588e+02 -1.0363e+02 -9.7583e+01 -2.8586e+02
-1.0574e+02 -1.0215e+02 -7.3365e+01 -1.0293e+02
-1.0572e+02 -1.0185e+02 -6.9241e+01 -1.1009e+02
# New trial
-1.0581e+02 -1.0398e+02 -1.6895e+02 -1.1805e+03
-1.0568e+02 -1.0229e+02 -1.1185e+02 -5.3790e+02
-1.0540e+02 -9.9022e+01 -6.0360e+01 -1.3888e+02
-1.0547e+02 -9.9443e+01 -6.0997e+01 -1.1070e+02
# New trial
-1.0587e+02 -1.0369e+02 -1.0901e+02 -4.7553e+02
-1.0572e+02 -1.0216e+02 -9.0872e+01 -3.0043e+02
-1.0538e+02 -9.8620e+01 -6.1294e+01 -1.7831e+02
-1.0547e+02 -9.9394e+01 -5.8990e+01 -9.2938e+01
# New trial
-1.0591e+02 -1.0407e+02 -1.1030e+02 -4.5798e+02
-1.0582e+02 -1.0317e+02 -9.8347e+01 -3.1951e+02
-1.0562e+02 -1.0095e+02 -6.5979e+01 -1.0447e+02
-1.0565e+02 -1.0119e+02 -6.6044e+01 -5.5595e+01
# New trial
-1.0587e+02 -1.0394e+02 -1.3587e+02 -8.0283e+02
-1.0584e+02 -1.0341e+02 -1.1193e+02 -4.9351e+02
-1.0561e+02 -1.0084e+02 -6.3490e+01 -1.1861e+02
-1.0550e+02 -9.9646e+01 -5.7134e+01 -5.3907e+01
# New trial
-1.0607e+02 -1.0555e+02 -1.2767e+02 -7.5659e+02
-1.0600e+02 -1.0478e+02 -1.0643e+02 -4.3371e+02
-1.0582e+02 -1.0294e+02 -7.8582e+01 -1.3167e+02
-1.0572e+02 -1.0192e+02 -6.8598e+01 -7.5299e+01
# New trial
-1.0584e+02 -1.0375e+02 -1.3552e+02 -8.2962e+02
-1.0569e+02 -1.0193e+02 -8.7942e+01 -2.8258e+02
-1.0565e+02 -1.0136e+02 -6.9819e+01 -9.6416e+01
-1.0588e+02 -1.0353e+02 -8.4153e+01 -1.7643e+02
# New trial
-1.0592e+02 -1.0412e+02 -1.1996e+02 -6.7324e+02
-1.0588e+02 -1.0355e+02 -8.8576e+01 -1.4617e+02
-1.0574e+02 -1.0209e+02 -7.0789e+01 -9.5966e+01
-1.0571e+02 -1.0177e+02 -6.7602e+01 -7.0424e+01
# New trial
-1.0598e+02 -1.0513e+02 -1.4812e+02 -8.9451e+02
-1.0578e+02 -1.0290e+02 -1.0270e+02 -4.2840e+02
-1.0555e+02 -1.0039e+02 -6.4181e+01 -1.3026e+02
-1.0568e+02 -1.0149e+02 -6.9219e+01 -1.0818e+02
# New trial
-1.0596e+02 -1.0495e+02 -1.3292e+02 -6.6780e+02
-1.0578e+02 -1.0297e+02 -1.0138e+02 -4.0230e+02
-1.0543e+02 -9.9157e+01 -5.8873e+01 -1.5478e+02
-1.0527e+02 -9.7452e+01 -6.1851e+01 -2.4406e+02
# New trial
-1.0603e+02 -1.0589e+02 -1.7694e+02 -1.2470e+03
-1.0588e+02 -1.0392e+02 -1.1522e+02 -4.8384e+02
-1.0551e+02 -9.9932e+01 -6.3689e+01 -1.2311e+02
-1.0554e+02 -1.0012e+02 -6.2839e+01 -6.8728e+01
# New trial
-1.0594e+02 -1.0415e+02 -9.5952e+01 -2.2753e+02
-1.0584e+02 -1.0315e+02 -8.4056e+01 -1.2845e+02
-1.0568e+02 -1.0155e+02 -6.9097e+01 -1.0720e+02
-1.0577e+02 -1.0238e+02 -7.2889e+01 -9.4003e+01
# New trial
-1.0593e+02 -1.0418e+02 -1.1917e+02 -6.8299e+02
-1.0589e+02 -1.0370e+02 -9.7534e+01 -3.1654e+02
-1.0572e+02 -1.0198e+02 -7.1937e+01 -1.1885e+02
-1.0570e+02 -1.0168e+02 -6.8516e+01 -1.1180e+02
# New trial
-1.0589e+02 -1.0473e+02 -1.4707e+02 -8.8081e+02
-1.0579e+02 -1.0314e+02 -1.0766e+02 -4.4334e+02
-1.0549e+02 -9.9766e+01 -6.2217e+01 -1.4468e+02
-1.0545e+02 -9.9222e+01 -5.8409e+01 -8.1298e+01
# New trial
-1.0592e+02 -1.0417e+02 -1.1370e+02 -4.9905e+02
-1.0581e+02 -1.0291e+02 -8.8083e+01 -2.1223e+02
-1.0563e+02 -1.0113e+02 -6.7934e+01 -9.9142e+01
-1.0571e+02 -1.0179e+02 -7.0537e+01 -1.3421e+02
# New trial
-1.0593e+02 -1.0432e+02 -1.2357e+02 -7.0243e+02
-1.0589e+02 -1.0380e+02 -1.0047e+02 -3.1875e+02
-1.0571e+02 -1.0179e+02 -6.9830e+01 -1.1645e+02
-1.0561e+02 -1.0078e+02 -6.2083e+01 -4.7936e+01
# New trial
