# 1.0sig - Array shape (trial/sig/alpha): (30L, 4L, 4L)
-1.1520e+02 -1.1379e+02 -1.2340e+02 -4.6025e+02
-1.1508e+02 -1.1256e+02 -9.9880e+01 -1.7134e+02
-1.1479e+02 -1.0954e+02 -6.5890e+01 -5.0766e+01
-1.1458e+02 -1.0743e+02 -5.7986e+01 -5.0766e+01
# New trial
-1.1520e+02 -1.1367e+02 -1.1020e+02 -2.9072e+02
-1.1511e+02 -1.1279e+02 -9.7949e+01 -1.2497e+02
-1.1491e+02 -1.1076e+02 -7.6326e+01 -5.0792e+01
-1.1486e+02 -1.1018e+02 -7.0935e+01 -5.0766e+01
# New trial
-1.1520e+02 -1.1365e+02 -1.0923e+02 -3.7061e+02
-1.1512e+02 -1.1284e+02 -9.6547e+01 -8.7616e+01
-1.1491e+02 -1.1079e+02 -7.6299e+01 -5.3030e+01
-1.1477e+02 -1.0937e+02 -7.2853e+01 -1.6901e+02
# New trial
-1.1519e+02 -1.1363e+02 -1.0773e+02 -3.1689e+02
-1.1512e+02 -1.1294e+02 -1.0100e+02 -1.7476e+02
-1.1494e+02 -1.1108e+02 -7.7454e+01 -5.0766e+01
-1.1490e+02 -1.1062e+02 -7.3030e+01 -5.0766e+01
# New trial
-1.1509e+02 -1.1284e+02 -1.2758e+02 -5.7959e+02
-1.1499e+02 -1.1166e+02 -9.5898e+01 -2.7370e+02
-1.1480e+02 -1.0968e+02 -6.9482e+01 -5.0817e+01
-1.1479e+02 -1.0956e+02 -6.7910e+01 -5.0830e+01
# New trial
-1.1520e+02 -1.1368e+02 -1.1626e+02 -5.4290e+02
-1.1512e+02 -1.1287e+02 -9.6798e+01 -1.7162e+02
-1.1494e+02 -1.1107e+02 -7.7874e+01 -5.1500e+01
-1.1485e+02 -1.1012e+02 -7.0750e+01 -6.0001e+01
# New trial
-1.1527e+02 -1.1432e+02 -1.1347e+02 -4.0384e+02
-1.1522e+02 -1.1377e+02 -1.0116e+02 -1.7928e+02
-1.1514e+02 -1.1300e+02 -9.2402e+01 -5.0779e+01
-1.1515e+02 -1.1315e+02 -9.3643e+01 -5.2911e+01
# New trial
-1.1521e+02 -1.1397e+02 -1.3144e+02 -6.0126e+02
-1.1509e+02 -1.1260e+02 -1.0195e+02 -3.1506e+02
-1.1485e+02 -1.1019e+02 -7.4175e+01 -5.2798e+01
-1.1485e+02 -1.1008e+02 -7.0960e+01 -5.2890e+01
# New trial
-1.1505e+02 -1.1252e+02 -1.1726e+02 -4.5177e+02
-1.1483e+02 -1.1020e+02 -9.4135e+01 -2.8859e+02
-1.1439e+02 -1.0575e+02 -6.0796e+01 -5.0886e+01
-1.1443e+02 -1.0607e+02 -7.0257e+01 -1.8743e+02
# New trial
-1.1520e+02 -1.1372e+02 -1.1416e+02 -4.0174e+02
-1.1508e+02 -1.1254e+02 -1.0312e+02 -3.2078e+02
-1.1479e+02 -1.0953e+02 -7.0083e+01 -5.1140e+01
-1.1463e+02 -1.0793e+02 -6.1631e+01 -5.0779e+01
# New trial
-1.1510e+02 -1.1289e+02 -1.1582e+02 -4.2915e+02
-1.1499e+02 -1.1176e+02 -1.0485e+02 -3.3945e+02
-1.1471e+02 -1.0874e+02 -6.3996e+01 -5.0766e+01
-1.1468e+02 -1.0843e+02 -6.2940e+01 -5.0766e+01
# New trial
-1.1520e+02 -1.1384e+02 -1.3192e+02 -6.2610e+02
-1.1505e+02 -1.1225e+02 -9.5578e+01 -1.6907e+02
-1.1477e+02 -1.0933e+02 -6.5463e+01 -5.1039e+01
-1.1456e+02 -1.0719e+02 -5.8482e+01 -5.0799e+01
# New trial
-1.1521e+02 -1.1398e+02 -1.3267e+02 -6.4025e+02
-1.1508e+02 -1.1250e+02 -9.9933e+01 -2.1725e+02
-1.1492e+02 -1.1085e+02 -7.5810e+01 -5.0775e+01
-1.1494e+02 -1.1103e+02 -7.6253e+01 -5.0766e+01
# New trial
-1.1517e+02 -1.1383e+02 -1.6372e+02 -9.9999e+02
-1.1501e+02 -1.1198e+02 -1.1087e+02 -3.8492e+02
-1.1469e+02 -1.0863e+02 -6.4962e+01 -5.0908e+01
-1.1468e+02 -1.0843e+02 -6.4174e+01 -5.3094e+01
# New trial
-1.1522e+02 -1.1401e+02 -1.2604e+02 -6.2110e+02
-1.1515e+02 -1.1319e+02 -1.0335e+02 -1.9795e+02
-1.1497e+02 -1.1133e+02 -7.9011e+01 -5.0767e+01
-1.1488e+02 -1.1045e+02 -7.1558e+01 -5.0766e+01
# New trial
-1.1505e+02 -1.1283e+02 -1.5242e+02 -9.4105e+02
-1.1492e+02 -1.1149e+02 -1.1151e+02 -3.8822e+02
-1.1460e+02 -1.0792e+02 -6.7092e+01 -5.0791e+01
-1.1465e+02 -1.0817e+02 -6.7069e+01 -1.0043e+02
# New trial
-1.1515e+02 -1.1323e+02 -1.1099e+02 -3.0472e+02
-1.1499e+02 -1.1172e+02 -9.6420e+01 -1.9836e+02
-1.1461e+02 -1.0782e+02 -6.4829e+01 -5.1859e+01
-1.1458e+02 -1.0749e+02 -6.0746e+01 -5.6951e+01
# New trial
-1.1517e+02 -1.1341e+02 -1.0884e+02 -2.9317e+02
-1.1507e+02 -1.1247e+02 -9.9624e+01 -2.0344e+02
-1.1483e+02 -1.1002e+02 -7.2790e+01 -5.7317e+01
-1.1482e+02 -1.0987e+02 -7.0749e+01 -5.5827e+01
# New trial
-1.1519e+02 -1.1376e+02 -1.3677e+02 -6.8840e+02
-1.1508e+02 -1.1266e+02 -1.1471e+02 -3.9301e+02
-1.1481e+02 -1.0976e+02 -6.8389e+01 -5.0766e+01
-1.1467e+02 -1.0832e+02 -6.1775e+01 -5.0766e+01
# New trial
-1.1525e+02 -1.1428e+02 -1.2940e+02 -5.9561e+02
-1.1518e+02 -1.1346e+02 -1.0518e+02 -2.5571e+02
-1.1501e+02 -1.1170e+02 -8.1391e+01 -5.0800e+01
-1.1489e+02 -1.1051e+02 -7.1995e+01 -5.0774e+01
# New trial
-1.1511e+02 -1.1307e+02 -1.3333e+02 -6.1544e+02
-1.1494e+02 -1.1124e+02 -8.9568e+01 -1.1485e+02
-1.1486e+02 -1.1027e+02 -7.2934e+01 -5.1188e+01
-1.1510e+02 -1.1257e+02 -9.0391e+01 -1.7426e+02
# New trial
-1.1518e+02 -1.1349e+02 -1.1240e+02 -4.6671e+02
-1.1511e+02 -1.1277e+02 -9.3711e+01 -7.2809e+01
-1.1496e+02 -1.1117e+02 -7.7059e+01 -5.0767e+01
-1.1487e+02 -1.1035e+02 -7.0581e+01 -5.0766e+01
# New trial
-1.1517e+02 -1.1370e+02 -1.3223e+02 -5.7685e+02
-1.1498e+02 -1.1164e+02 -9.6601e+01 -2.6729e+02
-1.1476e+02 -1.0929e+02 -6.9372e+01 -5.3274e+01
-1.1486e+02 -1.1020e+02 -7.5338e+01 -1.2586e+02
# New trial
-1.1518e+02 -1.1378e+02 -1.2675e+02 -4.5157e+02
-1.1500e+02 -1.1178e+02 -9.5956e+01 -1.8758e+02
-1.1461e+02 -1.0786e+02 -5.9992e+01 -5.0844e+01
-1.1440e+02 -1.0563e+02 -5.5522e+01 -5.0766e+01
# New trial
-1.1524e+02 -1.1472e+02 -1.7417e+02 -1.0860e+03
-1.1506e+02 -1.1251e+02 -1.1386e+02 -3.5555e+02
-1.1467e+02 -1.0848e+02 -6.6321e+01 -5.1865e+01
-1.1468e+02 -1.0850e+02 -8.2013e+01 -3.2039e+02
# New trial
-1.1522e+02 -1.1388e+02 -1.0435e+02 -1.8916e+02
-1.1511e+02 -1.1275e+02 -9.3580e+01 -6.4489e+01
-1.1489e+02 -1.1059e+02 -7.5338e+01 -5.0796e+01
-1.1492e+02 -1.1082e+02 -7.4874e+01 -5.0766e+01
# New trial
-1.1515e+02 -1.1331e+02 -1.2355e+02 -6.0102e+02
-1.1509e+02 -1.1260e+02 -1.0143e+02 -2.5433e+02
-1.1492e+02 -1.1086e+02 -7.8577e+01 -6.3610e+01
-1.1490e+02 -1.1059e+02 -7.6853e+01 -1.4736e+02
# New trial
-1.1515e+02 -1.1359e+02 -1.3594e+02 -7.1988e+02
-1.1500e+02 -1.1198e+02 -1.0546e+02 -3.3263e+02
-1.1466e+02 -1.0836e+02 -6.4107e+01 -5.2406e+01
-1.1458e+02 -1.0746e+02 -6.4571e+01 -9.7976e+01
# New trial
-1.1521e+02 -1.1384e+02 -1.1434e+02 -3.4991e+02
-1.1509e+02 -1.1263e+02 -9.7931e+01 -1.8499e+02
-1.1485e+02 -1.1013e+02 -7.2715e+01 -5.0839e+01
-1.1486e+02 -1.1023e+02 -7.1843e+01 -5.0773e+01
# New trial
-1.1516e+02 -1.1338e+02 -1.1265e+02 -4.3167e+02
-1.1510e+02 -1.1267e+02 -9.9516e+01 -2.2737e+02
-1.1489e+02 -1.1059e+02 -7.3233e+01 -5.0877e+01
-1.1478e+02 -1.0937e+02 -6.6206e+01 -5.0766e+01
# New trial
