# 10.0sig - Array shape (trial/sig/alpha): (30L, 4L, 4L)
-7.8379e+01 -7.7766e+01 -8.2345e+01 -3.9387e+02
-7.8399e+01 -7.7931e+01 -7.9464e+01 -3.2665e+02
-7.8387e+01 -7.7775e+01 -7.3790e+01 -1.7171e+02
-7.8338e+01 -7.7270e+01 -6.7029e+01 -6.0227e+01
# New trial
-7.8440e+01 -7.9514e+01 -1.5400e+02 -1.2065e+03
-7.8384e+01 -7.8436e+01 -1.1123e+02 -6.8662e+02
-7.8345e+01 -7.7447e+01 -7.6090e+01 -2.9462e+02
-7.8239e+01 -7.6299e+01 -5.9044e+01 -8.9413e+01
# New trial
-7.8415e+01 -7.8295e+01 -1.0560e+02 -6.8460e+02
-7.8409e+01 -7.8117e+01 -8.9671e+01 -4.6312e+02
-7.8306e+01 -7.6983e+01 -6.6913e+01 -1.6757e+02
-7.8194e+01 -7.5838e+01 -5.4823e+01 -5.1712e+01
# New trial
-7.8348e+01 -7.7492e+01 -8.4453e+01 -4.5449e+02
-7.8367e+01 -7.7662e+01 -8.1581e+01 -3.6152e+02
-7.8308e+01 -7.7008e+01 -6.8783e+01 -2.0427e+02
-7.8217e+01 -7.6072e+01 -5.8852e+01 -1.4862e+02
# New trial
-7.8437e+01 -7.9066e+01 -1.3495e+02 -1.0462e+03
-7.8421e+01 -7.8382e+01 -9.5256e+01 -4.8856e+02
-7.8395e+01 -7.7899e+01 -7.7114e+01 -2.3182e+02
-7.8331e+01 -7.7199e+01 -6.6620e+01 -9.6674e+01
# New trial
-7.8364e+01 -7.7830e+01 -9.9615e+01 -6.2010e+02
-7.8368e+01 -7.7706e+01 -8.2886e+01 -3.6959e+02
-7.8288e+01 -7.6809e+01 -6.8069e+01 -3.2520e+02
-7.8162e+01 -7.5522e+01 -5.3165e+01 -1.5023e+02
# New trial
-7.8331e+01 -7.7349e+01 -7.8800e+01 -3.3693e+02
-7.8387e+01 -7.7816e+01 -7.7644e+01 -2.8287e+02
-7.8387e+01 -7.7773e+01 -7.2850e+01 -1.5261e+02
-7.8364e+01 -7.7530e+01 -6.9480e+01 -6.7690e+01
# New trial
-7.8260e+01 -7.7437e+01 -1.1388e+02 -7.7809e+02
-7.8301e+01 -7.7276e+01 -8.9155e+01 -4.7582e+02
-7.8310e+01 -7.7099e+01 -7.1691e+01 -2.1154e+02
-7.8278e+01 -7.6687e+01 -6.2170e+01 -8.8571e+01
# New trial
-7.8452e+01 -7.9340e+01 -1.6345e+02 -1.4414e+03
-7.8471e+01 -7.9102e+01 -1.2146e+02 -8.2043e+02
-7.8344e+01 -7.7409e+01 -7.4921e+01 -3.3239e+02
-7.8205e+01 -7.5940e+01 -5.6677e+01 -7.7515e+01
# New trial
-7.8382e+01 -7.7729e+01 -7.4812e+01 -2.3574e+02
-7.8374e+01 -7.7639e+01 -7.2470e+01 -1.8130e+02
-7.8357e+01 -7.7461e+01 -6.9404e+01 -1.0291e+02
-7.8356e+01 -7.7452e+01 -6.8708e+01 -4.8998e+01
# New trial
-7.8503e+01 -7.9620e+01 -1.3168e+02 -9.6735e+02
-7.8403e+01 -7.8195e+01 -1.0015e+02 -6.6357e+02
-7.8223e+01 -7.6190e+01 -6.5210e+01 -3.1602e+02
-7.8125e+01 -7.5147e+01 -5.1046e+01 -5.2009e+01
# New trial
-7.8511e+01 -7.9662e+01 -1.4449e+02 -1.0264e+03
-7.8396e+01 -7.8014e+01 -8.6188e+01 -2.9560e+02
-7.8360e+01 -7.7531e+01 -7.2283e+01 -1.4821e+02
-7.8316e+01 -7.7054e+01 -6.4978e+01 -6.5369e+01
# New trial
-7.8354e+01 -7.7799e+01 -1.0515e+02 -7.3624e+02
-7.8390e+01 -7.8060e+01 -9.4817e+01 -4.9266e+02
-7.8364e+01 -7.7618e+01 -7.7936e+01 -3.2552e+02
-7.8251e+01 -7.6424e+01 -6.1995e+01 -1.4778e+02
# New trial
-7.8424e+01 -7.8522e+01 -1.0956e+02 -6.9631e+02
-7.8444e+01 -7.8563e+01 -9.7944e+01 -5.0051e+02
-7.8340e+01 -7.7347e+01 -7.3768e+01 -3.4763e+02
-7.8244e+01 -7.6337e+01 -5.8746e+01 -7.0110e+01
# New trial
-7.8386e+01 -7.8266e+01 -1.1908e+02 -8.0592e+02
-7.8383e+01 -7.8028e+01 -9.9500e+01 -5.6109e+02
-7.8303e+01 -7.6992e+01 -6.9582e+01 -2.0846e+02
-7.8217e+01 -7.6066e+01 -5.6425e+01 -6.0392e+01
# New trial
-7.8582e+01 -8.0682e+01 -1.6355e+02 -1.3302e+03
-7.8510e+01 -7.9519e+01 -1.1820e+02 -7.0473e+02
-7.8334e+01 -7.7363e+01 -7.8923e+01 -3.8405e+02
-7.8143e+01 -7.5330e+01 -5.2618e+01 -1.4116e+02
# New trial
-7.8349e+01 -7.8619e+01 -1.6133e+02 -1.3644e+03
-7.8324e+01 -7.7587e+01 -9.7447e+01 -5.5686e+02
-7.8262e+01 -7.6624e+01 -6.9364e+01 -2.1966e+02
-7.8203e+01 -7.5935e+01 -5.7553e+01 -1.5998e+02
# New trial
-7.8542e+01 -7.9725e+01 -1.2577e+02 -8.9286e+02
-7.8464e+01 -7.8732e+01 -9.6316e+01 -5.0826e+02
-7.8320e+01 -7.7183e+01 -7.3218e+01 -2.8708e+02
-7.8272e+01 -7.6624e+01 -6.2275e+01 -1.2751e+02
# New trial
-7.8465e+01 -7.8620e+01 -9.1147e+01 -4.5685e+02
-7.8438e+01 -7.8304e+01 -8.1168e+01 -2.6804e+02
-7.8391e+01 -7.7802e+01 -7.2876e+01 -1.4532e+02
-7.8341e+01 -7.7298e+01 -6.7206e+01 -6.4168e+01
# New trial
-7.8572e+01 -8.0367e+01 -1.5694e+02 -1.1969e+03
-7.8526e+01 -7.9454e+01 -1.1237e+02 -7.4665e+02
-7.8315e+01 -7.7098e+01 -6.9824e+01 -1.8882e+02
-7.8149e+01 -7.5393e+01 -5.2287e+01 -1.2436e+02
# New trial
-7.8504e+01 -7.9682e+01 -1.4324e+02 -1.0800e+03
-7.8453e+01 -7.8627e+01 -9.5056e+01 -4.9879e+02
-7.8343e+01 -7.7349e+01 -7.0921e+01 -2.2294e+02
-7.8256e+01 -7.6452e+01 -6.0822e+01 -2.0572e+02
# New trial
-7.8384e+01 -7.7841e+01 -8.5491e+01 -4.2797e+02
-7.8391e+01 -7.7904e+01 -8.5604e+01 -4.4908e+02
-7.8332e+01 -7.7262e+01 -7.2768e+01 -3.3269e+02
-7.8219e+01 -7.6089e+01 -5.7996e+01 -9.6722e+01
# New trial
-7.8437e+01 -7.8524e+01 -1.0069e+02 -5.5846e+02
-7.8394e+01 -7.8019e+01 -8.8007e+01 -3.7851e+02
-7.8330e+01 -7.7240e+01 -7.0218e+01 -1.3554e+02
-7.8270e+01 -7.6590e+01 -6.1017e+01 -5.1485e+01
# New trial
-7.8421e+01 -7.8488e+01 -1.0523e+02 -6.1116e+02
-7.8413e+01 -7.8352e+01 -9.9569e+01 -5.0185e+02
-7.8334e+01 -7.7314e+01 -7.2727e+01 -2.2264e+02
-7.8175e+01 -7.5644e+01 -5.3488e+01 -4.9463e+01
# New trial
-7.8484e+01 -7.9327e+01 -1.2885e+02 -9.1473e+02
-7.8446e+01 -7.8731e+01 -1.0626e+02 -6.1040e+02
-7.8318e+01 -7.7140e+01 -7.2309e+01 -2.4912e+02
-7.8199e+01 -7.5884e+01 -5.5342e+01 -6.3756e+01
# New trial
-7.8757e+01 -8.3339e+01 -2.0224e+02 -1.6356e+03
-7.8620e+01 -8.0788e+01 -1.4103e+02 -1.0427e+03
-7.8280e+01 -7.6816e+01 -7.4024e+01 -3.5384e+02
-7.8023e+01 -7.4149e+01 -4.7773e+01 -7.4010e+01
# New trial
-7.8773e+01 -8.3480e+01 -2.0460e+02 -1.6423e+03
-7.8618e+01 -8.0635e+01 -1.3234e+02 -9.1207e+02
-7.8303e+01 -7.7004e+01 -7.4018e+01 -3.3972e+02
-7.8160e+01 -7.5508e+01 -5.6222e+01 -2.1460e+02
# New trial
-7.8383e+01 -7.8028e+01 -9.7158e+01 -5.2673e+02
-7.8380e+01 -7.7840e+01 -8.4093e+01 -3.4707e+02
-7.8320e+01 -7.7120e+01 -6.9058e+01 -2.1357e+02
-7.8257e+01 -7.6466e+01 -5.9988e+01 -7.1224e+01
# New trial
-7.8402e+01 -7.8389e+01 -1.3119e+02 -1.0972e+03
-7.8410e+01 -7.8290e+01 -9.9020e+01 -5.8840e+02
-7.8322e+01 -7.7230e+01 -7.3485e+01 -2.8359e+02
-7.8207e+01 -7.5983e+01 -5.7395e+01 -1.3371e+02
# New trial
-7.8294e+01 -7.7311e+01 -9.9211e+01 -6.2106e+02
-7.8303e+01 -7.7163e+01 -8.1166e+01 -3.5806e+02
-7.8263e+01 -7.6586e+01 -6.4349e+01 -1.8805e+02
-7.8185e+01 -7.5760e+01 -5.5198e+01 -6.9705e+01
# New trial
