# 1.0sig - Array shape (trial/sig/alpha): (30L, 4L, 4L)
-1.0607e+02 -1.0543e+02 -1.0880e+02 -2.6236e+02
-1.0601e+02 -1.0481e+02 -9.7449e+01 -1.2071e+02
-1.0586e+02 -1.0329e+02 -8.1096e+01 -7.3842e+01
-1.0572e+02 -1.0190e+02 -7.6948e+01 -7.3842e+01
# New trial
-1.0607e+02 -1.0545e+02 -1.0304e+02 -1.8561e+02
-1.0604e+02 -1.0509e+02 -9.8800e+01 -1.0585e+02
-1.0592e+02 -1.0394e+02 -8.8215e+01 -7.5344e+01
-1.0586e+02 -1.0333e+02 -8.3445e+01 -9.8812e+01
# New trial
-1.0606e+02 -1.0529e+02 -1.0130e+02 -1.6820e+02
-1.0603e+02 -1.0496e+02 -9.6654e+01 -8.2301e+01
-1.0592e+02 -1.0393e+02 -8.7083e+01 -7.3880e+01
-1.0580e+02 -1.0274e+02 -8.0725e+01 -9.5689e+01
# New trial
-1.0607e+02 -1.0545e+02 -1.0692e+02 -3.1452e+02
-1.0603e+02 -1.0505e+02 -1.0053e+02 -1.5429e+02
-1.0595e+02 -1.0416e+02 -8.9574e+01 -7.5921e+01
-1.0592e+02 -1.0389e+02 -8.6168e+01 -7.7470e+01
# New trial
-1.0600e+02 -1.0474e+02 -1.0536e+02 -2.7774e+02
-1.0595e+02 -1.0421e+02 -9.3255e+01 -1.5534e+02
-1.0586e+02 -1.0330e+02 -8.2125e+01 -7.3842e+01
-1.0585e+02 -1.0322e+02 -8.2694e+01 -8.8704e+01
# New trial
-1.0607e+02 -1.0540e+02 -1.0372e+02 -2.7468e+02
-1.0604e+02 -1.0506e+02 -9.7867e+01 -1.4406e+02
-1.0594e+02 -1.0409e+02 -8.7424e+01 -7.3842e+01
-1.0586e+02 -1.0330e+02 -8.1947e+01 -7.3842e+01
# New trial
-1.0610e+02 -1.0567e+02 -1.0497e+02 -2.4638e+02
-1.0607e+02 -1.0538e+02 -9.9193e+01 -1.3098e+02
-1.0603e+02 -1.0496e+02 -9.4692e+01 -7.4007e+01
-1.0604e+02 -1.0505e+02 -9.5475e+01 -7.4537e+01
# New trial
-1.0605e+02 -1.0527e+02 -1.1212e+02 -3.2712e+02
-1.0600e+02 -1.0473e+02 -9.9851e+01 -2.0528e+02
-1.0589e+02 -1.0360e+02 -8.5350e+01 -7.4437e+01
-1.0586e+02 -1.0329e+02 -8.3128e+01 -8.2350e+01
# New trial
-1.0601e+02 -1.0496e+02 -1.0913e+02 -2.7034e+02
-1.0590e+02 -1.0382e+02 -9.6444e+01 -1.9750e+02
-1.0566e+02 -1.0131e+02 -7.7377e+01 -7.3999e+01
-1.0559e+02 -1.0060e+02 -7.5043e+01 -7.3842e+01
# New trial
-1.0605e+02 -1.0517e+02 -1.0128e+02 -1.8680e+02
-1.0599e+02 -1.0466e+02 -9.6774e+01 -1.7386e+02
-1.0586e+02 -1.0330e+02 -8.2344e+01 -7.3846e+01
-1.0576e+02 -1.0232e+02 -7.8257e+01 -7.3842e+01
# New trial
-1.0603e+02 -1.0504e+02 -1.0692e+02 -2.7354e+02
-1.0597e+02 -1.0448e+02 -1.0078e+02 -2.1906e+02
-1.0582e+02 -1.0292e+02 -8.1895e+01 -7.3862e+01
-1.0578e+02 -1.0250e+02 -8.3174e+01 -1.2298e+02
# New trial
-1.0607e+02 -1.0549e+02 -1.1210e+02 -3.5227e+02
-1.0600e+02 -1.0475e+02 -9.6683e+01 -1.4527e+02
-1.0586e+02 -1.0327e+02 -8.3201e+01 -7.4095e+01
-1.0570e+02 -1.0168e+02 -7.6205e+01 -7.3842e+01
# New trial
-1.0607e+02 -1.0545e+02 -1.1165e+02 -3.3077e+02
-1.0601e+02 -1.0480e+02 -9.7704e+01 -1.4136e+02
-1.0592e+02 -1.0389e+02 -8.6937e+01 -7.3857e+01
-1.0590e+02 -1.0369e+02 -8.4815e+01 -8.5526e+01
# New trial
-1.0607e+02 -1.0561e+02 -1.3115e+02 -5.2964e+02
-1.0599e+02 -1.0471e+02 -1.0463e+02 -2.2261e+02
-1.0582e+02 -1.0292e+02 -8.1787e+01 -7.5042e+01
-1.0575e+02 -1.0223e+02 -7.8403e+01 -7.3852e+01
# New trial
-1.0608e+02 -1.0552e+02 -1.0838e+02 -3.3172e+02
-1.0604e+02 -1.0511e+02 -9.9610e+01 -1.5315e+02
-1.0595e+02 -1.0414e+02 -8.8134e+01 -7.4087e+01
-1.0589e+02 -1.0358e+02 -8.3597e+01 -7.3842e+01
# New trial
-1.0604e+02 -1.0541e+02 -1.2550e+02 -5.1141e+02
-1.0598e+02 -1.0477e+02 -1.0823e+02 -2.6047e+02
-1.0577e+02 -1.0251e+02 -8.0963e+01 -7.3843e+01
-1.0571e+02 -1.0177e+02 -7.7406e+01 -7.3878e+01
# New trial
-1.0605e+02 -1.0524e+02 -1.0336e+02 -1.9278e+02
-1.0598e+02 -1.0455e+02 -9.6120e+01 -1.0890e+02
-1.0577e+02 -1.0244e+02 -8.0651e+01 -7.3901e+01
-1.0567e+02 -1.0142e+02 -7.6914e+01 -7.7328e+01
# New trial
-1.0606e+02 -1.0529e+02 -1.0407e+02 -2.0302e+02
-1.0601e+02 -1.0482e+02 -9.9691e+01 -1.6811e+02
-1.0589e+02 -1.0356e+02 -8.4728e+01 -7.3857e+01
-1.0585e+02 -1.0318e+02 -8.2854e+01 -7.3853e+01
# New trial
-1.0605e+02 -1.0528e+02 -1.1170e+02 -3.6707e+02
-1.0600e+02 -1.0477e+02 -1.0211e+02 -2.1671e+02
-1.0587e+02 -1.0341e+02 -8.3523e+01 -7.4198e+01
-1.0578e+02 -1.0253e+02 -7.8711e+01 -7.3842e+01
# New trial
-1.0610e+02 -1.0571e+02 -1.1062e+02 -3.2236e+02
-1.0607e+02 -1.0536e+02 -1.0168e+02 -1.8730e+02
-1.0598e+02 -1.0450e+02 -9.1250e+01 -8.1086e+01
-1.0590e+02 -1.0369e+02 -8.5797e+01 -1.0308e+02
# New trial
-1.0605e+02 -1.0533e+02 -1.1504e+02 -3.4568e+02
-1.0597e+02 -1.0443e+02 -9.7151e+01 -1.6228e+02
-1.0588e+02 -1.0355e+02 -8.5628e+01 -7.4058e+01
-1.0595e+02 -1.0418e+02 -8.9366e+01 -1.2125e+02
# New trial
-1.0607e+02 -1.0536e+02 -1.0469e+02 -2.9116e+02
-1.0603e+02 -1.0501e+02 -9.6353e+01 -8.4492e+01
-1.0595e+02 -1.0418e+02 -8.8462e+01 -7.4989e+01
-1.0588e+02 -1.0352e+02 -8.5153e+01 -1.1308e+02
# New trial
-1.0605e+02 -1.0528e+02 -1.1092e+02 -3.1628e+02
-1.0597e+02 -1.0447e+02 -9.6466e+01 -1.7249e+02
-1.0584e+02 -1.0315e+02 -8.3333e+01 -7.3848e+01
-1.0583e+02 -1.0305e+02 -8.3699e+01 -1.2428e+02
# New trial
-1.0605e+02 -1.0528e+02 -1.0884e+02 -2.3205e+02
-1.0596e+02 -1.0440e+02 -9.7459e+01 -1.6890e+02
-1.0577e+02 -1.0244e+02 -7.8527e+01 -7.3842e+01
-1.0566e+02 -1.0130e+02 -7.6751e+01 -7.3940e+01
# New trial
-1.0607e+02 -1.0562e+02 -1.2851e+02 -5.1278e+02
-1.0599e+02 -1.0470e+02 -1.0263e+02 -1.8869e+02
-1.0582e+02 -1.0288e+02 -8.1566e+01 -7.3842e+01
-1.0574e+02 -1.0213e+02 -7.7801e+01 -7.3842e+01
# New trial
-1.0608e+02 -1.0545e+02 -1.0053e+02 -1.2974e+02
-1.0602e+02 -1.0492e+02 -9.5391e+01 -8.3039e+01
-1.0592e+02 -1.0388e+02 -8.6593e+01 -7.4574e+01
-1.0592e+02 -1.0388e+02 -8.7648e+01 -1.2220e+02
# New trial
-1.0606e+02 -1.0533e+02 -1.0556e+02 -2.6480e+02
-1.0603e+02 -1.0497e+02 -9.9697e+01 -1.6813e+02
-1.0592e+02 -1.0393e+02 -8.7165e+01 -7.3844e+01
-1.0586e+02 -1.0331e+02 -8.2991e+01 -8.7892e+01
# New trial
-1.0602e+02 -1.0503e+02 -1.1242e+02 -3.5697e+02
-1.0595e+02 -1.0428e+02 -9.8773e+01 -1.9146e+02
-1.0580e+02 -1.0272e+02 -8.0676e+01 -7.3842e+01
-1.0578e+02 -1.0252e+02 -7.9011e+01 -7.3842e+01
# New trial
-1.0608e+02 -1.0552e+02 -1.0507e+02 -2.0605e+02
-1.0602e+02 -1.0492e+02 -9.8002e+01 -1.2851e+02
-1.0589e+02 -1.0363e+02 -8.7021e+01 -7.4888e+01
-1.0588e+02 -1.0345e+02 -8.4260e+01 -8.3177e+01
# New trial
-1.0601e+02 -1.0480e+02 -1.0058e+02 -2.5242e+02
-1.0598e+02 -1.0449e+02 -9.3969e+01 -1.3034e+02
-1.0590e+02 -1.0371e+02 -8.5484e+01 -7.4111e+01
-1.0587e+02 -1.0339e+02 -8.2362e+01 -7.3842e+01
# New trial
