# 1.0sig - Array shape (trial/sig/alpha): (30L, 4L, 4L)
-1.0593e+02 -1.0418e+02 -1.1289e+02 -4.5516e+02
-1.0583e+02 -1.0309e+02 -9.0911e+01 -1.9141e+02
-1.0558e+02 -1.0053e+02 -5.9600e+01 -4.6152e+01
-1.0542e+02 -9.8864e+01 -5.4085e+01 -4.6152e+01
# New trial
-1.0598e+02 -1.0460e+02 -1.0290e+02 -2.8610e+02
-1.0589e+02 -1.0370e+02 -9.1401e+01 -1.2649e+02
-1.0571e+02 -1.0186e+02 -7.1309e+01 -4.7743e+01
-1.0569e+02 -1.0164e+02 -7.0235e+01 -1.2756e+02
# New trial
-1.0596e+02 -1.0439e+02 -9.8729e+01 -2.8554e+02
-1.0589e+02 -1.0369e+02 -8.8397e+01 -1.0044e+02
-1.0572e+02 -1.0187e+02 -6.8503e+01 -4.6152e+01
-1.0560e+02 -1.0069e+02 -6.1705e+01 -4.8813e+01
# New trial
-1.0593e+02 -1.0405e+02 -9.7457e+01 -3.4243e+02
-1.0586e+02 -1.0334e+02 -8.8957e+01 -1.9450e+02
-1.0573e+02 -1.0202e+02 -7.0798e+01 -4.7052e+01
-1.0572e+02 -1.0187e+02 -6.9832e+01 -8.3354e+01
# New trial
-1.0588e+02 -1.0373e+02 -1.1589e+02 -5.7079e+02
-1.0578e+02 -1.0263e+02 -8.8581e+01 -2.4888e+02
-1.0560e+02 -1.0078e+02 -6.2122e+01 -4.6154e+01
-1.0560e+02 -1.0072e+02 -6.2362e+01 -4.6277e+01
# New trial
-1.0597e+02 -1.0447e+02 -1.0521e+02 -4.3747e+02
-1.0590e+02 -1.0374e+02 -8.9712e+01 -1.8576e+02
-1.0573e+02 -1.0204e+02 -6.9177e+01 -4.6151e+01
-1.0568e+02 -1.0147e+02 -6.5419e+01 -4.6153e+01
# New trial
-1.0603e+02 -1.0506e+02 -1.0545e+02 -3.9988e+02
-1.0598e+02 -1.0453e+02 -9.2457e+01 -1.4886e+02
-1.0593e+02 -1.0394e+02 -8.5261e+01 -5.0548e+01
-1.0597e+02 -1.0433e+02 -8.9153e+01 -1.4764e+02
# New trial
-1.0596e+02 -1.0458e+02 -1.2187e+02 -5.8833e+02
-1.0585e+02 -1.0328e+02 -9.4294e+01 -3.1303e+02
-1.0564e+02 -1.0116e+02 -6.4835e+01 -4.6158e+01
-1.0568e+02 -1.0152e+02 -6.6471e+01 -4.6152e+01
# New trial
-1.0579e+02 -1.0318e+02 -1.1010e+02 -4.3748e+02
-1.0557e+02 -1.0073e+02 -8.2641e+01 -1.8183e+02
-1.0517e+02 -9.6581e+01 -5.0913e+01 -4.6153e+01
-1.0531e+02 -9.7877e+01 -5.6802e+01 -8.8951e+01
# New trial
-1.0592e+02 -1.0403e+02 -9.9494e+01 -3.5593e+02
-1.0581e+02 -1.0290e+02 -8.7245e+01 -2.0383e+02
-1.0557e+02 -1.0048e+02 -6.5274e+01 -4.8137e+01
-1.0549e+02 -9.9605e+01 -6.2927e+01 -9.3486e+01
# New trial
-1.0586e+02 -1.0354e+02 -1.0870e+02 -4.3314e+02
-1.0575e+02 -1.0244e+02 -9.6090e+01 -3.2106e+02
-1.0551e+02 -9.9892e+01 -5.9984e+01 -4.6908e+01
-1.0552e+02 -9.9908e+01 -7.6219e+01 -2.9783e+02
# New trial
-1.0595e+02 -1.0445e+02 -1.1855e+02 -6.0838e+02
-1.0583e+02 -1.0306e+02 -8.6930e+01 -1.9594e+02
-1.0557e+02 -1.0036e+02 -5.7249e+01 -4.6151e+01
-1.0538e+02 -9.8483e+01 -5.2844e+01 -4.6151e+01
# New trial
-1.0599e+02 -1.0491e+02 -1.2770e+02 -6.4502e+02
-1.0586e+02 -1.0340e+02 -9.2836e+01 -2.1043e+02
-1.0572e+02 -1.0192e+02 -7.0147e+01 -4.6172e+01
-1.0575e+02 -1.0220e+02 -7.0860e+01 -4.6160e+01
# New trial
-1.0593e+02 -1.0458e+02 -1.5502e+02 -9.7174e+02
-1.0579e+02 -1.0291e+02 -1.0371e+02 -3.8681e+02
-1.0552e+02 -1.0001e+02 -6.3785e+01 -4.6680e+01
-1.0552e+02 -9.9909e+01 -6.6536e+01 -1.4402e+02
# New trial
-1.0597e+02 -1.0456e+02 -1.1555e+02 -5.9055e+02
-1.0591e+02 -1.0385e+02 -9.3321e+01 -1.9892e+02
-1.0575e+02 -1.0222e+02 -7.1799e+01 -4.6988e+01
-1.0572e+02 -1.0190e+02 -6.9463e+01 -7.8052e+01
# New trial
-1.0593e+02 -1.0475e+02 -1.5044e+02 -9.0220e+02
-1.0582e+02 -1.0341e+02 -1.0877e+02 -3.7829e+02
-1.0549e+02 -9.9709e+01 -6.2071e+01 -4.7636e+01
-1.0550e+02 -9.9764e+01 -7.3457e+01 -2.6119e+02
# New trial
-1.0586e+02 -1.0343e+02 -9.8710e+01 -3.1583e+02
-1.0571e+02 -1.0192e+02 -8.3870e+01 -1.7069e+02
-1.0539e+02 -9.8721e+01 -5.3766e+01 -4.6151e+01
-1.0546e+02 -9.9355e+01 -5.7186e+01 -4.9474e+01
# New trial
-1.0597e+02 -1.0451e+02 -1.0423e+02 -3.2014e+02
-1.0587e+02 -1.0355e+02 -9.3871e+01 -2.1690e+02
-1.0565e+02 -1.0124e+02 -6.8266e+01 -5.8384e+01
-1.0567e+02 -1.0139e+02 -7.6242e+01 -2.4950e+02
# New trial
-1.0593e+02 -1.0431e+02 -1.2461e+02 -6.4029e+02
-1.0584e+02 -1.0329e+02 -1.0369e+02 -3.6888e+02
-1.0560e+02 -1.0075e+02 -6.2943e+01 -4.6795e+01
-1.0549e+02 -9.9593e+01 -5.7678e+01 -4.7520e+01
# New trial
-1.0601e+02 -1.0492e+02 -1.1791e+02 -5.6232e+02
-1.0594e+02 -1.0418e+02 -9.5415e+01 -2.5859e+02
-1.0579e+02 -1.0263e+02 -7.3997e+01 -4.6241e+01
-1.0572e+02 -1.0185e+02 -6.7766e+01 -4.6229e+01
# New trial
-1.0588e+02 -1.0388e+02 -1.2004e+02 -5.9649e+02
-1.0574e+02 -1.0231e+02 -8.7203e+01 -1.9356e+02
-1.0568e+02 -1.0153e+02 -7.0002e+01 -4.7284e+01
-1.0589e+02 -1.0359e+02 -8.3190e+01 -1.0223e+02
# New trial
-1.0595e+02 -1.0422e+02 -1.0221e+02 -4.5560e+02
-1.0588e+02 -1.0354e+02 -8.5209e+01 -8.5494e+01
-1.0574e+02 -1.0205e+02 -6.9212e+01 -4.6155e+01
-1.0570e+02 -1.0171e+02 -6.6793e+01 -4.6257e+01
# New trial
-1.0594e+02 -1.0447e+02 -1.2563e+02 -5.7783e+02
-1.0576e+02 -1.0253e+02 -8.6807e+01 -1.9276e+02
-1.0555e+02 -1.0033e+02 -6.0530e+01 -4.6151e+01
-1.0566e+02 -1.0132e+02 -6.7273e+01 -4.6548e+01
# New trial
-1.0599e+02 -1.0508e+02 -1.2253e+02 -4.7022e+02
-1.0581e+02 -1.0311e+02 -9.6120e+01 -2.5961e+02
-1.0544e+02 -9.9222e+01 -5.6288e+01 -4.6152e+01
-1.0527e+02 -9.7404e+01 -5.2055e+01 -4.6151e+01
# New trial
-1.0611e+02 -1.0653e+02 -1.6793e+02 -1.0568e+03
-1.0592e+02 -1.0427e+02 -1.1154e+02 -3.8726e+02
-1.0554e+02 -1.0020e+02 -6.4241e+01 -4.7854e+01
-1.0555e+02 -1.0022e+02 -6.5339e+01 -1.0303e+02
# New trial
-1.0599e+02 -1.0460e+02 -9.4917e+01 -1.4287e+02
-1.0588e+02 -1.0351e+02 -8.4719e+01 -7.6394e+01
-1.0569e+02 -1.0165e+02 -6.8396e+01 -4.6159e+01
-1.0577e+02 -1.0242e+02 -7.3594e+01 -1.1490e+02
# New trial
-1.0592e+02 -1.0411e+02 -1.1462e+02 -5.7787e+02
-1.0587e+02 -1.0350e+02 -9.4066e+01 -2.4905e+02
-1.0572e+02 -1.0195e+02 -7.2286e+01 -6.4480e+01
-1.0570e+02 -1.0174e+02 -6.9867e+01 -1.0492e+02
# New trial
-1.0596e+02 -1.0488e+02 -1.3251e+02 -7.1208e+02
-1.0582e+02 -1.0327e+02 -1.0074e+02 -3.1269e+02
-1.0552e+02 -1.0002e+02 -6.3185e+01 -4.7036e+01
-1.0548e+02 -9.9555e+01 -6.9084e+01 -1.9313e+02
# New trial
-1.0598e+02 -1.0460e+02 -1.0609e+02 -3.4737e+02
-1.0586e+02 -1.0335e+02 -8.9098e+01 -1.7291e+02
-1.0564e+02 -1.0112e+02 -6.6758e+01 -4.6267e+01
-1.0570e+02 -1.0170e+02 -6.9216e+01 -4.7821e+01
# New trial
-1.0588e+02 -1.0357e+02 -1.0136e+02 -4.2260e+02
-1.0582e+02 -1.0298e+02 -8.8089e+01 -2.1719e+02
-1.0567e+02 -1.0142e+02 -6.5798e+01 -4.6153e+01
-1.0560e+02 -1.0073e+02 -6.1890e+01 -4.6153e+01
# New trial
