# 1.0sig - Array shape (trial/sig/alpha): (30, 4, 4)
-1.7963e+02 -1.7660e+02 -1.7364e+02 -6.2220e+02
-1.7944e+02 -1.7466e+02 -1.4253e+02 -1.8751e+02
-1.7895e+02 -1.6967e+02 -8.9092e+01 -5.0766e+01
-1.7848e+02 -1.6498e+02 -6.8021e+01 -5.0847e+01
# New trial
-1.7967e+02 -1.7688e+02 -1.6302e+02 -3.6694e+02
-1.7952e+02 -1.7539e+02 -1.4509e+02 -1.4076e+02
-1.7912e+02 -1.7135e+02 -1.0344e+02 -5.0772e+01
-1.7889e+02 -1.6902e+02 -8.5100e+01 -5.0766e+01
# New trial
-1.7969e+02 -1.7715e+02 -1.6420e+02 -4.0979e+02
-1.7956e+02 -1.7575e+02 -1.4559e+02 -1.1538e+02
-1.7919e+02 -1.7207e+02 -1.0864e+02 -6.7595e+01
-1.7891e+02 -1.6921e+02 -8.8360e+01 -6.0404e+01
# New trial
-1.7966e+02 -1.7685e+02 -1.6719e+02 -7.0282e+02
-1.7953e+02 -1.7549e+02 -1.4877e+02 -2.6856e+02
-1.7921e+02 -1.7224e+02 -1.1151e+02 -5.2737e+01
-1.7905e+02 -1.7062e+02 -1.0026e+02 -1.5048e+02
# New trial
-1.7949e+02 -1.7526e+02 -1.7451e+02 -8.4526e+02
-1.7931e+02 -1.7338e+02 -1.3582e+02 -3.7398e+02
-1.7896e+02 -1.6979e+02 -9.8014e+01 -5.5627e+01
-1.7881e+02 -1.6826e+02 -8.9006e+01 -1.2890e+02
# New trial
-1.7969e+02 -1.7707e+02 -1.7426e+02 -8.2126e+02
-1.7956e+02 -1.7572e+02 -1.4508e+02 -2.5136e+02
-1.7923e+02 -1.7245e+02 -1.0989e+02 -5.0769e+01
-1.7899e+02 -1.6997e+02 -9.0530e+01 -5.0766e+01
# New trial
-1.7983e+02 -1.7845e+02 -1.7488e+02 -4.9911e+02
-1.7974e+02 -1.7753e+02 -1.5754e+02 -1.7460e+02
-1.7960e+02 -1.7606e+02 -1.4209e+02 -7.4876e+01
-1.7956e+02 -1.7570e+02 -1.3815e+02 -7.8197e+01
# New trial
-1.7966e+02 -1.7691e+02 -1.8282e+02 -9.0955e+02
-1.7947e+02 -1.7498e+02 -1.4868e+02 -4.3618e+02
-1.7905e+02 -1.7067e+02 -1.0236e+02 -5.3706e+01
-1.7889e+02 -1.6905e+02 -9.0666e+01 -1.0617e+02
# New trial
-1.7935e+02 -1.7419e+02 -1.6714e+02 -6.0536e+02
-1.7899e+02 -1.7039e+02 -1.2232e+02 -2.5605e+02
-1.7824e+02 -1.6277e+02 -7.2275e+01 -5.1863e+01
-1.7813e+02 -1.6166e+02 -8.5100e+01 -2.2506e+02
# New trial
-1.7964e+02 -1.7662e+02 -1.6284e+02 -3.8691e+02
-1.7945e+02 -1.7474e+02 -1.4411e+02 -2.0057e+02
-1.7897e+02 -1.6986e+02 -9.5570e+01 -5.0782e+01
-1.7861e+02 -1.6623e+02 -7.3736e+01 -5.0766e+01
# New trial
-1.7953e+02 -1.7569e+02 -1.6920e+02 -6.3541e+02
-1.7933e+02 -1.7370e+02 -1.5033e+02 -4.7921e+02
-1.7880e+02 -1.6822e+02 -8.8046e+01 -6.7584e+01
-1.7856e+02 -1.6580e+02 -7.5314e+01 -7.3005e+01
# New trial
-1.7971e+02 -1.7757e+02 -1.9936e+02 -9.4425e+02
-1.7945e+02 -1.7474e+02 -1.4179e+02 -2.6442e+02
-1.7895e+02 -1.6962e+02 -8.8715e+01 -5.0766e+01
-1.7846e+02 -1.6479e+02 -6.5845e+01 -5.0766e+01
# New trial
-1.7973e+02 -1.7762e+02 -1.9075e+02 -9.5734e+02
-1.7951e+02 -1.7530e+02 -1.4743e+02 -2.7453e+02
-1.7919e+02 -1.7203e+02 -1.0928e+02 -5.0833e+01
-1.7912e+02 -1.7134e+02 -1.0122e+02 -5.0767e+01
# New trial
-1.7968e+02 -1.7771e+02 -2.5288e+02 -1.6298e+03
-1.7938e+02 -1.7430e+02 -1.6550e+02 -6.3077e+02
-1.7876e+02 -1.6785e+02 -8.2576e+01 -5.0809e+01
-1.7850e+02 -1.6519e+02 -6.9716e+01 -5.1925e+01
# New trial
-1.7972e+02 -1.7751e+02 -1.8393e+02 -9.5092e+02
-1.7959e+02 -1.7609e+02 -1.5490e+02 -3.5236e+02
-1.7923e+02 -1.7247e+02 -1.1254e+02 -5.3175e+01
-1.7904e+02 -1.7048e+02 -9.5076e+01 -5.1211e+01
# New trial
-1.7942e+02 -1.7521e+02 -2.3060e+02 -1.5274e+03
-1.7916e+02 -1.7251e+02 -1.6170e+02 -5.6210e+02
-1.7856e+02 -1.6613e+02 -8.7417e+01 -5.2620e+01
-1.7857e+02 -1.6590e+02 -8.7997e+01 -1.9416e+02
# New trial
-1.7959e+02 -1.7622e+02 -1.6659e+02 -4.8971e+02
-1.7933e+02 -1.7365e+02 -1.4024e+02 -2.7114e+02
-1.7866e+02 -1.6684e+02 -8.2507e+01 -5.0834e+01
-1.7844e+02 -1.6463e+02 -6.8051e+01 -5.2793e+01
# New trial
-1.7964e+02 -1.7664e+02 -1.6348e+02 -4.1054e+02
-1.7946e+02 -1.7492e+02 -1.4624e+02 -2.6296e+02
-1.7901e+02 -1.7033e+02 -9.6495e+01 -5.1457e+01
-1.7893e+02 -1.6942e+02 -8.8948e+01 -5.0770e+01
# New trial
-1.7965e+02 -1.7688e+02 -1.9702e+02 -1.0429e+03
-1.7948e+02 -1.7509e+02 -1.6106e+02 -5.6669e+02
-1.7898e+02 -1.7000e+02 -9.3786e+01 -5.0911e+01
-1.7864e+02 -1.6652e+02 -7.3802e+01 -5.0766e+01
# New trial
-1.7972e+02 -1.7747e+02 -1.8436e+02 -8.6129e+02
-1.7962e+02 -1.7637e+02 -1.5631e+02 -3.4134e+02
-1.7935e+02 -1.7359e+02 -1.2036e+02 -5.5567e+01
-1.7909e+02 -1.7107e+02 -9.9004e+01 -5.5866e+01
# New trial
-1.7959e+02 -1.7644e+02 -1.9645e+02 -9.2781e+02
-1.7932e+02 -1.7354e+02 -1.4050e+02 -2.5093e+02
-1.7904e+02 -1.7068e+02 -1.0691e+02 -5.2973e+01
-1.7927e+02 -1.7282e+02 -1.1859e+02 -2.2397e+02
# New trial
-1.7969e+02 -1.7709e+02 -1.7911e+02 -8.7368e+02
-1.7956e+02 -1.7574e+02 -1.4227e+02 -8.8657e+01
-1.7927e+02 -1.7285e+02 -1.1242e+02 -5.1208e+01
-1.7903e+02 -1.7043e+02 -9.3382e+01 -5.0877e+01
# New trial
-1.7958e+02 -1.7623e+02 -1.8103e+02 -7.7718e+02
-1.7929e+02 -1.7320e+02 -1.3490e+02 -3.9379e+02
-1.7885e+02 -1.6876e+02 -9.3612e+01 -5.3382e+01
-1.7888e+02 -1.6903e+02 -9.1373e+01 -6.3981e+01
# New trial
-1.7962e+02 -1.7676e+02 -1.8357e+02 -5.9481e+02
-1.7930e+02 -1.7341e+02 -1.3943e+02 -3.1630e+02
-1.7859e+02 -1.6615e+02 -7.0049e+01 -5.0766e+01
-1.7813e+02 -1.6151e+02 -5.9869e+01 -5.0766e+01
# New trial
-1.7982e+02 -1.7945e+02 -2.7025e+02 -1.6620e+03
-1.7945e+02 -1.7503e+02 -1.6643e+02 -4.6032e+02
-1.7873e+02 -1.6756e+02 -8.3337e+01 -5.0824e+01
-1.7849e+02 -1.6513e+02 -9.2631e+01 -2.9427e+02
# New trial
-1.7974e+02 -1.7757e+02 -1.6081e+02 -2.1251e+02
-1.7954e+02 -1.7557e+02 -1.4040e+02 -8.2227e+01
-1.7914e+02 -1.7158e+02 -1.0582e+02 -5.1500e+01
-1.7903e+02 -1.7041e+02 -9.3989e+01 -7.3331e+01
# New trial
-1.7960e+02 -1.7636e+02 -1.7841e+02 -8.8876e+02
-1.7948e+02 -1.7511e+02 -1.5134e+02 -3.7623e+02
-1.7916e+02 -1.7182e+02 -1.1080e+02 -6.0142e+01
-1.7902e+02 -1.7036e+02 -1.0037e+02 -1.5594e+02
# New trial
-1.7968e+02 -1.7759e+02 -2.0149e+02 -9.6744e+02
-1.7939e+02 -1.7438e+02 -1.5226e+02 -4.7444e+02
-1.7874e+02 -1.6763e+02 -8.5652e+01 -8.4283e+01
-1.7844e+02 -1.6464e+02 -8.7226e+01 -2.7204e+02
# New trial
-1.7968e+02 -1.7704e+02 -1.6741e+02 -4.7793e+02
-1.7948e+02 -1.7498e+02 -1.4302e+02 -2.5245e+02
-1.7903e+02 -1.7055e+02 -1.0350e+02 -6.1593e+01
-1.7891e+02 -1.6926e+02 -9.7022e+01 -2.4558e+02
# New trial
-1.7960e+02 -1.7629e+02 -1.6474e+02 -5.7915e+02
-1.7948e+02 -1.7499e+02 -1.4418e+02 -2.7052e+02
-1.7911e+02 -1.7128e+02 -1.0178e+02 -5.1247e+01
-1.7882e+02 -1.6838e+02 -8.2701e+01 -5.1338e+01
# New trial
