# 1.0sig - Array shape (trial/sig/alpha): (30, 4, 4)
-1.4751e+02 -1.4603e+02 -1.4414e+02 -3.7572e+02
-1.4740e+02 -1.4493e+02 -1.2632e+02 -1.3703e+02
-1.4714e+02 -1.4225e+02 -9.8840e+01 -7.8457e+01
-1.4689e+02 -1.3982e+02 -8.7191e+01 -7.8457e+01
# New trial
-1.4752e+02 -1.4608e+02 -1.3636e+02 -2.1765e+02
-1.4745e+02 -1.4536e+02 -1.2962e+02 -1.2355e+02
-1.4724e+02 -1.4329e+02 -1.1096e+02 -8.1079e+01
-1.4710e+02 -1.4186e+02 -9.9845e+01 -1.2701e+02
# New trial
-1.4752e+02 -1.4606e+02 -1.3624e+02 -2.8456e+02
-1.4745e+02 -1.4536e+02 -1.2786e+02 -1.1212e+02
-1.4726e+02 -1.4345e+02 -1.1120e+02 -8.2386e+01
-1.4709e+02 -1.4177e+02 -1.0099e+02 -1.4373e+02
# New trial
-1.4751e+02 -1.4603e+02 -1.4105e+02 -5.2284e+02
-1.4744e+02 -1.4532e+02 -1.2986e+02 -2.0450e+02
-1.4727e+02 -1.4356e+02 -1.1010e+02 -7.8458e+01
-1.4719e+02 -1.4274e+02 -1.0381e+02 -8.8246e+01
# New trial
-1.4741e+02 -1.4504e+02 -1.4329e+02 -4.6390e+02
-1.4731e+02 -1.4405e+02 -1.2236e+02 -2.4671e+02
-1.4713e+02 -1.4220e+02 -1.0286e+02 -8.2560e+01
-1.4705e+02 -1.4141e+02 -1.0170e+02 -1.7369e+02
# New trial
-1.4754e+02 -1.4626e+02 -1.4387e+02 -4.8669e+02
-1.4747e+02 -1.4558e+02 -1.3051e+02 -1.5315e+02
-1.4729e+02 -1.4377e+02 -1.1281e+02 -8.0115e+01
-1.4715e+02 -1.4232e+02 -1.0062e+02 -7.9360e+01
# New trial
-1.4762e+02 -1.4704e+02 -1.4609e+02 -3.9209e+02
-1.4757e+02 -1.4654e+02 -1.3739e+02 -1.9514e+02
-1.4748e+02 -1.4566e+02 -1.2854e+02 -1.0704e+02
-1.4745e+02 -1.4540e+02 -1.2688e+02 -2.0146e+02
# New trial
-1.4750e+02 -1.4596e+02 -1.4831e+02 -5.0369e+02
-1.4739e+02 -1.4482e+02 -1.2693e+02 -1.6062e+02
-1.4716e+02 -1.4249e+02 -1.0308e+02 -7.9336e+01
-1.4705e+02 -1.4140e+02 -1.0281e+02 -2.1553e+02
# New trial
-1.4737e+02 -1.4472e+02 -1.3778e+02 -3.8844e+02
-1.4719e+02 -1.4287e+02 -1.1903e+02 -1.8673e+02
-1.4677e+02 -1.3872e+02 -9.2298e+01 -7.9338e+01
-1.4659e+02 -1.3686e+02 -8.6127e+01 -8.8721e+01
# New trial
-1.4748e+02 -1.4569e+02 -1.3403e+02 -2.4532e+02
-1.4738e+02 -1.4470e+02 -1.2390e+02 -1.6351e+02
-1.4713e+02 -1.4220e+02 -9.9153e+01 -7.8457e+01
-1.4694e+02 -1.4031e+02 -9.0048e+01 -7.8457e+01
# New trial
-1.4744e+02 -1.4537e+02 -1.4125e+02 -3.8622e+02
-1.4734e+02 -1.4434e+02 -1.3096e+02 -2.8616e+02
-1.4706e+02 -1.4146e+02 -9.7027e+01 -9.1730e+01
-1.4693e+02 -1.4017e+02 -9.1422e+01 -8.2177e+01
# New trial
-1.4754e+02 -1.4639e+02 -1.5728e+02 -5.4990e+02
-1.4740e+02 -1.4489e+02 -1.2725e+02 -2.1033e+02
-1.4713e+02 -1.4219e+02 -9.9919e+01 -7.8844e+01
-1.4685e+02 -1.3936e+02 -8.6376e+01 -7.8458e+01
# New trial
-1.4757e+02 -1.4665e+02 -1.5599e+02 -5.9952e+02
-1.4746e+02 -1.4550e+02 -1.3375e+02 -2.2133e+02
-1.4726e+02 -1.4351e+02 -1.1055e+02 -7.9147e+01
-1.4719e+02 -1.4279e+02 -1.0810e+02 -2.1208e+02
# New trial
-1.4746e+02 -1.4574e+02 -1.7249e+02 -8.5748e+02
-1.4733e+02 -1.4432e+02 -1.3272e+02 -3.1297e+02
-1.4703e+02 -1.4125e+02 -9.9891e+01 -7.9786e+01
-1.4693e+02 -1.4016e+02 -9.6009e+01 -1.6480e+02
# New trial
-1.4755e+02 -1.4640e+02 -1.4837e+02 -5.5187e+02
-1.4747e+02 -1.4559e+02 -1.3266e+02 -2.2034e+02
-1.4728e+02 -1.4369e+02 -1.1150e+02 -7.9056e+01
-1.4719e+02 -1.4276e+02 -1.0310e+02 -7.8457e+01
# New trial
-1.4752e+02 -1.4654e+02 -1.7934e+02 -8.5238e+02
-1.4738e+02 -1.4498e+02 -1.4413e+02 -3.6624e+02
-1.4697e+02 -1.4075e+02 -9.9173e+01 -7.9099e+01
-1.4685e+02 -1.3943e+02 -9.4061e+01 -1.3912e+02
# New trial
-1.4749e+02 -1.4584e+02 -1.4028e+02 -2.9407e+02
-1.4736e+02 -1.4454e+02 -1.2766e+02 -2.3649e+02
-1.4697e+02 -1.4066e+02 -9.6257e+01 -7.8572e+01
-1.4677e+02 -1.3862e+02 -8.5670e+01 -7.8814e+01
# New trial
-1.4750e+02 -1.4587e+02 -1.3683e+02 -2.6518e+02
-1.4740e+02 -1.4493e+02 -1.2809e+02 -1.8710e+02
-1.4718e+02 -1.4265e+02 -1.0400e+02 -8.6012e+01
-1.4714e+02 -1.4224e+02 -1.0089e+02 -8.7990e+01
# New trial
-1.4752e+02 -1.4628e+02 -1.6087e+02 -6.2524e+02
-1.4742e+02 -1.4521e+02 -1.3913e+02 -3.3888e+02
-1.4715e+02 -1.4240e+02 -1.0037e+02 -7.8457e+01
-1.4698e+02 -1.4062e+02 -9.0956e+01 -7.8457e+01
# New trial
-1.4757e+02 -1.4658e+02 -1.4883e+02 -5.0165e+02
-1.4751e+02 -1.4594e+02 -1.3413e+02 -2.0887e+02
-1.4735e+02 -1.4437e+02 -1.1608e+02 -7.9850e+01
-1.4720e+02 -1.4285e+02 -1.0353e+02 -7.8458e+01
# New trial
-1.4749e+02 -1.4593e+02 -1.5520e+02 -5.3328e+02
-1.4735e+02 -1.4445e+02 -1.2621e+02 -1.7556e+02
-1.4718e+02 -1.4272e+02 -1.0705e+02 -8.0382e+01
-1.4728e+02 -1.4363e+02 -1.1140e+02 -1.1874e+02
# New trial
-1.4753e+02 -1.4614e+02 -1.3934e+02 -3.9058e+02
-1.4746e+02 -1.4551e+02 -1.2835e+02 -1.0897e+02
-1.4731e+02 -1.4392e+02 -1.1347e+02 -8.1549e+01
-1.4714e+02 -1.4231e+02 -1.0026e+02 -8.2840e+01
# New trial
-1.4749e+02 -1.4596e+02 -1.5265e+02 -5.1597e+02
-1.4734e+02 -1.4434e+02 -1.2531e+02 -2.2635e+02
-1.4707e+02 -1.4159e+02 -1.0019e+02 -7.9295e+01
-1.4703e+02 -1.4125e+02 -1.0280e+02 -2.0623e+02
# New trial
-1.4748e+02 -1.4590e+02 -1.4710e+02 -3.3600e+02
-1.4732e+02 -1.4421e+02 -1.2654e+02 -2.0324e+02
-1.4694e+02 -1.4034e+02 -9.1219e+01 -7.8466e+01
-1.4668e+02 -1.3773e+02 -8.3543e+01 -7.8457e+01
# New trial
-1.4752e+02 -1.4651e+02 -1.8252e+02 -8.3500e+02
-1.4734e+02 -1.4447e+02 -1.3335e+02 -2.3048e+02
-1.4701e+02 -1.4105e+02 -9.6893e+01 -8.1317e+01
-1.4684e+02 -1.3931e+02 -9.5116e+01 -1.6055e+02
# New trial
-1.4756e+02 -1.4644e+02 -1.3699e+02 -1.5838e+02
-1.4746e+02 -1.4546e+02 -1.2789e+02 -1.0013e+02
-1.4724e+02 -1.4333e+02 -1.1018e+02 -7.9341e+01
-1.4714e+02 -1.4228e+02 -1.0245e+02 -1.2597e+02
# New trial
-1.4748e+02 -1.4581e+02 -1.5087e+02 -5.7093e+02
-1.4741e+02 -1.4500e+02 -1.3105e+02 -2.3913e+02
-1.4721e+02 -1.4303e+02 -1.0626e+02 -7.8459e+01
-1.4712e+02 -1.4206e+02 -9.8440e+01 -7.8457e+01
# New trial
-1.4748e+02 -1.4597e+02 -1.5512e+02 -5.3702e+02
-1.4735e+02 -1.4452e+02 -1.3338e+02 -3.0990e+02
-1.4702e+02 -1.4117e+02 -9.8167e+01 -1.0363e+02
-1.4682e+02 -1.3910e+02 -8.7970e+01 -9.8865e+01
# New trial
-1.4755e+02 -1.4642e+02 -1.4249e+02 -3.2722e+02
-1.4746e+02 -1.4548e+02 -1.3205e+02 -2.2514e+02
-1.4720e+02 -1.4291e+02 -1.0809e+02 -7.8964e+01
-1.4710e+02 -1.4185e+02 -1.0070e+02 -1.4779e+02
# New trial
-1.4747e+02 -1.4562e+02 -1.3662e+02 -4.1709e+02
-1.4741e+02 -1.4495e+02 -1.2590e+02 -1.6919e+02
-1.4722e+02 -1.4310e+02 -1.0722e+02 -8.9933e+01
-1.4707e+02 -1.4159e+02 -9.7606e+01 -1.0673e+02
# New trial
