# 1.0sig - Array shape (trial/sig/alpha): (30L, 4L, 4L)
-1.0126e+02 -9.9197e+01 -1.1857e+02 -6.8860e+02
-1.0121e+02 -9.8519e+01 -9.2548e+01 -3.3558e+02
-1.0099e+02 -9.6187e+01 -5.8240e+01 -1.2230e+02
-1.0085e+02 -9.4736e+01 -5.3364e+01 -4.6579e+01
# New trial
-1.0128e+02 -9.9301e+01 -1.0523e+02 -4.2373e+02
-1.0122e+02 -9.8630e+01 -8.6248e+01 -1.6069e+02
-1.0111e+02 -9.7408e+01 -6.8900e+01 -1.4219e+02
-1.0113e+02 -9.7515e+01 -6.8136e+01 -1.1683e+02
# New trial
-1.0134e+02 -9.9818e+01 -1.0675e+02 -5.4813e+02
-1.0130e+02 -9.9409e+01 -9.3138e+01 -2.6013e+02
-1.0116e+02 -9.7873e+01 -7.2393e+01 -1.7332e+02
-1.0103e+02 -9.6566e+01 -6.1203e+01 -5.4350e+01
# New trial
-1.0126e+02 -9.9002e+01 -9.9696e+01 -5.0023e+02
-1.0123e+02 -9.8756e+01 -9.0712e+01 -3.0627e+02
-1.0113e+02 -9.7568e+01 -7.0062e+01 -1.2650e+02
-1.0113e+02 -9.7487e+01 -6.6881e+01 -1.0685e+02
# New trial
-1.0127e+02 -9.9413e+01 -1.3381e+02 -8.9666e+02
-1.0115e+02 -9.8017e+01 -9.5202e+01 -4.8787e+02
-1.0101e+02 -9.6465e+01 -6.4381e+01 -1.7861e+02
-1.0104e+02 -9.6621e+01 -6.2800e+01 -1.0427e+02
# New trial
-1.0123e+02 -9.8795e+01 -1.0337e+02 -5.5894e+02
-1.0124e+02 -9.8773e+01 -8.9176e+01 -3.2342e+02
-1.0114e+02 -9.7615e+01 -6.8594e+01 -1.3306e+02
-1.0111e+02 -9.7340e+01 -6.5635e+01 -1.4461e+02
# New trial
-1.0140e+02 -1.0036e+02 -1.1083e+02 -6.5188e+02
-1.0136e+02 -9.9873e+01 -9.0310e+01 -2.7102e+02
-1.0131e+02 -9.9373e+01 -8.1599e+01 -9.5576e+01
-1.0136e+02 -9.9809e+01 -8.5300e+01 -1.3753e+02
# New trial
-1.0130e+02 -9.9601e+01 -1.2183e+02 -7.8343e+02
-1.0121e+02 -9.8521e+01 -9.6390e+01 -4.5124e+02
-1.0103e+02 -9.6634e+01 -6.5170e+01 -1.1983e+02
-1.0110e+02 -9.7188e+01 -6.9433e+01 -2.2691e+02
# New trial
-1.0121e+02 -9.9361e+01 -1.3291e+02 -7.7874e+02
-1.0103e+02 -9.7141e+01 -1.0329e+02 -6.1409e+02
-1.0065e+02 -9.2942e+01 -6.2110e+01 -3.3973e+02
-1.0080e+02 -9.4268e+01 -5.7188e+01 -1.4202e+02
# New trial
-1.0130e+02 -9.9414e+01 -1.0180e+02 -4.2092e+02
-1.0120e+02 -9.8400e+01 -8.8290e+01 -3.0920e+02
-1.0097e+02 -9.6021e+01 -5.9145e+01 -1.5562e+02
-1.0090e+02 -9.5188e+01 -5.6485e+01 -6.2896e+01
# New trial
-1.0127e+02 -9.9567e+01 -1.2984e+02 -8.0466e+02
-1.0117e+02 -9.8388e+01 -1.1370e+02 -6.8034e+02
-1.0094e+02 -9.5739e+01 -6.2728e+01 -2.1113e+02
-1.0095e+02 -9.5711e+01 -6.1369e+01 -1.5052e+02
# New trial
-1.0125e+02 -9.9313e+01 -1.2777e+02 -7.9214e+02
-1.0121e+02 -9.8541e+01 -9.4020e+01 -3.8605e+02
-1.0100e+02 -9.6267e+01 -6.2219e+01 -1.9996e+02
-1.0084e+02 -9.4664e+01 -5.3893e+01 -8.4778e+01
# New trial
-1.0132e+02 -9.9831e+01 -1.3208e+02 -8.1349e+02
-1.0121e+02 -9.8530e+01 -9.1288e+01 -3.0632e+02
-1.0111e+02 -9.7441e+01 -6.9439e+01 -1.1532e+02
-1.0115e+02 -9.7779e+01 -6.8982e+01 -5.7681e+01
# New trial
-1.0132e+02 -1.0068e+02 -1.9259e+02 -1.4867e+03
-1.0115e+02 -9.8379e+01 -1.1960e+02 -6.5699e+02
-1.0090e+02 -9.5376e+01 -6.1268e+01 -1.9620e+02
-1.0092e+02 -9.5481e+01 -5.8640e+01 -1.5542e+02
# New trial
-1.0133e+02 -9.9938e+01 -1.2478e+02 -8.1703e+02
-1.0128e+02 -9.9193e+01 -9.6513e+01 -3.4415e+02
-1.0115e+02 -9.7778e+01 -7.1280e+01 -1.3546e+02
-1.0112e+02 -9.7476e+01 -7.0873e+01 -2.4371e+02
# New trial
-1.0119e+02 -9.9249e+01 -1.6872e+02 -1.3332e+03
-1.0107e+02 -9.7847e+01 -1.1115e+02 -5.9502e+02
-1.0085e+02 -9.5069e+01 -6.5656e+01 -1.9631e+02
-1.0096e+02 -9.5827e+01 -6.5782e+01 -1.8108e+02
# New trial
-1.0127e+02 -9.9344e+01 -1.1505e+02 -6.0211e+02
-1.0113e+02 -9.7881e+01 -9.1530e+01 -3.4002e+02
-1.0081e+02 -9.4432e+01 -5.3006e+01 -1.6785e+02
-1.0091e+02 -9.5311e+01 -5.6776e+01 -7.7421e+01
# New trial
-1.0122e+02 -9.8799e+01 -1.0209e+02 -4.8867e+02
-1.0117e+02 -9.8172e+01 -9.1148e+01 -3.6047e+02
-1.0101e+02 -9.6431e+01 -6.1317e+01 -1.0424e+02
-1.0107e+02 -9.6914e+01 -6.4440e+01 -6.9488e+01
# New trial
-1.0124e+02 -9.9134e+01 -1.3210e+02 -8.6545e+02
-1.0122e+02 -9.8685e+01 -1.0577e+02 -5.3651e+02
-1.0102e+02 -9.6496e+01 -6.4932e+01 -1.9757e+02
-1.0094e+02 -9.5596e+01 -5.8845e+01 -1.2032e+02
# New trial
-1.0141e+02 -1.0073e+02 -1.3306e+02 -8.3816e+02
-1.0137e+02 -1.0005e+02 -1.0555e+02 -4.8563e+02
-1.0122e+02 -9.8399e+01 -7.5095e+01 -1.6109e+02
-1.0113e+02 -9.7480e+01 -6.5788e+01 -7.1414e+01
# New trial
-1.0122e+02 -9.9300e+01 -1.5234e+02 -1.0250e+03
-1.0105e+02 -9.7125e+01 -8.3209e+01 -3.0583e+02
-1.0106e+02 -9.6943e+01 -6.4524e+01 -1.2667e+02
-1.0130e+02 -9.9183e+01 -8.0133e+01 -1.5575e+02
# New trial
-1.0132e+02 -9.9639e+01 -1.2101e+02 -7.6560e+02
-1.0128e+02 -9.9080e+01 -8.6278e+01 -1.9704e+02
-1.0114e+02 -9.7660e+01 -6.6685e+01 -9.5685e+01
-1.0113e+02 -9.7524e+01 -6.5901e+01 -4.6601e+01
# New trial
-1.0131e+02 -1.0025e+02 -1.5380e+02 -1.0263e+03
-1.0116e+02 -9.8346e+01 -1.0316e+02 -4.7979e+02
-1.0100e+02 -9.6385e+01 -6.7317e+01 -1.5750e+02
-1.0110e+02 -9.7205e+01 -6.6918e+01 -8.1618e+01
# New trial
-1.0138e+02 -1.0083e+02 -1.3871e+02 -7.8450e+02
-1.0120e+02 -9.8731e+01 -1.0209e+02 -4.2682e+02
-1.0086e+02 -9.5067e+01 -6.1749e+01 -1.9893e+02
-1.0074e+02 -9.3741e+01 -5.2793e+01 -7.5687e+01
# New trial
-1.0146e+02 -1.0173e+02 -1.7161e+02 -1.2096e+03
-1.0131e+02 -9.9771e+01 -1.1279e+02 -5.3985e+02
-1.0096e+02 -9.5931e+01 -6.4512e+01 -1.8230e+02
-1.0097e+02 -9.5915e+01 -6.2612e+01 -1.0822e+02
# New trial
-1.0134e+02 -9.9790e+01 -9.8553e+01 -3.3072e+02
-1.0122e+02 -9.8519e+01 -8.0851e+01 -1.3259e+02
-1.0108e+02 -9.7028e+01 -6.3027e+01 -8.7552e+01
-1.0119e+02 -9.8126e+01 -7.0704e+01 -5.0388e+01
# New trial
-1.0121e+02 -9.8621e+01 -1.0268e+02 -5.4043e+02
-1.0122e+02 -9.8613e+01 -9.0221e+01 -3.0260e+02
-1.0113e+02 -9.7522e+01 -6.8649e+01 -1.4859e+02
-1.0112e+02 -9.7409e+01 -7.0728e+01 -1.9287e+02
# New trial
-1.0136e+02 -1.0126e+02 -1.6786e+02 -1.2234e+03
-1.0122e+02 -9.9102e+01 -1.1226e+02 -5.3392e+02
-1.0092e+02 -9.5601e+01 -6.1088e+01 -1.8853e+02
-1.0090e+02 -9.5256e+01 -5.7843e+01 -1.2519e+02
# New trial
-1.0131e+02 -9.9788e+01 -1.2174e+02 -6.2881e+02
-1.0119e+02 -9.8334e+01 -8.7506e+01 -2.6758e+02
-1.0103e+02 -9.6661e+01 -6.5757e+01 -1.4000e+02
-1.0110e+02 -9.7286e+01 -6.7531e+01 -1.2373e+02
# New trial
-1.0124e+02 -9.8987e+01 -1.1287e+02 -7.1195e+02
-1.0121e+02 -9.8512e+01 -9.0066e+01 -2.7992e+02
-1.0108e+02 -9.7121e+01 -6.6356e+01 -1.7406e+02
-1.0103e+02 -9.6490e+01 -6.0707e+01 -6.3630e+01
# New trial
