# 1.0sig - Array shape (trial/sig/alpha): (30L, 4L, 4L)
-6.9074e+01 -6.8109e+01 -9.5346e+01 -6.2687e+02
-6.9076e+01 -6.7927e+01 -7.6083e+01 -3.8056e+02
-6.8999e+01 -6.7014e+01 -5.6679e+01 -2.4688e+02
-6.8968e+01 -6.6662e+01 -5.1239e+01 -1.1007e+02
# New trial
-6.9032e+01 -6.7635e+01 -8.0622e+01 -4.4525e+02
-6.9032e+01 -6.7458e+01 -6.1934e+01 -1.5401e+02
-6.9051e+01 -6.7535e+01 -5.6967e+01 -1.6746e+02
-6.9122e+01 -6.8181e+01 -5.9250e+01 -7.6187e+01
# New trial
-6.9039e+01 -6.7675e+01 -8.1017e+01 -5.1044e+02
-6.9070e+01 -6.7880e+01 -7.0756e+01 -3.0123e+02
-6.9074e+01 -6.7779e+01 -6.0795e+01 -2.4030e+02
-6.9054e+01 -6.7518e+01 -5.5275e+01 -1.4301e+02
# New trial
-6.9057e+01 -6.7746e+01 -7.6242e+01 -4.7888e+02
-6.9083e+01 -6.7969e+01 -6.9991e+01 -2.7180e+02
-6.9056e+01 -6.7585e+01 -5.7745e+01 -1.3054e+02
-6.9047e+01 -6.7452e+01 -5.4686e+01 -5.2923e+01
# New trial
-6.9059e+01 -6.8057e+01 -1.0530e+02 -7.7292e+02
-6.9008e+01 -6.7337e+01 -7.7493e+01 -4.5466e+02
-6.8975e+01 -6.6820e+01 -5.5001e+01 -2.2880e+02
-6.9043e+01 -6.7407e+01 -5.4892e+01 -1.1326e+02
# New trial
-6.9029e+01 -6.7548e+01 -7.8170e+01 -4.8432e+02
-6.9061e+01 -6.7725e+01 -6.6748e+01 -2.8663e+02
-6.9053e+01 -6.7537e+01 -5.7174e+01 -1.3830e+02
-6.9100e+01 -6.7975e+01 -6.1063e+01 -2.2929e+02
# New trial
-6.9133e+01 -6.8455e+01 -7.8939e+01 -4.3767e+02
-6.9143e+01 -6.8437e+01 -6.5301e+01 -1.2930e+02
-6.9138e+01 -6.8349e+01 -6.1599e+01 -1.0229e+02
-6.9158e+01 -6.8542e+01 -6.2588e+01 -5.2162e+01
# New trial
-6.9174e+01 -6.9123e+01 -1.0082e+02 -6.6816e+02
-6.9106e+01 -6.8250e+01 -7.5903e+01 -3.7640e+02
-6.9009e+01 -6.7125e+01 -5.4808e+01 -1.4458e+02
-6.9074e+01 -6.7716e+01 -5.6344e+01 -4.9221e+01
# New trial
-6.9018e+01 -6.8823e+01 -1.2683e+02 -9.5430e+02
-6.8924e+01 -6.7130e+01 -9.4233e+01 -6.1163e+02
-6.8814e+01 -6.5421e+01 -6.8498e+01 -4.6166e+02
-6.8985e+01 -6.6910e+01 -5.6617e+01 -2.2897e+02
# New trial
-6.9132e+01 -6.8729e+01 -9.1045e+01 -5.3461e+02
-6.9114e+01 -6.8325e+01 -7.7757e+01 -3.8774e+02
-6.8986e+01 -6.6883e+01 -5.2778e+01 -1.7353e+02
-6.8965e+01 -6.6625e+01 -5.1465e+01 -8.3531e+01
# New trial
-6.9062e+01 -6.8279e+01 -1.0407e+02 -7.5655e+02
-6.9037e+01 -6.7770e+01 -8.5661e+01 -5.5794e+02
-6.8960e+01 -6.6650e+01 -5.4350e+01 -2.4929e+02
-6.9045e+01 -6.7426e+01 -5.3866e+01 -6.5758e+01
# New trial
-6.9195e+01 -6.9871e+01 -1.2749e+02 -9.5449e+02
-6.9091e+01 -6.8086e+01 -7.5319e+01 -4.0368e+02
-6.8981e+01 -6.6804e+01 -5.1239e+01 -1.5774e+02
-6.8956e+01 -6.6533e+01 -5.0131e+01 -5.6804e+01
# New trial
-6.9082e+01 -6.8169e+01 -9.5602e+01 -5.9734e+02
-6.9022e+01 -6.7339e+01 -6.3534e+01 -2.2036e+02
-6.9028e+01 -6.7283e+01 -5.3924e+01 -8.2104e+01
-6.9095e+01 -6.7922e+01 -5.9553e+01 -1.7169e+02
# New trial
-6.9069e+01 -6.9067e+01 -1.5382e+02 -1.2460e+03
-6.8978e+01 -6.7491e+01 -9.0912e+01 -5.5095e+02
-6.8914e+01 -6.6317e+01 -5.6126e+01 -2.3904e+02
-6.9056e+01 -6.7564e+01 -5.5881e+01 -1.7088e+02
# New trial
-6.9012e+01 -6.7490e+01 -8.5519e+01 -5.5465e+02
-6.9069e+01 -6.7840e+01 -6.9761e+01 -2.5436e+02
-6.9073e+01 -6.7743e+01 -5.8036e+01 -1.3031e+02
-6.9101e+01 -6.7986e+01 -5.7838e+01 -6.7392e+01
# New trial
-6.8893e+01 -6.7157e+01 -1.1764e+02 -9.1848e+02
-6.8931e+01 -6.6941e+01 -7.9707e+01 -4.5807e+02
-6.8933e+01 -6.6475e+01 -5.6106e+01 -2.0825e+02
-6.9031e+01 -6.7283e+01 -5.6205e+01 -1.2031e+02
# New trial
-6.8979e+01 -6.7616e+01 -9.9039e+01 -6.7496e+02
-6.8960e+01 -6.7039e+01 -7.4396e+01 -3.8246e+02
-6.8881e+01 -6.5930e+01 -5.3583e+01 -2.7869e+02
-6.9059e+01 -6.7576e+01 -5.6245e+01 -1.9469e+02
# New trial
-6.9019e+01 -6.7496e+01 -7.5910e+01 -4.0278e+02
-6.9023e+01 -6.7449e+01 -6.8437e+01 -2.6589e+02
-6.9005e+01 -6.7116e+01 -5.7423e+01 -1.8333e+02
-6.9050e+01 -6.7487e+01 -5.7040e+01 -1.4073e+02
# New trial
-6.8951e+01 -6.6909e+01 -9.2973e+01 -6.6949e+02
-6.9020e+01 -6.7459e+01 -7.8286e+01 -4.3903e+02
-6.8974e+01 -6.6805e+01 -5.4705e+01 -1.9348e+02
-6.8954e+01 -6.6523e+01 -5.0680e+01 -9.7025e+01
# New trial
-6.9142e+01 -6.8846e+01 -1.0371e+02 -7.2090e+02
-6.9143e+01 -6.8598e+01 -8.0064e+01 -4.1757e+02
-6.9094e+01 -6.7936e+01 -6.0245e+01 -1.6235e+02
-6.9093e+01 -6.7896e+01 -5.6758e+01 -6.0786e+01
# New trial
-6.9019e+01 -6.7887e+01 -1.0680e+02 -7.3562e+02
-6.8932e+01 -6.6646e+01 -6.2409e+01 -2.2660e+02
-6.9014e+01 -6.7213e+01 -5.5363e+01 -1.3029e+02
-6.9176e+01 -6.8726e+01 -6.4850e+01 -1.3801e+02
# New trial
-6.9057e+01 -6.7737e+01 -8.5034e+01 -5.9943e+02
-6.9077e+01 -6.7814e+01 -6.4410e+01 -2.2131e+02
-6.9049e+01 -6.7472e+01 -5.5054e+01 -1.4060e+02
-6.9092e+01 -6.7884e+01 -5.8178e+01 -1.3204e+02
# New trial
-6.8995e+01 -6.8246e+01 -1.2774e+02 -9.9512e+02
-6.8938e+01 -6.6972e+01 -7.5385e+01 -4.0933e+02
-6.8980e+01 -6.6875e+01 -5.4249e+01 -1.9971e+02
-6.9092e+01 -6.7882e+01 -5.7909e+01 -1.0547e+02
# New trial
-6.9060e+01 -6.8622e+01 -1.0878e+02 -7.5365e+02
-6.9028e+01 -6.7730e+01 -7.7393e+01 -3.6380e+02
-6.8931e+01 -6.6430e+01 -5.5268e+01 -2.3615e+02
-6.8878e+01 -6.5792e+01 -4.9680e+01 -1.3581e+02
# New trial
-6.9213e+01 -6.9710e+01 -1.1604e+02 -7.9998e+02
-6.9164e+01 -6.8903e+01 -8.3289e+01 -4.2797e+02
-6.8984e+01 -6.6899e+01 -5.7112e+01 -2.1565e+02
-6.9036e+01 -6.7333e+01 -5.5450e+01 -7.0058e+01
# New trial
-6.9060e+01 -6.7833e+01 -7.7709e+01 -3.9798e+02
-6.9024e+01 -6.7335e+01 -6.0130e+01 -1.8397e+02
-6.9004e+01 -6.7057e+01 -5.2617e+01 -1.3876e+02
-6.9100e+01 -6.7983e+01 -5.8547e+01 -5.4160e+01
# New trial
-6.8954e+01 -6.7049e+01 -8.8720e+01 -6.0315e+02
-6.9027e+01 -6.7443e+01 -6.7751e+01 -2.8545e+02
-6.9051e+01 -6.7526e+01 -5.6851e+01 -1.5250e+02
-6.9095e+01 -6.7915e+01 -5.8743e+01 -1.0362e+02
# New trial
-6.9020e+01 -6.8547e+01 -1.3456e+02 -1.0617e+03
-6.9012e+01 -6.7653e+01 -8.5883e+01 -5.3154e+02
-6.8949e+01 -6.6559e+01 -5.4257e+01 -2.5693e+02
-6.9001e+01 -6.6979e+01 -5.2664e+01 -7.9812e+01
# New trial
-6.9083e+01 -6.8249e+01 -9.0378e+01 -5.2476e+02
-6.9036e+01 -6.7528e+01 -6.6338e+01 -2.2337e+02
-6.9002e+01 -6.7047e+01 -5.4138e+01 -1.3055e+02
-6.9087e+01 -6.7837e+01 -5.7608e+01 -1.0723e+02
# New trial
-6.9048e+01 -6.7880e+01 -9.3434e+01 -6.7772e+02
-6.9066e+01 -6.7842e+01 -7.4072e+01 -3.5702e+02
-6.9034e+01 -6.7365e+01 -5.7159e+01 -2.2153e+02
-6.9038e+01 -6.7347e+01 -5.4480e+01 -1.0438e+02
# New trial
