# 10.0sig - Array shape (trial/sig/alpha): (30, 4, 4)
-1.4764e+02 -1.4727e+02 -1.4688e+02 -3.4286e+02
-1.4763e+02 -1.4713e+02 -1.4367e+02 -2.3458e+02
-1.4758e+02 -1.4663e+02 -1.3754e+02 -1.1440e+02
-1.4750e+02 -1.4581e+02 -1.2932e+02 -9.2611e+01
# New trial
-1.4770e+02 -1.4819e+02 -1.8619e+02 -9.3375e+02
-1.4764e+02 -1.4742e+02 -1.6330e+02 -5.5164e+02
-1.4747e+02 -1.4561e+02 -1.3479e+02 -2.9427e+02
-1.4727e+02 -1.4356e+02 -1.1029e+02 -8.7693e+01
# New trial
-1.4767e+02 -1.4766e+02 -1.5805e+02 -5.0835e+02
-1.4763e+02 -1.4715e+02 -1.4718e+02 -3.5794e+02
-1.4748e+02 -1.4570e+02 -1.2887e+02 -1.2293e+02
-1.4729e+02 -1.4376e+02 -1.1091e+02 -8.7688e+01
# New trial
-1.4761e+02 -1.4695e+02 -1.4276e+02 -2.6887e+02
-1.4757e+02 -1.4662e+02 -1.4049e+02 -2.5891e+02
-1.4745e+02 -1.4533e+02 -1.2664e+02 -1.3437e+02
-1.4726e+02 -1.4342e+02 -1.0824e+02 -8.7687e+01
# New trial
-1.4769e+02 -1.4784e+02 -1.6452e+02 -6.8995e+02
-1.4764e+02 -1.4725e+02 -1.4896e+02 -3.8549e+02
-1.4754e+02 -1.4627e+02 -1.3501e+02 -1.2248e+02
-1.4742e+02 -1.4505e+02 -1.2204e+02 -8.7743e+01
# New trial
-1.4762e+02 -1.4712e+02 -1.4545e+02 -2.4703e+02
-1.4757e+02 -1.4658e+02 -1.3921e+02 -2.0572e+02
-1.4743e+02 -1.4513e+02 -1.2331e+02 -8.8993e+01
-1.4724e+02 -1.4326e+02 -1.0672e+02 -8.7687e+01
# New trial
-1.4765e+02 -1.4732e+02 -1.4546e+02 -2.5751e+02
-1.4763e+02 -1.4720e+02 -1.4397e+02 -2.1944e+02
-1.4759e+02 -1.4671e+02 -1.3873e+02 -2.0777e+02
-1.4748e+02 -1.4566e+02 -1.2819e+02 -1.2260e+02
# New trial
-1.4767e+02 -1.4757e+02 -1.5562e+02 -4.6781e+02
-1.4764e+02 -1.4730e+02 -1.5161e+02 -4.2283e+02
-1.4754e+02 -1.4624e+02 -1.3668e+02 -2.2748e+02
-1.4738e+02 -1.4468e+02 -1.1884e+02 -8.7740e+01
# New trial
-1.4772e+02 -1.4843e+02 -1.9697e+02 -9.5945e+02
-1.4763e+02 -1.4724e+02 -1.5847e+02 -4.9336e+02
-1.4744e+02 -1.4526e+02 -1.2758e+02 -2.4037e+02
-1.4725e+02 -1.4337e+02 -1.0884e+02 -1.0704e+02
# New trial
-1.4766e+02 -1.4743e+02 -1.4629e+02 -2.4772e+02
-1.4764e+02 -1.4723e+02 -1.4357e+02 -1.7039e+02
-1.4759e+02 -1.4679e+02 -1.3901e+02 -1.5158e+02
-1.4754e+02 -1.4626e+02 -1.3378e+02 -1.0895e+02
# New trial
-1.4777e+02 -1.4877e+02 -1.9032e+02 -9.6671e+02
-1.4764e+02 -1.4735e+02 -1.6802e+02 -7.6897e+02
-1.4745e+02 -1.4539e+02 -1.3402e+02 -3.1806e+02
-1.4721e+02 -1.4294e+02 -1.0661e+02 -1.0387e+02
# New trial
-1.4778e+02 -1.4894e+02 -1.8891e+02 -8.2728e+02
-1.4767e+02 -1.4762e+02 -1.5116e+02 -3.3365e+02
-1.4759e+02 -1.4674e+02 -1.3935e+02 -1.6029e+02
-1.4751e+02 -1.4593e+02 -1.3055e+02 -8.9640e+01
# New trial
-1.4768e+02 -1.4774e+02 -1.6639e+02 -6.5868e+02
-1.4763e+02 -1.4722e+02 -1.5326e+02 -4.5303e+02
-1.4748e+02 -1.4572e+02 -1.3323e+02 -2.6042e+02
-1.4730e+02 -1.4390e+02 -1.1408e+02 -1.0781e+02
# New trial
-1.4771e+02 -1.4800e+02 -1.5881e+02 -4.4915e+02
-1.4766e+02 -1.4748e+02 -1.5017e+02 -3.2202e+02
-1.4752e+02 -1.4608e+02 -1.3283e+02 -1.3447e+02
-1.4737e+02 -1.4454e+02 -1.1774e+02 -9.0287e+01
# New trial
-1.4770e+02 -1.4792e+02 -1.6405e+02 -5.4454e+02
-1.4764e+02 -1.4736e+02 -1.5292e+02 -4.1565e+02
-1.4749e+02 -1.4579e+02 -1.3102e+02 -1.4713e+02
-1.4730e+02 -1.4383e+02 -1.1140e+02 -8.7689e+01
# New trial
-1.4771e+02 -1.4831e+02 -1.9450e+02 -9.2132e+02
-1.4763e+02 -1.4725e+02 -1.5446e+02 -4.4616e+02
-1.4742e+02 -1.4514e+02 -1.2903e+02 -2.1354e+02
-1.4718e+02 -1.4263e+02 -1.0304e+02 -9.1403e+01
# New trial
-1.4767e+02 -1.4778e+02 -1.8252e+02 -8.0047e+02
-1.4758e+02 -1.4673e+02 -1.4861e+02 -3.6097e+02
-1.4742e+02 -1.4504e+02 -1.2636e+02 -2.3686e+02
-1.4723e+02 -1.4318e+02 -1.0597e+02 -8.7687e+01
# New trial
-1.4766e+02 -1.4747e+02 -1.5335e+02 -4.4431e+02
-1.4759e+02 -1.4681e+02 -1.4279e+02 -3.0343e+02
-1.4745e+02 -1.4539e+02 -1.2826e+02 -2.2291e+02
-1.4726e+02 -1.4346e+02 -1.0880e+02 -9.0141e+01
# New trial
-1.4765e+02 -1.4738e+02 -1.4788e+02 -3.4256e+02
-1.4762e+02 -1.4702e+02 -1.4188e+02 -1.7460e+02
-1.4756e+02 -1.4644e+02 -1.3565e+02 -1.2183e+02
-1.4748e+02 -1.4563e+02 -1.2761e+02 -8.9827e+01
# New trial
-1.4775e+02 -1.4854e+02 -1.8102e+02 -7.8610e+02
-1.4768e+02 -1.4765e+02 -1.5236e+02 -3.9095e+02
-1.4753e+02 -1.4613e+02 -1.3380e+02 -1.9819e+02
-1.4736e+02 -1.4444e+02 -1.1721e+02 -9.1463e+01
# New trial
-1.4770e+02 -1.4787e+02 -1.5730e+02 -5.1592e+02
-1.4764e+02 -1.4726e+02 -1.4504e+02 -3.1635e+02
-1.4753e+02 -1.4615e+02 -1.3352e+02 -2.0785e+02
-1.4736e+02 -1.4440e+02 -1.1630e+02 -8.7691e+01
# New trial
-1.4764e+02 -1.4725e+02 -1.4544e+02 -3.2634e+02
-1.4761e+02 -1.4701e+02 -1.4411e+02 -3.3834e+02
-1.4751e+02 -1.4591e+02 -1.3202e+02 -1.9518e+02
-1.4734e+02 -1.4429e+02 -1.1643e+02 -9.3535e+01
# New trial
-1.4769e+02 -1.4784e+02 -1.5467e+02 -3.5560e+02
-1.4765e+02 -1.4735e+02 -1.4865e+02 -3.4251e+02
-1.4751e+02 -1.4594e+02 -1.3190e+02 -1.7417e+02
-1.4733e+02 -1.4416e+02 -1.1414e+02 -8.7695e+01
# New trial
-1.4766e+02 -1.4756e+02 -1.5984e+02 -4.6397e+02
-1.4759e+02 -1.4690e+02 -1.5296e+02 -4.7294e+02
-1.4743e+02 -1.4521e+02 -1.2862e+02 -1.6225e+02
-1.4720e+02 -1.4288e+02 -1.0520e+02 -9.2770e+01
# New trial
-1.4769e+02 -1.4789e+02 -1.6796e+02 -6.4170e+02
-1.4761e+02 -1.4705e+02 -1.5111e+02 -3.6131e+02
-1.4742e+02 -1.4503e+02 -1.2447e+02 -1.3133e+02
-1.4720e+02 -1.4284e+02 -1.0434e+02 -8.7867e+01
# New trial
-1.4773e+02 -1.4868e+02 -1.9649e+02 -9.4015e+02
-1.4759e+02 -1.4698e+02 -1.6334e+02 -5.9117e+02
-1.4732e+02 -1.4406e+02 -1.1943e+02 -1.9261e+02
-1.4699e+02 -1.4080e+02 -9.3197e+01 -8.7687e+01
# New trial
-1.4787e+02 -1.4990e+02 -2.0502e+02 -9.7167e+02
-1.4772e+02 -1.4813e+02 -1.6029e+02 -5.3705e+02
-1.4754e+02 -1.4625e+02 -1.3624e+02 -2.5478e+02
-1.4733e+02 -1.4414e+02 -1.1626e+02 -1.1757e+02
# New trial
-1.4764e+02 -1.4726e+02 -1.4514e+02 -3.0741e+02
-1.4762e+02 -1.4704e+02 -1.4353e+02 -3.1874e+02
-1.4753e+02 -1.4612e+02 -1.3318e+02 -1.5107e+02
-1.4741e+02 -1.4492e+02 -1.2110e+02 -8.9579e+01
# New trial
-1.4765e+02 -1.4744e+02 -1.6496e+02 -7.2892e+02
-1.4760e+02 -1.4696e+02 -1.4962e+02 -3.9473e+02
-1.4745e+02 -1.4541e+02 -1.3059e+02 -2.1775e+02
-1.4727e+02 -1.4354e+02 -1.1042e+02 -1.0330e+02
# New trial
-1.4765e+02 -1.4735e+02 -1.5192e+02 -4.7174e+02
-1.4761e+02 -1.4699e+02 -1.4275e+02 -2.4287e+02
-1.4752e+02 -1.4603e+02 -1.3182e+02 -1.2567e+02
-1.4736e+02 -1.4446e+02 -1.1779e+02 -9.0729e+01
# New trial
