# 10.0sig - Array shape (trial/sig/alpha): (30, 4, 4)
-1.6148e+02 -1.6107e+02 -1.6457e+02 -6.1016e+02
-1.6145e+02 -1.6083e+02 -1.5974e+02 -5.4103e+02
-1.6136e+02 -1.5982e+02 -1.4611e+02 -1.7761e+02
-1.6118e+02 -1.5805e+02 -1.2757e+02 -6.7611e+01
# New trial
-1.6159e+02 -1.6294e+02 -2.4851e+02 -1.7259e+03
-1.6149e+02 -1.6171e+02 -2.0449e+02 -1.0363e+03
-1.6117e+02 -1.5812e+02 -1.4110e+02 -3.5371e+02
-1.6076e+02 -1.5384e+02 -9.1183e+01 -5.1130e+01
# New trial
-1.6150e+02 -1.6140e+02 -1.8745e+02 -9.2050e+02
-1.6141e+02 -1.6044e+02 -1.6552e+02 -5.8348e+02
-1.6112e+02 -1.5746e+02 -1.2417e+02 -1.0736e+02
-1.6076e+02 -1.5385e+02 -9.0518e+01 -5.0768e+01
# New trial
-1.6143e+02 -1.6066e+02 -1.6420e+02 -5.9836e+02
-1.6138e+02 -1.6011e+02 -1.5947e+02 -4.7381e+02
-1.6112e+02 -1.5744e+02 -1.2694e+02 -1.7463e+02
-1.6076e+02 -1.5390e+02 -9.1300e+01 -5.4444e+01
# New trial
-1.6157e+02 -1.6227e+02 -2.0546e+02 -1.2133e+03
-1.6146e+02 -1.6094e+02 -1.6849e+02 -6.9252e+02
-1.6128e+02 -1.5903e+02 -1.4063e+02 -1.9983e+02
-1.6105e+02 -1.5679e+02 -1.1535e+02 -5.2323e+01
# New trial
-1.6147e+02 -1.6109e+02 -1.6876e+02 -5.0513e+02
-1.6137e+02 -1.5999e+02 -1.5369e+02 -3.7672e+02
-1.6108e+02 -1.5709e+02 -1.2169e+02 -1.1398e+02
-1.6070e+02 -1.5330e+02 -8.6597e+01 -6.0999e+01
# New trial
-1.6147e+02 -1.6101e+02 -1.6502e+02 -7.9755e+02
-1.6145e+02 -1.6079e+02 -1.5916e+02 -4.5970e+02
-1.6135e+02 -1.5979e+02 -1.4689e+02 -3.0956e+02
-1.6117e+02 -1.5797e+02 -1.2678e+02 -7.0654e+01
# New trial
-1.6143e+02 -1.6075e+02 -1.7616e+02 -7.4700e+02
-1.6136e+02 -1.6000e+02 -1.6339e+02 -6.6343e+02
-1.6118e+02 -1.5810e+02 -1.3652e+02 -3.0805e+02
-1.6094e+02 -1.5569e+02 -1.0651e+02 -5.9840e+01
# New trial
-1.6163e+02 -1.6320e+02 -2.6028e+02 -1.8827e+03
-1.6148e+02 -1.6143e+02 -1.9298e+02 -9.5543e+02
-1.6111e+02 -1.5745e+02 -1.3057e+02 -3.6937e+02
-1.6071e+02 -1.5336e+02 -8.8945e+01 -7.9025e+01
# New trial
-1.6146e+02 -1.6090e+02 -1.5762e+02 -3.3766e+02
-1.6142e+02 -1.6043e+02 -1.5136e+02 -1.6125e+02
-1.6132e+02 -1.5945e+02 -1.4130e+02 -1.1008e+02
-1.6123e+02 -1.5851e+02 -1.3192e+02 -6.6923e+01
# New trial
-1.6166e+02 -1.6344e+02 -2.3768e+02 -1.5986e+03
-1.6141e+02 -1.6060e+02 -2.1318e+02 -1.4313e+03
-1.6100e+02 -1.5640e+02 -1.4111e+02 -5.6373e+02
-1.6057e+02 -1.5196e+02 -8.3742e+01 -1.4039e+02
# New trial
-1.6171e+02 -1.6390e+02 -2.4779e+02 -1.5714e+03
-1.6149e+02 -1.6128e+02 -1.6887e+02 -4.8343e+02
-1.6133e+02 -1.5953e+02 -1.4431e+02 -2.2861e+02
-1.6114e+02 -1.5767e+02 -1.2412e+02 -8.4567e+01
# New trial
-1.6153e+02 -1.6182e+02 -2.0370e+02 -1.2397e+03
-1.6145e+02 -1.6095e+02 -1.7607e+02 -7.6377e+02
-1.6119e+02 -1.5820e+02 -1.3736e+02 -3.4833e+02
-1.6085e+02 -1.5475e+02 -9.9587e+01 -9.9858e+01
# New trial
-1.6156e+02 -1.6201e+02 -1.8815e+02 -8.3620e+02
-1.6147e+02 -1.6101e+02 -1.6818e+02 -5.3455e+02
-1.6120e+02 -1.5824e+02 -1.3247e+02 -2.6667e+02
-1.6089e+02 -1.5515e+02 -1.0081e+02 -5.0966e+01
# New trial
-1.6153e+02 -1.6182e+02 -1.9676e+02 -1.0051e+03
-1.6143e+02 -1.6078e+02 -1.7618e+02 -7.1322e+02
-1.6116e+02 -1.5787e+02 -1.3142e+02 -1.4677e+02
-1.6079e+02 -1.5416e+02 -9.2329e+01 -5.0766e+01
# New trial
-1.6168e+02 -1.6394e+02 -2.7017e+02 -1.7826e+03
-1.6147e+02 -1.6133e+02 -1.8926e+02 -8.2167e+02
-1.6102e+02 -1.5666e+02 -1.2840e+02 -3.4766e+02
-1.6052e+02 -1.5147e+02 -7.5231e+01 -6.1910e+01
# New trial
-1.6151e+02 -1.6191e+02 -2.4126e+02 -1.6212e+03
-1.6134e+02 -1.5990e+02 -1.7105e+02 -7.8057e+02
-1.6102e+02 -1.5655e+02 -1.2178e+02 -2.2374e+02
-1.6070e+02 -1.5322e+02 -8.5141e+01 -5.0766e+01
# New trial
-1.6154e+02 -1.6186e+02 -1.8739e+02 -9.5651e+02
-1.6140e+02 -1.6033e+02 -1.6071e+02 -6.1417e+02
-1.6112e+02 -1.5752e+02 -1.2610e+02 -1.6059e+02
-1.6083e+02 -1.5460e+02 -9.7173e+01 -5.8221e+01
# New trial
-1.6150e+02 -1.6130e+02 -1.6994e+02 -6.4314e+02
-1.6143e+02 -1.6054e+02 -1.5474e+02 -2.5874e+02
-1.6131e+02 -1.5935e+02 -1.4048e+02 -8.3799e+01
-1.6114e+02 -1.5765e+02 -1.2338e+02 -5.0813e+01
# New trial
-1.6165e+02 -1.6317e+02 -2.3343e+02 -1.4473e+03
-1.6151e+02 -1.6147e+02 -1.8023e+02 -8.7719e+02
-1.6118e+02 -1.5810e+02 -1.3177e+02 -2.1751e+02
-1.6081e+02 -1.5430e+02 -9.5657e+01 -5.1900e+01
# New trial
-1.6152e+02 -1.6151e+02 -1.7916e+02 -8.6746e+02
-1.6142e+02 -1.6047e+02 -1.5560e+02 -3.9419e+02
-1.6120e+02 -1.5831e+02 -1.3351e+02 -2.7507e+02
-1.6090e+02 -1.5527e+02 -1.0273e+02 -6.8097e+01
# New trial
-1.6145e+02 -1.6077e+02 -1.6345e+02 -5.7181e+02
-1.6139e+02 -1.6022e+02 -1.6017e+02 -5.5644e+02
-1.6116e+02 -1.5786e+02 -1.3140e+02 -3.1527e+02
-1.6084e+02 -1.5463e+02 -9.9265e+01 -9.7480e+01
# New trial
-1.6153e+02 -1.6170e+02 -1.7787e+02 -6.0338e+02
-1.6144e+02 -1.6075e+02 -1.6493e+02 -4.4065e+02
-1.6118e+02 -1.5811e+02 -1.3148e+02 -1.1772e+02
-1.6089e+02 -1.5511e+02 -1.0103e+02 -5.2538e+01
# New trial
-1.6148e+02 -1.6138e+02 -1.9305e+02 -8.9560e+02
-1.6138e+02 -1.6039e+02 -1.7985e+02 -7.5713e+02
-1.6109e+02 -1.5731e+02 -1.3145e+02 -3.8014e+02
-1.6061e+02 -1.5235e+02 -8.0555e+01 -5.2875e+01
# New trial
-1.6156e+02 -1.6235e+02 -2.1772e+02 -1.2206e+03
-1.6142e+02 -1.6074e+02 -1.8192e+02 -7.6310e+02
-1.6106e+02 -1.5697e+02 -1.2768e+02 -3.3853e+02
-1.6063e+02 -1.5260e+02 -8.2420e+01 -5.8125e+01
# New trial
-1.6175e+02 -1.6499e+02 -2.7276e+02 -1.8076e+03
-1.6147e+02 -1.6153e+02 -2.1017e+02 -1.2513e+03
-1.6089e+02 -1.5528e+02 -1.1282e+02 -1.9793e+02
-1.6024e+02 -1.4871e+02 -6.2558e+01 -5.0767e+01
# New trial
-1.6188e+02 -1.6625e+02 -2.8966e+02 -1.9013e+03
-1.6157e+02 -1.6219e+02 -1.9491e+02 -9.4952e+02
-1.6114e+02 -1.5772e+02 -1.3349e+02 -3.1589e+02
-1.6071e+02 -1.5340e+02 -9.1796e+01 -5.1087e+01
# New trial
-1.6142e+02 -1.6047e+02 -1.5483e+02 -4.5812e+02
-1.6138e+02 -1.6003e+02 -1.5150e+02 -4.8244e+02
-1.6121e+02 -1.5832e+02 -1.3227e+02 -1.7114e+02
-1.6096e+02 -1.5585e+02 -1.0745e+02 -5.4164e+01
# New trial
-1.6151e+02 -1.6167e+02 -2.1289e+02 -1.4346e+03
-1.6145e+02 -1.6099e+02 -1.7997e+02 -7.7841e+02
-1.6112e+02 -1.5755e+02 -1.3038e+02 -1.6159e+02
-1.6073e+02 -1.5356e+02 -8.8509e+01 -5.1856e+01
# New trial
-1.6147e+02 -1.6109e+02 -1.8050e+02 -8.5313e+02
-1.6140e+02 -1.6034e+02 -1.5920e+02 -5.0247e+02
-1.6120e+02 -1.5823e+02 -1.3308e+02 -2.9224e+02
-1.6089e+02 -1.5513e+02 -1.0340e+02 -7.1191e+01
# New trial
