# 1.0sig - Array shape (trial/sig/alpha): (30, 4, 4)
-1.7058e+02 -1.6909e+02 -1.6463e+02 -3.7547e+02
-1.7047e+02 -1.6795e+02 -1.4798e+02 -1.4515e+02
-1.7019e+02 -1.6507e+02 -1.1921e+02 -9.2320e+01
-1.6986e+02 -1.6181e+02 -1.0163e+02 -9.2302e+01
# New trial
-1.7059e+02 -1.6911e+02 -1.5819e+02 -2.0904e+02
-1.7051e+02 -1.6833e+02 -1.5104e+02 -1.5707e+02
-1.7027e+02 -1.6589e+02 -1.2808e+02 -9.2316e+01
-1.7008e+02 -1.6403e+02 -1.1216e+02 -9.2303e+01
# New trial
-1.7058e+02 -1.6900e+02 -1.5583e+02 -2.1877e+02
-1.7051e+02 -1.6826e+02 -1.4768e+02 -1.0222e+02
-1.7031e+02 -1.6625e+02 -1.2843e+02 -9.2624e+01
-1.7013e+02 -1.6447e+02 -1.1575e+02 -9.2856e+01
# New trial
-1.7061e+02 -1.6928e+02 -1.6557e+02 -5.0225e+02
-1.7052e+02 -1.6846e+02 -1.5404e+02 -2.2138e+02
-1.7032e+02 -1.6641e+02 -1.3190e+02 -9.4322e+01
-1.7021e+02 -1.6530e+02 -1.2152e+02 -9.3301e+01
# New trial
-1.7047e+02 -1.6799e+02 -1.5709e+02 -4.5017e+02
-1.7037e+02 -1.6694e+02 -1.3970e+02 -1.5279e+02
-1.7015e+02 -1.6472e+02 -1.1956e+02 -9.3040e+01
-1.7000e+02 -1.6323e+02 -1.1106e+02 -1.2272e+02
# New trial
-1.7061e+02 -1.6933e+02 -1.6314e+02 -4.7360e+02
-1.7054e+02 -1.6857e+02 -1.5134e+02 -1.6660e+02
-1.7034e+02 -1.6660e+02 -1.3258e+02 -1.0462e+02
-1.7017e+02 -1.6490e+02 -1.1969e+02 -1.1564e+02
# New trial
-1.7069e+02 -1.7005e+02 -1.6680e+02 -3.3358e+02
-1.7064e+02 -1.6958e+02 -1.5962e+02 -1.5780e+02
-1.7056e+02 -1.6872e+02 -1.5113e+02 -1.2454e+02
-1.7051e+02 -1.6832e+02 -1.4833e+02 -2.1274e+02
# New trial
-1.7058e+02 -1.6910e+02 -1.7021e+02 -5.4879e+02
-1.7046e+02 -1.6784e+02 -1.4879e+02 -3.2701e+02
-1.7022e+02 -1.6542e+02 -1.2355e+02 -9.4384e+01
-1.7009e+02 -1.6412e+02 -1.1273e+02 -9.2303e+01
# New trial
-1.7042e+02 -1.6754e+02 -1.5476e+02 -3.7919e+02
-1.7023e+02 -1.6559e+02 -1.3550e+02 -2.1087e+02
-1.6982e+02 -1.6153e+02 -1.0934e+02 -9.2887e+01
-1.6960e+02 -1.5926e+02 -1.0153e+02 -1.1737e+02
# New trial
-1.7058e+02 -1.6897e+02 -1.6020e+02 -4.1201e+02
-1.7047e+02 -1.6795e+02 -1.4936e+02 -2.7744e+02
-1.7019e+02 -1.6511e+02 -1.1919e+02 -9.2302e+01
-1.6994e+02 -1.6260e+02 -1.0553e+02 -9.2302e+01
# New trial
-1.7047e+02 -1.6796e+02 -1.5389e+02 -3.0768e+02
-1.7037e+02 -1.6693e+02 -1.4462e+02 -2.3279e+02
-1.7008e+02 -1.6408e+02 -1.1916e+02 -1.2045e+02
-1.6991e+02 -1.6238e+02 -1.1607e+02 -2.1681e+02
# New trial
-1.7059e+02 -1.6919e+02 -1.7497e+02 -5.3946e+02
-1.7045e+02 -1.6772e+02 -1.4533e+02 -1.5871e+02
-1.7018e+02 -1.6499e+02 -1.1733e+02 -9.2302e+01
-1.6989e+02 -1.6207e+02 -1.0231e+02 -9.2302e+01
# New trial
-1.7064e+02 -1.6968e+02 -1.7420e+02 -5.4591e+02
-1.7051e+02 -1.6835e+02 -1.5343e+02 -2.4449e+02
-1.7031e+02 -1.6631e+02 -1.3198e+02 -9.4764e+01
-1.7025e+02 -1.6569e+02 -1.2517e+02 -1.2086e+02
# New trial
-1.7059e+02 -1.6942e+02 -2.0594e+02 -8.9337e+02
-1.7042e+02 -1.6751e+02 -1.5721e+02 -3.9503e+02
-1.7007e+02 -1.6387e+02 -1.1292e+02 -9.3372e+01
-1.6985e+02 -1.6170e+02 -1.0257e+02 -9.3879e+01
# New trial
-1.7062e+02 -1.6943e+02 -1.6429e+02 -4.5536e+02
-1.7054e+02 -1.6863e+02 -1.5432e+02 -2.2631e+02
-1.7033e+02 -1.6651e+02 -1.3144e+02 -9.3684e+01
-1.7018e+02 -1.6498e+02 -1.1982e+02 -1.2025e+02
# New trial
-1.7051e+02 -1.6862e+02 -1.9447e+02 -8.5955e+02
-1.7035e+02 -1.6696e+02 -1.5886e+02 -3.8059e+02
-1.6995e+02 -1.6289e+02 -1.1354e+02 -9.2350e+01
-1.6984e+02 -1.6162e+02 -1.1355e+02 -2.2906e+02
# New trial
-1.7055e+02 -1.6868e+02 -1.5747e+02 -2.8765e+02
-1.7042e+02 -1.6739e+02 -1.4544e+02 -2.4800e+02
-1.7005e+02 -1.6371e+02 -1.1827e+02 -9.3188e+01
-1.6982e+02 -1.6147e+02 -1.1737e+02 -2.2450e+02
# New trial
-1.7056e+02 -1.6881e+02 -1.5821e+02 -2.5929e+02
-1.7047e+02 -1.6792e+02 -1.5055e+02 -1.9295e+02
-1.7023e+02 -1.6557e+02 -1.2737e+02 -1.0732e+02
-1.7018e+02 -1.6498e+02 -1.2358e+02 -1.6144e+02
# New trial
-1.7058e+02 -1.6913e+02 -1.7440e+02 -6.2038e+02
-1.7049e+02 -1.6811e+02 -1.5639e+02 -3.4187e+02
-1.7020e+02 -1.6523e+02 -1.2170e+02 -9.2638e+01
-1.6997e+02 -1.6289e+02 -1.0719e+02 -9.2538e+01
# New trial
-1.7062e+02 -1.6945e+02 -1.6734e+02 -4.9484e+02
-1.7057e+02 -1.6884e+02 -1.5528e+02 -2.1013e+02
-1.7042e+02 -1.6733e+02 -1.3815e+02 -9.5980e+01
-1.7025e+02 -1.6572e+02 -1.2413e+02 -9.2371e+01
# New trial
-1.7055e+02 -1.6882e+02 -1.7048e+02 -5.3289e+02
-1.7041e+02 -1.6733e+02 -1.4590e+02 -1.6989e+02
-1.7022e+02 -1.6544e+02 -1.2701e+02 -9.3362e+01
-1.7029e+02 -1.6613e+02 -1.2994e+02 -1.6928e+02
# New trial
-1.7060e+02 -1.6920e+02 -1.6369e+02 -4.9911e+02
-1.7054e+02 -1.6854e+02 -1.4997e+02 -1.2093e+02
-1.7037e+02 -1.6683e+02 -1.3330e+02 -9.2490e+01
-1.7014e+02 -1.6457e+02 -1.1486e+02 -9.2302e+01
# New trial
-1.7058e+02 -1.6912e+02 -1.7496e+02 -5.0078e+02
-1.7039e+02 -1.6719e+02 -1.4728e+02 -2.6267e+02
-1.7012e+02 -1.6441e+02 -1.2112e+02 -9.3325e+01
-1.7008e+02 -1.6406e+02 -1.1491e+02 -9.5599e+01
# New trial
-1.7054e+02 -1.6869e+02 -1.6434e+02 -2.9146e+02
-1.7037e+02 -1.6696e+02 -1.4458e+02 -1.7248e+02
-1.6995e+02 -1.6277e+02 -1.0705e+02 -9.2303e+01
-1.6964e+02 -1.5965e+02 -9.7951e+01 -9.2302e+01
# New trial
-1.7056e+02 -1.6918e+02 -1.9890e+02 -8.2172e+02
-1.7037e+02 -1.6699e+02 -1.4743e+02 -2.0248e+02
-1.6999e+02 -1.6316e+02 -1.0756e+02 -9.2302e+01
-1.6980e+02 -1.6119e+02 -1.0818e+02 -1.7049e+02
# New trial
-1.7063e+02 -1.6952e+02 -1.5965e+02 -1.8910e+02
-1.7053e+02 -1.6851e+02 -1.4973e+02 -1.0119e+02
-1.7030e+02 -1.6615e+02 -1.2899e+02 -9.3379e+01
-1.7014e+02 -1.6459e+02 -1.1798e+02 -1.1297e+02
# New trial
-1.7054e+02 -1.6863e+02 -1.6000e+02 -4.3957e+02
-1.7046e+02 -1.6787e+02 -1.4910e+02 -2.1520e+02
-1.7026e+02 -1.6580e+02 -1.2655e+02 -9.3383e+01
-1.7013e+02 -1.6451e+02 -1.1565e+02 -9.2309e+01
# New trial
-1.7060e+02 -1.6942e+02 -1.7757e+02 -5.6231e+02
-1.7045e+02 -1.6779e+02 -1.5540e+02 -3.5921e+02
-1.7007e+02 -1.6393e+02 -1.1729e+02 -1.1652e+02
-1.6982e+02 -1.6143e+02 -1.0546e+02 -1.3040e+02
# New trial
-1.7061e+02 -1.6932e+02 -1.6225e+02 -3.0845e+02
-1.7050e+02 -1.6824e+02 -1.5079e+02 -2.1120e+02
-1.7024e+02 -1.6560e+02 -1.2587e+02 -9.2707e+01
-1.7011e+02 -1.6429e+02 -1.1364e+02 -9.3720e+01
# New trial
-1.7057e+02 -1.6890e+02 -1.6013e+02 -3.7083e+02
-1.7050e+02 -1.6815e+02 -1.4950e+02 -2.0094e+02
-1.7028e+02 -1.6597e+02 -1.2683e+02 -9.4025e+01
-1.7007e+02 -1.6387e+02 -1.1339e+02 -1.1435e+02
# New trial
