# 10.0sig - Array shape (trial/sig/alpha): (30L, 4L, 4L)
-8.7675e+01 -8.7575e+01 -8.7735e+01 -1.4510e+02
-8.7670e+01 -8.7524e+01 -8.6997e+01 -1.2752e+02
-8.7654e+01 -8.7356e+01 -8.4777e+01 -1.0420e+02
-8.7617e+01 -8.6989e+01 -8.0902e+01 -7.0991e+01
# New trial
-8.7703e+01 -8.7994e+01 -1.0414e+02 -3.8576e+02
-8.7684e+01 -8.7782e+01 -9.7261e+01 -2.7002e+02
-8.7636e+01 -8.7217e+01 -8.6149e+01 -1.3571e+02
-8.7566e+01 -8.6488e+01 -7.6795e+01 -6.9227e+01
# New trial
-8.7668e+01 -8.7523e+01 -8.9877e+01 -2.1400e+02
-8.7651e+01 -8.7350e+01 -8.7598e+01 -1.5826e+02
-8.7599e+01 -8.6817e+01 -8.0056e+01 -7.6735e+01
-8.7537e+01 -8.6190e+01 -7.4041e+01 -6.9227e+01
# New trial
-8.7682e+01 -8.7654e+01 -9.0272e+01 -2.0363e+02
-8.7676e+01 -8.7592e+01 -8.9014e+01 -1.6438e+02
-8.7636e+01 -8.7184e+01 -8.4074e+01 -1.3244e+02
-8.7591e+01 -8.6724e+01 -7.9495e+01 -1.1405e+02
# New trial
-8.7689e+01 -8.7774e+01 -9.7362e+01 -3.0121e+02
-8.7667e+01 -8.7512e+01 -8.9019e+01 -1.7166e+02
-8.7634e+01 -8.7166e+01 -8.3348e+01 -1.0034e+02
-8.7601e+01 -8.6832e+01 -7.9532e+01 -6.9243e+01
# New trial
-8.7678e+01 -8.7626e+01 -9.0228e+01 -1.8025e+02
-8.7660e+01 -8.7436e+01 -8.7348e+01 -1.4221e+02
-8.7615e+01 -8.6974e+01 -8.1895e+01 -1.2152e+02
-8.7569e+01 -8.6511e+01 -7.7386e+01 -9.6010e+01
# New trial
-8.7666e+01 -8.7476e+01 -8.6361e+01 -1.3395e+02
-8.7663e+01 -8.7447e+01 -8.5895e+01 -1.1338e+02
-8.7647e+01 -8.7285e+01 -8.3894e+01 -8.4834e+01
-8.7624e+01 -8.7059e+01 -8.1597e+01 -7.4242e+01
# New trial
-8.7678e+01 -8.7643e+01 -9.2426e+01 -2.1137e+02
-8.7672e+01 -8.7575e+01 -9.1296e+01 -1.9949e+02
-8.7637e+01 -8.7204e+01 -8.4296e+01 -1.0042e+02
-8.7579e+01 -8.6607e+01 -7.7478e+01 -6.9258e+01
# New trial
-8.7702e+01 -8.8035e+01 -1.0902e+02 -4.0884e+02
-8.7667e+01 -8.7575e+01 -9.4110e+01 -2.1876e+02
-8.7590e+01 -8.6732e+01 -7.9967e+01 -9.6952e+01
-8.7509e+01 -8.5912e+01 -7.2430e+01 -6.9227e+01
# New trial
-8.7666e+01 -8.7477e+01 -8.6077e+01 -1.1325e+02
-8.7657e+01 -8.7384e+01 -8.4867e+01 -8.2009e+01
-8.7635e+01 -8.7165e+01 -8.2589e+01 -6.9566e+01
-8.7616e+01 -8.6972e+01 -8.0673e+01 -6.9227e+01
# New trial
-8.7716e+01 -8.8089e+01 -1.0172e+02 -3.3931e+02
-8.7656e+01 -8.7412e+01 -8.9404e+01 -2.0367e+02
-8.7577e+01 -8.6597e+01 -8.0229e+01 -1.4026e+02
-8.7489e+01 -8.5711e+01 -7.2230e+01 -6.9240e+01
# New trial
-8.7716e+01 -8.8084e+01 -1.0359e+02 -3.4704e+02
-8.7681e+01 -8.7651e+01 -8.9672e+01 -1.6268e+02
-8.7648e+01 -8.7301e+01 -8.4373e+01 -7.7791e+01
-8.7607e+01 -8.6890e+01 -7.9941e+01 -6.9227e+01
# New trial
-8.7701e+01 -8.7930e+01 -9.9909e+01 -3.0755e+02
-8.7683e+01 -8.7714e+01 -9.3623e+01 -2.2196e+02
-8.7630e+01 -8.7135e+01 -8.3742e+01 -1.0105e+02
-8.7567e+01 -8.6484e+01 -7.6745e+01 -7.1053e+01
# New trial
-8.7694e+01 -8.7800e+01 -9.3802e+01 -2.2659e+02
-8.7679e+01 -8.7635e+01 -9.0103e+01 -1.6444e+02
-8.7631e+01 -8.7135e+01 -8.3755e+01 -1.3203e+02
-8.7571e+01 -8.6525e+01 -7.6772e+01 -6.9228e+01
# New trial
-8.7689e+01 -8.7782e+01 -9.6027e+01 -2.5747e+02
-8.7670e+01 -8.7570e+01 -9.1967e+01 -2.0212e+02
-8.7612e+01 -8.6952e+01 -8.1729e+01 -8.6566e+01
-8.7544e+01 -8.6261e+01 -7.4597e+01 -6.9227e+01
# New trial
-8.7715e+01 -8.8156e+01 -1.1058e+02 -4.1440e+02
-8.7686e+01 -8.7765e+01 -9.5316e+01 -2.4536e+02
-8.7615e+01 -8.7007e+01 -8.5043e+01 -1.4191e+02
-8.7503e+01 -8.5859e+01 -7.2644e+01 -6.9227e+01
# New trial
-8.7691e+01 -8.7839e+01 -1.0480e+02 -3.8821e+02
-8.7665e+01 -8.7528e+01 -9.2767e+01 -2.3104e+02
-8.7610e+01 -8.6944e+01 -8.3066e+01 -1.1404e+02
-8.7533e+01 -8.6157e+01 -7.5035e+01 -6.9804e+01
# New trial
-8.7705e+01 -8.7893e+01 -9.4635e+01 -2.6065e+02
-8.7683e+01 -8.7664e+01 -8.9747e+01 -1.9511e+02
-8.7636e+01 -8.7191e+01 -8.4182e+01 -1.4088e+02
-8.7608e+01 -8.6902e+01 -8.0344e+01 -7.7514e+01
# New trial
-8.7683e+01 -8.7665e+01 -8.9440e+01 -1.7025e+02
-8.7670e+01 -8.7525e+01 -8.6839e+01 -1.1157e+02
-8.7646e+01 -8.7277e+01 -8.3830e+01 -7.7260e+01
-8.7611e+01 -8.6923e+01 -8.0221e+01 -6.9227e+01
# New trial
-8.7726e+01 -8.8165e+01 -1.0408e+02 -3.5394e+02
-8.7700e+01 -8.7853e+01 -9.3428e+01 -2.3753e+02
-8.7633e+01 -8.7152e+01 -8.3391e+01 -9.2428e+01
-8.7561e+01 -8.6428e+01 -7.6215e+01 -6.9227e+01
# New trial
-8.7699e+01 -8.7836e+01 -9.4630e+01 -2.5719e+02
-8.7678e+01 -8.7603e+01 -8.8230e+01 -1.7457e+02
-8.7636e+01 -8.7183e+01 -8.3220e+01 -9.9803e+01
-8.7588e+01 -8.6697e+01 -7.8449e+01 -7.6133e+01
# New trial
-8.7665e+01 -8.7477e+01 -8.7170e+01 -1.5856e+02
-8.7656e+01 -8.7393e+01 -8.6810e+01 -1.5648e+02
-8.7612e+01 -8.6945e+01 -8.1088e+01 -8.2987e+01
-8.7548e+01 -8.6296e+01 -7.5524e+01 -6.9877e+01
# New trial
-8.7674e+01 -8.7602e+01 -9.1162e+01 -1.7563e+02
-8.7654e+01 -8.7388e+01 -8.8219e+01 -1.5780e+02
-8.7605e+01 -8.6870e+01 -8.0670e+01 -7.1857e+01
-8.7557e+01 -8.6391e+01 -7.5559e+01 -6.9227e+01
# New trial
-8.7682e+01 -8.7718e+01 -9.5611e+01 -2.3683e+02
-8.7670e+01 -8.7595e+01 -9.3757e+01 -2.2256e+02
-8.7621e+01 -8.7041e+01 -8.3231e+01 -1.2071e+02
-8.7515e+01 -8.5975e+01 -7.2733e+01 -6.9227e+01
# New trial
-8.7691e+01 -8.7840e+01 -1.0065e+02 -3.1248e+02
-8.7663e+01 -8.7527e+01 -9.3577e+01 -2.3242e+02
-8.7597e+01 -8.6801e+01 -8.0844e+01 -9.7513e+01
-8.7521e+01 -8.6024e+01 -7.2937e+01 -6.9227e+01
# New trial
-8.7730e+01 -8.8438e+01 -1.1292e+02 -4.1246e+02
-8.7681e+01 -8.7782e+01 -1.0080e+02 -3.1132e+02
-8.7572e+01 -8.6556e+01 -7.9254e+01 -9.0027e+01
-8.7447e+01 -8.5299e+01 -7.0161e+01 -6.9227e+01
# New trial
-8.7750e+01 -8.8577e+01 -1.1252e+02 -4.1922e+02
-8.7683e+01 -8.7714e+01 -9.3803e+01 -2.2240e+02
-8.7582e+01 -8.6653e+01 -7.9294e+01 -8.4386e+01
-8.7494e+01 -8.5761e+01 -7.1793e+01 -6.9227e+01
# New trial
-8.7667e+01 -8.7494e+01 -8.6765e+01 -1.4258e+02
-8.7656e+01 -8.7388e+01 -8.5897e+01 -1.4318e+02
-8.7619e+01 -8.7011e+01 -8.1402e+01 -6.9771e+01
-8.7564e+01 -8.6453e+01 -7.6044e+01 -6.9227e+01
# New trial
-8.7688e+01 -8.7767e+01 -9.9140e+01 -3.3699e+02
-8.7680e+01 -8.7681e+01 -9.3116e+01 -2.3067e+02
-8.7624e+01 -8.7092e+01 -8.4264e+01 -1.2689e+02
-8.7523e+01 -8.6046e+01 -7.3117e+01 -6.9227e+01
# New trial
-8.7673e+01 -8.7565e+01 -9.0954e+01 -2.2705e+02
-8.7665e+01 -8.7476e+01 -8.8137e+01 -1.7643e+02
-8.7630e+01 -8.7124e+01 -8.3196e+01 -1.1612e+02
-8.7590e+01 -8.6717e+01 -7.8808e+01 -6.9652e+01
# New trial
