# 10.0sig - Array shape (trial/sig/alpha): (30, 4, 4)
-1.7989e+02 -1.7912e+02 -1.8894e+02 -8.6648e+02
-1.7988e+02 -1.7903e+02 -1.8074e+02 -7.1193e+02
-1.7977e+02 -1.7785e+02 -1.6101e+02 -1.9119e+02
-1.7957e+02 -1.7578e+02 -1.3872e+02 -6.2241e+01
# New trial
-1.8002e+02 -1.8197e+02 -3.1050e+02 -2.4848e+03
-1.7983e+02 -1.7950e+02 -2.3610e+02 -1.4547e+03
-1.7946e+02 -1.7500e+02 -1.5003e+02 -6.1932e+02
-1.7907e+02 -1.7082e+02 -9.5731e+01 -1.4639e+02
# New trial
-1.7986e+02 -1.7902e+02 -2.0563e+02 -1.2383e+03
-1.7980e+02 -1.7831e+02 -1.8557e+02 -9.3239e+02
-1.7952e+02 -1.7535e+02 -1.3952e+02 -2.6480e+02
-1.7913e+02 -1.7144e+02 -1.0072e+02 -5.9011e+01
# New trial
-1.7979e+02 -1.7813e+02 -1.8170e+02 -8.6873e+02
-1.7976e+02 -1.7782e+02 -1.7526e+02 -6.5256e+02
-1.7951e+02 -1.7529e+02 -1.3979e+02 -2.8281e+02
-1.7915e+02 -1.7159e+02 -1.0279e+02 -1.3689e+02
# New trial
-1.7999e+02 -1.8107e+02 -2.6985e+02 -1.9414e+03
-1.7985e+02 -1.7898e+02 -1.9580e+02 -8.5345e+02
-1.7970e+02 -1.7713e+02 -1.5703e+02 -4.2053e+02
-1.7947e+02 -1.7482e+02 -1.2972e+02 -6.3495e+01
# New trial
-1.7981e+02 -1.7859e+02 -2.0253e+02 -9.8129e+02
-1.7974e+02 -1.7767e+02 -1.7458e+02 -6.4706e+02
-1.7945e+02 -1.7467e+02 -1.3372e+02 -3.2500e+02
-1.7903e+02 -1.7041e+02 -9.2407e+01 -8.1196e+01
# New trial
-1.7981e+02 -1.7836e+02 -1.8388e+02 -9.8381e+02
-1.7984e+02 -1.7856e+02 -1.7614e+02 -7.0089e+02
-1.7975e+02 -1.7765e+02 -1.6112e+02 -5.6773e+02
-1.7957e+02 -1.7579e+02 -1.3903e+02 -1.0169e+02
# New trial
-1.7973e+02 -1.7845e+02 -2.2468e+02 -1.4175e+03
-1.7972e+02 -1.7772e+02 -1.9254e+02 -1.0472e+03
-1.7957e+02 -1.7594e+02 -1.5356e+02 -4.6323e+02
-1.7931e+02 -1.7322e+02 -1.1708e+02 -1.2817e+02
# New trial
-1.8004e+02 -1.8187e+02 -3.4199e+02 -2.8647e+03
-1.7994e+02 -1.8015e+02 -2.4020e+02 -1.5003e+03
-1.7948e+02 -1.7507e+02 -1.4243e+02 -3.6154e+02
-1.7900e+02 -1.7010e+02 -9.4805e+01 -2.7657e+02
# New trial
-1.7988e+02 -1.7893e+02 -1.7748e+02 -6.4524e+02
-1.7983e+02 -1.7842e+02 -1.6776e+02 -3.5641e+02
-1.7973e+02 -1.7738e+02 -1.5541e+02 -2.1863e+02
-1.7962e+02 -1.7634e+02 -1.4449e+02 -1.4283e+02
# New trial
-1.8022e+02 -1.8353e+02 -3.1576e+02 -2.4468e+03
-1.7989e+02 -1.7961e+02 -2.6096e+02 -2.0662e+03
-1.7937e+02 -1.7392e+02 -1.4811e+02 -7.9062e+02
-1.7885e+02 -1.6860e+02 -8.2247e+01 -1.1603e+02
# New trial
-1.8022e+02 -1.8337e+02 -3.1312e+02 -2.2735e+03
-1.7991e+02 -1.7942e+02 -1.9248e+02 -6.6437e+02
-1.7974e+02 -1.7753e+02 -1.6020e+02 -2.7589e+02
-1.7953e+02 -1.7539e+02 -1.3528e+02 -8.4110e+01
# New trial
-1.7982e+02 -1.7889e+02 -2.3712e+02 -1.6509e+03
-1.7975e+02 -1.7802e+02 -1.9299e+02 -8.0043e+02
-1.7951e+02 -1.7534e+02 -1.4485e+02 -3.8564e+02
-1.7914e+02 -1.7154e+02 -1.0279e+02 -2.1339e+02
# New trial
-1.7993e+02 -1.7989e+02 -2.1927e+02 -1.1974e+03
-1.7989e+02 -1.7927e+02 -1.9694e+02 -7.9744e+02
-1.7958e+02 -1.7595e+02 -1.4824e+02 -5.7151e+02
-1.7923e+02 -1.7243e+02 -1.0825e+02 -7.9512e+01
# New trial
-1.7989e+02 -1.7964e+02 -2.3824e+02 -1.5509e+03
-1.7981e+02 -1.7863e+02 -2.0318e+02 -1.0514e+03
-1.7949e+02 -1.7516e+02 -1.4225e+02 -3.6356e+02
-1.7911e+02 -1.7124e+02 -9.8422e+01 -9.7991e+01
# New trial
-1.8026e+02 -1.8421e+02 -3.4261e+02 -2.6434e+03
-1.8000e+02 -1.8089e+02 -2.3548e+02 -1.2685e+03
-1.7943e+02 -1.7462e+02 -1.4547e+02 -4.1708e+02
-1.7882e+02 -1.6836e+02 -8.1469e+01 -2.2776e+02
# New trial
-1.7985e+02 -1.8006e+02 -3.2276e+02 -2.6121e+03
-1.7970e+02 -1.7756e+02 -1.9849e+02 -1.1315e+03
-1.7938e+02 -1.7397e+02 -1.3314e+02 -3.2577e+02
-1.7905e+02 -1.7065e+02 -9.8959e+01 -2.1509e+02
# New trial
-1.8008e+02 -1.8142e+02 -2.4015e+02 -1.4923e+03
-1.7987e+02 -1.7910e+02 -1.9323e+02 -7.9859e+02
-1.7950e+02 -1.7516e+02 -1.4157e+02 -3.5672e+02
-1.7919e+02 -1.7197e+02 -1.0519e+02 -6.8002e+01
# New trial
-1.7996e+02 -1.7983e+02 -1.9425e+02 -8.6309e+02
-1.7987e+02 -1.7889e+02 -1.7379e+02 -3.2497e+02
-1.7973e+02 -1.7744e+02 -1.5638e+02 -2.0296e+02
-1.7955e+02 -1.7561e+02 -1.3746e+02 -9.8204e+01
# New trial
-1.8019e+02 -1.8300e+02 -3.0516e+02 -2.3155e+03
-1.8003e+02 -1.8086e+02 -2.2649e+02 -1.3861e+03
-1.7957e+02 -1.7593e+02 -1.5067e+02 -4.5042e+02
-1.7911e+02 -1.7119e+02 -9.9883e+01 -8.5885e+01
# New trial
-1.8005e+02 -1.8148e+02 -2.5922e+02 -1.7509e+03
-1.7991e+02 -1.7947e+02 -1.9427e+02 -8.1592e+02
-1.7962e+02 -1.7633e+02 -1.5106e+02 -4.7178e+02
-1.7928e+02 -1.7295e+02 -1.1350e+02 -1.6344e+02
# New trial
-1.7982e+02 -1.7844e+02 -1.8257e+02 -7.7372e+02
-1.7977e+02 -1.7796e+02 -1.7818e+02 -7.8822e+02
-1.7950e+02 -1.7521e+02 -1.4199e+02 -4.4307e+02
-1.7912e+02 -1.7133e+02 -1.0132e+02 -8.2946e+01
# New trial
-1.7993e+02 -1.7973e+02 -2.0566e+02 -9.3249e+02
-1.7983e+02 -1.7864e+02 -1.8611e+02 -6.3902e+02
-1.7957e+02 -1.7586e+02 -1.4677e+02 -2.6991e+02
-1.7925e+02 -1.7263e+02 -1.1213e+02 -1.8303e+02
# New trial
-1.7988e+02 -1.7946e+02 -2.2184e+02 -1.2293e+03
-1.7979e+02 -1.7847e+02 -2.0627e+02 -1.1103e+03
-1.7947e+02 -1.7497e+02 -1.4538e+02 -3.4945e+02
-1.7890e+02 -1.6911e+02 -8.3672e+01 -1.2865e+02
# New trial
-1.8001e+02 -1.8105e+02 -2.6011e+02 -1.7359e+03
-1.7984e+02 -1.7896e+02 -2.1021e+02 -1.2464e+03
-1.7939e+02 -1.7413e+02 -1.3029e+02 -1.9025e+02
-1.7892e+02 -1.6934e+02 -8.4628e+01 -4.6914e+01
# New trial
-1.8032e+02 -1.8592e+02 -3.7921e+02 -3.0562e+03
-1.7996e+02 -1.8066e+02 -2.5921e+02 -1.9174e+03
-1.7922e+02 -1.7255e+02 -1.2806e+02 -6.0033e+02
-1.7850e+02 -1.6520e+02 -6.5198e+01 -1.5949e+02
# New trial
-1.8050e+02 -1.8756e+02 -3.9187e+02 -3.0384e+03
-1.8012e+02 -1.8194e+02 -2.4514e+02 -1.4861e+03
-1.7951e+02 -1.7534e+02 -1.4697e+02 -4.9730e+02
-1.7906e+02 -1.7075e+02 -1.0094e+02 -1.4098e+02
# New trial
-1.7981e+02 -1.7847e+02 -1.8727e+02 -5.8913e+02
-1.7977e+02 -1.7791e+02 -1.7006e+02 -4.0254e+02
-1.7956e+02 -1.7575e+02 -1.4189e+02 -1.7144e+02
-1.7930e+02 -1.7311e+02 -1.1478e+02 -8.0622e+01
# New trial
-1.7991e+02 -1.7990e+02 -2.7316e+02 -2.2161e+03
-1.7984e+02 -1.7892e+02 -2.0782e+02 -1.1844e+03
-1.7950e+02 -1.7529e+02 -1.4676e+02 -4.5836e+02
-1.7903e+02 -1.7043e+02 -9.5596e+01 -1.5280e+02
# New trial
-1.7977e+02 -1.7831e+02 -2.0618e+02 -1.2655e+03
-1.7973e+02 -1.7770e+02 -1.7809e+02 -7.9755e+02
-1.7954e+02 -1.7562e+02 -1.4502e+02 -4.8592e+02
-1.7921e+02 -1.7222e+02 -1.0923e+02 -1.1538e+02
# New trial
