# 10.0sig - Array shape (trial/sig/alpha): (30, 4, 4)
-1.6150e+02 -1.6127e+02 -1.6092e+02 -3.2136e+02
-1.6150e+02 -1.6123e+02 -1.5990e+02 -3.0163e+02
-1.6147e+02 -1.6090e+02 -1.5565e+02 -2.1368e+02
-1.6139e+02 -1.6018e+02 -1.4838e+02 -1.3469e+02
# New trial
-1.6154e+02 -1.6184e+02 -1.8846e+02 -7.3063e+02
-1.6148e+02 -1.6118e+02 -1.7092e+02 -4.5099e+02
-1.6133e+02 -1.5958e+02 -1.4761e+02 -1.8587e+02
-1.6117e+02 -1.5798e+02 -1.2893e+02 -1.1077e+02
# New trial
-1.6153e+02 -1.6155e+02 -1.6727e+02 -4.2190e+02
-1.6149e+02 -1.6117e+02 -1.6053e+02 -2.9310e+02
-1.6138e+02 -1.6007e+02 -1.4771e+02 -1.5142e+02
-1.6123e+02 -1.5858e+02 -1.3365e+02 -1.1077e+02
# New trial
-1.6148e+02 -1.6106e+02 -1.5786e+02 -2.4750e+02
-1.6146e+02 -1.6081e+02 -1.5592e+02 -2.3661e+02
-1.6135e+02 -1.5975e+02 -1.4461e+02 -1.2352e+02
-1.6120e+02 -1.5820e+02 -1.3024e+02 -1.1076e+02
# New trial
-1.6154e+02 -1.6172e+02 -1.7652e+02 -5.9863e+02
-1.6149e+02 -1.6117e+02 -1.6241e+02 -3.3725e+02
-1.6141e+02 -1.6031e+02 -1.5038e+02 -1.4123e+02
-1.6131e+02 -1.5939e+02 -1.4077e+02 -1.1182e+02
# New trial
-1.6147e+02 -1.6096e+02 -1.5780e+02 -2.1192e+02
-1.6143e+02 -1.6056e+02 -1.5320e+02 -1.7768e+02
-1.6132e+02 -1.5947e+02 -1.4176e+02 -1.1637e+02
-1.6117e+02 -1.5799e+02 -1.2840e+02 -1.1076e+02
# New trial
-1.6151e+02 -1.6135e+02 -1.6019e+02 -2.6275e+02
-1.6150e+02 -1.6126e+02 -1.5947e+02 -2.8597e+02
-1.6146e+02 -1.6081e+02 -1.5506e+02 -2.5590e+02
-1.6137e+02 -1.5994e+02 -1.4594e+02 -1.1883e+02
# New trial
-1.6147e+02 -1.6093e+02 -1.6098e+02 -3.7754e+02
-1.6144e+02 -1.6064e+02 -1.5735e+02 -3.2904e+02
-1.6135e+02 -1.5973e+02 -1.4532e+02 -1.2927e+02
-1.6126e+02 -1.5883e+02 -1.3552e+02 -1.1076e+02
# New trial
-1.6153e+02 -1.6172e+02 -1.9079e+02 -7.5862e+02
-1.6147e+02 -1.6101e+02 -1.6520e+02 -4.0587e+02
-1.6133e+02 -1.5958e+02 -1.4393e+02 -1.6601e+02
-1.6118e+02 -1.5808e+02 -1.3002e+02 -1.1224e+02
# New trial
-1.6150e+02 -1.6129e+02 -1.6050e+02 -2.6107e+02
-1.6148e+02 -1.6108e+02 -1.5744e+02 -1.8398e+02
-1.6144e+02 -1.6064e+02 -1.5285e+02 -1.4597e+02
-1.6138e+02 -1.5999e+02 -1.4650e+02 -1.1886e+02
# New trial
-1.6158e+02 -1.6217e+02 -1.8778e+02 -8.1754e+02
-1.6148e+02 -1.6112e+02 -1.6911e+02 -5.7828e+02
-1.6135e+02 -1.5973e+02 -1.4806e+02 -3.4711e+02
-1.6117e+02 -1.5798e+02 -1.2956e+02 -1.1767e+02
# New trial
-1.6162e+02 -1.6264e+02 -1.9363e+02 -6.8944e+02
-1.6152e+02 -1.6144e+02 -1.6326e+02 -3.0809e+02
-1.6145e+02 -1.6070e+02 -1.5390e+02 -1.5533e+02
-1.6137e+02 -1.5998e+02 -1.4649e+02 -1.1199e+02
# New trial
-1.6152e+02 -1.6149e+02 -1.7088e+02 -5.1482e+02
-1.6149e+02 -1.6114e+02 -1.6294e+02 -3.9097e+02
-1.6138e+02 -1.6006e+02 -1.4890e+02 -1.9882e+02
-1.6123e+02 -1.5851e+02 -1.3334e+02 -1.1469e+02
# New trial
-1.6155e+02 -1.6172e+02 -1.6705e+02 -3.8645e+02
-1.6151e+02 -1.6138e+02 -1.6191e+02 -2.6452e+02
-1.6141e+02 -1.6032e+02 -1.5048e+02 -2.0860e+02
-1.6129e+02 -1.5910e+02 -1.3824e+02 -1.1149e+02
# New trial
-1.6154e+02 -1.6167e+02 -1.7172e+02 -4.3702e+02
-1.6150e+02 -1.6127e+02 -1.6479e+02 -3.2999e+02
-1.6138e+02 -1.6001e+02 -1.4801e+02 -1.4588e+02
-1.6123e+02 -1.5851e+02 -1.3290e+02 -1.1076e+02
# New trial
-1.6161e+02 -1.6263e+02 -2.0019e+02 -7.6875e+02
-1.6152e+02 -1.6152e+02 -1.7004e+02 -4.1567e+02
-1.6133e+02 -1.5959e+02 -1.4776e+02 -2.4006e+02
-1.6113e+02 -1.5755e+02 -1.2738e+02 -1.3708e+02
# New trial
-1.6149e+02 -1.6125e+02 -1.8346e+02 -6.6769e+02
-1.6143e+02 -1.6053e+02 -1.5706e+02 -2.9875e+02
-1.6131e+02 -1.5934e+02 -1.4375e+02 -2.5333e+02
-1.6119e+02 -1.5815e+02 -1.3018e+02 -1.1255e+02
# New trial
-1.6150e+02 -1.6130e+02 -1.6543e+02 -4.0240e+02
-1.6144e+02 -1.6070e+02 -1.5513e+02 -2.5231e+02
-1.6133e+02 -1.5952e+02 -1.4341e+02 -1.4964e+02
-1.6118e+02 -1.5805e+02 -1.2906e+02 -1.1077e+02
# New trial
-1.6152e+02 -1.6143e+02 -1.6329e+02 -3.2970e+02
-1.6148e+02 -1.6107e+02 -1.5740e+02 -1.6010e+02
-1.6143e+02 -1.6057e+02 -1.5208e+02 -1.1192e+02
-1.6136e+02 -1.5986e+02 -1.4504e+02 -1.1076e+02
# New trial
-1.6158e+02 -1.6218e+02 -1.8482e+02 -6.5668e+02
-1.6152e+02 -1.6151e+02 -1.6578e+02 -4.0284e+02
-1.6141e+02 -1.6034e+02 -1.5049e+02 -1.5545e+02
-1.6127e+02 -1.5894e+02 -1.3702e+02 -1.1640e+02
# New trial
-1.6153e+02 -1.6154e+02 -1.6749e+02 -4.1860e+02
-1.6148e+02 -1.6101e+02 -1.5693e+02 -1.8955e+02
-1.6139e+02 -1.6013e+02 -1.4788e+02 -1.2374e+02
-1.6126e+02 -1.5881e+02 -1.3541e+02 -1.1076e+02
# New trial
-1.6148e+02 -1.6106e+02 -1.5795e+02 -2.7329e+02
-1.6146e+02 -1.6081e+02 -1.5595e+02 -2.6199e+02
-1.6136e+02 -1.5983e+02 -1.4559e+02 -1.4933e+02
-1.6122e+02 -1.5845e+02 -1.3293e+02 -1.1252e+02
# New trial
-1.6152e+02 -1.6151e+02 -1.6452e+02 -2.9834e+02
-1.6149e+02 -1.6113e+02 -1.6003e+02 -2.8516e+02
-1.6139e+02 -1.6010e+02 -1.4821e+02 -1.5480e+02
-1.6127e+02 -1.5890e+02 -1.3630e+02 -1.1099e+02
# New trial
-1.6151e+02 -1.6138e+02 -1.6866e+02 -4.1021e+02
-1.6145e+02 -1.6085e+02 -1.6293e+02 -3.7058e+02
-1.6132e+02 -1.5950e+02 -1.4558e+02 -2.3481e+02
-1.6112e+02 -1.5748e+02 -1.2624e+02 -1.1079e+02
# New trial
-1.6152e+02 -1.6154e+02 -1.7324e+02 -5.0421e+02
-1.6146e+02 -1.6089e+02 -1.6213e+02 -3.5173e+02
-1.6131e+02 -1.5939e+02 -1.4326e+02 -1.9395e+02
-1.6114e+02 -1.5764e+02 -1.2638e+02 -1.1152e+02
# New trial
-1.6161e+02 -1.6262e+02 -1.9992e+02 -7.6832e+02
-1.6149e+02 -1.6127e+02 -1.7508e+02 -5.4783e+02
-1.6127e+02 -1.5894e+02 -1.3819e+02 -1.1984e+02
-1.6102e+02 -1.5648e+02 -1.1962e+02 -1.1076e+02
# New trial
-1.6161e+02 -1.6260e+02 -1.9624e+02 -7.4016e+02
-1.6151e+02 -1.6137e+02 -1.6427e+02 -3.8829e+02
-1.6138e+02 -1.6002e+02 -1.4775e+02 -1.8279e+02
-1.6120e+02 -1.5828e+02 -1.3220e+02 -1.1094e+02
# New trial
-1.6150e+02 -1.6119e+02 -1.5839e+02 -1.7355e+02
-1.6148e+02 -1.6107e+02 -1.5726e+02 -1.9046e+02
-1.6143e+02 -1.6051e+02 -1.5179e+02 -1.5900e+02
-1.6134e+02 -1.5960e+02 -1.4290e+02 -1.1290e+02
# New trial
-1.6148e+02 -1.6114e+02 -1.7046e+02 -5.9645e+02
-1.6146e+02 -1.6084e+02 -1.5961e+02 -2.9840e+02
-1.6133e+02 -1.5955e+02 -1.4524e+02 -2.2613e+02
-1.6118e+02 -1.5810e+02 -1.3065e+02 -1.3146e+02
# New trial
-1.6153e+02 -1.6153e+02 -1.6598e+02 -4.1413e+02
-1.6150e+02 -1.6129e+02 -1.6097e+02 -3.1262e+02
-1.6144e+02 -1.6061e+02 -1.5323e+02 -2.0962e+02
-1.6132e+02 -1.5948e+02 -1.4311e+02 -2.3020e+02
# New trial
