# 1.0sig - Array shape (trial/sig/alpha): (30, 4, 4)
-1.3355e+02 -1.3144e+02 -1.5815e+02 -8.9918e+02
-1.3345e+02 -1.3022e+02 -1.2294e+02 -4.5213e+02
-1.3309e+02 -1.2642e+02 -7.8156e+01 -2.5682e+02
-1.3280e+02 -1.2355e+02 -6.0973e+01 -1.3593e+02
# New trial
-1.3348e+02 -1.3071e+02 -1.3552e+02 -5.7722e+02
-1.3339e+02 -1.2960e+02 -1.0884e+02 -2.1845e+02
-1.3320e+02 -1.2761e+02 -8.2729e+01 -1.6029e+02
-1.3315e+02 -1.2704e+02 -8.3210e+01 -3.0591e+02
# New trial
-1.3357e+02 -1.3144e+02 -1.4385e+02 -9.4247e+02
-1.3351e+02 -1.3079e+02 -1.1989e+02 -3.5937e+02
-1.3330e+02 -1.2851e+02 -9.1289e+01 -2.3894e+02
-1.3305e+02 -1.2602e+02 -6.9004e+01 -9.5141e+01
# New trial
-1.3351e+02 -1.3086e+02 -1.4357e+02 -8.9053e+02
-1.3345e+02 -1.3019e+02 -1.2005e+02 -4.1525e+02
-1.3325e+02 -1.2804e+02 -8.3808e+01 -8.5470e+01
-1.3323e+02 -1.2776e+02 -7.9362e+01 -4.6703e+01
# New trial
-1.3338e+02 -1.2986e+02 -1.5699e+02 -1.0379e+03
-1.3326e+02 -1.2833e+02 -1.0987e+02 -4.5353e+02
-1.3304e+02 -1.2602e+02 -7.2569e+01 -2.2108e+02
-1.3303e+02 -1.2582e+02 -6.8845e+01 -7.5911e+01
# New trial
-1.3353e+02 -1.3107e+02 -1.3520e+02 -7.0469e+02
-1.3348e+02 -1.3048e+02 -1.1600e+02 -2.7796e+02
-1.3327e+02 -1.2817e+02 -8.4621e+01 -1.2708e+02
-1.3315e+02 -1.2698e+02 -7.4991e+01 -7.4841e+01
# New trial
-1.3368e+02 -1.3248e+02 -1.4169e+02 -6.6016e+02
-1.3363e+02 -1.3185e+02 -1.1970e+02 -3.1864e+02
-1.3354e+02 -1.3087e+02 -1.0647e+02 -1.1946e+02
-1.3356e+02 -1.3105e+02 -1.0698e+02 -6.5622e+01
# New trial
-1.3363e+02 -1.3234e+02 -1.7258e+02 -1.1291e+03
-1.3343e+02 -1.3007e+02 -1.2265e+02 -6.4368e+02
-1.3311e+02 -1.2669e+02 -7.8475e+01 -1.6598e+02
-1.3311e+02 -1.2662e+02 -7.9189e+01 -1.8394e+02
# New trial
-1.3329e+02 -1.2997e+02 -1.7535e+02 -1.1156e+03
-1.3302e+02 -1.2655e+02 -1.1949e+02 -5.6839e+02
-1.3250e+02 -1.2072e+02 -6.3845e+01 -3.5145e+02
-1.3257e+02 -1.2124e+02 -5.7745e+01 -1.0086e+02
# New trial
-1.3353e+02 -1.3122e+02 -1.3877e+02 -7.6572e+02
-1.3342e+02 -1.2990e+02 -1.1769e+02 -5.6827e+02
-1.3306e+02 -1.2610e+02 -7.1613e+01 -1.8465e+02
-1.3290e+02 -1.2451e+02 -6.4351e+01 -1.2221e+02
# New trial
-1.3339e+02 -1.3019e+02 -1.6058e+02 -9.9561e+02
-1.3328e+02 -1.2892e+02 -1.3901e+02 -7.7013e+02
-1.3294e+02 -1.2501e+02 -7.4330e+01 -2.6510e+02
-1.3289e+02 -1.2440e+02 -6.4162e+01 -1.0483e+02
# New trial
-1.3362e+02 -1.3269e+02 -1.8972e+02 -1.3735e+03
-1.3342e+02 -1.2991e+02 -1.1913e+02 -5.3805e+02
-1.3305e+02 -1.2601e+02 -7.3882e+01 -2.5934e+02
-1.3278e+02 -1.2334e+02 -6.8280e+01 -2.2418e+02
# New trial
-1.3359e+02 -1.3186e+02 -1.6414e+02 -1.1044e+03
-1.3344e+02 -1.3008e+02 -1.1708e+02 -3.5375e+02
-1.3326e+02 -1.2810e+02 -8.7871e+01 -1.4460e+02
-1.3325e+02 -1.2803e+02 -8.3529e+01 -1.3446e+02
# New trial
-1.3360e+02 -1.3343e+02 -2.6326e+02 -2.0651e+03
-1.3338e+02 -1.3009e+02 -1.5788e+02 -8.8182e+02
-1.3296e+02 -1.2526e+02 -7.3858e+01 -2.5435e+02
-1.3292e+02 -1.2478e+02 -7.5754e+01 -2.9363e+02
# New trial
-1.3349e+02 -1.3090e+02 -1.5205e+02 -9.8883e+02
-1.3348e+02 -1.3047e+02 -1.2228e+02 -3.9913e+02
-1.3329e+02 -1.2846e+02 -8.7554e+01 -1.2742e+02
-1.3320e+02 -1.2745e+02 -7.7205e+01 -7.1087e+01
# New trial
-1.3337e+02 -1.3090e+02 -2.1773e+02 -1.6901e+03
-1.3328e+02 -1.2921e+02 -1.4000e+02 -7.5510e+02
-1.3291e+02 -1.2490e+02 -8.0255e+01 -2.7460e+02
-1.3293e+02 -1.2486e+02 -8.3418e+01 -4.1646e+02
# New trial
-1.3341e+02 -1.3040e+02 -1.4960e+02 -7.8215e+02
-1.3322e+02 -1.2819e+02 -1.1264e+02 -4.5249e+02
-1.3277e+02 -1.2340e+02 -6.9082e+01 -2.6481e+02
-1.3285e+02 -1.2403e+02 -7.0477e+01 -2.1870e+02
# New trial
-1.3344e+02 -1.3036e+02 -1.3378e+02 -5.7780e+02
-1.3335e+02 -1.2934e+02 -1.1775e+02 -3.4883e+02
-1.3311e+02 -1.2669e+02 -8.1137e+01 -1.8604e+02
-1.3313e+02 -1.2682e+02 -8.0621e+01 -1.9828e+02
# New trial
-1.3350e+02 -1.3108e+02 -1.7864e+02 -1.2565e+03
-1.3342e+02 -1.3008e+02 -1.3843e+02 -7.1421e+02
-1.3310e+02 -1.2655e+02 -7.6216e+01 -1.8731e+02
-1.3291e+02 -1.2462e+02 -6.3274e+01 -6.8508e+01
# New trial
-1.3363e+02 -1.3224e+02 -1.6825e+02 -1.1074e+03
-1.3356e+02 -1.3130e+02 -1.3259e+02 -6.0068e+02
-1.3336e+02 -1.2907e+02 -9.3164e+01 -1.8491e+02
-1.3322e+02 -1.2764e+02 -8.0116e+01 -1.4944e+02
# New trial
-1.3346e+02 -1.3118e+02 -1.8821e+02 -1.2126e+03
-1.3320e+02 -1.2796e+02 -1.0620e+02 -3.2107e+02
-1.3312e+02 -1.2685e+02 -7.7992e+01 -1.2533e+02
-1.3344e+02 -1.2986e+02 -9.7303e+01 -1.4826e+02
# New trial
-1.3349e+02 -1.3058e+02 -1.2808e+02 -7.0483e+02
-1.3346e+02 -1.3010e+02 -1.0600e+02 -1.8475e+02
-1.3327e+02 -1.2815e+02 -8.2098e+01 -1.4792e+02
-1.3317e+02 -1.2719e+02 -7.4541e+01 -8.1644e+01
# New trial
-1.3345e+02 -1.3136e+02 -1.9880e+02 -1.3788e+03
-1.3321e+02 -1.2826e+02 -1.2027e+02 -5.9911e+02
-1.3300e+02 -1.2578e+02 -7.6467e+01 -1.8996e+02
-1.3312e+02 -1.2679e+02 -7.7443e+01 -1.1060e+02
# New trial
-1.3362e+02 -1.3281e+02 -1.7925e+02 -9.9386e+02
-1.3339e+02 -1.2994e+02 -1.2796e+02 -4.7921e+02
-1.3289e+02 -1.2458e+02 -7.0632e+01 -2.4011e+02
-1.3262e+02 -1.2170e+02 -5.6676e+01 -1.1369e+02
# New trial
-1.3370e+02 -1.3376e+02 -2.2678e+02 -1.6080e+03
-1.3345e+02 -1.3054e+02 -1.3948e+02 -6.2897e+02
-1.3291e+02 -1.2476e+02 -6.7352e+01 -2.3287e+02
-1.3287e+02 -1.2423e+02 -7.2096e+01 -2.6966e+02
# New trial
-1.3358e+02 -1.3147e+02 -1.3262e+02 -4.6313e+02
-1.3342e+02 -1.2977e+02 -1.0648e+02 -2.4338e+02
-1.3319e+02 -1.2745e+02 -8.2075e+01 -1.5772e+02
-1.3323e+02 -1.2780e+02 -8.2098e+01 -1.2292e+02
# New trial
-1.3335e+02 -1.2938e+02 -1.3404e+02 -9.2544e+02
-1.3339e+02 -1.2958e+02 -1.1138e+02 -4.0483e+02
-1.3324e+02 -1.2791e+02 -8.5377e+01 -1.7060e+02
-1.3316e+02 -1.2711e+02 -7.6611e+01 -1.4182e+02
# New trial
-1.3349e+02 -1.3206e+02 -2.0484e+02 -1.3854e+03
-1.3335e+02 -1.2979e+02 -1.3886e+02 -7.0020e+02
-1.3293e+02 -1.2502e+02 -7.5415e+01 -3.0068e+02
-1.3283e+02 -1.2383e+02 -6.4244e+01 -1.5423e+02
# New trial
-1.3354e+02 -1.3134e+02 -1.4694e+02 -7.4550e+02
-1.3339e+02 -1.2964e+02 -1.1063e+02 -2.9675e+02
-1.3313e+02 -1.2690e+02 -8.1028e+01 -1.4657e+02
-1.3317e+02 -1.2725e+02 -8.9602e+01 -3.6903e+02
# New trial
-1.3356e+02 -1.3164e+02 -1.6401e+02 -1.0045e+03
-1.3347e+02 -1.3044e+02 -1.2459e+02 -5.0139e+02
-1.3322e+02 -1.2772e+02 -8.4089e+01 -2.2873e+02
-1.3307e+02 -1.2625e+02 -8.2356e+01 -3.4967e+02
# New trial
