# 10.0sig - Array shape (trial/sig/alpha): (30L, 4L, 4L)
-7.8429e+01 -7.8214e+01 -8.1568e+01 -2.6471e+02
-7.8417e+01 -7.8089e+01 -7.9000e+01 -2.3327e+02
-7.8383e+01 -7.7726e+01 -7.2178e+01 -8.3082e+01
-7.8334e+01 -7.7229e+01 -6.6476e+01 -4.6309e+01
# New trial
-7.8481e+01 -7.9120e+01 -1.1208e+02 -6.0026e+02
-7.8449e+01 -7.8711e+01 -9.9265e+01 -4.4107e+02
-7.8362e+01 -7.7608e+01 -7.5593e+01 -1.7144e+02
-7.8235e+01 -7.6256e+01 -5.8174e+01 -4.6151e+01
# New trial
-7.8451e+01 -7.8509e+01 -9.4965e+01 -4.1442e+02
-7.8418e+01 -7.8160e+01 -8.5086e+01 -2.8045e+02
-7.8306e+01 -7.6976e+01 -6.5886e+01 -5.2590e+01
-7.8191e+01 -7.5806e+01 -5.4725e+01 -4.6151e+01
# New trial
-7.8413e+01 -7.8074e+01 -8.0975e+01 -2.4264e+02
-7.8398e+01 -7.7935e+01 -8.0392e+01 -2.4345e+02
-7.8318e+01 -7.7102e+01 -6.9971e+01 -1.5690e+02
-7.8219e+01 -7.6087e+01 -5.7727e+01 -6.3770e+01
# New trial
-7.8497e+01 -7.9033e+01 -1.0064e+02 -4.6786e+02
-7.8459e+01 -7.8560e+01 -8.6749e+01 -3.1262e+02
-7.8399e+01 -7.7912e+01 -7.5385e+01 -1.3951e+02
-7.8328e+01 -7.7177e+01 -6.6370e+01 -5.2933e+01
# New trial
-7.8447e+01 -7.8460e+01 -8.6858e+01 -2.8407e+02
-7.8405e+01 -7.8004e+01 -7.9427e+01 -2.0045e+02
-7.8300e+01 -7.6907e+01 -6.5976e+01 -1.0079e+02
-7.8164e+01 -7.5532e+01 -5.2677e+01 -4.6151e+01
# New trial
-7.8431e+01 -7.8212e+01 -7.8661e+01 -2.4443e+02
-7.8426e+01 -7.8166e+01 -7.8081e+01 -2.1933e+02
-7.8399e+01 -7.7886e+01 -7.3848e+01 -1.4442e+02
-7.8366e+01 -7.7553e+01 -6.9756e+01 -7.3127e+01
# New trial
-7.8425e+01 -7.8263e+01 -9.0152e+01 -3.5546e+02
-7.8408e+01 -7.8082e+01 -8.5825e+01 -2.9642e+02
-7.8352e+01 -7.7455e+01 -7.2267e+01 -1.4704e+02
-7.8289e+01 -7.6780e+01 -6.2778e+01 -4.8459e+01
# New trial
-7.8518e+01 -7.9509e+01 -1.2632e+02 -7.5890e+02
-7.8465e+01 -7.8763e+01 -1.0014e+02 -4.3864e+02
-7.8329e+01 -7.7225e+01 -7.1323e+01 -1.8989e+02
-7.8200e+01 -7.5900e+01 -5.7069e+01 -7.6410e+01
# New trial
-7.8422e+01 -7.8115e+01 -7.6549e+01 -1.6906e+02
-7.8408e+01 -7.7971e+01 -7.4522e+01 -1.2308e+02
-7.8377e+01 -7.7661e+01 -7.0887e+01 -6.3217e+01
-7.8363e+01 -7.7516e+01 -6.9188e+01 -4.9225e+01
# New trial
-7.8487e+01 -7.9133e+01 -1.1479e+02 -6.2895e+02
-7.8376e+01 -7.7790e+01 -8.6431e+01 -3.2856e+02
-7.8224e+01 -7.6164e+01 -6.0870e+01 -7.7954e+01
-7.8124e+01 -7.5145e+01 -5.1098e+01 -4.6151e+01
# New trial
-7.8511e+01 -7.9278e+01 -1.1289e+02 -6.1483e+02
-7.8445e+01 -7.8410e+01 -8.4241e+01 -2.3859e+02
-7.8389e+01 -7.7798e+01 -7.3640e+01 -1.0216e+02
-7.8318e+01 -7.7069e+01 -6.5057e+01 -4.6203e+01
# New trial
-7.8495e+01 -7.9071e+01 -1.0387e+02 -5.1580e+02
-7.8467e+01 -7.8716e+01 -9.1778e+01 -3.4370e+02
-7.8360e+01 -7.7543e+01 -7.3241e+01 -1.4565e+02
-7.8245e+01 -7.6347e+01 -5.9545e+01 -4.6555e+01
# New trial
-7.8480e+01 -7.8807e+01 -9.4081e+01 -3.5723e+02
-7.8449e+01 -7.8463e+01 -8.7009e+01 -2.7841e+02
-7.8351e+01 -7.7415e+01 -7.0248e+01 -9.5445e+01
-7.8246e+01 -7.6349e+01 -5.8648e+01 -4.6151e+01
# New trial
-7.8453e+01 -7.8622e+01 -9.7743e+01 -4.1645e+02
-7.8415e+01 -7.8184e+01 -8.8715e+01 -3.1915e+02
-7.8320e+01 -7.7123e+01 -6.8647e+01 -1.0904e+02
-7.8224e+01 -7.6130e+01 -5.7016e+01 -4.6151e+01
# New trial
-7.8514e+01 -7.9457e+01 -1.2403e+02 -7.3433e+02
-7.8463e+01 -7.8766e+01 -9.6699e+01 -4.0326e+02
-7.8322e+01 -7.7214e+01 -7.5118e+01 -2.0657e+02
-7.8141e+01 -7.5314e+01 -5.2187e+01 -4.6151e+01
# New trial
-7.8450e+01 -7.8757e+01 -1.1804e+02 -6.8407e+02
-7.8389e+01 -7.7933e+01 -8.7443e+01 -3.3812e+02
-7.8284e+01 -7.6773e+01 -6.6644e+01 -1.5496e+02
-7.8195e+01 -7.5850e+01 -5.5136e+01 -4.6151e+01
# New trial
-7.8486e+01 -7.8867e+01 -9.6752e+01 -4.3403e+02
-7.8430e+01 -7.8258e+01 -8.3186e+01 -2.7349e+02
-7.8333e+01 -7.7259e+01 -7.0689e+01 -1.4185e+02
-7.8283e+01 -7.6723e+01 -6.2501e+01 -6.0732e+01
# New trial
-7.8464e+01 -7.8589e+01 -8.7294e+01 -2.9471e+02
-7.8433e+01 -7.8240e+01 -7.8576e+01 -1.5412e+02
-7.8389e+01 -7.7782e+01 -7.2253e+01 -6.0358e+01
-7.8339e+01 -7.7279e+01 -6.6915e+01 -4.6186e+01
# New trial
-7.8499e+01 -7.9182e+01 -1.1457e+02 -5.9432e+02
-7.8436e+01 -7.8358e+01 -8.7930e+01 -3.3179e+02
-7.8301e+01 -7.6939e+01 -6.7768e+01 -1.2618e+02
-7.8149e+01 -7.5385e+01 -5.2076e+01 -4.6151e+01
# New trial
-7.8477e+01 -7.8773e+01 -9.6691e+01 -4.2471e+02
-7.8424e+01 -7.8160e+01 -7.9188e+01 -1.9116e+02
-7.8333e+01 -7.7226e+01 -6.7448e+01 -6.9345e+01
-7.8251e+01 -7.6401e+01 -5.9348e+01 -4.6600e+01
# New trial
-7.8423e+01 -7.8163e+01 -8.1675e+01 -2.6279e+02
-7.8412e+01 -7.8066e+01 -8.2479e+01 -2.5397e+02
-7.8342e+01 -7.7340e+01 -7.0411e+01 -1.1641e+02
-7.8223e+01 -7.6126e+01 -5.8062e+01 -4.7206e+01
# New trial
-7.8454e+01 -7.8535e+01 -8.9339e+01 -2.9542e+02
-7.8427e+01 -7.8253e+01 -8.4113e+01 -2.2482e+02
-7.8358e+01 -7.7495e+01 -7.2198e+01 -1.6048e+02
-7.8276e+01 -7.6648e+01 -6.1696e+01 -5.9471e+01
# New trial
-7.8438e+01 -7.8504e+01 -9.5469e+01 -3.8569e+02
-7.8415e+01 -7.8243e+01 -9.0008e+01 -3.4230e+02
-7.8338e+01 -7.7334e+01 -7.2668e+01 -1.5225e+02
-7.8181e+01 -7.5709e+01 -5.4261e+01 -4.6151e+01
# New trial
-7.8491e+01 -7.9115e+01 -1.0983e+02 -5.7611e+02
-7.8442e+01 -7.8530e+01 -9.6033e+01 -4.2123e+02
-7.8322e+01 -7.7148e+01 -6.9555e+01 -1.3239e+02
-7.8198e+01 -7.5880e+01 -5.5669e+01 -4.6702e+01
# New trial
-7.8516e+01 -7.9763e+01 -1.2927e+02 -7.4201e+02
-7.8430e+01 -7.8523e+01 -1.0076e+02 -5.1304e+02
-7.8238e+01 -7.6329e+01 -6.4068e+01 -1.4337e+02
-7.8028e+01 -7.4182e+01 -4.7630e+01 -4.6151e+01
# New trial
-7.8624e+01 -8.0740e+01 -1.3446e+02 -8.0884e+02
-7.8486e+01 -7.8933e+01 -9.5349e+01 -3.9102e+02
-7.8279e+01 -7.6725e+01 -6.5674e+01 -9.1828e+01
-7.8148e+01 -7.5380e+01 -5.3456e+01 -4.6151e+01
# New trial
-7.8418e+01 -7.8087e+01 -7.7598e+01 -1.8919e+02
-7.8398e+01 -7.7897e+01 -7.6343e+01 -1.9480e+02
-7.8330e+01 -7.7204e+01 -6.7506e+01 -6.8657e+01
-7.8255e+01 -7.6445e+01 -5.9487e+01 -4.6153e+01
# New trial
-7.8443e+01 -7.8556e+01 -1.0915e+02 -5.8783e+02
-7.8424e+01 -7.8301e+01 -8.9301e+01 -3.4671e+02
-7.8329e+01 -7.7273e+01 -7.1849e+01 -1.4946e+02
-7.8209e+01 -7.6003e+01 -5.7657e+01 -6.4115e+01
# New trial
-7.8406e+01 -7.8028e+01 -8.8820e+01 -3.6784e+02
-7.8376e+01 -7.7705e+01 -7.8873e+01 -2.3221e+02
-7.8298e+01 -7.6892e+01 -6.7343e+01 -1.4318e+02
-7.8195e+01 -7.5847e+01 -5.6211e+01 -6.9786e+01
# New trial
