# 1.0sig - Array shape (trial/sig/alpha): (30L, 4L, 4L)
-8.7513e+01 -8.6395e+01 -1.1663e+02 -7.4369e+02
-8.7484e+01 -8.5881e+01 -9.0999e+01 -4.0539e+02
-8.7297e+01 -8.3835e+01 -5.8123e+01 -1.9154e+02
-8.7183e+01 -8.2668e+01 -5.2150e+01 -6.7728e+01
# New trial
-8.7451e+01 -8.5664e+01 -9.4539e+01 -4.3367e+02
-8.7435e+01 -8.5382e+01 -7.7566e+01 -1.9409e+02
-8.7374e+01 -8.4640e+01 -6.5220e+01 -1.6972e+02
-8.7376e+01 -8.4591e+01 -6.1969e+01 -1.1090e+02
# New trial
-8.7491e+01 -8.6013e+01 -1.0044e+02 -6.1781e+02
-8.7462e+01 -8.5653e+01 -8.3803e+01 -3.1278e+02
-8.7382e+01 -8.4734e+01 -6.6740e+01 -2.3456e+02
-8.7332e+01 -8.4155e+01 -5.9659e+01 -1.0066e+02
# New trial
-8.7416e+01 -8.5170e+01 -8.0943e+01 -3.2208e+02
-8.7415e+01 -8.5150e+01 -7.7575e+01 -2.5402e+02
-8.7373e+01 -8.4610e+01 -6.3291e+01 -1.3101e+02
-8.7379e+01 -8.4623e+01 -6.1307e+01 -5.6867e+01
# New trial
-8.7449e+01 -8.5921e+01 -1.2877e+02 -9.1671e+02
-8.7367e+01 -8.4834e+01 -8.7844e+01 -4.7784e+02
-8.7274e+01 -8.3675e+01 -5.8527e+01 -1.6392e+02
-8.7334e+01 -8.4182e+01 -5.9183e+01 -4.6523e+01
# New trial
-8.7461e+01 -8.5755e+01 -9.7300e+01 -5.6475e+02
-8.7467e+01 -8.5666e+01 -8.3361e+01 -3.4381e+02
-8.7384e+01 -8.4697e+01 -6.2941e+01 -1.2791e+02
-8.7368e+01 -8.4506e+01 -6.0422e+01 -1.3706e+02
# New trial
-8.7569e+01 -8.6700e+01 -9.8849e+01 -5.7706e+02
-8.7557e+01 -8.6457e+01 -8.2009e+01 -2.9208e+02
-8.7521e+01 -8.6041e+01 -7.3079e+01 -1.0467e+02
-8.7551e+01 -8.6330e+01 -7.4745e+01 -4.7297e+01
# New trial
-8.7533e+01 -8.6579e+01 -1.1748e+02 -8.2057e+02
-8.7431e+01 -8.5377e+01 -8.5632e+01 -4.2915e+02
-8.7289e+01 -8.3818e+01 -5.9453e+01 -1.5723e+02
-8.7354e+01 -8.4380e+01 -6.1507e+01 -1.0668e+02
# New trial
-8.7356e+01 -8.5812e+01 -1.3240e+02 -9.3417e+02
-8.7231e+01 -8.3860e+01 -9.7666e+01 -6.0062e+02
-8.6995e+01 -8.1005e+01 -6.3519e+01 -3.9321e+02
-8.7180e+01 -8.2661e+01 -5.7042e+01 -1.5420e+02
# New trial
-8.7485e+01 -8.6129e+01 -1.0397e+02 -6.0215e+02
-8.7444e+01 -8.5527e+01 -9.0130e+01 -4.5442e+02
-8.7262e+01 -8.3511e+01 -5.7137e+01 -1.8297e+02
-8.7243e+01 -8.3277e+01 -5.7489e+01 -8.8683e+01
# New trial
-8.7423e+01 -8.5780e+01 -1.1752e+02 -7.8900e+02
-8.7366e+01 -8.4961e+01 -9.8635e+01 -5.8229e+02
-8.7197e+01 -8.2928e+01 -5.9224e+01 -2.3478e+02
-8.7201e+01 -8.2896e+01 -6.7053e+01 -2.2574e+02
# New trial
-8.7609e+01 -8.7856e+01 -1.4467e+02 -1.0520e+03
-8.7482e+01 -8.5883e+01 -9.1377e+01 -4.6348e+02
-8.7276e+01 -8.3624e+01 -5.6271e+01 -2.0029e+02
-8.7189e+01 -8.2724e+01 -5.2093e+01 -5.0326e+01
# New trial
-8.7529e+01 -8.6554e+01 -1.1901e+02 -7.6714e+02
-8.7426e+01 -8.5300e+01 -8.2185e+01 -2.8842e+02
-8.7356e+01 -8.4451e+01 -6.2440e+01 -9.2218e+01
-8.7398e+01 -8.4806e+01 -6.2342e+01 -4.6705e+01
# New trial
-8.7574e+01 -8.8370e+01 -1.9374e+02 -1.5371e+03
-8.7420e+01 -8.5882e+01 -1.1843e+02 -7.1043e+02
-8.7190e+01 -8.2905e+01 -5.6627e+01 -2.2011e+02
-8.7222e+01 -8.3079e+01 -5.6222e+01 -1.2118e+02
# New trial
-8.7439e+01 -8.5663e+01 -1.0947e+02 -7.4584e+02
-8.7466e+01 -8.5698e+01 -8.4565e+01 -2.8711e+02
-8.7411e+01 -8.4996e+01 -6.6987e+01 -1.4505e+02
-8.7385e+01 -8.4681e+01 -6.1865e+01 -5.3501e+01
# New trial
-8.7237e+01 -8.4703e+01 -1.4595e+02 -1.1561e+03
-8.7229e+01 -8.4054e+01 -9.8534e+01 -5.6029e+02
-8.7150e+01 -8.2536e+01 -5.6543e+01 -1.9782e+02
-8.7307e+01 -8.3924e+01 -6.0337e+01 -1.8151e+02
# New trial
-8.7460e+01 -8.6169e+01 -1.1708e+02 -7.1870e+02
-8.7362e+01 -8.4915e+01 -9.0198e+01 -4.6113e+02
-8.7117e+01 -8.2145e+01 -5.2438e+01 -1.9463e+02
-8.7274e+01 -8.3584e+01 -5.6436e+01 -5.0671e+01
# New trial
-8.7405e+01 -8.5271e+01 -9.2338e+01 -4.5650e+02
-8.7371e+01 -8.4848e+01 -8.2425e+01 -3.4077e+02
-8.7277e+01 -8.3712e+01 -5.9328e+01 -1.4767e+02
-8.7341e+01 -8.4259e+01 -6.1356e+01 -1.6173e+02
# New trial
-8.7411e+01 -8.5406e+01 -1.2029e+02 -8.5058e+02
-8.7409e+01 -8.5222e+01 -9.5091e+01 -5.2185e+02
-8.7286e+01 -8.3749e+01 -5.8951e+01 -2.1137e+02
-8.7227e+01 -8.3105e+01 -5.4253e+01 -1.0217e+02
# New trial
-8.7570e+01 -8.7008e+01 -1.2648e+02 -8.5945e+02
-8.7538e+01 -8.6411e+01 -9.4762e+01 -4.6379e+02
-8.7427e+01 -8.5128e+01 -6.6761e+01 -1.6613e+02
-8.7393e+01 -8.4753e+01 -6.1293e+01 -6.8133e+01
# New trial
-8.7419e+01 -8.5762e+01 -1.2689e+02 -8.6084e+02
-8.7302e+01 -8.4228e+01 -7.5351e+01 -2.4924e+02
-8.7310e+01 -8.4139e+01 -6.3728e+01 -1.2439e+02
-8.7530e+01 -8.6148e+01 -7.6098e+01 -2.4043e+02
# New trial
-8.7485e+01 -8.5891e+01 -1.0259e+02 -7.0116e+02
-8.7485e+01 -8.5749e+01 -7.8049e+01 -2.2424e+02
-8.7396e+01 -8.4807e+01 -6.4121e+01 -1.5096e+02
-8.7409e+01 -8.4923e+01 -6.4381e+01 -1.2594e+02
# New trial
-8.7456e+01 -8.6692e+01 -1.4958e+02 -1.0774e+03
-8.7320e+01 -8.4706e+01 -8.9212e+01 -4.5737e+02
-8.7236e+01 -8.3409e+01 -5.7969e+01 -1.6102e+02
-8.7376e+01 -8.4612e+01 -6.2445e+01 -6.8125e+01
# New trial
-8.7490e+01 -8.6843e+01 -1.3037e+02 -8.5211e+02
-8.7399e+01 -8.5331e+01 -9.0875e+01 -4.3095e+02
-8.7199e+01 -8.2966e+01 -5.8734e+01 -2.3816e+02
-8.7165e+01 -8.2518e+01 -5.9934e+01 -1.6634e+02
# New trial
-8.7595e+01 -8.7626e+01 -1.5061e+02 -1.0904e+03
-8.7500e+01 -8.6234e+01 -1.0059e+02 -5.0465e+02
-8.7247e+01 -8.3422e+01 -6.2540e+01 -2.2165e+02
-8.7345e+01 -8.4294e+01 -6.1942e+01 -1.2530e+02
# New trial
-8.7507e+01 -8.6108e+01 -9.0906e+01 -4.0782e+02
-8.7428e+01 -8.5216e+01 -7.2254e+01 -1.6454e+02
-8.7334e+01 -8.4216e+01 -5.9627e+01 -1.4265e+02
-8.7436e+01 -8.5188e+01 -6.5168e+01 -4.8424e+01
# New trial
-8.7329e+01 -8.4536e+01 -9.7352e+01 -6.3530e+02
-8.7407e+01 -8.5089e+01 -7.9122e+01 -3.1525e+02
-8.7379e+01 -8.4682e+01 -6.4608e+01 -1.6061e+02
-8.7389e+01 -8.4735e+01 -6.3164e+01 -8.2853e+01
# New trial
-8.7452e+01 -8.6912e+01 -1.5835e+02 -1.2362e+03
-8.7407e+01 -8.5583e+01 -1.0333e+02 -5.7284e+02
-8.7213e+01 -8.3105e+01 -5.9189e+01 -2.7599e+02
-8.7243e+01 -8.3269e+01 -5.5811e+01 -1.6539e+02
# New trial
-8.7500e+01 -8.6247e+01 -1.0683e+02 -5.9277e+02
-8.7423e+01 -8.5254e+01 -7.8959e+01 -2.4233e+02
-8.7311e+01 -8.4010e+01 -6.0642e+01 -1.2986e+02
-8.7360e+01 -8.4429e+01 -6.0688e+01 -5.6989e+01
# New trial
-8.7517e+01 -8.6445e+01 -1.2040e+02 -8.7123e+02
-8.7477e+01 -8.5832e+01 -8.9893e+01 -4.0871e+02
-8.7373e+01 -8.4615e+01 -6.5334e+01 -1.9243e+02
-8.7314e+01 -8.3981e+01 -6.2941e+01 -2.8679e+02
# New trial
