# 10.0sig - Array shape (trial/sig/alpha): (30, 4, 4)
-1.5680e+02 -1.5594e+02 -1.6342e+02 -7.4832e+02
-1.5681e+02 -1.5591e+02 -1.5686e+02 -6.2489e+02
-1.5671e+02 -1.5489e+02 -1.3910e+02 -2.1919e+02
-1.5654e+02 -1.5318e+02 -1.2048e+02 -6.9636e+01
# New trial
-1.5693e+02 -1.5882e+02 -2.9100e+02 -2.3001e+03
-1.5676e+02 -1.5655e+02 -2.1361e+02 -1.2792e+03
-1.5647e+02 -1.5281e+02 -1.3774e+02 -6.7814e+02
-1.5615e+02 -1.4934e+02 -8.6547e+01 -9.6377e+01
# New trial
-1.5682e+02 -1.5625e+02 -1.7957e+02 -9.7910e+02
-1.5678e+02 -1.5569e+02 -1.6350e+02 -7.4009e+02
-1.5649e+02 -1.5270e+02 -1.1966e+02 -2.2482e+02
-1.5613e+02 -1.4911e+02 -8.4722e+01 -5.7765e+01
# New trial
-1.5677e+02 -1.5559e+02 -1.6568e+02 -8.1560e+02
-1.5672e+02 -1.5511e+02 -1.5605e+02 -6.7508e+02
-1.5648e+02 -1.5261e+02 -1.2030e+02 -2.0925e+02
-1.5614e+02 -1.4921e+02 -8.6110e+01 -5.4771e+01
# New trial
-1.5692e+02 -1.5793e+02 -2.3161e+02 -1.4946e+03
-1.5678e+02 -1.5589e+02 -1.6833e+02 -6.1710e+02
-1.5663e+02 -1.5413e+02 -1.3588e+02 -3.3919e+02
-1.5645e+02 -1.5224e+02 -1.1268e+02 -1.1584e+02
# New trial
-1.5674e+02 -1.5552e+02 -1.7256e+02 -7.7284e+02
-1.5669e+02 -1.5485e+02 -1.5258e+02 -5.8766e+02
-1.5644e+02 -1.5223e+02 -1.1651e+02 -2.7093e+02
-1.5608e+02 -1.4861e+02 -8.1331e+01 -6.3196e+01
# New trial
-1.5678e+02 -1.5567e+02 -1.6258e+02 -8.6671e+02
-1.5679e+02 -1.5571e+02 -1.5550e+02 -6.5879e+02
-1.5671e+02 -1.5494e+02 -1.4033e+02 -3.2209e+02
-1.5655e+02 -1.5329e+02 -1.2169e+02 -9.3554e+01
# New trial
-1.5659e+02 -1.5437e+02 -1.7952e+02 -9.7767e+02
-1.5665e+02 -1.5467e+02 -1.6679e+02 -8.2809e+02
-1.5656e+02 -1.5354e+02 -1.3366e+02 -3.3615e+02
-1.5634e+02 -1.5118e+02 -1.0190e+02 -7.9038e+01
# New trial
-1.5693e+02 -1.5825e+02 -2.7754e+02 -2.1584e+03
-1.5686e+02 -1.5706e+02 -2.1458e+02 -1.3194e+03
-1.5650e+02 -1.5293e+02 -1.3235e+02 -5.0090e+02
-1.5610e+02 -1.4886e+02 -9.3695e+01 -4.2019e+02
# New trial
-1.5679e+02 -1.5573e+02 -1.4852e+02 -4.2238e+02
-1.5675e+02 -1.5533e+02 -1.4223e+02 -1.5671e+02
-1.5668e+02 -1.5453e+02 -1.3366e+02 -7.7550e+01
-1.5661e+02 -1.5384e+02 -1.2670e+02 -6.1006e+01
# New trial
-1.5712e+02 -1.5972e+02 -2.5955e+02 -2.2009e+03
-1.5679e+02 -1.5591e+02 -1.9360e+02 -1.5226e+03
-1.5634e+02 -1.5124e+02 -1.1202e+02 -3.6073e+02
-1.5592e+02 -1.4703e+02 -7.2481e+01 -6.5575e+01
# New trial
-1.5711e+02 -1.5969e+02 -2.6165e+02 -1.9518e+03
-1.5688e+02 -1.5676e+02 -1.7276e+02 -6.5231e+02
-1.5669e+02 -1.5479e+02 -1.4165e+02 -2.8784e+02
-1.5652e+02 -1.5295e+02 -1.1937e+02 -9.6012e+01
# New trial
-1.5677e+02 -1.5607e+02 -2.1467e+02 -1.4890e+03
-1.5673e+02 -1.5551e+02 -1.7738e+02 -9.0981e+02
-1.5653e+02 -1.5322e+02 -1.3257e+02 -3.9427e+02
-1.5620e+02 -1.4984e+02 -9.1934e+01 -6.4125e+01
# New trial
-1.5689e+02 -1.5709e+02 -1.9583e+02 -1.0693e+03
-1.5684e+02 -1.5638e+02 -1.7359e+02 -7.3008e+02
-1.5657e+02 -1.5348e+02 -1.2763e+02 -2.8567e+02
-1.5628e+02 -1.5055e+02 -9.6796e+01 -1.0221e+02
# New trial
-1.5688e+02 -1.5708e+02 -2.1228e+02 -1.3743e+03
-1.5678e+02 -1.5592e+02 -1.8168e+02 -9.3235e+02
-1.5649e+02 -1.5275e+02 -1.2480e+02 -2.6994e+02
-1.5615e+02 -1.4930e+02 -8.6068e+01 -6.5908e+01
# New trial
-1.5710e+02 -1.6041e+02 -3.0705e+02 -2.3350e+03
-1.5689e+02 -1.5743e+02 -2.0711e+02 -1.1129e+03
-1.5638e+02 -1.5186e+02 -1.2513e+02 -3.0916e+02
-1.5589e+02 -1.4678e+02 -6.9756e+01 -5.2856e+01
# New trial
-1.5677e+02 -1.5657e+02 -2.6932e+02 -2.1389e+03
-1.5664e+02 -1.5465e+02 -1.7352e+02 -9.0761e+02
-1.5640e+02 -1.5192e+02 -1.2916e+02 -6.3050e+02
-1.5607e+02 -1.4855e+02 -8.2085e+01 -1.3749e+02
# New trial
-1.5687e+02 -1.5682e+02 -1.9197e+02 -1.2411e+03
-1.5676e+02 -1.5556e+02 -1.6132e+02 -7.7551e+02
-1.5649e+02 -1.5279e+02 -1.2561e+02 -3.0317e+02
-1.5621e+02 -1.4992e+02 -9.3120e+01 -1.0875e+02
# New trial
-1.5688e+02 -1.5664e+02 -1.6842e+02 -8.0987e+02
-1.5680e+02 -1.5586e+02 -1.5106e+02 -3.2927e+02
-1.5668e+02 -1.5462e+02 -1.3547e+02 -1.4319e+02
-1.5652e+02 -1.5297e+02 -1.1825e+02 -5.0057e+01
# New trial
-1.5715e+02 -1.6006e+02 -2.7047e+02 -2.0368e+03
-1.5699e+02 -1.5808e+02 -2.0411e+02 -1.2501e+03
-1.5658e+02 -1.5361e+02 -1.3162e+02 -2.9963e+02
-1.5618e+02 -1.4959e+02 -9.0443e+01 -7.2611e+01
# New trial
-1.5694e+02 -1.5780e+02 -2.1689e+02 -1.3929e+03
-1.5681e+02 -1.5600e+02 -1.5972e+02 -4.7479e+02
-1.5657e+02 -1.5357e+02 -1.2878e+02 -2.4412e+02
-1.5627e+02 -1.5053e+02 -9.6306e+01 -8.5152e+01
# New trial
-1.5675e+02 -1.5537e+02 -1.5479e+02 -6.5755e+02
-1.5674e+02 -1.5525e+02 -1.5446e+02 -7.1330e+02
-1.5653e+02 -1.5315e+02 -1.2558e+02 -3.6680e+02
-1.5621e+02 -1.4991e+02 -9.4185e+01 -1.4749e+02
# New trial
-1.5690e+02 -1.5714e+02 -1.8685e+02 -8.8518e+02
-1.5679e+02 -1.5588e+02 -1.6699e+02 -6.9795e+02
-1.5656e+02 -1.5344e+02 -1.2966e+02 -2.9736e+02
-1.5628e+02 -1.5057e+02 -9.6845e+01 -8.5578e+01
# New trial
-1.5681e+02 -1.5638e+02 -1.9817e+02 -1.0992e+03
-1.5673e+02 -1.5557e+02 -1.8635e+02 -1.0116e+03
-1.5647e+02 -1.5265e+02 -1.2808e+02 -3.0924e+02
-1.5600e+02 -1.4780e+02 -7.8703e+01 -1.0643e+02
# New trial
-1.5689e+02 -1.5740e+02 -2.2821e+02 -1.5420e+03
-1.5675e+02 -1.5581e+02 -1.8527e+02 -9.8966e+02
-1.5641e+02 -1.5202e+02 -1.1957e+02 -3.7532e+02
-1.5601e+02 -1.4789e+02 -7.5830e+01 -5.3995e+01
# New trial
-1.5713e+02 -1.6119e+02 -3.2095e+02 -2.4773e+03
-1.5690e+02 -1.5753e+02 -2.2054e+02 -1.5677e+03
-1.5630e+02 -1.5094e+02 -1.1962e+02 -6.3530e+02
-1.5564e+02 -1.4427e+02 -6.1998e+01 -1.6817e+02
# New trial
-1.5742e+02 -1.6418e+02 -3.5212e+02 -2.7963e+03
-1.5705e+02 -1.5898e+02 -2.2230e+02 -1.3841e+03
-1.5650e+02 -1.5291e+02 -1.3266e+02 -4.8926e+02
-1.5610e+02 -1.4885e+02 -8.9906e+01 -2.7066e+02
# New trial
-1.5679e+02 -1.5592e+02 -1.6538e+02 -6.7017e+02
-1.5676e+02 -1.5554e+02 -1.5510e+02 -5.6832e+02
-1.5658e+02 -1.5363e+02 -1.2863e+02 -2.5409e+02
-1.5634e+02 -1.5121e+02 -1.0258e+02 -6.0036e+01
# New trial
-1.5687e+02 -1.5717e+02 -2.4522e+02 -1.8297e+03
-1.5682e+02 -1.5638e+02 -1.8727e+02 -1.0218e+03
-1.5649e+02 -1.5286e+02 -1.2720e+02 -3.4681e+02
-1.5609e+02 -1.4869e+02 -8.2053e+01 -4.9866e+01
# New trial
-1.5681e+02 -1.5625e+02 -1.9038e+02 -1.1513e+03
-1.5671e+02 -1.5515e+02 -1.6121e+02 -7.0977e+02
-1.5651e+02 -1.5293e+02 -1.2636e+02 -4.6862e+02
-1.5623e+02 -1.5009e+02 -9.6655e+01 -2.2476e+02
# New trial
