# 10.0sig - Array shape (trial/sig/alpha): (30L, 4L, 4L)
-6.9153e+01 -6.8574e+01 -7.2344e+01 -3.2174e+02
-6.9177e+01 -6.8782e+01 -7.0804e+01 -2.8176e+02
-6.9170e+01 -6.8682e+01 -6.5636e+01 -1.5518e+02
-6.9142e+01 -6.8383e+01 -6.1168e+01 -5.6199e+01
# New trial
-6.9193e+01 -7.0061e+01 -1.3321e+02 -1.0294e+03
-6.9147e+01 -6.9156e+01 -9.9784e+01 -5.9594e+02
-6.9148e+01 -6.8517e+01 -6.9264e+01 -3.0718e+02
-6.9078e+01 -6.7741e+01 -5.5299e+01 -6.5638e+01
# New trial
-6.9200e+01 -6.9169e+01 -9.1841e+01 -5.5842e+02
-6.9209e+01 -6.9181e+01 -8.3232e+01 -4.4151e+02
-6.9135e+01 -6.8347e+01 -6.5050e+01 -2.4254e+02
-6.9044e+01 -6.7410e+01 -5.3122e+01 -1.0689e+02
# New trial
-6.9119e+01 -6.8253e+01 -7.1274e+01 -3.3803e+02
-6.9143e+01 -6.8474e+01 -7.0757e+01 -2.8381e+02
-6.9111e+01 -6.8109e+01 -6.2363e+01 -2.1098e+02
-6.9037e+01 -6.7335e+01 -5.3058e+01 -9.9547e+01
# New trial
-6.9227e+01 -7.0050e+01 -1.2559e+02 -9.7279e+02
-6.9171e+01 -6.8930e+01 -8.3175e+01 -4.1371e+02
-6.9175e+01 -6.8753e+01 -6.7706e+01 -2.1069e+02
-6.9143e+01 -6.8388e+01 -6.1080e+01 -5.0997e+01
# New trial
-6.9173e+01 -6.8979e+01 -9.3103e+01 -5.9145e+02
-6.9166e+01 -6.8749e+01 -7.5480e+01 -3.1813e+02
-6.9115e+01 -6.8151e+01 -6.5447e+01 -3.0311e+02
-6.9013e+01 -6.7101e+01 -5.2114e+01 -1.8358e+02
# New trial
-6.9105e+01 -6.8180e+01 -7.3526e+01 -3.9665e+02
-6.9169e+01 -6.8719e+01 -7.2098e+01 -3.0635e+02
-6.9180e+01 -6.8774e+01 -6.7095e+01 -2.6473e+02
-6.9161e+01 -6.8575e+01 -6.2947e+01 -7.9435e+01
# New trial
-6.8943e+01 -6.7127e+01 -8.2840e+01 -4.5706e+02
-6.9052e+01 -6.7814e+01 -7.5838e+01 -3.7171e+02
-6.9117e+01 -6.8238e+01 -6.6196e+01 -2.2858e+02
-6.9096e+01 -6.7947e+01 -5.7886e+01 -5.9994e+01
# New trial
-6.9229e+01 -6.9955e+01 -1.4359e+02 -1.2427e+03
-6.9242e+01 -6.9812e+01 -1.0765e+02 -7.3585e+02
-6.9156e+01 -6.8591e+01 -6.7467e+01 -2.1171e+02
-6.9057e+01 -6.7537e+01 -5.4769e+01 -5.6978e+01
# New trial
-6.9168e+01 -6.8667e+01 -6.7281e+01 -2.7307e+02
-6.9167e+01 -6.8641e+01 -6.5261e+01 -1.5933e+02
-6.9159e+01 -6.8558e+01 -6.3242e+01 -1.0684e+02
-6.9169e+01 -6.8649e+01 -6.3639e+01 -7.5820e+01
# New trial
-6.9396e+01 -7.1450e+01 -1.2960e+02 -1.0090e+03
-6.9245e+01 -6.9646e+01 -1.0704e+02 -8.3786e+02
-6.9068e+01 -6.7707e+01 -6.5655e+01 -3.8369e+02
-6.8995e+01 -6.6920e+01 -5.0149e+01 -8.3170e+01
# New trial
-6.9252e+01 -6.9963e+01 -1.1870e+02 -8.4147e+02
-6.9182e+01 -6.8922e+01 -7.6477e+01 -2.5630e+02
-6.9163e+01 -6.8620e+01 -6.5428e+01 -1.1968e+02
-6.9129e+01 -6.8254e+01 -6.0111e+01 -8.3269e+01
# New trial
-6.9136e+01 -6.8725e+01 -9.6954e+01 -6.2464e+02
-6.9160e+01 -6.8839e+01 -8.3318e+01 -4.1648e+02
-6.9128e+01 -6.8333e+01 -6.7327e+01 -2.6199e+02
-6.9074e+01 -6.7710e+01 -5.6614e+01 -1.6922e+02
# New trial
-6.9183e+01 -6.9138e+01 -9.5298e+01 -5.8642e+02
-6.9198e+01 -6.9169e+01 -8.7224e+01 -4.6084e+02
-6.9126e+01 -6.8267e+01 -6.4316e+01 -2.5310e+02
-6.9071e+01 -6.7671e+01 -5.4808e+01 -8.5050e+01
# New trial
-6.9207e+01 -6.9381e+01 -1.0170e+02 -6.8133e+02
-6.9188e+01 -6.9070e+01 -8.7167e+01 -4.7750e+02
-6.9122e+01 -6.8246e+01 -6.4915e+01 -2.1480e+02
-6.9057e+01 -6.7539e+01 -5.3763e+01 -5.9469e+01
# New trial
-6.9371e+01 -7.1671e+01 -1.4633e+02 -1.1110e+03
-6.9296e+01 -7.0423e+01 -1.0422e+02 -5.9757e+02
-6.9139e+01 -6.8517e+01 -7.2232e+01 -2.8336e+02
-6.9017e+01 -6.7156e+01 -5.4572e+01 -2.0603e+02
# New trial
-6.9080e+01 -6.8745e+01 -1.3196e+02 -1.0679e+03
-6.9089e+01 -6.8183e+01 -8.1375e+01 -4.1782e+02
-6.9075e+01 -6.7780e+01 -6.1818e+01 -2.4935e+02
-6.9049e+01 -6.7461e+01 -5.3438e+01 -5.2989e+01
# New trial
-6.9237e+01 -6.9617e+01 -9.7450e+01 -6.7316e+02
-6.9225e+01 -6.9372e+01 -8.3376e+01 -4.3999e+02
-6.9147e+01 -6.8498e+01 -6.7846e+01 -2.6306e+02
-6.9103e+01 -6.8002e+01 -5.8233e+01 -7.6821e+01
# New trial
-6.9233e+01 -6.9353e+01 -7.9066e+01 -4.0204e+02
-6.9215e+01 -6.9140e+01 -7.2013e+01 -2.5011e+02
-6.9181e+01 -6.8777e+01 -6.5760e+01 -1.3369e+02
-6.9151e+01 -6.8467e+01 -6.1885e+01 -7.0812e+01
# New trial
-6.9325e+01 -7.0907e+01 -1.3593e+02 -1.0072e+03
-6.9294e+01 -7.0206e+01 -1.0168e+02 -6.4439e+02
-6.9121e+01 -6.8259e+01 -6.8002e+01 -3.0463e+02
-6.9002e+01 -6.6991e+01 -5.0605e+01 -1.2170e+02
# New trial
-6.9274e+01 -7.0273e+01 -1.2351e+02 -9.1377e+02
-6.9237e+01 -6.9503e+01 -8.3845e+01 -4.3293e+02
-6.9136e+01 -6.8366e+01 -6.4640e+01 -2.3512e+02
-6.9065e+01 -6.7625e+01 -5.5140e+01 -1.6319e+02
# New trial
-6.9130e+01 -6.8351e+01 -7.1652e+01 -3.2385e+02
-6.9153e+01 -6.8584e+01 -7.3803e+01 -3.6972e+02
-6.9137e+01 -6.8375e+01 -6.5276e+01 -2.3752e+02
-6.9076e+01 -6.7728e+01 -5.6361e+01 -9.8452e+01
# New trial
-6.9211e+01 -6.9331e+01 -9.1064e+01 -4.9451e+02
-6.9182e+01 -6.8975e+01 -8.1138e+01 -3.4507e+02
-6.9141e+01 -6.8414e+01 -6.5261e+01 -2.1569e+02
-6.9103e+01 -6.7996e+01 -5.8065e+01 -9.9023e+01
# New trial
-6.9164e+01 -6.8913e+01 -9.0125e+01 -5.2589e+02
-6.9159e+01 -6.8815e+01 -8.3014e+01 -4.1910e+02
-6.9121e+01 -6.8281e+01 -6.7015e+01 -2.3600e+02
-6.9032e+01 -6.7301e+01 -5.3080e+01 -1.2192e+02
# New trial
-6.9282e+01 -7.0262e+01 -1.1289e+02 -7.8138e+02
-6.9241e+01 -6.9705e+01 -9.5470e+01 -5.4912e+02
-6.9124e+01 -6.8274e+01 -6.5206e+01 -2.0139e+02
-6.9040e+01 -6.7370e+01 -5.2811e+01 -5.5511e+01
# New trial
-6.9459e+01 -7.3223e+01 -1.7410e+02 -1.3795e+03
-6.9361e+01 -7.1187e+01 -1.2163e+02 -8.7686e+02
-6.9099e+01 -6.8040e+01 -6.7167e+01 -3.6317e+02
-6.8923e+01 -6.6199e+01 -4.7638e+01 -1.1170e+02
# New trial
-6.9507e+01 -7.3609e+01 -1.7767e+02 -1.4449e+03
-6.9393e+01 -7.1419e+01 -1.2078e+02 -8.2684e+02
-6.9119e+01 -6.8269e+01 -7.2867e+01 -4.5293e+02
-6.9008e+01 -6.7064e+01 -5.2604e+01 -1.4784e+02
# New trial
-6.9126e+01 -6.8459e+01 -8.0780e+01 -4.0096e+02
-6.9152e+01 -6.8605e+01 -7.2715e+01 -2.8449e+02
-6.9124e+01 -6.8232e+01 -6.2589e+01 -1.7877e+02
-6.9086e+01 -6.7824e+01 -5.6291e+01 -1.2512e+02
# New trial
-6.9136e+01 -6.8686e+01 -1.0418e+02 -8.3267e+02
-6.9159e+01 -6.8784e+01 -8.2821e+01 -4.7111e+02
-6.9126e+01 -6.8305e+01 -6.5455e+01 -1.7806e+02
-6.9064e+01 -6.7609e+01 -5.5591e+01 -1.9020e+02
# New trial
-6.9065e+01 -6.8084e+01 -8.9313e+01 -5.7059e+02
-6.9083e+01 -6.8036e+01 -7.4595e+01 -3.7029e+02
-6.9073e+01 -6.7752e+01 -6.0146e+01 -2.3197e+02
-6.9008e+01 -6.7050e+01 -5.0931e+01 -1.7263e+02
# New trial
