# 10.0sig - Array shape (trial/sig/alpha): (30, 4, 4)
-1.1997e+02 -1.1980e+02 -1.2350e+02 -3.5431e+02
-1.1995e+02 -1.1959e+02 -1.1950e+02 -2.9544e+02
-1.1989e+02 -1.1902e+02 -1.1133e+02 -1.5435e+02
-1.1981e+02 -1.1814e+02 -1.0192e+02 -6.9525e+01
# New trial
-1.2003e+02 -1.2071e+02 -1.5710e+02 -7.9894e+02
-1.1999e+02 -1.2024e+02 -1.4202e+02 -5.4948e+02
-1.1985e+02 -1.1866e+02 -1.1461e+02 -3.0273e+02
-1.1966e+02 -1.1666e+02 -8.8714e+01 -6.9227e+01
# New trial
-1.1997e+02 -1.1987e+02 -1.3067e+02 -4.6803e+02
-1.1993e+02 -1.1942e+02 -1.2107e+02 -3.0702e+02
-1.1979e+02 -1.1798e+02 -1.0180e+02 -9.7274e+01
-1.1961e+02 -1.1621e+02 -8.6474e+01 -7.6323e+01
# New trial
-1.1994e+02 -1.1952e+02 -1.1964e+02 -2.9887e+02
-1.1992e+02 -1.1928e+02 -1.1792e+02 -2.5382e+02
-1.1979e+02 -1.1803e+02 -1.0323e+02 -1.2411e+02
-1.1964e+02 -1.1647e+02 -8.8172e+01 -9.5055e+01
# New trial
-1.1999e+02 -1.2011e+02 -1.3789e+02 -5.9904e+02
-1.1995e+02 -1.1958e+02 -1.2269e+02 -3.5590e+02
-1.1987e+02 -1.1875e+02 -1.1020e+02 -1.5800e+02
-1.1976e+02 -1.1763e+02 -9.7296e+01 -6.9238e+01
# New trial
-1.1995e+02 -1.1965e+02 -1.2211e+02 -2.7507e+02
-1.1991e+02 -1.1915e+02 -1.1560e+02 -2.3469e+02
-1.1978e+02 -1.1789e+02 -1.0193e+02 -1.3382e+02
-1.1963e+02 -1.1640e+02 -8.7130e+01 -7.7615e+01
# New trial
-1.1995e+02 -1.1956e+02 -1.1963e+02 -3.9154e+02
-1.1994e+02 -1.1947e+02 -1.1745e+02 -2.5410e+02
-1.1990e+02 -1.1905e+02 -1.1172e+02 -1.7477e+02
-1.1982e+02 -1.1826e+02 -1.0308e+02 -8.0710e+01
# New trial
-1.1997e+02 -1.1985e+02 -1.2914e+02 -4.1020e+02
-1.1995e+02 -1.1962e+02 -1.2506e+02 -3.8620e+02
-1.1986e+02 -1.1868e+02 -1.1000e+02 -1.6862e+02
-1.1973e+02 -1.1737e+02 -9.4743e+01 -6.9665e+01
# New trial
-1.2001e+02 -1.2059e+02 -1.6976e+02 -9.1454e+02
-1.1993e+02 -1.1950e+02 -1.3248e+02 -4.3756e+02
-1.1975e+02 -1.1756e+02 -9.9772e+01 -1.4787e+02
-1.1957e+02 -1.1578e+02 -8.3021e+01 -8.1118e+01
# New trial
-1.1997e+02 -1.1975e+02 -1.1871e+02 -2.5312e+02
-1.1995e+02 -1.1957e+02 -1.1625e+02 -1.3962e+02
-1.1991e+02 -1.1917e+02 -1.1201e+02 -1.0109e+02
-1.1987e+02 -1.1878e+02 -1.0802e+02 -7.8304e+01
# New trial
-1.2004e+02 -1.2070e+02 -1.4800e+02 -6.6914e+02
-1.1993e+02 -1.1942e+02 -1.3259e+02 -6.1687e+02
-1.1976e+02 -1.1771e+02 -1.1119e+02 -3.1898e+02
-1.1953e+02 -1.1536e+02 -8.2762e+01 -9.5245e+01
# New trial
-1.2006e+02 -1.2095e+02 -1.5715e+02 -7.6775e+02
-1.1997e+02 -1.1985e+02 -1.2322e+02 -2.5571e+02
-1.1989e+02 -1.1900e+02 -1.1123e+02 -9.8045e+01
-1.1981e+02 -1.1815e+02 -1.0217e+02 -7.0234e+01
# New trial
-1.2002e+02 -1.2042e+02 -1.4376e+02 -6.4266e+02
-1.1997e+02 -1.1993e+02 -1.2972e+02 -4.0615e+02
-1.1984e+02 -1.1851e+02 -1.0839e+02 -2.1781e+02
-1.1968e+02 -1.1690e+02 -9.2877e+01 -1.4178e+02
# New trial
-1.2000e+02 -1.2011e+02 -1.3133e+02 -4.2914e+02
-1.1995e+02 -1.1965e+02 -1.2248e+02 -3.0289e+02
-1.1982e+02 -1.1832e+02 -1.0490e+02 -1.1230e+02
-1.1968e+02 -1.1689e+02 -9.0769e+01 -7.2055e+01
# New trial
-1.2002e+02 -1.2045e+02 -1.4129e+02 -5.4145e+02
-1.1998e+02 -1.1995e+02 -1.3144e+02 -4.2253e+02
-1.1983e+02 -1.1838e+02 -1.0707e+02 -1.4685e+02
-1.1963e+02 -1.1635e+02 -8.6062e+01 -6.9227e+01
# New trial
-1.2003e+02 -1.2070e+02 -1.6598e+02 -8.7964e+02
-1.1994e+02 -1.1967e+02 -1.3393e+02 -4.6765e+02
-1.1974e+02 -1.1759e+02 -1.0622e+02 -2.6486e+02
-1.1950e+02 -1.1511e+02 -7.9120e+01 -6.9228e+01
# New trial
-1.1997e+02 -1.2006e+02 -1.6069e+02 -8.2074e+02
-1.1990e+02 -1.1916e+02 -1.2530e+02 -4.1504e+02
-1.1976e+02 -1.1773e+02 -1.0351e+02 -2.1516e+02
-1.1957e+02 -1.1583e+02 -8.3317e+01 -6.9446e+01
# New trial
-1.2000e+02 -1.2019e+02 -1.3498e+02 -5.0569e+02
-1.1994e+02 -1.1953e+02 -1.2187e+02 -3.4993e+02
-1.1981e+02 -1.1823e+02 -1.0783e+02 -2.5148e+02
-1.1968e+02 -1.1685e+02 -9.1308e+01 -8.2118e+01
# New trial
-1.1997e+02 -1.1978e+02 -1.2242e+02 -3.4558e+02
-1.1994e+02 -1.1945e+02 -1.1574e+02 -1.5352e+02
-1.1988e+02 -1.1886e+02 -1.0906e+02 -7.0707e+01
-1.1980e+02 -1.1806e+02 -1.0104e+02 -6.9228e+01
# New trial
-1.2007e+02 -1.2103e+02 -1.5885e+02 -7.5681e+02
-1.2000e+02 -1.2008e+02 -1.2998e+02 -4.6556e+02
-1.1984e+02 -1.1846e+02 -1.0647e+02 -1.2087e+02
-1.1966e+02 -1.1669e+02 -8.9460e+01 -6.9227e+01
# New trial
-1.2002e+02 -1.2029e+02 -1.3322e+02 -5.0498e+02
-1.1996e+02 -1.1970e+02 -1.1916e+02 -2.5792e+02
-1.1985e+02 -1.1862e+02 -1.0753e+02 -1.4526e+02
-1.1971e+02 -1.1714e+02 -9.3032e+01 -7.2819e+01
# New trial
-1.1995e+02 -1.1954e+02 -1.1893e+02 -2.9670e+02
-1.1992e+02 -1.1931e+02 -1.1771e+02 -2.9467e+02
-1.1981e+02 -1.1821e+02 -1.0422e+02 -1.3400e+02
-1.1965e+02 -1.1653e+02 -8.8827e+01 -6.9479e+01
# New trial
-1.1998e+02 -1.1995e+02 -1.2764e+02 -3.4201e+02
-1.1994e+02 -1.1949e+02 -1.2133e+02 -3.1491e+02
-1.1982e+02 -1.1825e+02 -1.0510e+02 -1.5267e+02
-1.1967e+02 -1.1677e+02 -8.9520e+01 -6.9227e+01
# New trial
-1.1998e+02 -1.2002e+02 -1.3575e+02 -4.5018e+02
-1.1993e+02 -1.1951e+02 -1.3115e+02 -4.2439e+02
-1.1978e+02 -1.1788e+02 -1.0398e+02 -1.5778e+02
-1.1956e+02 -1.1570e+02 -8.2841e+01 -7.4960e+01
# New trial
-1.2002e+02 -1.2045e+02 -1.4589e+02 -6.3508e+02
-1.1994e+02 -1.1959e+02 -1.2848e+02 -4.3598e+02
-1.1975e+02 -1.1765e+02 -1.0082e+02 -1.2491e+02
-1.1954e+02 -1.1548e+02 -8.0285e+01 -6.9227e+01
# New trial
-1.2012e+02 -1.2185e+02 -1.7604e+02 -9.2616e+02
-1.1997e+02 -1.2001e+02 -1.4287e+02 -6.6285e+02
-1.1968e+02 -1.1686e+02 -9.2462e+01 -7.2909e+01
-1.1937e+02 -1.1376e+02 -7.2557e+01 -6.9227e+01
# New trial
-1.2019e+02 -1.2257e+02 -1.8489e+02 -9.7496e+02
-1.2004e+02 -1.2059e+02 -1.3868e+02 -5.0137e+02
-1.1982e+02 -1.1831e+02 -1.0774e+02 -2.3603e+02
-1.1960e+02 -1.1607e+02 -8.6184e+01 -6.9683e+01
# New trial
-1.1995e+02 -1.1959e+02 -1.1822e+02 -2.7914e+02
-1.1993e+02 -1.1937e+02 -1.1671e+02 -2.8645e+02
-1.1984e+02 -1.1845e+02 -1.0611e+02 -1.3385e+02
-1.1971e+02 -1.1719e+02 -9.3338e+01 -7.1292e+01
# New trial
-1.2000e+02 -1.2022e+02 -1.5015e+02 -7.3962e+02
-1.1998e+02 -1.1995e+02 -1.3203e+02 -4.5029e+02
-1.1983e+02 -1.1846e+02 -1.0935e+02 -2.0741e+02
-1.1962e+02 -1.1626e+02 -8.6139e+01 -7.8674e+01
# New trial
-1.1996e+02 -1.1975e+02 -1.2798e+02 -4.5761e+02
-1.1993e+02 -1.1941e+02 -1.1837e+02 -3.0240e+02
-1.1983e+02 -1.1841e+02 -1.0545e+02 -1.3719e+02
-1.1969e+02 -1.1702e+02 -9.2550e+01 -6.9387e+01
# New trial
