# 10.0sig - Array shape (trial/sig/alpha): (30L, 4L, 4L)
-9.2219e+01 -9.1547e+01 -9.4533e+01 -4.0332e+02
-9.2229e+01 -9.1621e+01 -9.1389e+01 -3.3143e+02
-9.2207e+01 -9.1368e+01 -8.4932e+01 -1.9561e+02
-9.2140e+01 -9.0685e+01 -7.6707e+01 -5.5731e+01
# New trial
-9.2321e+01 -9.3549e+01 -1.6701e+02 -1.2577e+03
-9.2274e+01 -9.2752e+01 -1.3460e+02 -7.8058e+02
-9.2164e+01 -9.1082e+01 -8.9674e+01 -2.7630e+02
-9.1988e+01 -8.9185e+01 -6.3405e+01 -5.2216e+01
# New trial
-9.2267e+01 -9.2149e+01 -1.1615e+02 -6.5408e+02
-9.2257e+01 -9.1983e+01 -1.0505e+02 -5.0965e+02
-9.2115e+01 -9.0458e+01 -7.7824e+01 -1.9469e+02
-9.1947e+01 -8.8758e+01 -5.9899e+01 -4.8847e+01
# New trial
-9.2205e+01 -9.1428e+01 -9.7552e+01 -5.0664e+02
-9.2203e+01 -9.1406e+01 -9.4512e+01 -3.8364e+02
-9.2106e+01 -9.0373e+01 -7.6138e+01 -1.0964e+02
-9.1970e+01 -8.8994e+01 -6.2472e+01 -4.6407e+01
# New trial
-9.2233e+01 -9.2202e+01 -1.3174e+02 -8.4585e+02
-9.2199e+01 -9.1498e+01 -1.0043e+02 -4.2895e+02
-9.2173e+01 -9.1069e+01 -8.4381e+01 -1.7412e+02
-9.2103e+01 -9.0321e+01 -7.3693e+01 -9.9824e+01
# New trial
-9.2198e+01 -9.1505e+01 -1.0726e+02 -5.4347e+02
-9.2178e+01 -9.1193e+01 -9.3947e+01 -3.5051e+02
-9.2073e+01 -9.0049e+01 -7.3993e+01 -1.5660e+02
-9.1918e+01 -8.8473e+01 -5.8579e+01 -5.3831e+01
# New trial
-9.2227e+01 -9.1602e+01 -9.3987e+01 -4.3627e+02
-9.2234e+01 -9.1664e+01 -9.1983e+01 -3.2842e+02
-9.2209e+01 -9.1388e+01 -8.5725e+01 -2.6376e+02
-9.2159e+01 -9.0874e+01 -7.8654e+01 -9.5416e+01
# New trial
-9.2132e+01 -9.0938e+01 -1.0764e+02 -5.7294e+02
-9.2178e+01 -9.1314e+01 -1.0339e+02 -5.0036e+02
-9.2152e+01 -9.0895e+01 -8.4559e+01 -2.1520e+02
-9.2040e+01 -8.9699e+01 -6.8093e+01 -7.1923e+01
# New trial
-9.2547e+01 -9.5908e+01 -2.0842e+02 -1.5941e+03
-9.2438e+01 -9.4233e+01 -1.4881e+02 -8.8414e+02
-9.2173e+01 -9.1095e+01 -8.7839e+01 -3.5087e+02
-9.1946e+01 -8.8765e+01 -6.2070e+01 -6.2952e+01
# New trial
-9.2231e+01 -9.1616e+01 -8.9172e+01 -2.7897e+02
-9.2216e+01 -9.1455e+01 -8.5830e+01 -1.8834e+02
-9.2183e+01 -9.1111e+01 -8.1192e+01 -1.2272e+02
-9.2169e+01 -9.0969e+01 -7.9249e+01 -6.3008e+01
# New trial
-9.2325e+01 -9.3113e+01 -1.5297e+02 -1.1069e+03
-9.2180e+01 -9.1356e+01 -1.1965e+02 -7.7945e+02
-9.1985e+01 -8.9245e+01 -8.4259e+01 -4.1568e+02
-9.1808e+01 -8.7389e+01 -5.2565e+01 -6.4034e+01
# New trial
-9.2386e+01 -9.3820e+01 -1.6080e+02 -1.1354e+03
-9.2249e+01 -9.1935e+01 -1.0176e+02 -3.7327e+02
-9.2189e+01 -9.1194e+01 -8.3145e+01 -1.2498e+02
-9.2110e+01 -9.0385e+01 -7.3655e+01 -5.6531e+01
# New trial
-9.2128e+01 -9.1012e+01 -1.2105e+02 -7.6073e+02
-9.2150e+01 -9.1104e+01 -1.0535e+02 -5.2203e+02
-9.2100e+01 -9.0391e+01 -8.1699e+01 -2.4964e+02
-9.1988e+01 -8.9178e+01 -6.4378e+01 -8.0058e+01
# New trial
-9.2270e+01 -9.2273e+01 -1.1738e+02 -6.1579e+02
-9.2255e+01 -9.2006e+01 -1.0504e+02 -4.4414e+02
-9.2126e+01 -9.0591e+01 -8.1344e+01 -2.3236e+02
-9.1993e+01 -8.9223e+01 -6.3647e+01 -6.5053e+01
# New trial
-9.2310e+01 -9.2795e+01 -1.3115e+02 -7.7072e+02
-9.2268e+01 -9.2237e+01 -1.1409e+02 -5.5021e+02
-9.2132e+01 -9.0659e+01 -8.1612e+01 -1.9765e+02
-9.1962e+01 -8.8905e+01 -6.0846e+01 -5.2893e+01
# New trial
-9.2299e+01 -9.3092e+01 -1.6943e+02 -1.3059e+03
-9.2227e+01 -9.2116e+01 -1.2418e+02 -6.8488e+02
-9.2063e+01 -9.0076e+01 -8.2817e+01 -3.4898e+02
-9.1862e+01 -8.7914e+01 -5.4838e+01 -8.1806e+01
# New trial
-9.2269e+01 -9.2621e+01 -1.6574e+02 -1.2815e+03
-9.2183e+01 -9.1436e+01 -1.0921e+02 -5.9927e+02
-9.2054e+01 -8.9934e+01 -7.8498e+01 -2.1349e+02
-9.1924e+01 -8.8543e+01 -5.9134e+01 -1.0547e+02
# New trial
-9.2422e+01 -9.3804e+01 -1.3754e+02 -8.7613e+02
-9.2314e+01 -9.2597e+01 -1.1094e+02 -5.7867e+02
-9.2130e+01 -9.0663e+01 -8.4787e+01 -3.8514e+02
-9.2054e+01 -8.9832e+01 -7.0129e+01 -1.1705e+02
# New trial
-9.2294e+01 -9.2290e+01 -1.0229e+02 -5.0410e+02
-9.2260e+01 -9.1911e+01 -9.2282e+01 -2.6009e+02
-9.2198e+01 -9.1272e+01 -8.3023e+01 -9.0850e+01
-9.2131e+01 -9.0586e+01 -7.5546e+01 -4.6985e+01
# New trial
-9.2507e+01 -9.4995e+01 -1.7461e+02 -1.2591e+03
-9.2395e+01 -9.3521e+01 -1.2841e+02 -7.7030e+02
-9.2143e+01 -9.0782e+01 -8.3859e+01 -2.5274e+02
-9.1940e+01 -8.8698e+01 -6.1345e+01 -1.2494e+02
# New trial
-9.2303e+01 -9.2581e+01 -1.2930e+02 -8.2596e+02
-9.2231e+01 -9.1693e+01 -9.7057e+01 -3.9266e+02
-9.2117e+01 -9.0489e+01 -7.9446e+01 -3.0373e+02
-9.2005e+01 -8.9337e+01 -6.4838e+01 -8.3359e+01
# New trial
-9.2244e+01 -9.1815e+01 -9.9027e+01 -3.8009e+02
-9.2260e+01 -9.1986e+01 -1.0267e+02 -4.6003e+02
-9.2177e+01 -9.1106e+01 -8.8152e+01 -3.5071e+02
-9.2013e+01 -8.9420e+01 -6.7253e+01 -1.0115e+02
# New trial
-9.2307e+01 -9.2579e+01 -1.1457e+02 -5.3027e+02
-9.2243e+01 -9.1897e+01 -1.0345e+02 -4.3142e+02
-9.2122e+01 -9.0553e+01 -7.9747e+01 -2.1093e+02
-9.2015e+01 -8.9440e+01 -6.6383e+01 -1.0306e+02
# New trial
-9.2270e+01 -9.2347e+01 -1.2121e+02 -6.3760e+02
-9.2217e+01 -9.1804e+01 -1.1427e+02 -5.7859e+02
-9.2106e+01 -9.0455e+01 -8.3962e+01 -2.4741e+02
-9.1910e+01 -8.8389e+01 -5.7575e+01 -7.4030e+01
# New trial
-9.2355e+01 -9.3411e+01 -1.4899e+02 -1.0069e+03
-9.2277e+01 -9.2439e+01 -1.2175e+02 -6.9277e+02
-9.2097e+01 -9.0354e+01 -8.3082e+01 -3.2369e+02
-9.1914e+01 -8.8435e+01 -5.7933e+01 -5.5187e+01
# New trial
-9.2406e+01 -9.5013e+01 -1.8923e+02 -1.3199e+03
-9.2320e+01 -9.3202e+01 -1.4607e+02 -9.9654e+02
-9.2012e+01 -8.9504e+01 -7.4398e+01 -2.1385e+02
-9.1694e+01 -8.6247e+01 -4.8541e+01 -1.0732e+02
# New trial
-9.2607e+01 -9.6890e+01 -2.2012e+02 -1.6864e+03
-9.2375e+01 -9.3487e+01 -1.3582e+02 -8.4672e+02
-9.2052e+01 -8.9890e+01 -7.7396e+01 -2.6574e+02
-9.1860e+01 -8.7901e+01 -5.6275e+01 -7.1701e+01
# New trial
-9.2236e+01 -9.1745e+01 -9.7196e+01 -4.0001e+02
-9.2202e+01 -9.1388e+01 -9.1502e+01 -3.4191e+02
-9.2107e+01 -9.0390e+01 -7.6719e+01 -1.3685e+02
-9.2004e+01 -8.9330e+01 -6.4628e+01 -8.2114e+01
# New trial
-9.2297e+01 -9.2594e+01 -1.4289e+02 -1.0539e+03
-9.2285e+01 -9.2376e+01 -1.1291e+02 -6.0892e+02
-9.2147e+01 -9.0878e+01 -8.5397e+01 -2.8005e+02
-9.1957e+01 -8.8884e+01 -6.2622e+01 -9.6480e+01
# New trial
-9.2223e+01 -9.1659e+01 -1.0777e+02 -6.3720e+02
-9.2178e+01 -9.1189e+01 -9.5340e+01 -4.3983e+02
-9.2074e+01 -9.0069e+01 -7.4596e+01 -1.7026e+02
-9.1943e+01 -8.8718e+01 -6.0661e+01 -4.8221e+01
# New trial
