# 10.0sig - Array shape (trial/sig/alpha): (30L, 4L, 4L)
-3.6902e+01 -3.6736e+01 -3.5943e+01 -4.3008e+01
-3.6909e+01 -3.6806e+01 -3.6115e+01 -3.7843e+01
-3.6918e+01 -3.6895e+01 -3.6757e+01 -3.9429e+01
-3.6921e+01 -3.6919e+01 -3.6907e+01 -3.8017e+01
# New trial
-3.6859e+01 -3.6401e+01 -3.6079e+01 -5.2000e+01
-3.6897e+01 -3.6746e+01 -3.7380e+01 -5.6971e+01
-3.6919e+01 -3.6916e+01 -3.7554e+01 -5.9517e+01
-3.6921e+01 -3.6922e+01 -3.6980e+01 -4.9884e+01
# New trial
-3.6930e+01 -3.7019e+01 -3.9330e+01 -8.0162e+01
-3.6925e+01 -3.6965e+01 -3.8187e+01 -7.1962e+01
-3.6920e+01 -3.6911e+01 -3.6968e+01 -4.9008e+01
-3.6921e+01 -3.6918e+01 -3.6902e+01 -3.7046e+01
# New trial
-3.6920e+01 -3.6922e+01 -3.7956e+01 -6.7883e+01
-3.6920e+01 -3.6914e+01 -3.7534e+01 -6.3970e+01
-3.6921e+01 -3.6921e+01 -3.7094e+01 -5.1818e+01
-3.6921e+01 -3.6920e+01 -3.6919e+01 -3.7331e+01
# New trial
-3.6919e+01 -3.6999e+01 -4.3452e+01 -1.3158e+02
-3.6903e+01 -3.6773e+01 -3.7041e+01 -5.0277e+01
-3.6916e+01 -3.6875e+01 -3.6835e+01 -4.8568e+01
-3.6921e+01 -3.6918e+01 -3.6953e+01 -4.5142e+01
# New trial
-3.6937e+01 -3.7134e+01 -4.2955e+01 -1.2192e+02
-3.6923e+01 -3.6967e+01 -3.9010e+01 -7.5097e+01
-3.6918e+01 -3.6901e+01 -3.7413e+01 -6.5348e+01
-3.6920e+01 -3.6915e+01 -3.6921e+01 -4.6115e+01
# New trial
-3.6936e+01 -3.7084e+01 -3.9695e+01 -8.7193e+01
-3.6935e+01 -3.7073e+01 -3.9375e+01 -8.0461e+01
-3.6924e+01 -3.6955e+01 -3.7678e+01 -6.8027e+01
-3.6921e+01 -3.6920e+01 -3.6934e+01 -4.0104e+01
# New trial
-3.6927e+01 -3.7014e+01 -4.0458e+01 -9.2666e+01
-3.6921e+01 -3.6949e+01 -3.9236e+01 -8.0084e+01
-3.6920e+01 -3.6915e+01 -3.7342e+01 -5.4039e+01
-3.6921e+01 -3.6919e+01 -3.6931e+01 -4.3078e+01
# New trial
-3.6960e+01 -3.7391e+01 -4.9150e+01 -1.9715e+02
-3.6966e+01 -3.7423e+01 -4.5818e+01 -1.5155e+02
-3.6953e+01 -3.7252e+01 -4.0734e+01 -9.1653e+01
-3.6923e+01 -3.6948e+01 -3.7258e+01 -4.0759e+01
# New trial
-3.6896e+01 -3.6674e+01 -3.4964e+01 -4.0627e+01
-3.6902e+01 -3.6733e+01 -3.5330e+01 -3.2878e+01
-3.6912e+01 -3.6834e+01 -3.6110e+01 -3.4775e+01
-3.6920e+01 -3.6914e+01 -3.6850e+01 -3.6289e+01
# New trial
-3.6869e+01 -3.6429e+01 -3.4195e+01 -3.6086e+01
-3.6886e+01 -3.6582e+01 -3.4692e+01 -3.7597e+01
-3.6916e+01 -3.6875e+01 -3.6561e+01 -4.4571e+01
-3.6921e+01 -3.6920e+01 -3.6917e+01 -3.7021e+01
# New trial
-3.6878e+01 -3.6572e+01 -3.8604e+01 -7.9885e+01
-3.6896e+01 -3.6695e+01 -3.6030e+01 -3.9618e+01
-3.6917e+01 -3.6882e+01 -3.6786e+01 -4.3096e+01
-3.6921e+01 -3.6918e+01 -3.6906e+01 -3.7359e+01
# New trial
-3.6923e+01 -3.6989e+01 -4.1738e+01 -1.0981e+02
-3.6919e+01 -3.6930e+01 -3.8986e+01 -7.6263e+01
-3.6922e+01 -3.6940e+01 -3.7706e+01 -6.4022e+01
-3.6921e+01 -3.6926e+01 -3.6992e+01 -4.3498e+01
# New trial
-3.6885e+01 -3.6592e+01 -3.5893e+01 -4.9161e+01
-3.6910e+01 -3.6829e+01 -3.7501e+01 -6.4459e+01
-3.6920e+01 -3.6913e+01 -3.7018e+01 -4.7031e+01
-3.6921e+01 -3.6919e+01 -3.6911e+01 -3.7012e+01
# New trial
-3.6900e+01 -3.6747e+01 -3.7896e+01 -6.8682e+01
-3.6909e+01 -3.6820e+01 -3.7525e+01 -6.4053e+01
-3.6920e+01 -3.6912e+01 -3.7189e+01 -5.4685e+01
-3.6921e+01 -3.6920e+01 -3.6921e+01 -3.8296e+01
# New trial
-3.6993e+01 -3.7778e+01 -5.2069e+01 -2.1788e+02
-3.7000e+01 -3.7783e+01 -4.8300e+01 -1.7031e+02
-3.6950e+01 -3.7232e+01 -4.1252e+01 -9.7965e+01
-3.6921e+01 -3.6921e+01 -3.7066e+01 -5.1109e+01
# New trial
-3.6929e+01 -3.7086e+01 -4.6790e+01 -1.6838e+02
-3.6918e+01 -3.6935e+01 -3.9605e+01 -8.5395e+01
-3.6917e+01 -3.6892e+01 -3.7235e+01 -6.4256e+01
-3.6921e+01 -3.6920e+01 -3.6972e+01 -4.9619e+01
# New trial
-3.6947e+01 -3.7207e+01 -4.2582e+01 -1.1931e+02
-3.6945e+01 -3.7181e+01 -4.0996e+01 -9.8322e+01
-3.6925e+01 -3.6965e+01 -3.7917e+01 -7.1097e+01
-3.6920e+01 -3.6917e+01 -3.6931e+01 -4.6852e+01
# New trial
-3.6926e+01 -3.6969e+01 -3.7735e+01 -6.0304e+01
-3.6925e+01 -3.6968e+01 -3.7698e+01 -5.7945e+01
-3.6921e+01 -3.6926e+01 -3.7070e+01 -4.7207e+01
-3.6921e+01 -3.6919e+01 -3.6911e+01 -3.7410e+01
# New trial
-3.6946e+01 -3.7240e+01 -4.4765e+01 -1.4123e+02
-3.6931e+01 -3.7046e+01 -4.0318e+01 -9.9038e+01
-3.6919e+01 -3.6913e+01 -3.7328e+01 -5.5283e+01
-3.6921e+01 -3.6919e+01 -3.6946e+01 -4.8260e+01
# New trial
-3.6926e+01 -3.7011e+01 -4.1415e+01 -1.0906e+02
-3.6919e+01 -3.6913e+01 -3.7962e+01 -6.8834e+01
-3.6920e+01 -3.6921e+01 -3.7501e+01 -6.6483e+01
-3.6921e+01 -3.6923e+01 -3.7089e+01 -6.1602e+01
# New trial
-3.6909e+01 -3.6805e+01 -3.6382e+01 -5.0511e+01
-3.6915e+01 -3.6864e+01 -3.7351e+01 -6.4548e+01
-3.6920e+01 -3.6919e+01 -3.7433e+01 -6.1212e+01
-3.6921e+01 -3.6922e+01 -3.6962e+01 -4.2658e+01
# New trial
-3.6922e+01 -3.6962e+01 -3.9347e+01 -7.9702e+01
-3.6923e+01 -3.6968e+01 -3.8882e+01 -7.3601e+01
-3.6920e+01 -3.6914e+01 -3.7236e+01 -5.6699e+01
-3.6921e+01 -3.6921e+01 -3.6963e+01 -4.7539e+01
# New trial
-3.6932e+01 -3.7042e+01 -3.8877e+01 -7.2263e+01
-3.6930e+01 -3.7021e+01 -3.8556e+01 -6.5906e+01
-3.6922e+01 -3.6929e+01 -3.7197e+01 -5.4117e+01
-3.6921e+01 -3.6921e+01 -3.6934e+01 -4.2884e+01
# New trial
-3.6946e+01 -3.7237e+01 -4.4005e+01 -1.3141e+02
-3.6928e+01 -3.7037e+01 -4.0617e+01 -9.2997e+01
-3.6918e+01 -3.6906e+01 -3.7423e+01 -6.2039e+01
-3.6921e+01 -3.6920e+01 -3.6944e+01 -4.6637e+01
# New trial
-3.6884e+01 -3.6720e+01 -3.9974e+01 -8.8672e+01
-3.6901e+01 -3.6796e+01 -3.9033e+01 -8.4907e+01
-3.6918e+01 -3.6910e+01 -3.8198e+01 -7.7430e+01
-3.6921e+01 -3.6922e+01 -3.6989e+01 -4.7925e+01
# New trial
-3.6987e+01 -3.7762e+01 -5.2145e+01 -2.1579e+02
-3.6966e+01 -3.7431e+01 -4.4945e+01 -1.3736e+02
-3.6927e+01 -3.6990e+01 -3.8432e+01 -7.7020e+01
-3.6921e+01 -3.6922e+01 -3.6978e+01 -4.8350e+01
# New trial
-3.6918e+01 -3.6913e+01 -3.8969e+01 -7.8082e+01
-3.6915e+01 -3.6876e+01 -3.7479e+01 -5.6755e+01
-3.6920e+01 -3.6910e+01 -3.7091e+01 -5.5344e+01
-3.6921e+01 -3.6920e+01 -3.6924e+01 -4.2187e+01
# New trial
-3.6932e+01 -3.7060e+01 -4.1996e+01 -1.2063e+02
-3.6924e+01 -3.6968e+01 -3.8705e+01 -7.5861e+01
-3.6919e+01 -3.6901e+01 -3.6896e+01 -4.2827e+01
-3.6921e+01 -3.6920e+01 -3.6919e+01 -3.7146e+01
# New trial
-3.6943e+01 -3.7159e+01 -4.0931e+01 -9.6114e+01
-3.6942e+01 -3.7146e+01 -4.0368e+01 -9.0646e+01
-3.6921e+01 -3.6926e+01 -3.7359e+01 -5.9998e+01
-3.6920e+01 -3.6914e+01 -3.6888e+01 -3.8115e+01
# New trial
