# 1.0sig - Array shape (trial/sig/alpha): (30L, 4L, 4L)
-7.3824e+01 -7.3680e+01 -7.4171e+01 -9.6913e+01
-7.3816e+01 -7.3594e+01 -7.2454e+01 -7.6955e+01
-7.3797e+01 -7.3392e+01 -7.0135e+01 -6.9227e+01
-7.3793e+01 -7.3358e+01 -6.9801e+01 -6.9227e+01
# New trial
-7.3830e+01 -7.3727e+01 -7.3529e+01 -8.8442e+01
-7.3826e+01 -7.3689e+01 -7.2956e+01 -7.7403e+01
-7.3805e+01 -7.3479e+01 -7.0798e+01 -6.9227e+01
-7.3783e+01 -7.3257e+01 -6.9475e+01 -6.9227e+01
# New trial
-7.3827e+01 -7.3703e+01 -7.3270e+01 -9.0412e+01
-7.3821e+01 -7.3641e+01 -7.2392e+01 -7.1537e+01
-7.3810e+01 -7.3529e+01 -7.1221e+01 -6.9230e+01
-7.3814e+01 -7.3565e+01 -7.1232e+01 -6.9227e+01
# New trial
-7.3825e+01 -7.3676e+01 -7.3575e+01 -1.0377e+02
-7.3821e+01 -7.3637e+01 -7.2665e+01 -8.0268e+01
-7.3812e+01 -7.3547e+01 -7.1343e+01 -6.9227e+01
-7.3817e+01 -7.3593e+01 -7.1803e+01 -8.3825e+01
# New trial
-7.3835e+01 -7.3793e+01 -7.6009e+01 -1.1968e+02
-7.3826e+01 -7.3694e+01 -7.3757e+01 -9.7893e+01
-7.3802e+01 -7.3443e+01 -7.0634e+01 -6.9269e+01
-7.3774e+01 -7.3164e+01 -6.9336e+01 -6.9227e+01
# New trial
-7.3833e+01 -7.3762e+01 -7.4540e+01 -1.0515e+02
-7.3827e+01 -7.3696e+01 -7.2936e+01 -8.0551e+01
-7.3807e+01 -7.3499e+01 -7.0782e+01 -6.9227e+01
-7.3784e+01 -7.3262e+01 -6.9482e+01 -6.9227e+01
# New trial
-7.3829e+01 -7.3715e+01 -7.3293e+01 -9.0759e+01
-7.3827e+01 -7.3693e+01 -7.2540e+01 -7.5060e+01
-7.3825e+01 -7.3673e+01 -7.2274e+01 -6.9725e+01
-7.3830e+01 -7.3726e+01 -7.2717e+01 -7.0386e+01
# New trial
-7.3825e+01 -7.3690e+01 -7.4849e+01 -1.0955e+02
-7.3818e+01 -7.3612e+01 -7.2825e+01 -8.8044e+01
-7.3805e+01 -7.3481e+01 -7.1047e+01 -6.9237e+01
-7.3811e+01 -7.3532e+01 -7.1044e+01 -6.9229e+01
# New trial
-7.3809e+01 -7.3545e+01 -7.3561e+01 -9.3958e+01
-7.3792e+01 -7.3365e+01 -7.1440e+01 -7.4211e+01
-7.3766e+01 -7.3097e+01 -6.9924e+01 -6.9227e+01
-7.3800e+01 -7.3426e+01 -7.2206e+01 -9.6926e+01
# New trial
-7.3822e+01 -7.3655e+01 -7.3198e+01 -9.1581e+01
-7.3812e+01 -7.3553e+01 -7.2238e+01 -8.2830e+01
-7.3796e+01 -7.3392e+01 -7.0512e+01 -6.9451e+01
-7.3812e+01 -7.3542e+01 -7.1358e+01 -7.8861e+01
# New trial
-7.3830e+01 -7.3745e+01 -7.4699e+01 -1.0430e+02
-7.3821e+01 -7.3649e+01 -7.3745e+01 -9.5770e+01
-7.3786e+01 -7.3293e+01 -7.0054e+01 -6.9227e+01
-7.3748e+01 -7.2909e+01 -6.9240e+01 -6.9227e+01
# New trial
-7.3824e+01 -7.3685e+01 -7.4908e+01 -1.0963e+02
-7.3814e+01 -7.3568e+01 -7.2119e+01 -7.7380e+01
-7.3797e+01 -7.3396e+01 -7.0191e+01 -6.9227e+01
-7.3800e+01 -7.3423e+01 -7.0293e+01 -6.9228e+01
# New trial
-7.3832e+01 -7.3766e+01 -7.5568e+01 -1.1853e+02
-7.3818e+01 -7.3615e+01 -7.2671e+01 -8.1118e+01
-7.3808e+01 -7.3504e+01 -7.1007e+01 -6.9234e+01
-7.3823e+01 -7.3656e+01 -7.2056e+01 -6.9293e+01
# New trial
-7.3835e+01 -7.3816e+01 -7.8437e+01 -1.4702e+02
-7.3822e+01 -7.3664e+01 -7.4436e+01 -1.0173e+02
-7.3788e+01 -7.3310e+01 -7.0025e+01 -6.9227e+01
-7.3760e+01 -7.3024e+01 -6.9253e+01 -6.9227e+01
# New trial
-7.3836e+01 -7.3795e+01 -7.5528e+01 -1.1839e+02
-7.3829e+01 -7.3717e+01 -7.3515e+01 -8.7284e+01
-7.3809e+01 -7.3520e+01 -7.1027e+01 -6.9227e+01
-7.3788e+01 -7.3300e+01 -6.9666e+01 -6.9227e+01
# New trial
-7.3813e+01 -7.3621e+01 -7.7169e+01 -1.3235e+02
-7.3798e+01 -7.3458e+01 -7.2903e+01 -8.7049e+01
-7.3783e+01 -7.3265e+01 -6.9935e+01 -6.9227e+01
-7.3819e+01 -7.3617e+01 -7.5069e+01 -1.2695e+02
# New trial
-7.3821e+01 -7.3651e+01 -7.3513e+01 -8.8558e+01
-7.3809e+01 -7.3529e+01 -7.2371e+01 -8.1625e+01
-7.3783e+01 -7.3262e+01 -6.9715e+01 -6.9227e+01
-7.3797e+01 -7.3391e+01 -6.9972e+01 -6.9227e+01
# New trial
-7.3822e+01 -7.3658e+01 -7.3257e+01 -8.4855e+01
-7.3813e+01 -7.3571e+01 -7.2365e+01 -7.7125e+01
-7.3797e+01 -7.3400e+01 -7.0385e+01 -6.9227e+01
-7.3816e+01 -7.3580e+01 -7.1386e+01 -6.9227e+01
# New trial
-7.3829e+01 -7.3734e+01 -7.5302e+01 -1.1342e+02
-7.3821e+01 -7.3651e+01 -7.3760e+01 -9.4928e+01
-7.3804e+01 -7.3468e+01 -7.0927e+01 -6.9312e+01
-7.3807e+01 -7.3493e+01 -7.0752e+01 -6.9236e+01
# New trial
-7.3835e+01 -7.3780e+01 -7.4968e+01 -1.1396e+02
-7.3829e+01 -7.3715e+01 -7.3275e+01 -8.7784e+01
-7.3812e+01 -7.3542e+01 -7.1078e+01 -6.9227e+01
-7.3796e+01 -7.3382e+01 -6.9901e+01 -6.9227e+01
# New trial
-7.3816e+01 -7.3609e+01 -7.4796e+01 -1.0821e+02
-7.3805e+01 -7.3495e+01 -7.1774e+01 -7.1181e+01
-7.3802e+01 -7.3453e+01 -7.1036e+01 -6.9232e+01
-7.3830e+01 -7.3725e+01 -7.2975e+01 -8.9109e+01
# New trial
-7.3826e+01 -7.3694e+01 -7.4160e+01 -1.0767e+02
-7.3820e+01 -7.3630e+01 -7.2147e+01 -7.0159e+01
-7.3808e+01 -7.3500e+01 -7.0762e+01 -6.9227e+01
-7.3804e+01 -7.3463e+01 -7.0394e+01 -6.9227e+01
# New trial
-7.3823e+01 -7.3683e+01 -7.4909e+01 -1.0787e+02
-7.3808e+01 -7.3521e+01 -7.1960e+01 -7.5416e+01
-7.3799e+01 -7.3419e+01 -7.0689e+01 -6.9303e+01
-7.3821e+01 -7.3633e+01 -7.2455e+01 -9.4175e+01
# New trial
-7.3822e+01 -7.3673e+01 -7.4449e+01 -9.7171e+01
-7.3808e+01 -7.3528e+01 -7.2490e+01 -8.1015e+01
-7.3789e+01 -7.3322e+01 -7.0078e+01 -6.9227e+01
-7.3796e+01 -7.3385e+01 -7.1489e+01 -8.9557e+01
# New trial
-7.3844e+01 -7.3925e+01 -7.9974e+01 -1.6156e+02
-7.3825e+01 -7.3707e+01 -7.4671e+01 -1.0196e+02
-7.3792e+01 -7.3349e+01 -7.0134e+01 -6.9227e+01
-7.3819e+01 -7.3618e+01 -7.1744e+01 -6.9228e+01
# New trial
-7.3832e+01 -7.3741e+01 -7.3162e+01 -7.9058e+01
-7.3823e+01 -7.3658e+01 -7.2293e+01 -6.9852e+01
-7.3804e+01 -7.3470e+01 -7.0700e+01 -6.9228e+01
-7.3804e+01 -7.3461e+01 -7.0795e+01 -7.4963e+01
# New trial
-7.3820e+01 -7.3638e+01 -7.3991e+01 -1.0340e+02
-7.3817e+01 -7.3602e+01 -7.2527e+01 -8.1422e+01
-7.3809e+01 -7.3519e+01 -7.1115e+01 -6.9248e+01
-7.3814e+01 -7.3560e+01 -7.1178e+01 -6.9227e+01
# New trial
-7.3835e+01 -7.3815e+01 -7.6284e+01 -1.1824e+02
-7.3824e+01 -7.3691e+01 -7.4296e+01 -9.9954e+01
-7.3788e+01 -7.3313e+01 -6.9868e+01 -6.9227e+01
-7.3749e+01 -7.2924e+01 -6.9236e+01 -6.9227e+01
# New trial
-7.3823e+01 -7.3664e+01 -7.3294e+01 -8.7474e+01
-7.3812e+01 -7.3555e+01 -7.1779e+01 -7.0471e+01
-7.3799e+01 -7.3422e+01 -7.0687e+01 -6.9230e+01
-7.3816e+01 -7.3581e+01 -7.1721e+01 -8.1579e+01
# New trial
-7.3830e+01 -7.3737e+01 -7.4461e+01 -1.0548e+02
-7.3825e+01 -7.3681e+01 -7.3368e+01 -9.0507e+01
-7.3804e+01 -7.3465e+01 -7.0714e+01 -6.9234e+01
-7.3771e+01 -7.3132e+01 -6.9304e+01 -6.9227e+01
# New trial
