# 1.0sig - Array shape (trial/sig/alpha): (30L, 4L, 4L)
-5.5325e+01 -5.4879e+01 -5.7205e+01 -1.2431e+02
-5.5313e+01 -5.4737e+01 -5.2890e+01 -6.8782e+01
-5.5287e+01 -5.4450e+01 -4.8247e+01 -4.6152e+01
-5.5305e+01 -5.4618e+01 -4.8672e+01 -4.6151e+01
# New trial
-5.5349e+01 -5.5089e+01 -5.5586e+01 -9.4575e+01
-5.5330e+01 -5.4907e+01 -5.2748e+01 -5.6694e+01
-5.5313e+01 -5.4715e+01 -5.0100e+01 -4.6152e+01
-5.5344e+01 -5.5011e+01 -5.1839e+01 -4.6203e+01
# New trial
-5.5353e+01 -5.5123e+01 -5.5417e+01 -1.0355e+02
-5.5340e+01 -5.4985e+01 -5.3033e+01 -5.7782e+01
-5.5318e+01 -5.4754e+01 -5.0083e+01 -4.6206e+01
-5.5334e+01 -5.4906e+01 -5.0871e+01 -4.6151e+01
# New trial
-5.5331e+01 -5.4910e+01 -5.5260e+01 -1.2306e+02
-5.5321e+01 -5.4811e+01 -5.2758e+01 -7.5212e+01
-5.5315e+01 -5.4727e+01 -5.0115e+01 -4.6159e+01
-5.5344e+01 -5.5009e+01 -5.1826e+01 -4.6340e+01
# New trial
-5.5318e+01 -5.4847e+01 -5.9468e+01 -1.4354e+02
-5.5301e+01 -5.4626e+01 -5.2488e+01 -8.0483e+01
-5.5289e+01 -5.4472e+01 -4.8120e+01 -4.6151e+01
-5.5335e+01 -5.4923e+01 -5.1049e+01 -4.6153e+01
# New trial
-5.5337e+01 -5.4970e+01 -5.5541e+01 -1.1405e+02
-5.5333e+01 -5.4917e+01 -5.2508e+01 -6.7527e+01
-5.5319e+01 -5.4761e+01 -4.9947e+01 -4.6151e+01
-5.5338e+01 -5.4948e+01 -5.1228e+01 -4.6151e+01
# New trial
-5.5352e+01 -5.5108e+01 -5.5518e+01 -1.0294e+02
-5.5346e+01 -5.5039e+01 -5.2699e+01 -5.5635e+01
-5.5346e+01 -5.5026e+01 -5.2109e+01 -4.6814e+01
-5.5362e+01 -5.5187e+01 -5.3480e+01 -4.6557e+01
# New trial
-5.5350e+01 -5.5142e+01 -6.1075e+01 -1.6721e+02
-5.5329e+01 -5.4901e+01 -5.4845e+01 -1.0018e+02
-5.5297e+01 -5.4555e+01 -4.9407e+01 -4.6426e+01
-5.5343e+01 -5.5006e+01 -5.2080e+01 -5.9654e+01
# New trial
-5.5280e+01 -5.4518e+01 -5.3603e+01 -8.6045e+01
-5.5244e+01 -5.4115e+01 -5.0047e+01 -5.6321e+01
-5.5239e+01 -5.3991e+01 -4.7246e+01 -4.6151e+01
-5.5351e+01 -5.5075e+01 -5.2511e+01 -5.7112e+01
# New trial
-5.5335e+01 -5.4978e+01 -5.5418e+01 -9.8132e+01
-5.5315e+01 -5.4764e+01 -5.3043e+01 -8.0100e+01
-5.5286e+01 -5.4443e+01 -4.8014e+01 -4.6151e+01
-5.5320e+01 -5.4769e+01 -4.9884e+01 -4.6181e+01
# New trial
-5.5313e+01 -5.4774e+01 -5.5642e+01 -1.1513e+02
-5.5294e+01 -5.4578e+01 -5.3430e+01 -9.9295e+01
-5.5277e+01 -5.4351e+01 -4.7566e+01 -4.6151e+01
-5.5318e+01 -5.4747e+01 -4.9737e+01 -4.6215e+01
# New trial
-5.5332e+01 -5.4978e+01 -5.9772e+01 -1.5681e+02
-5.5316e+01 -5.4768e+01 -5.3003e+01 -7.2927e+01
-5.5287e+01 -5.4453e+01 -4.8179e+01 -4.6153e+01
-5.5305e+01 -5.4623e+01 -4.8783e+01 -4.6151e+01
# New trial
-5.5348e+01 -5.5110e+01 -6.0472e+01 -1.6622e+02
-5.5323e+01 -5.4841e+01 -5.3555e+01 -7.3842e+01
-5.5314e+01 -5.4722e+01 -5.0401e+01 -4.6850e+01
-5.5349e+01 -5.5058e+01 -5.2445e+01 -5.8606e+01
# New trial
-5.5335e+01 -5.5119e+01 -6.5920e+01 -2.0704e+02
-5.5307e+01 -5.4729e+01 -5.5401e+01 -9.8967e+01
-5.5280e+01 -5.4381e+01 -4.7720e+01 -4.6151e+01
-5.5326e+01 -5.4826e+01 -5.0250e+01 -4.6151e+01
# New trial
-5.5341e+01 -5.5034e+01 -5.7227e+01 -1.2982e+02
-5.5333e+01 -5.4934e+01 -5.3838e+01 -7.1486e+01
-5.5321e+01 -5.4784e+01 -5.0391e+01 -4.6362e+01
-5.5341e+01 -5.4978e+01 -5.1582e+01 -4.6192e+01
# New trial
-5.5300e+01 -5.4811e+01 -6.3008e+01 -1.8532e+02
-5.5288e+01 -5.4600e+01 -5.4773e+01 -9.3067e+01
-5.5278e+01 -5.4379e+01 -4.8407e+01 -4.6151e+01
-5.5336e+01 -5.4929e+01 -5.1228e+01 -5.3031e+01
# New trial
-5.5308e+01 -5.4708e+01 -5.3627e+01 -8.9417e+01
-5.5278e+01 -5.4398e+01 -4.9942e+01 -5.2487e+01
-5.5254e+01 -5.4130e+01 -4.6770e+01 -4.6151e+01
-5.5342e+01 -5.4993e+01 -5.1811e+01 -5.4668e+01
# New trial
-5.5334e+01 -5.4970e+01 -5.6013e+01 -1.0869e+02
-5.5315e+01 -5.4779e+01 -5.3606e+01 -8.0142e+01
-5.5292e+01 -5.4505e+01 -4.8774e+01 -4.6154e+01
-5.5333e+01 -5.4896e+01 -5.0966e+01 -5.3661e+01
# New trial
-5.5322e+01 -5.4865e+01 -5.8565e+01 -1.4003e+02
-5.5311e+01 -5.4748e+01 -5.5294e+01 -9.9273e+01
-5.5295e+01 -5.4543e+01 -4.9372e+01 -4.6407e+01
-5.5321e+01 -5.4785e+01 -5.0040e+01 -4.6155e+01
# New trial
-5.5346e+01 -5.5070e+01 -5.7615e+01 -1.3149e+02
-5.5334e+01 -5.4934e+01 -5.3976e+01 -8.4711e+01
-5.5320e+01 -5.4772e+01 -5.0097e+01 -4.6213e+01
-5.5336e+01 -5.4924e+01 -5.1006e+01 -4.6153e+01
# New trial
-5.5324e+01 -5.4936e+01 -6.0493e+01 -1.6453e+02
-5.5299e+01 -5.4641e+01 -5.2878e+01 -7.8349e+01
-5.5313e+01 -5.4735e+01 -5.0856e+01 -4.6769e+01
-5.5362e+01 -5.5187e+01 -5.3522e+01 -4.8736e+01
# New trial
-5.5342e+01 -5.5001e+01 -5.4942e+01 -1.2367e+02
-5.5330e+01 -5.4880e+01 -5.1574e+01 -5.0254e+01
-5.5312e+01 -5.4694e+01 -4.9198e+01 -4.6151e+01
-5.5339e+01 -5.4956e+01 -5.1305e+01 -4.6152e+01
# New trial
-5.5324e+01 -5.4913e+01 -5.8833e+01 -1.4268e+02
-5.5298e+01 -5.4615e+01 -5.1940e+01 -6.7696e+01
-5.5297e+01 -5.4561e+01 -4.9427e+01 -4.6865e+01
-5.5345e+01 -5.5018e+01 -5.2059e+01 -4.7308e+01
# New trial
-5.5335e+01 -5.5051e+01 -5.8632e+01 -1.3481e+02
-5.5309e+01 -5.4750e+01 -5.3300e+01 -7.0678e+01
-5.5273e+01 -5.4329e+01 -4.8091e+01 -4.6151e+01
-5.5304e+01 -5.4616e+01 -4.8824e+01 -4.6151e+01
# New trial
-5.5358e+01 -5.5355e+01 -6.8565e+01 -2.4325e+02
-5.5319e+01 -5.4869e+01 -5.6291e+01 -1.0709e+02
-5.5273e+01 -5.4328e+01 -4.8128e+01 -4.6169e+01
-5.5337e+01 -5.4936e+01 -5.1236e+01 -4.6154e+01
# New trial
-5.5344e+01 -5.5026e+01 -5.3759e+01 -7.4530e+01
-5.5318e+01 -5.4758e+01 -5.0557e+01 -4.6185e+01
-5.5303e+01 -5.4609e+01 -4.8878e+01 -4.6151e+01
-5.5357e+01 -5.5137e+01 -5.3143e+01 -6.6800e+01
# New trial
-5.5339e+01 -5.5007e+01 -5.8181e+01 -1.4237e+02
-5.5333e+01 -5.4938e+01 -5.3970e+01 -8.5825e+01
-5.5329e+01 -5.4875e+01 -5.1496e+01 -5.6750e+01
-5.5357e+01 -5.5137e+01 -5.3407e+01 -7.7022e+01
# New trial
-5.5335e+01 -5.5105e+01 -6.1726e+01 -1.9226e+02
-5.5315e+01 -5.4842e+01 -5.5062e+01 -8.8468e+01
-5.5285e+01 -5.4447e+01 -4.8619e+01 -4.6738e+01
-5.5326e+01 -5.4830e+01 -5.0265e+01 -4.6212e+01
# New trial
-5.5338e+01 -5.4985e+01 -5.5326e+01 -1.0101e+02
-5.5320e+01 -5.4802e+01 -5.2276e+01 -5.7607e+01
-5.5303e+01 -5.4619e+01 -4.9746e+01 -4.6763e+01
-5.5342e+01 -5.4994e+01 -5.1768e+01 -4.7192e+01
# New trial
-5.5324e+01 -5.4859e+01 -5.5599e+01 -1.1393e+02
-5.5321e+01 -5.4808e+01 -5.2835e+01 -7.2651e+01
-5.5306e+01 -5.4644e+01 -4.9251e+01 -4.6151e+01
-5.5329e+01 -5.4855e+01 -5.0469e+01 -4.6151e+01
# New trial
