# 1.0sig - Array shape (trial/sig/alpha): (30, 4, 4)
-1.2919e+02 -1.2893e+02 -1.2748e+02 -1.4616e+02
-1.2918e+02 -1.2880e+02 -1.2551e+02 -1.2103e+02
-1.2915e+02 -1.2851e+02 -1.2284e+02 -1.1999e+02
-1.2913e+02 -1.2825e+02 -1.2148e+02 -1.2000e+02
# New trial
-1.2920e+02 -1.2901e+02 -1.2762e+02 -1.3252e+02
-1.2919e+02 -1.2892e+02 -1.2670e+02 -1.2205e+02
-1.2917e+02 -1.2865e+02 -1.2414e+02 -1.1999e+02
-1.2915e+02 -1.2847e+02 -1.2267e+02 -1.1999e+02
# New trial
-1.2920e+02 -1.2903e+02 -1.2776e+02 -1.4562e+02
-1.2920e+02 -1.2895e+02 -1.2674e+02 -1.2283e+02
-1.2917e+02 -1.2867e+02 -1.2413e+02 -1.1999e+02
-1.2912e+02 -1.2821e+02 -1.2093e+02 -1.1999e+02
# New trial
-1.2920e+02 -1.2901e+02 -1.2804e+02 -1.7245e+02
-1.2919e+02 -1.2890e+02 -1.2655e+02 -1.3090e+02
-1.2917e+02 -1.2871e+02 -1.2472e+02 -1.2025e+02
-1.2917e+02 -1.2874e+02 -1.2522e+02 -1.4235e+02
# New trial
-1.2920e+02 -1.2898e+02 -1.2877e+02 -1.7854e+02
-1.2918e+02 -1.2884e+02 -1.2616e+02 -1.3397e+02
-1.2915e+02 -1.2854e+02 -1.2312e+02 -1.1999e+02
-1.2913e+02 -1.2832e+02 -1.2181e+02 -1.1999e+02
# New trial
-1.2921e+02 -1.2906e+02 -1.2868e+02 -1.7200e+02
-1.2920e+02 -1.2898e+02 -1.2715e+02 -1.3475e+02
-1.2917e+02 -1.2872e+02 -1.2469e+02 -1.2018e+02
-1.2914e+02 -1.2843e+02 -1.2222e+02 -1.1999e+02
# New trial
-1.2922e+02 -1.2916e+02 -1.2899e+02 -1.5408e+02
-1.2921e+02 -1.2908e+02 -1.2790e+02 -1.3319e+02
-1.2920e+02 -1.2896e+02 -1.2661e+02 -1.2000e+02
-1.2920e+02 -1.2894e+02 -1.2648e+02 -1.1999e+02
# New trial
-1.2920e+02 -1.2903e+02 -1.2893e+02 -1.7783e+02
-1.2919e+02 -1.2891e+02 -1.2695e+02 -1.4385e+02
-1.2916e+02 -1.2859e+02 -1.2384e+02 -1.2005e+02
-1.2912e+02 -1.2822e+02 -1.2219e+02 -1.2002e+02
# New trial
-1.2919e+02 -1.2892e+02 -1.2862e+02 -1.7320e+02
-1.2917e+02 -1.2868e+02 -1.2602e+02 -1.4556e+02
-1.2911e+02 -1.2807e+02 -1.2136e+02 -1.2000e+02
-1.2904e+02 -1.2742e+02 -1.2004e+02 -1.1999e+02
# New trial
-1.2921e+02 -1.2906e+02 -1.2842e+02 -1.6224e+02
-1.2919e+02 -1.2892e+02 -1.2696e+02 -1.4759e+02
-1.2916e+02 -1.2861e+02 -1.2365e+02 -1.2005e+02
-1.2916e+02 -1.2855e+02 -1.2319e+02 -1.1999e+02
# New trial
-1.2919e+02 -1.2890e+02 -1.2793e+02 -1.6151e+02
-1.2918e+02 -1.2876e+02 -1.2634e+02 -1.4281e+02
-1.2914e+02 -1.2836e+02 -1.2211e+02 -1.1999e+02
-1.2911e+02 -1.2810e+02 -1.2179e+02 -1.2895e+02
# New trial
-1.2920e+02 -1.2903e+02 -1.2910e+02 -1.6248e+02
-1.2919e+02 -1.2886e+02 -1.2624e+02 -1.3173e+02
-1.2916e+02 -1.2855e+02 -1.2320e+02 -1.2001e+02
-1.2912e+02 -1.2823e+02 -1.2133e+02 -1.1999e+02
# New trial
-1.2921e+02 -1.2910e+02 -1.2958e+02 -1.7127e+02
-1.2920e+02 -1.2895e+02 -1.2720e+02 -1.3909e+02
-1.2917e+02 -1.2866e+02 -1.2409e+02 -1.1999e+02
-1.2914e+02 -1.2837e+02 -1.2199e+02 -1.1999e+02
# New trial
-1.2919e+02 -1.2897e+02 -1.3295e+02 -2.1710e+02
-1.2918e+02 -1.2876e+02 -1.2708e+02 -1.5085e+02
-1.2914e+02 -1.2836e+02 -1.2236e+02 -1.2034e+02
-1.2911e+02 -1.2815e+02 -1.2207e+02 -1.3138e+02
# New trial
-1.2921e+02 -1.2906e+02 -1.2885e+02 -1.7678e+02
-1.2920e+02 -1.2894e+02 -1.2690e+02 -1.3105e+02
-1.2917e+02 -1.2870e+02 -1.2429e+02 -1.1999e+02
-1.2915e+02 -1.2852e+02 -1.2299e+02 -1.1999e+02
# New trial
-1.2919e+02 -1.2891e+02 -1.3150e+02 -2.0782e+02
-1.2917e+02 -1.2875e+02 -1.2767e+02 -1.5002e+02
-1.2912e+02 -1.2822e+02 -1.2185e+02 -1.1999e+02
-1.2909e+02 -1.2786e+02 -1.2033e+02 -1.1999e+02
# New trial
-1.2919e+02 -1.2886e+02 -1.2667e+02 -1.3367e+02
-1.2917e+02 -1.2870e+02 -1.2520e+02 -1.2320e+02
-1.2914e+02 -1.2840e+02 -1.2318e+02 -1.2000e+02
-1.2915e+02 -1.2846e+02 -1.2546e+02 -1.5922e+02
# New trial
-1.2920e+02 -1.2897e+02 -1.2743e+02 -1.3682e+02
-1.2919e+02 -1.2886e+02 -1.2642e+02 -1.2590e+02
-1.2916e+02 -1.2857e+02 -1.2386e+02 -1.2028e+02
-1.2915e+02 -1.2849e+02 -1.2375e+02 -1.3547e+02
# New trial
-1.2921e+02 -1.2908e+02 -1.3042e+02 -1.8789e+02
-1.2919e+02 -1.2895e+02 -1.2801e+02 -1.5204e+02
-1.2916e+02 -1.2856e+02 -1.2342e+02 -1.1999e+02
-1.2912e+02 -1.2820e+02 -1.2123e+02 -1.1999e+02
# New trial
-1.2920e+02 -1.2904e+02 -1.2857e+02 -1.6211e+02
-1.2920e+02 -1.2898e+02 -1.2725e+02 -1.3272e+02
-1.2918e+02 -1.2882e+02 -1.2538e+02 -1.2004e+02
-1.2917e+02 -1.2873e+02 -1.2446e+02 -1.1999e+02
# New trial
-1.2920e+02 -1.2903e+02 -1.2966e+02 -1.7675e+02
-1.2919e+02 -1.2886e+02 -1.2666e+02 -1.3128e+02
-1.2916e+02 -1.2860e+02 -1.2417e+02 -1.2001e+02
-1.2916e+02 -1.2864e+02 -1.2404e+02 -1.2537e+02
# New trial
-1.2920e+02 -1.2903e+02 -1.2798e+02 -1.5892e+02
-1.2920e+02 -1.2895e+02 -1.2663e+02 -1.2120e+02
-1.2917e+02 -1.2872e+02 -1.2449e+02 -1.2026e+02
-1.2915e+02 -1.2849e+02 -1.2272e+02 -1.1999e+02
# New trial
-1.2919e+02 -1.2890e+02 -1.2836e+02 -1.5660e+02
-1.2917e+02 -1.2868e+02 -1.2499e+02 -1.3154e+02
-1.2914e+02 -1.2844e+02 -1.2252e+02 -1.1999e+02
-1.2916e+02 -1.2863e+02 -1.2366e+02 -1.1999e+02
# New trial
-1.2920e+02 -1.2899e+02 -1.2849e+02 -1.4400e+02
-1.2918e+02 -1.2878e+02 -1.2632e+02 -1.3447e+02
-1.2913e+02 -1.2828e+02 -1.2181e+02 -1.1999e+02
-1.2909e+02 -1.2788e+02 -1.2064e+02 -1.1999e+02
# New trial
-1.2920e+02 -1.2908e+02 -1.3323e+02 -2.1396e+02
-1.2918e+02 -1.2883e+02 -1.2699e+02 -1.3890e+02
-1.2913e+02 -1.2835e+02 -1.2194e+02 -1.1999e+02
-1.2910e+02 -1.2796e+02 -1.2107e+02 -1.2001e+02
# New trial
-1.2921e+02 -1.2907e+02 -1.2786e+02 -1.2806e+02
-1.2920e+02 -1.2895e+02 -1.2672e+02 -1.2496e+02
-1.2917e+02 -1.2865e+02 -1.2407e+02 -1.2000e+02
-1.2914e+02 -1.2837e+02 -1.2182e+02 -1.1999e+02
# New trial
-1.2920e+02 -1.2903e+02 -1.2904e+02 -1.8305e+02
-1.2919e+02 -1.2893e+02 -1.2706e+02 -1.3792e+02
-1.2916e+02 -1.2861e+02 -1.2383e+02 -1.2010e+02
-1.2912e+02 -1.2824e+02 -1.2113e+02 -1.1999e+02
# New trial
-1.2920e+02 -1.2899e+02 -1.2943e+02 -1.7422e+02
-1.2918e+02 -1.2879e+02 -1.2656e+02 -1.4225e+02
-1.2913e+02 -1.2834e+02 -1.2240e+02 -1.2000e+02
-1.2910e+02 -1.2805e+02 -1.2293e+02 -1.4426e+02
# New trial
-1.2921e+02 -1.2907e+02 -1.2837e+02 -1.4837e+02
-1.2919e+02 -1.2893e+02 -1.2677e+02 -1.3087e+02
-1.2916e+02 -1.2859e+02 -1.2372e+02 -1.2003e+02
-1.2913e+02 -1.2834e+02 -1.2209e+02 -1.2029e+02
# New trial
-1.2920e+02 -1.2898e+02 -1.2725e+02 -1.3481e+02
-1.2919e+02 -1.2890e+02 -1.2638e+02 -1.2314e+02
-1.2917e+02 -1.2867e+02 -1.2400e+02 -1.1999e+02
-1.2916e+02 -1.2856e+02 -1.2304e+02 -1.1999e+02
# New trial
