# 10.0sig - Array shape (trial/sig/alpha): (30, 4, 4)
-1.7075e+02 -1.7068e+02 -1.7060e+02 -2.5371e+02
-1.7075e+02 -1.7063e+02 -1.7001e+02 -2.4584e+02
-1.7073e+02 -1.7042e+02 -1.6765e+02 -1.8633e+02
-1.7069e+02 -1.7002e+02 -1.6359e+02 -1.5832e+02
# New trial
-1.7075e+02 -1.7076e+02 -1.7973e+02 -4.2229e+02
-1.7072e+02 -1.7045e+02 -1.7306e+02 -3.1260e+02
-1.7065e+02 -1.6968e+02 -1.6210e+02 -1.8045e+02
-1.7057e+02 -1.6884e+02 -1.5275e+02 -1.4307e+02
# New trial
-1.7076e+02 -1.7075e+02 -1.7259e+02 -2.8651e+02
-1.7074e+02 -1.7059e+02 -1.6965e+02 -2.0234e+02
-1.7070e+02 -1.7017e+02 -1.6508e+02 -1.6074e+02
-1.7065e+02 -1.6965e+02 -1.6009e+02 -1.4804e+02
# New trial
-1.7074e+02 -1.7061e+02 -1.6992e+02 -2.2984e+02
-1.7073e+02 -1.7051e+02 -1.6890e+02 -2.1026e+02
-1.7069e+02 -1.7006e+02 -1.6442e+02 -2.0670e+02
-1.7062e+02 -1.6939e+02 -1.5808e+02 -1.7161e+02
# New trial
-1.7077e+02 -1.7091e+02 -1.7764e+02 -3.9815e+02
-1.7075e+02 -1.7066e+02 -1.7128e+02 -2.7052e+02
-1.7071e+02 -1.7029e+02 -1.6655e+02 -1.8583e+02
-1.7068e+02 -1.6992e+02 -1.6268e+02 -1.5836e+02
# New trial
-1.7075e+02 -1.7064e+02 -1.7014e+02 -2.0588e+02
-1.7073e+02 -1.7047e+02 -1.6826e+02 -1.9328e+02
-1.7068e+02 -1.6997e+02 -1.6301e+02 -1.4614e+02
-1.7060e+02 -1.6920e+02 -1.5588e+02 -1.4307e+02
# New trial
-1.7076e+02 -1.7072e+02 -1.7130e+02 -2.7778e+02
-1.7075e+02 -1.7066e+02 -1.7025e+02 -2.3046e+02
-1.7073e+02 -1.7043e+02 -1.6791e+02 -1.9512e+02
-1.7069e+02 -1.7005e+02 -1.6406e+02 -1.7698e+02
# New trial
-1.7073e+02 -1.7049e+02 -1.6967e+02 -2.4625e+02
-1.7072e+02 -1.7035e+02 -1.6819e+02 -2.3302e+02
-1.7067e+02 -1.6991e+02 -1.6315e+02 -1.5924e+02
-1.7062e+02 -1.6933e+02 -1.5701e+02 -1.4307e+02
# New trial
-1.7077e+02 -1.7094e+02 -1.8599e+02 -4.8024e+02
-1.7074e+02 -1.7054e+02 -1.7215e+02 -2.7449e+02
-1.7066e+02 -1.6982e+02 -1.6208e+02 -1.6821e+02
-1.7059e+02 -1.6911e+02 -1.5526e+02 -1.4312e+02
# New trial
-1.7076e+02 -1.7074e+02 -1.7204e+02 -2.5809e+02
-1.7074e+02 -1.7058e+02 -1.6930e+02 -2.0031e+02
-1.7071e+02 -1.7029e+02 -1.6616e+02 -1.6061e+02
-1.7066e+02 -1.6981e+02 -1.6149e+02 -1.4832e+02
# New trial
-1.7076e+02 -1.7087e+02 -1.8221e+02 -4.6222e+02
-1.7072e+02 -1.7036e+02 -1.7347e+02 -3.9408e+02
-1.7064e+02 -1.6957e+02 -1.6022e+02 -1.7967e+02
-1.7054e+02 -1.6853e+02 -1.5062e+02 -1.4307e+02
# New trial
-1.7079e+02 -1.7116e+02 -1.8391e+02 -4.3375e+02
-1.7075e+02 -1.7070e+02 -1.7099e+02 -2.1196e+02
-1.7072e+02 -1.7035e+02 -1.6712e+02 -1.8303e+02
-1.7068e+02 -1.6994e+02 -1.6287e+02 -1.5825e+02
# New trial
-1.7074e+02 -1.7061e+02 -1.7284e+02 -2.9849e+02
-1.7072e+02 -1.7043e+02 -1.6950e+02 -2.5048e+02
-1.7067e+02 -1.6985e+02 -1.6259e+02 -1.7655e+02
-1.7058e+02 -1.6897e+02 -1.5416e+02 -1.4311e+02
# New trial
-1.7075e+02 -1.7071e+02 -1.7177e+02 -2.6172e+02
-1.7073e+02 -1.7051e+02 -1.6892e+02 -2.0577e+02
-1.7068e+02 -1.6995e+02 -1.6292e+02 -1.4613e+02
-1.7061e+02 -1.6925e+02 -1.5626e+02 -1.4307e+02
# New trial
-1.7076e+02 -1.7084e+02 -1.7612e+02 -3.2418e+02
-1.7074e+02 -1.7059e+02 -1.7116e+02 -2.5733e+02
-1.7068e+02 -1.6997e+02 -1.6336e+02 -1.5838e+02
-1.7062e+02 -1.6934e+02 -1.5707e+02 -1.4307e+02
# New trial
-1.7077e+02 -1.7096e+02 -1.8467e+02 -4.6787e+02
-1.7074e+02 -1.7060e+02 -1.7299e+02 -3.0327e+02
-1.7066e+02 -1.6979e+02 -1.6306e+02 -2.1222e+02
-1.7057e+02 -1.6882e+02 -1.5396e+02 -1.6978e+02
# New trial
-1.7076e+02 -1.7083e+02 -1.8230e+02 -4.2012e+02
-1.7072e+02 -1.7042e+02 -1.7006e+02 -2.7748e+02
-1.7066e+02 -1.6977e+02 -1.6169e+02 -1.5256e+02
-1.7060e+02 -1.6921e+02 -1.5609e+02 -1.4308e+02
# New trial
-1.7074e+02 -1.7057e+02 -1.7058e+02 -2.7802e+02
-1.7071e+02 -1.7027e+02 -1.6680e+02 -2.3646e+02
-1.7065e+02 -1.6966e+02 -1.6090e+02 -1.8382e+02
-1.7057e+02 -1.6886e+02 -1.5293e+02 -1.4307e+02
# New trial
-1.7075e+02 -1.7068e+02 -1.7078e+02 -2.4683e+02
-1.7074e+02 -1.7056e+02 -1.6895e+02 -1.7221e+02
-1.7072e+02 -1.7035e+02 -1.6673e+02 -1.5175e+02
-1.7068e+02 -1.7000e+02 -1.6325e+02 -1.4736e+02
# New trial
-1.7077e+02 -1.7092e+02 -1.7876e+02 -3.9217e+02
-1.7074e+02 -1.7062e+02 -1.7056e+02 -2.6368e+02
-1.7069e+02 -1.7008e+02 -1.6467e+02 -2.1172e+02
-1.7061e+02 -1.6925e+02 -1.5688e+02 -1.6202e+02
# New trial
-1.7075e+02 -1.7070e+02 -1.7203e+02 -2.9086e+02
-1.7073e+02 -1.7050e+02 -1.6842e+02 -2.0152e+02
-1.7069e+02 -1.7010e+02 -1.6429e+02 -1.5370e+02
-1.7064e+02 -1.6955e+02 -1.5899e+02 -1.4307e+02
# New trial
-1.7072e+02 -1.7040e+02 -1.6740e+02 -1.7654e+02
-1.7070e+02 -1.7020e+02 -1.6559e+02 -1.8024e+02
-1.7064e+02 -1.6956e+02 -1.5944e+02 -1.5334e+02
-1.7055e+02 -1.6868e+02 -1.5155e+02 -1.4307e+02
# New trial
-1.7076e+02 -1.7080e+02 -1.7232e+02 -2.4151e+02
-1.7075e+02 -1.7065e+02 -1.7032e+02 -2.1759e+02
-1.7070e+02 -1.7019e+02 -1.6526e+02 -1.5699e+02
-1.7065e+02 -1.6967e+02 -1.6015e+02 -1.4337e+02
# New trial
-1.7077e+02 -1.7086e+02 -1.7584e+02 -3.0530e+02
-1.7074e+02 -1.7064e+02 -1.7358e+02 -2.9344e+02
-1.7067e+02 -1.6989e+02 -1.6373e+02 -2.1648e+02
-1.7054e+02 -1.6861e+02 -1.5122e+02 -1.4307e+02
# New trial
-1.7075e+02 -1.7066e+02 -1.7404e+02 -3.0322e+02
-1.7071e+02 -1.7032e+02 -1.6910e+02 -2.4539e+02
-1.7064e+02 -1.6957e+02 -1.5973e+02 -1.5562e+02
-1.7056e+02 -1.6873e+02 -1.5208e+02 -1.4307e+02
# New trial
-1.7078e+02 -1.7112e+02 -1.8508e+02 -4.3484e+02
-1.7073e+02 -1.7048e+02 -1.7203e+02 -2.9876e+02
-1.7063e+02 -1.6947e+02 -1.5965e+02 -2.0870e+02
-1.7052e+02 -1.6838e+02 -1.5059e+02 -1.5933e+02
# New trial
-1.7079e+02 -1.7118e+02 -1.8585e+02 -4.3289e+02
-1.7075e+02 -1.7070e+02 -1.7196e+02 -2.6567e+02
-1.7070e+02 -1.7018e+02 -1.6557e+02 -1.9365e+02
-1.7065e+02 -1.6962e+02 -1.6035e+02 -1.8373e+02
# New trial
-1.7074e+02 -1.7056e+02 -1.6902e+02 -2.0020e+02
-1.7073e+02 -1.7048e+02 -1.6831e+02 -2.0269e+02
-1.7070e+02 -1.7015e+02 -1.6497e+02 -1.9225e+02
-1.7065e+02 -1.6966e+02 -1.6044e+02 -1.7862e+02
# New trial
-1.7076e+02 -1.7082e+02 -1.7827e+02 -3.9837e+02
-1.7074e+02 -1.7062e+02 -1.7192e+02 -2.7894e+02
-1.7067e+02 -1.6991e+02 -1.6364e+02 -2.1918e+02
-1.7059e+02 -1.6907e+02 -1.5584e+02 -1.7241e+02
# New trial
-1.7075e+02 -1.7072e+02 -1.7155e+02 -2.8868e+02
-1.7074e+02 -1.7060e+02 -1.6950e+02 -2.1868e+02
-1.7071e+02 -1.7026e+02 -1.6592e+02 -1.6040e+02
-1.7065e+02 -1.6971e+02 -1.6078e+02 -1.4883e+02
# New trial
