# 1.0sig - Array shape (trial/sig/alpha): (30L, 4L, 4L)
-7.8355e+01 -7.7561e+01 -8.3785e+01 -2.6572e+02
-7.8305e+01 -7.7004e+01 -7.1402e+01 -1.1341e+02
-7.8172e+01 -7.5627e+01 -5.5177e+01 -5.0766e+01
-7.8091e+01 -7.4816e+01 -5.3369e+01 -5.0766e+01
# New trial
-7.8364e+01 -7.7594e+01 -7.6648e+01 -1.7895e+02
-7.8331e+01 -7.7268e+01 -7.1036e+01 -8.4651e+01
-7.8244e+01 -7.6375e+01 -6.1272e+01 -5.0950e+01
-7.8248e+01 -7.6379e+01 -6.2093e+01 -1.0179e+02
# New trial
-7.8372e+01 -7.7661e+01 -7.6431e+01 -1.7888e+02
-7.8336e+01 -7.7293e+01 -7.0442e+01 -7.4032e+01
-7.8247e+01 -7.6384e+01 -6.0421e+01 -5.0766e+01
-7.8207e+01 -7.5971e+01 -5.8686e+01 -5.1157e+01
# New trial
-7.8375e+01 -7.7701e+01 -7.9518e+01 -2.7779e+02
-7.8344e+01 -7.7402e+01 -7.3969e+01 -1.2979e+02
-7.8268e+01 -7.6603e+01 -6.3385e+01 -5.1930e+01
-7.8252e+01 -7.6419e+01 -6.1193e+01 -5.6909e+01
# New trial
-7.8348e+01 -7.7552e+01 -8.9823e+01 -3.3866e+02
-7.8304e+01 -7.7031e+01 -7.4089e+01 -1.8175e+02
-7.8211e+01 -7.6039e+01 -6.0330e+01 -5.0818e+01
-7.8199e+01 -7.5906e+01 -6.2773e+01 -1.4283e+02
# New trial
-7.8385e+01 -7.7789e+01 -7.7873e+01 -1.9719e+02
-7.8345e+01 -7.7372e+01 -7.1118e+01 -1.0309e+02
-7.8256e+01 -7.6475e+01 -6.1391e+01 -5.0769e+01
-7.8234e+01 -7.6230e+01 -5.9297e+01 -5.0766e+01
# New trial
-7.8394e+01 -7.7867e+01 -7.8975e+01 -2.3181e+02
-7.8373e+01 -7.7628e+01 -7.1681e+01 -1.0613e+02
-7.8350e+01 -7.7393e+01 -6.8409e+01 -5.2511e+01
-7.8375e+01 -7.7636e+01 -7.0481e+01 -5.6920e+01
# New trial
-7.8370e+01 -7.7705e+01 -8.5991e+01 -3.3878e+02
-7.8319e+01 -7.7159e+01 -7.4235e+01 -1.8905e+02
-7.8216e+01 -7.6082e+01 -5.9625e+01 -5.0774e+01
-7.8233e+01 -7.6225e+01 -6.0055e+01 -5.0768e+01
# New trial
-7.8285e+01 -7.7015e+01 -8.0314e+01 -2.1482e+02
-7.8173e+01 -7.5829e+01 -6.9482e+01 -1.4387e+02
-7.7980e+01 -7.3820e+01 -5.3459e+01 -5.0813e+01
-7.8128e+01 -7.5221e+01 -5.6897e+01 -5.5018e+01
# New trial
-7.8356e+01 -7.7535e+01 -7.8499e+01 -2.2855e+02
-7.8302e+01 -7.6987e+01 -7.3232e+01 -1.7507e+02
-7.8170e+01 -7.5632e+01 -5.8532e+01 -5.1592e+01
-7.8112e+01 -7.5035e+01 -5.7465e+01 -8.1099e+01
# New trial
-7.8330e+01 -7.7348e+01 -8.2194e+01 -2.6534e+02
-7.8274e+01 -7.6774e+01 -7.5485e+01 -2.2415e+02
-7.8141e+01 -7.5352e+01 -5.5715e+01 -5.0773e+01
-7.8133e+01 -7.5232e+01 -5.5899e+01 -5.0767e+01
# New trial
-7.8371e+01 -7.7767e+01 -8.8342e+01 -3.3306e+02
-7.8304e+01 -7.6992e+01 -7.0752e+01 -1.2828e+02
-7.8172e+01 -7.5624e+01 -5.5689e+01 -5.0766e+01
-7.8107e+01 -7.4972e+01 -5.3748e+01 -5.0766e+01
# New trial
-7.8379e+01 -7.7836e+01 -9.0022e+01 -3.4736e+02
-7.8311e+01 -7.7080e+01 -7.2241e+01 -1.1962e+02
-7.8246e+01 -7.6379e+01 -6.1244e+01 -5.0807e+01
-7.8279e+01 -7.6684e+01 -6.2416e+01 -5.0766e+01
# New trial
-7.8363e+01 -7.7889e+01 -1.0675e+02 -5.2196e+02
-7.8278e+01 -7.6854e+01 -7.8910e+01 -2.1596e+02
-7.8126e+01 -7.5204e+01 -5.5349e+01 -5.0766e+01
-7.8143e+01 -7.5343e+01 -5.7631e+01 -6.1148e+01
# New trial
-7.8374e+01 -7.7723e+01 -8.3958e+01 -3.1975e+02
-7.8341e+01 -7.7358e+01 -7.3761e+01 -1.4089e+02
-7.8270e+01 -7.6611e+01 -6.2868e+01 -5.1379e+01
-7.8250e+01 -7.6395e+01 -6.0787e+01 -5.1388e+01
# New trial
-7.8294e+01 -7.7283e+01 -1.0046e+02 -4.7693e+02
-7.8235e+01 -7.6585e+01 -7.7154e+01 -2.0315e+02
-7.8104e+01 -7.5071e+01 -5.6436e+01 -5.0771e+01
-7.8213e+01 -7.6043e+01 -6.0551e+01 -5.1262e+01
# New trial
-7.8324e+01 -7.7235e+01 -7.6247e+01 -1.7410e+02
-7.8247e+01 -7.6470e+01 -6.8352e+01 -1.3466e+02
-7.8081e+01 -7.4780e+01 -5.4444e+01 -5.0780e+01
-7.8179e+01 -7.5704e+01 -5.8349e+01 -7.4415e+01
# New trial
-7.8342e+01 -7.7419e+01 -7.8707e+01 -1.9563e+02
-7.8292e+01 -7.6916e+01 -7.3338e+01 -1.4822e+02
-7.8181e+01 -7.5749e+01 -5.7621e+01 -5.0766e+01
-7.8201e+01 -7.5913e+01 -5.8597e+01 -5.0767e+01
# New trial
-7.8367e+01 -7.7741e+01 -9.2190e+01 -3.5864e+02
-7.8318e+01 -7.7205e+01 -8.1135e+01 -2.3400e+02
-7.8193e+01 -7.5851e+01 -5.7665e+01 -5.0769e+01
-7.8147e+01 -7.5366e+01 -5.5580e+01 -5.0766e+01
# New trial
-7.8400e+01 -7.8000e+01 -8.7741e+01 -3.2403e+02
-7.8365e+01 -7.7595e+01 -7.7238e+01 -1.8346e+02
-7.8275e+01 -7.6644e+01 -6.1972e+01 -5.0766e+01
-7.8237e+01 -7.6261e+01 -5.8954e+01 -5.0766e+01
# New trial
-7.8308e+01 -7.7179e+01 -8.6562e+01 -3.2822e+02
-7.8239e+01 -7.6408e+01 -6.7221e+01 -1.1537e+02
-7.8225e+01 -7.6198e+01 -6.0567e+01 -5.0919e+01
-7.8365e+01 -7.7544e+01 -7.0229e+01 -9.6783e+01
# New trial
-7.8362e+01 -7.7566e+01 -7.9406e+01 -2.3815e+02
-7.8328e+01 -7.7188e+01 -6.8779e+01 -6.7834e+01
-7.8255e+01 -7.6444e+01 -6.0696e+01 -5.1035e+01
-7.8242e+01 -7.6311e+01 -5.9726e+01 -5.0785e+01
# New trial
-7.8342e+01 -7.7531e+01 -8.8895e+01 -3.1547e+02
-7.8259e+01 -7.6616e+01 -7.1449e+01 -1.5445e+02
-7.8183e+01 -7.5776e+01 -5.7525e+01 -5.0766e+01
-7.8280e+01 -7.6694e+01 -6.2902e+01 -5.0766e+01
# New trial
-7.8344e+01 -7.7595e+01 -8.7074e+01 -2.8342e+02
-7.8268e+01 -7.6752e+01 -7.3601e+01 -1.4998e+02
-7.8111e+01 -7.5097e+01 -5.6618e+01 -5.0791e+01
-7.8053e+01 -7.4457e+01 -5.4048e+01 -5.6263e+01
# New trial
-7.8503e+01 -7.9415e+01 -1.1958e+02 -6.3822e+02
-7.8391e+01 -7.8024e+01 -8.7769e+01 -2.7734e+02
-7.8171e+01 -7.5676e+01 -6.0064e+01 -5.1137e+01
-7.8216e+01 -7.6063e+01 -6.1605e+01 -9.2613e+01
# New trial
-7.8379e+01 -7.7698e+01 -7.3656e+01 -1.1927e+02
-7.8320e+01 -7.7105e+01 -6.7212e+01 -5.2445e+01
-7.8228e+01 -7.6187e+01 -5.9876e+01 -5.0820e+01
-7.8288e+01 -7.6776e+01 -6.3312e+01 -5.5144e+01
# New trial
-7.8347e+01 -7.7458e+01 -8.3851e+01 -3.1353e+02
-7.8321e+01 -7.7177e+01 -7.3010e+01 -1.3556e+02
-7.8259e+01 -7.6510e+01 -6.2815e+01 -5.8857e+01
-7.8257e+01 -7.6468e+01 -6.3432e+01 -1.0433e+02
# New trial
-7.8390e+01 -7.8125e+01 -9.1571e+01 -3.1959e+02
-7.8317e+01 -7.7268e+01 -7.8137e+01 -1.9965e+02
-7.8151e+01 -7.5433e+01 -5.4684e+01 -5.0766e+01
-7.8117e+01 -7.5069e+01 -5.5138e+01 -5.0766e+01
# New trial
-7.8363e+01 -7.7602e+01 -7.9060e+01 -2.0680e+02
-7.8298e+01 -7.6923e+01 -6.8189e+01 -7.5331e+01
-7.8198e+01 -7.5899e+01 -5.7298e+01 -5.0766e+01
-7.8252e+01 -7.6413e+01 -6.0861e+01 -5.0766e+01
# New trial
-7.8356e+01 -7.7527e+01 -8.0160e+01 -2.6166e+02
-7.8327e+01 -7.7218e+01 -7.2874e+01 -1.5109e+02
-7.8235e+01 -7.6256e+01 -5.9445e+01 -5.0766e+01
-7.8184e+01 -7.5739e+01 -5.7201e+01 -5.0766e+01
# New trial
