# 1.0sig - Array shape (trial/sig/alpha): (30, 4, 4)
-1.1975e+02 -1.1778e+02 -1.2438e+02 -5.0360e+02
-1.1963e+02 -1.1653e+02 -1.0117e+02 -2.1442e+02
-1.1933e+02 -1.1346e+02 -6.8045e+01 -5.3513e+01
-1.1910e+02 -1.1116e+02 -6.1348e+01 -1.0326e+02
# New trial
-1.1979e+02 -1.1807e+02 -1.1313e+02 -2.9361e+02
-1.1970e+02 -1.1717e+02 -1.0204e+02 -1.3130e+02
-1.1946e+02 -1.1475e+02 -7.5155e+01 -4.6151e+01
-1.1943e+02 -1.1439e+02 -7.1417e+01 -4.6200e+01
# New trial
-1.1977e+02 -1.1784e+02 -1.1312e+02 -4.5328e+02
-1.1968e+02 -1.1695e+02 -9.7378e+01 -9.4049e+01
-1.1946e+02 -1.1473e+02 -7.5003e+01 -4.6350e+01
-1.1932e+02 -1.1333e+02 -6.6138e+01 -4.9742e+01
# New trial
-1.1977e+02 -1.1793e+02 -1.2077e+02 -5.9154e+02
-1.1969e+02 -1.1713e+02 -1.0366e+02 -2.5584e+02
-1.1951e+02 -1.1524e+02 -7.8915e+01 -4.7462e+01
-1.1946e+02 -1.1468e+02 -7.3252e+01 -4.9635e+01
# New trial
-1.1970e+02 -1.1742e+02 -1.3403e+02 -6.5099e+02
-1.1957e+02 -1.1591e+02 -9.8207e+01 -2.2838e+02
-1.1934e+02 -1.1357e+02 -6.7683e+01 -4.6562e+01
-1.1933e+02 -1.1338e+02 -6.8092e+01 -7.5869e+01
# New trial
-1.1979e+02 -1.1808e+02 -1.2331e+02 -5.8428e+02
-1.1971e+02 -1.1727e+02 -1.0142e+02 -1.9888e+02
-1.1952e+02 -1.1528e+02 -7.8608e+01 -4.6359e+01
-1.1941e+02 -1.1418e+02 -6.9547e+01 -4.6152e+01
# New trial
-1.1987e+02 -1.1881e+02 -1.1916e+02 -3.9477e+02
-1.1981e+02 -1.1817e+02 -1.0402e+02 -1.5289e+02
-1.1973e+02 -1.1742e+02 -9.5465e+01 -5.6410e+01
-1.1976e+02 -1.1769e+02 -9.7635e+01 -6.0811e+01
# New trial
-1.1980e+02 -1.1843e+02 -1.4069e+02 -6.7923e+02
-1.1966e+02 -1.1684e+02 -1.0561e+02 -3.5036e+02
-1.1939e+02 -1.1408e+02 -7.0529e+01 -4.6513e+01
-1.1941e+02 -1.1421e+02 -7.3026e+01 -1.0346e+02
# New trial
-1.1949e+02 -1.1561e+02 -1.2075e+02 -5.0715e+02
-1.1924e+02 -1.1292e+02 -9.0030e+01 -2.7770e+02
-1.1883e+02 -1.0858e+02 -5.3522e+01 -4.6718e+01
-1.1898e+02 -1.1001e+02 -7.8499e+01 -3.1118e+02
# New trial
-1.1975e+02 -1.1773e+02 -1.1272e+02 -2.9521e+02
-1.1961e+02 -1.1631e+02 -9.6542e+01 -1.5519e+02
-1.1930e+02 -1.1317e+02 -6.3337e+01 -4.6151e+01
-1.1918e+02 -1.1194e+02 -6.0327e+01 -5.2138e+01
# New trial
-1.1961e+02 -1.1645e+02 -1.1249e+02 -4.2693e+02
-1.1947e+02 -1.1504e+02 -9.8033e+01 -3.0446e+02
-1.1919e+02 -1.1207e+02 -5.9313e+01 -4.7316e+01
-1.1923e+02 -1.1237e+02 -6.5838e+01 -1.1140e+02
# New trial
-1.1977e+02 -1.1808e+02 -1.4096e+02 -7.1331e+02
-1.1961e+02 -1.1630e+02 -9.7846e+01 -2.0299e+02
-1.1931e+02 -1.1317e+02 -6.3951e+01 -4.6501e+01
-1.1908e+02 -1.1095e+02 -5.5509e+01 -4.6151e+01
# New trial
-1.1982e+02 -1.1854e+02 -1.4123e+02 -7.4680e+02
-1.1966e+02 -1.1681e+02 -1.0536e+02 -2.5263e+02
-1.1947e+02 -1.1481e+02 -7.6743e+01 -4.7009e+01
-1.1950e+02 -1.1508e+02 -7.6419e+01 -4.6754e+01
# New trial
-1.1977e+02 -1.1864e+02 -1.8236e+02 -1.1197e+03
-1.1957e+02 -1.1617e+02 -1.1694e+02 -4.4435e+02
-1.1924e+02 -1.1252e+02 -6.2700e+01 -4.6520e+01
-1.1925e+02 -1.1264e+02 -6.4265e+01 -5.2703e+01
# New trial
-1.1981e+02 -1.1840e+02 -1.3015e+02 -6.3297e+02
-1.1973e+02 -1.1745e+02 -1.0743e+02 -2.3777e+02
-1.1953e+02 -1.1538e+02 -7.8665e+01 -4.6152e+01
-1.1946e+02 -1.1464e+02 -7.2277e+01 -4.6152e+01
# New trial
-1.1965e+02 -1.1759e+02 -1.7201e+02 -1.0593e+03
-1.1949e+02 -1.1564e+02 -1.1338e+02 -3.8098e+02
-1.1913e+02 -1.1163e+02 -6.1936e+01 -4.6561e+01
-1.1924e+02 -1.1253e+02 -8.2048e+01 -3.2029e+02
# New trial
-1.1972e+02 -1.1746e+02 -1.1381e+02 -3.2117e+02
-1.1954e+02 -1.1570e+02 -9.5609e+01 -1.6643e+02
-1.1912e+02 -1.1137e+02 -5.9320e+01 -4.6357e+01
-1.1914e+02 -1.1152e+02 -5.9043e+01 -4.7028e+01
# New trial
-1.1974e+02 -1.1767e+02 -1.1279e+02 -3.6538e+02
-1.1963e+02 -1.1650e+02 -1.0106e+02 -2.1801e+02
-1.1937e+02 -1.1386e+02 -7.2020e+01 -5.7655e+01
-1.1941e+02 -1.1421e+02 -7.9589e+01 -2.2425e+02
# New trial
-1.1976e+02 -1.1794e+02 -1.3845e+02 -7.5877e+02
-1.1965e+02 -1.1683e+02 -1.1610e+02 -4.2153e+02
-1.1936e+02 -1.1377e+02 -6.8920e+01 -4.6886e+01
-1.1921e+02 -1.1215e+02 -6.0197e+01 -4.6151e+01
# New trial
-1.1982e+02 -1.1849e+02 -1.3112e+02 -6.4783e+02
-1.1975e+02 -1.1765e+02 -1.0745e+02 -2.9165e+02
-1.1957e+02 -1.1582e+02 -8.2763e+01 -5.1432e+01
-1.1945e+02 -1.1464e+02 -7.9050e+01 -2.2062e+02
# New trial
-1.1967e+02 -1.1728e+02 -1.3991e+02 -6.6990e+02
-1.1949e+02 -1.1519e+02 -9.3254e+01 -1.8362e+02
-1.1940e+02 -1.1421e+02 -7.5324e+01 -4.9206e+01
-1.1967e+02 -1.1679e+02 -9.3577e+01 -2.0731e+02
# New trial
-1.1977e+02 -1.1788e+02 -1.2356e+02 -5.9730e+02
-1.1968e+02 -1.1694e+02 -9.5825e+01 -9.6603e+01
-1.1950e+02 -1.1513e+02 -7.7084e+01 -4.9592e+01
-1.1944e+02 -1.1446e+02 -7.2059e+01 -5.6649e+01
# New trial
-1.1974e+02 -1.1787e+02 -1.3964e+02 -6.6173e+02
-1.1953e+02 -1.1554e+02 -9.4794e+01 -1.9282e+02
-1.1929e+02 -1.1308e+02 -6.7451e+01 -4.6316e+01
-1.1938e+02 -1.1395e+02 -7.1254e+01 -4.6175e+01
# New trial
-1.1981e+02 -1.1859e+02 -1.3317e+02 -5.0265e+02
-1.1961e+02 -1.1643e+02 -1.0236e+02 -1.9623e+02
-1.1917e+02 -1.1192e+02 -6.1514e+01 -4.6994e+01
-1.1895e+02 -1.0969e+02 -5.7531e+01 -5.4490e+01
# New trial
-1.1990e+02 -1.2009e+02 -1.9150e+02 -1.2023e+03
-1.1966e+02 -1.1706e+02 -1.2020e+02 -4.0314e+02
-1.1921e+02 -1.1228e+02 -6.3798e+01 -4.6183e+01
-1.1922e+02 -1.1228e+02 -6.4031e+01 -8.1086e+01
# New trial
-1.1980e+02 -1.1814e+02 -1.0665e+02 -1.8428e+02
-1.1967e+02 -1.1676e+02 -9.2633e+01 -6.0670e+01
-1.1944e+02 -1.1451e+02 -7.2377e+01 -4.7052e+01
-1.1951e+02 -1.1515e+02 -7.8626e+01 -1.4519e+02
# New trial
-1.1974e+02 -1.1766e+02 -1.3037e+02 -6.7868e+02
-1.1966e+02 -1.1685e+02 -1.0522e+02 -2.8042e+02
-1.1948e+02 -1.1498e+02 -7.7452e+01 -4.6504e+01
-1.1947e+02 -1.1473e+02 -7.4103e+01 -4.6179e+01
# New trial
-1.1974e+02 -1.1819e+02 -1.5075e+02 -8.1164e+02
-1.1958e+02 -1.1628e+02 -1.1041e+02 -3.8057e+02
-1.1926e+02 -1.1279e+02 -6.8339e+01 -9.7826e+01
-1.1918e+02 -1.1197e+02 -8.3861e+01 -3.3516e+02
# New trial
-1.1979e+02 -1.1814e+02 -1.1815e+02 -3.8052e+02
-1.1965e+02 -1.1673e+02 -9.9097e+01 -1.9793e+02
-1.1938e+02 -1.1397e+02 -6.9935e+01 -4.6152e+01
-1.1942e+02 -1.1434e+02 -7.2065e+01 -4.6161e+01
# New trial
-1.1970e+02 -1.1720e+02 -1.1097e+02 -4.6221e+02
-1.1964e+02 -1.1653e+02 -9.8493e+01 -2.3207e+02
-1.1944e+02 -1.1454e+02 -7.2513e+01 -4.7451e+01
-1.1934e+02 -1.1348e+02 -6.6168e+01 -4.6151e+01
# New trial
