# 10.0sig - Array shape (trial/sig/alpha): (30L, 4L, 4L)
-8.7676e+01 -8.7588e+01 -8.8078e+01 -1.4817e+02
-8.7672e+01 -8.7540e+01 -8.6865e+01 -1.1293e+02
-8.7661e+01 -8.7423e+01 -8.5267e+01 -8.5594e+01
-8.7638e+01 -8.7195e+01 -8.2893e+01 -7.3877e+01
# New trial
-8.7705e+01 -8.7968e+01 -9.8935e+01 -2.9061e+02
-8.7692e+01 -8.7823e+01 -9.4817e+01 -2.2577e+02
-8.7654e+01 -8.7383e+01 -8.6659e+01 -1.3177e+02
-8.7600e+01 -8.6815e+01 -7.9577e+01 -7.3847e+01
# New trial
-8.7680e+01 -8.7640e+01 -9.1079e+01 -1.9267e+02
-8.7668e+01 -8.7516e+01 -8.8646e+01 -1.5161e+02
-8.7628e+01 -8.7107e+01 -8.3116e+01 -9.7207e+01
-8.7579e+01 -8.6612e+01 -7.7806e+01 -7.3842e+01
# New trial
-8.7684e+01 -8.7664e+01 -8.9040e+01 -1.7369e+02
-8.7680e+01 -8.7628e+01 -8.8575e+01 -1.5269e+02
-8.7655e+01 -8.7372e+01 -8.5330e+01 -1.1524e+02
-8.7626e+01 -8.7081e+01 -8.2005e+01 -7.3913e+01
# New trial
-8.7683e+01 -8.7697e+01 -9.4004e+01 -2.2223e+02
-8.7670e+01 -8.7537e+01 -8.8723e+01 -1.5460e+02
-8.7648e+01 -8.7304e+01 -8.4566e+01 -8.9057e+01
-8.7623e+01 -8.7043e+01 -8.1416e+01 -7.3842e+01
# New trial
-8.7681e+01 -8.7641e+01 -8.8892e+01 -1.5182e+02
-8.7670e+01 -8.7529e+01 -8.7526e+01 -1.3268e+02
-8.7639e+01 -8.7209e+01 -8.4030e+01 -1.1910e+02
-8.7607e+01 -8.6884e+01 -8.0470e+01 -9.1382e+01
# New trial
-8.7677e+01 -8.7587e+01 -8.8035e+01 -1.5325e+02
-8.7676e+01 -8.7582e+01 -8.7522e+01 -1.3781e+02
-8.7666e+01 -8.7479e+01 -8.6003e+01 -1.1250e+02
-8.7651e+01 -8.7321e+01 -8.4192e+01 -8.7864e+01
# New trial
-8.7678e+01 -8.7618e+01 -9.0655e+01 -1.8213e+02
-8.7673e+01 -8.7566e+01 -8.9503e+01 -1.7230e+02
-8.7651e+01 -8.7341e+01 -8.5269e+01 -1.0010e+02
-8.7604e+01 -8.6856e+01 -7.9826e+01 -7.3842e+01
# New trial
-8.7692e+01 -8.7844e+01 -1.0134e+02 -3.1401e+02
-8.7670e+01 -8.7567e+01 -9.1812e+01 -1.9327e+02
-8.7617e+01 -8.6991e+01 -8.1853e+01 -8.0046e+01
-8.7555e+01 -8.6371e+01 -7.6232e+01 -7.3842e+01
# New trial
-8.7671e+01 -8.7531e+01 -8.6546e+01 -1.2323e+02
-8.7665e+01 -8.7467e+01 -8.5675e+01 -8.8749e+01
-8.7650e+01 -8.7314e+01 -8.4057e+01 -7.5587e+01
-8.7634e+01 -8.7156e+01 -8.2473e+01 -7.3842e+01
# New trial
-8.7716e+01 -8.8078e+01 -1.0159e+02 -3.1255e+02
-8.7672e+01 -8.7581e+01 -9.4695e+01 -2.5079e+02
-8.7610e+01 -8.6926e+01 -8.2707e+01 -1.2863e+02
-8.7541e+01 -8.6233e+01 -7.5607e+01 -7.3842e+01
# New trial
-8.7707e+01 -8.7980e+01 -1.0035e+02 -2.8198e+02
-8.7676e+01 -8.7593e+01 -8.8713e+01 -1.4214e+02
-8.7651e+01 -8.7332e+01 -8.4655e+01 -8.6036e+01
-8.7630e+01 -8.7112e+01 -8.2159e+01 -7.4078e+01
# New trial
-8.7681e+01 -8.7682e+01 -9.4103e+01 -2.2299e+02
-8.7671e+01 -8.7566e+01 -9.0349e+01 -1.7498e+02
-8.7634e+01 -8.7168e+01 -8.4086e+01 -1.0257e+02
-8.7576e+01 -8.6581e+01 -7.7760e+01 -7.3842e+01
# New trial
-8.7686e+01 -8.7700e+01 -9.1088e+01 -1.8410e+02
-8.7675e+01 -8.7586e+01 -8.8614e+01 -1.4288e+02
-8.7641e+01 -8.7232e+01 -8.3967e+01 -1.0466e+02
-8.7597e+01 -8.6787e+01 -7.9194e+01 -7.3842e+01
# New trial
-8.7692e+01 -8.7786e+01 -9.3792e+01 -2.0338e+02
-8.7680e+01 -8.7652e+01 -9.1250e+01 -1.7588e+02
-8.7638e+01 -8.7210e+01 -8.4124e+01 -1.0036e+02
-8.7581e+01 -8.6625e+01 -7.8127e+01 -7.3842e+01
# New trial
-8.7706e+01 -8.8006e+01 -1.0290e+02 -3.2108e+02
-8.7684e+01 -8.7714e+01 -9.2826e+01 -1.9712e+02
-8.7628e+01 -8.7113e+01 -8.4374e+01 -1.2402e+02
-8.7556e+01 -8.6376e+01 -7.6376e+01 -7.3842e+01
# New trial
-8.7686e+01 -8.7771e+01 -1.0135e+02 -3.1321e+02
-8.7662e+01 -8.7478e+01 -9.0374e+01 -1.8920e+02
-8.7619e+01 -8.7022e+01 -8.3042e+01 -9.6962e+01
-8.7571e+01 -8.6529e+01 -7.7398e+01 -7.3842e+01
# New trial
-8.7715e+01 -8.7995e+01 -9.4603e+01 -2.2535e+02
-8.7701e+01 -8.7841e+01 -9.1100e+01 -1.8889e+02
-8.7669e+01 -8.7514e+01 -8.6864e+01 -1.4701e+02
-8.7646e+01 -8.7274e+01 -8.3703e+01 -8.6668e+01
# New trial
-8.7684e+01 -8.7668e+01 -8.9421e+01 -1.6514e+02
-8.7672e+01 -8.7543e+01 -8.6731e+01 -1.0480e+02
-8.7655e+01 -8.7361e+01 -8.4556e+01 -7.6901e+01
-8.7634e+01 -8.7151e+01 -8.2417e+01 -7.3842e+01
# New trial
-8.7715e+01 -8.8043e+01 -1.0048e+02 -2.8803e+02
-8.7695e+01 -8.7799e+01 -9.2113e+01 -1.9149e+02
-8.7647e+01 -8.7293e+01 -8.4855e+01 -1.1157e+02
-8.7605e+01 -8.6865e+01 -8.0133e+01 -7.4307e+01
# New trial
-8.7696e+01 -8.7803e+01 -9.2675e+01 -2.0439e+02
-8.7681e+01 -8.7631e+01 -8.8060e+01 -1.5218e+02
-8.7653e+01 -8.7342e+01 -8.4526e+01 -9.6218e+01
-8.7627e+01 -8.7087e+01 -8.1932e+01 -7.4201e+01
# New trial
-8.7669e+01 -8.7512e+01 -8.6923e+01 -1.3644e+02
-8.7662e+01 -8.7448e+01 -8.6528e+01 -1.4164e+02
-8.7633e+01 -8.7154e+01 -8.3173e+01 -1.0433e+02
-8.7598e+01 -8.6801e+01 -7.9702e+01 -7.6881e+01
# New trial
-8.7678e+01 -8.7617e+01 -8.9403e+01 -1.4481e+02
-8.7663e+01 -8.7465e+01 -8.7292e+01 -1.2701e+02
-8.7625e+01 -8.7076e+01 -8.2407e+01 -7.7491e+01
-8.7589e+01 -8.6709e+01 -7.8534e+01 -7.3842e+01
# New trial
-8.7680e+01 -8.7674e+01 -9.2532e+01 -1.8467e+02
-8.7670e+01 -8.7572e+01 -9.1610e+01 -1.8066e+02
-8.7629e+01 -8.7120e+01 -8.3694e+01 -1.0579e+02
-8.7565e+01 -8.6464e+01 -7.6783e+01 -7.3842e+01
# New trial
-8.7696e+01 -8.7849e+01 -9.6135e+01 -2.4619e+02
-8.7674e+01 -8.7601e+01 -9.1062e+01 -1.8462e+02
-8.7621e+01 -8.7045e+01 -8.2897e+01 -1.0202e+02
-8.7562e+01 -8.6443e+01 -7.6752e+01 -7.3842e+01
# New trial
-8.7716e+01 -8.8169e+01 -1.0422e+02 -3.1421e+02
-8.7678e+01 -8.7667e+01 -9.3711e+01 -2.2446e+02
-8.7600e+01 -8.6824e+01 -8.1213e+01 -1.0205e+02
-8.7511e+01 -8.5932e+01 -7.4598e+01 -7.3842e+01
# New trial
-8.7726e+01 -8.8262e+01 -1.0677e+02 -3.3799e+02
-8.7680e+01 -8.7659e+01 -9.1496e+01 -1.9158e+02
-8.7615e+01 -8.6978e+01 -8.2297e+01 -9.8275e+01
-8.7549e+01 -8.6312e+01 -7.6137e+01 -7.3842e+01
# New trial
-8.7671e+01 -8.7528e+01 -8.6818e+01 -1.1910e+02
-8.7664e+01 -8.7459e+01 -8.6438e+01 -1.2433e+02
-8.7638e+01 -8.7199e+01 -8.3530e+01 -9.7141e+01
-8.7593e+01 -8.6744e+01 -7.8905e+01 -7.3842e+01
# New trial
-8.7697e+01 -8.7840e+01 -9.6546e+01 -2.6399e+02
-8.7692e+01 -8.7785e+01 -9.2729e+01 -2.0009e+02
-8.7649e+01 -8.7324e+01 -8.5368e+01 -1.0532e+02
-8.7563e+01 -8.6450e+01 -7.6751e+01 -7.3842e+01
# New trial
-8.7685e+01 -8.7675e+01 -9.0964e+01 -2.0156e+02
-8.7680e+01 -8.7622e+01 -8.8769e+01 -1.6427e+02
-8.7656e+01 -8.7383e+01 -8.5218e+01 -1.1766e+02
-8.7629e+01 -8.7110e+01 -8.2328e+01 -7.4056e+01
# New trial
