# 1.0sig - Array shape (trial/sig/alpha): (30, 4, 4)
-1.6141e+02 -1.6037e+02 -1.5500e+02 -2.6659e+02
-1.6135e+02 -1.5971e+02 -1.4575e+02 -1.4176e+02
-1.6118e+02 -1.5802e+02 -1.2932e+02 -1.1077e+02
-1.6099e+02 -1.5617e+02 -1.1813e+02 -1.1076e+02
# New trial
-1.6142e+02 -1.6048e+02 -1.5332e+02 -1.7582e+02
-1.6137e+02 -1.5998e+02 -1.4889e+02 -1.4038e+02
-1.6122e+02 -1.5846e+02 -1.3463e+02 -1.1082e+02
-1.6110e+02 -1.5727e+02 -1.2418e+02 -1.1076e+02
# New trial
-1.6144e+02 -1.6064e+02 -1.5486e+02 -2.6636e+02
-1.6139e+02 -1.6015e+02 -1.4955e+02 -1.4905e+02
-1.6126e+02 -1.5888e+02 -1.3732e+02 -1.1698e+02
-1.6117e+02 -1.5797e+02 -1.2950e+02 -1.1281e+02
# New trial
-1.6144e+02 -1.6065e+02 -1.6109e+02 -4.3420e+02
-1.6138e+02 -1.6011e+02 -1.5094e+02 -1.9668e+02
-1.6125e+02 -1.5876e+02 -1.3638e+02 -1.1206e+02
-1.6117e+02 -1.5799e+02 -1.2965e+02 -1.1314e+02
# New trial
-1.6135e+02 -1.5981e+02 -1.5279e+02 -3.4157e+02
-1.6128e+02 -1.5911e+02 -1.4047e+02 -1.2899e+02
-1.6114e+02 -1.5766e+02 -1.2634e+02 -1.1076e+02
-1.6103e+02 -1.5658e+02 -1.2043e+02 -1.1076e+02
# New trial
-1.6143e+02 -1.6051e+02 -1.5485e+02 -3.3223e+02
-1.6138e+02 -1.6007e+02 -1.4822e+02 -1.5624e+02
-1.6127e+02 -1.5893e+02 -1.3728e+02 -1.1107e+02
-1.6118e+02 -1.5803e+02 -1.2964e+02 -1.1168e+02
# New trial
-1.6150e+02 -1.6120e+02 -1.6012e+02 -2.6724e+02
-1.6147e+02 -1.6089e+02 -1.5550e+02 -1.8450e+02
-1.6141e+02 -1.6032e+02 -1.4974e+02 -1.2670e+02
-1.6137e+02 -1.5993e+02 -1.4592e+02 -1.2371e+02
# New trial
-1.6144e+02 -1.6068e+02 -1.6311e+02 -3.6881e+02
-1.6136e+02 -1.5984e+02 -1.4965e+02 -2.2264e+02
-1.6119e+02 -1.5817e+02 -1.3184e+02 -1.1079e+02
-1.6109e+02 -1.5713e+02 -1.2350e+02 -1.1076e+02
# New trial
-1.6130e+02 -1.5933e+02 -1.4959e+02 -2.9415e+02
-1.6119e+02 -1.5818e+02 -1.3848e+02 -1.8497e+02
-1.6093e+02 -1.5558e+02 -1.2213e+02 -1.1081e+02
-1.6080e+02 -1.5434e+02 -1.3240e+02 -2.6849e+02
# New trial
-1.6141e+02 -1.6036e+02 -1.5198e+02 -1.9445e+02
-1.6135e+02 -1.5971e+02 -1.4538e+02 -1.3672e+02
-1.6118e+02 -1.5800e+02 -1.2919e+02 -1.1076e+02
-1.6102e+02 -1.5650e+02 -1.2235e+02 -1.3250e+02
# New trial
-1.6136e+02 -1.5993e+02 -1.5211e+02 -2.5108e+02
-1.6130e+02 -1.5925e+02 -1.4509e+02 -1.9616e+02
-1.6110e+02 -1.5724e+02 -1.2433e+02 -1.1651e+02
-1.6093e+02 -1.5556e+02 -1.1855e+02 -1.3193e+02
# New trial
-1.6143e+02 -1.6066e+02 -1.6270e+02 -3.8828e+02
-1.6134e+02 -1.5971e+02 -1.4659e+02 -1.8949e+02
-1.6117e+02 -1.5791e+02 -1.2853e+02 -1.1076e+02
-1.6096e+02 -1.5582e+02 -1.1653e+02 -1.1076e+02
# New trial
-1.6147e+02 -1.6098e+02 -1.6456e+02 -4.2126e+02
-1.6139e+02 -1.6012e+02 -1.5064e+02 -1.7993e+02
-1.6124e+02 -1.5866e+02 -1.3600e+02 -1.1091e+02
-1.6117e+02 -1.5793e+02 -1.3044e+02 -1.4229e+02
# New trial
-1.6140e+02 -1.6046e+02 -1.8061e+02 -6.3741e+02
-1.6131e+02 -1.5937e+02 -1.4967e+02 -2.3781e+02
-1.6107e+02 -1.5701e+02 -1.2426e+02 -1.1076e+02
-1.6090e+02 -1.5523e+02 -1.1558e+02 -1.1076e+02
# New trial
-1.6144e+02 -1.6064e+02 -1.5862e+02 -3.9477e+02
-1.6139e+02 -1.6012e+02 -1.4975e+02 -1.6433e+02
-1.6126e+02 -1.5885e+02 -1.3669e+02 -1.1098e+02
-1.6117e+02 -1.5800e+02 -1.3253e+02 -1.9914e+02
# New trial
-1.6138e+02 -1.6024e+02 -1.7650e+02 -5.8835e+02
-1.6126e+02 -1.5904e+02 -1.5278e+02 -2.8027e+02
-1.6100e+02 -1.5631e+02 -1.2343e+02 -1.1076e+02
-1.6094e+02 -1.5567e+02 -1.2489e+02 -2.1214e+02
# New trial
-1.6139e+02 -1.6021e+02 -1.5343e+02 -2.2078e+02
-1.6131e+02 -1.5940e+02 -1.4605e+02 -1.8916e+02
-1.6108e+02 -1.5708e+02 -1.2611e+02 -1.1136e+02
-1.6094e+02 -1.5569e+02 -1.1990e+02 -1.3803e+02
# New trial
-1.6141e+02 -1.6041e+02 -1.5398e+02 -2.1057e+02
-1.6136e+02 -1.5985e+02 -1.4899e+02 -1.6501e+02
-1.6119e+02 -1.5821e+02 -1.3197e+02 -1.1680e+02
-1.6113e+02 -1.5760e+02 -1.2840e+02 -1.5187e+02
# New trial
-1.6143e+02 -1.6067e+02 -1.6624e+02 -4.4495e+02
-1.6137e+02 -1.5999e+02 -1.5387e+02 -2.7250e+02
-1.6118e+02 -1.5802e+02 -1.2938e+02 -1.1076e+02
-1.6101e+02 -1.5631e+02 -1.1897e+02 -1.1076e+02
# New trial
-1.6143e+02 -1.6060e+02 -1.5694e+02 -3.2303e+02
-1.6140e+02 -1.6023e+02 -1.4979e+02 -1.6628e+02
-1.6131e+02 -1.5933e+02 -1.4055e+02 -1.1259e+02
-1.6120e+02 -1.5827e+02 -1.3278e+02 -1.6527e+02
# New trial
-1.6141e+02 -1.6045e+02 -1.6302e+02 -3.8508e+02
-1.6132e+02 -1.5946e+02 -1.4647e+02 -1.6295e+02
-1.6119e+02 -1.5816e+02 -1.3349e+02 -1.1140e+02
-1.6121e+02 -1.5839e+02 -1.3290e+02 -1.2371e+02
# New trial
-1.6143e+02 -1.6052e+02 -1.5450e+02 -3.4923e+02
-1.6139e+02 -1.6014e+02 -1.4823e+02 -1.1574e+02
-1.6128e+02 -1.5909e+02 -1.3788e+02 -1.1076e+02
-1.6115e+02 -1.5770e+02 -1.2629e+02 -1.1076e+02
# New trial
-1.6140e+02 -1.6036e+02 -1.5997e+02 -3.4675e+02
-1.6129e+02 -1.5922e+02 -1.4360e+02 -1.5349e+02
-1.6110e+02 -1.5729e+02 -1.2539e+02 -1.1076e+02
-1.6107e+02 -1.5693e+02 -1.2252e+02 -1.1076e+02
# New trial
-1.6140e+02 -1.6031e+02 -1.5757e+02 -2.3479e+02
-1.6128e+02 -1.5913e+02 -1.4517e+02 -1.6558e+02
-1.6104e+02 -1.5667e+02 -1.2438e+02 -1.1210e+02
-1.6089e+02 -1.5522e+02 -1.2725e+02 -2.4582e+02
# New trial
-1.6142e+02 -1.6069e+02 -1.7759e+02 -5.7154e+02
-1.6131e+02 -1.5942e+02 -1.4950e+02 -1.8800e+02
-1.6107e+02 -1.5699e+02 -1.2707e+02 -1.1699e+02
-1.6093e+02 -1.5559e+02 -1.2679e+02 -2.2363e+02
# New trial
-1.6145e+02 -1.6078e+02 -1.5466e+02 -1.6269e+02
-1.6139e+02 -1.6016e+02 -1.4873e+02 -1.2126e+02
-1.6124e+02 -1.5862e+02 -1.3457e+02 -1.1083e+02
-1.6112e+02 -1.5742e+02 -1.2449e+02 -1.1076e+02
# New trial
-1.6140e+02 -1.6025e+02 -1.5666e+02 -3.8895e+02
-1.6135e+02 -1.5978e+02 -1.4793e+02 -1.9399e+02
-1.6122e+02 -1.5842e+02 -1.3424e+02 -1.1151e+02
-1.6112e+02 -1.5742e+02 -1.2747e+02 -1.2627e+02
# New trial
-1.6144e+02 -1.6076e+02 -1.6700e+02 -4.3267e+02
-1.6134e+02 -1.5969e+02 -1.5106e+02 -2.8170e+02
-1.6110e+02 -1.5724e+02 -1.2603e+02 -1.2846e+02
-1.6089e+02 -1.5513e+02 -1.1778e+02 -1.2408e+02
# New trial
-1.6144e+02 -1.6067e+02 -1.5689e+02 -2.6112e+02
-1.6137e+02 -1.5998e+02 -1.4938e+02 -2.0799e+02
-1.6120e+02 -1.5825e+02 -1.3337e+02 -1.1330e+02
-1.6109e+02 -1.5713e+02 -1.2428e+02 -1.2630e+02
# New trial
-1.6141e+02 -1.6033e+02 -1.5264e+02 -2.5791e+02
-1.6136e+02 -1.5989e+02 -1.4755e+02 -1.8073e+02
-1.6122e+02 -1.5850e+02 -1.3370e+02 -1.1350e+02
-1.6108e+02 -1.5702e+02 -1.2748e+02 -1.9377e+02
# New trial
