# 10.0sig - Array shape (trial/sig/alpha): (30, 4, 4)
-1.5680e+02 -1.5587e+02 -1.6307e+02 -6.8965e+02
-1.5679e+02 -1.5575e+02 -1.5543e+02 -5.9207e+02
-1.5670e+02 -1.5480e+02 -1.3817e+02 -1.8729e+02
-1.5654e+02 -1.5315e+02 -1.2010e+02 -5.1718e+01
# New trial
-1.5691e+02 -1.5807e+02 -2.4404e+02 -1.6892e+03
-1.5678e+02 -1.5639e+02 -2.0231e+02 -1.1302e+03
-1.5655e+02 -1.5339e+02 -1.3420e+02 -3.8131e+02
-1.5617e+02 -1.4948e+02 -8.6844e+01 -6.2193e+01
# New trial
-1.5681e+02 -1.5604e+02 -1.7705e+02 -1.0303e+03
-1.5676e+02 -1.5550e+02 -1.6109e+02 -7.0961e+02
-1.5649e+02 -1.5274e+02 -1.2064e+02 -2.2405e+02
-1.5613e+02 -1.4914e+02 -8.5414e+01 -7.8815e+01
# New trial
-1.5677e+02 -1.5559e+02 -1.6163e+02 -7.3590e+02
-1.5673e+02 -1.5523e+02 -1.5731e+02 -6.0837e+02
-1.5649e+02 -1.5277e+02 -1.2304e+02 -3.0812e+02
-1.5614e+02 -1.4923e+02 -8.6199e+01 -6.1966e+01
# New trial
-1.5688e+02 -1.5729e+02 -2.2195e+02 -1.4967e+03
-1.5680e+02 -1.5606e+02 -1.7030e+02 -7.7609e+02
-1.5667e+02 -1.5452e+02 -1.3882e+02 -2.5600e+02
-1.5644e+02 -1.5219e+02 -1.1175e+02 -8.7248e+01
# New trial
-1.5682e+02 -1.5633e+02 -1.7650e+02 -7.3265e+02
-1.5674e+02 -1.5534e+02 -1.5630e+02 -5.0603e+02
-1.5647e+02 -1.5252e+02 -1.2187e+02 -2.8767e+02
-1.5609e+02 -1.4866e+02 -8.2735e+01 -1.2587e+02
# New trial
-1.5680e+02 -1.5581e+02 -1.5211e+02 -4.4003e+02
-1.5680e+02 -1.5581e+02 -1.5137e+02 -5.1118e+02
-1.5672e+02 -1.5503e+02 -1.4027e+02 -3.2092e+02
-1.5655e+02 -1.5330e+02 -1.2154e+02 -6.5698e+01
# New trial
-1.5668e+02 -1.5496e+02 -1.7904e+02 -9.7842e+02
-1.5668e+02 -1.5490e+02 -1.6634e+02 -8.3308e+02
-1.5655e+02 -1.5343e+02 -1.3380e+02 -3.8849e+02
-1.5633e+02 -1.5111e+02 -1.0160e+02 -7.7180e+01
# New trial
-1.5716e+02 -1.6079e+02 -3.1523e+02 -2.4433e+03
-1.5697e+02 -1.5819e+02 -2.2181e+02 -1.3216e+03
-1.5653e+02 -1.5322e+02 -1.3601e+02 -4.6739e+02
-1.5611e+02 -1.4890e+02 -8.8975e+01 -2.7091e+02
# New trial
-1.5682e+02 -1.5597e+02 -1.5209e+02 -4.7531e+02
-1.5677e+02 -1.5552e+02 -1.4511e+02 -2.3396e+02
-1.5668e+02 -1.5462e+02 -1.3483e+02 -1.2176e+02
-1.5661e+02 -1.5384e+02 -1.2681e+02 -6.4950e+01
# New trial
-1.5708e+02 -1.5932e+02 -2.4821e+02 -1.8200e+03
-1.5674e+02 -1.5548e+02 -1.8719e+02 -1.2139e+03
-1.5631e+02 -1.5098e+02 -1.1507e+02 -3.8631e+02
-1.5592e+02 -1.4703e+02 -7.2754e+01 -6.7397e+01
# New trial
-1.5710e+02 -1.5966e+02 -2.6560e+02 -1.9030e+03
-1.5684e+02 -1.5639e+02 -1.6936e+02 -5.5565e+02
-1.5667e+02 -1.5460e+02 -1.3949e+02 -2.7842e+02
-1.5652e+02 -1.5299e+02 -1.2021e+02 -1.1606e+02
# New trial
-1.5673e+02 -1.5566e+02 -1.9786e+02 -1.1589e+03
-1.5671e+02 -1.5528e+02 -1.7307e+02 -7.3871e+02
-1.5654e+02 -1.5327e+02 -1.2950e+02 -2.9329e+02
-1.5622e+02 -1.5001e+02 -9.2833e+01 -6.7438e+01
# New trial
-1.5689e+02 -1.5698e+02 -1.8756e+02 -9.9392e+02
-1.5683e+02 -1.5624e+02 -1.6852e+02 -6.9890e+02
-1.5656e+02 -1.5343e+02 -1.2588e+02 -1.7175e+02
-1.5628e+02 -1.5056e+02 -9.6830e+01 -1.0120e+02
# New trial
-1.5686e+02 -1.5681e+02 -2.0245e+02 -1.2230e+03
-1.5678e+02 -1.5588e+02 -1.7602e+02 -8.9106e+02
-1.5653e+02 -1.5317e+02 -1.2774e+02 -2.3770e+02
-1.5618e+02 -1.4958e+02 -8.8087e+01 -8.0307e+01
# New trial
-1.5708e+02 -1.5995e+02 -2.9608e+02 -2.2570e+03
-1.5687e+02 -1.5718e+02 -2.0318e+02 -1.1738e+03
-1.5641e+02 -1.5211e+02 -1.2959e+02 -5.2426e+02
-1.5590e+02 -1.4685e+02 -7.0653e+01 -8.6092e+01
# New trial
-1.5684e+02 -1.5718e+02 -2.7572e+02 -2.1244e+03
-1.5665e+02 -1.5462e+02 -1.6811e+02 -7.5508e+02
-1.5638e+02 -1.5171e+02 -1.1767e+02 -4.5148e+02
-1.5608e+02 -1.4855e+02 -7.9681e+01 -5.9662e+01
# New trial
-1.5699e+02 -1.5791e+02 -1.9365e+02 -1.1347e+03
-1.5685e+02 -1.5640e+02 -1.6665e+02 -8.5557e+02
-1.5654e+02 -1.5324e+02 -1.2978e+02 -4.0563e+02
-1.5623e+02 -1.5009e+02 -9.3336e+01 -6.9683e+01
# New trial
-1.5690e+02 -1.5688e+02 -1.7146e+02 -7.6833e+02
-1.5682e+02 -1.5601e+02 -1.5242e+02 -3.4091e+02
-1.5669e+02 -1.5468e+02 -1.3588e+02 -1.4976e+02
-1.5652e+02 -1.5301e+02 -1.1869e+02 -5.9904e+01
# New trial
-1.5714e+02 -1.5987e+02 -2.6822e+02 -1.9819e+03
-1.5696e+02 -1.5771e+02 -1.9689e+02 -1.1869e+03
-1.5657e+02 -1.5358e+02 -1.3437e+02 -4.6185e+02
-1.5618e+02 -1.4963e+02 -9.0918e+01 -8.9803e+01
# New trial
-1.5693e+02 -1.5742e+02 -2.0498e+02 -1.2196e+03
-1.5679e+02 -1.5578e+02 -1.5404e+02 -3.8266e+02
-1.5656e+02 -1.5342e+02 -1.2563e+02 -2.0436e+02
-1.5627e+02 -1.5048e+02 -9.5878e+01 -5.6996e+01
# New trial
-1.5679e+02 -1.5578e+02 -1.5930e+02 -6.1699e+02
-1.5676e+02 -1.5553e+02 -1.5793e+02 -6.8420e+02
-1.5655e+02 -1.5333e+02 -1.3076e+02 -4.7362e+02
-1.5622e+02 -1.5003e+02 -9.8458e+01 -2.9783e+02
# New trial
-1.5692e+02 -1.5728e+02 -1.8612e+02 -8.2559e+02
-1.5681e+02 -1.5611e+02 -1.6836e+02 -6.3375e+02
-1.5655e+02 -1.5336e+02 -1.2734e+02 -1.5704e+02
-1.5627e+02 -1.5050e+02 -9.6216e+01 -6.9835e+01
# New trial
-1.5686e+02 -1.5686e+02 -1.9536e+02 -9.9637e+02
-1.5677e+02 -1.5593e+02 -1.8716e+02 -9.8468e+02
-1.5647e+02 -1.5268e+02 -1.3234e+02 -3.1982e+02
-1.5599e+02 -1.4770e+02 -7.4402e+01 -5.6660e+01
# New trial
-1.5692e+02 -1.5769e+02 -2.2933e+02 -1.5216e+03
-1.5677e+02 -1.5599e+02 -1.9281e+02 -1.0828e+03
-1.5642e+02 -1.5206e+02 -1.2005e+02 -2.7339e+02
-1.5601e+02 -1.4790e+02 -7.6830e+01 -8.7192e+01
# New trial
-1.5697e+02 -1.5960e+02 -3.0230e+02 -2.2169e+03
-1.5677e+02 -1.5637e+02 -2.2056e+02 -1.5413e+03
-1.5623e+02 -1.5021e+02 -1.0413e+02 -2.0177e+02
-1.5562e+02 -1.4402e+02 -5.8011e+01 -1.0875e+02
# New trial
-1.5753e+02 -1.6507e+02 -3.4617e+02 -2.5819e+03
-1.5711e+02 -1.5940e+02 -2.1847e+02 -1.2669e+03
-1.5655e+02 -1.5339e+02 -1.3869e+02 -7.6295e+02
-1.5612e+02 -1.4900e+02 -9.5294e+01 -3.8206e+02
# New trial
-1.5679e+02 -1.5574e+02 -1.5687e+02 -6.0316e+02
-1.5673e+02 -1.5515e+02 -1.4846e+02 -5.2621e+02
-1.5656e+02 -1.5340e+02 -1.2500e+02 -1.4820e+02
-1.5633e+02 -1.5111e+02 -1.0180e+02 -5.9386e+01
# New trial
-1.5686e+02 -1.5690e+02 -2.3061e+02 -1.7397e+03
-1.5679e+02 -1.5610e+02 -1.8126e+02 -9.7420e+02
-1.5648e+02 -1.5279e+02 -1.2892e+02 -3.9843e+02
-1.5609e+02 -1.4875e+02 -8.3739e+01 -8.8837e+01
# New trial
-1.5683e+02 -1.5623e+02 -1.8069e+02 -1.0266e+03
-1.5674e+02 -1.5535e+02 -1.5655e+02 -6.5365e+02
-1.5655e+02 -1.5329e+02 -1.2527e+02 -2.2268e+02
-1.5624e+02 -1.5018e+02 -9.5779e+01 -1.0095e+02
# New trial
