# 1.0sig - Array shape (trial/sig/alpha): (30L, 4L, 4L)
-6.9069e+01 -6.7941e+01 -8.5952e+01 -4.8467e+02
-6.9077e+01 -6.7884e+01 -7.1346e+01 -2.9223e+02
-6.8997e+01 -6.6967e+01 -5.2593e+01 -1.4715e+02
-6.8964e+01 -6.6611e+01 -5.0084e+01 -4.8691e+01
# New trial
-6.9033e+01 -6.7550e+01 -7.2886e+01 -3.0340e+02
-6.9028e+01 -6.7399e+01 -6.0520e+01 -1.2345e+02
-6.9046e+01 -6.7496e+01 -5.8008e+01 -1.4401e+02
-6.9115e+01 -6.8131e+01 -5.9582e+01 -7.9981e+01
# New trial
-6.9096e+01 -6.8121e+01 -8.0871e+01 -4.9070e+02
-6.9092e+01 -6.8022e+01 -6.8291e+01 -2.3932e+02
-6.9068e+01 -6.7704e+01 -5.8979e+01 -1.8924e+02
-6.9055e+01 -6.7519e+01 -5.4955e+01 -8.1612e+01
# New trial
-6.9044e+01 -6.7578e+01 -7.3958e+01 -4.2351e+02
-6.9058e+01 -6.7703e+01 -6.6834e+01 -2.3641e+02
-6.9042e+01 -6.7441e+01 -5.6747e+01 -1.2869e+02
-6.9056e+01 -6.7527e+01 -5.5107e+01 -9.6597e+01
# New trial
-6.9087e+01 -6.8395e+01 -1.0632e+02 -6.8450e+02
-6.9018e+01 -6.7391e+01 -7.3127e+01 -3.7695e+02
-6.8985e+01 -6.6897e+01 -5.5370e+01 -2.0356e+02
-6.9046e+01 -6.7440e+01 -5.5502e+01 -9.9617e+01
# New trial
-6.9018e+01 -6.7392e+01 -7.1268e+01 -3.3463e+02
-6.9064e+01 -6.7749e+01 -6.6362e+01 -2.4211e+02
-6.9049e+01 -6.7508e+01 -5.6809e+01 -1.4799e+02
-6.9093e+01 -6.7899e+01 -5.7119e+01 -9.9253e+01
# New trial
-6.9149e+01 -6.8616e+01 -7.9047e+01 -3.8872e+02
-6.9136e+01 -6.8376e+01 -6.5410e+01 -1.9937e+02
-6.9123e+01 -6.8204e+01 -6.0221e+01 -6.8611e+01
-6.9155e+01 -6.8509e+01 -6.2427e+01 -7.7151e+01
# New trial
-6.9147e+01 -6.8742e+01 -9.2658e+01 -5.6439e+02
-6.9080e+01 -6.7929e+01 -7.0029e+01 -2.8990e+02
-6.8995e+01 -6.6983e+01 -5.3582e+01 -1.2931e+02
-6.9078e+01 -6.7748e+01 -5.6733e+01 -1.0685e+02
# New trial
-6.9054e+01 -6.8375e+01 -1.0143e+02 -6.1980e+02
-6.8990e+01 -6.7421e+01 -8.7598e+01 -5.3813e+02
-6.8841e+01 -6.5554e+01 -5.7874e+01 -2.8543e+02
-6.9000e+01 -6.6981e+01 -5.4305e+01 -1.6324e+02
# New trial
-6.9141e+01 -6.8592e+01 -8.0466e+01 -3.9537e+02
-6.9095e+01 -6.8073e+01 -7.1125e+01 -2.9249e+02
-6.8990e+01 -6.6906e+01 -5.2869e+01 -1.6123e+02
-6.8972e+01 -6.6695e+01 -5.1980e+01 -9.3837e+01
# New trial
-6.9068e+01 -6.8237e+01 -9.7148e+01 -6.0845e+02
-6.9019e+01 -6.7548e+01 -8.3988e+01 -5.0594e+02
-6.8959e+01 -6.6623e+01 -5.3751e+01 -2.1540e+02
-6.9049e+01 -6.7465e+01 -5.5016e+01 -1.8320e+02
# New trial
-6.9025e+01 -6.7777e+01 -9.3951e+01 -5.7080e+02
-6.9043e+01 -6.7551e+01 -6.7753e+01 -2.8263e+02
-6.8976e+01 -6.6747e+01 -4.9906e+01 -9.9053e+01
-6.8955e+01 -6.6523e+01 -5.0087e+01 -5.8925e+01
# New trial
-6.9092e+01 -6.8201e+01 -8.9760e+01 -5.4181e+02
-6.9051e+01 -6.7638e+01 -6.5789e+01 -2.0155e+02
-6.9040e+01 -6.7429e+01 -5.6306e+01 -1.2576e+02
-6.9094e+01 -6.7912e+01 -5.8024e+01 -9.9481e+01
# New trial
-6.9072e+01 -6.8546e+01 -1.3274e+02 -1.0031e+03
-6.8989e+01 -6.7330e+01 -8.4042e+01 -4.6371e+02
-6.8939e+01 -6.6454e+01 -5.3484e+01 -1.9922e+02
-6.9068e+01 -6.7642e+01 -5.4918e+01 -6.7993e+01
# New trial
-6.9077e+01 -6.7985e+01 -7.8957e+01 -4.0292e+02
-6.9082e+01 -6.7934e+01 -6.8644e+01 -2.2413e+02
-6.9085e+01 -6.7847e+01 -5.9483e+01 -1.4579e+02
-6.9113e+01 -6.8094e+01 -5.8729e+01 -1.1621e+02
# New trial
-6.9065e+01 -6.8596e+01 -1.2292e+02 -8.9706e+02
-6.8992e+01 -6.7567e+01 -8.4584e+01 -4.5629e+02
-6.8919e+01 -6.6379e+01 -5.8144e+01 -2.3581e+02
-6.9030e+01 -6.7285e+01 -5.7644e+01 -1.9766e+02
# New trial
-6.9065e+01 -6.8008e+01 -8.3430e+01 -4.2825e+02
-6.9001e+01 -6.7269e+01 -7.1245e+01 -3.0315e+02
-6.8889e+01 -6.5941e+01 -4.8755e+01 -1.3921e+02
-6.9064e+01 -6.7600e+01 -5.4793e+01 -8.5818e+01
# New trial
-6.9036e+01 -6.7639e+01 -7.3648e+01 -3.3105e+02
-6.9040e+01 -6.7623e+01 -6.9157e+01 -2.5302e+02
-6.9000e+01 -6.7054e+01 -5.5527e+01 -1.6213e+02
-6.9051e+01 -6.7486e+01 -5.5441e+01 -1.0248e+02
# New trial
-6.9048e+01 -6.7896e+01 -9.7509e+01 -6.0820e+02
-6.9063e+01 -6.7844e+01 -7.9153e+01 -3.8648e+02
-6.8989e+01 -6.6927e+01 -5.4785e+01 -1.6788e+02
-6.8963e+01 -6.6612e+01 -5.1379e+01 -8.5601e+01
# New trial
-6.9155e+01 -6.8801e+01 -9.1650e+01 -5.7067e+02
-6.9147e+01 -6.8567e+01 -7.5742e+01 -3.3128e+02
-6.9087e+01 -6.7860e+01 -5.8484e+01 -1.4853e+02
-6.9091e+01 -6.7875e+01 -5.6616e+01 -8.6847e+01
# New trial
-6.9066e+01 -6.8368e+01 -1.0471e+02 -7.1403e+02
-6.8975e+01 -6.7105e+01 -6.8934e+01 -2.5985e+02
-6.9027e+01 -6.7365e+01 -5.7741e+01 -1.3306e+02
-6.9173e+01 -6.8714e+01 -6.5698e+01 -1.6379e+02
# New trial
-6.9106e+01 -6.8183e+01 -8.5085e+01 -5.3736e+02
-6.9104e+01 -6.8065e+01 -6.4600e+01 -1.8305e+02
-6.9049e+01 -6.7467e+01 -5.4796e+01 -1.2167e+02
-6.9087e+01 -6.7842e+01 -5.7786e+01 -1.4903e+02
# New trial
-6.9097e+01 -6.8656e+01 -1.1067e+02 -7.4224e+02
-6.9033e+01 -6.7730e+01 -7.6309e+01 -3.4648e+02
-6.9002e+01 -6.7114e+01 -5.6684e+01 -1.4889e+02
-6.9091e+01 -6.7873e+01 -5.7944e+01 -7.8615e+01
# New trial
-6.9113e+01 -6.8726e+01 -9.8130e+01 -6.0620e+02
-6.9058e+01 -6.7928e+01 -7.7804e+01 -3.6448e+02
-6.8934e+01 -6.6416e+01 -5.1970e+01 -1.5813e+02
-6.8883e+01 -6.5826e+01 -4.9186e+01 -5.6121e+01
# New trial
-6.9219e+01 -6.9738e+01 -1.1138e+02 -7.2738e+02
-6.9148e+01 -6.8718e+01 -8.2128e+01 -3.9590e+02
-6.8974e+01 -6.6779e+01 -5.5117e+01 -1.8424e+02
-6.9041e+01 -6.7394e+01 -6.0141e+01 -2.5568e+02
# New trial
-6.9109e+01 -6.8174e+01 -7.1038e+01 -2.7502e+02
-6.9046e+01 -6.7520e+01 -6.0059e+01 -1.3564e+02
-6.9014e+01 -6.7138e+01 -5.3678e+01 -1.3048e+02
-6.9114e+01 -6.8106e+01 -5.9000e+01 -6.7054e+01
# New trial
-6.9043e+01 -6.7615e+01 -7.8855e+01 -4.5134e+02
-6.9085e+01 -6.7955e+01 -6.8463e+01 -2.4624e+02
-6.9062e+01 -6.7636e+01 -5.8620e+01 -1.5823e+02
-6.9092e+01 -6.7890e+01 -5.7985e+01 -6.8909e+01
# New trial
-6.9117e+01 -6.9450e+01 -1.3470e+02 -9.9272e+02
-6.9065e+01 -6.8121e+01 -8.4699e+01 -4.5321e+02
-6.8954e+01 -6.6617e+01 -5.2575e+01 -1.3916e+02
-6.8998e+01 -6.6952e+01 -5.4210e+01 -1.1073e+02
# New trial
-6.9068e+01 -6.8052e+01 -8.8296e+01 -4.8230e+02
-6.9010e+01 -6.7265e+01 -6.3127e+01 -2.0279e+02
-6.8994e+01 -6.6974e+01 -5.3376e+01 -1.2887e+02
-6.9090e+01 -6.7868e+01 -5.7901e+01 -1.0684e+02
# New trial
-6.9097e+01 -6.8252e+01 -9.6227e+01 -6.8531e+02
-6.9091e+01 -6.8031e+01 -7.1218e+01 -2.7088e+02
-6.9044e+01 -6.7453e+01 -5.6865e+01 -1.6465e+02
-6.9036e+01 -6.7332e+01 -5.3777e+01 -7.4754e+01
# New trial
