# 1.0sig - Array shape (trial/sig/alpha): (30L, 4L, 4L)
-1.1059e+02 -1.0921e+02 -1.1484e+02 -4.1798e+02
-1.1049e+02 -1.0811e+02 -9.6188e+01 -1.7898e+02
-1.1021e+02 -1.0530e+02 -6.6134e+01 -5.1477e+01
-1.1001e+02 -1.0328e+02 -5.7488e+01 -5.0766e+01
# New trial
-1.1059e+02 -1.0917e+02 -1.0498e+02 -2.4402e+02
-1.1051e+02 -1.0840e+02 -9.5705e+01 -1.1021e+02
-1.1031e+02 -1.0635e+02 -7.4005e+01 -5.1153e+01
-1.1026e+02 -1.0579e+02 -7.1028e+01 -1.0523e+02
# New trial
-1.1057e+02 -1.0895e+02 -1.0202e+02 -3.4977e+02
-1.1051e+02 -1.0824e+02 -9.1079e+01 -7.5364e+01
-1.1032e+02 -1.0639e+02 -7.3014e+01 -5.2009e+01
-1.1019e+02 -1.0506e+02 -6.7649e+01 -1.2447e+02
# New trial
-1.1059e+02 -1.0912e+02 -1.0681e+02 -3.6089e+02
-1.1052e+02 -1.0843e+02 -9.7728e+01 -1.9887e+02
-1.1036e+02 -1.0675e+02 -7.6379e+01 -5.0770e+01
-1.1031e+02 -1.0629e+02 -7.1305e+01 -5.0766e+01
# New trial
-1.1048e+02 -1.0819e+02 -1.1875e+02 -5.3005e+02
-1.1039e+02 -1.0715e+02 -9.2410e+01 -2.6509e+02
-1.1022e+02 -1.0539e+02 -6.7097e+01 -5.0767e+01
-1.1021e+02 -1.0524e+02 -6.5528e+01 -5.0766e+01
# New trial
-1.1062e+02 -1.0942e+02 -1.1604e+02 -5.1482e+02
-1.1054e+02 -1.0861e+02 -9.6364e+01 -1.8018e+02
-1.1036e+02 -1.0678e+02 -7.5331e+01 -5.0810e+01
-1.1026e+02 -1.0580e+02 -7.1763e+01 -1.4625e+02
# New trial
-1.1065e+02 -1.0973e+02 -1.0847e+02 -3.4379e+02
-1.1061e+02 -1.0926e+02 -9.7917e+01 -1.4547e+02
-1.1054e+02 -1.0859e+02 -9.0281e+01 -5.6015e+01
-1.1057e+02 -1.0880e+02 -9.2342e+01 -1.4045e+02
# New trial
-1.1057e+02 -1.0909e+02 -1.2061e+02 -5.4049e+02
-1.1047e+02 -1.0798e+02 -9.7504e+01 -2.9766e+02
-1.1026e+02 -1.0581e+02 -7.1151e+01 -5.1752e+01
-1.1026e+02 -1.0574e+02 -7.0493e+01 -8.4346e+01
# New trial
-1.1048e+02 -1.0841e+02 -1.1678e+02 -4.5973e+02
-1.1025e+02 -1.0592e+02 -8.9955e+01 -2.0233e+02
-1.0982e+02 -1.0146e+02 -5.6889e+01 -5.0774e+01
-1.0986e+02 -1.0181e+02 -5.6888e+01 -5.1833e+01
# New trial
-1.1056e+02 -1.0886e+02 -1.0343e+02 -3.1084e+02
-1.1045e+02 -1.0777e+02 -9.2506e+01 -1.8311e+02
-1.1019e+02 -1.0512e+02 -6.7729e+01 -5.1329e+01
-1.1007e+02 -1.0386e+02 -6.1614e+01 -5.2162e+01
# New trial
-1.1052e+02 -1.0863e+02 -1.1467e+02 -4.3189e+02
-1.1042e+02 -1.0758e+02 -1.0520e+02 -3.4670e+02
-1.1014e+02 -1.0461e+02 -6.5822e+01 -5.1293e+01
-1.1010e+02 -1.0414e+02 -6.2194e+01 -5.0767e+01
# New trial
-1.1059e+02 -1.0933e+02 -1.2874e+02 -5.9355e+02
-1.1045e+02 -1.0773e+02 -8.9903e+01 -1.3723e+02
-1.1019e+02 -1.0503e+02 -6.4416e+01 -5.1777e+01
-1.0999e+02 -1.0309e+02 -6.6586e+01 -1.5773e+02
# New trial
-1.1061e+02 -1.0946e+02 -1.2931e+02 -5.9504e+02
-1.1048e+02 -1.0811e+02 -9.7707e+01 -2.0514e+02
-1.1033e+02 -1.0653e+02 -7.6563e+01 -5.3020e+01
-1.1036e+02 -1.0678e+02 -7.6655e+01 -1.1965e+02
# New trial
-1.1055e+02 -1.0910e+02 -1.5531e+02 -9.4139e+02
-1.1041e+02 -1.0749e+02 -1.0730e+02 -3.8864e+02
-1.1012e+02 -1.0443e+02 -6.2229e+01 -5.0772e+01
-1.1011e+02 -1.0427e+02 -6.2634e+01 -5.1813e+01
# New trial
-1.1062e+02 -1.0955e+02 -1.2397e+02 -5.9321e+02
-1.1056e+02 -1.0884e+02 -1.0270e+02 -2.3006e+02
-1.1039e+02 -1.0706e+02 -7.7880e+01 -5.0849e+01
-1.1032e+02 -1.0630e+02 -7.1079e+01 -5.0766e+01
# New trial
-1.1045e+02 -1.0828e+02 -1.5139e+02 -8.9617e+02
-1.1034e+02 -1.0704e+02 -1.0683e+02 -3.9248e+02
-1.1005e+02 -1.0394e+02 -6.7916e+01 -5.2658e+01
-1.1007e+02 -1.0400e+02 -7.2312e+01 -1.5974e+02
# New trial
-1.1054e+02 -1.0872e+02 -1.0701e+02 -3.0742e+02
-1.1040e+02 -1.0728e+02 -9.2699e+01 -1.7263e+02
-1.1004e+02 -1.0366e+02 -6.3940e+01 -5.0903e+01
-1.1003e+02 -1.0350e+02 -6.1213e+01 -6.3838e+01
# New trial
-1.1056e+02 -1.0882e+02 -1.0485e+02 -3.2124e+02
-1.1046e+02 -1.0792e+02 -9.5512e+01 -2.2208e+02
-1.1024e+02 -1.0561e+02 -6.8834e+01 -5.1062e+01
-1.1024e+02 -1.0555e+02 -6.8610e+01 -5.2815e+01
# New trial
-1.1058e+02 -1.0921e+02 -1.2460e+02 -5.5339e+02
-1.1049e+02 -1.0822e+02 -1.0656e+02 -3.3907e+02
-1.1024e+02 -1.0555e+02 -6.7398e+01 -5.0770e+01
-1.1010e+02 -1.0419e+02 -6.2623e+01 -6.2866e+01
# New trial
-1.1064e+02 -1.0970e+02 -1.2064e+02 -5.4888e+02
-1.1058e+02 -1.0898e+02 -1.0050e+02 -2.3233e+02
-1.1042e+02 -1.0737e+02 -8.0027e+01 -5.2484e+01
-1.1032e+02 -1.0638e+02 -7.2185e+01 -6.1615e+01
# New trial
-1.1050e+02 -1.0846e+02 -1.1927e+02 -5.6811e+02
-1.1037e+02 -1.0702e+02 -9.0020e+01 -1.7197e+02
-1.1028e+02 -1.0609e+02 -7.5035e+01 -5.1475e+01
-1.1049e+02 -1.0803e+02 -8.7833e+01 -1.9738e+02
# New trial
-1.1059e+02 -1.0915e+02 -1.1491e+02 -5.1603e+02
-1.1052e+02 -1.0833e+02 -9.1308e+01 -7.8147e+01
-1.1036e+02 -1.0674e+02 -7.3620e+01 -5.0766e+01
-1.1029e+02 -1.0602e+02 -6.8670e+01 -5.0767e+01
# New trial
-1.1058e+02 -1.0923e+02 -1.2687e+02 -5.5937e+02
-1.1042e+02 -1.0752e+02 -9.8589e+01 -2.6108e+02
-1.1019e+02 -1.0519e+02 -6.6507e+01 -5.0766e+01
-1.1027e+02 -1.0586e+02 -7.0198e+01 -5.0766e+01
# New trial
-1.1056e+02 -1.0913e+02 -1.2259e+02 -4.3844e+02
-1.1039e+02 -1.0725e+02 -9.3678e+01 -2.3926e+02
-1.1003e+02 -1.0353e+02 -5.7766e+01 -5.0767e+01
-1.0982e+02 -1.0140e+02 -5.4489e+01 -5.0766e+01
# New trial
-1.1070e+02 -1.1090e+02 -1.7012e+02 -1.0292e+03
-1.1052e+02 -1.0872e+02 -1.1517e+02 -3.7557e+02
-1.1014e+02 -1.0466e+02 -6.4924e+01 -5.0968e+01
-1.1012e+02 -1.0440e+02 -6.4403e+01 -5.5997e+01
# New trial
-1.1061e+02 -1.0930e+02 -9.9881e+01 -1.7011e+02
-1.1050e+02 -1.0820e+02 -8.8965e+01 -7.0885e+01
-1.1030e+02 -1.0621e+02 -7.2253e+01 -5.1215e+01
-1.1036e+02 -1.0678e+02 -7.4785e+01 -5.0860e+01
# New trial
-1.1055e+02 -1.0880e+02 -1.1748e+02 -5.6108e+02
-1.1050e+02 -1.0821e+02 -9.7124e+01 -2.5345e+02
-1.1034e+02 -1.0662e+02 -7.5534e+01 -5.8113e+01
-1.1030e+02 -1.0616e+02 -7.1490e+01 -5.1149e+01
# New trial
-1.1063e+02 -1.0997e+02 -1.3408e+02 -6.7028e+02
-1.1048e+02 -1.0824e+02 -1.0424e+02 -3.2008e+02
-1.1012e+02 -1.0443e+02 -6.2808e+01 -5.0766e+01
-1.1004e+02 -1.0354e+02 -5.8873e+01 -5.0766e+01
# New trial
-1.1060e+02 -1.0928e+02 -1.1042e+02 -3.4650e+02
-1.1048e+02 -1.0803e+02 -9.2510e+01 -1.5007e+02
-1.1025e+02 -1.0572e+02 -7.0775e+01 -5.1127e+01
-1.1029e+02 -1.0609e+02 -7.1703e+01 -6.7738e+01
# New trial
-1.1055e+02 -1.0882e+02 -1.1139e+02 -4.6468e+02
-1.1049e+02 -1.0813e+02 -9.4761e+01 -2.1965e+02
-1.1031e+02 -1.0626e+02 -7.1155e+01 -5.0845e+01
-1.1022e+02 -1.0537e+02 -6.6110e+01 -5.0766e+01
# New trial
