# 1.0sig - Array shape (trial/sig/alpha): (30, 4, 4)
-1.7073e+02 -1.7045e+02 -1.6893e+02 -2.1073e+02
-1.7070e+02 -1.7021e+02 -1.6580e+02 -1.6291e+02
-1.7064e+02 -1.6955e+02 -1.5960e+02 -1.5257e+02
-1.7053e+02 -1.6850e+02 -1.5433e+02 -1.5286e+02
# New trial
-1.7072e+02 -1.7041e+02 -1.6783e+02 -1.7079e+02
-1.7070e+02 -1.7021e+02 -1.6586e+02 -1.5807e+02
-1.7065e+02 -1.6966e+02 -1.6061e+02 -1.5230e+02
-1.7061e+02 -1.6923e+02 -1.5705e+02 -1.5230e+02
# New trial
-1.7073e+02 -1.7046e+02 -1.6812e+02 -1.8659e+02
-1.7071e+02 -1.7032e+02 -1.6665e+02 -1.6911e+02
-1.7067e+02 -1.6991e+02 -1.6280e+02 -1.5905e+02
-1.7063e+02 -1.6950e+02 -1.5941e+02 -1.5450e+02
# New trial
-1.7073e+02 -1.7043e+02 -1.6855e+02 -2.2051e+02
-1.7071e+02 -1.7028e+02 -1.6671e+02 -1.7367e+02
-1.7067e+02 -1.6983e+02 -1.6227e+02 -1.5273e+02
-1.7062e+02 -1.6938e+02 -1.5879e+02 -1.6206e+02
# New trial
-1.7071e+02 -1.7026e+02 -1.6833e+02 -2.3624e+02
-1.7068e+02 -1.7000e+02 -1.6473e+02 -1.9473e+02
-1.7063e+02 -1.6948e+02 -1.5946e+02 -1.5232e+02
-1.7059e+02 -1.6906e+02 -1.5837e+02 -1.7710e+02
# New trial
-1.7073e+02 -1.7043e+02 -1.6836e+02 -2.2949e+02
-1.7071e+02 -1.7029e+02 -1.6633e+02 -1.6081e+02
-1.7067e+02 -1.6990e+02 -1.6266e+02 -1.5310e+02
-1.7064e+02 -1.6952e+02 -1.5919e+02 -1.5230e+02
# New trial
-1.7074e+02 -1.7059e+02 -1.6954e+02 -2.0912e+02
-1.7073e+02 -1.7049e+02 -1.6812e+02 -1.6265e+02
-1.7071e+02 -1.7026e+02 -1.6584e+02 -1.5231e+02
-1.7068e+02 -1.7001e+02 -1.6342e+02 -1.5230e+02
# New trial
-1.7073e+02 -1.7045e+02 -1.7026e+02 -2.4516e+02
-1.7070e+02 -1.7021e+02 -1.6652e+02 -2.0110e+02
-1.7065e+02 -1.6967e+02 -1.6086e+02 -1.5233e+02
-1.7062e+02 -1.6933e+02 -1.5823e+02 -1.5519e+02
# New trial
-1.7070e+02 -1.7017e+02 -1.6797e+02 -2.3212e+02
-1.7066e+02 -1.6979e+02 -1.6408e+02 -1.9070e+02
-1.7056e+02 -1.6880e+02 -1.5571e+02 -1.5230e+02
-1.7047e+02 -1.6787e+02 -1.5387e+02 -1.5787e+02
# New trial
-1.7072e+02 -1.7041e+02 -1.6808e+02 -2.1454e+02
-1.7070e+02 -1.7021e+02 -1.6608e+02 -1.9525e+02
-1.7065e+02 -1.6965e+02 -1.6051e+02 -1.5230e+02
-1.7059e+02 -1.6905e+02 -1.5592e+02 -1.5230e+02
# New trial
-1.7072e+02 -1.7035e+02 -1.6880e+02 -2.2016e+02
-1.7070e+02 -1.7013e+02 -1.6687e+02 -1.9408e+02
-1.7062e+02 -1.6943e+02 -1.6001e+02 -1.5246e+02
-1.7056e+02 -1.6882e+02 -1.5594e+02 -1.5693e+02
# New trial
-1.7073e+02 -1.7048e+02 -1.6998e+02 -2.2128e+02
-1.7070e+02 -1.7019e+02 -1.6580e+02 -1.7445e+02
-1.7065e+02 -1.6963e+02 -1.6049e+02 -1.5238e+02
-1.7057e+02 -1.6890e+02 -1.5692e+02 -1.6981e+02
# New trial
-1.7073e+02 -1.7051e+02 -1.7008e+02 -2.4542e+02
-1.7071e+02 -1.7025e+02 -1.6659e+02 -1.8028e+02
-1.7067e+02 -1.6984e+02 -1.6258e+02 -1.5426e+02
-1.7066e+02 -1.6973e+02 -1.6123e+02 -1.5632e+02
# New trial
-1.7073e+02 -1.7056e+02 -1.7754e+02 -3.3888e+02
-1.7070e+02 -1.7017e+02 -1.6752e+02 -2.0926e+02
-1.7061e+02 -1.6929e+02 -1.5841e+02 -1.5241e+02
-1.7051e+02 -1.6829e+02 -1.5333e+02 -1.5230e+02
# New trial
-1.7073e+02 -1.7048e+02 -1.6893e+02 -2.4105e+02
-1.7071e+02 -1.7030e+02 -1.6666e+02 -1.6673e+02
-1.7066e+02 -1.6981e+02 -1.6169e+02 -1.5230e+02
-1.7062e+02 -1.6932e+02 -1.5763e+02 -1.5230e+02
# New trial
-1.7072e+02 -1.7045e+02 -1.7561e+02 -3.1333e+02
-1.7068e+02 -1.7003e+02 -1.6776e+02 -2.0801e+02
-1.7058e+02 -1.6902e+02 -1.5672e+02 -1.5230e+02
-1.7054e+02 -1.6853e+02 -1.5459e+02 -1.5232e+02
# New trial
-1.7072e+02 -1.7041e+02 -1.6839e+02 -2.0446e+02
-1.7070e+02 -1.7013e+02 -1.6572e+02 -1.9056e+02
-1.7061e+02 -1.6926e+02 -1.5767e+02 -1.5230e+02
-1.7053e+02 -1.6846e+02 -1.5371e+02 -1.5230e+02
# New trial
-1.7072e+02 -1.7034e+02 -1.6722e+02 -1.7453e+02
-1.7070e+02 -1.7016e+02 -1.6562e+02 -1.6655e+02
-1.7064e+02 -1.6962e+02 -1.6042e+02 -1.5230e+02
-1.7061e+02 -1.6928e+02 -1.5795e+02 -1.5286e+02
# New trial
-1.7073e+02 -1.7049e+02 -1.7114e+02 -2.6632e+02
-1.7071e+02 -1.7027e+02 -1.6765e+02 -2.0502e+02
-1.7064e+02 -1.6961e+02 -1.6067e+02 -1.5291e+02
-1.7057e+02 -1.6887e+02 -1.5582e+02 -1.5561e+02
# New trial
-1.7073e+02 -1.7043e+02 -1.6848e+02 -2.2464e+02
-1.7072e+02 -1.7034e+02 -1.6680e+02 -1.6596e+02
-1.7069e+02 -1.7008e+02 -1.6410e+02 -1.5230e+02
-1.7066e+02 -1.6972e+02 -1.6080e+02 -1.5230e+02
# New trial
-1.7072e+02 -1.7036e+02 -1.6958e+02 -2.3075e+02
-1.7069e+02 -1.7007e+02 -1.6514e+02 -1.6173e+02
-1.7064e+02 -1.6961e+02 -1.6126e+02 -1.5276e+02
-1.7064e+02 -1.6954e+02 -1.6060e+02 -1.6681e+02
# New trial
-1.7073e+02 -1.7049e+02 -1.6929e+02 -2.3445e+02
-1.7072e+02 -1.7035e+02 -1.6684e+02 -1.5830e+02
-1.7069e+02 -1.7003e+02 -1.6375e+02 -1.5253e+02
-1.7065e+02 -1.6962e+02 -1.6043e+02 -1.6561e+02
# New trial
-1.7073e+02 -1.7043e+02 -1.7006e+02 -2.3629e+02
-1.7069e+02 -1.7006e+02 -1.6530e+02 -1.8301e+02
-1.7062e+02 -1.6938e+02 -1.5960e+02 -1.5266e+02
-1.7062e+02 -1.6942e+02 -1.5989e+02 -1.7725e+02
# New trial
-1.7071e+02 -1.7033e+02 -1.6842e+02 -1.8519e+02
-1.7068e+02 -1.6998e+02 -1.6504e+02 -1.7351e+02
-1.7060e+02 -1.6916e+02 -1.5829e+02 -1.5336e+02
-1.7055e+02 -1.6866e+02 -1.5512e+02 -1.5230e+02
# New trial
-1.7072e+02 -1.7047e+02 -1.7554e+02 -3.0043e+02
-1.7068e+02 -1.7000e+02 -1.6543e+02 -1.7470e+02
-1.7059e+02 -1.6912e+02 -1.5672e+02 -1.5230e+02
-1.7052e+02 -1.6840e+02 -1.5376e+02 -1.5230e+02
# New trial
-1.7074e+02 -1.7052e+02 -1.6852e+02 -1.6743e+02
-1.7072e+02 -1.7032e+02 -1.6659e+02 -1.5789e+02
-1.7067e+02 -1.6983e+02 -1.6198e+02 -1.5230e+02
-1.7062e+02 -1.6933e+02 -1.5765e+02 -1.5230e+02
# New trial
-1.7071e+02 -1.7031e+02 -1.6712e+02 -1.9723e+02
-1.7070e+02 -1.7018e+02 -1.6559e+02 -1.6939e+02
-1.7066e+02 -1.6977e+02 -1.6140e+02 -1.5230e+02
-1.7064e+02 -1.6952e+02 -1.5931e+02 -1.5230e+02
# New trial
-1.7070e+02 -1.7024e+02 -1.6889e+02 -2.2369e+02
-1.7068e+02 -1.6994e+02 -1.6507e+02 -1.8416e+02
-1.7061e+02 -1.6932e+02 -1.5867e+02 -1.5239e+02
-1.7058e+02 -1.6899e+02 -1.5594e+02 -1.5230e+02
# New trial
-1.7072e+02 -1.7037e+02 -1.6766e+02 -1.8634e+02
-1.7070e+02 -1.7016e+02 -1.6545e+02 -1.6384e+02
-1.7064e+02 -1.6962e+02 -1.6055e+02 -1.5246e+02
-1.7060e+02 -1.6920e+02 -1.5802e+02 -1.6635e+02
# New trial
-1.7073e+02 -1.7042e+02 -1.6814e+02 -1.9604e+02
-1.7071e+02 -1.7027e+02 -1.6643e+02 -1.7974e+02
-1.7066e+02 -1.6974e+02 -1.6114e+02 -1.5232e+02
-1.7058e+02 -1.6899e+02 -1.5549e+02 -1.5230e+02
# New trial
