# 10.0sig - Array shape (trial/sig/alpha): (30L, 4L, 4L)
-1.1537e+02 -1.1531e+02 -1.1518e+02 -1.4410e+02
-1.1537e+02 -1.1527e+02 -1.1457e+02 -1.2711e+02
-1.1536e+02 -1.1518e+02 -1.1346e+02 -1.1153e+02
-1.1535e+02 -1.1507e+02 -1.1237e+02 -1.0615e+02
# New trial
-1.1539e+02 -1.1553e+02 -1.2207e+02 -2.3655e+02
-1.1538e+02 -1.1541e+02 -1.1882e+02 -1.8682e+02
-1.1535e+02 -1.1514e+02 -1.1411e+02 -1.4296e+02
-1.1532e+02 -1.1481e+02 -1.1018e+02 -1.0615e+02
# New trial
-1.1537e+02 -1.1531e+02 -1.1610e+02 -1.6593e+02
-1.1536e+02 -1.1522e+02 -1.1451e+02 -1.3177e+02
-1.1534e+02 -1.1496e+02 -1.1154e+02 -1.1360e+02
-1.1530e+02 -1.1464e+02 -1.0858e+02 -1.0615e+02
# New trial
-1.1536e+02 -1.1525e+02 -1.1482e+02 -1.4128e+02
-1.1536e+02 -1.1520e+02 -1.1439e+02 -1.3599e+02
-1.1534e+02 -1.1498e+02 -1.1168e+02 -1.0708e+02
-1.1530e+02 -1.1465e+02 -1.0866e+02 -1.0615e+02
# New trial
-1.1537e+02 -1.1535e+02 -1.1779e+02 -1.9239e+02
-1.1536e+02 -1.1525e+02 -1.1511e+02 -1.4656e+02
-1.1535e+02 -1.1511e+02 -1.1302e+02 -1.1057e+02
-1.1533e+02 -1.1493e+02 -1.1103e+02 -1.0615e+02
# New trial
-1.1536e+02 -1.1525e+02 -1.1465e+02 -1.2659e+02
-1.1536e+02 -1.1516e+02 -1.1359e+02 -1.2096e+02
-1.1533e+02 -1.1493e+02 -1.1107e+02 -1.0615e+02
-1.1531e+02 -1.1469e+02 -1.0896e+02 -1.0615e+02
# New trial
-1.1537e+02 -1.1533e+02 -1.1504e+02 -1.2877e+02
-1.1537e+02 -1.1532e+02 -1.1495e+02 -1.3322e+02
-1.1536e+02 -1.1524e+02 -1.1414e+02 -1.2482e+02
-1.1534e+02 -1.1500e+02 -1.1175e+02 -1.0722e+02
# New trial
-1.1537e+02 -1.1535e+02 -1.1688e+02 -1.6479e+02
-1.1537e+02 -1.1529e+02 -1.1595e+02 -1.5516e+02
-1.1535e+02 -1.1512e+02 -1.1350e+02 -1.2584e+02
-1.1533e+02 -1.1493e+02 -1.1115e+02 -1.0620e+02
# New trial
-1.1538e+02 -1.1541e+02 -1.2254e+02 -2.3848e+02
-1.1536e+02 -1.1522e+02 -1.1580e+02 -1.5656e+02
-1.1533e+02 -1.1490e+02 -1.1112e+02 -1.1025e+02
-1.1530e+02 -1.1465e+02 -1.0869e+02 -1.0615e+02
# New trial
-1.1537e+02 -1.1533e+02 -1.1497e+02 -1.2368e+02
-1.1537e+02 -1.1531e+02 -1.1471e+02 -1.1649e+02
-1.1536e+02 -1.1524e+02 -1.1402e+02 -1.1139e+02
-1.1536e+02 -1.1516e+02 -1.1325e+02 -1.0732e+02
# New trial
-1.1540e+02 -1.1563e+02 -1.2167e+02 -2.4175e+02
-1.1538e+02 -1.1543e+02 -1.1867e+02 -2.0868e+02
-1.1536e+02 -1.1519e+02 -1.1491e+02 -1.7243e+02
-1.1532e+02 -1.1484e+02 -1.1082e+02 -1.1767e+02
# New trial
-1.1539e+02 -1.1552e+02 -1.2091e+02 -2.1795e+02
-1.1537e+02 -1.1535e+02 -1.1585e+02 -1.4697e+02
-1.1536e+02 -1.1523e+02 -1.1408e+02 -1.2067e+02
-1.1535e+02 -1.1513e+02 -1.1291e+02 -1.0732e+02
# New trial
-1.1539e+02 -1.1556e+02 -1.1992e+02 -2.0764e+02
-1.1538e+02 -1.1546e+02 -1.1749e+02 -1.6815e+02
-1.1536e+02 -1.1517e+02 -1.1374e+02 -1.2437e+02
-1.1532e+02 -1.1481e+02 -1.1012e+02 -1.0660e+02
# New trial
-1.1539e+02 -1.1549e+02 -1.1744e+02 -1.7504e+02
-1.1538e+02 -1.1544e+02 -1.1650e+02 -1.5232e+02
-1.1537e+02 -1.1527e+02 -1.1466e+02 -1.5055e+02
-1.1535e+02 -1.1511e+02 -1.1279e+02 -1.1789e+02
# New trial
-1.1539e+02 -1.1547e+02 -1.1897e+02 -1.8821e+02
-1.1538e+02 -1.1539e+02 -1.1706e+02 -1.6253e+02
-1.1535e+02 -1.1515e+02 -1.1350e+02 -1.2226e+02
-1.1532e+02 -1.1479e+02 -1.0988e+02 -1.0615e+02
# New trial
-1.1538e+02 -1.1546e+02 -1.2218e+02 -2.3337e+02
-1.1537e+02 -1.1528e+02 -1.1696e+02 -1.6575e+02
-1.1533e+02 -1.1493e+02 -1.1216e+02 -1.1979e+02
-1.1529e+02 -1.1452e+02 -1.0790e+02 -1.0615e+02
# New trial
-1.1538e+02 -1.1538e+02 -1.2111e+02 -2.2654e+02
-1.1536e+02 -1.1525e+02 -1.1546e+02 -1.5846e+02
-1.1534e+02 -1.1500e+02 -1.1214e+02 -1.1308e+02
-1.1530e+02 -1.1463e+02 -1.0853e+02 -1.0615e+02
# New trial
-1.1538e+02 -1.1539e+02 -1.1666e+02 -1.7145e+02
-1.1537e+02 -1.1527e+02 -1.1485e+02 -1.4460e+02
-1.1534e+02 -1.1505e+02 -1.1229e+02 -1.1001e+02
-1.1533e+02 -1.1487e+02 -1.1049e+02 -1.0615e+02
# New trial
-1.1537e+02 -1.1533e+02 -1.1539e+02 -1.4029e+02
-1.1537e+02 -1.1527e+02 -1.1439e+02 -1.1701e+02
-1.1536e+02 -1.1517e+02 -1.1331e+02 -1.0664e+02
-1.1534e+02 -1.1503e+02 -1.1199e+02 -1.0615e+02
# New trial
-1.1538e+02 -1.1540e+02 -1.1952e+02 -2.0419e+02
-1.1536e+02 -1.1524e+02 -1.1518e+02 -1.5091e+02
-1.1533e+02 -1.1493e+02 -1.1116e+02 -1.0615e+02
-1.1530e+02 -1.1465e+02 -1.0866e+02 -1.0615e+02
# New trial
-1.1538e+02 -1.1542e+02 -1.1689e+02 -1.7292e+02
-1.1537e+02 -1.1534e+02 -1.1514e+02 -1.3023e+02
-1.1536e+02 -1.1517e+02 -1.1333e+02 -1.1158e+02
-1.1532e+02 -1.1484e+02 -1.1021e+02 -1.0615e+02
# New trial
-1.1536e+02 -1.1524e+02 -1.1449e+02 -1.3929e+02
-1.1536e+02 -1.1516e+02 -1.1376e+02 -1.3481e+02
-1.1533e+02 -1.1493e+02 -1.1129e+02 -1.0750e+02
-1.1530e+02 -1.1460e+02 -1.0860e+02 -1.0615e+02
# New trial
-1.1538e+02 -1.1545e+02 -1.1695e+02 -1.5170e+02
-1.1538e+02 -1.1539e+02 -1.1626e+02 -1.4960e+02
-1.1536e+02 -1.1520e+02 -1.1403e+02 -1.3245e+02
-1.1533e+02 -1.1493e+02 -1.1103e+02 -1.0615e+02
# New trial
-1.1538e+02 -1.1540e+02 -1.1780e+02 -1.7049e+02
-1.1537e+02 -1.1530e+02 -1.1690e+02 -1.6602e+02
-1.1534e+02 -1.1505e+02 -1.1300e+02 -1.2886e+02
-1.1532e+02 -1.1477e+02 -1.0989e+02 -1.1069e+02
# New trial
-1.1537e+02 -1.1531e+02 -1.1796e+02 -1.8619e+02
-1.1536e+02 -1.1516e+02 -1.1496e+02 -1.4725e+02
-1.1532e+02 -1.1484e+02 -1.1059e+02 -1.0616e+02
-1.1529e+02 -1.1450e+02 -1.0773e+02 -1.0615e+02
# New trial
-1.1539e+02 -1.1559e+02 -1.2373e+02 -2.4071e+02
-1.1537e+02 -1.1529e+02 -1.1788e+02 -1.9454e+02
-1.1532e+02 -1.1482e+02 -1.1120e+02 -1.2502e+02
-1.1527e+02 -1.1428e+02 -1.0709e+02 -1.0615e+02
# New trial
-1.1542e+02 -1.1589e+02 -1.2621e+02 -2.6250e+02
-1.1540e+02 -1.1563e+02 -1.1938e+02 -1.9580e+02
-1.1537e+02 -1.1534e+02 -1.1549e+02 -1.5255e+02
-1.1533e+02 -1.1493e+02 -1.1117e+02 -1.0638e+02
# New trial
-1.1538e+02 -1.1537e+02 -1.1552e+02 -1.4692e+02
-1.1537e+02 -1.1535e+02 -1.1539e+02 -1.4966e+02
-1.1536e+02 -1.1521e+02 -1.1383e+02 -1.1979e+02
-1.1534e+02 -1.1500e+02 -1.1171e+02 -1.0620e+02
# New trial
-1.1538e+02 -1.1538e+02 -1.1958e+02 -2.1495e+02
-1.1537e+02 -1.1528e+02 -1.1600e+02 -1.6254e+02
-1.1534e+02 -1.1501e+02 -1.1231e+02 -1.1145e+02
-1.1531e+02 -1.1472e+02 -1.0925e+02 -1.0615e+02
# New trial
-1.1537e+02 -1.1536e+02 -1.1664e+02 -1.6759e+02
-1.1537e+02 -1.1530e+02 -1.1528e+02 -1.4404e+02
-1.1536e+02 -1.1516e+02 -1.1332e+02 -1.1971e+02
-1.1534e+02 -1.1498e+02 -1.1165e+02 -1.0712e+02
# New trial
