# 1.0sig - Array shape (trial/sig/alpha): (30, 4, 4)
-1.1987e+02 -1.1881e+02 -1.2021e+02 -3.1860e+02
-1.1979e+02 -1.1800e+02 -1.0594e+02 -1.3381e+02
-1.1959e+02 -1.1599e+02 -8.4636e+01 -7.3842e+01
-1.1940e+02 -1.1408e+02 -7.8296e+01 -7.3842e+01
# New trial
-1.1988e+02 -1.1890e+02 -1.1381e+02 -1.9248e+02
-1.1982e+02 -1.1834e+02 -1.0759e+02 -9.3570e+01
-1.1967e+02 -1.1684e+02 -9.4357e+01 -7.4719e+01
-1.1960e+02 -1.1611e+02 -8.8933e+01 -9.1823e+01
# New trial
-1.1987e+02 -1.1884e+02 -1.1319e+02 -2.3768e+02
-1.1982e+02 -1.1834e+02 -1.0672e+02 -9.5110e+01
-1.1968e+02 -1.1691e+02 -9.4413e+01 -7.5386e+01
-1.1954e+02 -1.1548e+02 -8.4631e+01 -8.3184e+01
# New trial
-1.1988e+02 -1.1890e+02 -1.1775e+02 -3.3024e+02
-1.1983e+02 -1.1837e+02 -1.0950e+02 -1.7713e+02
-1.1970e+02 -1.1708e+02 -9.4488e+01 -7.8535e+01
-1.1966e+02 -1.1664e+02 -9.3889e+01 -1.6916e+02
# New trial
-1.1978e+02 -1.1798e+02 -1.1741e+02 -3.5933e+02
-1.1971e+02 -1.1728e+02 -1.0311e+02 -1.8951e+02
-1.1960e+02 -1.1608e+02 -8.8911e+01 -7.4187e+01
-1.1958e+02 -1.1590e+02 -8.7815e+01 -1.1442e+02
# New trial
-1.1989e+02 -1.1897e+02 -1.2014e+02 -3.9719e+02
-1.1984e+02 -1.1849e+02 -1.0848e+02 -1.4976e+02
-1.1971e+02 -1.1716e+02 -9.4983e+01 -7.4223e+01
-1.1960e+02 -1.1604e+02 -8.8988e+01 -1.1921e+02
# New trial
-1.1994e+02 -1.1947e+02 -1.1917e+02 -3.1168e+02
-1.1990e+02 -1.1908e+02 -1.1174e+02 -1.5334e+02
-1.1984e+02 -1.1848e+02 -1.0543e+02 -8.3796e+01
-1.1984e+02 -1.1851e+02 -1.0552e+02 -8.1712e+01
# New trial
-1.1986e+02 -1.1876e+02 -1.2543e+02 -4.1232e+02
-1.1979e+02 -1.1805e+02 -1.1037e+02 -2.2074e+02
-1.1964e+02 -1.1652e+02 -9.1224e+01 -7.3867e+01
-1.1959e+02 -1.1601e+02 -8.7624e+01 -1.0231e+02
# New trial
-1.1977e+02 -1.1799e+02 -1.1907e+02 -3.3541e+02
-1.1963e+02 -1.1647e+02 -1.0189e+02 -2.1564e+02
-1.1931e+02 -1.1327e+02 -7.7419e+01 -7.3842e+01
-1.1923e+02 -1.1245e+02 -7.8578e+01 -8.2046e+01
# New trial
-1.1986e+02 -1.1874e+02 -1.1462e+02 -2.7096e+02
-1.1979e+02 -1.1798e+02 -1.0630e+02 -1.7110e+02
-1.1960e+02 -1.1605e+02 -8.6054e+01 -7.3842e+01
-1.1947e+02 -1.1479e+02 -8.0532e+01 -7.3842e+01
# New trial
-1.1981e+02 -1.1827e+02 -1.1758e+02 -3.1119e+02
-1.1973e+02 -1.1753e+02 -1.1039e+02 -2.6049e+02
-1.1953e+02 -1.1538e+02 -8.3429e+01 -7.3842e+01
-1.1949e+02 -1.1495e+02 -8.1519e+01 -7.3842e+01
# New trial
-1.1988e+02 -1.1900e+02 -1.2889e+02 -4.4412e+02
-1.1978e+02 -1.1795e+02 -1.0455e+02 -1.5876e+02
-1.1959e+02 -1.1596e+02 -8.4243e+01 -7.3842e+01
-1.1939e+02 -1.1398e+02 -7.7590e+01 -7.3842e+01
# New trial
-1.1990e+02 -1.1917e+02 -1.2879e+02 -4.4431e+02
-1.1982e+02 -1.1833e+02 -1.0990e+02 -1.5943e+02
-1.1969e+02 -1.1700e+02 -9.4541e+01 -7.4419e+01
-1.1966e+02 -1.1666e+02 -9.1971e+01 -1.2585e+02
# New trial
-1.1981e+02 -1.1835e+02 -1.4203e+02 -6.5412e+02
-1.1972e+02 -1.1740e+02 -1.1044e+02 -2.9139e+02
-1.1953e+02 -1.1543e+02 -8.6209e+01 -7.5889e+01
-1.1949e+02 -1.1503e+02 -9.1265e+01 -2.0489e+02
# New trial
-1.1992e+02 -1.1932e+02 -1.2733e+02 -4.3737e+02
-1.1985e+02 -1.1865e+02 -1.1258e+02 -1.9691e+02
-1.1971e+02 -1.1722e+02 -9.4782e+01 -7.3949e+01
-1.1963e+02 -1.1637e+02 -8.8021e+01 -7.3854e+01
# New trial
-1.1977e+02 -1.1808e+02 -1.4049e+02 -6.1592e+02
-1.1967e+02 -1.1703e+02 -1.1443e+02 -2.7612e+02
-1.1943e+02 -1.1454e+02 -8.0348e+01 -7.3842e+01
-1.1943e+02 -1.1440e+02 -8.1154e+01 -7.3842e+01
# New trial
-1.1985e+02 -1.1862e+02 -1.1489e+02 -2.5787e+02
-1.1975e+02 -1.1767e+02 -1.0562e+02 -1.6854e+02
-1.1948e+02 -1.1490e+02 -8.1677e+01 -7.3842e+01
-1.1935e+02 -1.1365e+02 -7.8959e+01 -8.9371e+01
# New trial
-1.1986e+02 -1.1871e+02 -1.1347e+02 -2.2870e+02
-1.1980e+02 -1.1810e+02 -1.0794e+02 -1.5371e+02
-1.1964e+02 -1.1648e+02 -9.0957e+01 -7.4224e+01
-1.1961e+02 -1.1617e+02 -9.0499e+01 -1.3006e+02
# New trial
-1.1988e+02 -1.1903e+02 -1.2994e+02 -4.7322e+02
-1.1981e+02 -1.1829e+02 -1.1564e+02 -2.7533e+02
-1.1962e+02 -1.1630e+02 -8.8942e+01 -7.3846e+01
-1.1950e+02 -1.1511e+02 -8.3246e+01 -8.8378e+01
# New trial
-1.1992e+02 -1.1935e+02 -1.2517e+02 -4.1167e+02
-1.1987e+02 -1.1884e+02 -1.1335e+02 -2.2135e+02
-1.1976e+02 -1.1764e+02 -9.8366e+01 -8.0438e+01
-1.1964e+02 -1.1643e+02 -8.8773e+01 -7.6829e+01
# New trial
-1.1984e+02 -1.1859e+02 -1.2662e+02 -4.2813e+02
-1.1974e+02 -1.1756e+02 -1.0528e+02 -1.5916e+02
-1.1964e+02 -1.1648e+02 -9.1999e+01 -7.4054e+01
-1.1973e+02 -1.1741e+02 -9.7660e+01 -1.3874e+02
# New trial
-1.1987e+02 -1.1883e+02 -1.1527e+02 -3.1650e+02
-1.1983e+02 -1.1836e+02 -1.0563e+02 -8.6511e+01
-1.1972e+02 -1.1723e+02 -9.3816e+01 -7.3842e+01
-1.1962e+02 -1.1624e+02 -8.6540e+01 -7.3842e+01
# New trial
-1.1985e+02 -1.1874e+02 -1.2544e+02 -3.9192e+02
-1.1975e+02 -1.1762e+02 -1.0499e+02 -1.5080e+02
-1.1957e+02 -1.1584e+02 -8.6964e+01 -7.3868e+01
-1.1957e+02 -1.1581e+02 -9.1546e+01 -1.8591e+02
# New trial
-1.1983e+02 -1.1857e+02 -1.2079e+02 -2.7580e+02
-1.1972e+02 -1.1740e+02 -1.0474e+02 -1.4399e+02
-1.1946e+02 -1.1477e+02 -8.0008e+01 -7.3842e+01
-1.1932e+02 -1.1332e+02 -7.7339e+01 -7.3842e+01
# New trial
-1.1988e+02 -1.1923e+02 -1.4504e+02 -6.1624e+02
-1.1977e+02 -1.1791e+02 -1.1426e+02 -2.2357e+02
-1.1953e+02 -1.1538e+02 -8.4225e+01 -7.3845e+01
-1.1943e+02 -1.1443e+02 -9.0713e+01 -1.9436e+02
# New trial
-1.1989e+02 -1.1903e+02 -1.1234e+02 -1.3821e+02
-1.1982e+02 -1.1826e+02 -1.0483e+02 -9.5546e+01
-1.1967e+02 -1.1682e+02 -9.2490e+01 -7.5324e+01
-1.1965e+02 -1.1661e+02 -9.3288e+01 -1.6737e+02
# New trial
-1.1985e+02 -1.1866e+02 -1.2068e+02 -3.9555e+02
-1.1980e+02 -1.1810e+02 -1.0869e+02 -1.9893e+02
-1.1967e+02 -1.1676e+02 -9.1467e+01 -7.3842e+01
-1.1962e+02 -1.1626e+02 -8.7554e+01 -7.3842e+01
# New trial
-1.1987e+02 -1.1901e+02 -1.3101e+02 -4.4863e+02
-1.1976e+02 -1.1780e+02 -1.1022e+02 -2.1744e+02
-1.1953e+02 -1.1544e+02 -8.5676e+01 -9.8693e+01
-1.1949e+02 -1.1494e+02 -8.2705e+01 -9.1667e+01
# New trial
-1.1989e+02 -1.1902e+02 -1.1622e+02 -2.5039e+02
-1.1981e+02 -1.1825e+02 -1.0677e+02 -1.2211e+02
-1.1964e+02 -1.1653e+02 -9.2287e+01 -7.5501e+01
-1.1961e+02 -1.1616e+02 -8.8871e+01 -1.0430e+02
# New trial
-1.1983e+02 -1.1841e+02 -1.1044e+02 -2.4210e+02
-1.1979e+02 -1.1803e+02 -1.0534e+02 -1.5607e+02
-1.1967e+02 -1.1679e+02 -9.1471e+01 -7.7525e+01
-1.1960e+02 -1.1609e+02 -8.6325e+01 -7.3842e+01
# New trial
