# 10.0sig - Array shape (trial/sig/alpha): (30, 4, 4)
-1.6606e+02 -1.6537e+02 -1.6791e+02 -6.7238e+02
-1.6603e+02 -1.6505e+02 -1.6097e+02 -5.3396e+02
-1.6592e+02 -1.6395e+02 -1.4563e+02 -1.0798e+02
-1.6575e+02 -1.6224e+02 -1.2786e+02 -5.5175e+01
# New trial
-1.6616e+02 -1.6723e+02 -2.5012e+02 -1.8635e+03
-1.6604e+02 -1.6582e+02 -2.1011e+02 -1.1334e+03
-1.6574e+02 -1.6232e+02 -1.4516e+02 -6.5832e+02
-1.6533e+02 -1.5801e+02 -9.2895e+01 -8.0148e+01
# New trial
-1.6608e+02 -1.6569e+02 -1.8917e+02 -1.0039e+03
-1.6601e+02 -1.6492e+02 -1.7081e+02 -6.3746e+02
-1.6570e+02 -1.6169e+02 -1.2611e+02 -1.2343e+02
-1.6532e+02 -1.5793e+02 -9.0012e+01 -4.9289e+01
# New trial
-1.6598e+02 -1.6456e+02 -1.6354e+02 -5.5126e+02
-1.6594e+02 -1.6419e+02 -1.6122e+02 -5.1427e+02
-1.6569e+02 -1.6170e+02 -1.2872e+02 -2.1442e+02
-1.6535e+02 -1.5819e+02 -9.2790e+01 -6.2693e+01
# New trial
-1.6613e+02 -1.6642e+02 -2.0682e+02 -1.0674e+03
-1.6602e+02 -1.6504e+02 -1.7099e+02 -6.7233e+02
-1.6586e+02 -1.6332e+02 -1.4259e+02 -2.9618e+02
-1.6564e+02 -1.6114e+02 -1.1746e+02 -5.0501e+01
# New trial
-1.6599e+02 -1.6475e+02 -1.6899e+02 -5.8663e+02
-1.6592e+02 -1.6398e+02 -1.5468e+02 -4.0028e+02
-1.6565e+02 -1.6125e+02 -1.2181e+02 -1.2823e+02
-1.6527e+02 -1.5738e+02 -8.7021e+01 -8.8792e+01
# New trial
-1.6608e+02 -1.6559e+02 -1.6933e+02 -7.6299e+02
-1.6606e+02 -1.6532e+02 -1.6366e+02 -5.7941e+02
-1.6594e+02 -1.6416e+02 -1.4831e+02 -2.4290e+02
-1.6577e+02 -1.6237e+02 -1.2925e+02 -7.7811e+01
# New trial
-1.6606e+02 -1.6558e+02 -1.8898e+02 -9.3810e+02
-1.6600e+02 -1.6493e+02 -1.7629e+02 -8.0204e+02
-1.6580e+02 -1.6286e+02 -1.4269e+02 -3.4711e+02
-1.6552e+02 -1.5994e+02 -1.0721e+02 -6.0394e+01
# New trial
-1.6623e+02 -1.6787e+02 -2.8704e+02 -2.2056e+03
-1.6607e+02 -1.6583e+02 -2.0416e+02 -1.1065e+03
-1.6567e+02 -1.6146e+02 -1.2977e+02 -3.3373e+02
-1.6526e+02 -1.5729e+02 -8.7270e+01 -6.1132e+01
# New trial
-1.6605e+02 -1.6526e+02 -1.6062e+02 -3.8027e+02
-1.6601e+02 -1.6482e+02 -1.5446e+02 -2.5549e+02
-1.6591e+02 -1.6383e+02 -1.4413e+02 -2.1886e+02
-1.6581e+02 -1.6279e+02 -1.3339e+02 -8.5547e+01
# New trial
-1.6636e+02 -1.6896e+02 -2.6941e+02 -2.0266e+03
-1.6602e+02 -1.6517e+02 -2.0459e+02 -1.4717e+03
-1.6556e+02 -1.6040e+02 -1.2593e+02 -4.7552e+02
-1.6509e+02 -1.5569e+02 -7.7872e+01 -9.8954e+01
# New trial
-1.6640e+02 -1.6953e+02 -2.7422e+02 -1.7605e+03
-1.6612e+02 -1.6601e+02 -1.7930e+02 -6.3837e+02
-1.6591e+02 -1.6388e+02 -1.4695e+02 -1.7153e+02
-1.6572e+02 -1.6196e+02 -1.2563e+02 -5.0394e+01
# New trial
-1.6607e+02 -1.6581e+02 -2.0794e+02 -1.2492e+03
-1.6599e+02 -1.6495e+02 -1.7933e+02 -7.2108e+02
-1.6575e+02 -1.6234e+02 -1.3805e+02 -3.6079e+02
-1.6538e+02 -1.5860e+02 -9.9591e+01 -1.3263e+02
# New trial
-1.6614e+02 -1.6638e+02 -1.9624e+02 -9.5320e+02
-1.6605e+02 -1.6537e+02 -1.7472e+02 -6.1632e+02
-1.6577e+02 -1.6243e+02 -1.3316e+02 -1.5538e+02
-1.6545e+02 -1.5923e+02 -1.0033e+02 -4.6795e+01
# New trial
-1.6622e+02 -1.6728e+02 -2.2096e+02 -1.2262e+03
-1.6611e+02 -1.6605e+02 -1.9209e+02 -8.4299e+02
-1.6577e+02 -1.6247e+02 -1.3744e+02 -2.6000e+02
-1.6537e+02 -1.5839e+02 -9.3192e+01 -5.5212e+01
# New trial
-1.6633e+02 -1.6915e+02 -2.8875e+02 -2.0548e+03
-1.6611e+02 -1.6642e+02 -2.0717e+02 -1.0163e+03
-1.6564e+02 -1.6135e+02 -1.3901e+02 -4.2191e+02
-1.6509e+02 -1.5564e+02 -7.3989e+01 -5.8499e+01
# New trial
-1.6604e+02 -1.6588e+02 -2.5879e+02 -1.8178e+03
-1.6586e+02 -1.6362e+02 -1.7756e+02 -8.5966e+02
-1.6557e+02 -1.6055e+02 -1.2276e+02 -1.9298e+02
-1.6527e+02 -1.5742e+02 -8.6637e+01 -6.6388e+01
# New trial
-1.6616e+02 -1.6660e+02 -2.0241e+02 -1.0982e+03
-1.6601e+02 -1.6489e+02 -1.6769e+02 -6.8486e+02
-1.6570e+02 -1.6178e+02 -1.3049e+02 -2.7932e+02
-1.6539e+02 -1.5865e+02 -9.7532e+01 -1.0803e+02
# New trial
-1.6609e+02 -1.6567e+02 -1.7384e+02 -7.1076e+02
-1.6602e+02 -1.6495e+02 -1.5815e+02 -3.0042e+02
-1.6590e+02 -1.6373e+02 -1.4335e+02 -8.7126e+01
-1.6572e+02 -1.6195e+02 -1.2493e+02 -4.7216e+01
# New trial
-1.6636e+02 -1.6897e+02 -2.6555e+02 -1.7512e+03
-1.6616e+02 -1.6658e+02 -1.9566e+02 -9.7869e+02
-1.6577e+02 -1.6244e+02 -1.3419e+02 -1.6527e+02
-1.6535e+02 -1.5821e+02 -9.3635e+01 -5.0327e+01
# New trial
-1.6617e+02 -1.6660e+02 -1.9773e+02 -1.0515e+03
-1.6604e+02 -1.6518e+02 -1.6197e+02 -3.3784e+02
-1.6579e+02 -1.6266e+02 -1.3409e+02 -2.1167e+02
-1.6548e+02 -1.5950e+02 -1.0294e+02 -5.4190e+01
# New trial
-1.6598e+02 -1.6460e+02 -1.6138e+02 -5.2024e+02
-1.6594e+02 -1.6422e+02 -1.5891e+02 -5.7888e+02
-1.6572e+02 -1.6194e+02 -1.2954e+02 -2.3166e+02
-1.6537e+02 -1.5847e+02 -9.6758e+01 -4.9243e+01
# New trial
-1.6617e+02 -1.6665e+02 -1.9173e+02 -7.6648e+02
-1.6607e+02 -1.6559e+02 -1.7671e+02 -6.6241e+02
-1.6579e+02 -1.6270e+02 -1.3793e+02 -2.8045e+02
-1.6547e+02 -1.5943e+02 -1.0357e+02 -1.0899e+02
# New trial
-1.6606e+02 -1.6577e+02 -2.0151e+02 -1.0215e+03
-1.6598e+02 -1.6495e+02 -1.9150e+02 -9.5458e+02
-1.6569e+02 -1.6175e+02 -1.3835e+02 -3.7409e+02
-1.6516e+02 -1.5635e+02 -7.7776e+01 -5.7116e+01
# New trial
-1.6620e+02 -1.6746e+02 -2.4061e+02 -1.4841e+03
-1.6602e+02 -1.6537e+02 -2.0073e+02 -1.0725e+03
-1.6561e+02 -1.6086e+02 -1.2269e+02 -1.7909e+02
-1.6518e+02 -1.5655e+02 -7.9918e+01 -5.9815e+01
# New trial
-1.6639e+02 -1.7026e+02 -3.0764e+02 -2.1448e+03
-1.6608e+02 -1.6625e+02 -2.2500e+02 -1.3842e+03
-1.6542e+02 -1.5906e+02 -1.1084e+02 -2.7751e+02
-1.6475e+02 -1.5225e+02 -5.8968e+01 -5.5468e+01
# New trial
-1.6665e+02 -1.7257e+02 -3.1738e+02 -2.2004e+03
-1.6626e+02 -1.6760e+02 -2.0739e+02 -1.1046e+03
-1.6573e+02 -1.6215e+02 -1.4317e+02 -5.7408e+02
-1.6530e+02 -1.5774e+02 -9.5137e+01 -1.6862e+02
# New trial
-1.6602e+02 -1.6491e+02 -1.5889e+02 -3.0857e+02
-1.6596e+02 -1.6438e+02 -1.5417e+02 -3.1187e+02
-1.6578e+02 -1.6258e+02 -1.3326e+02 -1.0897e+02
-1.6554e+02 -1.6009e+02 -1.0840e+02 -5.8264e+01
# New trial
-1.6611e+02 -1.6626e+02 -2.3220e+02 -1.5683e+03
-1.6606e+02 -1.6558e+02 -1.8909e+02 -9.4872e+02
-1.6572e+02 -1.6204e+02 -1.3506e+02 -2.2440e+02
-1.6530e+02 -1.5775e+02 -9.1843e+01 -1.2215e+02
# New trial
-1.6610e+02 -1.6585e+02 -1.9063e+02 -9.6935e+02
-1.6602e+02 -1.6499e+02 -1.6829e+02 -6.4096e+02
-1.6578e+02 -1.6254e+02 -1.3805e+02 -4.7138e+02
-1.6543e+02 -1.5905e+02 -1.0330e+02 -2.1038e+02
# New trial
