# 1.0sig - Array shape (trial/sig/alpha): (30L, 4L, 4L)
-4.1549e+01 -4.1693e+01 -4.5984e+01 -1.1111e+02
-4.1544e+01 -4.1638e+01 -4.4376e+01 -8.9847e+01
-4.1536e+01 -4.1543e+01 -4.2322e+01 -7.0943e+01
-4.1536e+01 -4.1537e+01 -4.1583e+01 -5.1290e+01
# New trial
-4.1519e+01 -4.1407e+01 -4.3271e+01 -8.3788e+01
-4.1524e+01 -4.1437e+01 -4.1836e+01 -5.7088e+01
-4.1534e+01 -4.1522e+01 -4.1906e+01 -6.0269e+01
-4.1536e+01 -4.1532e+01 -4.1552e+01 -4.7148e+01
# New trial
-4.1533e+01 -4.1522e+01 -4.3314e+01 -8.2734e+01
-4.1530e+01 -4.1491e+01 -4.2201e+01 -6.5413e+01
-4.1534e+01 -4.1521e+01 -4.1815e+01 -6.5647e+01
-4.1536e+01 -4.1537e+01 -4.1611e+01 -5.9223e+01
# New trial
-4.1507e+01 -4.1257e+01 -4.0188e+01 -5.5351e+01
-4.1516e+01 -4.1348e+01 -4.0736e+01 -5.0256e+01
-4.1533e+01 -4.1509e+01 -4.1552e+01 -5.3304e+01
-4.1536e+01 -4.1537e+01 -4.1571e+01 -5.1522e+01
# New trial
-4.1548e+01 -4.1708e+01 -4.8560e+01 -1.3791e+02
-4.1544e+01 -4.1638e+01 -4.4612e+01 -9.8819e+01
-4.1537e+01 -4.1555e+01 -4.2350e+01 -7.3722e+01
-4.1536e+01 -4.1532e+01 -4.1528e+01 -4.4782e+01
# New trial
-4.1493e+01 -4.1140e+01 -3.9812e+01 -4.4359e+01
-4.1505e+01 -4.1254e+01 -4.0299e+01 -4.7322e+01
-4.1530e+01 -4.1478e+01 -4.1399e+01 -5.4811e+01
-4.1536e+01 -4.1533e+01 -4.1527e+01 -4.4398e+01
# New trial
-4.1536e+01 -4.1549e+01 -4.3286e+01 -8.5552e+01
-4.1531e+01 -4.1495e+01 -4.1670e+01 -6.0272e+01
-4.1534e+01 -4.1514e+01 -4.1475e+01 -5.0568e+01
-4.1536e+01 -4.1532e+01 -4.1522e+01 -4.3101e+01
# New trial
-4.1530e+01 -4.1483e+01 -4.1982e+01 -6.3998e+01
-4.1527e+01 -4.1451e+01 -4.1318e+01 -5.2631e+01
-4.1532e+01 -4.1501e+01 -4.1580e+01 -6.3070e+01
-4.1536e+01 -4.1537e+01 -4.1620e+01 -5.9967e+01
# New trial
-4.1558e+01 -4.1874e+01 -4.9706e+01 -1.4879e+02
-4.1539e+01 -4.1654e+01 -4.7363e+01 -1.2736e+02
-4.1528e+01 -4.1483e+01 -4.3409e+01 -9.2649e+01
-4.1535e+01 -4.1530e+01 -4.1688e+01 -6.4603e+01
# New trial
-4.1510e+01 -4.1308e+01 -4.1270e+01 -5.6985e+01
-4.1515e+01 -4.1344e+01 -4.0935e+01 -5.0168e+01
-4.1531e+01 -4.1494e+01 -4.1688e+01 -6.4730e+01
-4.1536e+01 -4.1533e+01 -4.1622e+01 -5.9664e+01
# New trial
-4.1515e+01 -4.1414e+01 -4.4722e+01 -9.8023e+01
-4.1517e+01 -4.1392e+01 -4.3291e+01 -8.7001e+01
-4.1530e+01 -4.1488e+01 -4.1847e+01 -6.9757e+01
-4.1536e+01 -4.1532e+01 -4.1521e+01 -4.5078e+01
# New trial
-4.1532e+01 -4.1547e+01 -4.6172e+01 -1.1665e+02
-4.1526e+01 -4.1458e+01 -4.2947e+01 -7.9176e+01
-4.1534e+01 -4.1519e+01 -4.1986e+01 -7.6293e+01
-4.1536e+01 -4.1536e+01 -4.1579e+01 -5.5653e+01
# New trial
-4.1505e+01 -4.1285e+01 -4.3223e+01 -8.3008e+01
-4.1519e+01 -4.1389e+01 -4.1909e+01 -6.5949e+01
-4.1532e+01 -4.1502e+01 -4.1588e+01 -5.4389e+01
-4.1535e+01 -4.1529e+01 -4.1509e+01 -4.1591e+01
# New trial
-4.1567e+01 -4.1940e+01 -5.2988e+01 -1.8730e+02
-4.1556e+01 -4.1793e+01 -4.8029e+01 -1.3055e+02
-4.1534e+01 -4.1528e+01 -4.2404e+01 -7.4135e+01
-4.1535e+01 -4.1530e+01 -4.1527e+01 -4.6344e+01
# New trial
-4.1539e+01 -4.1617e+01 -4.6581e+01 -1.2461e+02
-4.1530e+01 -4.1499e+01 -4.2838e+01 -7.1150e+01
-4.1533e+01 -4.1507e+01 -4.1661e+01 -6.2921e+01
-4.1536e+01 -4.1535e+01 -4.1562e+01 -4.9302e+01
# New trial
-4.1537e+01 -4.1652e+01 -4.8658e+01 -1.3669e+02
-4.1539e+01 -4.1633e+01 -4.5748e+01 -1.0745e+02
-4.1537e+01 -4.1559e+01 -4.2732e+01 -7.5268e+01
-4.1536e+01 -4.1538e+01 -4.1685e+01 -5.6150e+01
# New trial
-4.1539e+01 -4.1631e+01 -4.6629e+01 -1.1673e+02
-4.1525e+01 -4.1464e+01 -4.3381e+01 -8.4283e+01
-4.1524e+01 -4.1430e+01 -4.2739e+01 -8.9978e+01
-4.1534e+01 -4.1523e+01 -4.1535e+01 -5.2878e+01
# New trial
-4.1523e+01 -4.1454e+01 -4.3607e+01 -8.8004e+01
-4.1525e+01 -4.1463e+01 -4.3023e+01 -7.4112e+01
-4.1533e+01 -4.1516e+01 -4.2038e+01 -6.4515e+01
-4.1536e+01 -4.1538e+01 -4.1588e+01 -5.1378e+01
# New trial
-4.1436e+01 -4.0598e+01 -3.8025e+01 -3.6937e+01
-4.1501e+01 -4.1209e+01 -4.0691e+01 -5.5964e+01
-4.1533e+01 -4.1512e+01 -4.1995e+01 -7.3145e+01
-4.1536e+01 -4.1538e+01 -4.1753e+01 -6.9685e+01
# New trial
-4.1555e+01 -4.1745e+01 -4.6079e+01 -1.1142e+02
-4.1552e+01 -4.1713e+01 -4.4838e+01 -9.6592e+01
-4.1539e+01 -4.1571e+01 -4.2245e+01 -6.6330e+01
-4.1536e+01 -4.1535e+01 -4.1624e+01 -6.2047e+01
# New trial
-4.1469e+01 -4.0952e+01 -4.1335e+01 -6.4015e+01
-4.1498e+01 -4.1196e+01 -3.9852e+01 -4.1114e+01
-4.1531e+01 -4.1492e+01 -4.1412e+01 -5.0254e+01
-4.1536e+01 -4.1540e+01 -4.1595e+01 -5.1062e+01
# New trial
-4.1550e+01 -4.1696e+01 -4.6850e+01 -1.2825e+02
-4.1544e+01 -4.1624e+01 -4.3263e+01 -7.7133e+01
-4.1536e+01 -4.1540e+01 -4.1708e+01 -5.0886e+01
-4.1536e+01 -4.1532e+01 -4.1519e+01 -4.1627e+01
# New trial
-4.1559e+01 -4.1851e+01 -5.0218e+01 -1.5360e+02
-4.1537e+01 -4.1589e+01 -4.4545e+01 -9.6322e+01
-4.1533e+01 -4.1512e+01 -4.1816e+01 -6.1857e+01
-4.1535e+01 -4.1532e+01 -4.1563e+01 -4.6026e+01
# New trial
-4.1527e+01 -4.1525e+01 -4.5164e+01 -1.0021e+02
-4.1515e+01 -4.1368e+01 -4.1833e+01 -6.1534e+01
-4.1528e+01 -4.1466e+01 -4.1421e+01 -6.2433e+01
-4.1535e+01 -4.1532e+01 -4.1894e+01 -7.4677e+01
# New trial
-4.1542e+01 -4.1614e+01 -4.5471e+01 -1.1351e+02
-4.1540e+01 -4.1590e+01 -4.3295e+01 -7.9986e+01
-4.1536e+01 -4.1538e+01 -4.1968e+01 -6.5159e+01
-4.1536e+01 -4.1534e+01 -4.1532e+01 -4.3353e+01
# New trial
-4.1510e+01 -4.1292e+01 -4.0617e+01 -5.2951e+01
-4.1522e+01 -4.1401e+01 -4.1008e+01 -5.4054e+01
-4.1533e+01 -4.1511e+01 -4.1636e+01 -6.0944e+01
-4.1536e+01 -4.1533e+01 -4.1530e+01 -4.3281e+01
# New trial
-4.1491e+01 -4.1113e+01 -3.9471e+01 -4.4020e+01
-4.1522e+01 -4.1415e+01 -4.1399e+01 -5.6869e+01
-4.1534e+01 -4.1520e+01 -4.1821e+01 -6.2629e+01
-4.1536e+01 -4.1534e+01 -4.1553e+01 -4.8029e+01
# New trial
-4.1574e+01 -4.2019e+01 -5.3307e+01 -1.8872e+02
-4.1564e+01 -4.1867e+01 -4.8292e+01 -1.3910e+02
-4.1538e+01 -4.1570e+01 -4.2899e+01 -7.9111e+01
-4.1536e+01 -4.1538e+01 -4.1601e+01 -5.0870e+01
# New trial
-4.1501e+01 -4.1241e+01 -4.2801e+01 -7.8570e+01
-4.1506e+01 -4.1256e+01 -4.0136e+01 -4.1022e+01
-4.1529e+01 -4.1476e+01 -4.1506e+01 -6.0368e+01
-4.1536e+01 -4.1533e+01 -4.1569e+01 -4.9623e+01
# New trial
-4.1460e+01 -4.0824e+01 -3.9404e+01 -5.5391e+01
-4.1499e+01 -4.1192e+01 -3.9976e+01 -4.9701e+01
-4.1531e+01 -4.1489e+01 -4.1446e+01 -5.7643e+01
-4.1535e+01 -4.1530e+01 -4.1550e+01 -5.4360e+01
# New trial
