# 1.0sig - Array shape (trial/sig/alpha): (30, 4, 4)
-1.2915e+02 -1.2850e+02 -1.2596e+02 -2.0339e+02
-1.2911e+02 -1.2809e+02 -1.2015e+02 -1.3436e+02
-1.2900e+02 -1.2705e+02 -1.0959e+02 -1.0153e+02
-1.2890e+02 -1.2603e+02 -1.0441e+02 -1.0153e+02
# New trial
-1.2916e+02 -1.2861e+02 -1.2513e+02 -1.5575e+02
-1.2913e+02 -1.2829e+02 -1.2206e+02 -1.2339e+02
-1.2904e+02 -1.2740e+02 -1.1393e+02 -1.0203e+02
-1.2899e+02 -1.2687e+02 -1.0951e+02 -1.0153e+02
# New trial
-1.2916e+02 -1.2861e+02 -1.2483e+02 -1.9119e+02
-1.2913e+02 -1.2832e+02 -1.2146e+02 -1.1506e+02
-1.2905e+02 -1.2749e+02 -1.1350e+02 -1.0158e+02
-1.2896e+02 -1.2656e+02 -1.0685e+02 -1.0153e+02
# New trial
-1.2916e+02 -1.2861e+02 -1.2805e+02 -2.6352e+02
-1.2913e+02 -1.2831e+02 -1.2265e+02 -1.5250e+02
-1.2906e+02 -1.2761e+02 -1.1434e+02 -1.0153e+02
-1.2904e+02 -1.2740e+02 -1.1218e+02 -1.0153e+02
# New trial
-1.2912e+02 -1.2824e+02 -1.2711e+02 -2.6313e+02
-1.2908e+02 -1.2786e+02 -1.1928e+02 -1.5315e+02
-1.2900e+02 -1.2705e+02 -1.1070e+02 -1.0153e+02
-1.2896e+02 -1.2662e+02 -1.0952e+02 -1.3556e+02
# New trial
-1.2917e+02 -1.2867e+02 -1.2604e+02 -2.3228e+02
-1.2914e+02 -1.2841e+02 -1.2232e+02 -1.4142e+02
-1.2906e+02 -1.2761e+02 -1.1463e+02 -1.0184e+02
-1.2898e+02 -1.2678e+02 -1.0790e+02 -1.0153e+02
# New trial
-1.2920e+02 -1.2901e+02 -1.2855e+02 -2.1746e+02
-1.2918e+02 -1.2882e+02 -1.2547e+02 -1.4147e+02
-1.2915e+02 -1.2849e+02 -1.2226e+02 -1.1637e+02
-1.2914e+02 -1.2840e+02 -1.2137e+02 -1.1518e+02
# New trial
-1.2915e+02 -1.2855e+02 -1.2983e+02 -2.6923e+02
-1.2911e+02 -1.2812e+02 -1.2189e+02 -1.9266e+02
-1.2902e+02 -1.2721e+02 -1.1199e+02 -1.0168e+02
-1.2897e+02 -1.2672e+02 -1.0800e+02 -1.0154e+02
# New trial
-1.2912e+02 -1.2824e+02 -1.2692e+02 -2.3217e+02
-1.2905e+02 -1.2751e+02 -1.1938e+02 -1.6280e+02
-1.2887e+02 -1.2576e+02 -1.0697e+02 -1.0166e+02
-1.2875e+02 -1.2451e+02 -1.0273e+02 -1.0153e+02
# New trial
-1.2915e+02 -1.2854e+02 -1.2535e+02 -1.8626e+02
-1.2912e+02 -1.2817e+02 -1.2175e+02 -1.4856e+02
-1.2902e+02 -1.2724e+02 -1.1252e+02 -1.0352e+02
-1.2898e+02 -1.2684e+02 -1.0896e+02 -1.1153e+02
# New trial
-1.2910e+02 -1.2808e+02 -1.2379e+02 -1.9976e+02
-1.2907e+02 -1.2769e+02 -1.1948e+02 -1.5532e+02
-1.2896e+02 -1.2662e+02 -1.0766e+02 -1.0153e+02
-1.2893e+02 -1.2633e+02 -1.1212e+02 -1.8786e+02
# New trial
-1.2915e+02 -1.2858e+02 -1.3036e+02 -2.7786e+02
-1.2910e+02 -1.2805e+02 -1.1947e+02 -1.3655e+02
-1.2901e+02 -1.2706e+02 -1.0970e+02 -1.0153e+02
-1.2891e+02 -1.2607e+02 -1.0479e+02 -1.0153e+02
# New trial
-1.2917e+02 -1.2874e+02 -1.3089e+02 -2.6781e+02
-1.2913e+02 -1.2832e+02 -1.2280e+02 -1.6194e+02
-1.2906e+02 -1.2759e+02 -1.1524e+02 -1.0408e+02
-1.2903e+02 -1.2729e+02 -1.1414e+02 -1.4458e+02
# New trial
-1.2913e+02 -1.2846e+02 -1.4138e+02 -4.0664e+02
-1.2908e+02 -1.2786e+02 -1.2366e+02 -1.8492e+02
-1.2897e+02 -1.2675e+02 -1.0953e+02 -1.0153e+02
-1.2896e+02 -1.2664e+02 -1.0977e+02 -1.2691e+02
# New trial
-1.2918e+02 -1.2880e+02 -1.3019e+02 -2.9353e+02
-1.2915e+02 -1.2851e+02 -1.2461e+02 -1.6724e+02
-1.2908e+02 -1.2775e+02 -1.1592e+02 -1.0320e+02
-1.2903e+02 -1.2725e+02 -1.1143e+02 -1.0153e+02
# New trial
-1.2910e+02 -1.2810e+02 -1.3536e+02 -3.8159e+02
-1.2905e+02 -1.2758e+02 -1.2391e+02 -2.0231e+02
-1.2892e+02 -1.2629e+02 -1.0765e+02 -1.0153e+02
-1.2890e+02 -1.2605e+02 -1.0834e+02 -1.4027e+02
# New trial
-1.2913e+02 -1.2834e+02 -1.2396e+02 -1.8274e+02
-1.2908e+02 -1.2783e+02 -1.1969e+02 -1.6303e+02
-1.2895e+02 -1.2652e+02 -1.0925e+02 -1.0197e+02
-1.2891e+02 -1.2616e+02 -1.0922e+02 -1.3629e+02
# New trial
-1.2914e+02 -1.2846e+02 -1.2458e+02 -1.7475e+02
-1.2911e+02 -1.2812e+02 -1.2167e+02 -1.4621e+02
-1.2903e+02 -1.2728e+02 -1.1289e+02 -1.0233e+02
-1.2903e+02 -1.2725e+02 -1.1173e+02 -1.0505e+02
# New trial
-1.2916e+02 -1.2870e+02 -1.3236e+02 -3.0610e+02
-1.2913e+02 -1.2830e+02 -1.2541e+02 -2.0078e+02
-1.2902e+02 -1.2717e+02 -1.1105e+02 -1.0154e+02
-1.2894e+02 -1.2640e+02 -1.0922e+02 -1.4279e+02
# New trial
-1.2917e+02 -1.2868e+02 -1.2861e+02 -2.5663e+02
-1.2914e+02 -1.2845e+02 -1.2298e+02 -1.5086e+02
-1.2909e+02 -1.2788e+02 -1.1646e+02 -1.0257e+02
-1.2904e+02 -1.2737e+02 -1.1243e+02 -1.0472e+02
# New trial
-1.2914e+02 -1.2842e+02 -1.2996e+02 -2.7879e+02
-1.2908e+02 -1.2783e+02 -1.1899e+02 -1.3077e+02
-1.2902e+02 -1.2719e+02 -1.1340e+02 -1.0230e+02
-1.2908e+02 -1.2782e+02 -1.1752e+02 -1.3079e+02
# New trial
-1.2916e+02 -1.2855e+02 -1.2467e+02 -2.2002e+02
-1.2913e+02 -1.2832e+02 -1.2093e+02 -1.0885e+02
-1.2907e+02 -1.2770e+02 -1.1487e+02 -1.0153e+02
-1.2900e+02 -1.2697e+02 -1.0903e+02 -1.0153e+02
# New trial
-1.2912e+02 -1.2827e+02 -1.2733e+02 -2.4439e+02
-1.2907e+02 -1.2769e+02 -1.1861e+02 -1.5477e+02
-1.2898e+02 -1.2684e+02 -1.0912e+02 -1.0153e+02
-1.2901e+02 -1.2714e+02 -1.1061e+02 -1.0153e+02
# New trial
-1.2915e+02 -1.2857e+02 -1.2850e+02 -1.8933e+02
-1.2908e+02 -1.2786e+02 -1.2077e+02 -1.4025e+02
-1.2893e+02 -1.2628e+02 -1.0624e+02 -1.0153e+02
-1.2881e+02 -1.2515e+02 -1.0371e+02 -1.0153e+02
# New trial
-1.2915e+02 -1.2865e+02 -1.4260e+02 -3.9475e+02
-1.2908e+02 -1.2789e+02 -1.2247e+02 -1.5815e+02
-1.2895e+02 -1.2657e+02 -1.0841e+02 -1.0153e+02
-1.2889e+02 -1.2586e+02 -1.0493e+02 -1.0153e+02
# New trial
-1.2917e+02 -1.2870e+02 -1.2451e+02 -1.2483e+02
-1.2913e+02 -1.2832e+02 -1.2087e+02 -1.1081e+02
-1.2904e+02 -1.2743e+02 -1.1309e+02 -1.0165e+02
-1.2898e+02 -1.2681e+02 -1.0816e+02 -1.0241e+02
# New trial
-1.2914e+02 -1.2846e+02 -1.2697e+02 -2.4265e+02
-1.2912e+02 -1.2818e+02 -1.2178e+02 -1.4290e+02
-1.2905e+02 -1.2751e+02 -1.1477e+02 -1.0189e+02
-1.2902e+02 -1.2722e+02 -1.1210e+02 -1.1486e+02
# New trial
-1.2917e+02 -1.2883e+02 -1.3511e+02 -3.1377e+02
-1.2911e+02 -1.2815e+02 -1.2443e+02 -2.1447e+02
-1.2898e+02 -1.2678e+02 -1.1228e+02 -1.5023e+02
-1.2891e+02 -1.2609e+02 -1.1987e+02 -2.7088e+02
# New trial
-1.2917e+02 -1.2867e+02 -1.2598e+02 -1.7306e+02
-1.2912e+02 -1.2823e+02 -1.2096e+02 -1.3665e+02
-1.2902e+02 -1.2724e+02 -1.1234e+02 -1.0161e+02
-1.2900e+02 -1.2695e+02 -1.0970e+02 -1.0710e+02
# New trial
-1.2915e+02 -1.2847e+02 -1.2462e+02 -2.1113e+02
-1.2912e+02 -1.2822e+02 -1.2068e+02 -1.3076e+02
-1.2905e+02 -1.2751e+02 -1.1353e+02 -1.0459e+02
-1.2901e+02 -1.2706e+02 -1.1025e+02 -1.0153e+02
# New trial
