# 1.0sig - Array shape (trial/sig/alpha): (30, 4, 4)
-1.3376e+02 -1.3312e+02 -1.3122e+02 -2.0371e+02
-1.3372e+02 -1.3270e+02 -1.2464e+02 -1.2765e+02
-1.3362e+02 -1.3170e+02 -1.1471e+02 -1.0615e+02
-1.3353e+02 -1.3075e+02 -1.0954e+02 -1.0615e+02
# New trial
-1.3377e+02 -1.3321e+02 -1.2939e+02 -1.5294e+02
-1.3374e+02 -1.3290e+02 -1.2634e+02 -1.1910e+02
-1.3366e+02 -1.3203e+02 -1.1769e+02 -1.0615e+02
-1.3361e+02 -1.3154e+02 -1.1392e+02 -1.0615e+02
# New trial
-1.3378e+02 -1.3330e+02 -1.2989e+02 -1.9191e+02
-1.3376e+02 -1.3304e+02 -1.2679e+02 -1.1448e+02
-1.3368e+02 -1.3223e+02 -1.1914e+02 -1.0615e+02
-1.3359e+02 -1.3140e+02 -1.1273e+02 -1.0615e+02
# New trial
-1.3377e+02 -1.3317e+02 -1.2934e+02 -2.3238e+02
-1.3374e+02 -1.3288e+02 -1.2592e+02 -1.4105e+02
-1.3368e+02 -1.3223e+02 -1.1952e+02 -1.0643e+02
-1.3366e+02 -1.3208e+02 -1.1810e+02 -1.1051e+02
# New trial
-1.3374e+02 -1.3293e+02 -1.3211e+02 -2.6024e+02
-1.3370e+02 -1.3250e+02 -1.2413e+02 -1.7783e+02
-1.3363e+02 -1.3174e+02 -1.1555e+02 -1.0615e+02
-1.3360e+02 -1.3142e+02 -1.1448e+02 -1.2801e+02
# New trial
-1.3378e+02 -1.3329e+02 -1.3250e+02 -2.6501e+02
-1.3376e+02 -1.3302e+02 -1.2711e+02 -1.4981e+02
-1.3369e+02 -1.3232e+02 -1.2006e+02 -1.0692e+02
-1.3362e+02 -1.3166e+02 -1.1555e+02 -1.2712e+02
# New trial
-1.3382e+02 -1.3368e+02 -1.3391e+02 -2.1435e+02
-1.3380e+02 -1.3349e+02 -1.3072e+02 -1.5350e+02
-1.3377e+02 -1.3314e+02 -1.2716e+02 -1.1767e+02
-1.3375e+02 -1.3298e+02 -1.2564e+02 -1.3110e+02
# New trial
-1.3377e+02 -1.3319e+02 -1.3317e+02 -2.7203e+02
-1.3373e+02 -1.3279e+02 -1.2615e+02 -1.8326e+02
-1.3364e+02 -1.3187e+02 -1.1704e+02 -1.0625e+02
-1.3358e+02 -1.3129e+02 -1.1234e+02 -1.0615e+02
# New trial
-1.3372e+02 -1.3275e+02 -1.3067e+02 -2.1252e+02
-1.3365e+02 -1.3201e+02 -1.2296e+02 -1.6350e+02
-1.3349e+02 -1.3038e+02 -1.1101e+02 -1.0694e+02
-1.3340e+02 -1.2954e+02 -1.0909e+02 -1.1430e+02
# New trial
-1.3377e+02 -1.3314e+02 -1.2849e+02 -1.5359e+02
-1.3373e+02 -1.3276e+02 -1.2462e+02 -1.2452e+02
-1.3363e+02 -1.3181e+02 -1.1591e+02 -1.0615e+02
-1.3357e+02 -1.3119e+02 -1.1310e+02 -1.2208e+02
# New trial
-1.3374e+02 -1.3285e+02 -1.2873e+02 -2.0602e+02
-1.3370e+02 -1.3244e+02 -1.2450e+02 -1.7847e+02
-1.3358e+02 -1.3129e+02 -1.1282e+02 -1.0615e+02
-1.3353e+02 -1.3075e+02 -1.1023e+02 -1.0615e+02
# New trial
-1.3377e+02 -1.3320e+02 -1.3433e+02 -2.6469e+02
-1.3372e+02 -1.3270e+02 -1.2502e+02 -1.4693e+02
-1.3363e+02 -1.3175e+02 -1.1560e+02 -1.0665e+02
-1.3354e+02 -1.3090e+02 -1.1074e+02 -1.0623e+02
# New trial
-1.3380e+02 -1.3349e+02 -1.3687e+02 -3.0187e+02
-1.3375e+02 -1.3298e+02 -1.2770e+02 -1.6336e+02
-1.3367e+02 -1.3221e+02 -1.1894e+02 -1.0617e+02
-1.3365e+02 -1.3193e+02 -1.1737e+02 -1.3931e+02
# New trial
-1.3376e+02 -1.3322e+02 -1.4576e+02 -4.0025e+02
-1.3370e+02 -1.3253e+02 -1.2775e+02 -1.8469e+02
-1.3359e+02 -1.3135e+02 -1.1462e+02 -1.0943e+02
-1.3356e+02 -1.3106e+02 -1.2115e+02 -2.3911e+02
# New trial
-1.3379e+02 -1.3334e+02 -1.3310e+02 -2.8110e+02
-1.3376e+02 -1.3306e+02 -1.2781e+02 -1.3821e+02
-1.3369e+02 -1.3231e+02 -1.1982e+02 -1.0616e+02
-1.3363e+02 -1.3175e+02 -1.1518e+02 -1.0624e+02
# New trial
-1.3376e+02 -1.3317e+02 -1.4333e+02 -3.9487e+02
-1.3370e+02 -1.3252e+02 -1.2855e+02 -1.9093e+02
-1.3356e+02 -1.3114e+02 -1.1486e+02 -1.0660e+02
-1.3357e+02 -1.3120e+02 -1.1584e+02 -1.5102e+02
# New trial
-1.3375e+02 -1.3297e+02 -1.2825e+02 -1.7093e+02
-1.3370e+02 -1.3248e+02 -1.2356e+02 -1.5301e+02
-1.3357e+02 -1.3121e+02 -1.1270e+02 -1.0617e+02
-1.3353e+02 -1.3080e+02 -1.1096e+02 -1.0991e+02
# New trial
-1.3377e+02 -1.3315e+02 -1.2912e+02 -1.6527e+02
-1.3373e+02 -1.3281e+02 -1.2602e+02 -1.2900e+02
-1.3364e+02 -1.3192e+02 -1.1774e+02 -1.1102e+02
-1.3363e+02 -1.3174e+02 -1.1742e+02 -1.5437e+02
# New trial
-1.3377e+02 -1.3321e+02 -1.3554e+02 -2.8222e+02
-1.3373e+02 -1.3284e+02 -1.2882e+02 -1.9441e+02
-1.3364e+02 -1.3186e+02 -1.1694e+02 -1.0732e+02
-1.3357e+02 -1.3119e+02 -1.1232e+02 -1.0615e+02
# New trial
-1.3378e+02 -1.3328e+02 -1.3252e+02 -2.5297e+02
-1.3376e+02 -1.3307e+02 -1.2741e+02 -1.5286e+02
-1.3371e+02 -1.3252e+02 -1.2125e+02 -1.0615e+02
-1.3365e+02 -1.3200e+02 -1.1669e+02 -1.0615e+02
# New trial
-1.3376e+02 -1.3307e+02 -1.3275e+02 -2.6364e+02
-1.3371e+02 -1.3255e+02 -1.2414e+02 -1.2243e+02
-1.3364e+02 -1.3190e+02 -1.1775e+02 -1.0620e+02
-1.3370e+02 -1.3244e+02 -1.2134e+02 -1.3948e+02
# New trial
-1.3377e+02 -1.3321e+02 -1.3166e+02 -2.5692e+02
-1.3375e+02 -1.3295e+02 -1.2555e+02 -1.0929e+02
-1.3369e+02 -1.3234e+02 -1.1966e+02 -1.0667e+02
-1.3362e+02 -1.3162e+02 -1.1498e+02 -1.2051e+02
# New trial
-1.3375e+02 -1.3303e+02 -1.3277e+02 -2.3401e+02
-1.3369e+02 -1.3242e+02 -1.2382e+02 -1.5364e+02
-1.3360e+02 -1.3153e+02 -1.1564e+02 -1.0639e+02
-1.3361e+02 -1.3162e+02 -1.1471e+02 -1.0615e+02
# New trial
-1.3377e+02 -1.3319e+02 -1.3234e+02 -1.7934e+02
-1.3370e+02 -1.3248e+02 -1.2485e+02 -1.4051e+02
-1.3356e+02 -1.3109e+02 -1.1416e+02 -1.1679e+02
-1.3349e+02 -1.3038e+02 -1.2022e+02 -2.1906e+02
# New trial
-1.3378e+02 -1.3337e+02 -1.4553e+02 -3.8857e+02
-1.3371e+02 -1.3261e+02 -1.2773e+02 -1.6010e+02
-1.3358e+02 -1.3124e+02 -1.1339e+02 -1.0615e+02
-1.3350e+02 -1.3047e+02 -1.0929e+02 -1.0615e+02
# New trial
-1.3379e+02 -1.3339e+02 -1.2993e+02 -1.3833e+02
-1.3375e+02 -1.3299e+02 -1.2599e+02 -1.1112e+02
-1.3366e+02 -1.3209e+02 -1.1798e+02 -1.0615e+02
-1.3361e+02 -1.3156e+02 -1.1349e+02 -1.0615e+02
# New trial
-1.3376e+02 -1.3305e+02 -1.3076e+02 -2.7726e+02
-1.3373e+02 -1.3278e+02 -1.2582e+02 -1.4979e+02
-1.3366e+02 -1.3207e+02 -1.1830e+02 -1.0618e+02
-1.3361e+02 -1.3159e+02 -1.1569e+02 -1.3035e+02
# New trial
-1.3377e+02 -1.3328e+02 -1.3778e+02 -3.1535e+02
-1.3372e+02 -1.3272e+02 -1.2911e+02 -2.2306e+02
-1.3360e+02 -1.3146e+02 -1.1473e+02 -1.2626e+02
-1.3351e+02 -1.3059e+02 -1.1556e+02 -1.8098e+02
# New trial
-1.3378e+02 -1.3332e+02 -1.3074e+02 -1.9224e+02
-1.3375e+02 -1.3296e+02 -1.2686e+02 -1.5279e+02
-1.3365e+02 -1.3198e+02 -1.1854e+02 -1.0740e+02
-1.3359e+02 -1.3133e+02 -1.1239e+02 -1.0615e+02
# New trial
-1.3378e+02 -1.3323e+02 -1.3083e+02 -2.2982e+02
-1.3375e+02 -1.3297e+02 -1.2689e+02 -1.5348e+02
-1.3367e+02 -1.3222e+02 -1.1980e+02 -1.1599e+02
-1.3361e+02 -1.3159e+02 -1.1828e+02 -1.7965e+02
# New trial
