# 10.0sig - Array shape (trial/sig/alpha): (30, 4, 4)
-1.4294e+02 -1.4188e+02 -1.4315e+02 -6.4221e+02
-1.4294e+02 -1.4188e+02 -1.3753e+02 -4.0674e+02
-1.4288e+02 -1.4124e+02 -1.2658e+02 -1.3345e+02
-1.4275e+02 -1.3988e+02 -1.1187e+02 -6.0398e+01
# New trial
-1.4315e+02 -1.4523e+02 -2.6216e+02 -1.9805e+03
-1.4302e+02 -1.4354e+02 -2.0175e+02 -1.1840e+03
-1.4273e+02 -1.3997e+02 -1.2914e+02 -4.8897e+02
-1.4239e+02 -1.3632e+02 -8.1512e+01 -7.9199e+01
# New trial
-1.4297e+02 -1.4220e+02 -1.5660e+02 -8.4357e+02
-1.4293e+02 -1.4185e+02 -1.5022e+02 -7.3372e+02
-1.4269e+02 -1.3932e+02 -1.1660e+02 -3.9426e+02
-1.4237e+02 -1.3608e+02 -8.2492e+01 -1.6476e+02
# New trial
-1.4292e+02 -1.4167e+02 -1.4285e+02 -6.3382e+02
-1.4289e+02 -1.4144e+02 -1.4128e+02 -5.4946e+02
-1.4269e+02 -1.3935e+02 -1.1401e+02 -3.7579e+02
-1.4239e+02 -1.3628e+02 -8.1692e+01 -1.1101e+02
# New trial
-1.4302e+02 -1.4327e+02 -2.0656e+02 -1.4250e+03
-1.4292e+02 -1.4182e+02 -1.4946e+02 -5.9335e+02
-1.4281e+02 -1.4052e+02 -1.2229e+02 -1.8651e+02
-1.4264e+02 -1.3878e+02 -1.0274e+02 -1.1374e+02
# New trial
-1.4292e+02 -1.4188e+02 -1.5707e+02 -6.5677e+02
-1.4285e+02 -1.4108e+02 -1.3921e+02 -5.0732e+02
-1.4263e+02 -1.3874e+02 -1.0512e+02 -1.7481e+02
-1.4232e+02 -1.3559e+02 -7.5292e+01 -5.0073e+01
# New trial
-1.4295e+02 -1.4191e+02 -1.3966e+02 -5.9729e+02
-1.4295e+02 -1.4191e+02 -1.3789e+02 -4.8924e+02
-1.4289e+02 -1.4128e+02 -1.2785e+02 -2.8156e+02
-1.4275e+02 -1.3993e+02 -1.1281e+02 -9.8362e+01
# New trial
-1.4283e+02 -1.4101e+02 -1.5885e+02 -8.8872e+02
-1.4284e+02 -1.4105e+02 -1.4737e+02 -7.5449e+02
-1.4275e+02 -1.4003e+02 -1.2244e+02 -3.3897e+02
-1.4256e+02 -1.3804e+02 -9.4796e+01 -6.6352e+01
# New trial
-1.4325e+02 -1.4606e+02 -2.8610e+02 -2.2509e+03
-1.4309e+02 -1.4388e+02 -2.0242e+02 -1.2158e+03
-1.4270e+02 -1.3953e+02 -1.2003e+02 -4.6403e+02
-1.4231e+02 -1.3547e+02 -7.6563e+01 -9.9731e+01
# New trial
-1.4297e+02 -1.4213e+02 -1.3842e+02 -3.8184e+02
-1.4294e+02 -1.4176e+02 -1.3270e+02 -2.3327e+02
-1.4286e+02 -1.4102e+02 -1.2437e+02 -1.9570e+02
-1.4281e+02 -1.4045e+02 -1.1762e+02 -9.6916e+01
# New trial
-1.4328e+02 -1.4581e+02 -2.3521e+02 -1.8390e+03
-1.4295e+02 -1.4219e+02 -1.9081e+02 -1.5288e+03
-1.4257e+02 -1.3822e+02 -1.1617e+02 -4.9974e+02
-1.4222e+02 -1.3460e+02 -7.7571e+01 -2.3893e+02
# New trial
-1.4322e+02 -1.4542e+02 -2.4520e+02 -1.7488e+03
-1.4301e+02 -1.4264e+02 -1.5459e+02 -5.4614e+02
-1.4288e+02 -1.4120e+02 -1.2854e+02 -2.5657e+02
-1.4274e+02 -1.3975e+02 -1.1130e+02 -1.1759e+02
# New trial
-1.4299e+02 -1.4289e+02 -1.9473e+02 -1.2180e+03
-1.4296e+02 -1.4237e+02 -1.6631e+02 -8.3131e+02
-1.4276e+02 -1.4006e+02 -1.2183e+02 -2.4658e+02
-1.4245e+02 -1.3691e+02 -8.9975e+01 -2.0749e+02
# New trial
-1.4305e+02 -1.4324e+02 -1.7467e+02 -8.9060e+02
-1.4301e+02 -1.4263e+02 -1.5719e+02 -6.6520e+02
-1.4277e+02 -1.4014e+02 -1.2245e+02 -4.4152e+02
-1.4251e+02 -1.3747e+02 -9.1467e+01 -1.2486e+02
# New trial
-1.4307e+02 -1.4361e+02 -2.0014e+02 -1.1707e+03
-1.4298e+02 -1.4251e+02 -1.7169e+02 -8.6063e+02
-1.4272e+02 -1.3961e+02 -1.1631e+02 -2.9724e+02
-1.4240e+02 -1.3641e+02 -8.1720e+01 -8.5398e+01
# New trial
-1.4317e+02 -1.4544e+02 -2.6893e+02 -2.0354e+03
-1.4299e+02 -1.4297e+02 -1.8426e+02 -1.0666e+03
-1.4260e+02 -1.3867e+02 -1.2099e+02 -5.0081e+02
-1.4215e+02 -1.3399e+02 -6.8115e+01 -1.6016e+02
# New trial
-1.4303e+02 -1.4354e+02 -2.4542e+02 -1.8410e+03
-1.4287e+02 -1.4145e+02 -1.6455e+02 -9.1372e+02
-1.4260e+02 -1.3847e+02 -1.1203e+02 -3.9123e+02
-1.4232e+02 -1.3557e+02 -7.4319e+01 -7.2128e+01
# New trial
-1.4317e+02 -1.4440e+02 -1.9313e+02 -1.2160e+03
-1.4301e+02 -1.4272e+02 -1.5958e+02 -8.2180e+02
-1.4271e+02 -1.3961e+02 -1.2355e+02 -4.5978e+02
-1.4247e+02 -1.3712e+02 -9.2778e+01 -2.7752e+02
# New trial
-1.4308e+02 -1.4327e+02 -1.5806e+02 -7.6082e+02
-1.4301e+02 -1.4248e+02 -1.4178e+02 -3.4199e+02
-1.4288e+02 -1.4116e+02 -1.2515e+02 -1.1784e+02
-1.4272e+02 -1.3959e+02 -1.0898e+02 -4.6927e+01
# New trial
-1.4330e+02 -1.4606e+02 -2.4223e+02 -1.8466e+03
-1.4313e+02 -1.4393e+02 -1.8068e+02 -1.1172e+03
-1.4275e+02 -1.3999e+02 -1.2101e+02 -4.0247e+02
-1.4241e+02 -1.3651e+02 -8.3986e+01 -1.0184e+02
# New trial
-1.4313e+02 -1.4397e+02 -1.8720e+02 -1.1165e+03
-1.4299e+02 -1.4233e+02 -1.4548e+02 -5.4631e+02
-1.4277e+02 -1.4007e+02 -1.1694e+02 -2.0784e+02
-1.4250e+02 -1.3737e+02 -8.9368e+01 -7.5750e+01
# New trial
-1.4294e+02 -1.4187e+02 -1.4182e+02 -5.9691e+02
-1.4293e+02 -1.4177e+02 -1.4304e+02 -5.9231e+02
-1.4276e+02 -1.4002e+02 -1.1928e+02 -4.3441e+02
-1.4248e+02 -1.3720e+02 -9.0521e+01 -1.3276e+02
# New trial
-1.4308e+02 -1.4347e+02 -1.7073e+02 -7.6338e+02
-1.4298e+02 -1.4241e+02 -1.5512e+02 -6.3074e+02
-1.4275e+02 -1.3996e+02 -1.1785e+02 -1.7947e+02
-1.4248e+02 -1.3718e+02 -8.7438e+01 -6.6801e+01
# New trial
-1.4297e+02 -1.4250e+02 -1.7715e+02 -9.6521e+02
-1.4287e+02 -1.4150e+02 -1.6486e+02 -8.9165e+02
-1.4264e+02 -1.3898e+02 -1.1659e+02 -3.1601e+02
-1.4228e+02 -1.3517e+02 -7.3902e+01 -9.1966e+01
# New trial
-1.4317e+02 -1.4489e+02 -2.2132e+02 -1.4514e+03
-1.4301e+02 -1.4291e+02 -1.7523e+02 -9.2580e+02
-1.4265e+02 -1.3897e+02 -1.0930e+02 -1.9840e+02
-1.4227e+02 -1.3512e+02 -7.2184e+01 -5.4095e+01
# New trial
-1.4303e+02 -1.4449e+02 -2.7093e+02 -1.9998e+03
-1.4292e+02 -1.4257e+02 -2.1048e+02 -1.4095e+03
-1.4243e+02 -1.3692e+02 -9.9077e+01 -2.4443e+02
-1.4186e+02 -1.3108e+02 -5.2992e+01 -1.2293e+02
# New trial
-1.4349e+02 -1.4903e+02 -3.1251e+02 -2.4203e+03
-1.4316e+02 -1.4454e+02 -1.9681e+02 -1.2029e+03
-1.4270e+02 -1.3950e+02 -1.2618e+02 -6.6434e+02
-1.4234e+02 -1.3579e+02 -8.3508e+01 -2.3763e+02
# New trial
-1.4297e+02 -1.4217e+02 -1.4644e+02 -5.3392e+02
-1.4291e+02 -1.4162e+02 -1.3794e+02 -4.6484e+02
-1.4275e+02 -1.3995e+02 -1.1681e+02 -2.5609e+02
-1.4255e+02 -1.3789e+02 -9.3959e+01 -5.9046e+01
# New trial
-1.4299e+02 -1.4273e+02 -2.0356e+02 -1.5678e+03
-1.4295e+02 -1.4219e+02 -1.6340e+02 -8.4290e+02
-1.4271e+02 -1.3964e+02 -1.2019e+02 -3.0974e+02
-1.4235e+02 -1.3596e+02 -7.9852e+01 -1.2973e+02
# New trial
-1.4299e+02 -1.4250e+02 -1.6702e+02 -9.5762e+02
-1.4292e+02 -1.4172e+02 -1.4522e+02 -5.6307e+02
-1.4271e+02 -1.3954e+02 -1.1259e+02 -2.2623e+02
-1.4243e+02 -1.3671e+02 -8.5443e+01 -4.8700e+01
# New trial
