# 1.0sig - Array shape (trial/sig/alpha): (30L, 4L, 4L)
-1.1527e+02 -1.1436e+02 -1.1308e+02 -2.5654e+02
-1.1521e+02 -1.1373e+02 -1.0303e+02 -1.2153e+02
-1.1506e+02 -1.1224e+02 -8.7715e+01 -7.8457e+01
-1.1494e+02 -1.1104e+02 -8.2874e+01 -7.8457e+01
# New trial
-1.1529e+02 -1.1451e+02 -1.1090e+02 -1.7758e+02
-1.1524e+02 -1.1405e+02 -1.0568e+02 -1.0919e+02
-1.1512e+02 -1.1282e+02 -9.4168e+01 -7.8586e+01
-1.1507e+02 -1.1230e+02 -8.8884e+01 -7.8463e+01
# New trial
-1.1527e+02 -1.1436e+02 -1.0816e+02 -1.9084e+02
-1.1524e+02 -1.1397e+02 -1.0346e+02 -8.6511e+01
-1.1512e+02 -1.1286e+02 -9.3512e+01 -7.8538e+01
-1.1502e+02 -1.1183e+02 -8.7303e+01 -9.9402e+01
# New trial
-1.1529e+02 -1.1450e+02 -1.1309e+02 -2.7442e+02
-1.1524e+02 -1.1408e+02 -1.0763e+02 -1.6006e+02
-1.1514e+02 -1.1306e+02 -9.5250e+01 -7.8461e+01
-1.1511e+02 -1.1269e+02 -9.1348e+01 -7.8462e+01
# New trial
-1.1522e+02 -1.1386e+02 -1.1488e+02 -3.0149e+02
-1.1515e+02 -1.1320e+02 -1.0147e+02 -1.8304e+02
-1.1506e+02 -1.1223e+02 -8.9475e+01 -7.8584e+01
-1.1506e+02 -1.1219e+02 -9.1320e+01 -1.4242e+02
# New trial
-1.1529e+02 -1.1451e+02 -1.1314e+02 -3.2369e+02
-1.1525e+02 -1.1414e+02 -1.0538e+02 -1.3545e+02
-1.1515e+02 -1.1312e+02 -9.5441e+01 -7.8933e+01
-1.1507e+02 -1.1232e+02 -8.9429e+01 -7.8929e+01
# New trial
-1.1533e+02 -1.1490e+02 -1.1336e+02 -2.2345e+02
-1.1530e+02 -1.1459e+02 -1.0806e+02 -9.8403e+01
-1.1525e+02 -1.1406e+02 -1.0275e+02 -8.0811e+01
-1.1524e+02 -1.1397e+02 -1.0188e+02 -9.2319e+01
# New trial
-1.1526e+02 -1.1427e+02 -1.1806e+02 -3.4255e+02
-1.1520e+02 -1.1361e+02 -1.0406e+02 -1.9315e+02
-1.1508e+02 -1.1238e+02 -8.9758e+01 -7.8457e+01
-1.1505e+02 -1.1213e+02 -8.7704e+01 -7.8457e+01
# New trial
-1.1523e+02 -1.1408e+02 -1.1779e+02 -2.9968e+02
-1.1511e+02 -1.1284e+02 -1.0388e+02 -2.1910e+02
-1.1485e+02 -1.1013e+02 -8.0433e+01 -7.8457e+01
-1.1474e+02 -1.0907e+02 -7.9614e+01 -7.8457e+01
# New trial
-1.1526e+02 -1.1423e+02 -1.0936e+02 -2.2301e+02
-1.1520e+02 -1.1366e+02 -1.0378e+02 -1.7148e+02
-1.1506e+02 -1.1223e+02 -8.9429e+01 -7.9244e+01
-1.1498e+02 -1.1139e+02 -8.4514e+01 -7.8457e+01
# New trial
-1.1523e+02 -1.1398e+02 -1.1205e+02 -2.7684e+02
-1.1517e+02 -1.1340e+02 -1.0464e+02 -1.8750e+02
-1.1502e+02 -1.1184e+02 -8.7893e+01 -7.9203e+01
-1.1500e+02 -1.1164e+02 -8.7846e+01 -1.0208e+02
# New trial
-1.1529e+02 -1.1457e+02 -1.2196e+02 -3.5611e+02
-1.1521e+02 -1.1371e+02 -1.0282e+02 -1.3721e+02
-1.1505e+02 -1.1214e+02 -8.6676e+01 -7.8457e+01
-1.1490e+02 -1.1065e+02 -8.1936e+01 -7.8457e+01
# New trial
-1.1529e+02 -1.1459e+02 -1.1968e+02 -3.6099e+02
-1.1523e+02 -1.1399e+02 -1.0649e+02 -1.6338e+02
-1.1514e+02 -1.1298e+02 -9.4645e+01 -7.8535e+01
-1.1512e+02 -1.1281e+02 -9.2509e+01 -7.8460e+01
# New trial
-1.1527e+02 -1.1453e+02 -1.3770e+02 -5.6030e+02
-1.1518e+02 -1.1356e+02 -1.1094e+02 -2.4211e+02
-1.1502e+02 -1.1185e+02 -8.6263e+01 -7.8457e+01
-1.1500e+02 -1.1163e+02 -8.5180e+01 -7.8457e+01
# New trial
-1.1531e+02 -1.1473e+02 -1.1675e+02 -3.3761e+02
-1.1526e+02 -1.1427e+02 -1.0817e+02 -1.5845e+02
-1.1515e+02 -1.1316e+02 -9.5130e+01 -7.8470e+01
-1.1510e+02 -1.1256e+02 -9.0342e+01 -7.8666e+01
# New trial
-1.1525e+02 -1.1450e+02 -1.3893e+02 -5.5677e+02
-1.1517e+02 -1.1358e+02 -1.1561e+02 -2.7078e+02
-1.1496e+02 -1.1130e+02 -8.8016e+01 -7.8552e+01
-1.1489e+02 -1.1051e+02 -8.3158e+01 -8.7037e+01
# New trial
-1.1526e+02 -1.1428e+02 -1.1133e+02 -2.2968e+02
-1.1519e+02 -1.1352e+02 -1.0350e+02 -1.5524e+02
-1.1496e+02 -1.1128e+02 -8.3987e+01 -7.8457e+01
-1.1485e+02 -1.1008e+02 -8.0374e+01 -7.8457e+01
# New trial
-1.1527e+02 -1.1437e+02 -1.1056e+02 -2.0864e+02
-1.1522e+02 -1.1387e+02 -1.0578e+02 -1.7105e+02
-1.1510e+02 -1.1259e+02 -9.1604e+01 -8.1805e+01
-1.1508e+02 -1.1242e+02 -9.3041e+01 -1.5137e+02
# New trial
-1.1529e+02 -1.1457e+02 -1.2259e+02 -3.6669e+02
-1.1523e+02 -1.1401e+02 -1.1249e+02 -2.3680e+02
-1.1508e+02 -1.1245e+02 -9.2082e+01 -7.9582e+01
-1.1499e+02 -1.1149e+02 -8.6604e+01 -8.4327e+01
# New trial
-1.1530e+02 -1.1466e+02 -1.1485e+02 -3.2647e+02
-1.1527e+02 -1.1435e+02 -1.0749e+02 -1.6715e+02
-1.1519e+02 -1.1353e+02 -9.8412e+01 -8.6386e+01
-1.1511e+02 -1.1272e+02 -9.1821e+01 -8.1058e+01
# New trial
-1.1526e+02 -1.1440e+02 -1.2377e+02 -3.5895e+02
-1.1517e+02 -1.1342e+02 -1.0334e+02 -1.3652e+02
-1.1509e+02 -1.1256e+02 -9.3316e+01 -7.8564e+01
-1.1518e+02 -1.1343e+02 -9.9088e+01 -1.3901e+02
# New trial
-1.1529e+02 -1.1456e+02 -1.1729e+02 -3.3606e+02
-1.1525e+02 -1.1409e+02 -1.0406e+02 -8.6208e+01
-1.1515e+02 -1.1314e+02 -9.4340e+01 -7.8457e+01
-1.1509e+02 -1.1246e+02 -8.9320e+01 -7.8457e+01
# New trial
-1.1528e+02 -1.1452e+02 -1.2149e+02 -3.4659e+02
-1.1518e+02 -1.1350e+02 -1.0510e+02 -1.9458e+02
-1.1503e+02 -1.1195e+02 -8.9584e+01 -7.8549e+01
-1.1502e+02 -1.1186e+02 -8.7442e+01 -7.8461e+01
# New trial
-1.1528e+02 -1.1450e+02 -1.1740e+02 -2.4142e+02
-1.1518e+02 -1.1347e+02 -1.0461e+02 -1.4910e+02
-1.1495e+02 -1.1116e+02 -8.4126e+01 -7.8461e+01
-1.1480e+02 -1.0965e+02 -8.5184e+01 -1.2552e+02
# New trial
-1.1529e+02 -1.1483e+02 -1.3964e+02 -5.2667e+02
-1.1519e+02 -1.1364e+02 -1.0942e+02 -1.8245e+02
-1.1501e+02 -1.1175e+02 -8.7770e+01 -7.8462e+01
-1.1494e+02 -1.1103e+02 -8.5528e+01 -9.5247e+01
# New trial
-1.1530e+02 -1.1461e+02 -1.0920e+02 -1.3169e+02
-1.1524e+02 -1.1402e+02 -1.0336e+02 -8.9650e+01
-1.1513e+02 -1.1289e+02 -9.4033e+01 -7.8833e+01
-1.1510e+02 -1.1265e+02 -9.4373e+01 -1.6490e+02
# New trial
-1.1525e+02 -1.1416e+02 -1.1285e+02 -3.0342e+02
-1.1521e+02 -1.1375e+02 -1.0514e+02 -1.7782e+02
-1.1512e+02 -1.1278e+02 -9.2967e+01 -7.8813e+01
-1.1509e+02 -1.1255e+02 -9.0968e+01 -8.8839e+01
# New trial
-1.1526e+02 -1.1444e+02 -1.2098e+02 -3.2367e+02
-1.1518e+02 -1.1352e+02 -1.0680e+02 -2.0159e+02
-1.1499e+02 -1.1154e+02 -8.5921e+01 -7.8479e+01
-1.1492e+02 -1.1084e+02 -8.2699e+01 -7.8457e+01
# New trial
-1.1530e+02 -1.1462e+02 -1.1289e+02 -2.2876e+02
-1.1524e+02 -1.1404e+02 -1.0606e+02 -1.4302e+02
-1.1509e+02 -1.1259e+02 -9.2710e+01 -7.8592e+01
-1.1506e+02 -1.1225e+02 -9.0626e+01 -1.2522e+02
# New trial
-1.1526e+02 -1.1422e+02 -1.1041e+02 -2.4700e+02
-1.1522e+02 -1.1384e+02 -1.0382e+02 -1.2791e+02
-1.1512e+02 -1.1277e+02 -9.1767e+01 -7.8457e+01
-1.1505e+02 -1.1209e+02 -8.7546e+01 -7.8457e+01
# New trial
