# 1.0sig - Array shape (trial/sig/alpha): (30L, 4L, 4L)
-1.1052e+02 -1.0883e+02 -1.3469e+02 -7.4015e+02
-1.1046e+02 -1.0796e+02 -1.0678e+02 -3.9401e+02
-1.1017e+02 -1.0494e+02 -6.4119e+01 -1.5685e+02
-1.0998e+02 -1.0292e+02 -5.4246e+01 -4.7966e+01
# New trial
-1.1048e+02 -1.0831e+02 -1.1416e+02 -4.6407e+02
-1.1041e+02 -1.0740e+02 -8.8809e+01 -1.2421e+02
-1.1027e+02 -1.0588e+02 -7.0317e+01 -1.3638e+02
-1.1024e+02 -1.0563e+02 -6.8729e+01 -9.3520e+01
# New trial
-1.1052e+02 -1.0852e+02 -1.0881e+02 -4.5236e+02
-1.1048e+02 -1.0804e+02 -9.5330e+01 -2.1769e+02
-1.1031e+02 -1.0632e+02 -7.4292e+01 -1.9443e+02
-1.1017e+02 -1.0488e+02 -6.7063e+01 -2.0875e+02
# New trial
-1.1052e+02 -1.0867e+02 -1.2179e+02 -7.4312e+02
-1.1048e+02 -1.0821e+02 -1.0555e+02 -3.7252e+02
-1.1033e+02 -1.0651e+02 -7.7270e+01 -1.2886e+02
-1.1031e+02 -1.0622e+02 -7.1170e+01 -7.1710e+01
# New trial
-1.1045e+02 -1.0827e+02 -1.4789e+02 -9.7247e+02
-1.1033e+02 -1.0674e+02 -1.0423e+02 -5.1804e+02
-1.1017e+02 -1.0499e+02 -6.8734e+01 -1.6951e+02
-1.1020e+02 -1.0519e+02 -6.7913e+01 -2.0646e+02
# New trial
-1.1046e+02 -1.0808e+02 -1.0964e+02 -5.7726e+02
-1.1046e+02 -1.0797e+02 -9.7935e+01 -2.9378e+02
-1.1032e+02 -1.0640e+02 -7.4465e+01 -1.4450e+02
-1.1024e+02 -1.0558e+02 -6.6056e+01 -7.4936e+01
# New trial
-1.1063e+02 -1.0963e+02 -1.2289e+02 -6.8691e+02
-1.1057e+02 -1.0890e+02 -9.8070e+01 -2.4587e+02
-1.1051e+02 -1.0821e+02 -8.6769e+01 -7.4132e+01
-1.1055e+02 -1.0862e+02 -8.9989e+01 -4.6959e+01
# New trial
-1.1060e+02 -1.0964e+02 -1.4579e+02 -8.7296e+02
-1.1045e+02 -1.0789e+02 -1.0481e+02 -4.2207e+02
-1.1022e+02 -1.0543e+02 -6.9882e+01 -1.2799e+02
-1.1024e+02 -1.0562e+02 -6.8584e+01 -1.3250e+02
# New trial
-1.1038e+02 -1.0801e+02 -1.4170e+02 -8.6446e+02
-1.1019e+02 -1.0571e+02 -1.0847e+02 -5.5026e+02
-1.0977e+02 -1.0115e+02 -7.1163e+01 -3.6537e+02
-1.0986e+02 -1.0185e+02 -6.6647e+01 -2.8558e+02
# New trial
-1.1056e+02 -1.0901e+02 -1.2098e+02 -6.3966e+02
-1.1044e+02 -1.0775e+02 -1.0454e+02 -4.8574e+02
-1.1016e+02 -1.0480e+02 -6.4365e+01 -1.5304e+02
-1.1005e+02 -1.0370e+02 -6.0599e+01 -7.3489e+01
# New trial
-1.1044e+02 -1.0823e+02 -1.3328e+02 -7.5151e+02
-1.1032e+02 -1.0680e+02 -1.1344e+02 -5.9882e+02
-1.1005e+02 -1.0374e+02 -6.1758e+01 -1.5674e+02
-1.1008e+02 -1.0396e+02 -6.0394e+01 -1.4436e+02
# New trial
-1.1046e+02 -1.0841e+02 -1.4440e+02 -9.3916e+02
-1.1039e+02 -1.0727e+02 -9.8045e+01 -3.8953e+02
-1.1014e+02 -1.0459e+02 -6.0230e+01 -1.4909e+02
-1.0995e+02 -1.0272e+02 -5.4002e+01 -6.3906e+01
# New trial
-1.1055e+02 -1.0908e+02 -1.3922e+02 -8.6482e+02
-1.1042e+02 -1.0754e+02 -9.9822e+01 -3.1848e+02
-1.1028e+02 -1.0606e+02 -7.2515e+01 -8.8869e+01
-1.1034e+02 -1.0657e+02 -7.3547e+01 -5.8909e+01
# New trial
-1.1053e+02 -1.0971e+02 -2.1211e+02 -1.6107e+03
-1.1035e+02 -1.0721e+02 -1.2226e+02 -6.4889e+02
-1.1007e+02 -1.0403e+02 -6.4979e+01 -1.9716e+02
-1.1010e+02 -1.0415e+02 -6.1870e+01 -1.4946e+02
# New trial
-1.1052e+02 -1.0870e+02 -1.2074e+02 -6.7023e+02
-1.1048e+02 -1.0815e+02 -1.0158e+02 -3.7029e+02
-1.1036e+02 -1.0682e+02 -7.7497e+01 -1.2789e+02
-1.1030e+02 -1.0620e+02 -7.1485e+01 -8.7300e+01
# New trial
-1.1056e+02 -1.1026e+02 -1.9818e+02 -1.4470e+03
-1.1039e+02 -1.0792e+02 -1.2901e+02 -6.6317e+02
-1.1003e+02 -1.0380e+02 -6.9702e+01 -2.2764e+02
-1.1007e+02 -1.0391e+02 -7.6796e+01 -3.6715e+02
# New trial
-1.1042e+02 -1.0781e+02 -1.1965e+02 -6.0785e+02
-1.1026e+02 -1.0611e+02 -9.6251e+01 -4.2760e+02
-1.0990e+02 -1.0232e+02 -5.3695e+01 -1.7764e+02
-1.0999e+02 -1.0311e+02 -5.6821e+01 -6.6037e+01
# New trial
-1.1043e+02 -1.0786e+02 -1.1268e+02 -4.8335e+02
-1.1037e+02 -1.0721e+02 -1.0225e+02 -3.6294e+02
-1.1019e+02 -1.0514e+02 -6.7525e+01 -1.3111e+02
-1.1022e+02 -1.0533e+02 -6.6574e+01 -6.5542e+01
# New trial
-1.1047e+02 -1.0836e+02 -1.4079e+02 -8.4054e+02
-1.1043e+02 -1.0775e+02 -1.1524e+02 -5.3934e+02
-1.1018e+02 -1.0502e+02 -6.4677e+01 -1.8186e+02
-1.1007e+02 -1.0391e+02 -5.8795e+01 -9.0087e+01
# New trial
-1.1059e+02 -1.0936e+02 -1.3882e+02 -8.8240e+02
-1.1054e+02 -1.0875e+02 -1.0962e+02 -5.0302e+02
-1.1040e+02 -1.0718e+02 -8.1095e+01 -1.7348e+02
-1.1031e+02 -1.0626e+02 -7.1401e+01 -1.1791e+02
# New trial
-1.1045e+02 -1.0864e+02 -1.6019e+02 -1.0898e+03
-1.1026e+02 -1.0620e+02 -9.6073e+01 -3.2720e+02
-1.1023e+02 -1.0557e+02 -7.1407e+01 -1.2340e+02
-1.1048e+02 -1.0798e+02 -8.7014e+01 -2.2447e+02
# New trial
-1.1051e+02 -1.0840e+02 -1.1492e+02 -6.5802e+02
-1.1047e+02 -1.0792e+02 -9.1591e+01 -2.0625e+02
-1.1032e+02 -1.0640e+02 -7.1703e+01 -8.3174e+01
-1.1028e+02 -1.0594e+02 -6.8151e+01 -4.7939e+01
# New trial
-1.1053e+02 -1.0939e+02 -1.6203e+02 -1.0591e+03
-1.1033e+02 -1.0704e+02 -1.0452e+02 -5.0074e+02
-1.1011e+02 -1.0449e+02 -6.6646e+01 -1.5125e+02
-1.1026e+02 -1.0572e+02 -6.9075e+01 -5.1616e+01
# New trial
-1.1060e+02 -1.1002e+02 -1.5213e+02 -8.4995e+02
-1.1039e+02 -1.0756e+02 -1.0858e+02 -4.8724e+02
-1.0999e+02 -1.0326e+02 -6.2631e+01 -2.0890e+02
-1.0978e+02 -1.0109e+02 -5.3211e+01 -9.7165e+01
# New trial
-1.1072e+02 -1.1144e+02 -1.9253e+02 -1.3372e+03
-1.1052e+02 -1.0877e+02 -1.1964e+02 -5.5410e+02
-1.1010e+02 -1.0424e+02 -6.4952e+01 -1.9281e+02
-1.1012e+02 -1.0435e+02 -7.0379e+01 -2.7357e+02
# New trial
-1.1055e+02 -1.0878e+02 -1.0465e+02 -3.3646e+02
-1.1043e+02 -1.0749e+02 -8.7040e+01 -1.4916e+02
-1.1026e+02 -1.0576e+02 -6.8804e+01 -1.3072e+02
-1.1035e+02 -1.0665e+02 -7.5584e+01 -1.1479e+02
# New trial
-1.1044e+02 -1.0783e+02 -1.1521e+02 -6.8002e+02
-1.1044e+02 -1.0775e+02 -9.8307e+01 -3.7035e+02
-1.1031e+02 -1.0628e+02 -7.3402e+01 -1.3909e+02
-1.1028e+02 -1.0600e+02 -6.9740e+01 -7.5038e+01
# New trial
-1.1048e+02 -1.0950e+02 -1.8224e+02 -1.2662e+03
-1.1034e+02 -1.0729e+02 -1.1703e+02 -5.8901e+02
-1.1003e+02 -1.0359e+02 -6.0880e+01 -1.7127e+02
-1.1001e+02 -1.0332e+02 -5.8310e+01 -1.2124e+02
# New trial
-1.1051e+02 -1.0869e+02 -1.2891e+02 -6.5487e+02
-1.1037e+02 -1.0706e+02 -9.2327e+01 -2.4856e+02
-1.1018e+02 -1.0506e+02 -6.4691e+01 -1.3167e+02
-1.1029e+02 -1.0601e+02 -7.0348e+01 -9.9800e+01
# New trial
-1.1045e+02 -1.0808e+02 -1.3358e+02 -8.6052e+02
-1.1041e+02 -1.0743e+02 -9.9243e+01 -3.3765e+02
-1.1027e+02 -1.0588e+02 -7.1450e+01 -1.7043e+02
-1.1020e+02 -1.0518e+02 -6.4791e+01 -5.4613e+01
# New trial
