# 10.0sig - Array shape (trial/sig/alpha): (30L, 4L, 4L)
-1.0605e+02 -1.0531e+02 -1.0986e+02 -4.4978e+02
-1.0607e+02 -1.0542e+02 -1.0727e+02 -4.2881e+02
-1.0603e+02 -1.0495e+02 -9.7094e+01 -2.1887e+02
-1.0593e+02 -1.0402e+02 -8.5394e+01 -6.2998e+01
# New trial
-1.0615e+02 -1.0742e+02 -1.9137e+02 -1.4257e+03
-1.0609e+02 -1.0646e+02 -1.5360e+02 -9.2172e+02
-1.0596e+02 -1.0446e+02 -1.0124e+02 -3.9237e+02
-1.0576e+02 -1.0226e+02 -7.1150e+01 -1.5530e+02
# New trial
-1.0606e+02 -1.0544e+02 -1.2513e+02 -7.6176e+02
-1.0606e+02 -1.0541e+02 -1.1647e+02 -5.6746e+02
-1.0590e+02 -1.0368e+02 -8.6419e+01 -2.5100e+02
-1.0569e+02 -1.0153e+02 -6.4046e+01 -5.3207e+01
# New trial
-1.0602e+02 -1.0502e+02 -1.0783e+02 -4.5131e+02
-1.0601e+02 -1.0488e+02 -1.0728e+02 -4.7452e+02
-1.0588e+02 -1.0355e+02 -8.6833e+01 -3.0243e+02
-1.0572e+02 -1.0185e+02 -6.7458e+01 -8.8023e+01
# New trial
-1.0614e+02 -1.0674e+02 -1.6800e+02 -1.2420e+03
-1.0609e+02 -1.0584e+02 -1.2261e+02 -5.9194e+02
-1.0603e+02 -1.0500e+02 -9.8902e+01 -2.2669e+02
-1.0589e+02 -1.0357e+02 -8.1280e+01 -6.1673e+01
# New trial
-1.0605e+02 -1.0544e+02 -1.2755e+02 -6.7779e+02
-1.0600e+02 -1.0484e+02 -1.0868e+02 -4.4319e+02
-1.0586e+02 -1.0332e+02 -8.3461e+01 -1.8729e+02
-1.0566e+02 -1.0130e+02 -6.3233e+01 -5.8027e+01
# New trial
-1.0607e+02 -1.0541e+02 -1.0754e+02 -3.9518e+02
-1.0607e+02 -1.0540e+02 -1.0617e+02 -4.0913e+02
-1.0603e+02 -1.0499e+02 -9.8450e+01 -3.4865e+02
-1.0597e+02 -1.0439e+02 -9.0085e+01 -2.3202e+02
# New trial
-1.0593e+02 -1.0437e+02 -1.2151e+02 -7.0055e+02
-1.0599e+02 -1.0478e+02 -1.1390e+02 -6.1515e+02
-1.0598e+02 -1.0460e+02 -9.6833e+01 -2.4774e+02
-1.0584e+02 -1.0305e+02 -7.7142e+01 -1.1065e+02
# New trial
-1.0633e+02 -1.0917e+02 -2.3150e+02 -1.8568e+03
-1.0622e+02 -1.0746e+02 -1.6204e+02 -1.0072e+03
-1.0594e+02 -1.0417e+02 -9.5608e+01 -4.4879e+02
-1.0568e+02 -1.0144e+02 -6.5207e+01 -9.4238e+01
# New trial
-1.0607e+02 -1.0542e+02 -1.0253e+02 -2.9900e+02
-1.0605e+02 -1.0523e+02 -9.8958e+01 -1.8484e+02
-1.0601e+02 -1.0479e+02 -9.3435e+01 -1.4901e+02
-1.0599e+02 -1.0460e+02 -9.1030e+01 -8.3966e+01
# New trial
-1.0623e+02 -1.0756e+02 -1.7840e+02 -1.3926e+03
-1.0603e+02 -1.0522e+02 -1.4083e+02 -1.0816e+03
-1.0576e+02 -1.0242e+02 -8.7003e+01 -4.1752e+02
-1.0554e+02 -1.0009e+02 -5.5883e+01 -6.4225e+01
# New trial
-1.0623e+02 -1.0776e+02 -1.8870e+02 -1.3948e+03
-1.0608e+02 -1.0568e+02 -1.1636e+02 -4.6808e+02
-1.0601e+02 -1.0480e+02 -9.5669e+01 -1.7983e+02
-1.0592e+02 -1.0384e+02 -8.3830e+01 -8.8030e+01
# New trial
-1.0605e+02 -1.0563e+02 -1.3954e+02 -8.0144e+02
-1.0606e+02 -1.0557e+02 -1.2412e+02 -5.7292e+02
-1.0594e+02 -1.0419e+02 -9.4494e+01 -2.8512e+02
-1.0575e+02 -1.0218e+02 -7.0268e+01 -8.6542e+01
# New trial
-1.0602e+02 -1.0519e+02 -1.2661e+02 -6.6939e+02
-1.0603e+02 -1.0519e+02 -1.1527e+02 -5.1562e+02
-1.0591e+02 -1.0379e+02 -8.7079e+01 -2.3363e+02
-1.0574e+02 -1.0210e+02 -6.8285e+01 -9.9112e+01
# New trial
-1.0610e+02 -1.0618e+02 -1.5113e+02 -9.3996e+02
-1.0604e+02 -1.0543e+02 -1.2765e+02 -6.7884e+02
-1.0589e+02 -1.0366e+02 -8.8605e+01 -1.6472e+02
-1.0570e+02 -1.0172e+02 -6.5147e+01 -5.6111e+01
# New trial
-1.0632e+02 -1.0901e+02 -2.1480e+02 -1.6438e+03
-1.0619e+02 -1.0723e+02 -1.5069e+02 -8.4504e+02
-1.0588e+02 -1.0370e+02 -9.6922e+01 -4.0267e+02
-1.0557e+02 -1.0041e+02 -5.7334e+01 -8.0605e+01
# New trial
-1.0608e+02 -1.0631e+02 -2.0181e+02 -1.6275e+03
-1.0597e+02 -1.0469e+02 -1.2115e+02 -6.1348e+02
-1.0582e+02 -1.0303e+02 -8.7190e+01 -3.5132e+02
-1.0567e+02 -1.0136e+02 -6.3423e+01 -1.0492e+02
# New trial
-1.0616e+02 -1.0647e+02 -1.3299e+02 -7.8234e+02
-1.0609e+02 -1.0573e+02 -1.1721e+02 -5.7905e+02
-1.0592e+02 -1.0398e+02 -9.4614e+01 -3.4872e+02
-1.0579e+02 -1.0261e+02 -7.3952e+01 -1.0384e+02
# New trial
-1.0613e+02 -1.0611e+02 -1.1842e+02 -5.7006e+02
-1.0609e+02 -1.0565e+02 -1.0566e+02 -2.9134e+02
-1.0602e+02 -1.0484e+02 -9.4138e+01 -8.6534e+01
-1.0592e+02 -1.0390e+02 -8.4069e+01 -4.6166e+01
# New trial
-1.0631e+02 -1.0849e+02 -1.9639e+02 -1.4437e+03
-1.0621e+02 -1.0708e+02 -1.4207e+02 -8.5383e+02
-1.0593e+02 -1.0403e+02 -9.2129e+01 -2.1058e+02
-1.0568e+02 -1.0148e+02 -6.4621e+01 -5.9161e+01
# New trial
-1.0617e+02 -1.0668e+02 -1.5025e+02 -1.0459e+03
-1.0608e+02 -1.0561e+02 -1.1201e+02 -4.9175e+02
-1.0594e+02 -1.0409e+02 -9.1905e+01 -3.6963e+02
-1.0579e+02 -1.0256e+02 -7.3012e+01 -1.3849e+02
# New trial
-1.0607e+02 -1.0542e+02 -1.0991e+02 -4.4739e+02
-1.0607e+02 -1.0550e+02 -1.1339e+02 -5.2972e+02
-1.0596e+02 -1.0435e+02 -9.6194e+01 -4.0316e+02
-1.0577e+02 -1.0238e+02 -7.3237e+01 -1.4659e+02
# New trial
-1.0615e+02 -1.0650e+02 -1.3354e+02 -6.5283e+02
-1.0607e+02 -1.0563e+02 -1.2008e+02 -4.9398e+02
-1.0592e+02 -1.0396e+02 -8.9264e+01 -1.5594e+02
-1.0579e+02 -1.0254e+02 -7.3010e+01 -1.3606e+02
# New trial
-1.0606e+02 -1.0571e+02 -1.3492e+02 -7.3814e+02
-1.0604e+02 -1.0540e+02 -1.2709e+02 -6.5353e+02
-1.0593e+02 -1.0405e+02 -9.5064e+01 -3.2911e+02
-1.0564e+02 -1.0109e+02 -6.1485e+01 -7.4191e+01
# New trial
-1.0627e+02 -1.0807e+02 -1.7259e+02 -1.1773e+03
-1.0617e+02 -1.0679e+02 -1.4152e+02 -8.2613e+02
-1.0591e+02 -1.0388e+02 -9.4383e+01 -3.5940e+02
-1.0565e+02 -1.0123e+02 -6.3753e+01 -1.2164e+02
# New trial
-1.0622e+02 -1.0861e+02 -2.2226e+02 -1.6803e+03
-1.0613e+02 -1.0665e+02 -1.5887e+02 -1.1212e+03
-1.0578e+02 -1.0260e+02 -8.2258e+01 -2.2332e+02
-1.0538e+02 -9.8458e+01 -5.0063e+01 -1.4805e+02
# New trial
-1.0662e+02 -1.1299e+02 -2.7196e+02 -2.1164e+03
-1.0631e+02 -1.0832e+02 -1.6392e+02 -1.0705e+03
-1.0587e+02 -1.0348e+02 -8.9272e+01 -3.0661e+02
-1.0563e+02 -1.0101e+02 -6.3331e+01 -6.6088e+01
# New trial
-1.0602e+02 -1.0503e+02 -1.1008e+02 -4.8735e+02
-1.0602e+02 -1.0500e+02 -1.0603e+02 -4.2212e+02
-1.0592e+02 -1.0392e+02 -8.8956e+01 -2.2004e+02
-1.0579e+02 -1.0257e+02 -7.2664e+01 -9.9419e+01
# New trial
-1.0612e+02 -1.0636e+02 -1.7312e+02 -1.3261e+03
-1.0608e+02 -1.0581e+02 -1.2724e+02 -6.9826e+02
-1.0592e+02 -1.0397e+02 -9.3845e+01 -3.2496e+02
-1.0569e+02 -1.0163e+02 -6.6892e+01 -1.2235e+02
# New trial
-1.0605e+02 -1.0547e+02 -1.3040e+02 -7.6594e+02
-1.0600e+02 -1.0490e+02 -1.1186e+02 -5.1636e+02
-1.0587e+02 -1.0345e+02 -8.4043e+01 -1.7304e+02
-1.0570e+02 -1.0166e+02 -6.6436e+01 -4.9448e+01
# New trial
