# 10.0sig - Array shape (trial/sig/alpha): (30, 4, 4)
-1.4303e+02 -1.4270e+02 -1.4698e+02 -4.8658e+02
-1.4301e+02 -1.4248e+02 -1.4279e+02 -4.3772e+02
-1.4292e+02 -1.4163e+02 -1.3076e+02 -2.2160e+02
-1.4279e+02 -1.4030e+02 -1.1604e+02 -6.5828e+01
# New trial
-1.4311e+02 -1.4409e+02 -2.0642e+02 -1.2833e+03
-1.4302e+02 -1.4304e+02 -1.7466e+02 -8.6823e+02
-1.4279e+02 -1.4040e+02 -1.2955e+02 -4.5461e+02
-1.4248e+02 -1.3720e+02 -9.0769e+01 -6.6261e+01
# New trial
-1.4304e+02 -1.4295e+02 -1.6468e+02 -7.7798e+02
-1.4297e+02 -1.4218e+02 -1.4715e+02 -5.2218e+02
-1.4272e+02 -1.3965e+02 -1.1171e+02 -8.2065e+01
-1.4241e+02 -1.3654e+02 -8.3098e+01 -5.5382e+01
# New trial
-1.4300e+02 -1.4242e+02 -1.4688e+02 -4.8545e+02
-1.4296e+02 -1.4202e+02 -1.4280e+02 -4.1252e+02
-1.4274e+02 -1.3987e+02 -1.1579e+02 -1.5514e+02
-1.4245e+02 -1.3686e+02 -8.6975e+01 -8.2712e+01
# New trial
-1.4312e+02 -1.4379e+02 -1.8211e+02 -1.0217e+03
-1.4303e+02 -1.4278e+02 -1.5245e+02 -5.7637e+02
-1.4287e+02 -1.4112e+02 -1.2704e+02 -1.8053e+02
-1.4269e+02 -1.3925e+02 -1.0602e+02 -5.6486e+01
# New trial
-1.4299e+02 -1.4238e+02 -1.4565e+02 -3.9103e+02
-1.4291e+02 -1.4159e+02 -1.3562e+02 -3.4056e+02
-1.4270e+02 -1.3945e+02 -1.1346e+02 -2.5012e+02
-1.4241e+02 -1.3650e+02 -8.4392e+01 -8.1405e+01
# New trial
-1.4298e+02 -1.4221e+02 -1.3593e+02 -2.8797e+02
-1.4297e+02 -1.4208e+02 -1.3474e+02 -2.4227e+02
-1.4290e+02 -1.4142e+02 -1.2758e+02 -1.3385e+02
-1.4278e+02 -1.4017e+02 -1.1498e+02 -7.9513e+01
# New trial
-1.4305e+02 -1.4301e+02 -1.6293e+02 -6.9499e+02
-1.4300e+02 -1.4260e+02 -1.5652e+02 -6.2430e+02
-1.4284e+02 -1.4085e+02 -1.2754e+02 -2.3490e+02
-1.4260e+02 -1.3836e+02 -9.8310e+01 -5.5421e+01
# New trial
-1.4311e+02 -1.4404e+02 -2.2385e+02 -1.5327e+03
-1.4300e+02 -1.4264e+02 -1.6749e+02 -7.3259e+02
-1.4269e+02 -1.3938e+02 -1.1235e+02 -2.0077e+02
-1.4236e+02 -1.3598e+02 -8.0854e+01 -6.6261e+01
# New trial
-1.4300e+02 -1.4244e+02 -1.3969e+02 -3.4701e+02
-1.4297e+02 -1.4205e+02 -1.3402e+02 -1.8887e+02
-1.4289e+02 -1.4124e+02 -1.2523e+02 -9.4215e+01
-1.4282e+02 -1.4059e+02 -1.1876e+02 -6.8293e+01
# New trial
-1.4319e+02 -1.4480e+02 -2.0303e+02 -1.2463e+03
-1.4295e+02 -1.4203e+02 -1.5990e+02 -9.6275e+02
-1.4263e+02 -1.3873e+02 -1.1077e+02 -2.9667e+02
-1.4228e+02 -1.3521e+02 -7.6828e+01 -6.7826e+01
# New trial
-1.4324e+02 -1.4529e+02 -2.1549e+02 -1.2640e+03
-1.4305e+02 -1.4297e+02 -1.5086e+02 -3.8004e+02
-1.4291e+02 -1.4149e+02 -1.2972e+02 -2.0626e+02
-1.4276e+02 -1.3999e+02 -1.1309e+02 -7.7832e+01
# New trial
-1.4307e+02 -1.4342e+02 -1.8244e+02 -9.7709e+02
-1.4299e+02 -1.4254e+02 -1.5963e+02 -6.6401e+02
-1.4277e+02 -1.4017e+02 -1.2179e+02 -2.4399e+02
-1.4248e+02 -1.3722e+02 -8.9650e+01 -6.1206e+01
# New trial
-1.4309e+02 -1.4343e+02 -1.6458e+02 -7.0121e+02
-1.4302e+02 -1.4264e+02 -1.4858e+02 -4.3919e+02
-1.4280e+02 -1.4037e+02 -1.2048e+02 -2.1443e+02
-1.4255e+02 -1.3793e+02 -9.4642e+01 -5.7799e+01
# New trial
-1.4310e+02 -1.4367e+02 -1.8244e+02 -8.8608e+02
-1.4300e+02 -1.4262e+02 -1.6063e+02 -6.3377e+02
-1.4275e+02 -1.3997e+02 -1.1718e+02 -1.3177e+02
-1.4247e+02 -1.3707e+02 -8.6700e+01 -5.5381e+01
# New trial
-1.4313e+02 -1.4441e+02 -2.2767e+02 -1.4616e+03
-1.4300e+02 -1.4269e+02 -1.6512e+02 -7.3448e+02
-1.4266e+02 -1.3914e+02 -1.1821e+02 -3.6475e+02
-1.4225e+02 -1.3487e+02 -7.2243e+01 -5.5381e+01
# New trial
-1.4301e+02 -1.4294e+02 -2.0847e+02 -1.3364e+03
-1.4289e+02 -1.4148e+02 -1.4928e+02 -6.7268e+02
-1.4265e+02 -1.3901e+02 -1.1626e+02 -3.8929e+02
-1.4237e+02 -1.3609e+02 -7.9657e+01 -5.5381e+01
# New trial
-1.4303e+02 -1.4282e+02 -1.5461e+02 -7.2853e+02
-1.4292e+02 -1.4167e+02 -1.3394e+02 -2.4565e+02
-1.4272e+02 -1.3959e+02 -1.1206e+02 -1.2688e+02
-1.4251e+02 -1.3754e+02 -9.2038e+01 -7.2528e+01
# New trial
-1.4307e+02 -1.4317e+02 -1.5583e+02 -5.8969e+02
-1.4300e+02 -1.4243e+02 -1.3925e+02 -2.2590e+02
-1.4290e+02 -1.4137e+02 -1.2679e+02 -8.6449e+01
-1.4276e+02 -1.4000e+02 -1.1288e+02 -5.5499e+01
# New trial
-1.4320e+02 -1.4480e+02 -2.0701e+02 -1.2331e+03
-1.4307e+02 -1.4321e+02 -1.5816e+02 -6.6658e+02
-1.4281e+02 -1.4049e+02 -1.2250e+02 -3.2643e+02
-1.4250e+02 -1.3743e+02 -9.1643e+01 -6.3065e+01
# New trial
-1.4311e+02 -1.4358e+02 -1.6650e+02 -7.9453e+02
-1.4301e+02 -1.4247e+02 -1.4096e+02 -2.9180e+02
-1.4281e+02 -1.4055e+02 -1.2027e+02 -1.7432e+02
-1.4256e+02 -1.3796e+02 -9.4712e+01 -5.8545e+01
# New trial
-1.4301e+02 -1.4257e+02 -1.4457e+02 -4.3568e+02
-1.4298e+02 -1.4228e+02 -1.4485e+02 -5.0112e+02
-1.4281e+02 -1.4057e+02 -1.2457e+02 -3.2372e+02
-1.4257e+02 -1.3808e+02 -9.8140e+01 -9.6756e+01
# New trial
-1.4307e+02 -1.4320e+02 -1.5700e+02 -4.9631e+02
-1.4299e+02 -1.4238e+02 -1.4728e+02 -4.5681e+02
-1.4277e+02 -1.4008e+02 -1.1878e+02 -1.7623e+02
-1.4251e+02 -1.3745e+02 -9.0022e+01 -5.5382e+01
# New trial
-1.4302e+02 -1.4286e+02 -1.6780e+02 -7.3013e+02
-1.4295e+02 -1.4215e+02 -1.5924e+02 -6.4342e+02
-1.4272e+02 -1.3967e+02 -1.1721e+02 -1.7406e+02
-1.4234e+02 -1.3581e+02 -7.7484e+01 -5.5381e+01
# New trial
-1.4310e+02 -1.4383e+02 -1.9488e+02 -1.0692e+03
-1.4295e+02 -1.4220e+02 -1.6042e+02 -7.2620e+02
-1.4266e+02 -1.3908e+02 -1.1142e+02 -2.1962e+02
-1.4233e+02 -1.3571e+02 -7.7805e+01 -5.5480e+01
# New trial
-1.4326e+02 -1.4607e+02 -2.3741e+02 -1.4565e+03
-1.4300e+02 -1.4288e+02 -1.7987e+02 -1.0474e+03
-1.4252e+02 -1.3760e+02 -9.5642e+01 -6.5417e+01
-1.4200e+02 -1.3237e+02 -6.1366e+01 -5.5381e+01
# New trial
-1.4337e+02 -1.4700e+02 -2.5086e+02 -1.5871e+03
-1.4311e+02 -1.4366e+02 -1.6820e+02 -7.8137e+02
-1.4276e+02 -1.4003e+02 -1.2190e+02 -3.6003e+02
-1.4241e+02 -1.3650e+02 -8.7953e+01 -9.1422e+01
# New trial
-1.4300e+02 -1.4244e+02 -1.4012e+02 -3.8696e+02
-1.4297e+02 -1.4206e+02 -1.3695e+02 -4.0170e+02
-1.4281e+02 -1.4050e+02 -1.1914e+02 -1.0746e+02
-1.4259e+02 -1.3828e+02 -9.7541e+01 -5.5575e+01
# New trial
-1.4305e+02 -1.4315e+02 -1.8917e+02 -1.1906e+03
-1.4299e+02 -1.4249e+02 -1.5811e+02 -6.9418e+02
-1.4274e+02 -1.3992e+02 -1.1841e+02 -1.3299e+02
-1.4243e+02 -1.3667e+02 -8.6247e+01 -8.8856e+01
# New trial
-1.4302e+02 -1.4268e+02 -1.5954e+02 -7.1578e+02
-1.4296e+02 -1.4203e+02 -1.4064e+02 -4.1958e+02
-1.4279e+02 -1.4031e+02 -1.1805e+02 -1.6634e+02
-1.4252e+02 -1.3760e+02 -9.3192e+01 -5.5960e+01
# New trial
