# 10.0sig - Array shape (trial/sig/alpha): (30, 4, 4)
-1.7063e+02 -1.6957e+02 -1.7727e+02 -8.0774e+02
-1.7062e+02 -1.6949e+02 -1.6784e+02 -5.7010e+02
-1.7053e+02 -1.6852e+02 -1.5037e+02 -1.4545e+02
-1.7036e+02 -1.6679e+02 -1.3183e+02 -5.6720e+01
# New trial
-1.7086e+02 -1.7349e+02 -3.0439e+02 -2.3591e+03
-1.7071e+02 -1.7141e+02 -2.3764e+02 -1.4104e+03
-1.7034e+02 -1.6685e+02 -1.5100e+02 -5.2108e+02
-1.6991e+02 -1.6228e+02 -9.2290e+01 -6.7387e+01
# New trial
-1.7068e+02 -1.7020e+02 -2.0255e+02 -1.2031e+03
-1.7062e+02 -1.6960e+02 -1.8094e+02 -7.7972e+02
-1.7032e+02 -1.6645e+02 -1.3684e+02 -4.5218e+02
-1.6994e+02 -1.6260e+02 -9.6683e+01 -1.5366e+02
# New trial
-1.7065e+02 -1.6979e+02 -1.8165e+02 -8.5271e+02
-1.7060e+02 -1.6932e+02 -1.7306e+02 -6.5604e+02
-1.7032e+02 -1.6642e+02 -1.3439e+02 -2.6413e+02
-1.6993e+02 -1.6247e+02 -9.4544e+01 -6.2409e+01
# New trial
-1.7077e+02 -1.7180e+02 -2.5432e+02 -1.8933e+03
-1.7062e+02 -1.6976e+02 -1.8934e+02 -9.4187e+02
-1.7045e+02 -1.6774e+02 -1.4886e+02 -3.3269e+02
-1.7025e+02 -1.6569e+02 -1.2234e+02 -1.3652e+02
# New trial
-1.7060e+02 -1.6945e+02 -1.8972e+02 -8.7377e+02
-1.7053e+02 -1.6862e+02 -1.6741e+02 -6.3733e+02
-1.7026e+02 -1.6579e+02 -1.3178e+02 -4.8190e+02
-1.6986e+02 -1.6179e+02 -9.1272e+01 -2.1560e+02
# New trial
-1.7064e+02 -1.6963e+02 -1.7038e+02 -6.3104e+02
-1.7064e+02 -1.6967e+02 -1.6696e+02 -5.3385e+02
-1.7055e+02 -1.6871e+02 -1.5320e+02 -3.8527e+02
-1.7037e+02 -1.6692e+02 -1.3404e+02 -1.6890e+02
# New trial
-1.7040e+02 -1.6782e+02 -1.8618e+02 -9.6446e+02
-1.7047e+02 -1.6818e+02 -1.7239e+02 -7.8136e+02
-1.7037e+02 -1.6696e+02 -1.4213e+02 -2.7395e+02
-1.7011e+02 -1.6427e+02 -1.0988e+02 -1.3182e+02
# New trial
-1.7086e+02 -1.7313e+02 -3.1954e+02 -2.5091e+03
-1.7073e+02 -1.7113e+02 -2.2747e+02 -1.3308e+03
-1.7028e+02 -1.6610e+02 -1.3815e+02 -6.2037e+02
-1.6984e+02 -1.6156e+02 -8.9293e+01 -1.3096e+02
# New trial
-1.7066e+02 -1.6979e+02 -1.6826e+02 -6.6730e+02
-1.7061e+02 -1.6927e+02 -1.5879e+02 -3.0701e+02
-1.7050e+02 -1.6822e+02 -1.4698e+02 -2.7793e+02
-1.7040e+02 -1.6721e+02 -1.3659e+02 -1.7358e+02
# New trial
-1.7097e+02 -1.7358e+02 -2.6155e+02 -1.8724e+03
-1.7062e+02 -1.6970e+02 -2.1409e+02 -1.6908e+03
-1.7015e+02 -1.6481e+02 -1.4449e+02 -8.0875e+02
-1.6967e+02 -1.5989e+02 -7.7930e+01 -7.5656e+01
# New trial
-1.7092e+02 -1.7339e+02 -2.9556e+02 -2.1589e+03
-1.7067e+02 -1.7012e+02 -1.8290e+02 -7.1800e+02
-1.7053e+02 -1.6851e+02 -1.5293e+02 -2.3806e+02
-1.7033e+02 -1.6650e+02 -1.2993e+02 -1.2620e+02
# New trial
-1.7058e+02 -1.6943e+02 -2.0924e+02 -1.3263e+03
-1.7055e+02 -1.6900e+02 -1.8513e+02 -9.9307e+02
-1.7031e+02 -1.6641e+02 -1.3719e+02 -3.7276e+02
-1.6995e+02 -1.6268e+02 -9.7980e+01 -1.7973e+02
# New trial
-1.7067e+02 -1.7025e+02 -2.0423e+02 -1.1180e+03
-1.7063e+02 -1.6968e+02 -1.8280e+02 -7.5205e+02
-1.7036e+02 -1.6685e+02 -1.3786e+02 -3.0103e+02
-1.7004e+02 -1.6362e+02 -1.0324e+02 -9.0806e+01
# New trial
-1.7074e+02 -1.7115e+02 -2.3055e+02 -1.4592e+03
-1.7062e+02 -1.6966e+02 -1.9265e+02 -1.0084e+03
-1.7030e+02 -1.6628e+02 -1.3547e+02 -3.3134e+02
-1.6994e+02 -1.6258e+02 -9.4952e+01 -6.2937e+01
# New trial
-1.7074e+02 -1.7163e+02 -2.9021e+02 -2.2925e+03
-1.7062e+02 -1.7004e+02 -2.1450e+02 -1.2346e+03
-1.7021e+02 -1.6555e+02 -1.4704e+02 -6.0119e+02
-1.6965e+02 -1.5977e+02 -7.7644e+01 -1.8050e+02
# New trial
-1.7065e+02 -1.7104e+02 -2.9927e+02 -2.3026e+03
-1.7047e+02 -1.6837e+02 -1.9303e+02 -1.0955e+03
-1.7019e+02 -1.6525e+02 -1.3835e+02 -6.5824e+02
-1.6986e+02 -1.6182e+02 -9.0036e+01 -8.9150e+01
# New trial
-1.7075e+02 -1.7105e+02 -2.1600e+02 -1.2948e+03
-1.7060e+02 -1.6942e+02 -1.7618e+02 -6.9147e+02
-1.7027e+02 -1.6598e+02 -1.3155e+02 -2.9922e+02
-1.6997e+02 -1.6285e+02 -9.7257e+01 -5.2861e+01
# New trial
-1.7074e+02 -1.7069e+02 -1.8759e+02 -9.0802e+02
-1.7066e+02 -1.6986e+02 -1.6712e+02 -3.7899e+02
-1.7052e+02 -1.6841e+02 -1.4862e+02 -1.0988e+02
-1.7034e+02 -1.6654e+02 -1.2929e+02 -5.1181e+01
# New trial
-1.7108e+02 -1.7495e+02 -3.0225e+02 -2.2132e+03
-1.7088e+02 -1.7226e+02 -2.1520e+02 -1.2146e+03
-1.7039e+02 -1.6720e+02 -1.4582e+02 -5.9612e+02
-1.6995e+02 -1.6267e+02 -9.7748e+01 -1.2592e+02
# New trial
-1.7071e+02 -1.7080e+02 -2.1978e+02 -1.3821e+03
-1.7061e+02 -1.6943e+02 -1.7256e+02 -6.8813e+02
-1.7039e+02 -1.6711e+02 -1.4271e+02 -4.5678e+02
-1.7008e+02 -1.6396e+02 -1.0714e+02 -1.5109e+02
# New trial
-1.7058e+02 -1.6910e+02 -1.6927e+02 -6.8450e+02
-1.7055e+02 -1.6878e+02 -1.6500e+02 -6.4162e+02
-1.7032e+02 -1.6643e+02 -1.3469e+02 -4.0885e+02
-1.6997e+02 -1.6284e+02 -9.9271e+01 -1.5554e+02
# New trial
-1.7070e+02 -1.7045e+02 -1.9799e+02 -9.1654e+02
-1.7057e+02 -1.6909e+02 -1.7614e+02 -6.7445e+02
-1.7034e+02 -1.6669e+02 -1.3949e+02 -4.6912e+02
-1.7006e+02 -1.6380e+02 -1.0589e+02 -1.2457e+02
# New trial
-1.7067e+02 -1.7034e+02 -2.1072e+02 -1.1225e+03
-1.7058e+02 -1.6943e+02 -1.9711e+02 -1.0081e+03
-1.7028e+02 -1.6613e+02 -1.3937e+02 -4.7140e+02
-1.6975e+02 -1.6067e+02 -8.1977e+01 -8.8602e+01
# New trial
-1.7068e+02 -1.7068e+02 -2.3051e+02 -1.5250e+03
-1.7053e+02 -1.6892e+02 -1.8931e+02 -9.6681e+02
-1.7019e+02 -1.6518e+02 -1.2655e+02 -2.4648e+02
-1.6976e+02 -1.6080e+02 -8.1823e+01 -7.7855e+01
# New trial
-1.7117e+02 -1.7742e+02 -3.5756e+02 -2.6979e+03
-1.7080e+02 -1.7212e+02 -2.5266e+02 -1.7959e+03
-1.7002e+02 -1.6352e+02 -1.1214e+02 -2.9557e+02
-1.6932e+02 -1.5639e+02 -5.9290e+01 -5.9494e+01
# New trial
-1.7121e+02 -1.7741e+02 -3.6684e+02 -2.8996e+03
-1.7089e+02 -1.7280e+02 -2.4105e+02 -1.5391e+03
-1.7034e+02 -1.6669e+02 -1.5006e+02 -8.2652e+02
-1.6990e+02 -1.6220e+02 -9.8824e+01 -2.4451e+02
# New trial
-1.7061e+02 -1.6946e+02 -1.7725e+02 -6.8784e+02
-1.7058e+02 -1.6910e+02 -1.6752e+02 -6.0329e+02
-1.7038e+02 -1.6705e+02 -1.3977e+02 -2.7046e+02
-1.7012e+02 -1.6443e+02 -1.1066e+02 -5.8478e+01
# New trial
-1.7056e+02 -1.6913e+02 -1.9084e+02 -9.4512e+02
-1.7054e+02 -1.6884e+02 -1.7462e+02 -6.6671e+02
-1.7028e+02 -1.6610e+02 -1.3688e+02 -4.1220e+02
-1.6986e+02 -1.6183e+02 -9.0338e+01 -1.4183e+02
# New trial
-1.7069e+02 -1.7041e+02 -2.1025e+02 -1.2334e+03
-1.7059e+02 -1.6924e+02 -1.7451e+02 -6.9168e+02
-1.7036e+02 -1.6685e+02 -1.3720e+02 -2.7053e+02
-1.7002e+02 -1.6338e+02 -1.0349e+02 -7.2992e+01
# New trial
