# 1.0sig - Array shape (trial/sig/alpha): (30L, 4L, 4L)
-1.0597e+02 -1.0470e+02 -1.2608e+02 -6.0774e+02
-1.0587e+02 -1.0355e+02 -9.8199e+01 -3.0183e+02
-1.0562e+02 -1.0091e+02 -6.6818e+01 -1.1781e+02
-1.0544e+02 -9.9110e+01 -6.6120e+01 -2.4200e+02
# New trial
-1.0592e+02 -1.0409e+02 -1.0265e+02 -3.1475e+02
-1.0586e+02 -1.0342e+02 -9.0189e+01 -1.2689e+02
-1.0570e+02 -1.0177e+02 -7.0783e+01 -8.9891e+01
-1.0569e+02 -1.0157e+02 -6.7674e+01 -5.9325e+01
# New trial
-1.0596e+02 -1.0439e+02 -1.0316e+02 -4.3049e+02
-1.0588e+02 -1.0358e+02 -9.0043e+01 -1.4325e+02
-1.0571e+02 -1.0183e+02 -7.0674e+01 -8.3648e+01
-1.0561e+02 -1.0074e+02 -6.2013e+01 -5.3715e+01
# New trial
-1.0593e+02 -1.0413e+02 -1.1028e+02 -6.0181e+02
-1.0585e+02 -1.0336e+02 -9.4323e+01 -2.6187e+02
-1.0572e+02 -1.0195e+02 -7.0788e+01 -7.7107e+01
-1.0572e+02 -1.0186e+02 -7.1929e+01 -1.7702e+02
# New trial
-1.0587e+02 -1.0377e+02 -1.3101e+02 -7.6308e+02
-1.0577e+02 -1.0255e+02 -9.5763e+01 -3.8041e+02
-1.0559e+02 -1.0070e+02 -6.3888e+01 -1.1469e+02
-1.0561e+02 -1.0078e+02 -6.7834e+01 -2.0763e+02
# New trial
-1.0593e+02 -1.0417e+02 -1.0751e+02 -5.5489e+02
-1.0588e+02 -1.0357e+02 -9.0899e+01 -2.0867e+02
-1.0574e+02 -1.0209e+02 -7.1000e+01 -7.8350e+01
-1.0568e+02 -1.0145e+02 -6.5763e+01 -4.8680e+01
# New trial
-1.0603e+02 -1.0509e+02 -1.0996e+02 -4.4361e+02
-1.0597e+02 -1.0444e+02 -9.2996e+01 -1.7359e+02
-1.0592e+02 -1.0390e+02 -8.5313e+01 -6.8782e+01
-1.0596e+02 -1.0426e+02 -8.7945e+01 -5.7441e+01
# New trial
-1.0592e+02 -1.0407e+02 -1.1674e+02 -6.4134e+02
-1.0582e+02 -1.0305e+02 -9.6442e+01 -3.9648e+02
-1.0562e+02 -1.0101e+02 -6.6705e+01 -8.6569e+01
-1.0568e+02 -1.0150e+02 -6.9222e+01 -1.2321e+02
# New trial
-1.0579e+02 -1.0325e+02 -1.1757e+02 -6.2152e+02
-1.0552e+02 -1.0034e+02 -8.4850e+01 -3.4850e+02
-1.0513e+02 -9.6224e+01 -4.8418e+01 -1.0712e+02
-1.0528e+02 -9.7624e+01 -5.4649e+01 -6.4988e+01
# New trial
-1.0590e+02 -1.0391e+02 -1.0571e+02 -4.7916e+02
-1.0580e+02 -1.0282e+02 -9.3343e+01 -3.6948e+02
-1.0557e+02 -1.0043e+02 -6.3360e+01 -9.3018e+01
-1.0548e+02 -9.9518e+01 -6.2557e+01 -1.4047e+02
# New trial
-1.0576e+02 -1.0276e+02 -1.1073e+02 -5.3446e+02
-1.0567e+02 -1.0175e+02 -9.6561e+01 -4.0642e+02
-1.0548e+02 -9.9602e+01 -6.1353e+01 -9.4183e+01
-1.0551e+02 -9.9851e+01 -7.0358e+01 -2.1455e+02
# New trial
-1.0598e+02 -1.0489e+02 -1.3841e+02 -8.1701e+02
-1.0583e+02 -1.0317e+02 -9.4315e+01 -3.0397e+02
-1.0557e+02 -1.0046e+02 -6.2069e+01 -1.2871e+02
-1.0539e+02 -9.8569e+01 -5.3678e+01 -8.7802e+01
# New trial
-1.0594e+02 -1.0447e+02 -1.2775e+02 -7.1364e+02
-1.0582e+02 -1.0311e+02 -9.3089e+01 -2.5352e+02
-1.0570e+02 -1.0178e+02 -7.0169e+01 -9.1232e+01
-1.0574e+02 -1.0213e+02 -7.0914e+01 -6.2738e+01
# New trial
-1.0600e+02 -1.0549e+02 -1.7644e+02 -1.2273e+03
-1.0584e+02 -1.0348e+02 -1.1703e+02 -5.3354e+02
-1.0552e+02 -1.0003e+02 -6.6860e+01 -1.2132e+02
-1.0551e+02 -9.9861e+01 -6.0238e+01 -7.0575e+01
# New trial
-1.0594e+02 -1.0434e+02 -1.2468e+02 -7.0518e+02
-1.0588e+02 -1.0362e+02 -9.5735e+01 -2.3047e+02
-1.0576e+02 -1.0228e+02 -7.1738e+01 -6.0825e+01
-1.0572e+02 -1.0188e+02 -6.8244e+01 -5.0993e+01
# New trial
-1.0578e+02 -1.0338e+02 -1.4427e+02 -9.3890e+02
-1.0570e+02 -1.0237e+02 -1.1091e+02 -5.0168e+02
-1.0545e+02 -9.9442e+01 -6.4911e+01 -1.2392e+02
-1.0550e+02 -9.9680e+01 -6.2609e+01 -9.4754e+01
# New trial
-1.0583e+02 -1.0331e+02 -1.0406e+02 -3.8837e+02
-1.0569e+02 -1.0184e+02 -8.6973e+01 -2.8259e+02
-1.0537e+02 -9.8547e+01 -5.6409e+01 -1.3667e+02
-1.0547e+02 -9.9436e+01 -5.8834e+01 -1.0701e+02
# New trial
-1.0596e+02 -1.0451e+02 -1.0953e+02 -4.2842e+02
-1.0587e+02 -1.0361e+02 -9.9594e+01 -3.2745e+02
-1.0564e+02 -1.0122e+02 -7.0665e+01 -1.0701e+02
-1.0566e+02 -1.0133e+02 -7.0449e+01 -1.6958e+02
# New trial
-1.0588e+02 -1.0392e+02 -1.3078e+02 -7.3113e+02
-1.0584e+02 -1.0338e+02 -1.1040e+02 -4.6231e+02
-1.0561e+02 -1.0082e+02 -6.2259e+01 -7.5981e+01
-1.0548e+02 -9.9555e+01 -5.7073e+01 -6.5811e+01
# New trial
-1.0602e+02 -1.0501e+02 -1.2047e+02 -6.2054e+02
-1.0596e+02 -1.0434e+02 -1.0265e+02 -3.8617e+02
-1.0580e+02 -1.0274e+02 -7.6426e+01 -9.3257e+01
-1.0572e+02 -1.0188e+02 -6.8136e+01 -5.9114e+01
# New trial
-1.0584e+02 -1.0374e+02 -1.3153e+02 -7.2643e+02
-1.0570e+02 -1.0198e+02 -8.8440e+01 -2.1726e+02
-1.0568e+02 -1.0156e+02 -7.1164e+01 -7.5758e+01
-1.0589e+02 -1.0357e+02 -8.3982e+01 -2.0282e+02
# New trial
-1.0597e+02 -1.0452e+02 -1.2124e+02 -7.3884e+02
-1.0589e+02 -1.0361e+02 -8.7522e+01 -1.5054e+02
-1.0573e+02 -1.0201e+02 -6.8254e+01 -6.3229e+01
-1.0570e+02 -1.0173e+02 -6.6678e+01 -4.6656e+01
# New trial
-1.0600e+02 -1.0521e+02 -1.4090e+02 -7.9849e+02
-1.0581e+02 -1.0312e+02 -9.8296e+01 -3.9282e+02
-1.0559e+02 -1.0067e+02 -6.4269e+01 -9.9131e+01
-1.0569e+02 -1.0154e+02 -6.7993e+01 -5.6884e+01
# New trial
-1.0603e+02 -1.0564e+02 -1.3587e+02 -6.4914e+02
-1.0583e+02 -1.0341e+02 -1.0453e+02 -3.8345e+02
-1.0545e+02 -9.9328e+01 -5.8896e+01 -1.2452e+02
-1.0527e+02 -9.7468e+01 -5.2399e+01 -6.5267e+01
# New trial
-1.0608e+02 -1.0633e+02 -1.7465e+02 -1.1611e+03
-1.0591e+02 -1.0418e+02 -1.1316e+02 -4.6618e+02
-1.0553e+02 -1.0011e+02 -6.6777e+01 -1.2586e+02
-1.0554e+02 -1.0016e+02 -6.8835e+01 -2.0899e+02
# New trial
-1.0598e+02 -1.0454e+02 -9.7715e+01 -2.3612e+02
-1.0589e+02 -1.0363e+02 -8.8036e+01 -1.3484e+02
-1.0570e+02 -1.0175e+02 -6.9499e+01 -9.0670e+01
-1.0577e+02 -1.0240e+02 -7.2292e+01 -7.3065e+01
# New trial
-1.0590e+02 -1.0395e+02 -1.1407e+02 -6.1706e+02
-1.0587e+02 -1.0357e+02 -9.6187e+01 -3.0064e+02
-1.0573e+02 -1.0208e+02 -7.2769e+01 -9.0837e+01
-1.0571e+02 -1.0178e+02 -7.1025e+01 -1.2986e+02
# New trial
-1.0598e+02 -1.0542e+02 -1.4987e+02 -1.0074e+03
-1.0582e+02 -1.0346e+02 -1.0922e+02 -4.3418e+02
-1.0548e+02 -9.9690e+01 -6.0075e+01 -1.1055e+02
-1.0545e+02 -9.9230e+01 -5.6921e+01 -8.4859e+01
# New trial
-1.0589e+02 -1.0385e+02 -1.0682e+02 -4.0674e+02
-1.0577e+02 -1.0258e+02 -8.3941e+01 -1.5937e+02
-1.0560e+02 -1.0082e+02 -6.5078e+01 -7.7316e+01
-1.0570e+02 -1.0173e+02 -6.9342e+01 -7.2644e+01
# New trial
-1.0591e+02 -1.0409e+02 -1.1735e+02 -5.8012e+02
-1.0588e+02 -1.0365e+02 -9.7641e+01 -2.5536e+02
-1.0570e+02 -1.0172e+02 -6.8364e+01 -9.7084e+01
-1.0561e+02 -1.0079e+02 -6.1953e+01 -5.3216e+01
# New trial
