# 1.0sig - Array shape (trial/sig/alpha): (30, 4, 4)
-1.4763e+02 -1.4716e+02 -1.4421e+02 -1.9389e+02
-1.4760e+02 -1.4687e+02 -1.4036e+02 -1.5394e+02
-1.4753e+02 -1.4613e+02 -1.3374e+02 -1.3233e+02
-1.4745e+02 -1.4535e+02 -1.2851e+02 -1.2461e+02
# New trial
-1.4763e+02 -1.4720e+02 -1.4393e+02 -1.5185e+02
-1.4761e+02 -1.4697e+02 -1.4184e+02 -1.4568e+02
-1.4754e+02 -1.4627e+02 -1.3514e+02 -1.2462e+02
-1.4747e+02 -1.4559e+02 -1.2954e+02 -1.2461e+02
# New trial
-1.4764e+02 -1.4721e+02 -1.4363e+02 -1.6845e+02
-1.4761e+02 -1.4699e+02 -1.4134e+02 -1.2751e+02
-1.4756e+02 -1.4640e+02 -1.3585e+02 -1.2461e+02
-1.4752e+02 -1.4603e+02 -1.3269e+02 -1.2461e+02
# New trial
-1.4764e+02 -1.4725e+02 -1.4627e+02 -2.4351e+02
-1.4762e+02 -1.4702e+02 -1.4256e+02 -1.6080e+02
-1.4756e+02 -1.4642e+02 -1.3643e+02 -1.2587e+02
-1.4753e+02 -1.4611e+02 -1.3539e+02 -1.6885e+02
# New trial
-1.4761e+02 -1.4693e+02 -1.4525e+02 -2.3203e+02
-1.4757e+02 -1.4658e+02 -1.3867e+02 -1.4185e+02
-1.4751e+02 -1.4597e+02 -1.3289e+02 -1.2477e+02
-1.4749e+02 -1.4573e+02 -1.3449e+02 -1.9391e+02
# New trial
-1.4764e+02 -1.4726e+02 -1.4545e+02 -2.4758e+02
-1.4762e+02 -1.4704e+02 -1.4179e+02 -1.4091e+02
-1.4757e+02 -1.4652e+02 -1.3674e+02 -1.2471e+02
-1.4754e+02 -1.4622e+02 -1.3489e+02 -1.5497e+02
# New trial
-1.4766e+02 -1.4748e+02 -1.4638e+02 -1.8842e+02
-1.4765e+02 -1.4735e+02 -1.4448e+02 -1.4399e+02
-1.4762e+02 -1.4708e+02 -1.4176e+02 -1.2674e+02
-1.4760e+02 -1.4687e+02 -1.3991e+02 -1.4405e+02
# New trial
-1.4763e+02 -1.4719e+02 -1.4645e+02 -2.4905e+02
-1.4760e+02 -1.4687e+02 -1.4089e+02 -1.6173e+02
-1.4752e+02 -1.4609e+02 -1.3332e+02 -1.2461e+02
-1.4745e+02 -1.4539e+02 -1.2897e+02 -1.2543e+02
# New trial
-1.4758e+02 -1.4667e+02 -1.4274e+02 -2.1250e+02
-1.4752e+02 -1.4609e+02 -1.3637e+02 -1.5291e+02
-1.4740e+02 -1.4491e+02 -1.2766e+02 -1.2461e+02
-1.4735e+02 -1.4440e+02 -1.2722e+02 -1.2947e+02
# New trial
-1.4763e+02 -1.4720e+02 -1.4399e+02 -2.0264e+02
-1.4760e+02 -1.4689e+02 -1.4079e+02 -1.6334e+02
-1.4752e+02 -1.4606e+02 -1.3320e+02 -1.2608e+02
-1.4744e+02 -1.4522e+02 -1.3001e+02 -1.4338e+02
# New trial
-1.4762e+02 -1.4704e+02 -1.4460e+02 -2.1780e+02
-1.4759e+02 -1.4672e+02 -1.4138e+02 -1.8580e+02
-1.4750e+02 -1.4589e+02 -1.3240e+02 -1.3570e+02
-1.4743e+02 -1.4520e+02 -1.2989e+02 -1.2592e+02
# New trial
-1.4763e+02 -1.4719e+02 -1.4701e+02 -2.4258e+02
-1.4759e+02 -1.4678e+02 -1.3978e+02 -1.4627e+02
-1.4752e+02 -1.4600e+02 -1.3201e+02 -1.2461e+02
-1.4742e+02 -1.4504e+02 -1.2723e+02 -1.2461e+02
# New trial
-1.4766e+02 -1.4749e+02 -1.4963e+02 -2.7886e+02
-1.4762e+02 -1.4706e+02 -1.4293e+02 -1.5999e+02
-1.4755e+02 -1.4638e+02 -1.3613e+02 -1.2764e+02
-1.4753e+02 -1.4613e+02 -1.3421e+02 -1.5241e+02
# New trial
-1.4764e+02 -1.4732e+02 -1.5784e+02 -3.6367e+02
-1.4759e+02 -1.4674e+02 -1.4337e+02 -2.0667e+02
-1.4747e+02 -1.4553e+02 -1.2953e+02 -1.2461e+02
-1.4737e+02 -1.4459e+02 -1.2728e+02 -1.2959e+02
# New trial
-1.4764e+02 -1.4726e+02 -1.4494e+02 -1.9856e+02
-1.4762e+02 -1.4702e+02 -1.4191e+02 -1.3836e+02
-1.4756e+02 -1.4644e+02 -1.3608e+02 -1.2543e+02
-1.4753e+02 -1.4613e+02 -1.3452e+02 -1.6267e+02
# New trial
-1.4761e+02 -1.4711e+02 -1.5603e+02 -3.4748e+02
-1.4756e+02 -1.4654e+02 -1.4355e+02 -1.9517e+02
-1.4744e+02 -1.4527e+02 -1.2936e+02 -1.2461e+02
-1.4742e+02 -1.4506e+02 -1.2879e+02 -1.3203e+02
# New trial
-1.4762e+02 -1.4705e+02 -1.4319e+02 -1.7094e+02
-1.4758e+02 -1.4670e+02 -1.3978e+02 -1.5292e+02
-1.4748e+02 -1.4567e+02 -1.3228e+02 -1.2483e+02
-1.4740e+02 -1.4487e+02 -1.3273e+02 -1.5450e+02
# New trial
-1.4763e+02 -1.4721e+02 -1.4455e+02 -1.7240e+02
-1.4761e+02 -1.4693e+02 -1.4211e+02 -1.5170e+02
-1.4753e+02 -1.4614e+02 -1.3396e+02 -1.2461e+02
-1.4749e+02 -1.4580e+02 -1.3105e+02 -1.2461e+02
# New trial
-1.4763e+02 -1.4718e+02 -1.4866e+02 -2.6392e+02
-1.4760e+02 -1.4687e+02 -1.4291e+02 -1.7896e+02
-1.4753e+02 -1.4611e+02 -1.3341e+02 -1.2461e+02
-1.4749e+02 -1.4580e+02 -1.3070e+02 -1.2461e+02
# New trial
-1.4764e+02 -1.4724e+02 -1.4537e+02 -2.3489e+02
-1.4762e+02 -1.4708e+02 -1.4220e+02 -1.5164e+02
-1.4758e+02 -1.4665e+02 -1.3767e+02 -1.2461e+02
-1.4753e+02 -1.4616e+02 -1.3334e+02 -1.2461e+02
# New trial
-1.4762e+02 -1.4713e+02 -1.4809e+02 -2.4690e+02
-1.4758e+02 -1.4669e+02 -1.3994e+02 -1.3575e+02
-1.4752e+02 -1.4606e+02 -1.3404e+02 -1.2462e+02
-1.4753e+02 -1.4617e+02 -1.3428e+02 -1.3353e+02
# New trial
-1.4764e+02 -1.4724e+02 -1.4516e+02 -2.3107e+02
-1.4762e+02 -1.4706e+02 -1.4179e+02 -1.2759e+02
-1.4757e+02 -1.4656e+02 -1.3709e+02 -1.2485e+02
-1.4749e+02 -1.4576e+02 -1.3059e+02 -1.2461e+02
# New trial
-1.4762e+02 -1.4705e+02 -1.4496e+02 -2.3288e+02
-1.4758e+02 -1.4665e+02 -1.3955e+02 -1.3229e+02
-1.4750e+02 -1.4584e+02 -1.3244e+02 -1.2462e+02
-1.4746e+02 -1.4542e+02 -1.2901e+02 -1.2461e+02
# New trial
-1.4762e+02 -1.4712e+02 -1.4569e+02 -1.7372e+02
-1.4757e+02 -1.4660e+02 -1.3969e+02 -1.3691e+02
-1.4746e+02 -1.4546e+02 -1.2907e+02 -1.2461e+02
-1.4739e+02 -1.4477e+02 -1.2651e+02 -1.2461e+02
# New trial
-1.4764e+02 -1.4731e+02 -1.5565e+02 -3.3609e+02
-1.4758e+02 -1.4673e+02 -1.4185e+02 -1.6178e+02
-1.4748e+02 -1.4568e+02 -1.3173e+02 -1.2474e+02
-1.4743e+02 -1.4519e+02 -1.2828e+02 -1.2461e+02
# New trial
-1.4765e+02 -1.4735e+02 -1.4457e+02 -1.5114e+02
-1.4762e+02 -1.4707e+02 -1.4182e+02 -1.2704e+02
-1.4755e+02 -1.4635e+02 -1.3505e+02 -1.2461e+02
-1.4749e+02 -1.4576e+02 -1.3027e+02 -1.2461e+02
# New trial
-1.4762e+02 -1.4711e+02 -1.4628e+02 -2.5460e+02
-1.4760e+02 -1.4687e+02 -1.4171e+02 -1.6106e+02
-1.4754e+02 -1.4622e+02 -1.3470e+02 -1.2464e+02
-1.4749e+02 -1.4574e+02 -1.3132e+02 -1.3643e+02
# New trial
-1.4766e+02 -1.4746e+02 -1.5184e+02 -2.7667e+02
-1.4761e+02 -1.4695e+02 -1.4493e+02 -2.1071e+02
-1.4747e+02 -1.4560e+02 -1.3044e+02 -1.2461e+02
-1.4733e+02 -1.4417e+02 -1.2506e+02 -1.2461e+02
# New trial
-1.4765e+02 -1.4733e+02 -1.4553e+02 -1.9139e+02
-1.4762e+02 -1.4703e+02 -1.4225e+02 -1.5955e+02
-1.4754e+02 -1.4623e+02 -1.3514e+02 -1.2467e+02
-1.4748e+02 -1.4563e+02 -1.3086e+02 -1.3568e+02
# New trial
-1.4763e+02 -1.4719e+02 -1.4400e+02 -1.9600e+02
-1.4761e+02 -1.4699e+02 -1.4149e+02 -1.4464e+02
-1.4755e+02 -1.4633e+02 -1.3479e+02 -1.2461e+02
-1.4747e+02 -1.4554e+02 -1.2954e+02 -1.2461e+02
# New trial
