# 1.0sig - Array shape (trial/sig/alpha): (30, 4, 4)
-1.5662e+02 -1.5423e+02 -1.5591e+02 -5.9056e+02
-1.5646e+02 -1.5247e+02 -1.2537e+02 -1.5609e+02
-1.5603e+02 -1.4811e+02 -8.0826e+01 -5.0828e+01
-1.5567e+02 -1.4457e+02 -8.1347e+01 -2.5615e+02
# New trial
-1.5665e+02 -1.5443e+02 -1.4533e+02 -3.5061e+02
-1.5653e+02 -1.5318e+02 -1.3069e+02 -1.6625e+02
-1.5618e+02 -1.4970e+02 -9.5121e+01 -5.0774e+01
-1.5603e+02 -1.4809e+02 -8.0713e+01 -5.0766e+01
# New trial
-1.5665e+02 -1.5437e+02 -1.4299e+02 -3.9008e+02
-1.5653e+02 -1.5318e+02 -1.2710e+02 -1.2159e+02
-1.5623e+02 -1.5011e+02 -9.6157e+01 -6.0821e+01
-1.5602e+02 -1.4797e+02 -8.1232e+01 -6.1198e+01
# New trial
-1.5666e+02 -1.5455e+02 -1.6078e+02 -8.2093e+02
-1.5654e+02 -1.5330e+02 -1.3710e+02 -3.1367e+02
-1.5625e+02 -1.5039e+02 -1.0051e+02 -5.1584e+01
-1.5614e+02 -1.4923e+02 -8.8654e+01 -5.0767e+01
# New trial
-1.5647e+02 -1.5278e+02 -1.5947e+02 -7.4532e+02
-1.5631e+02 -1.5100e+02 -1.1911e+02 -3.0128e+02
-1.5600e+02 -1.4786e+02 -8.1062e+01 -5.2408e+01
-1.5592e+02 -1.4701e+02 -7.5465e+01 -5.1390e+01
# New trial
-1.5672e+02 -1.5508e+02 -1.6005e+02 -7.1245e+02
-1.5660e+02 -1.5387e+02 -1.3550e+02 -2.7660e+02
-1.5630e+02 -1.5085e+02 -1.0295e+02 -5.2834e+01
-1.5610e+02 -1.4886e+02 -9.1919e+01 -1.5568e+02
# New trial
-1.5678e+02 -1.5559e+02 -1.5262e+02 -5.0557e+02
-1.5670e+02 -1.5480e+02 -1.3805e+02 -2.1556e+02
-1.5658e+02 -1.5358e+02 -1.2496e+02 -6.8400e+01
-1.5657e+02 -1.5347e+02 -1.2353e+02 -8.6851e+01
# New trial
-1.5661e+02 -1.5420e+02 -1.7069e+02 -8.1653e+02
-1.5644e+02 -1.5235e+02 -1.3313e+02 -4.8022e+02
-1.5608e+02 -1.4867e+02 -8.6313e+01 -5.0767e+01
-1.5598e+02 -1.4767e+02 -7.9244e+01 -5.0841e+01
# New trial
-1.5639e+02 -1.5232e+02 -1.5894e+02 -6.5911e+02
-1.5606e+02 -1.4886e+02 -1.2022e+02 -3.9326e+02
-1.5539e+02 -1.4199e+02 -6.5948e+01 -5.0912e+01
-1.5533e+02 -1.4128e+02 -6.0975e+01 -6.5695e+01
# New trial
-1.5660e+02 -1.5394e+02 -1.4821e+02 -5.5976e+02
-1.5644e+02 -1.5230e+02 -1.3063e+02 -3.6864e+02
-1.5602e+02 -1.4802e+02 -8.1139e+01 -5.0767e+01
-1.5575e+02 -1.4535e+02 -6.9134e+01 -5.0766e+01
# New trial
-1.5651e+02 -1.5316e+02 -1.5070e+02 -6.1123e+02
-1.5634e+02 -1.5148e+02 -1.3393e+02 -4.6500e+02
-1.5591e+02 -1.4701e+02 -8.2924e+01 -7.1607e+01
-1.5573e+02 -1.4517e+02 -7.1752e+01 -8.6159e+01
# New trial
-1.5663e+02 -1.5445e+02 -1.7459e+02 -8.6575e+02
-1.5643e+02 -1.5216e+02 -1.2331e+02 -2.2324e+02
-1.5601e+02 -1.4788e+02 -7.8213e+01 -5.0767e+01
-1.5562e+02 -1.4401e+02 -6.1983e+01 -5.0766e+01
# New trial
-1.5672e+02 -1.5524e+02 -1.7728e+02 -9.0474e+02
-1.5653e+02 -1.5324e+02 -1.3692e+02 -3.2232e+02
-1.5625e+02 -1.5037e+02 -1.0085e+02 -5.6040e+01
-1.5618e+02 -1.4962e+02 -9.1064e+01 -5.0931e+01
# New trial
-1.5660e+02 -1.5446e+02 -2.1548e+02 -1.3386e+03
-1.5636e+02 -1.5171e+02 -1.4514e+02 -5.1813e+02
-1.5586e+02 -1.4655e+02 -7.9103e+01 -5.0948e+01
-1.5572e+02 -1.4508e+02 -8.5348e+01 -3.0078e+02
# New trial
-1.5670e+02 -1.5496e+02 -1.6312e+02 -8.0206e+02
-1.5657e+02 -1.5355e+02 -1.3658e+02 -2.9668e+02
-1.5627e+02 -1.5056e+02 -9.9505e+01 -5.3559e+01
-1.5614e+02 -1.4924e+02 -8.9253e+01 -7.8697e+01
# New trial
-1.5658e+02 -1.5460e+02 -2.1874e+02 -1.3575e+03
-1.5635e+02 -1.5199e+02 -1.5012e+02 -4.8726e+02
-1.5579e+02 -1.4605e+02 -8.6675e+01 -5.2523e+01
-1.5574e+02 -1.4537e+02 -1.0763e+02 -5.2582e+02
# New trial
-1.5656e+02 -1.5352e+02 -1.4204e+02 -3.5690e+02
-1.5634e+02 -1.5135e+02 -1.2283e+02 -2.7687e+02
-1.5576e+02 -1.4558e+02 -7.5130e+01 -5.1431e+01
-1.5563e+02 -1.4419e+02 -6.9500e+01 -8.6677e+01
# New trial
-1.5662e+02 -1.5416e+02 -1.4586e+02 -3.8375e+02
-1.5647e+02 -1.5269e+02 -1.3205e+02 -2.8632e+02
-1.5609e+02 -1.4881e+02 -9.0848e+01 -5.8404e+01
-1.5605e+02 -1.4836e+02 -9.1818e+01 -2.2737e+02
# New trial
-1.5667e+02 -1.5484e+02 -1.8340e+02 -9.6338e+02
-1.5650e+02 -1.5304e+02 -1.5092e+02 -5.2662e+02
-1.5605e+02 -1.4834e+02 -8.2254e+01 -5.0766e+01
-1.5578e+02 -1.4562e+02 -6.8588e+01 -5.0766e+01
# New trial
-1.5669e+02 -1.5482e+02 -1.5887e+02 -7.2419e+02
-1.5660e+02 -1.5384e+02 -1.3654e+02 -3.2810e+02
-1.5636e+02 -1.5137e+02 -1.0431e+02 -5.0772e+01
-1.5616e+02 -1.4941e+02 -8.8496e+01 -5.0766e+01
# New trial
-1.5652e+02 -1.5338e+02 -1.6346e+02 -8.0437e+02
-1.5632e+02 -1.5126e+02 -1.2274e+02 -2.3707e+02
-1.5613e+02 -1.4916e+02 -9.3796e+01 -5.3475e+01
-1.5635e+02 -1.5131e+02 -1.0557e+02 -8.5960e+01
# New trial
-1.5664e+02 -1.5430e+02 -1.5836e+02 -7.9482e+02
-1.5653e+02 -1.5316e+02 -1.2477e+02 -1.0305e+02
-1.5629e+02 -1.5069e+02 -9.9620e+01 -5.0807e+01
-1.5608e+02 -1.4860e+02 -8.2440e+01 -5.0799e+01
# New trial
-1.5660e+02 -1.5421e+02 -1.7207e+02 -7.8155e+02
-1.5631e+02 -1.5113e+02 -1.1749e+02 -1.8255e+02
-1.5594e+02 -1.4730e+02 -7.9296e+01 -5.1394e+01
-1.5598e+02 -1.4762e+02 -8.4268e+01 -1.1707e+02
# New trial
-1.5659e+02 -1.5416e+02 -1.6329e+02 -5.4404e+02
-1.5633e+02 -1.5137e+02 -1.2602e+02 -2.8419e+02
-1.5575e+02 -1.4540e+02 -7.0484e+01 -5.0781e+01
-1.5538e+02 -1.4165e+02 -5.8896e+01 -5.0766e+01
# New trial
-1.5667e+02 -1.5539e+02 -2.2756e+02 -1.4616e+03
-1.5639e+02 -1.5214e+02 -1.4221e+02 -4.0503e+02
-1.5581e+02 -1.4600e+02 -7.0003e+01 -5.0766e+01
-1.5567e+02 -1.4451e+02 -6.6736e+01 -5.0766e+01
# New trial
-1.5670e+02 -1.5478e+02 -1.3979e+02 -2.3108e+02
-1.5654e+02 -1.5322e+02 -1.2515e+02 -1.0744e+02
-1.5621e+02 -1.4988e+02 -9.5386e+01 -5.2191e+01
-1.5614e+02 -1.4920e+02 -8.7259e+01 -5.1828e+01
# New trial
-1.5657e+02 -1.5365e+02 -1.5332e+02 -8.5635e+02
-1.5647e+02 -1.5264e+02 -1.2903e+02 -2.6774e+02
-1.5619e+02 -1.4979e+02 -9.5852e+01 -5.6856e+01
-1.5606e+02 -1.4845e+02 -8.3630e+01 -5.4113e+01
# New trial
-1.5661e+02 -1.5442e+02 -1.7873e+02 -9.9576e+02
-1.5640e+02 -1.5218e+02 -1.3891e+02 -4.4652e+02
-1.5588e+02 -1.4672e+02 -7.4718e+01 -6.8862e+01
-1.5559e+02 -1.4373e+02 -6.4538e+01 -5.9630e+01
# New trial
-1.5668e+02 -1.5472e+02 -1.5234e+02 -4.4930e+02
-1.5649e+02 -1.5278e+02 -1.2628e+02 -2.2253e+02
-1.5610e+02 -1.4885e+02 -8.9411e+01 -5.1091e+01
-1.5604e+02 -1.4821e+02 -8.2609e+01 -6.5350e+01
# New trial
-1.5661e+02 -1.5397e+02 -1.4392e+02 -5.0787e+02
-1.5651e+02 -1.5295e+02 -1.3010e+02 -2.2610e+02
-1.5620e+02 -1.4981e+02 -9.5813e+01 -6.5196e+01
-1.5597e+02 -1.4748e+02 -8.5323e+01 -1.8049e+02
# New trial
