# 10.0sig - Array shape (trial/sig/alpha): (30L, 4L, 4L)
-9.2291e+01 -9.2236e+01 -9.8076e+01 -3.2942e+02
-9.2277e+01 -9.2083e+01 -9.4770e+01 -3.0269e+02
-9.2231e+01 -9.1606e+01 -8.6803e+01 -1.3328e+02
-9.2159e+01 -9.0875e+01 -7.8582e+01 -5.6676e+01
# New trial
-9.2348e+01 -9.3195e+01 -1.3073e+02 -7.4453e+02
-9.2301e+01 -9.2640e+01 -1.1619e+02 -5.4266e+02
-9.2197e+01 -9.1354e+01 -8.9765e+01 -2.1386e+02
-9.2018e+01 -8.9471e+01 -6.6344e+01 -5.0807e+01
# New trial
-9.2289e+01 -9.2264e+01 -1.0501e+02 -4.4675e+02
-9.2255e+01 -9.1912e+01 -9.7488e+01 -3.1624e+02
-9.2123e+01 -9.0527e+01 -7.6812e+01 -7.2862e+01
-9.1972e+01 -8.9002e+01 -6.2273e+01 -5.0766e+01
# New trial
-9.2276e+01 -9.2110e+01 -9.9079e+01 -3.4680e+02
-9.2254e+01 -9.1890e+01 -9.6152e+01 -2.9445e+02
-9.2145e+01 -9.0759e+01 -8.0678e+01 -1.7392e+02
-9.2010e+01 -8.9392e+01 -6.6102e+01 -6.0552e+01
# New trial
-9.2347e+01 -9.2947e+01 -1.2034e+02 -6.4285e+02
-9.2296e+01 -9.2316e+01 -9.9945e+01 -3.3971e+02
-9.2220e+01 -9.1511e+01 -8.6642e+01 -1.3639e+02
-9.2129e+01 -9.0568e+01 -7.5650e+01 -6.6653e+01
# New trial
-9.2256e+01 -9.1920e+01 -9.6602e+01 -2.6349e+02
-9.2220e+01 -9.1543e+01 -9.1130e+01 -2.3744e+02
-9.2114e+01 -9.0451e+01 -7.8530e+01 -1.7397e+02
-9.1963e+01 -8.8928e+01 -6.3576e+01 -7.5019e+01
# New trial
-9.2259e+01 -9.1881e+01 -8.9583e+01 -2.0882e+02
-9.2253e+01 -9.1814e+01 -8.8815e+01 -2.0591e+02
-9.2216e+01 -9.1447e+01 -8.4471e+01 -1.1404e+02
-9.2168e+01 -9.0960e+01 -7.9252e+01 -6.3820e+01
# New trial
-9.2281e+01 -9.2201e+01 -1.0419e+02 -4.0369e+02
-9.2258e+01 -9.1972e+01 -1.0006e+02 -3.5372e+02
-9.2179e+01 -9.1122e+01 -8.4767e+01 -1.7322e+02
-9.2068e+01 -8.9964e+01 -7.0096e+01 -5.0773e+01
# New trial
-9.2376e+01 -9.3432e+01 -1.4418e+02 -8.8122e+02
-9.2322e+01 -9.2723e+01 -1.1518e+02 -4.9967e+02
-9.2161e+01 -9.0939e+01 -8.5315e+01 -2.5144e+02
-9.1990e+01 -8.9196e+01 -6.6293e+01 -9.4882e+01
# New trial
-9.2265e+01 -9.1934e+01 -9.0143e+01 -2.3310e+02
-9.2248e+01 -9.1760e+01 -8.7632e+01 -1.2489e+02
-9.2208e+01 -9.1364e+01 -8.3366e+01 -8.7979e+01
-9.2185e+01 -9.1130e+01 -8.0868e+01 -7.5093e+01
# New trial
-9.2366e+01 -9.3290e+01 -1.3086e+02 -7.3810e+02
-9.2231e+01 -9.1752e+01 -1.1506e+02 -6.4700e+02
-9.2045e+01 -8.9801e+01 -8.1776e+01 -2.7759e+02
-9.1861e+01 -8.7907e+01 -5.6798e+01 -5.0789e+01
# New trial
-9.2348e+01 -9.3035e+01 -1.2858e+02 -7.2481e+02
-9.2281e+01 -9.2155e+01 -9.7257e+01 -2.5620e+02
-9.2214e+01 -9.1442e+01 -8.5820e+01 -1.2883e+02
-9.2126e+01 -9.0541e+01 -7.5372e+01 -5.0804e+01
# New trial
-9.2276e+01 -9.2257e+01 -1.1501e+02 -5.6865e+02
-9.2241e+01 -9.1850e+01 -1.0195e+02 -3.4371e+02
-9.2139e+01 -9.0725e+01 -8.1431e+01 -1.4517e+02
-9.2017e+01 -8.9466e+01 -6.6882e+01 -5.8770e+01
# New trial
-9.2321e+01 -9.2619e+01 -1.0881e+02 -4.3301e+02
-9.2277e+01 -9.2135e+01 -9.8792e+01 -2.8887e+02
-9.2149e+01 -9.0793e+01 -8.0311e+01 -1.3004e+02
-9.2019e+01 -8.9475e+01 -6.6046e+01 -5.0774e+01
# New trial
-9.2325e+01 -9.2749e+01 -1.1754e+02 -5.2651e+02
-9.2283e+01 -9.2261e+01 -1.0676e+02 -3.9204e+02
-9.2150e+01 -9.0812e+01 -8.0943e+01 -9.8215e+01
-9.1992e+01 -8.9203e+01 -6.3679e+01 -5.0766e+01
# New trial
-9.2351e+01 -9.3248e+01 -1.4337e+02 -8.5235e+02
-9.2288e+01 -9.2429e+01 -1.1067e+02 -4.1084e+02
-9.2114e+01 -9.0523e+01 -8.3101e+01 -1.9424e+02
-9.1900e+01 -8.8298e+01 -5.8113e+01 -5.0766e+01
# New trial
-9.2304e+01 -9.2700e+01 -1.3907e+02 -8.0628e+02
-9.2231e+01 -9.1735e+01 -1.0039e+02 -3.4401e+02
-9.2101e+01 -9.0352e+01 -8.0755e+01 -2.5108e+02
-9.1954e+01 -8.8846e+01 -6.1847e+01 -5.0767e+01
# New trial
-9.2358e+01 -9.2971e+01 -1.1085e+02 -4.8756e+02
-9.2299e+01 -9.2339e+01 -1.0037e+02 -3.7685e+02
-9.2176e+01 -9.1074e+01 -8.4170e+01 -1.7047e+02
-9.2092e+01 -9.0210e+01 -7.3268e+01 -6.0996e+01
# New trial
-9.2297e+01 -9.2303e+01 -1.0049e+02 -3.7553e+02
-9.2264e+01 -9.1938e+01 -9.1009e+01 -1.8249e+02
-9.2213e+01 -9.1414e+01 -8.3827e+01 -6.1539e+01
-9.2149e+01 -9.0775e+01 -7.7310e+01 -5.0798e+01
# New trial
-9.2368e+01 -9.3232e+01 -1.3407e+02 -7.3908e+02
-9.2300e+01 -9.2382e+01 -1.0447e+02 -4.2733e+02
-9.2150e+01 -9.0811e+01 -8.1954e+01 -1.8161e+02
-9.1978e+01 -8.9069e+01 -6.5153e+01 -9.0452e+01
# New trial
-9.2314e+01 -9.2541e+01 -1.0996e+02 -4.7130e+02
-9.2250e+01 -9.1810e+01 -9.0749e+01 -2.1363e+02
-9.2139e+01 -9.0678e+01 -7.7219e+01 -7.9436e+01
-9.2033e+01 -8.9613e+01 -6.7369e+01 -5.8848e+01
# New trial
-9.2281e+01 -9.2130e+01 -9.6581e+01 -2.9122e+02
-9.2270e+01 -9.2036e+01 -9.6963e+01 -3.1590e+02
-9.2184e+01 -9.1147e+01 -8.3750e+01 -1.5379e+02
-9.2046e+01 -8.9748e+01 -6.9935e+01 -5.1367e+01
# New trial
-9.2287e+01 -9.2255e+01 -1.0236e+02 -3.3284e+02
-9.2251e+01 -9.1879e+01 -9.6813e+01 -2.8020e+02
-9.2147e+01 -9.0779e+01 -8.0827e+01 -1.4710e+02
-9.2022e+01 -8.9504e+01 -6.6116e+01 -5.0767e+01
# New trial
-9.2265e+01 -9.2168e+01 -1.1075e+02 -4.5124e+02
-9.2230e+01 -9.1805e+01 -1.0548e+02 -4.1948e+02
-9.2115e+01 -9.0512e+01 -7.9782e+01 -1.0115e+02
-9.1934e+01 -8.8634e+01 -5.9807e+01 -5.0766e+01
# New trial
-9.2369e+01 -9.3302e+01 -1.2750e+02 -6.5215e+02
-9.2292e+01 -9.2407e+01 -1.0966e+02 -4.9241e+02
-9.2123e+01 -9.0549e+01 -7.7900e+01 -7.8835e+01
-9.1950e+01 -8.8789e+01 -6.1004e+01 -5.0766e+01
# New trial
-9.2495e+01 -9.5032e+01 -1.5739e+02 -9.0262e+02
-9.2342e+01 -9.3001e+01 -1.2265e+02 -6.4317e+02
-9.2043e+01 -8.9754e+01 -7.0674e+01 -5.1566e+01
-9.1744e+01 -8.6742e+01 -5.2539e+01 -5.0766e+01
# New trial
-9.2443e+01 -9.4399e+01 -1.5566e+02 -9.1782e+02
-9.2292e+01 -9.2380e+01 -1.0788e+02 -4.4333e+02
-9.2077e+01 -9.0082e+01 -7.4358e+01 -9.1999e+01
-9.1897e+01 -8.8265e+01 -5.9227e+01 -5.0976e+01
# New trial
-9.2239e+01 -9.1691e+01 -8.9033e+01 -1.8451e+02
-9.2215e+01 -9.1455e+01 -8.7073e+01 -1.8805e+02
-9.2137e+01 -9.0667e+01 -7.7305e+01 -5.1225e+01
-9.2023e+01 -8.9510e+01 -6.5936e+01 -5.0766e+01
# New trial
-9.2321e+01 -9.2723e+01 -1.2740e+02 -7.1928e+02
-9.2294e+01 -9.2396e+01 -1.0741e+02 -4.4383e+02
-9.2170e+01 -9.1064e+01 -8.6545e+01 -2.2824e+02
-9.2002e+01 -8.9310e+01 -6.5700e+01 -6.7186e+01
# New trial
-9.2259e+01 -9.1936e+01 -1.0123e+02 -4.2363e+02
-9.2228e+01 -9.1619e+01 -9.3670e+01 -2.9271e+02
-9.2129e+01 -9.0588e+01 -7.8617e+01 -1.3635e+02
-9.1983e+01 -8.9118e+01 -6.4299e+01 -5.2447e+01
# New trial
