# 1.0sig - Array shape (trial/sig/alpha): (30L, 4L, 4L)
-2.7612e+01 -2.7030e+01 -2.8299e+01 -7.6559e+01
-2.7665e+01 -2.7468e+01 -2.7977e+01 -6.8459e+01
-2.7686e+01 -2.7651e+01 -2.8039e+01 -7.1784e+01
-2.7690e+01 -2.7687e+01 -2.7687e+01 -3.6115e+01
# New trial
-2.7637e+01 -2.7217e+01 -2.7625e+01 -6.7664e+01
-2.7654e+01 -2.7349e+01 -2.5988e+01 -3.9012e+01
-2.7682e+01 -2.7614e+01 -2.7310e+01 -4.5249e+01
-2.7690e+01 -2.7682e+01 -2.7655e+01 -2.8422e+01
# New trial
-2.7740e+01 -2.8249e+01 -4.0234e+01 -2.1787e+02
-2.7743e+01 -2.8265e+01 -3.6712e+01 -1.6531e+02
-2.7728e+01 -2.8084e+01 -3.2530e+01 -1.0918e+02
-2.7690e+01 -2.7693e+01 -2.7838e+01 -3.4059e+01
# New trial
-2.7584e+01 -2.6687e+01 -2.2843e+01 -2.4650e+01
-2.7643e+01 -2.7246e+01 -2.5502e+01 -3.0146e+01
-2.7684e+01 -2.7628e+01 -2.7465e+01 -3.7039e+01
-2.7690e+01 -2.7687e+01 -2.7666e+01 -2.7784e+01
# New trial
-2.7685e+01 -2.7735e+01 -3.5849e+01 -1.6298e+02
-2.7670e+01 -2.7538e+01 -3.0011e+01 -9.6804e+01
-2.7683e+01 -2.7631e+01 -2.8394e+01 -8.8724e+01
-2.7691e+01 -2.7690e+01 -2.7831e+01 -6.1874e+01
# New trial
-2.7629e+01 -2.7209e+01 -2.9718e+01 -8.2412e+01
-2.7678e+01 -2.7599e+01 -2.9053e+01 -7.4062e+01
-2.7689e+01 -2.7678e+01 -2.8003e+01 -5.3098e+01
-2.7690e+01 -2.7682e+01 -2.7673e+01 -2.8929e+01
# New trial
-2.7674e+01 -2.7574e+01 -2.9863e+01 -8.5854e+01
-2.7694e+01 -2.7740e+01 -2.9092e+01 -5.5992e+01
-2.7698e+01 -2.7768e+01 -2.8616e+01 -4.5714e+01
-2.7691e+01 -2.7690e+01 -2.7697e+01 -2.7988e+01
# New trial
-2.7733e+01 -2.8217e+01 -3.8901e+01 -1.7829e+02
-2.7703e+01 -2.7851e+01 -3.1888e+01 -9.9779e+01
-2.7681e+01 -2.7597e+01 -2.7360e+01 -5.6220e+01
-2.7690e+01 -2.7684e+01 -2.7631e+01 -2.9550e+01
# New trial
-2.7524e+01 -2.6380e+01 -2.5500e+01 -5.0674e+01
-2.7626e+01 -2.7165e+01 -2.7078e+01 -5.6869e+01
-2.7678e+01 -2.7587e+01 -2.7895e+01 -7.3903e+01
-2.7691e+01 -2.7691e+01 -2.7866e+01 -6.1196e+01
# New trial
-2.7590e+01 -2.6826e+01 -2.4985e+01 -3.3680e+01
-2.7667e+01 -2.7483e+01 -2.7661e+01 -6.2931e+01
-2.7688e+01 -2.7672e+01 -2.7965e+01 -6.1618e+01
-2.7690e+01 -2.7687e+01 -2.7681e+01 -3.2501e+01
# New trial
-2.7623e+01 -2.7144e+01 -3.1694e+01 -1.1886e+02
-2.7667e+01 -2.7522e+01 -3.0778e+01 -1.0148e+02
-2.7688e+01 -2.7670e+01 -2.8899e+01 -9.2731e+01
-2.7691e+01 -2.7693e+01 -2.7835e+01 -5.6335e+01
# New trial
-2.7755e+01 -2.8640e+01 -4.5154e+01 -2.3514e+02
-2.7716e+01 -2.7987e+01 -3.2685e+01 -1.0869e+02
-2.7689e+01 -2.7684e+01 -2.8193e+01 -7.6238e+01
-2.7690e+01 -2.7685e+01 -2.7686e+01 -3.7765e+01
# New trial
-2.7706e+01 -2.7863e+01 -3.1624e+01 -1.0379e+02
-2.7697e+01 -2.7761e+01 -2.8885e+01 -5.9229e+01
-2.7690e+01 -2.7681e+01 -2.7655e+01 -3.4561e+01
-2.7691e+01 -2.7690e+01 -2.7684e+01 -2.7677e+01
# New trial
-2.7578e+01 -2.6952e+01 -3.5388e+01 -1.5932e+02
-2.7616e+01 -2.7127e+01 -2.8865e+01 -8.1499e+01
-2.7672e+01 -2.7543e+01 -2.7596e+01 -6.3810e+01
-2.7689e+01 -2.7677e+01 -2.7648e+01 -2.9708e+01
# New trial
-2.7579e+01 -2.6733e+01 -2.5257e+01 -3.8387e+01
-2.7654e+01 -2.7369e+01 -2.6883e+01 -4.6268e+01
-2.7684e+01 -2.7636e+01 -2.7585e+01 -3.5126e+01
-2.7690e+01 -2.7684e+01 -2.7650e+01 -2.8165e+01
# New trial
-2.7625e+01 -2.7511e+01 -3.8349e+01 -1.8651e+02
-2.7681e+01 -2.7739e+01 -3.2458e+01 -1.1090e+02
-2.7693e+01 -2.7741e+01 -2.9661e+01 -1.0013e+02
-2.7692e+01 -2.7701e+01 -2.8068e+01 -7.1457e+01
# New trial
-2.7663e+01 -2.7626e+01 -3.6957e+01 -1.7632e+02
-2.7693e+01 -2.7813e+01 -3.3306e+01 -1.1400e+02
-2.7692e+01 -2.7723e+01 -2.9153e+01 -7.8434e+01
-2.7689e+01 -2.7681e+01 -2.7697e+01 -3.4512e+01
# New trial
-2.7669e+01 -2.7570e+01 -3.2779e+01 -1.1610e+02
-2.7669e+01 -2.7527e+01 -2.8466e+01 -5.9518e+01
-2.7682e+01 -2.7620e+01 -2.7661e+01 -4.5161e+01
-2.7691e+01 -2.7689e+01 -2.7723e+01 -4.1846e+01
# New trial
-2.7677e+01 -2.7617e+01 -3.4320e+01 -1.4270e+02
-2.7675e+01 -2.7565e+01 -2.9214e+01 -8.4599e+01
-2.7688e+01 -2.7665e+01 -2.8064e+01 -7.3927e+01
-2.7691e+01 -2.7693e+01 -2.7750e+01 -4.2983e+01
# New trial
-2.7671e+01 -2.7641e+01 -3.5852e+01 -1.5403e+02
-2.7669e+01 -2.7526e+01 -2.8906e+01 -6.2492e+01
-2.7684e+01 -2.7626e+01 -2.7476e+01 -3.7833e+01
-2.7690e+01 -2.7687e+01 -2.7676e+01 -3.0243e+01
# New trial
-2.7720e+01 -2.8092e+01 -3.8498e+01 -1.6586e+02
-2.7698e+01 -2.7812e+01 -3.0944e+01 -8.3850e+01
-2.7686e+01 -2.7657e+01 -2.7807e+01 -4.6285e+01
-2.7690e+01 -2.7690e+01 -2.7766e+01 -4.5641e+01
# New trial
-2.7678e+01 -2.7578e+01 -2.9824e+01 -1.0298e+02
-2.7687e+01 -2.7659e+01 -2.8629e+01 -7.4225e+01
-2.7691e+01 -2.7692e+01 -2.7906e+01 -6.1457e+01
-2.7691e+01 -2.7692e+01 -2.7715e+01 -3.2956e+01
# New trial
-2.7677e+01 -2.7953e+01 -4.5339e+01 -2.5238e+02
-2.7638e+01 -2.7322e+01 -2.8848e+01 -7.2615e+01
-2.7670e+01 -2.7521e+01 -2.7045e+01 -4.4286e+01
-2.7688e+01 -2.7668e+01 -2.7653e+01 -3.3859e+01
# New trial
-2.7631e+01 -2.7370e+01 -3.5024e+01 -1.5070e+02
-2.7671e+01 -2.7582e+01 -3.0202e+01 -8.6061e+01
-2.7685e+01 -2.7647e+01 -2.7996e+01 -6.3306e+01
-2.7690e+01 -2.7682e+01 -2.7656e+01 -2.8259e+01
# New trial
-2.7724e+01 -2.8035e+01 -3.2168e+01 -9.8466e+01
-2.7716e+01 -2.7945e+01 -3.0901e+01 -9.7638e+01
-2.7700e+01 -2.7791e+01 -2.9091e+01 -8.1479e+01
-2.7691e+01 -2.7692e+01 -2.7722e+01 -3.3763e+01
# New trial
-2.7661e+01 -2.7472e+01 -3.1665e+01 -1.1426e+02
-2.7661e+01 -2.7425e+01 -2.6898e+01 -4.6452e+01
-2.7683e+01 -2.7620e+01 -2.7328e+01 -3.5531e+01
-2.7690e+01 -2.7687e+01 -2.7680e+01 -3.2556e+01
# New trial
-2.7585e+01 -2.6720e+01 -2.3906e+01 -2.9460e+01
-2.7644e+01 -2.7251e+01 -2.5010e+01 -2.8322e+01
-2.7685e+01 -2.7635e+01 -2.7572e+01 -5.7359e+01
-2.7690e+01 -2.7687e+01 -2.7698e+01 -3.3877e+01
# New trial
-2.7727e+01 -2.8292e+01 -4.8482e+01 -3.0033e+02
-2.7698e+01 -2.7842e+01 -3.4674e+01 -1.4493e+02
-2.7681e+01 -2.7616e+01 -2.8555e+01 -9.9019e+01
-2.7690e+01 -2.7685e+01 -2.7725e+01 -5.0671e+01
# New trial
-2.7653e+01 -2.7408e+01 -2.9897e+01 -8.1026e+01
-2.7662e+01 -2.7438e+01 -2.6740e+01 -3.5284e+01
-2.7685e+01 -2.7641e+01 -2.7564e+01 -4.6490e+01
-2.7691e+01 -2.7690e+01 -2.7715e+01 -3.6027e+01
# New trial
-2.7712e+01 -2.7973e+01 -3.7816e+01 -1.8827e+02
-2.7697e+01 -2.7784e+01 -3.1159e+01 -9.6367e+01
-2.7688e+01 -2.7669e+01 -2.7966e+01 -6.0352e+01
-2.7689e+01 -2.7679e+01 -2.7656e+01 -3.9486e+01
# New trial
