# 1.0sig - Array shape (trial/sig/alpha): (30, 4, 4)
-1.2899e+02 -1.2730e+02 -1.5029e+02 -7.9580e+02
-1.2886e+02 -1.2580e+02 -1.1841e+02 -3.6051e+02
-1.2851e+02 -1.2217e+02 -7.4395e+01 -1.6849e+02
-1.2824e+02 -1.1947e+02 -5.8866e+01 -1.3075e+02
# New trial
-1.2892e+02 -1.2647e+02 -1.2540e+02 -4.9784e+02
-1.2885e+02 -1.2568e+02 -1.0776e+02 -2.0973e+02
-1.2863e+02 -1.2340e+02 -8.1638e+01 -1.0305e+02
-1.2858e+02 -1.2284e+02 -7.4591e+01 -7.1940e+01
# New trial
-1.2893e+02 -1.2650e+02 -1.2147e+02 -4.5215e+02
-1.2886e+02 -1.2571e+02 -1.0533e+02 -1.3871e+02
-1.2865e+02 -1.2357e+02 -8.0924e+01 -1.2259e+02
-1.2846e+02 -1.2164e+02 -6.6727e+01 -7.6953e+01
# New trial
-1.2898e+02 -1.2699e+02 -1.3949e+02 -8.3658e+02
-1.2887e+02 -1.2587e+02 -1.1599e+02 -4.0877e+02
-1.2866e+02 -1.2372e+02 -8.3624e+01 -1.1676e+02
-1.2863e+02 -1.2336e+02 -7.9106e+01 -1.1803e+02
# New trial
-1.2886e+02 -1.2624e+02 -1.6035e+02 -9.8421e+02
-1.2872e+02 -1.2451e+02 -1.1301e+02 -4.3976e+02
-1.2851e+02 -1.2228e+02 -8.1025e+01 -1.7905e+02
-1.2848e+02 -1.2186e+02 -7.0329e+01 -8.4842e+01
# New trial
-1.2895e+02 -1.2670e+02 -1.3076e+02 -7.0037e+02
-1.2888e+02 -1.2593e+02 -1.1141e+02 -3.5316e+02
-1.2868e+02 -1.2383e+02 -8.3037e+01 -1.1317e+02
-1.2856e+02 -1.2264e+02 -7.6652e+01 -1.6903e+02
# New trial
-1.2912e+02 -1.2830e+02 -1.3955e+02 -7.0578e+02
-1.2904e+02 -1.2741e+02 -1.1655e+02 -3.0614e+02
-1.2894e+02 -1.2638e+02 -1.0226e+02 -8.8261e+01
-1.2897e+02 -1.2668e+02 -1.0459e+02 -9.5334e+01
# New trial
-1.2899e+02 -1.2732e+02 -1.5724e+02 -9.0688e+02
-1.2883e+02 -1.2554e+02 -1.2025e+02 -5.0433e+02
-1.2854e+02 -1.2253e+02 -7.7001e+01 -1.1555e+02
-1.2853e+02 -1.2231e+02 -7.1970e+01 -7.0224e+01
# New trial
-1.2887e+02 -1.2665e+02 -1.6127e+02 -9.9276e+02
-1.2855e+02 -1.2321e+02 -1.2278e+02 -7.1550e+02
-1.2799e+02 -1.1714e+02 -6.8367e+01 -2.9122e+02
-1.2802e+02 -1.1734e+02 -6.1732e+01 -2.0233e+02
# New trial
-1.2900e+02 -1.2733e+02 -1.3857e+02 -7.0836e+02
-1.2884e+02 -1.2566e+02 -1.1836e+02 -5.3380e+02
-1.2848e+02 -1.2191e+02 -7.1695e+01 -1.5700e+02
-1.2835e+02 -1.2055e+02 -6.7588e+01 -1.8255e+02
# New trial
-1.2883e+02 -1.2600e+02 -1.5198e+02 -8.8328e+02
-1.2869e+02 -1.2440e+02 -1.2723e+02 -6.6803e+02
-1.2836e+02 -1.2075e+02 -7.0789e+01 -1.9313e+02
-1.2835e+02 -1.2052e+02 -7.1892e+01 -2.4589e+02
# New trial
-1.2891e+02 -1.2665e+02 -1.6426e+02 -1.0226e+03
-1.2878e+02 -1.2503e+02 -1.1079e+02 -3.4424e+02
-1.2846e+02 -1.2165e+02 -6.7995e+01 -1.6373e+02
-1.2820e+02 -1.1909e+02 -5.7034e+01 -5.6635e+01
# New trial
-1.2894e+02 -1.2688e+02 -1.5520e+02 -9.7286e+02
-1.2879e+02 -1.2515e+02 -1.0906e+02 -2.6647e+02
-1.2861e+02 -1.2323e+02 -8.1713e+01 -1.1525e+02
-1.2864e+02 -1.2345e+02 -8.0967e+01 -1.2581e+02
# New trial
-1.2900e+02 -1.2827e+02 -2.2574e+02 -1.6709e+03
-1.2880e+02 -1.2561e+02 -1.4238e+02 -6.8258e+02
-1.2837e+02 -1.2091e+02 -7.0238e+01 -1.7462e+02
-1.2836e+02 -1.2068e+02 -6.4812e+01 -9.0515e+01
# New trial
-1.2900e+02 -1.2734e+02 -1.5008e+02 -9.2575e+02
-1.2892e+02 -1.2639e+02 -1.2073e+02 -3.9859e+02
-1.2872e+02 -1.2427e+02 -8.8148e+01 -1.3435e+02
-1.2863e+02 -1.2327e+02 -7.6735e+01 -7.3327e+01
# New trial
-1.2890e+02 -1.2730e+02 -2.0422e+02 -1.4663e+03
-1.2872e+02 -1.2509e+02 -1.3919e+02 -6.7655e+02
-1.2831e+02 -1.2037e+02 -7.2527e+01 -1.7421e+02
-1.2834e+02 -1.2043e+02 -6.8692e+01 -1.2937e+02
# New trial
-1.2880e+02 -1.2540e+02 -1.2776e+02 -5.4595e+02
-1.2863e+02 -1.2370e+02 -1.0854e+02 -4.0178e+02
-1.2822e+02 -1.1939e+02 -6.5355e+01 -2.1345e+02
-1.2828e+02 -1.1987e+02 -6.4353e+01 -8.7578e+01
# New trial
-1.2892e+02 -1.2655e+02 -1.2968e+02 -5.4196e+02
-1.2882e+02 -1.2550e+02 -1.1725e+02 -3.9459e+02
-1.2855e+02 -1.2266e+02 -7.9686e+01 -1.4397e+02
-1.2857e+02 -1.2274e+02 -7.8687e+01 -2.3757e+02
# New trial
-1.2896e+02 -1.2726e+02 -1.7337e+02 -1.0880e+03
-1.2888e+02 -1.2623e+02 -1.3840e+02 -6.4908e+02
-1.2854e+02 -1.2246e+02 -7.4759e+01 -1.5583e+02
-1.2834e+02 -1.2044e+02 -6.1686e+01 -7.8692e+01
# New trial
-1.2906e+02 -1.2783e+02 -1.4973e+02 -9.0902e+02
-1.2899e+02 -1.2705e+02 -1.2549e+02 -5.2986e+02
-1.2878e+02 -1.2481e+02 -8.9430e+01 -1.2500e+02
-1.2863e+02 -1.2328e+02 -7.5817e+01 -5.7443e+01
# New trial
-1.2883e+02 -1.2604e+02 -1.6076e+02 -9.8646e+02
-1.2864e+02 -1.2379e+02 -1.0034e+02 -2.9054e+02
-1.2858e+02 -1.2288e+02 -7.8369e+01 -8.3388e+01
-1.2884e+02 -1.2539e+02 -9.4011e+01 -7.4760e+01
# New trial
-1.2893e+02 -1.2650e+02 -1.3413e+02 -7.6881e+02
-1.2888e+02 -1.2586e+02 -1.0450e+02 -1.9061e+02
-1.2869e+02 -1.2389e+02 -8.1026e+01 -1.0491e+02
-1.2860e+02 -1.2301e+02 -7.4189e+01 -9.2409e+01
# New trial
-1.2890e+02 -1.2686e+02 -1.6952e+02 -1.0006e+03
-1.2871e+02 -1.2457e+02 -1.1521e+02 -4.2226e+02
-1.2843e+02 -1.2154e+02 -7.3324e+01 -1.3606e+02
-1.2857e+02 -1.2271e+02 -7.5643e+01 -6.8387e+01
# New trial
-1.2890e+02 -1.2693e+02 -1.5988e+02 -7.9496e+02
-1.2868e+02 -1.2431e+02 -1.1456e+02 -4.0046e+02
-1.2826e+02 -1.1980e+02 -6.2389e+01 -1.3657e+02
-1.2802e+02 -1.1734e+02 -5.4615e+01 -6.8301e+01
# New trial
-1.2901e+02 -1.2807e+02 -2.0290e+02 -1.4636e+03
-1.2882e+02 -1.2569e+02 -1.2888e+02 -5.1760e+02
-1.2834e+02 -1.2062e+02 -6.7381e+01 -1.4258e+02
-1.2830e+02 -1.2009e+02 -6.3995e+01 -5.9092e+01
# New trial
-1.2899e+02 -1.2696e+02 -1.1819e+02 -3.3421e+02
-1.2884e+02 -1.2552e+02 -1.0085e+02 -1.4307e+02
-1.2860e+02 -1.2307e+02 -7.7103e+01 -1.0043e+02
-1.2865e+02 -1.2348e+02 -7.9039e+01 -1.4556e+02
# New trial
-1.2887e+02 -1.2594e+02 -1.4072e+02 -8.6505e+02
-1.2882e+02 -1.2537e+02 -1.1030e+02 -3.8563e+02
-1.2864e+02 -1.2341e+02 -7.8557e+01 -8.7455e+01
-1.2859e+02 -1.2293e+02 -7.4444e+01 -5.1465e+01
# New trial
-1.2895e+02 -1.2795e+02 -1.8907e+02 -1.3364e+03
-1.2878e+02 -1.2551e+02 -1.2955e+02 -5.2694e+02
-1.2838e+02 -1.2104e+02 -7.6042e+01 -1.6207e+02
-1.2831e+02 -1.2028e+02 -8.6546e+01 -3.2120e+02
# New trial
-1.2901e+02 -1.2755e+02 -1.4551e+02 -6.9807e+02
-1.2883e+02 -1.2553e+02 -1.0854e+02 -2.6155e+02
-1.2853e+02 -1.2241e+02 -7.4712e+01 -1.1404e+02
-1.2857e+02 -1.2272e+02 -7.4077e+01 -8.4111e+01
# New trial
-1.2883e+02 -1.2564e+02 -1.3669e+02 -8.1751e+02
-1.2877e+02 -1.2492e+02 -1.0828e+02 -3.5719e+02
-1.2859e+02 -1.2298e+02 -7.6574e+01 -1.3000e+02
-1.2850e+02 -1.2201e+02 -6.9108e+01 -5.5310e+01
# New trial
