# 1.0sig - Array shape (trial/sig/alpha): (30, 4, 4)
-1.7055e+02 -1.6871e+02 -1.6124e+02 -3.9183e+02
-1.7043e+02 -1.6754e+02 -1.4374e+02 -1.3163e+02
-1.7013e+02 -1.6453e+02 -1.1388e+02 -8.7687e+01
-1.6981e+02 -1.6131e+02 -9.7921e+01 -8.7687e+01
# New trial
-1.7058e+02 -1.6900e+02 -1.5783e+02 -2.2101e+02
-1.7049e+02 -1.6809e+02 -1.4954e+02 -1.5297e+02
-1.7022e+02 -1.6543e+02 -1.2328e+02 -8.7688e+01
-1.7004e+02 -1.6363e+02 -1.0894e+02 -8.7687e+01
# New trial
-1.7057e+02 -1.6895e+02 -1.5755e+02 -3.8612e+02
-1.7049e+02 -1.6814e+02 -1.4756e+02 -1.0360e+02
-1.7027e+02 -1.6591e+02 -1.2572e+02 -8.8217e+01
-1.7007e+02 -1.6392e+02 -1.1139e+02 -8.7932e+01
# New trial
-1.7057e+02 -1.6889e+02 -1.5662e+02 -3.2483e+02
-1.7049e+02 -1.6810e+02 -1.4927e+02 -1.7232e+02
-1.7029e+02 -1.6607e+02 -1.2907e+02 -9.0673e+01
-1.7019e+02 -1.6511e+02 -1.2123e+02 -1.2539e+02
# New trial
-1.7048e+02 -1.6805e+02 -1.6253e+02 -5.0600e+02
-1.7036e+02 -1.6685e+02 -1.4199e+02 -2.3762e+02
-1.7012e+02 -1.6446e+02 -1.1716e+02 -8.8552e+01
-1.6997e+02 -1.6292e+02 -1.0555e+02 -8.7694e+01
# New trial
-1.7060e+02 -1.6918e+02 -1.6267e+02 -4.8385e+02
-1.7052e+02 -1.6839e+02 -1.4990e+02 -1.8520e+02
-1.7031e+02 -1.6632e+02 -1.2865e+02 -8.7688e+01
-1.7014e+02 -1.6456e+02 -1.1435e+02 -8.7687e+01
# New trial
-1.7069e+02 -1.7006e+02 -1.6731e+02 -3.3414e+02
-1.7063e+02 -1.6950e+02 -1.5887e+02 -1.9016e+02
-1.7054e+02 -1.6853e+02 -1.4903e+02 -1.1056e+02
-1.7048e+02 -1.6802e+02 -1.4397e+02 -1.0127e+02
# New trial
-1.7058e+02 -1.6905e+02 -1.7196e+02 -5.8512e+02
-1.7046e+02 -1.6785e+02 -1.5099e+02 -3.1252e+02
-1.7020e+02 -1.6522e+02 -1.2266e+02 -8.8248e+01
-1.7004e+02 -1.6359e+02 -1.1009e+02 -9.1952e+01
# New trial
-1.7040e+02 -1.6732e+02 -1.5573e+02 -3.8186e+02
-1.7019e+02 -1.6520e+02 -1.3516e+02 -2.0563e+02
-1.6972e+02 -1.6051e+02 -1.0311e+02 -8.8238e+01
-1.6949e+02 -1.5816e+02 -9.4040e+01 -8.7837e+01
# New trial
-1.7057e+02 -1.6895e+02 -1.5853e+02 -3.3316e+02
-1.7046e+02 -1.6785e+02 -1.4702e+02 -2.2358e+02
-1.7016e+02 -1.6476e+02 -1.1640e+02 -8.7688e+01
-1.6988e+02 -1.6200e+02 -1.0118e+02 -8.7687e+01
# New trial
-1.7047e+02 -1.6793e+02 -1.5477e+02 -3.3700e+02
-1.7035e+02 -1.6677e+02 -1.4429e+02 -2.6151e+02
-1.7004e+02 -1.6366e+02 -1.1528e+02 -1.1250e+02
-1.6990e+02 -1.6218e+02 -1.0753e+02 -1.2866e+02
# New trial
-1.7058e+02 -1.6909e+02 -1.7226e+02 -5.6019e+02
-1.7044e+02 -1.6762e+02 -1.4642e+02 -2.2937e+02
-1.7015e+02 -1.6467e+02 -1.1759e+02 -8.7736e+01
-1.6981e+02 -1.6132e+02 -1.0004e+02 -8.8557e+01
# New trial
-1.7062e+02 -1.6946e+02 -1.7593e+02 -6.5131e+02
-1.7049e+02 -1.6810e+02 -1.5141e+02 -2.5937e+02
-1.7027e+02 -1.6590e+02 -1.2763e+02 -8.8816e+01
-1.7023e+02 -1.6545e+02 -1.2191e+02 -8.7831e+01
# New trial
-1.7051e+02 -1.6857e+02 -2.0144e+02 -9.4388e+02
-1.7036e+02 -1.6691e+02 -1.5487e+02 -3.9847e+02
-1.7001e+02 -1.6331e+02 -1.0904e+02 -8.7689e+01
-1.6979e+02 -1.6118e+02 -1.0191e+02 -1.0976e+02
# New trial
-1.7063e+02 -1.6951e+02 -1.7241e+02 -5.8015e+02
-1.7053e+02 -1.6848e+02 -1.5344e+02 -2.4549e+02
-1.7030e+02 -1.6621e+02 -1.2893e+02 -9.9636e+01
-1.7016e+02 -1.6476e+02 -1.2300e+02 -2.6126e+02
# New trial
-1.7052e+02 -1.6889e+02 -2.0943e+02 -9.6751e+02
-1.7031e+02 -1.6668e+02 -1.6007e+02 -3.8959e+02
-1.6986e+02 -1.6200e+02 -1.0678e+02 -8.8044e+01
-1.6973e+02 -1.6054e+02 -9.9241e+01 -8.8767e+01
# New trial
-1.7054e+02 -1.6869e+02 -1.5920e+02 -3.2620e+02
-1.7040e+02 -1.6722e+02 -1.4533e+02 -2.4519e+02
-1.6997e+02 -1.6297e+02 -1.0741e+02 -8.7704e+01
-1.6972e+02 -1.6038e+02 -9.7090e+01 -9.4444e+01
# New trial
-1.7056e+02 -1.6883e+02 -1.5828e+02 -2.7505e+02
-1.7046e+02 -1.6787e+02 -1.4955e+02 -2.0780e+02
-1.7020e+02 -1.6520e+02 -1.2479e+02 -1.0185e+02
-1.7010e+02 -1.6424e+02 -1.1877e+02 -1.5651e+02
# New trial
-1.7056e+02 -1.6887e+02 -1.7135e+02 -6.5284e+02
-1.7046e+02 -1.6784e+02 -1.5348e+02 -3.3436e+02
-1.7017e+02 -1.6494e+02 -1.2135e+02 -9.2312e+01
-1.6994e+02 -1.6261e+02 -1.1305e+02 -2.1114e+02
# New trial
-1.7061e+02 -1.6935e+02 -1.6711e+02 -5.3492e+02
-1.7055e+02 -1.6873e+02 -1.5397e+02 -2.4100e+02
-1.7039e+02 -1.6707e+02 -1.3509e+02 -8.7690e+01
-1.7020e+02 -1.6518e+02 -1.1940e+02 -8.7687e+01
# New trial
-1.7054e+02 -1.6877e+02 -1.7500e+02 -5.6858e+02
-1.7036e+02 -1.6692e+02 -1.4260e+02 -1.5503e+02
-1.7016e+02 -1.6486e+02 -1.2065e+02 -8.8418e+01
-1.7025e+02 -1.6565e+02 -1.2503e+02 -1.5738e+02
# New trial
-1.7058e+02 -1.6904e+02 -1.6219e+02 -4.9302e+02
-1.7052e+02 -1.6833e+02 -1.4798e+02 -1.1328e+02
-1.7034e+02 -1.6653e+02 -1.3061e+02 -8.7971e+01
-1.7012e+02 -1.6436e+02 -1.1287e+02 -8.7690e+01
# New trial
-1.7057e+02 -1.6907e+02 -1.7372e+02 -5.3833e+02
-1.7039e+02 -1.6719e+02 -1.4773e+02 -2.8205e+02
-1.7007e+02 -1.6390e+02 -1.1279e+02 -8.7687e+01
-1.7002e+02 -1.6340e+02 -1.0925e+02 -9.4893e+01
# New trial
-1.7053e+02 -1.6864e+02 -1.6594e+02 -3.3836e+02
-1.7036e+02 -1.6686e+02 -1.4722e+02 -2.5025e+02
-1.6992e+02 -1.6247e+02 -1.0716e+02 -8.7700e+01
-1.6956e+02 -1.5882e+02 -9.3794e+01 -8.7687e+01
# New trial
-1.7056e+02 -1.6920e+02 -2.0566e+02 -9.0873e+02
-1.7035e+02 -1.6680e+02 -1.4663e+02 -2.4702e+02
-1.6997e+02 -1.6292e+02 -1.0891e+02 -8.8211e+01
-1.6973e+02 -1.6056e+02 -1.0465e+02 -1.3613e+02
# New trial
-1.7063e+02 -1.6946e+02 -1.5915e+02 -1.7157e+02
-1.7052e+02 -1.6837e+02 -1.4890e+02 -1.1098e+02
-1.7027e+02 -1.6591e+02 -1.2812e+02 -9.1014e+01
-1.7012e+02 -1.6440e+02 -1.1678e+02 -1.2907e+02
# New trial
-1.7053e+02 -1.6856e+02 -1.6724e+02 -5.8894e+02
-1.7045e+02 -1.6770e+02 -1.4805e+02 -2.3198e+02
-1.7024e+02 -1.6557e+02 -1.2428e+02 -8.7741e+01
-1.7011e+02 -1.6431e+02 -1.1557e+02 -1.3698e+02
# New trial
-1.7060e+02 -1.6944e+02 -1.8247e+02 -6.3754e+02
-1.7042e+02 -1.6757e+02 -1.5597e+02 -3.5250e+02
-1.7002e+02 -1.6341e+02 -1.0962e+02 -1.0807e+02
-1.6974e+02 -1.6065e+02 -9.8561e+01 -9.6228e+01
# New trial
-1.7058e+02 -1.6904e+02 -1.6016e+02 -3.2261e+02
-1.7046e+02 -1.6786e+02 -1.4777e+02 -2.1596e+02
-1.7019e+02 -1.6512e+02 -1.2033e+02 -8.7687e+01
-1.7008e+02 -1.6402e+02 -1.1101e+02 -8.7687e+01
# New trial
-1.7057e+02 -1.6893e+02 -1.6005e+02 -4.0852e+02
-1.7050e+02 -1.6821e+02 -1.4999e+02 -2.1032e+02
-1.7027e+02 -1.6584e+02 -1.2569e+02 -9.1403e+01
-1.7004e+02 -1.6361e+02 -1.0881e+02 -8.7720e+01
# New trial
