# 10.0sig - Array shape (trial/sig/alpha): (30L, 4L, 4L)
-6.4600e+01 -6.4517e+01 -6.6290e+01 -1.4755e+02
-6.4596e+01 -6.4466e+01 -6.4919e+01 -1.2919e+02
-6.4582e+01 -6.4318e+01 -6.2079e+01 -7.6987e+01
-6.4562e+01 -6.4112e+01 -5.9739e+01 -5.1161e+01
# New trial
-6.4636e+01 -6.5056e+01 -8.3285e+01 -3.4170e+02
-6.4631e+01 -6.4954e+01 -7.6273e+01 -2.4219e+02
-6.4599e+01 -6.4501e+01 -6.5405e+01 -1.1969e+02
-6.4513e+01 -6.3628e+01 -5.5742e+01 -5.0785e+01
# New trial
-6.4600e+01 -6.4549e+01 -7.0592e+01 -2.0243e+02
-6.4588e+01 -6.4424e+01 -6.7262e+01 -1.4439e+02
-6.4541e+01 -6.3924e+01 -5.9618e+01 -8.5039e+01
-6.4485e+01 -6.3354e+01 -5.3622e+01 -5.0766e+01
# New trial
-6.4597e+01 -6.4487e+01 -6.6541e+01 -1.5999e+02
-6.4589e+01 -6.4413e+01 -6.5939e+01 -1.3136e+02
-6.4552e+01 -6.4036e+01 -6.0774e+01 -9.3841e+01
-6.4496e+01 -6.3462e+01 -5.4762e+01 -5.5570e+01
# New trial
-6.4636e+01 -6.4940e+01 -7.5539e+01 -2.5167e+02
-6.4617e+01 -6.4706e+01 -6.8991e+01 -1.7112e+02
-6.4589e+01 -6.4398e+01 -6.3626e+01 -1.0362e+02
-6.4551e+01 -6.4010e+01 -5.8799e+01 -5.0864e+01
# New trial
-6.4607e+01 -6.4605e+01 -6.8035e+01 -1.6236e+02
-6.4590e+01 -6.4426e+01 -6.5012e+01 -1.1552e+02
-6.4542e+01 -6.3920e+01 -5.8515e+01 -5.6137e+01
-6.4473e+01 -6.3229e+01 -5.2797e+01 -5.0766e+01
# New trial
-6.4611e+01 -6.4613e+01 -6.5419e+01 -1.1465e+02
-6.4611e+01 -6.4614e+01 -6.5446e+01 -1.1775e+02
-6.4599e+01 -6.4488e+01 -6.3814e+01 -1.0058e+02
-6.4579e+01 -6.4282e+01 -6.1385e+01 -5.8607e+01
# New trial
-6.4599e+01 -6.4544e+01 -6.9654e+01 -1.8108e+02
-6.4590e+01 -6.4451e+01 -6.8027e+01 -1.5865e+02
-6.4559e+01 -6.4111e+01 -6.1566e+01 -8.1893e+01
-6.4536e+01 -6.3857e+01 -5.7452e+01 -5.0766e+01
# New trial
-6.4662e+01 -6.5289e+01 -8.8038e+01 -3.8962e+02
-6.4647e+01 -6.5057e+01 -7.6967e+01 -2.5273e+02
-6.4588e+01 -6.4390e+01 -6.4341e+01 -1.3755e+02
-6.4533e+01 -6.3825e+01 -5.7724e+01 -5.1235e+01
# New trial
-6.4603e+01 -6.4536e+01 -6.5020e+01 -1.3435e+02
-6.4598e+01 -6.4474e+01 -6.3684e+01 -9.1929e+01
-6.4585e+01 -6.4350e+01 -6.2130e+01 -6.2182e+01
-6.4583e+01 -6.4330e+01 -6.1837e+01 -5.3956e+01
# New trial
-6.4631e+01 -6.4961e+01 -7.9423e+01 -2.9922e+02
-6.4578e+01 -6.4351e+01 -7.4727e+01 -2.6995e+02
-6.4512e+01 -6.3651e+01 -6.1884e+01 -1.2638e+02
-6.4479e+01 -6.3292e+01 -5.3887e+01 -5.0767e+01
# New trial
-6.4627e+01 -6.4910e+01 -8.0661e+01 -2.9919e+02
-6.4598e+01 -6.4512e+01 -6.6384e+01 -1.1792e+02
-6.4574e+01 -6.4246e+01 -6.1691e+01 -5.8907e+01
-6.4551e+01 -6.4005e+01 -5.8774e+01 -5.0766e+01
# New trial
-6.4630e+01 -6.4905e+01 -7.7659e+01 -2.7425e+02
-6.4616e+01 -6.4735e+01 -7.1350e+01 -1.9168e+02
-6.4572e+01 -6.4235e+01 -6.2646e+01 -9.7848e+01
-6.4528e+01 -6.3778e+01 -5.7129e+01 -5.0775e+01
# New trial
-6.4624e+01 -6.4792e+01 -7.2169e+01 -2.0451e+02
-6.4609e+01 -6.4618e+01 -6.8031e+01 -1.4669e+02
-6.4564e+01 -6.4137e+01 -6.0608e+01 -7.1257e+01
-6.4518e+01 -6.3677e+01 -5.6051e+01 -5.0801e+01
# New trial
-6.4618e+01 -6.4768e+01 -7.4376e+01 -2.2418e+02
-6.4601e+01 -6.4577e+01 -7.0118e+01 -1.8245e+02
-6.4557e+01 -6.4093e+01 -6.1670e+01 -8.8362e+01
-6.4510e+01 -6.3600e+01 -5.5462e+01 -5.0766e+01
# New trial
-6.4634e+01 -6.5063e+01 -8.5465e+01 -3.5214e+02
-6.4611e+01 -6.4732e+01 -7.2723e+01 -1.9605e+02
-6.4544e+01 -6.3992e+01 -6.1737e+01 -9.6342e+01
-6.4476e+01 -6.3273e+01 -5.3689e+01 -5.0877e+01
# New trial
-6.4597e+01 -6.4601e+01 -8.1674e+01 -3.3253e+02
-6.4578e+01 -6.4344e+01 -6.8141e+01 -1.7388e+02
-6.4542e+01 -6.3945e+01 -6.1427e+01 -1.0316e+02
-6.4504e+01 -6.3543e+01 -5.5233e+01 -5.0791e+01
# New trial
-6.4640e+01 -6.4944e+01 -7.3328e+01 -2.2225e+02
-6.4621e+01 -6.4733e+01 -6.8572e+01 -1.6672e+02
-6.4582e+01 -6.4325e+01 -6.3808e+01 -1.4086e+02
-6.4559e+01 -6.4091e+01 -6.0114e+01 -8.0486e+01
# New trial
-6.4613e+01 -6.4653e+01 -6.8120e+01 -1.6679e+02
-6.4603e+01 -6.4531e+01 -6.4749e+01 -9.9552e+01
-6.4585e+01 -6.4347e+01 -6.2276e+01 -6.6432e+01
-6.4563e+01 -6.4123e+01 -5.9864e+01 -5.1622e+01
# New trial
-6.4630e+01 -6.4939e+01 -8.1230e+01 -3.0095e+02
-6.4603e+01 -6.4578e+01 -6.9447e+01 -1.8180e+02
-6.4542e+01 -6.3926e+01 -5.9431e+01 -7.9528e+01
-6.4466e+01 -6.3157e+01 -5.2505e+01 -5.0766e+01
# New trial
-6.4602e+01 -6.4577e+01 -7.1452e+01 -2.0537e+02
-6.4577e+01 -6.4281e+01 -6.3664e+01 -1.1923e+02
-6.4536e+01 -6.3864e+01 -5.8438e+01 -6.5767e+01
-6.4503e+01 -6.3524e+01 -5.4659e+01 -5.0766e+01
# New trial
-6.4602e+01 -6.4534e+01 -6.6659e+01 -1.4708e+02
-6.4596e+01 -6.4477e+01 -6.6492e+01 -1.4254e+02
-6.4560e+01 -6.4111e+01 -6.1160e+01 -9.8437e+01
-6.4514e+01 -6.3636e+01 -5.6197e+01 -5.8300e+01
# New trial
-6.4601e+01 -6.4555e+01 -6.8812e+01 -1.6172e+02
-6.4588e+01 -6.4412e+01 -6.6460e+01 -1.3436e+02
-6.4557e+01 -6.4084e+01 -6.0673e+01 -6.4871e+01
-6.4529e+01 -6.3792e+01 -5.7031e+01 -5.1201e+01
# New trial
-6.4607e+01 -6.4671e+01 -7.2897e+01 -2.0701e+02
-6.4597e+01 -6.4563e+01 -7.0361e+01 -1.7455e+02
-6.4562e+01 -6.4143e+01 -6.2339e+01 -1.0168e+02
-6.4492e+01 -6.3418e+01 -5.4105e+01 -5.0766e+01
# New trial
-6.4657e+01 -6.5210e+01 -8.0669e+01 -2.9549e+02
-6.4632e+01 -6.4914e+01 -7.4721e+01 -2.4267e+02
-6.4566e+01 -6.4175e+01 -6.1892e+01 -9.5046e+01
-6.4512e+01 -6.3622e+01 -5.5634e+01 -5.0772e+01
# New trial
-6.4652e+01 -6.5367e+01 -8.7966e+01 -3.5567e+02
-6.4607e+01 -6.4726e+01 -7.5143e+01 -2.5495e+02
-6.4512e+01 -6.3655e+01 -5.9102e+01 -1.0707e+02
-6.4427e+01 -6.2777e+01 -5.1457e+01 -5.0766e+01
# New trial
-6.4681e+01 -6.5600e+01 -8.9721e+01 -3.8498e+02
-6.4627e+01 -6.4859e+01 -7.3397e+01 -2.0864e+02
-6.4538e+01 -6.3896e+01 -6.0795e+01 -1.1315e+02
-6.4487e+01 -6.3372e+01 -5.5329e+01 -7.6369e+01
# New trial
-6.4582e+01 -6.4330e+01 -6.3305e+01 -1.1439e+02
-6.4573e+01 -6.4244e+01 -6.2674e+01 -1.1768e+02
-6.4548e+01 -6.3984e+01 -5.9171e+01 -6.6618e+01
-6.4518e+01 -6.3680e+01 -5.5855e+01 -5.0766e+01
# New trial
-6.4601e+01 -6.4598e+01 -7.6260e+01 -2.8639e+02
-6.4596e+01 -6.4541e+01 -6.9739e+01 -1.8285e+02
-6.4554e+01 -6.4072e+01 -6.1392e+01 -8.7526e+01
-6.4495e+01 -6.3452e+01 -5.4288e+01 -5.0766e+01
# New trial
-6.4591e+01 -6.4443e+01 -6.9463e+01 -1.9612e+02
-6.4577e+01 -6.4291e+01 -6.4422e+01 -1.1813e+02
-6.4537e+01 -6.3874e+01 -5.8097e+01 -5.4116e+01
-6.4472e+01 -6.3216e+01 -5.2733e+01 -5.0766e+01
# New trial
