# 10.0sig - Array shape (trial/sig/alpha): (30L, 4L, 4L)
-1.0614e+02 -1.0607e+02 -1.0998e+02 -2.9074e+02
-1.0612e+02 -1.0589e+02 -1.0618e+02 -2.1297e+02
-1.0607e+02 -1.0538e+02 -9.9364e+01 -1.2086e+02
-1.0600e+02 -1.0466e+02 -9.1817e+01 -7.0726e+01
# New trial
-1.0618e+02 -1.0682e+02 -1.4518e+02 -7.7723e+02
-1.0614e+02 -1.0629e+02 -1.2502e+02 -4.7941e+02
-1.0602e+02 -1.0493e+02 -1.0070e+02 -2.1147e+02
-1.0587e+02 -1.0343e+02 -8.1016e+01 -6.4615e+01
# New trial
-1.0614e+02 -1.0616e+02 -1.1826e+02 -4.4141e+02
-1.0611e+02 -1.0580e+02 -1.0945e+02 -3.0784e+02
-1.0599e+02 -1.0461e+02 -9.4078e+01 -1.9266e+02
-1.0584e+02 -1.0311e+02 -7.8287e+01 -6.4616e+01
# New trial
-1.0610e+02 -1.0575e+02 -1.0750e+02 -2.8244e+02
-1.0609e+02 -1.0557e+02 -1.0613e+02 -2.6903e+02
-1.0599e+02 -1.0461e+02 -9.3368e+01 -1.2712e+02
-1.0587e+02 -1.0338e+02 -8.0633e+01 -6.7360e+01
# New trial
-1.0617e+02 -1.0652e+02 -1.2779e+02 -5.8114e+02
-1.0612e+02 -1.0598e+02 -1.1144e+02 -3.2374e+02
-1.0605e+02 -1.0524e+02 -9.9125e+01 -1.5634e+02
-1.0597e+02 -1.0435e+02 -8.8799e+01 -6.7619e+01
# New trial
-1.0614e+02 -1.0608e+02 -1.1076e+02 -2.8595e+02
-1.0610e+02 -1.0570e+02 -1.0536e+02 -2.2523e+02
-1.0599e+02 -1.0462e+02 -9.3375e+01 -1.7358e+02
-1.0585e+02 -1.0317e+02 -7.9247e+01 -7.9717e+01
# New trial
-1.0610e+02 -1.0567e+02 -1.0342e+02 -2.4880e+02
-1.0609e+02 -1.0561e+02 -1.0241e+02 -1.9740e+02
-1.0606e+02 -1.0529e+02 -9.8348e+01 -1.3808e+02
-1.0601e+02 -1.0479e+02 -9.2957e+01 -8.1976e+01
# New trial
-1.0613e+02 -1.0605e+02 -1.1517e+02 -4.0072e+02
-1.0611e+02 -1.0587e+02 -1.1108e+02 -3.5954e+02
-1.0605e+02 -1.0518e+02 -9.9929e+01 -1.6286e+02
-1.0593e+02 -1.0396e+02 -8.5762e+01 -7.5999e+01
# New trial
-1.0622e+02 -1.0723e+02 -1.5148e+02 -8.1448e+02
-1.0615e+02 -1.0634e+02 -1.2273e+02 -4.2762e+02
-1.0598e+02 -1.0446e+02 -9.1691e+01 -9.1465e+01
-1.0579e+02 -1.0256e+02 -7.4926e+01 -6.7051e+01
# New trial
-1.0611e+02 -1.0578e+02 -1.0312e+02 -1.6191e+02
-1.0610e+02 -1.0563e+02 -1.0138e+02 -1.1055e+02
-1.0606e+02 -1.0529e+02 -9.7886e+01 -1.0450e+02
-1.0604e+02 -1.0503e+02 -9.5189e+01 -8.3907e+01
# New trial
-1.0622e+02 -1.0717e+02 -1.3926e+02 -6.5284e+02
-1.0610e+02 -1.0578e+02 -1.1740e+02 -4.6940e+02
-1.0592e+02 -1.0391e+02 -9.7212e+01 -2.9908e+02
-1.0571e+02 -1.0181e+02 -7.0576e+01 -6.4612e+01
# New trial
-1.0620e+02 -1.0690e+02 -1.4127e+02 -6.8450e+02
-1.0613e+02 -1.0601e+02 -1.0943e+02 -2.2720e+02
-1.0607e+02 -1.0535e+02 -9.9273e+01 -1.0091e+02
-1.0599e+02 -1.0456e+02 -9.0663e+01 -6.6127e+01
# New trial
-1.0616e+02 -1.0640e+02 -1.2616e+02 -5.1855e+02
-1.0612e+02 -1.0603e+02 -1.1491e+02 -3.5302e+02
-1.0601e+02 -1.0481e+02 -9.7094e+01 -2.0164e+02
-1.0586e+02 -1.0332e+02 -8.0639e+01 -7.5083e+01
# New trial
-1.0614e+02 -1.0621e+02 -1.1725e+02 -3.7649e+02
-1.0611e+02 -1.0578e+02 -1.0839e+02 -2.5138e+02
-1.0599e+02 -1.0459e+02 -9.2573e+01 -1.5044e+02
-1.0586e+02 -1.0326e+02 -7.9172e+01 -6.4612e+01
# New trial
-1.0617e+02 -1.0655e+02 -1.2610e+02 -4.8109e+02
-1.0613e+02 -1.0608e+02 -1.1571e+02 -3.4394e+02
-1.0601e+02 -1.0475e+02 -9.5613e+01 -1.3048e+02
-1.0585e+02 -1.0314e+02 -7.8503e+01 -6.4612e+01
# New trial
-1.0617e+02 -1.0665e+02 -1.4378e+02 -7.3655e+02
-1.0612e+02 -1.0605e+02 -1.2027e+02 -4.3126e+02
-1.0597e+02 -1.0444e+02 -9.7126e+01 -2.1593e+02
-1.0575e+02 -1.0216e+02 -7.2495e+01 -6.4612e+01
# New trial
-1.0613e+02 -1.0621e+02 -1.4043e+02 -7.3692e+02
-1.0608e+02 -1.0556e+02 -1.1398e+02 -4.0009e+02
-1.0596e+02 -1.0430e+02 -9.2467e+01 -1.9171e+02
-1.0581e+02 -1.0274e+02 -7.5137e+01 -6.4612e+01
# New trial
-1.0615e+02 -1.0621e+02 -1.1298e+02 -3.4269e+02
-1.0610e+02 -1.0571e+02 -1.0562e+02 -2.3150e+02
-1.0599e+02 -1.0464e+02 -9.4086e+01 -1.3674e+02
-1.0588e+02 -1.0344e+02 -8.1513e+01 -7.3010e+01
# New trial
-1.0614e+02 -1.0615e+02 -1.1234e+02 -3.4120e+02
-1.0611e+02 -1.0579e+02 -1.0408e+02 -1.6442e+02
-1.0606e+02 -1.0527e+02 -9.7684e+01 -8.0484e+01
-1.0599e+02 -1.0457e+02 -9.0674e+01 -6.4614e+01
# New trial
-1.0625e+02 -1.0743e+02 -1.4342e+02 -6.7951e+02
-1.0618e+02 -1.0652e+02 -1.1724e+02 -3.8978e+02
-1.0603e+02 -1.0502e+02 -9.7954e+01 -2.2028e+02
-1.0587e+02 -1.0338e+02 -8.0928e+01 -6.7277e+01
# New trial
-1.0617e+02 -1.0646e+02 -1.2034e+02 -4.6738e+02
-1.0613e+02 -1.0594e+02 -1.0625e+02 -2.2292e+02
-1.0603e+02 -1.0502e+02 -9.6191e+01 -1.5487e+02
-1.0592e+02 -1.0387e+02 -8.4736e+01 -7.1210e+01
# New trial
-1.0612e+02 -1.0590e+02 -1.0696e+02 -2.5901e+02
-1.0611e+02 -1.0578e+02 -1.0700e+02 -2.8567e+02
-1.0603e+02 -1.0502e+02 -9.7168e+01 -1.7535e+02
-1.0590e+02 -1.0369e+02 -8.4248e+01 -6.6548e+01
# New trial
-1.0613e+02 -1.0605e+02 -1.1169e+02 -2.9630e+02
-1.0610e+02 -1.0572e+02 -1.0651e+02 -2.3729e+02
-1.0600e+02 -1.0469e+02 -9.3381e+01 -7.5368e+01
-1.0587e+02 -1.0336e+02 -8.0101e+01 -6.4614e+01
# New trial
-1.0613e+02 -1.0612e+02 -1.2091e+02 -4.1190e+02
-1.0611e+02 -1.0591e+02 -1.1844e+02 -4.0597e+02
-1.0600e+02 -1.0470e+02 -9.6855e+01 -1.9863e+02
-1.0579e+02 -1.0257e+02 -7.4189e+01 -6.4612e+01
# New trial
-1.0618e+02 -1.0675e+02 -1.3391e+02 -5.8092e+02
-1.0611e+02 -1.0596e+02 -1.1872e+02 -4.2416e+02
-1.0597e+02 -1.0435e+02 -9.1354e+01 -9.1423e+01
-1.0578e+02 -1.0249e+02 -7.3569e+01 -6.4612e+01
# New trial
-1.0631e+02 -1.0842e+02 -1.6149e+02 -8.2395e+02
-1.0617e+02 -1.0659e+02 -1.3177e+02 -6.0519e+02
-1.0590e+02 -1.0367e+02 -8.4306e+01 -6.5772e+01
-1.0561e+02 -1.0080e+02 -6.6757e+01 -6.4612e+01
# New trial
-1.0632e+02 -1.0842e+02 -1.6365e+02 -8.5572e+02
-1.0618e+02 -1.0659e+02 -1.2170e+02 -4.3239e+02
-1.0599e+02 -1.0456e+02 -9.5170e+01 -2.3033e+02
-1.0579e+02 -1.0263e+02 -7.6681e+01 -7.1009e+01
# New trial
-1.0612e+02 -1.0584e+02 -1.0538e+02 -2.4999e+02
-1.0609e+02 -1.0563e+02 -1.0398e+02 -2.5682e+02
-1.0601e+02 -1.0481e+02 -9.4189e+01 -1.2149e+02
-1.0590e+02 -1.0365e+02 -8.2942e+01 -7.9920e+01
# New trial
-1.0618e+02 -1.0670e+02 -1.3692e+02 -6.5583e+02
-1.0615e+02 -1.0633e+02 -1.2065e+02 -4.2586e+02
-1.0603e+02 -1.0501e+02 -9.7554e+01 -1.0589e+02
-1.0586e+02 -1.0327e+02 -7.9831e+01 -6.5209e+01
# New trial
-1.0612e+02 -1.0595e+02 -1.1569e+02 -4.1101e+02
-1.0609e+02 -1.0560e+02 -1.0480e+02 -2.7591e+02
-1.0600e+02 -1.0472e+02 -9.3036e+01 -1.1042e+02
-1.0588e+02 -1.0349e+02 -8.2012e+01 -6.4780e+01
# New trial
