# 1.0sig - Array shape (trial/sig/alpha): (30, 4, 4)
-1.2885e+02 -1.2600e+02 -1.4643e+02 -8.3542e+02
-1.2878e+02 -1.2502e+02 -1.1308e+02 -4.0595e+02
-1.2847e+02 -1.2180e+02 -7.1706e+01 -2.1828e+02
-1.2822e+02 -1.1928e+02 -5.7227e+01 -8.0522e+01
# New trial
-1.2888e+02 -1.2609e+02 -1.2414e+02 -4.5016e+02
-1.2882e+02 -1.2544e+02 -1.0657e+02 -1.9453e+02
-1.2862e+02 -1.2334e+02 -8.2582e+01 -1.5059e+02
-1.2859e+02 -1.2289e+02 -7.6871e+01 -1.5108e+02
# New trial
-1.2896e+02 -1.2688e+02 -1.3299e+02 -6.7100e+02
-1.2889e+02 -1.2604e+02 -1.1309e+02 -2.8804e+02
-1.2866e+02 -1.2368e+02 -8.3708e+01 -1.8352e+02
-1.2846e+02 -1.2163e+02 -6.7598e+01 -1.0630e+02
# New trial
-1.2885e+02 -1.2577e+02 -1.2440e+02 -7.1263e+02
-1.2881e+02 -1.2530e+02 -1.1079e+02 -3.4853e+02
-1.2866e+02 -1.2362e+02 -8.1304e+01 -9.5470e+01
-1.2864e+02 -1.2339e+02 -7.7490e+01 -9.6374e+01
# New trial
-1.2877e+02 -1.2526e+02 -1.6345e+02 -1.1690e+03
-1.2863e+02 -1.2364e+02 -1.0609e+02 -5.2133e+02
-1.2845e+02 -1.2165e+02 -6.9477e+01 -1.8893e+02
-1.2846e+02 -1.2163e+02 -6.7565e+01 -8.4645e+01
# New trial
-1.2889e+02 -1.2628e+02 -1.3421e+02 -8.3083e+02
-1.2886e+02 -1.2579e+02 -1.1208e+02 -3.6176e+02
-1.2866e+02 -1.2369e+02 -8.0831e+01 -1.4836e+02
-1.2855e+02 -1.2250e+02 -7.0894e+01 -8.3297e+01
# New trial
-1.2910e+02 -1.2818e+02 -1.3884e+02 -6.2934e+02
-1.2904e+02 -1.2741e+02 -1.1605e+02 -2.0556e+02
-1.2894e+02 -1.2637e+02 -1.0252e+02 -1.0435e+02
-1.2896e+02 -1.2663e+02 -1.0443e+02 -1.4308e+02
# New trial
-1.2904e+02 -1.2800e+02 -1.7097e+02 -1.0762e+03
-1.2884e+02 -1.2573e+02 -1.2164e+02 -5.7677e+02
-1.2853e+02 -1.2243e+02 -7.5083e+01 -1.4729e+02
-1.2853e+02 -1.2228e+02 -7.0698e+01 -6.0619e+01
# New trial
-1.2865e+02 -1.2484e+02 -1.6036e+02 -1.0163e+03
-1.2847e+02 -1.2258e+02 -1.2655e+02 -7.3206e+02
-1.2799e+02 -1.1722e+02 -6.7445e+01 -3.4664e+02
-1.2801e+02 -1.1718e+02 -5.7348e+01 -1.3391e+02
# New trial
-1.2891e+02 -1.2656e+02 -1.3286e+02 -6.4045e+02
-1.2884e+02 -1.2565e+02 -1.1613e+02 -4.5072e+02
-1.2850e+02 -1.2205e+02 -7.3788e+01 -2.0554e+02
-1.2835e+02 -1.2061e+02 -7.8833e+01 -3.7947e+02
# New trial
-1.2878e+02 -1.2566e+02 -1.5253e+02 -8.9336e+02
-1.2867e+02 -1.2434e+02 -1.2994e+02 -7.2170e+02
-1.2835e+02 -1.2067e+02 -7.2192e+01 -2.0108e+02
-1.2834e+02 -1.2050e+02 -8.4154e+01 -3.3677e+02
# New trial
-1.2901e+02 -1.2799e+02 -1.7933e+02 -1.1678e+03
-1.2884e+02 -1.2562e+02 -1.1647e+02 -4.6893e+02
-1.2847e+02 -1.2171e+02 -6.7694e+01 -1.9713e+02
-1.2821e+02 -1.1910e+02 -5.6198e+01 -6.5051e+01
# New trial
-1.2900e+02 -1.2748e+02 -1.6714e+02 -1.0955e+03
-1.2882e+02 -1.2547e+02 -1.1456e+02 -3.8073e+02
-1.2862e+02 -1.2330e+02 -8.0624e+01 -1.0652e+02
-1.2864e+02 -1.2341e+02 -7.7461e+01 -4.7140e+01
# New trial
-1.2880e+02 -1.2635e+02 -2.2384e+02 -1.8033e+03
-1.2867e+02 -1.2435e+02 -1.3630e+02 -7.4560e+02
-1.2835e+02 -1.2069e+02 -7.0132e+01 -2.2554e+02
-1.2837e+02 -1.2078e+02 -6.8859e+01 -2.4171e+02
# New trial
-1.2889e+02 -1.2635e+02 -1.5066e+02 -1.0478e+03
-1.2887e+02 -1.2595e+02 -1.1630e+02 -3.8692e+02
-1.2871e+02 -1.2413e+02 -8.5562e+01 -1.3991e+02
-1.2862e+02 -1.2326e+02 -7.8401e+01 -1.9212e+02
# New trial
-1.2862e+02 -1.2484e+02 -1.9922e+02 -1.5858e+03
-1.2851e+02 -1.2321e+02 -1.3493e+02 -7.4797e+02
-1.2823e+02 -1.1971e+02 -7.5523e+01 -2.7970e+02
-1.2834e+02 -1.2057e+02 -8.8184e+01 -4.8262e+02
# New trial
-1.2879e+02 -1.2558e+02 -1.3889e+02 -6.8567e+02
-1.2866e+02 -1.2405e+02 -1.1677e+02 -5.0637e+02
-1.2825e+02 -1.1970e+02 -6.8160e+01 -2.3710e+02
-1.2828e+02 -1.1991e+02 -6.2068e+01 -1.7783e+02
# New trial
-1.2889e+02 -1.2631e+02 -1.3235e+02 -6.1058e+02
-1.2880e+02 -1.2530e+02 -1.1599e+02 -4.3620e+02
-1.2856e+02 -1.2270e+02 -7.8906e+01 -1.6377e+02
-1.2857e+02 -1.2271e+02 -7.4919e+01 -6.8988e+01
# New trial
-1.2888e+02 -1.2645e+02 -1.6847e+02 -1.1759e+03
-1.2881e+02 -1.2551e+02 -1.3117e+02 -6.7925e+02
-1.2851e+02 -1.2224e+02 -7.5524e+01 -2.0771e+02
-1.2835e+02 -1.2059e+02 -7.6220e+01 -3.0959e+02
# New trial
-1.2904e+02 -1.2787e+02 -1.6356e+02 -1.0772e+03
-1.2895e+02 -1.2674e+02 -1.2685e+02 -5.4746e+02
-1.2875e+02 -1.2456e+02 -8.8650e+01 -1.5657e+02
-1.2863e+02 -1.2332e+02 -7.6018e+01 -5.9728e+01
# New trial
-1.2883e+02 -1.2615e+02 -1.7529e+02 -1.2061e+03
-1.2863e+02 -1.2375e+02 -1.0367e+02 -3.0108e+02
-1.2857e+02 -1.2287e+02 -7.9969e+01 -1.2390e+02
-1.2885e+02 -1.2551e+02 -9.5551e+01 -1.3726e+02
# New trial
-1.2895e+02 -1.2668e+02 -1.3891e+02 -8.2011e+02
-1.2889e+02 -1.2599e+02 -1.0767e+02 -2.4246e+02
-1.2869e+02 -1.2395e+02 -8.2175e+01 -1.4477e+02
-1.2861e+02 -1.2309e+02 -7.4742e+01 -1.1991e+02
# New trial
-1.2892e+02 -1.2754e+02 -1.9171e+02 -1.2426e+03
-1.2864e+02 -1.2407e+02 -1.1661e+02 -5.0588e+02
-1.2842e+02 -1.2143e+02 -7.1606e+01 -1.7154e+02
-1.2859e+02 -1.2290e+02 -8.1889e+01 -2.3926e+02
# New trial
-1.2898e+02 -1.2779e+02 -1.6875e+02 -9.2943e+02
-1.2877e+02 -1.2513e+02 -1.1720e+02 -4.6178e+02
-1.2830e+02 -1.2018e+02 -6.6721e+01 -2.0462e+02
-1.2806e+02 -1.1771e+02 -6.6961e+01 -3.4403e+02
# New trial
-1.2908e+02 -1.2886e+02 -2.1682e+02 -1.5685e+03
-1.2887e+02 -1.2617e+02 -1.3354e+02 -6.1294e+02
-1.2836e+02 -1.2083e+02 -7.2302e+01 -1.9337e+02
-1.2832e+02 -1.2027e+02 -6.5556e+01 -7.9167e+01
# New trial
-1.2895e+02 -1.2668e+02 -1.2371e+02 -4.2877e+02
-1.2881e+02 -1.2521e+02 -9.9695e+01 -1.6745e+02
-1.2861e+02 -1.2319e+02 -8.1073e+01 -1.5136e+02
-1.2865e+02 -1.2357e+02 -8.1241e+01 -1.7963e+02
# New trial
-1.2877e+02 -1.2514e+02 -1.4039e+02 -9.1608e+02
-1.2878e+02 -1.2506e+02 -1.1007e+02 -3.6847e+02
-1.2864e+02 -1.2345e+02 -8.1688e+01 -1.5872e+02
-1.2859e+02 -1.2294e+02 -7.5815e+01 -8.4658e+01
# New trial
-1.2897e+02 -1.2831e+02 -2.1351e+02 -1.6149e+03
-1.2878e+02 -1.2549e+02 -1.3381e+02 -6.5693e+02
-1.2836e+02 -1.2076e+02 -6.9250e+01 -2.4054e+02
-1.2827e+02 -1.1974e+02 -6.4975e+01 -2.8398e+02
# New trial
-1.2890e+02 -1.2653e+02 -1.4309e+02 -7.4238e+02
-1.2874e+02 -1.2469e+02 -1.0524e+02 -2.4860e+02
-1.2850e+02 -1.2211e+02 -7.3924e+01 -1.3438e+02
-1.2858e+02 -1.2281e+02 -7.6101e+01 -1.8740e+02
# New trial
-1.2891e+02 -1.2651e+02 -1.5501e+02 -9.9361e+02
-1.2883e+02 -1.2556e+02 -1.1479e+02 -4.5676e+02
-1.2862e+02 -1.2323e+02 -7.8260e+01 -1.7302e+02
-1.2851e+02 -1.2207e+02 -6.9244e+01 -7.0090e+01
# New trial
