# 1.0sig - Array shape (trial/sig/alpha): (30, 4, 4)
-1.6139e+02 -1.6018e+02 -1.5419e+02 -2.7913e+02
-1.6132e+02 -1.5946e+02 -1.4381e+02 -1.4627e+02
-1.6114e+02 -1.5764e+02 -1.2684e+02 -1.0757e+02
-1.6095e+02 -1.5575e+02 -1.2084e+02 -1.7317e+02
# New trial
-1.6141e+02 -1.6036e+02 -1.5278e+02 -1.8320e+02
-1.6135e+02 -1.5974e+02 -1.4662e+02 -1.2033e+02
-1.6118e+02 -1.5804e+02 -1.3092e+02 -1.0620e+02
-1.6105e+02 -1.5677e+02 -1.2445e+02 -1.6581e+02
# New trial
-1.6141e+02 -1.6040e+02 -1.5236e+02 -2.1508e+02
-1.6136e+02 -1.5985e+02 -1.4637e+02 -1.5276e+02
-1.6122e+02 -1.5849e+02 -1.3378e+02 -1.1695e+02
-1.6113e+02 -1.5760e+02 -1.2993e+02 -2.1997e+02
# New trial
-1.6142e+02 -1.6045e+02 -1.5604e+02 -3.5728e+02
-1.6136e+02 -1.5989e+02 -1.4873e+02 -1.7266e+02
-1.6122e+02 -1.5847e+02 -1.3438e+02 -1.1033e+02
-1.6114e+02 -1.5762e+02 -1.2658e+02 -1.0670e+02
# New trial
-1.6135e+02 -1.5985e+02 -1.5772e+02 -3.8499e+02
-1.6128e+02 -1.5909e+02 -1.4438e+02 -2.3736e+02
-1.6112e+02 -1.5745e+02 -1.2557e+02 -1.0615e+02
-1.6100e+02 -1.5627e+02 -1.1739e+02 -1.0615e+02
# New trial
-1.6143e+02 -1.6053e+02 -1.5792e+02 -4.1502e+02
-1.6137e+02 -1.5999e+02 -1.4786e+02 -1.6153e+02
-1.6124e+02 -1.5862e+02 -1.3437e+02 -1.0714e+02
-1.6112e+02 -1.5750e+02 -1.2523e+02 -1.0625e+02
# New trial
-1.6150e+02 -1.6121e+02 -1.6071e+02 -3.2359e+02
-1.6146e+02 -1.6087e+02 -1.5544e+02 -1.7571e+02
-1.6140e+02 -1.6022e+02 -1.4894e+02 -1.2734e+02
-1.6135e+02 -1.5977e+02 -1.4470e+02 -1.5807e+02
# New trial
-1.6141e+02 -1.6045e+02 -1.6132e+02 -4.2424e+02
-1.6134e+02 -1.5965e+02 -1.4863e+02 -2.7948e+02
-1.6116e+02 -1.5784e+02 -1.2825e+02 -1.0615e+02
-1.6104e+02 -1.5666e+02 -1.1939e+02 -1.0615e+02
# New trial
-1.6132e+02 -1.5950e+02 -1.5384e+02 -3.4489e+02
-1.6117e+02 -1.5803e+02 -1.3678e+02 -2.2545e+02
-1.6086e+02 -1.5483e+02 -1.1047e+02 -1.0615e+02
-1.6068e+02 -1.5312e+02 -1.0865e+02 -1.0615e+02
# New trial
-1.6140e+02 -1.6023e+02 -1.5286e+02 -2.8975e+02
-1.6133e+02 -1.5952e+02 -1.4599e+02 -2.5267e+02
-1.6114e+02 -1.5765e+02 -1.2598e+02 -1.0615e+02
-1.6099e+02 -1.5611e+02 -1.1698e+02 -1.0615e+02
# New trial
-1.6134e+02 -1.5973e+02 -1.5181e+02 -3.4393e+02
-1.6127e+02 -1.5900e+02 -1.4455e+02 -2.1946e+02
-1.6106e+02 -1.5684e+02 -1.2176e+02 -1.1512e+02
-1.6089e+02 -1.5516e+02 -1.1467e+02 -1.0743e+02
# New trial
-1.6139e+02 -1.6025e+02 -1.5723e+02 -3.2761e+02
-1.6131e+02 -1.5934e+02 -1.4287e+02 -1.8378e+02
-1.6113e+02 -1.5751e+02 -1.2443e+02 -1.0615e+02
-1.6092e+02 -1.5541e+02 -1.1288e+02 -1.0615e+02
# New trial
-1.6145e+02 -1.6077e+02 -1.6109e+02 -3.9596e+02
-1.6136e+02 -1.5990e+02 -1.4903e+02 -2.2100e+02
-1.6122e+02 -1.5844e+02 -1.3456e+02 -1.0881e+02
-1.6115e+02 -1.5779e+02 -1.2890e+02 -1.5993e+02
# New trial
-1.6139e+02 -1.6042e+02 -1.8726e+02 -7.0895e+02
-1.6128e+02 -1.5915e+02 -1.5053e+02 -2.8294e+02
-1.6104e+02 -1.5665e+02 -1.2176e+02 -1.0646e+02
-1.6088e+02 -1.5508e+02 -1.1371e+02 -1.0615e+02
# New trial
-1.6143e+02 -1.6060e+02 -1.5798e+02 -3.6813e+02
-1.6138e+02 -1.6005e+02 -1.4999e+02 -2.0879e+02
-1.6124e+02 -1.5863e+02 -1.3494e+02 -1.0641e+02
-1.6114e+02 -1.5764e+02 -1.2699e+02 -1.2667e+02
# New trial
-1.6137e+02 -1.6026e+02 -1.8227e+02 -6.4173e+02
-1.6124e+02 -1.5892e+02 -1.5357e+02 -2.8878e+02
-1.6095e+02 -1.5588e+02 -1.2006e+02 -1.0615e+02
-1.6089e+02 -1.5521e+02 -1.1471e+02 -1.0615e+02
# New trial
-1.6138e+02 -1.6007e+02 -1.5316e+02 -2.6175e+02
-1.6128e+02 -1.5912e+02 -1.4311e+02 -1.7750e+02
-1.6103e+02 -1.5653e+02 -1.1889e+02 -1.0615e+02
-1.6086e+02 -1.5489e+02 -1.1372e+02 -1.1475e+02
# New trial
-1.6139e+02 -1.6014e+02 -1.5128e+02 -2.0300e+02
-1.6132e+02 -1.5950e+02 -1.4542e+02 -1.4640e+02
-1.6115e+02 -1.5772e+02 -1.2787e+02 -1.0642e+02
-1.6108e+02 -1.5703e+02 -1.2221e+02 -1.0615e+02
# New trial
-1.6141e+02 -1.6037e+02 -1.6362e+02 -4.7076e+02
-1.6134e+02 -1.5968e+02 -1.5124e+02 -2.8100e+02
-1.6114e+02 -1.5768e+02 -1.2642e+02 -1.0615e+02
-1.6098e+02 -1.5607e+02 -1.1722e+02 -1.0628e+02
# New trial
-1.6141e+02 -1.6040e+02 -1.5533e+02 -3.7582e+02
-1.6138e+02 -1.6005e+02 -1.4800e+02 -1.2858e+02
-1.6128e+02 -1.5905e+02 -1.3739e+02 -1.0615e+02
-1.6117e+02 -1.5794e+02 -1.2793e+02 -1.0615e+02
# New trial
-1.6138e+02 -1.6016e+02 -1.5952e+02 -3.8310e+02
-1.6130e+02 -1.5927e+02 -1.4494e+02 -1.5270e+02
-1.6116e+02 -1.5792e+02 -1.3039e+02 -1.0639e+02
-1.6120e+02 -1.5822e+02 -1.3083e+02 -1.1548e+02
# New trial
-1.6142e+02 -1.6048e+02 -1.5683e+02 -3.6671e+02
-1.6137e+02 -1.5998e+02 -1.4689e+02 -1.0912e+02
-1.6125e+02 -1.5879e+02 -1.3533e+02 -1.0657e+02
-1.6110e+02 -1.5726e+02 -1.2411e+02 -1.2044e+02
# New trial
-1.6139e+02 -1.6027e+02 -1.6072e+02 -3.6269e+02
-1.6127e+02 -1.5896e+02 -1.4329e+02 -2.2098e+02
-1.6108e+02 -1.5705e+02 -1.2656e+02 -1.0712e+02
-1.6105e+02 -1.5675e+02 -1.2488e+02 -1.7906e+02
# New trial
-1.6137e+02 -1.6000e+02 -1.5549e+02 -2.2471e+02
-1.6125e+02 -1.5878e+02 -1.4164e+02 -1.5560e+02
-1.6098e+02 -1.5608e+02 -1.1946e+02 -1.0684e+02
-1.6081e+02 -1.5436e+02 -1.1499e+02 -1.2944e+02
# New trial
-1.6136e+02 -1.6004e+02 -1.7341e+02 -5.9612e+02
-1.6125e+02 -1.5880e+02 -1.4458e+02 -1.8056e+02
-1.6100e+02 -1.5630e+02 -1.1984e+02 -1.0622e+02
-1.6086e+02 -1.5489e+02 -1.1292e+02 -1.0621e+02
# New trial
-1.6145e+02 -1.6072e+02 -1.5440e+02 -1.6227e+02
-1.6138e+02 -1.6002e+02 -1.4780e+02 -1.2420e+02
-1.6121e+02 -1.5834e+02 -1.3349e+02 -1.0752e+02
-1.6109e+02 -1.5720e+02 -1.2634e+02 -1.3951e+02
# New trial
-1.6140e+02 -1.6027e+02 -1.6021e+02 -4.3561e+02
-1.6134e+02 -1.5967e+02 -1.4811e+02 -2.1250e+02
-1.6119e+02 -1.5812e+02 -1.3073e+02 -1.0615e+02
-1.6108e+02 -1.5706e+02 -1.2210e+02 -1.0615e+02
# New trial
-1.6142e+02 -1.6052e+02 -1.6480e+02 -4.2662e+02
-1.6132e+02 -1.5951e+02 -1.5049e+02 -2.8126e+02
-1.6106e+02 -1.5691e+02 -1.2452e+02 -1.3656e+02
-1.6084e+02 -1.5469e+02 -1.1884e+02 -1.8430e+02
# New trial
-1.6142e+02 -1.6046e+02 -1.5420e+02 -2.2390e+02
-1.6135e+02 -1.5971e+02 -1.4587e+02 -1.6135e+02
-1.6116e+02 -1.5790e+02 -1.2936e+02 -1.0618e+02
-1.6104e+02 -1.5663e+02 -1.1882e+02 -1.0615e+02
# New trial
-1.6142e+02 -1.6045e+02 -1.5623e+02 -3.0169e+02
-1.6136e+02 -1.5987e+02 -1.4798e+02 -1.7731e+02
-1.6120e+02 -1.5827e+02 -1.3088e+02 -1.0615e+02
-1.6105e+02 -1.5672e+02 -1.1996e+02 -1.0615e+02
# New trial
