# 10.0sig - Array shape (trial/sig/alpha): (30L, 4L, 4L)
-1.1534e+02 -1.1505e+02 -1.1598e+02 -3.1191e+02
-1.1533e+02 -1.1490e+02 -1.1373e+02 -2.9198e+02
-1.1528e+02 -1.1444e+02 -1.0739e+02 -1.4398e+02
-1.1521e+02 -1.1371e+02 -9.9137e+01 -7.1111e+01
# New trial
-1.1542e+02 -1.1619e+02 -1.5564e+02 -7.9808e+02
-1.1536e+02 -1.1549e+02 -1.3609e+02 -5.2744e+02
-1.1524e+02 -1.1407e+02 -1.0783e+02 -2.0673e+02
-1.1507e+02 -1.1229e+02 -8.7170e+01 -6.9227e+01
# New trial
-1.1536e+02 -1.1526e+02 -1.2680e+02 -4.4129e+02
-1.1532e+02 -1.1485e+02 -1.1728e+02 -3.0001e+02
-1.1519e+02 -1.1353e+02 -9.8519e+01 -9.2429e+01
-1.1503e+02 -1.1187e+02 -8.3060e+01 -6.9227e+01
# New trial
-1.1534e+02 -1.1505e+02 -1.1742e+02 -3.2000e+02
-1.1532e+02 -1.1485e+02 -1.1612e+02 -2.7280e+02
-1.1521e+02 -1.1372e+02 -1.0239e+02 -1.8118e+02
-1.1507e+02 -1.1227e+02 -8.7043e+01 -8.0811e+01
# New trial
-1.1538e+02 -1.1551e+02 -1.3191e+02 -5.2002e+02
-1.1533e+02 -1.1491e+02 -1.1688e+02 -2.9733e+02
-1.1525e+02 -1.1416e+02 -1.0590e+02 -1.6411e+02
-1.1516e+02 -1.1317e+02 -9.4315e+01 -6.9245e+01
# New trial
-1.1532e+02 -1.1487e+02 -1.1542e+02 -2.5265e+02
-1.1528e+02 -1.1444e+02 -1.0965e+02 -2.1384e+02
-1.1517e+02 -1.1334e+02 -9.6439e+01 -8.8200e+01
-1.1505e+02 -1.1206e+02 -8.5119e+01 -7.0518e+01
# New trial
-1.1534e+02 -1.1499e+02 -1.1426e+02 -2.9045e+02
-1.1533e+02 -1.1491e+02 -1.1281e+02 -2.4184e+02
-1.1529e+02 -1.1452e+02 -1.0761e+02 -1.4555e+02
-1.1522e+02 -1.1383e+02 -1.0025e+02 -7.8476e+01
# New trial
-1.1538e+02 -1.1546e+02 -1.2820e+02 -4.3071e+02
-1.1536e+02 -1.1524e+02 -1.2389e+02 -3.9613e+02
-1.1527e+02 -1.1434e+02 -1.0824e+02 -1.9459e+02
-1.1514e+02 -1.1299e+02 -9.2500e+01 -6.9258e+01
# New trial
-1.1539e+02 -1.1581e+02 -1.5596e+02 -7.9065e+02
-1.1531e+02 -1.1489e+02 -1.2575e+02 -4.0500e+02
-1.1516e+02 -1.1320e+02 -9.8048e+01 -1.8539e+02
-1.1500e+02 -1.1156e+02 -8.1769e+01 -8.1742e+01
# New trial
-1.1535e+02 -1.1509e+02 -1.1352e+02 -2.4019e+02
-1.1533e+02 -1.1492e+02 -1.1103e+02 -1.1746e+02
-1.1529e+02 -1.1454e+02 -1.0715e+02 -8.7282e+01
-1.1526e+02 -1.1420e+02 -1.0378e+02 -7.6471e+01
# New trial
-1.1542e+02 -1.1596e+02 -1.4155e+02 -6.5521e+02
-1.1530e+02 -1.1463e+02 -1.1325e+02 -3.0619e+02
-1.1514e+02 -1.1304e+02 -9.4585e+01 -8.8304e+01
-1.1494e+02 -1.1105e+02 -7.9197e+01 -6.9875e+01
# New trial
-1.1544e+02 -1.1624e+02 -1.5302e+02 -7.1571e+02
-1.1535e+02 -1.1518e+02 -1.1768e+02 -2.7971e+02
-1.1528e+02 -1.1445e+02 -1.0710e+02 -8.7857e+01
-1.1521e+02 -1.1373e+02 -9.9294e+01 -7.0025e+01
# New trial
-1.1539e+02 -1.1562e+02 -1.3550e+02 -5.5140e+02
-1.1535e+02 -1.1519e+02 -1.2273e+02 -3.6449e+02
-1.1523e+02 -1.1393e+02 -1.0434e+02 -2.1063e+02
-1.1508e+02 -1.1238e+02 -8.8501e+01 -9.4535e+01
# New trial
-1.1539e+02 -1.1554e+02 -1.2666e+02 -4.0918e+02
-1.1535e+02 -1.1514e+02 -1.1856e+02 -2.9118e+02
-1.1523e+02 -1.1396e+02 -1.0311e+02 -1.2712e+02
-1.1510e+02 -1.1258e+02 -8.8995e+01 -6.9539e+01
# New trial
-1.1540e+02 -1.1571e+02 -1.3383e+02 -5.0592e+02
-1.1536e+02 -1.1525e+02 -1.2450e+02 -3.7296e+02
-1.1522e+02 -1.1381e+02 -1.0224e+02 -1.4726e+02
-1.1504e+02 -1.1203e+02 -8.4275e+01 -6.9227e+01
# New trial
-1.1541e+02 -1.1605e+02 -1.6106e+02 -8.3763e+02
-1.1535e+02 -1.1523e+02 -1.2886e+02 -4.5205e+02
-1.1518e+02 -1.1345e+02 -1.0525e+02 -2.2923e+02
-1.1494e+02 -1.1099e+02 -7.8181e+01 -6.9227e+01
# New trial
-1.1537e+02 -1.1556e+02 -1.5538e+02 -7.8396e+02
-1.1530e+02 -1.1469e+02 -1.2237e+02 -4.2740e+02
-1.1517e+02 -1.1335e+02 -1.0096e+02 -1.7155e+02
-1.1500e+02 -1.1158e+02 -8.1527e+01 -6.9227e+01
# New trial
-1.1537e+02 -1.1537e+02 -1.2302e+02 -4.2310e+02
-1.1532e+02 -1.1482e+02 -1.1385e+02 -3.2404e+02
-1.1521e+02 -1.1367e+02 -1.0046e+02 -1.1896e+02
-1.1509e+02 -1.1251e+02 -8.8855e+01 -7.1594e+01
# New trial
-1.1536e+02 -1.1524e+02 -1.1912e+02 -3.3336e+02
-1.1533e+02 -1.1488e+02 -1.1151e+02 -1.4156e+02
-1.1527e+02 -1.1434e+02 -1.0539e+02 -8.2255e+01
-1.1520e+02 -1.1359e+02 -9.7990e+01 -7.0053e+01
# New trial
-1.1543e+02 -1.1604e+02 -1.4873e+02 -7.1248e+02
-1.1537e+02 -1.1531e+02 -1.2171e+02 -4.1062e+02
-1.1523e+02 -1.1386e+02 -1.0195e+02 -1.2077e+02
-1.1506e+02 -1.1225e+02 -8.6456e+01 -6.9227e+01
# New trial
-1.1541e+02 -1.1575e+02 -1.2758e+02 -4.2227e+02
-1.1536e+02 -1.1520e+02 -1.1557e+02 -2.4581e+02
-1.1526e+02 -1.1421e+02 -1.0490e+02 -1.4436e+02
-1.1512e+02 -1.1285e+02 -9.1369e+01 -7.1587e+01
# New trial
-1.1533e+02 -1.1489e+02 -1.1315e+02 -2.5640e+02
-1.1530e+02 -1.1465e+02 -1.1207e+02 -2.7772e+02
-1.1521e+02 -1.1372e+02 -1.0163e+02 -2.0128e+02
-1.1507e+02 -1.1226e+02 -8.7678e+01 -1.0290e+02
# New trial
-1.1536e+02 -1.1528e+02 -1.2126e+02 -3.1695e+02
-1.1532e+02 -1.1488e+02 -1.1548e+02 -2.5776e+02
-1.1522e+02 -1.1379e+02 -1.0128e+02 -1.1242e+02
-1.1509e+02 -1.1247e+02 -8.7832e+01 -6.9227e+01
# New trial
-1.1537e+02 -1.1546e+02 -1.3012e+02 -4.3241e+02
-1.1534e+02 -1.1513e+02 -1.2757e+02 -4.2021e+02
-1.1522e+02 -1.1382e+02 -1.0586e+02 -1.8477e+02
-1.1500e+02 -1.1161e+02 -8.3899e+01 -8.4750e+01
# New trial
-1.1538e+02 -1.1561e+02 -1.3872e+02 -5.9210e+02
-1.1531e+02 -1.1487e+02 -1.2445e+02 -4.2121e+02
-1.1515e+02 -1.1313e+02 -9.7267e+01 -1.1722e+02
-1.1496e+02 -1.1122e+02 -7.8607e+01 -6.9227e+01
# New trial
-1.1543e+02 -1.1643e+02 -1.6509e+02 -8.5256e+02
-1.1533e+02 -1.1509e+02 -1.3641e+02 -6.1536e+02
-1.1509e+02 -1.1252e+02 -9.5284e+01 -2.2485e+02
-1.1481e+02 -1.0969e+02 -7.4809e+01 -6.9998e+01
# New trial
-1.1555e+02 -1.1759e+02 -1.7434e+02 -9.0751e+02
-1.1541e+02 -1.1580e+02 -1.3084e+02 -4.7826e+02
-1.1522e+02 -1.1378e+02 -1.0314e+02 -2.1604e+02
-1.1503e+02 -1.1192e+02 -8.5502e+01 -6.9513e+01
# New trial
-1.1534e+02 -1.1498e+02 -1.1387e+02 -2.7113e+02
-1.1532e+02 -1.1478e+02 -1.1270e+02 -2.7855e+02
-1.1523e+02 -1.1395e+02 -1.0258e+02 -1.2671e+02
-1.1512e+02 -1.1282e+02 -9.1090e+01 -7.0060e+01
# New trial
-1.1540e+02 -1.1582e+02 -1.4415e+02 -6.8789e+02
-1.1538e+02 -1.1552e+02 -1.2862e+02 -4.3812e+02
-1.1524e+02 -1.1401e+02 -1.0520e+02 -1.4167e+02
-1.1504e+02 -1.1198e+02 -8.4721e+01 -7.8623e+01
# New trial
-1.1535e+02 -1.1516e+02 -1.2190e+02 -4.1460e+02
-1.1533e+02 -1.1488e+02 -1.1511e+02 -2.9556e+02
-1.1524e+02 -1.1402e+02 -1.0393e+02 -1.9232e+02
-1.1512e+02 -1.1276e+02 -9.1444e+01 -7.8757e+01
# New trial
