# 1.0sig - Array shape (trial/sig/alpha): (30, 4, 4)
-1.6119e+02 -1.5840e+02 -1.6354e+02 -6.5792e+02
-1.6102e+02 -1.5661e+02 -1.2960e+02 -2.2859e+02
-1.6060e+02 -1.5234e+02 -8.5322e+01 -4.6859e+01
-1.6024e+02 -1.4873e+02 -8.3436e+01 -2.8992e+02
# New trial
-1.6125e+02 -1.5893e+02 -1.5091e+02 -3.5198e+02
-1.6110e+02 -1.5736e+02 -1.3133e+02 -1.2308e+02
-1.6073e+02 -1.5366e+02 -9.6032e+01 -4.8091e+01
-1.6060e+02 -1.5228e+02 -8.6671e+01 -1.2498e+02
# New trial
-1.6126e+02 -1.5896e+02 -1.4967e+02 -4.3568e+02
-1.6113e+02 -1.5763e+02 -1.3185e+02 -1.2042e+02
-1.6079e+02 -1.5422e+02 -9.7358e+01 -5.3044e+01
-1.6058e+02 -1.5205e+02 -8.2327e+01 -6.2803e+01
# New trial
-1.6123e+02 -1.5875e+02 -1.5960e+02 -7.3486e+02
-1.6110e+02 -1.5740e+02 -1.3619e+02 -2.9656e+02
-1.6081e+02 -1.5441e+02 -9.9183e+01 -4.7258e+01
-1.6072e+02 -1.5343e+02 -9.0461e+01 -8.8117e+01
# New trial
-1.6104e+02 -1.5693e+02 -1.6257e+02 -8.5931e+02
-1.6087e+02 -1.5514e+02 -1.2154e+02 -3.6388e+02
-1.6055e+02 -1.5186e+02 -7.8007e+01 -4.6151e+01
-1.6046e+02 -1.5086e+02 -7.3467e+01 -4.6153e+01
# New trial
-1.6124e+02 -1.5877e+02 -1.5610e+02 -7.0751e+02
-1.6112e+02 -1.5755e+02 -1.3104e+02 -2.6748e+02
-1.6082e+02 -1.5450e+02 -9.6474e+01 -4.6151e+01
-1.6064e+02 -1.5269e+02 -8.3316e+01 -4.6151e+01
# New trial
-1.6137e+02 -1.6003e+02 -1.5825e+02 -5.0522e+02
-1.6129e+02 -1.5919e+02 -1.4076e+02 -2.3007e+02
-1.6117e+02 -1.5794e+02 -1.2713e+02 -6.2882e+01
-1.6116e+02 -1.5783e+02 -1.2576e+02 -6.8724e+01
# New trial
-1.6125e+02 -1.5907e+02 -1.7803e+02 -9.1839e+02
-1.6106e+02 -1.5702e+02 -1.3701e+02 -4.3828e+02
-1.6067e+02 -1.5306e+02 -9.0531e+01 -4.6902e+01
-1.6059e+02 -1.5218e+02 -8.3852e+01 -8.9202e+01
# New trial
-1.6097e+02 -1.5663e+02 -1.5987e+02 -6.3805e+02
-1.6058e+02 -1.5255e+02 -1.2159e+02 -3.9050e+02
-1.5989e+02 -1.4534e+02 -6.0182e+01 -4.6410e+01
-1.5986e+02 -1.4497e+02 -5.8495e+01 -4.6342e+01
# New trial
-1.6118e+02 -1.5828e+02 -1.5219e+02 -6.3462e+02
-1.6100e+02 -1.5640e+02 -1.3167e+02 -4.3042e+02
-1.6056e+02 -1.5186e+02 -7.7955e+01 -4.6151e+01
-1.6030e+02 -1.4931e+02 -6.7925e+01 -4.6153e+01
# New trial
-1.6105e+02 -1.5704e+02 -1.4957e+02 -5.8376e+02
-1.6086e+02 -1.5510e+02 -1.2926e+02 -4.2105e+02
-1.6039e+02 -1.5023e+02 -6.8278e+01 -4.6656e+01
-1.6025e+02 -1.4876e+02 -6.7089e+01 -4.6713e+01
# New trial
-1.6123e+02 -1.5894e+02 -1.7839e+02 -9.2028e+02
-1.6099e+02 -1.5630e+02 -1.2320e+02 -2.7989e+02
-1.6055e+02 -1.5174e+02 -7.7509e+01 -4.6160e+01
-1.6016e+02 -1.4794e+02 -6.4983e+01 -8.2473e+01
# New trial
-1.6126e+02 -1.5913e+02 -1.7842e+02 -9.9792e+02
-1.6108e+02 -1.5723e+02 -1.3376e+02 -2.9359e+02
-1.6081e+02 -1.5436e+02 -9.7386e+01 -4.6921e+01
-1.6076e+02 -1.5387e+02 -9.2472e+01 -5.9636e+01
# New trial
-1.6126e+02 -1.5981e+02 -2.4128e+02 -1.5672e+03
-1.6099e+02 -1.5656e+02 -1.5436e+02 -5.4310e+02
-1.6042e+02 -1.5063e+02 -7.9200e+01 -6.1841e+01
-1.6026e+02 -1.4901e+02 -9.8306e+01 -4.7496e+02
# New trial
-1.6127e+02 -1.5921e+02 -1.6825e+02 -8.5760e+02
-1.6114e+02 -1.5782e+02 -1.3942e+02 -2.7937e+02
-1.6084e+02 -1.5469e+02 -1.0033e+02 -4.7546e+01
-1.6071e+02 -1.5336e+02 -9.2179e+01 -1.6146e+02
# New trial
-1.6114e+02 -1.5910e+02 -2.3557e+02 -1.4680e+03
-1.6084e+02 -1.5562e+02 -1.5443e+02 -5.3352e+02
-1.6023e+02 -1.4890e+02 -7.0503e+01 -4.6327e+01
-1.6024e+02 -1.4875e+02 -8.3823e+01 -3.0782e+02
# New trial
-1.6110e+02 -1.5743e+02 -1.4312e+02 -4.0174e+02
-1.6087e+02 -1.5521e+02 -1.2298e+02 -3.2183e+02
-1.6030e+02 -1.4945e+02 -7.3560e+01 -4.6245e+01
-1.6018e+02 -1.4814e+02 -6.4700e+01 -6.0679e+01
# New trial
-1.6117e+02 -1.5809e+02 -1.4624e+02 -4.2253e+02
-1.6101e+02 -1.5654e+02 -1.3123e+02 -2.9011e+02
-1.6064e+02 -1.5273e+02 -8.9040e+01 -5.4134e+01
-1.6061e+02 -1.5235e+02 -8.3762e+01 -5.4512e+01
# New trial
-1.6116e+02 -1.5818e+02 -1.7066e+02 -9.3332e+02
-1.6101e+02 -1.5661e+02 -1.4403e+02 -5.1920e+02
-1.6060e+02 -1.5241e+02 -8.8506e+01 -4.6194e+01
-1.6033e+02 -1.4959e+02 -6.8001e+01 -4.6151e+01
# New trial
-1.6126e+02 -1.5903e+02 -1.6276e+02 -8.0529e+02
-1.6117e+02 -1.5804e+02 -1.3904e+02 -3.3804e+02
-1.6093e+02 -1.5557e+02 -1.0620e+02 -5.0296e+01
-1.6074e+02 -1.5365e+02 -9.0155e+01 -5.9280e+01
# New trial
-1.6112e+02 -1.5806e+02 -1.8963e+02 -9.2770e+02
-1.6083e+02 -1.5481e+02 -1.1782e+02 -1.9053e+02
-1.6063e+02 -1.5273e+02 -8.9799e+01 -4.6470e+01
-1.6093e+02 -1.5551e+02 -1.0536e+02 -5.0690e+01
# New trial
-1.6124e+02 -1.5878e+02 -1.6226e+02 -8.4285e+02
-1.6112e+02 -1.5754e+02 -1.2850e+02 -1.0019e+02
-1.6087e+02 -1.5497e+02 -1.0318e+02 -5.1904e+01
-1.6067e+02 -1.5301e+02 -9.2453e+01 -1.9761e+02
# New trial
-1.6122e+02 -1.5894e+02 -1.8304e+02 -8.5083e+02
-1.6088e+02 -1.5540e+02 -1.2822e+02 -3.2408e+02
-1.6049e+02 -1.5132e+02 -8.2919e+01 -4.8047e+01
-1.6057e+02 -1.5200e+02 -8.6520e+01 -1.3956e+02
# New trial
-1.6119e+02 -1.5871e+02 -1.6987e+02 -6.0589e+02
-1.6092e+02 -1.5585e+02 -1.3516e+02 -3.4395e+02
-1.6028e+02 -1.4921e+02 -6.6999e+01 -4.6151e+01
-1.5991e+02 -1.4543e+02 -5.6553e+01 -4.6151e+01
# New trial
-1.6135e+02 -1.6079e+02 -2.4378e+02 -1.5832e+03
-1.6103e+02 -1.5702e+02 -1.5291e+02 -4.7620e+02
-1.6042e+02 -1.5064e+02 -7.9316e+01 -4.6402e+01
-1.6030e+02 -1.4935e+02 -8.7344e+01 -2.7161e+02
# New trial
-1.6129e+02 -1.5915e+02 -1.4346e+02 -2.4760e+02
-1.6112e+02 -1.5747e+02 -1.2740e+02 -8.9745e+01
-1.6078e+02 -1.5409e+02 -9.8087e+01 -4.6981e+01
-1.6072e+02 -1.5346e+02 -8.8551e+01 -4.8886e+01
# New trial
-1.6118e+02 -1.5825e+02 -1.6114e+02 -8.0241e+02
-1.6107e+02 -1.5709e+02 -1.3116e+02 -3.1068e+02
-1.6076e+02 -1.5396e+02 -9.5384e+01 -4.7181e+01
-1.6064e+02 -1.5268e+02 -8.6381e+01 -9.5411e+01
# New trial
-1.6122e+02 -1.5919e+02 -1.8993e+02 -1.0112e+03
-1.6097e+02 -1.5639e+02 -1.4015e+02 -3.5807e+02
-1.6040e+02 -1.5039e+02 -7.7949e+01 -7.7443e+01
-1.6014e+02 -1.4770e+02 -6.6384e+01 -8.9048e+01
# New trial
-1.6123e+02 -1.5870e+02 -1.5051e+02 -5.0945e+02
-1.6104e+02 -1.5681e+02 -1.2703e+02 -2.0893e+02
-1.6065e+02 -1.5286e+02 -8.7365e+01 -4.6169e+01
-1.6061e+02 -1.5239e+02 -8.2072e+01 -4.6476e+01
# New trial
-1.6118e+02 -1.5819e+02 -1.5331e+02 -6.5694e+02
-1.6106e+02 -1.5700e+02 -1.3094e+02 -2.1901e+02
-1.6074e+02 -1.5374e+02 -9.4032e+01 -5.3650e+01
-1.6053e+02 -1.5158e+02 -8.2828e+01 -1.3480e+02
# New trial
