# 10.0sig - Array shape (trial/sig/alpha): (30L, 4L, 4L)
-9.2211e+01 -9.1473e+01 -9.5750e+01 -4.3295e+02
-9.2228e+01 -9.1614e+01 -9.2605e+01 -3.7820e+02
-9.2207e+01 -9.1367e+01 -8.5288e+01 -2.2307e+02
-9.2143e+01 -9.0712e+01 -7.7123e+01 -1.1085e+02
# New trial
-9.2319e+01 -9.3630e+01 -1.7532e+02 -1.3654e+03
-9.2299e+01 -9.2993e+01 -1.3461e+02 -8.2972e+02
-9.2211e+01 -9.1496e+01 -9.4420e+01 -4.1397e+02
-9.2004e+01 -8.9331e+01 -6.5395e+01 -1.5497e+02
# New trial
-9.2242e+01 -9.1934e+01 -1.2001e+02 -7.1699e+02
-9.2231e+01 -9.1729e+01 -1.0268e+02 -5.2996e+02
-9.2097e+01 -9.0282e+01 -7.5759e+01 -1.5896e+02
-9.1943e+01 -8.8719e+01 -6.0087e+01 -1.0808e+02
# New trial
-9.2205e+01 -9.1437e+01 -9.7218e+01 -4.3805e+02
-9.2202e+01 -9.1404e+01 -9.5202e+01 -4.0963e+02
-9.2103e+01 -9.0350e+01 -7.6835e+01 -1.6418e+02
-9.1974e+01 -8.9027e+01 -6.2600e+01 -4.9927e+01
# New trial
-9.2289e+01 -9.3023e+01 -1.5593e+02 -1.0994e+03
-9.2225e+01 -9.1807e+01 -1.0693e+02 -5.4231e+02
-9.2183e+01 -9.1179e+01 -8.6145e+01 -1.9183e+02
-9.2103e+01 -9.0323e+01 -7.3872e+01 -1.4528e+02
# New trial
-9.2233e+01 -9.1962e+01 -1.1983e+02 -6.8849e+02
-9.2192e+01 -9.1346e+01 -9.5124e+01 -3.7076e+02
-9.2075e+01 -9.0074e+01 -7.4501e+01 -1.8892e+02
-9.1919e+01 -8.8481e+01 -5.8655e+01 -6.9795e+01
# New trial
-9.2203e+01 -9.1394e+01 -9.2341e+01 -3.8445e+02
-9.2222e+01 -9.1549e+01 -9.0221e+01 -3.2768e+02
-9.2192e+01 -9.1214e+01 -8.2972e+01 -1.6626e+02
-9.2153e+01 -9.0814e+01 -7.7866e+01 -5.8173e+01
# New trial
-9.2047e+01 -9.0339e+01 -1.0881e+02 -5.9414e+02
-9.2138e+01 -9.1001e+01 -1.0137e+02 -4.9443e+02
-9.2151e+01 -9.0905e+01 -8.7075e+01 -3.0420e+02
-9.2050e+01 -8.9785e+01 -6.8507e+01 -8.8435e+01
# New trial
-9.2385e+01 -9.4329e+01 -1.9928e+02 -1.5751e+03
-9.2348e+01 -9.3396e+01 -1.4684e+02 -9.2641e+02
-9.2143e+01 -9.0832e+01 -8.9104e+01 -4.5102e+02
-9.1947e+01 -8.8777e+01 -6.4838e+01 -2.6368e+02
# New trial
-9.2239e+01 -9.1696e+01 -9.0712e+01 -3.1868e+02
-9.2218e+01 -9.1479e+01 -8.6440e+01 -2.0245e+02
-9.2179e+01 -9.1072e+01 -8.0910e+01 -1.0641e+02
-9.2167e+01 -9.0952e+01 -7.9037e+01 -5.0479e+01
# New trial
-9.2467e+01 -9.4631e+01 -1.6810e+02 -1.3258e+03
-9.2273e+01 -9.2328e+01 -1.4049e+02 -1.0985e+03
-9.2027e+01 -8.9660e+01 -8.6985e+01 -4.9459e+02
-9.1825e+01 -8.7561e+01 -5.6125e+01 -1.8972e+02
# New trial
-9.2380e+01 -9.3817e+01 -1.6723e+02 -1.2185e+03
-9.2237e+01 -9.1833e+01 -1.0145e+02 -3.5016e+02
-9.2173e+01 -9.1064e+01 -8.3402e+01 -1.4065e+02
-9.2106e+01 -9.0345e+01 -7.3748e+01 -7.5714e+01
# New trial
-9.2210e+01 -9.1900e+01 -1.3469e+02 -9.3891e+02
-9.2215e+01 -9.1778e+01 -1.1175e+02 -5.8097e+02
-9.2132e+01 -9.0698e+01 -8.4604e+01 -3.2568e+02
-9.1998e+01 -8.9273e+01 -6.5197e+01 -1.1367e+02
# New trial
-9.2232e+01 -9.1939e+01 -1.1753e+02 -6.7883e+02
-9.2240e+01 -9.1884e+01 -1.0657e+02 -5.0368e+02
-9.2138e+01 -9.0712e+01 -8.2692e+01 -3.0699e+02
-9.2001e+01 -8.9306e+01 -6.5395e+01 -1.4427e+02
# New trial
-9.2320e+01 -9.2948e+01 -1.3861e+02 -8.7288e+02
-9.2276e+01 -9.2338e+01 -1.1912e+02 -6.4935e+02
-9.2135e+01 -9.0703e+01 -8.3835e+01 -2.7720e+02
-9.1967e+01 -8.8965e+01 -6.1946e+01 -9.4998e+01
# New trial
-9.2462e+01 -9.5063e+01 -1.8947e+02 -1.4594e+03
-9.2379e+01 -9.3663e+01 -1.3726e+02 -8.0118e+02
-9.2126e+01 -9.0695e+01 -8.9117e+01 -3.9057e+02
-9.1867e+01 -8.7967e+01 -5.5023e+01 -9.2136e+01
# New trial
-9.2226e+01 -9.2460e+01 -1.7934e+02 -1.4662e+03
-9.2154e+01 -9.1188e+01 -1.0991e+02 -6.3003e+02
-9.2048e+01 -8.9861e+01 -8.0127e+01 -3.6231e+02
-9.1918e+01 -8.8490e+01 -5.8280e+01 -4.8187e+01
# New trial
-9.2360e+01 -9.3272e+01 -1.3438e+02 -8.6314e+02
-9.2311e+01 -9.2618e+01 -1.1258e+02 -5.8093e+02
-9.2153e+01 -9.0908e+01 -8.8718e+01 -4.0120e+02
-9.2067e+01 -8.9953e+01 -7.0867e+01 -1.0732e+02
# New trial
-9.2318e+01 -9.2562e+01 -1.0743e+02 -5.4626e+02
-9.2280e+01 -9.2121e+01 -9.5067e+01 -3.0120e+02
-9.2207e+01 -9.1363e+01 -8.3993e+01 -1.1686e+02
-9.2133e+01 -9.0609e+01 -7.5729e+01 -4.8614e+01
# New trial
-9.2512e+01 -9.5223e+01 -1.8681e+02 -1.3702e+03
-9.2404e+01 -9.3638e+01 -1.3007e+02 -7.8501e+02
-9.2128e+01 -9.0629e+01 -8.1048e+01 -1.8441e+02
-9.1927e+01 -8.8562e+01 -5.9430e+01 -4.7725e+01
# New trial
-9.2269e+01 -9.2435e+01 -1.3425e+02 -9.2809e+02
-9.2218e+01 -9.1620e+01 -9.8324e+01 -4.4154e+02
-9.2119e+01 -9.0512e+01 -8.0447e+01 -3.0968e+02
-9.2011e+01 -8.9405e+01 -6.7274e+01 -2.4162e+02
# New trial
-9.2192e+01 -9.1287e+01 -9.4510e+01 -4.3374e+02
-9.2209e+01 -9.1475e+01 -9.7299e+01 -4.7156e+02
-9.2149e+01 -9.0822e+01 -8.4288e+01 -3.9635e+02
-9.2011e+01 -8.9410e+01 -6.8771e+01 -2.5171e+02
# New trial
-9.2280e+01 -9.2353e+01 -1.1649e+02 -6.3060e+02
-9.2214e+01 -9.1669e+01 -1.0516e+02 -4.6913e+02
-9.2108e+01 -9.0436e+01 -8.0019e+01 -1.9926e+02
-9.2009e+01 -8.9380e+01 -6.5207e+01 -5.2358e+01
# New trial
-9.2213e+01 -9.1794e+01 -1.1886e+02 -6.6935e+02
-9.2202e+01 -9.1634e+01 -1.1130e+02 -5.6669e+02
-9.2122e+01 -9.0591e+01 -8.3917e+01 -3.0611e+02
-9.1915e+01 -8.8441e+01 -5.8807e+01 -1.0001e+02
# New trial
-9.2345e+01 -9.3355e+01 -1.4590e+02 -9.8833e+02
-9.2273e+01 -9.2448e+01 -1.2314e+02 -7.1986e+02
-9.2094e+01 -9.0326e+01 -8.1095e+01 -2.0907e+02
-9.1909e+01 -8.8394e+01 -5.7884e+01 -5.9658e+01
# New trial
-9.2516e+01 -9.6412e+01 -2.1510e+02 -1.6518e+03
-9.2369e+01 -9.3729e+01 -1.5254e+02 -1.0934e+03
-9.2020e+01 -8.9610e+01 -7.7878e+01 -3.3870e+02
-9.1687e+01 -8.6197e+01 -4.8524e+01 -9.9483e+01
# New trial
-9.2655e+01 -9.7606e+01 -2.2838e+02 -1.7925e+03
-9.2434e+01 -9.4200e+01 -1.4865e+02 -1.0099e+03
-9.2055e+01 -8.9959e+01 -8.3831e+01 -3.9408e+02
-9.1852e+01 -8.7846e+01 -5.7534e+01 -1.9610e+02
# New trial
-9.2200e+01 -9.1494e+01 -1.0074e+02 -4.1281e+02
-9.2195e+01 -9.1350e+01 -9.2334e+01 -3.2080e+02
-9.2113e+01 -9.0438e+01 -7.6471e+01 -1.2381e+02
-9.2007e+01 -8.9353e+01 -6.4529e+01 -5.8650e+01
# New trial
-9.2249e+01 -9.2273e+01 -1.4859e+02 -1.1884e+03
-9.2255e+01 -9.2152e+01 -1.1646e+02 -6.6479e+02
-9.2140e+01 -9.0785e+01 -8.3096e+01 -1.3478e+02
-9.1964e+01 -8.8938e+01 -6.2040e+01 -4.7847e+01
# New trial
-9.2251e+01 -9.2060e+01 -1.1636e+02 -7.2012e+02
-9.2211e+01 -9.1562e+01 -1.0104e+02 -4.8811e+02
-9.2097e+01 -9.0294e+01 -7.7053e+01 -1.9575e+02
-9.1949e+01 -8.8773e+01 -6.1026e+01 -6.4838e+01
# New trial
