# 10.0sig - Array shape (trial/sig/alpha): (30L, 4L, 4L)
-7.3775e+01 -7.3268e+01 -7.9822e+01 -3.9500e+02
-7.3797e+01 -7.3446e+01 -7.6495e+01 -3.1182e+02
-7.3785e+01 -7.3292e+01 -7.0169e+01 -1.5438e+02
-7.3741e+01 -7.2840e+01 -6.4342e+01 -9.5518e+01
# New trial
-7.3832e+01 -7.4877e+01 -1.4271e+02 -1.1303e+03
-7.3787e+01 -7.4024e+01 -1.0611e+02 -6.3890e+02
-7.3731e+01 -7.2934e+01 -7.4806e+01 -3.3479e+02
-7.3646e+01 -7.1920e+01 -5.6839e+01 -8.5545e+01
# New trial
-7.3790e+01 -7.3550e+01 -9.4649e+01 -5.8859e+02
-7.3792e+01 -7.3493e+01 -8.5570e+01 -4.4350e+02
-7.3714e+01 -7.2596e+01 -6.5001e+01 -1.6533e+02
-7.3620e+01 -7.1633e+01 -5.4231e+01 -5.7540e+01
# New trial
-7.3753e+01 -7.3086e+01 -8.2100e+01 -4.3025e+02
-7.3771e+01 -7.3225e+01 -7.8127e+01 -3.3255e+02
-7.3711e+01 -7.2563e+01 -6.4141e+01 -1.3373e+02
-7.3609e+01 -7.1520e+01 -5.3231e+01 -5.4994e+01
# New trial
-7.3784e+01 -7.4260e+01 -1.3264e+02 -9.8571e+02
-7.3747e+01 -7.3212e+01 -8.7227e+01 -4.1840e+02
-7.3752e+01 -7.3014e+01 -7.0477e+01 -2.0644e+02
-7.3730e+01 -7.2738e+01 -6.3806e+01 -1.5094e+02
# New trial
-7.3769e+01 -7.3442e+01 -9.8629e+01 -6.4405e+02
-7.3773e+01 -7.3307e+01 -8.0952e+01 -3.5335e+02
-7.3703e+01 -7.2493e+01 -6.5571e+01 -2.1478e+02
-7.3585e+01 -7.1285e+01 -5.2079e+01 -1.1594e+02
# New trial
-7.3729e+01 -7.2883e+01 -7.8831e+01 -4.3363e+02
-7.3778e+01 -7.3268e+01 -7.5149e+01 -3.3983e+02
-7.3771e+01 -7.3150e+01 -6.8969e+01 -2.3016e+02
-7.3749e+01 -7.2918e+01 -6.4973e+01 -7.5659e+01
# New trial
-7.3630e+01 -7.2651e+01 -1.0564e+02 -7.4529e+02
-7.3683e+01 -7.2609e+01 -8.2970e+01 -4.5890e+02
-7.3727e+01 -7.2794e+01 -7.1047e+01 -3.0384e+02
-7.3702e+01 -7.2454e+01 -6.1004e+01 -1.1620e+02
# New trial
-7.3872e+01 -7.5069e+01 -1.5638e+02 -1.3098e+03
-7.3889e+01 -7.4822e+01 -1.1781e+02 -7.8320e+02
-7.3755e+01 -7.3078e+01 -7.5705e+01 -4.2654e+02
-7.3623e+01 -7.1678e+01 -5.6186e+01 -1.7574e+02
# New trial
-7.3782e+01 -7.3280e+01 -7.2879e+01 -2.8922e+02
-7.3775e+01 -7.3195e+01 -6.9825e+01 -1.7186e+02
-7.3760e+01 -7.3026e+01 -6.6677e+01 -1.3129e+02
-7.3764e+01 -7.3063e+01 -6.6217e+01 -5.2291e+01
# New trial
-7.3885e+01 -7.4969e+01 -1.2638e+02 -9.5750e+02
-7.3796e+01 -7.3642e+01 -9.2454e+01 -5.8615e+02
-7.3645e+01 -7.1976e+01 -7.5462e+01 -4.9880e+02
-7.3569e+01 -7.1144e+01 -5.6929e+01 -3.2960e+02
# New trial
-7.3866e+01 -7.4554e+01 -1.2405e+02 -8.9809e+02
-7.3798e+01 -7.3551e+01 -8.2733e+01 -3.3232e+02
-7.3776e+01 -7.3209e+01 -6.9645e+01 -1.2394e+02
-7.3723e+01 -7.2659e+01 -6.2635e+01 -8.4630e+01
# New trial
-7.3823e+01 -7.4096e+01 -1.0950e+02 -7.5913e+02
-7.3835e+01 -7.4055e+01 -9.3076e+01 -4.7875e+02
-7.3766e+01 -7.3147e+01 -7.2682e+01 -2.8927e+02
-7.3681e+01 -7.2248e+01 -6.0295e+01 -1.4176e+02
# New trial
-7.3765e+01 -7.3419e+01 -9.7668e+01 -6.2276e+02
-7.3800e+01 -7.3648e+01 -9.0367e+01 -4.7746e+02
-7.3721e+01 -7.2685e+01 -6.7275e+01 -2.5188e+02
-7.3654e+01 -7.1970e+01 -5.6730e+01 -1.1440e+02
# New trial
-7.3767e+01 -7.3520e+01 -1.0667e+02 -7.1569e+02
-7.3780e+01 -7.3475e+01 -9.1427e+01 -5.2263e+02
-7.3719e+01 -7.2680e+01 -6.7069e+01 -2.1644e+02
-7.3639e+01 -7.1822e+01 -5.5383e+01 -1.0025e+02
# New trial
-7.4022e+01 -7.6747e+01 -1.6172e+02 -1.2452e+03
-7.3920e+01 -7.5182e+01 -1.1338e+02 -6.7123e+02
-7.3722e+01 -7.2780e+01 -7.2530e+01 -3.1208e+02
-7.3569e+01 -7.1136e+01 -5.1306e+01 -8.0717e+01
# New trial
-7.3713e+01 -7.3544e+01 -1.4052e+02 -1.1832e+03
-7.3720e+01 -7.2984e+01 -9.0840e+01 -5.2914e+02
-7.3675e+01 -7.2258e+01 -6.4787e+01 -2.2934e+02
-7.3624e+01 -7.1678e+01 -5.5657e+01 -7.7778e+01
# New trial
-7.3901e+01 -7.4788e+01 -1.1342e+02 -8.2808e+02
-7.3844e+01 -7.4045e+01 -8.9863e+01 -4.8660e+02
-7.3739e+01 -7.2904e+01 -7.3498e+01 -3.2174e+02
-7.3685e+01 -7.2298e+01 -6.1113e+01 -1.5889e+02
# New trial
-7.3842e+01 -7.3908e+01 -8.2714e+01 -4.0919e+02
-7.3826e+01 -7.3717e+01 -7.6786e+01 -2.6834e+02
-7.3786e+01 -7.3294e+01 -6.9424e+01 -1.0728e+02
-7.3741e+01 -7.2839e+01 -6.4165e+01 -7.9714e+01
# New trial
-7.3972e+01 -7.5912e+01 -1.4898e+02 -1.1289e+03
-7.3934e+01 -7.5101e+01 -1.1056e+02 -7.1377e+02
-7.3725e+01 -7.2752e+01 -6.8813e+01 -2.3804e+02
-7.3567e+01 -7.1110e+01 -5.0667e+01 -5.6444e+01
# New trial
-7.3908e+01 -7.5260e+01 -1.3683e+02 -1.0319e+03
-7.3848e+01 -7.4139e+01 -9.1747e+01 -5.0406e+02
-7.3720e+01 -7.2685e+01 -6.7834e+01 -3.3361e+02
-7.3635e+01 -7.1790e+01 -5.5812e+01 -1.6804e+02
# New trial
-7.3782e+01 -7.3375e+01 -8.3527e+01 -4.1916e+02
-7.3794e+01 -7.3484e+01 -8.3427e+01 -4.2395e+02
-7.3744e+01 -7.2918e+01 -7.1247e+01 -3.0234e+02
-7.3643e+01 -7.1868e+01 -5.7551e+01 -1.3100e+02
# New trial
-7.3835e+01 -7.4048e+01 -9.7329e+01 -5.3796e+02
-7.3794e+01 -7.3576e+01 -8.6098e+01 -3.7935e+02
-7.3734e+01 -7.2820e+01 -6.8661e+01 -2.3078e+02
-7.3686e+01 -7.2286e+01 -5.9554e+01 -7.2363e+01
# New trial
-7.3781e+01 -7.3567e+01 -9.8068e+01 -5.7537e+02
-7.3784e+01 -7.3528e+01 -9.0526e+01 -4.7492e+02
-7.3743e+01 -7.2936e+01 -7.1001e+01 -2.5591e+02
-7.3606e+01 -7.1492e+01 -5.3707e+01 -1.0431e+02
# New trial
-7.3844e+01 -7.4400e+01 -1.1791e+02 -8.2215e+02
-7.3820e+01 -7.3994e+01 -1.0068e+02 -5.9442e+02
-7.3724e+01 -7.2759e+01 -7.0919e+01 -2.6525e+02
-7.3620e+01 -7.1633e+01 -5.4393e+01 -7.6732e+01
# New trial
-7.4111e+01 -7.8387e+01 -1.9238e+02 -1.5380e+03
-7.3995e+01 -7.6065e+01 -1.3347e+02 -9.6163e+02
-7.3699e+01 -7.2525e+01 -7.0941e+01 -3.5333e+02
-7.3474e+01 -7.0183e+01 -4.7806e+01 -9.0123e+01
# New trial
-7.4086e+01 -7.7969e+01 -1.8714e+02 -1.5185e+03
-7.3974e+01 -7.5734e+01 -1.2476e+02 -8.6286e+02
-7.3704e+01 -7.2578e+01 -7.5372e+01 -4.4914e+02
-7.3581e+01 -7.1255e+01 -5.6600e+01 -2.9003e+02
# New trial
-7.3783e+01 -7.3556e+01 -9.3171e+01 -5.1594e+02
-7.3778e+01 -7.3354e+01 -7.9648e+01 -3.4581e+02
-7.3717e+01 -7.2642e+01 -6.5741e+01 -2.0269e+02
-7.3666e+01 -7.2093e+01 -5.7756e+01 -9.5229e+01
# New trial
-7.3756e+01 -7.3385e+01 -1.1616e+02 -9.3563e+02
-7.3763e+01 -7.3322e+01 -8.8682e+01 -5.2551e+02
-7.3708e+01 -7.2630e+01 -7.0568e+01 -2.8962e+02
-7.3629e+01 -7.1753e+01 -5.6475e+01 -1.3132e+02
# New trial
-7.3708e+01 -7.2982e+01 -9.7829e+01 -6.0868e+02
-7.3710e+01 -7.2764e+01 -7.9118e+01 -3.6891e+02
-7.3658e+01 -7.2076e+01 -6.1274e+01 -1.6340e+02
-7.3581e+01 -7.1249e+01 -5.2507e+01 -5.3163e+01
# New trial
