# 1.0sig - Array shape (trial/sig/alpha): (30, 4, 4)
-1.3383e+02 -1.3372e+02 -1.3311e+02 -1.4238e+02
-1.3382e+02 -1.3366e+02 -1.3229e+02 -1.3236e+02
-1.3381e+02 -1.3351e+02 -1.3083e+02 -1.2922e+02
-1.3380e+02 -1.3340e+02 -1.3004e+02 -1.2922e+02
# New trial
-1.3383e+02 -1.3373e+02 -1.3299e+02 -1.3477e+02
-1.3382e+02 -1.3369e+02 -1.3269e+02 -1.3402e+02
-1.3381e+02 -1.3356e+02 -1.3138e+02 -1.2922e+02
-1.3379e+02 -1.3337e+02 -1.2987e+02 -1.2922e+02
# New trial
-1.3383e+02 -1.3378e+02 -1.3344e+02 -1.4434e+02
-1.3383e+02 -1.3373e+02 -1.3290e+02 -1.3512e+02
-1.3381e+02 -1.3360e+02 -1.3162e+02 -1.2923e+02
-1.3381e+02 -1.3352e+02 -1.3083e+02 -1.2922e+02
# New trial
-1.3383e+02 -1.3371e+02 -1.3285e+02 -1.3959e+02
-1.3382e+02 -1.3368e+02 -1.3253e+02 -1.3395e+02
-1.3381e+02 -1.3359e+02 -1.3160e+02 -1.2922e+02
-1.3382e+02 -1.3361e+02 -1.3163e+02 -1.2922e+02
# New trial
-1.3382e+02 -1.3367e+02 -1.3332e+02 -1.4854e+02
-1.3381e+02 -1.3359e+02 -1.3192e+02 -1.3536e+02
-1.3380e+02 -1.3350e+02 -1.3091e+02 -1.2922e+02
-1.3381e+02 -1.3353e+02 -1.3104e+02 -1.2922e+02
# New trial
-1.3383e+02 -1.3375e+02 -1.3354e+02 -1.5510e+02
-1.3382e+02 -1.3370e+02 -1.3263e+02 -1.3201e+02
-1.3382e+02 -1.3362e+02 -1.3176e+02 -1.2922e+02
-1.3382e+02 -1.3361e+02 -1.3162e+02 -1.2922e+02
# New trial
-1.3383e+02 -1.3379e+02 -1.3354e+02 -1.4768e+02
-1.3383e+02 -1.3376e+02 -1.3310e+02 -1.3488e+02
-1.3383e+02 -1.3371e+02 -1.3260e+02 -1.2926e+02
-1.3382e+02 -1.3367e+02 -1.3217e+02 -1.2922e+02
# New trial
-1.3383e+02 -1.3375e+02 -1.3377e+02 -1.5239e+02
-1.3382e+02 -1.3368e+02 -1.3268e+02 -1.4043e+02
-1.3381e+02 -1.3353e+02 -1.3111e+02 -1.2922e+02
-1.3381e+02 -1.3354e+02 -1.3124e+02 -1.3348e+02
# New trial
-1.3381e+02 -1.3357e+02 -1.3209e+02 -1.3460e+02
-1.3380e+02 -1.3346e+02 -1.3123e+02 -1.3375e+02
-1.3378e+02 -1.3330e+02 -1.3011e+02 -1.2922e+02
-1.3379e+02 -1.3333e+02 -1.2974e+02 -1.2922e+02
# New trial
-1.3383e+02 -1.3374e+02 -1.3328e+02 -1.4838e+02
-1.3382e+02 -1.3368e+02 -1.3272e+02 -1.4086e+02
-1.3380e+02 -1.3348e+02 -1.3070e+02 -1.2922e+02
-1.3377e+02 -1.3319e+02 -1.2935e+02 -1.2922e+02
# New trial
-1.3383e+02 -1.3374e+02 -1.3360e+02 -1.5143e+02
-1.3382e+02 -1.3367e+02 -1.3288e+02 -1.4455e+02
-1.3380e+02 -1.3343e+02 -1.3046e+02 -1.2922e+02
-1.3377e+02 -1.3315e+02 -1.2935e+02 -1.2922e+02
# New trial
-1.3383e+02 -1.3373e+02 -1.3369e+02 -1.5216e+02
-1.3382e+02 -1.3365e+02 -1.3210e+02 -1.2976e+02
-1.3380e+02 -1.3349e+02 -1.3062e+02 -1.2922e+02
-1.3379e+02 -1.3337e+02 -1.2984e+02 -1.2922e+02
# New trial
-1.3383e+02 -1.3380e+02 -1.3425e+02 -1.6226e+02
-1.3382e+02 -1.3370e+02 -1.3281e+02 -1.3783e+02
-1.3381e+02 -1.3360e+02 -1.3179e+02 -1.2958e+02
-1.3382e+02 -1.3367e+02 -1.3247e+02 -1.4605e+02
# New trial
-1.3383e+02 -1.3374e+02 -1.3584e+02 -1.7872e+02
-1.3382e+02 -1.3364e+02 -1.3295e+02 -1.4441e+02
-1.3379e+02 -1.3340e+02 -1.3029e+02 -1.2922e+02
-1.3377e+02 -1.3318e+02 -1.2935e+02 -1.2922e+02
# New trial
-1.3383e+02 -1.3375e+02 -1.3360e+02 -1.5638e+02
-1.3382e+02 -1.3370e+02 -1.3273e+02 -1.3516e+02
-1.3381e+02 -1.3358e+02 -1.3138e+02 -1.2922e+02
-1.3380e+02 -1.3350e+02 -1.3067e+02 -1.2922e+02
# New trial
-1.3382e+02 -1.3371e+02 -1.3536e+02 -1.7594e+02
-1.3381e+02 -1.3358e+02 -1.3287e+02 -1.4280e+02
-1.3379e+02 -1.3339e+02 -1.3065e+02 -1.2923e+02
-1.3380e+02 -1.3349e+02 -1.3078e+02 -1.2922e+02
# New trial
-1.3383e+02 -1.3371e+02 -1.3306e+02 -1.4143e+02
-1.3382e+02 -1.3363e+02 -1.3228e+02 -1.3675e+02
-1.3380e+02 -1.3341e+02 -1.3021e+02 -1.2922e+02
-1.3378e+02 -1.3326e+02 -1.2949e+02 -1.2922e+02
# New trial
-1.3383e+02 -1.3374e+02 -1.3321e+02 -1.3821e+02
-1.3382e+02 -1.3369e+02 -1.3277e+02 -1.3569e+02
-1.3381e+02 -1.3353e+02 -1.3117e+02 -1.2922e+02
-1.3379e+02 -1.3339e+02 -1.2998e+02 -1.2922e+02
# New trial
-1.3382e+02 -1.3371e+02 -1.3383e+02 -1.5576e+02
-1.3382e+02 -1.3365e+02 -1.3276e+02 -1.4054e+02
-1.3381e+02 -1.3354e+02 -1.3111e+02 -1.2922e+02
-1.3381e+02 -1.3353e+02 -1.3090e+02 -1.2922e+02
# New trial
-1.3383e+02 -1.3372e+02 -1.3302e+02 -1.4912e+02
-1.3382e+02 -1.3369e+02 -1.3247e+02 -1.3095e+02
-1.3382e+02 -1.3363e+02 -1.3182e+02 -1.2922e+02
-1.3381e+02 -1.3359e+02 -1.3141e+02 -1.2922e+02
# New trial
-1.3382e+02 -1.3370e+02 -1.3351e+02 -1.5108e+02
-1.3382e+02 -1.3362e+02 -1.3209e+02 -1.2940e+02
-1.3381e+02 -1.3352e+02 -1.3122e+02 -1.3001e+02
-1.3382e+02 -1.3364e+02 -1.3225e+02 -1.4394e+02
# New trial
-1.3383e+02 -1.3376e+02 -1.3350e+02 -1.5018e+02
-1.3383e+02 -1.3373e+02 -1.3278e+02 -1.3044e+02
-1.3382e+02 -1.3363e+02 -1.3184e+02 -1.2935e+02
-1.3380e+02 -1.3347e+02 -1.3045e+02 -1.2922e+02
# New trial
-1.3383e+02 -1.3372e+02 -1.3372e+02 -1.5130e+02
-1.3382e+02 -1.3362e+02 -1.3203e+02 -1.2934e+02
-1.3380e+02 -1.3344e+02 -1.3056e+02 -1.2922e+02
-1.3379e+02 -1.3339e+02 -1.3034e+02 -1.2998e+02
# New trial
-1.3382e+02 -1.3368e+02 -1.3304e+02 -1.3923e+02
-1.3381e+02 -1.3358e+02 -1.3184e+02 -1.3176e+02
-1.3379e+02 -1.3339e+02 -1.3021e+02 -1.2922e+02
-1.3379e+02 -1.3336e+02 -1.2986e+02 -1.2922e+02
# New trial
-1.3383e+02 -1.3376e+02 -1.3551e+02 -1.7022e+02
-1.3382e+02 -1.3362e+02 -1.3246e+02 -1.3398e+02
-1.3379e+02 -1.3341e+02 -1.3063e+02 -1.2927e+02
-1.3379e+02 -1.3339e+02 -1.3098e+02 -1.4161e+02
# New trial
-1.3383e+02 -1.3380e+02 -1.3349e+02 -1.3569e+02
-1.3383e+02 -1.3373e+02 -1.3286e+02 -1.3300e+02
-1.3381e+02 -1.3357e+02 -1.3146e+02 -1.2931e+02
-1.3381e+02 -1.3353e+02 -1.3113e+02 -1.2941e+02
# New trial
-1.3383e+02 -1.3372e+02 -1.3316e+02 -1.5150e+02
-1.3382e+02 -1.3368e+02 -1.3255e+02 -1.3965e+02
-1.3381e+02 -1.3353e+02 -1.3109e+02 -1.2922e+02
-1.3379e+02 -1.3334e+02 -1.2978e+02 -1.2922e+02
# New trial
-1.3383e+02 -1.3379e+02 -1.3452e+02 -1.5914e+02
-1.3382e+02 -1.3370e+02 -1.3320e+02 -1.4625e+02
-1.3380e+02 -1.3344e+02 -1.3046e+02 -1.2922e+02
-1.3377e+02 -1.3315e+02 -1.2931e+02 -1.2922e+02
# New trial
-1.3383e+02 -1.3379e+02 -1.3364e+02 -1.4561e+02
-1.3383e+02 -1.3372e+02 -1.3290e+02 -1.3627e+02
-1.3381e+02 -1.3353e+02 -1.3110e+02 -1.2924e+02
-1.3380e+02 -1.3341e+02 -1.3013e+02 -1.2922e+02
# New trial
-1.3383e+02 -1.3375e+02 -1.3328e+02 -1.4548e+02
-1.3383e+02 -1.3371e+02 -1.3281e+02 -1.3724e+02
-1.3381e+02 -1.3358e+02 -1.3152e+02 -1.3038e+02
-1.3379e+02 -1.3336e+02 -1.2999e+02 -1.2922e+02
# New trial
