# 1.0sig - Array shape (trial/sig/alpha): (30L, 4L, 4L)
-6.9108e+01 -6.8406e+01 -9.1688e+01 -5.6905e+02
-6.9121e+01 -6.8377e+01 -7.8621e+01 -3.7617e+02
-6.9023e+01 -6.7255e+01 -5.9222e+01 -2.4807e+02
-6.8972e+01 -6.6698e+01 -5.1072e+01 -1.1410e+02
# New trial
-6.9012e+01 -6.7410e+01 -7.7072e+01 -3.8704e+02
-6.9011e+01 -6.7243e+01 -6.0059e+01 -1.4221e+02
-6.9042e+01 -6.7452e+01 -5.6800e+01 -1.6543e+02
-6.9121e+01 -6.8180e+01 -5.9713e+01 -1.0788e+02
# New trial
-6.9095e+01 -6.8178e+01 -8.9824e+01 -6.0851e+02
-6.9093e+01 -6.8073e+01 -7.1976e+01 -3.0942e+02
-6.9077e+01 -6.7812e+01 -6.0907e+01 -2.1084e+02
-6.9056e+01 -6.7530e+01 -5.6533e+01 -1.1745e+02
# New trial
-6.9048e+01 -6.7630e+01 -7.1507e+01 -3.6816e+02
-6.9072e+01 -6.7850e+01 -6.8079e+01 -2.3431e+02
-6.9050e+01 -6.7522e+01 -5.7425e+01 -1.3041e+02
-6.9056e+01 -6.7531e+01 -5.5084e+01 -8.0678e+01
# New trial
-6.9028e+01 -6.7684e+01 -9.9439e+01 -7.0962e+02
-6.8987e+01 -6.7077e+01 -6.9841e+01 -3.8149e+02
-6.8974e+01 -6.6796e+01 -5.4968e+01 -2.4265e+02
-6.9047e+01 -6.7453e+01 -5.5502e+01 -1.4307e+02
# New trial
-6.9040e+01 -6.7645e+01 -7.6475e+01 -4.4885e+02
-6.9074e+01 -6.7842e+01 -6.7145e+01 -2.5992e+02
-6.9054e+01 -6.7538e+01 -5.6475e+01 -1.5051e+02
-6.9100e+01 -6.7961e+01 -5.7215e+01 -7.1849e+01
# New trial
-6.9150e+01 -6.8647e+01 -8.2173e+01 -4.8337e+02
-6.9155e+01 -6.8581e+01 -6.9068e+01 -2.4850e+02
-6.9141e+01 -6.8382e+01 -6.2161e+01 -1.1011e+02
-6.9156e+01 -6.8525e+01 -6.2501e+01 -4.7103e+01
# New trial
-6.9135e+01 -6.8672e+01 -9.6083e+01 -6.5952e+02
-6.9069e+01 -6.7872e+01 -7.2397e+01 -3.4141e+02
-6.8991e+01 -6.6972e+01 -5.5691e+01 -1.7379e+02
-6.9074e+01 -6.7719e+01 -5.6963e+01 -1.1845e+02
# New trial
-6.9036e+01 -6.8689e+01 -1.1529e+02 -8.3092e+02
-6.8969e+01 -6.7400e+01 -9.2538e+01 -6.0824e+02
-6.8846e+01 -6.5650e+01 -6.5709e+01 -4.2198e+02
-6.9000e+01 -6.7013e+01 -5.9614e+01 -2.9995e+02
# New trial
-6.9076e+01 -6.8124e+01 -8.4545e+01 -4.8687e+02
-6.9078e+01 -6.7952e+01 -7.4975e+01 -3.8649e+02
-6.8984e+01 -6.6855e+01 -5.3031e+01 -1.5811e+02
-6.8967e+01 -6.6646e+01 -5.2164e+01 -6.6286e+01
# New trial
-6.9083e+01 -6.8465e+01 -1.0308e+02 -6.8900e+02
-6.9071e+01 -6.8107e+01 -8.9874e+01 -5.6142e+02
-6.8979e+01 -6.6831e+01 -5.5339e+01 -2.4906e+02
-6.9049e+01 -6.7465e+01 -5.5728e+01 -2.5093e+02
# New trial
-6.9220e+01 -7.0027e+01 -1.2156e+02 -8.7925e+02
-6.9122e+01 -6.8393e+01 -7.7918e+01 -4.1206e+02
-6.8986e+01 -6.6868e+01 -5.3984e+01 -2.2413e+02
-6.8957e+01 -6.6544e+01 -5.0327e+01 -9.4431e+01
# New trial
-6.9093e+01 -6.8241e+01 -9.0691e+01 -5.7243e+02
-6.9033e+01 -6.7474e+01 -6.5864e+01 -2.3972e+02
-6.9023e+01 -6.7266e+01 -5.5995e+01 -1.2249e+02
-6.9095e+01 -6.7922e+01 -5.8588e+01 -1.5052e+02
# New trial
-6.9068e+01 -6.8983e+01 -1.4960e+02 -1.2267e+03
-6.9001e+01 -6.7606e+01 -9.1770e+01 -5.6713e+02
-6.8944e+01 -6.6522e+01 -5.3293e+01 -2.3624e+02
-6.9064e+01 -6.7618e+01 -5.5061e+01 -1.3426e+02
# New trial
-6.9021e+01 -6.7571e+01 -8.3834e+01 -5.0500e+02
-6.9074e+01 -6.7886e+01 -7.0291e+01 -2.5923e+02
-6.9081e+01 -6.7806e+01 -5.8358e+01 -1.3928e+02
-6.9110e+01 -6.8065e+01 -5.8190e+01 -5.0465e+01
# New trial
-6.8932e+01 -6.7591e+01 -1.1466e+02 -8.6087e+02
-6.8948e+01 -6.7293e+01 -8.3580e+01 -4.5255e+02
-6.8900e+01 -6.6219e+01 -5.5417e+01 -2.5138e+02
-6.9011e+01 -6.7145e+01 -6.1385e+01 -2.9751e+02
# New trial
-6.9052e+01 -6.8190e+01 -9.7894e+01 -6.4077e+02
-6.8994e+01 -6.7329e+01 -7.5827e+01 -3.9848e+02
-6.8880e+01 -6.5927e+01 -5.7349e+01 -2.9088e+02
-6.9063e+01 -6.7604e+01 -5.6513e+01 -1.1827e+02
# New trial
-6.9011e+01 -6.7453e+01 -7.6690e+01 -3.7751e+02
-6.9006e+01 -6.7324e+01 -6.9738e+01 -2.7970e+02
-6.8982e+01 -6.6880e+01 -5.4096e+01 -1.3470e+02
-6.9046e+01 -6.7434e+01 -5.4755e+01 -6.6118e+01
# New trial
-6.9037e+01 -6.7753e+01 -9.8470e+01 -6.9169e+02
-6.9064e+01 -6.7872e+01 -8.0845e+01 -4.5586e+02
-6.8999e+01 -6.7021e+01 -5.4773e+01 -2.0055e+02
-6.8966e+01 -6.6638e+01 -5.1004e+01 -7.1976e+01
# New trial
-6.9126e+01 -6.8641e+01 -9.9199e+01 -6.7964e+02
-6.9118e+01 -6.8325e+01 -7.6543e+01 -3.6317e+02
-6.9076e+01 -6.7757e+01 -5.8193e+01 -1.6105e+02
-6.9090e+01 -6.7868e+01 -5.6470e+01 -6.2088e+01
# New trial
-6.9052e+01 -6.8207e+01 -1.0464e+02 -6.8679e+02
-6.8971e+01 -6.7039e+01 -6.5985e+01 -2.3245e+02
-6.9034e+01 -6.7396e+01 -5.6585e+01 -1.3625e+02
-6.9175e+01 -6.8715e+01 -6.4566e+01 -8.3139e+01
# New trial
-6.9058e+01 -6.7722e+01 -7.9012e+01 -4.7204e+02
-6.9077e+01 -6.7812e+01 -6.4388e+01 -2.2143e+02
-6.9041e+01 -6.7399e+01 -5.4671e+01 -1.4015e+02
-6.9086e+01 -6.7829e+01 -5.6775e+01 -5.3961e+01
# New trial
-6.9029e+01 -6.8184e+01 -1.1777e+02 -8.9586e+02
-6.8989e+01 -6.7350e+01 -7.2780e+01 -3.1520e+02
-6.8997e+01 -6.7052e+01 -5.5930e+01 -1.7170e+02
-6.9092e+01 -6.7899e+01 -5.9333e+01 -1.5738e+02
# New trial
-6.9078e+01 -6.8830e+01 -1.0924e+02 -7.2999e+02
-6.9039e+01 -6.7872e+01 -7.9074e+01 -3.6202e+02
-6.8928e+01 -6.6367e+01 -5.3184e+01 -2.2707e+02
-6.8887e+01 -6.5853e+01 -4.9480e+01 -7.7957e+01
# New trial
-6.9230e+01 -6.9876e+01 -1.1569e+02 -7.8585e+02
-6.9179e+01 -6.9043e+01 -8.4633e+01 -4.3234e+02
-6.8999e+01 -6.7036e+01 -5.6680e+01 -1.9237e+02
-6.9042e+01 -6.7396e+01 -5.6993e+01 -1.3990e+02
# New trial
-6.9076e+01 -6.7929e+01 -7.6396e+01 -3.8192e+02
-6.9027e+01 -6.7342e+01 -5.9226e+01 -1.7745e+02
-6.9018e+01 -6.7186e+01 -5.4771e+01 -1.5754e+02
-6.9117e+01 -6.8134e+01 -6.0326e+01 -1.5580e+02
# New trial
-6.8944e+01 -6.6812e+01 -8.0688e+01 -4.9287e+02
-6.9036e+01 -6.7488e+01 -6.5779e+01 -2.5136e+02
-6.9057e+01 -6.7571e+01 -5.6540e+01 -9.9297e+01
-6.9094e+01 -6.7907e+01 -5.7722e+01 -4.7664e+01
# New trial
-6.9057e+01 -6.8954e+01 -1.3286e+02 -1.0441e+03
-6.9056e+01 -6.8091e+01 -8.7966e+01 -5.2283e+02
-6.8957e+01 -6.6651e+01 -5.4910e+01 -2.8436e+02
-6.8991e+01 -6.6905e+01 -5.2725e+01 -1.5241e+02
# New trial
-6.9086e+01 -6.8281e+01 -9.0622e+01 -5.1957e+02
-6.9023e+01 -6.7410e+01 -6.6424e+01 -2.2742e+02
-6.8989e+01 -6.6941e+01 -5.4287e+01 -1.2831e+02
-6.9081e+01 -6.7791e+01 -5.7713e+01 -1.2543e+02
# New trial
-6.9073e+01 -6.8036e+01 -9.4887e+01 -6.5286e+02
-6.9063e+01 -6.7770e+01 -7.1868e+01 -3.2641e+02
-6.9027e+01 -6.7290e+01 -5.5895e+01 -2.0413e+02
-6.9033e+01 -6.7304e+01 -5.3862e+01 -7.0636e+01
# New trial
