# 1.0sig - Array shape (trial/sig/alpha): (30, 4, 4)
-1.3372e+02 -1.3272e+02 -1.3004e+02 -2.6205e+02
-1.3366e+02 -1.3210e+02 -1.2026e+02 -1.1808e+02
-1.3350e+02 -1.3052e+02 -1.0508e+02 -9.2381e+01
-1.3335e+02 -1.2901e+02 -1.0706e+02 -2.1183e+02
# New trial
-1.3374e+02 -1.3293e+02 -1.2764e+02 -1.7267e+02
-1.3370e+02 -1.3249e+02 -1.2394e+02 -1.3977e+02
-1.3356e+02 -1.3112e+02 -1.1029e+02 -9.2303e+01
-1.3349e+02 -1.3039e+02 -1.0408e+02 -9.2302e+01
# New trial
-1.3375e+02 -1.3296e+02 -1.2833e+02 -2.3062e+02
-1.3371e+02 -1.3253e+02 -1.2271e+02 -1.0417e+02
-1.3358e+02 -1.3129e+02 -1.1086e+02 -9.2652e+01
-1.3345e+02 -1.2999e+02 -1.0202e+02 -9.2993e+01
# New trial
-1.3373e+02 -1.3280e+02 -1.2827e+02 -3.4371e+02
-1.3369e+02 -1.3236e+02 -1.2237e+02 -1.6276e+02
-1.3359e+02 -1.3140e+02 -1.1283e+02 -9.4451e+01
-1.3357e+02 -1.3115e+02 -1.1044e+02 -1.1411e+02
# New trial
-1.3368e+02 -1.3230e+02 -1.2942e+02 -3.4528e+02
-1.3363e+02 -1.3175e+02 -1.1970e+02 -1.8713e+02
-1.3351e+02 -1.3062e+02 -1.0779e+02 -9.3125e+01
-1.3344e+02 -1.2986e+02 -1.0304e+02 -1.1338e+02
# New trial
-1.3376e+02 -1.3310e+02 -1.3151e+02 -3.5109e+02
-1.3372e+02 -1.3268e+02 -1.2445e+02 -1.6433e+02
-1.3360e+02 -1.3152e+02 -1.1351e+02 -9.4190e+01
-1.3350e+02 -1.3048e+02 -1.0491e+02 -9.4298e+01
# New trial
-1.3379e+02 -1.3337e+02 -1.3143e+02 -2.5021e+02
-1.3377e+02 -1.3312e+02 -1.2731e+02 -1.5910e+02
-1.3372e+02 -1.3267e+02 -1.2267e+02 -1.0641e+02
-1.3372e+02 -1.3264e+02 -1.2214e+02 -1.0499e+02
# New trial
-1.3374e+02 -1.3291e+02 -1.3625e+02 -3.4475e+02
-1.3367e+02 -1.3222e+02 -1.2251e+02 -1.5877e+02
-1.3353e+02 -1.3082e+02 -1.0712e+02 -9.2303e+01
-1.3349e+02 -1.3036e+02 -1.0341e+02 -9.2302e+01
# New trial
-1.3365e+02 -1.3209e+02 -1.2954e+02 -2.9962e+02
-1.3354e+02 -1.3092e+02 -1.1522e+02 -1.4828e+02
-1.3330e+02 -1.2847e+02 -9.6879e+01 -9.2819e+01
-1.3320e+02 -1.2750e+02 -9.8140e+01 -1.1990e+02
# New trial
-1.3374e+02 -1.3286e+02 -1.2875e+02 -2.4392e+02
-1.3368e+02 -1.3227e+02 -1.2237e+02 -1.6307e+02
-1.3352e+02 -1.3067e+02 -1.0679e+02 -9.2767e+01
-1.3340e+02 -1.2952e+02 -1.0940e+02 -2.1404e+02
# New trial
-1.3366e+02 -1.3212e+02 -1.2422e+02 -2.3274e+02
-1.3360e+02 -1.3153e+02 -1.1787e+02 -1.6239e+02
-1.3344e+02 -1.2988e+02 -1.0079e+02 -9.2303e+01
-1.3339e+02 -1.2942e+02 -9.8833e+01 -9.2302e+01
# New trial
-1.3375e+02 -1.3299e+02 -1.3687e+02 -3.5707e+02
-1.3367e+02 -1.3214e+02 -1.1972e+02 -1.4662e+02
-1.3351e+02 -1.3057e+02 -1.0551e+02 -9.2523e+01
-1.3337e+02 -1.2914e+02 -1.0700e+02 -1.9887e+02
# New trial
-1.3376e+02 -1.3317e+02 -1.3778e+02 -3.9182e+02
-1.3370e+02 -1.3253e+02 -1.2531e+02 -1.6773e+02
-1.3360e+02 -1.3144e+02 -1.1325e+02 -9.3314e+01
-1.3355e+02 -1.3100e+02 -1.0844e+02 -1.0302e+02
# New trial
-1.3370e+02 -1.3268e+02 -1.5291e+02 -5.5741e+02
-1.3362e+02 -1.3171e+02 -1.2306e+02 -2.1841e+02
-1.3345e+02 -1.2997e+02 -1.0100e+02 -9.2302e+01
-1.3341e+02 -1.2958e+02 -9.9645e+01 -9.2302e+01
# New trial
-1.3377e+02 -1.3320e+02 -1.3381e+02 -3.2206e+02
-1.3372e+02 -1.3272e+02 -1.2641e+02 -1.7702e+02
-1.3361e+02 -1.3155e+02 -1.1356e+02 -9.3553e+01
-1.3352e+02 -1.3071e+02 -1.0643e+02 -9.8381e+01
# New trial
-1.3370e+02 -1.3269e+02 -1.5116e+02 -5.4577e+02
-1.3361e+02 -1.3177e+02 -1.2905e+02 -2.4513e+02
-1.3340e+02 -1.2957e+02 -1.0353e+02 -9.2378e+01
-1.3335e+02 -1.2904e+02 -1.0228e+02 -1.4372e+02
# New trial
-1.3370e+02 -1.3251e+02 -1.2572e+02 -1.9975e+02
-1.3362e+02 -1.3171e+02 -1.1719e+02 -1.0892e+02
-1.3341e+02 -1.2964e+02 -1.0100e+02 -9.2303e+01
-1.3334e+02 -1.2889e+02 -1.0240e+02 -1.4288e+02
# New trial
-1.3373e+02 -1.3284e+02 -1.2871e+02 -1.9623e+02
-1.3368e+02 -1.3233e+02 -1.2399e+02 -1.6014e+02
-1.3355e+02 -1.3102e+02 -1.0947e+02 -9.2524e+01
-1.3354e+02 -1.3089e+02 -1.0700e+02 -9.2415e+01
# New trial
-1.3375e+02 -1.3308e+02 -1.4260e+02 -4.1670e+02
-1.3369e+02 -1.3246e+02 -1.3045e+02 -2.5556e+02
-1.3353e+02 -1.3079e+02 -1.0679e+02 -9.2303e+01
-1.3342e+02 -1.2966e+02 -1.0027e+02 -9.2302e+01
# New trial
-1.3376e+02 -1.3313e+02 -1.3629e+02 -3.4915e+02
-1.3372e+02 -1.3272e+02 -1.2497e+02 -1.8444e+02
-1.3364e+02 -1.3184e+02 -1.1459e+02 -9.2306e+01
-1.3356e+02 -1.3103e+02 -1.0826e+02 -9.2304e+01
# New trial
-1.3371e+02 -1.3267e+02 -1.3387e+02 -3.3409e+02
-1.3363e+02 -1.3185e+02 -1.1956e+02 -1.3046e+02
-1.3354e+02 -1.3085e+02 -1.0902e+02 -9.3199e+01
-1.3363e+02 -1.3174e+02 -1.1411e+02 -9.2461e+01
# New trial
-1.3374e+02 -1.3288e+02 -1.2877e+02 -2.9859e+02
-1.3370e+02 -1.3251e+02 -1.2171e+02 -1.0058e+02
-1.3361e+02 -1.3154e+02 -1.1237e+02 -9.2472e+01
-1.3349e+02 -1.3035e+02 -1.0400e+02 -9.8713e+01
# New trial
-1.3372e+02 -1.3271e+02 -1.3555e+02 -3.3047e+02
-1.3362e+02 -1.3173e+02 -1.2074e+02 -1.8507e+02
-1.3348e+02 -1.3029e+02 -1.0450e+02 -9.2303e+01
-1.3351e+02 -1.3052e+02 -1.0499e+02 -9.2302e+01
# New trial
-1.3372e+02 -1.3279e+02 -1.3270e+02 -2.3201e+02
-1.3363e+02 -1.3178e+02 -1.1995e+02 -1.3173e+02
-1.3339e+02 -1.2941e+02 -9.8383e+01 -9.2302e+01
-1.3321e+02 -1.2759e+02 -9.5051e+01 -9.2302e+01
# New trial
-1.3374e+02 -1.3318e+02 -1.5430e+02 -5.4542e+02
-1.3364e+02 -1.3196e+02 -1.2560e+02 -1.8674e+02
-1.3343e+02 -1.2981e+02 -1.0193e+02 -9.2303e+01
-1.3332e+02 -1.2868e+02 -9.6836e+01 -9.2302e+01
# New trial
-1.3377e+02 -1.3313e+02 -1.2786e+02 -1.5434e+02
-1.3370e+02 -1.3250e+02 -1.2161e+02 -1.1443e+02
-1.3357e+02 -1.3115e+02 -1.0958e+02 -9.2593e+01
-1.3350e+02 -1.3049e+02 -1.0376e+02 -9.2302e+01
# New trial
-1.3373e+02 -1.3277e+02 -1.3313e+02 -3.4736e+02
-1.3368e+02 -1.3232e+02 -1.2385e+02 -1.8438e+02
-1.3357e+02 -1.3117e+02 -1.1133e+02 -9.2704e+01
-1.3349e+02 -1.3035e+02 -1.0488e+02 -1.1487e+02
# New trial
-1.3378e+02 -1.3341e+02 -1.4187e+02 -3.6531e+02
-1.3368e+02 -1.3237e+02 -1.2913e+02 -2.5622e+02
-1.3347e+02 -1.3019e+02 -1.0722e+02 -1.2077e+02
-1.3335e+02 -1.2903e+02 -1.0094e+02 -1.2454e+02
# New trial
-1.3375e+02 -1.3298e+02 -1.2906e+02 -2.0238e+02
-1.3369e+02 -1.3235e+02 -1.2256e+02 -1.6859e+02
-1.3354e+02 -1.3092e+02 -1.0930e+02 -9.3187e+01
-1.3351e+02 -1.3058e+02 -1.0717e+02 -1.4143e+02
# New trial
-1.3372e+02 -1.3273e+02 -1.2805e+02 -2.7093e+02
-1.3368e+02 -1.3232e+02 -1.2144e+02 -1.6441e+02
-1.3358e+02 -1.3122e+02 -1.0998e+02 -9.2762e+01
-1.3349e+02 -1.3041e+02 -1.0429e+02 -9.2714e+01
# New trial
