# 1.0sig - Array shape (trial/sig/alpha): (30, 4, 4)
-1.4733e+02 -1.4465e+02 -1.6662e+02 -9.5934e+02
-1.4723e+02 -1.4346e+02 -1.3496e+02 -4.8800e+02
-1.4685e+02 -1.3949e+02 -8.7624e+01 -2.5674e+02
-1.4653e+02 -1.3626e+02 -6.5603e+01 -1.3384e+02
# New trial
-1.4730e+02 -1.4427e+02 -1.4553e+02 -5.4791e+02
-1.4718e+02 -1.4298e+02 -1.1992e+02 -2.1393e+02
-1.4692e+02 -1.4023e+02 -8.7676e+01 -1.6141e+02
-1.4684e+02 -1.3938e+02 -8.5671e+01 -3.1226e+02
# New trial
-1.4738e+02 -1.4491e+02 -1.4880e+02 -7.5299e+02
-1.4730e+02 -1.4408e+02 -1.2802e+02 -3.3675e+02
-1.4705e+02 -1.4142e+02 -9.6304e+01 -2.3437e+02
-1.4682e+02 -1.3914e+02 -8.2214e+01 -2.0073e+02
# New trial
-1.4735e+02 -1.4460e+02 -1.4939e+02 -8.7894e+02
-1.4728e+02 -1.4394e+02 -1.3158e+02 -3.9283e+02
-1.4703e+02 -1.4123e+02 -9.5256e+01 -1.3638e+02
-1.4696e+02 -1.4050e+02 -8.7104e+01 -1.7200e+02
# New trial
-1.4724e+02 -1.4396e+02 -1.8489e+02 -1.2544e+03
-1.4708e+02 -1.4202e+02 -1.2462e+02 -5.1593e+02
-1.4683e+02 -1.3925e+02 -8.2354e+01 -1.9545e+02
-1.4678e+02 -1.3870e+02 -7.7030e+01 -1.5232e+02
# New trial
-1.4732e+02 -1.4440e+02 -1.5187e+02 -9.2411e+02
-1.4728e+02 -1.4387e+02 -1.2931e+02 -4.3259e+02
-1.4705e+02 -1.4141e+02 -9.5185e+01 -1.5384e+02
-1.4691e+02 -1.3999e+02 -8.2820e+01 -1.6777e+02
# New trial
-1.4750e+02 -1.4612e+02 -1.5520e+02 -7.0105e+02
-1.4745e+02 -1.4545e+02 -1.3216e+02 -3.5001e+02
-1.4735e+02 -1.4438e+02 -1.1726e+02 -1.2525e+02
-1.4736e+02 -1.4444e+02 -1.1695e+02 -1.3437e+02
# New trial
-1.4742e+02 -1.4554e+02 -1.6860e+02 -9.6300e+02
-1.4723e+02 -1.4340e+02 -1.2962e+02 -5.2328e+02
-1.4688e+02 -1.3972e+02 -8.1295e+01 -1.6761e+02
-1.4681e+02 -1.3902e+02 -7.4659e+01 -6.6077e+01
# New trial
-1.4715e+02 -1.4401e+02 -1.8562e+02 -1.1528e+03
-1.4682e+02 -1.4011e+02 -1.3858e+02 -7.6678e+02
-1.4618e+02 -1.3317e+02 -7.7951e+01 -4.2459e+02
-1.4622e+02 -1.3320e+02 -6.3914e+01 -2.1271e+02
# New trial
-1.4737e+02 -1.4503e+02 -1.5452e+02 -8.4841e+02
-1.4723e+02 -1.4347e+02 -1.3105e+02 -6.0847e+02
-1.4680e+02 -1.3898e+02 -7.7891e+01 -1.7028e+02
-1.4657e+02 -1.3667e+02 -7.3948e+01 -1.8756e+02
# New trial
-1.4729e+02 -1.4462e+02 -1.7840e+02 -1.0464e+03
-1.4716e+02 -1.4303e+02 -1.5117e+02 -7.8658e+02
-1.4670e+02 -1.3804e+02 -7.7505e+01 -2.8930e+02
-1.4660e+02 -1.3685e+02 -6.8017e+01 -1.4352e+02
# New trial
-1.4746e+02 -1.4648e+02 -2.0375e+02 -1.3807e+03
-1.4723e+02 -1.4338e+02 -1.3044e+02 -5.5673e+02
-1.4680e+02 -1.3891e+02 -7.6210e+01 -2.5949e+02
-1.4647e+02 -1.3564e+02 -5.9230e+01 -1.1067e+02
# New trial
-1.4742e+02 -1.4554e+02 -1.8101e+02 -1.1700e+03
-1.4720e+02 -1.4307e+02 -1.2581e+02 -4.0550e+02
-1.4697e+02 -1.4068e+02 -9.0869e+01 -1.2388e+02
-1.4699e+02 -1.4078e+02 -8.7307e+01 -1.3562e+02
# New trial
-1.4721e+02 -1.4463e+02 -2.6878e+02 -2.1549e+03
-1.4699e+02 -1.4162e+02 -1.5636e+02 -9.0977e+02
-1.4662e+02 -1.3721e+02 -7.2975e+01 -2.3865e+02
-1.4658e+02 -1.3672e+02 -6.6227e+01 -9.3073e+01
# New trial
-1.4732e+02 -1.4454e+02 -1.5832e+02 -1.0277e+03
-1.4727e+02 -1.4383e+02 -1.3051e+02 -4.1777e+02
-1.4706e+02 -1.4149e+02 -9.4339e+01 -1.3069e+02
-1.4696e+02 -1.4049e+02 -8.4074e+01 -6.0517e+01
# New trial
-1.4716e+02 -1.4450e+02 -2.4513e+02 -1.8345e+03
-1.4696e+02 -1.4170e+02 -1.5029e+02 -7.4521e+02
-1.4652e+02 -1.3640e+02 -7.3331e+01 -2.2375e+02
-1.4657e+02 -1.3660e+02 -6.8865e+01 -1.5109e+02
# New trial
-1.4727e+02 -1.4439e+02 -1.6901e+02 -8.6226e+02
-1.4707e+02 -1.4215e+02 -1.3264e+02 -5.8517e+02
-1.4655e+02 -1.3665e+02 -8.2413e+01 -3.0343e+02
-1.4651e+02 -1.3609e+02 -7.0244e+01 -1.6151e+02
# New trial
-1.4732e+02 -1.4448e+02 -1.4913e+02 -6.6168e+02
-1.4719e+02 -1.4314e+02 -1.2883e+02 -4.6456e+02
-1.4686e+02 -1.3957e+02 -8.1158e+01 -1.6623e+02
-1.4685e+02 -1.3944e+02 -7.9158e+01 -7.0315e+01
# New trial
-1.4728e+02 -1.4418e+02 -1.8336e+02 -1.3007e+03
-1.4720e+02 -1.4325e+02 -1.4628e+02 -7.4643e+02
-1.4685e+02 -1.3949e+02 -8.0980e+01 -2.0457e+02
-1.4665e+02 -1.3737e+02 -6.6661e+01 -1.1137e+02
# New trial
-1.4746e+02 -1.4589e+02 -1.7471e+02 -1.0987e+03
-1.4739e+02 -1.4502e+02 -1.4450e+02 -6.0279e+02
-1.4717e+02 -1.4258e+02 -1.0546e+02 -1.9563e+02
-1.4698e+02 -1.4068e+02 -8.7911e+01 -2.1057e+02
# New trial
-1.4728e+02 -1.4472e+02 -1.9986e+02 -1.2776e+03
-1.4704e+02 -1.4173e+02 -1.2454e+02 -4.0097e+02
-1.4690e+02 -1.4004e+02 -8.6886e+01 -1.1631e+02
-1.4715e+02 -1.4241e+02 -1.0000e+02 -8.7116e+01
# New trial
-1.4733e+02 -1.4431e+02 -1.4836e+02 -9.9372e+02
-1.4728e+02 -1.4377e+02 -1.1834e+02 -2.3108e+02
-1.4707e+02 -1.4154e+02 -9.1860e+01 -1.4017e+02
-1.4692e+02 -1.4003e+02 -7.8811e+01 -5.3641e+01
# New trial
-1.4726e+02 -1.4475e+02 -2.1056e+02 -1.4493e+03
-1.4702e+02 -1.4176e+02 -1.3408e+02 -6.2126e+02
-1.4674e+02 -1.3855e+02 -8.0206e+01 -1.5836e+02
-1.4684e+02 -1.3932e+02 -8.1403e+01 -1.9082e+02
# New trial
-1.4727e+02 -1.4491e+02 -1.8607e+02 -1.0501e+03
-1.4706e+02 -1.4217e+02 -1.3387e+02 -5.7590e+02
-1.4653e+02 -1.3636e+02 -6.3317e+01 -1.4976e+02
-1.4625e+02 -1.3339e+02 -5.5341e+01 -5.9782e+01
# New trial
-1.4744e+02 -1.4631e+02 -2.2548e+02 -1.6789e+03
-1.4722e+02 -1.4361e+02 -1.4731e+02 -6.6567e+02
-1.4665e+02 -1.3758e+02 -7.8582e+01 -2.3566e+02
-1.4656e+02 -1.3659e+02 -7.3605e+01 -1.8961e+02
# New trial
-1.4740e+02 -1.4509e+02 -1.4554e+02 -4.8916e+02
-1.4720e+02 -1.4300e+02 -1.1408e+02 -1.8766e+02
-1.4693e+02 -1.4026e+02 -8.5324e+01 -1.5976e+02
-1.4696e+02 -1.4042e+02 -8.2281e+01 -6.6576e+01
# New trial
-1.4715e+02 -1.4292e+02 -1.5051e+02 -9.3022e+02
-1.4716e+02 -1.4270e+02 -1.2423e+02 -4.2830e+02
-1.4696e+02 -1.4059e+02 -8.8383e+01 -1.6400e+02
-1.4690e+02 -1.3991e+02 -8.0061e+01 -6.7008e+01
# New trial
-1.4737e+02 -1.4650e+02 -2.4011e+02 -1.7959e+03
-1.4717e+02 -1.4339e+02 -1.5476e+02 -7.9465e+02
-1.4667e+02 -1.3779e+02 -7.6940e+01 -2.9624e+02
-1.4648e+02 -1.3571e+02 -8.1141e+01 -4.5499e+02
# New trial
-1.4737e+02 -1.4505e+02 -1.6133e+02 -7.8545e+02
-1.4720e+02 -1.4309e+02 -1.2192e+02 -2.9027e+02
-1.4688e+02 -1.3979e+02 -8.5003e+01 -1.3240e+02
-1.4687e+02 -1.3961e+02 -8.1388e+01 -1.1738e+02
# New trial
-1.4736e+02 -1.4488e+02 -1.6845e+02 -1.0938e+03
-1.4727e+02 -1.4382e+02 -1.3303e+02 -4.3828e+02
-1.4699e+02 -1.4087e+02 -9.2099e+01 -2.0865e+02
-1.4679e+02 -1.3876e+02 -7.4579e+01 -6.4565e+01
# New trial
