# 10.0sig - Array shape (trial/sig/alpha): (30, 4, 4)
-1.5226e+02 -1.5190e+02 -1.5137e+02 -3.4983e+02
-1.5225e+02 -1.5181e+02 -1.4916e+02 -3.2097e+02
-1.5221e+02 -1.5138e+02 -1.4360e+02 -1.4257e+02
-1.5213e+02 -1.5058e+02 -1.3581e+02 -1.3982e+02
# New trial
-1.5232e+02 -1.5279e+02 -1.8738e+02 -8.2923e+02
-1.5224e+02 -1.5193e+02 -1.6563e+02 -4.8879e+02
-1.5208e+02 -1.5017e+02 -1.3765e+02 -1.9674e+02
-1.5191e+02 -1.4847e+02 -1.1737e+02 -9.6924e+01
# New trial
-1.5229e+02 -1.5222e+02 -1.5943e+02 -4.6169e+02
-1.5225e+02 -1.5184e+02 -1.5212e+02 -3.4521e+02
-1.5212e+02 -1.5051e+02 -1.3616e+02 -1.9799e+02
-1.5194e+02 -1.4873e+02 -1.1887e+02 -9.7457e+01
# New trial
-1.5225e+02 -1.5180e+02 -1.5057e+02 -3.1489e+02
-1.5222e+02 -1.5150e+02 -1.4781e+02 -2.4945e+02
-1.5209e+02 -1.5025e+02 -1.3333e+02 -1.2874e+02
-1.5192e+02 -1.4850e+02 -1.1701e+02 -9.6924e+01
# New trial
-1.5230e+02 -1.5234e+02 -1.6369e+02 -5.3549e+02
-1.5225e+02 -1.5181e+02 -1.5127e+02 -3.3215e+02
-1.5216e+02 -1.5093e+02 -1.4019e+02 -1.6254e+02
-1.5206e+02 -1.4994e+02 -1.2966e+02 -1.0394e+02
# New trial
-1.5224e+02 -1.5176e+02 -1.5005e+02 -2.3608e+02
-1.5220e+02 -1.5129e+02 -1.4486e+02 -2.1394e+02
-1.5207e+02 -1.5005e+02 -1.3182e+02 -1.2660e+02
-1.5190e+02 -1.4833e+02 -1.1554e+02 -9.6918e+01
# New trial
-1.5227e+02 -1.5198e+02 -1.4996e+02 -2.5713e+02
-1.5226e+02 -1.5191e+02 -1.4963e+02 -2.9201e+02
-1.5222e+02 -1.5151e+02 -1.4535e+02 -2.3898e+02
-1.5212e+02 -1.5050e+02 -1.3471e+02 -1.0585e+02
# New trial
-1.5227e+02 -1.5208e+02 -1.5879e+02 -4.1650e+02
-1.5224e+02 -1.5177e+02 -1.5418e+02 -3.7303e+02
-1.5214e+02 -1.5070e+02 -1.3884e+02 -1.5505e+02
-1.5202e+02 -1.4951e+02 -1.2538e+02 -9.6940e+01
# New trial
-1.5232e+02 -1.5273e+02 -1.9435e+02 -8.7517e+02
-1.5224e+02 -1.5184e+02 -1.5952e+02 -4.5940e+02
-1.5208e+02 -1.5014e+02 -1.3237e+02 -1.2807e+02
-1.5190e+02 -1.4831e+02 -1.1616e+02 -9.7264e+01
# New trial
-1.5227e+02 -1.5204e+02 -1.5092e+02 -2.4990e+02
-1.5225e+02 -1.5185e+02 -1.4820e+02 -1.7850e+02
-1.5221e+02 -1.5143e+02 -1.4397e+02 -1.6596e+02
-1.5215e+02 -1.5083e+02 -1.3804e+02 -1.1666e+02
# New trial
-1.5236e+02 -1.5314e+02 -1.9062e+02 -8.9374e+02
-1.5226e+02 -1.5199e+02 -1.7425e+02 -7.1587e+02
-1.5209e+02 -1.5024e+02 -1.4017e+02 -2.9150e+02
-1.5189e+02 -1.4819e+02 -1.1596e+02 -1.1282e+02
# New trial
-1.5239e+02 -1.5338e+02 -1.8566e+02 -7.3155e+02
-1.5229e+02 -1.5220e+02 -1.5481e+02 -3.2268e+02
-1.5221e+02 -1.5141e+02 -1.4434e+02 -1.5970e+02
-1.5213e+02 -1.5064e+02 -1.3608e+02 -1.0059e+02
# New trial
-1.5230e+02 -1.5236e+02 -1.6825e+02 -5.9872e+02
-1.5225e+02 -1.5185e+02 -1.5521e+02 -4.2389e+02
-1.5212e+02 -1.5055e+02 -1.3727e+02 -1.8177e+02
-1.5196e+02 -1.4894e+02 -1.2072e+02 -9.6968e+01
# New trial
-1.5232e+02 -1.5251e+02 -1.6029e+02 -4.2996e+02
-1.5228e+02 -1.5210e+02 -1.5321e+02 -2.9871e+02
-1.5216e+02 -1.5096e+02 -1.4088e+02 -2.6525e+02
-1.5203e+02 -1.4958e+02 -1.2715e+02 -1.3770e+02
# New trial
-1.5232e+02 -1.5265e+02 -1.7098e+02 -5.3450e+02
-1.5227e+02 -1.5207e+02 -1.5824e+02 -3.8805e+02
-1.5213e+02 -1.5057e+02 -1.3657e+02 -1.3743e+02
-1.5196e+02 -1.4888e+02 -1.2029e+02 -9.8528e+01
# New trial
-1.5234e+02 -1.5308e+02 -1.9520e+02 -8.3939e+02
-1.5224e+02 -1.5182e+02 -1.5875e+02 -4.0157e+02
-1.5204e+02 -1.4971e+02 -1.3162e+02 -2.0030e+02
-1.5183e+02 -1.4762e+02 -1.1120e+02 -1.0369e+02
# New trial
-1.5226e+02 -1.5210e+02 -1.8345e+02 -7.6255e+02
-1.5218e+02 -1.5116e+02 -1.4974e+02 -3.8722e+02
-1.5204e+02 -1.4973e+02 -1.3049e+02 -1.2731e+02
-1.5189e+02 -1.4822e+02 -1.1461e+02 -9.6918e+01
# New trial
-1.5226e+02 -1.5198e+02 -1.5516e+02 -4.1696e+02
-1.5221e+02 -1.5143e+02 -1.4765e+02 -3.4543e+02
-1.5209e+02 -1.5021e+02 -1.3446e+02 -1.7356e+02
-1.5192e+02 -1.4853e+02 -1.1703e+02 -9.6918e+01
# New trial
-1.5228e+02 -1.5216e+02 -1.5477e+02 -3.5411e+02
-1.5225e+02 -1.5178e+02 -1.4771e+02 -1.6623e+02
-1.5219e+02 -1.5120e+02 -1.4142e+02 -9.7620e+01
-1.5211e+02 -1.5040e+02 -1.3357e+02 -9.6918e+01
# New trial
-1.5236e+02 -1.5310e+02 -1.8171e+02 -7.1178e+02
-1.5229e+02 -1.5224e+02 -1.5650e+02 -4.1512e+02
-1.5215e+02 -1.5084e+02 -1.3880e+02 -1.5206e+02
-1.5200e+02 -1.4929e+02 -1.2391e+02 -1.0046e+02
# New trial
-1.5230e+02 -1.5234e+02 -1.5694e+02 -4.0748e+02
-1.5226e+02 -1.5190e+02 -1.4914e+02 -2.1593e+02
-1.5216e+02 -1.5093e+02 -1.3904e+02 -1.2768e+02
-1.5200e+02 -1.4931e+02 -1.2349e+02 -9.6918e+01
# New trial
-1.5225e+02 -1.5181e+02 -1.4959e+02 -2.6949e+02
-1.5222e+02 -1.5150e+02 -1.4745e+02 -2.7983e+02
-1.5210e+02 -1.5035e+02 -1.3430e+02 -1.4074e+02
-1.5194e+02 -1.4875e+02 -1.1962e+02 -9.7856e+01
# New trial
-1.5230e+02 -1.5230e+02 -1.5661e+02 -3.4326e+02
-1.5226e+02 -1.5191e+02 -1.5143e+02 -2.9885e+02
-1.5214e+02 -1.5076e+02 -1.3786e+02 -1.2111e+02
-1.5200e+02 -1.4930e+02 -1.2355e+02 -9.6918e+01
# New trial
-1.5228e+02 -1.5223e+02 -1.6145e+02 -4.4523e+02
-1.5223e+02 -1.5173e+02 -1.5833e+02 -4.1231e+02
-1.5208e+02 -1.5013e+02 -1.3441e+02 -1.5514e+02
-1.5186e+02 -1.4790e+02 -1.1219e+02 -9.6918e+01
# New trial
-1.5228e+02 -1.5230e+02 -1.6975e+02 -5.6001e+02
-1.5221e+02 -1.5149e+02 -1.5409e+02 -4.1845e+02
-1.5204e+02 -1.4976e+02 -1.2955e+02 -1.2289e+02
-1.5186e+02 -1.4790e+02 -1.1288e+02 -1.0107e+02
# New trial
-1.5236e+02 -1.5330e+02 -1.9548e+02 -8.5029e+02
-1.5222e+02 -1.5166e+02 -1.6338e+02 -5.5751e+02
-1.5196e+02 -1.4894e+02 -1.2199e+02 -9.8703e+01
-1.5169e+02 -1.4620e+02 -1.0288e+02 -9.6918e+01
# New trial
-1.5249e+02 -1.5459e+02 -2.0623e+02 -9.0772e+02
-1.5235e+02 -1.5291e+02 -1.6454e+02 -4.4082e+02
-1.5219e+02 -1.5125e+02 -1.4340e+02 -2.3703e+02
-1.5201e+02 -1.4945e+02 -1.2637e+02 -9.7411e+01
# New trial
-1.5224e+02 -1.5176e+02 -1.4730e+02 -1.7768e+02
-1.5222e+02 -1.5155e+02 -1.4536e+02 -1.8174e+02
-1.5215e+02 -1.5078e+02 -1.3763e+02 -1.1610e+02
-1.5203e+02 -1.4960e+02 -1.2636e+02 -9.7282e+01
# New trial
-1.5226e+02 -1.5197e+02 -1.6322e+02 -5.5913e+02
-1.5221e+02 -1.5147e+02 -1.5356e+02 -3.8524e+02
-1.5206e+02 -1.4989e+02 -1.3147e+02 -1.7686e+02
-1.5189e+02 -1.4818e+02 -1.1408e+02 -9.6918e+01
# New trial
-1.5229e+02 -1.5226e+02 -1.5866e+02 -4.5511e+02
-1.5226e+02 -1.5193e+02 -1.5117e+02 -3.3037e+02
-1.5218e+02 -1.5110e+02 -1.4161e+02 -2.2422e+02
-1.5205e+02 -1.4982e+02 -1.2904e+02 -1.0738e+02
# New trial
