# 1.0sig - Array shape (trial/sig/alpha): (30L, 4L, 4L)
-1.1535e+02 -1.1507e+02 -1.1362e+02 -1.3838e+02
-1.1533e+02 -1.1494e+02 -1.1172e+02 -1.0906e+02
-1.1530e+02 -1.1462e+02 -1.0863e+02 -1.0615e+02
-1.1528e+02 -1.1443e+02 -1.0740e+02 -1.0615e+02
# New trial
-1.1535e+02 -1.1515e+02 -1.1381e+02 -1.2227e+02
-1.1535e+02 -1.1507e+02 -1.1313e+02 -1.1488e+02
-1.1532e+02 -1.1478e+02 -1.1046e+02 -1.0630e+02
-1.1530e+02 -1.1460e+02 -1.0906e+02 -1.1407e+02
# New trial
-1.1536e+02 -1.1517e+02 -1.1402e+02 -1.3330e+02
-1.1535e+02 -1.1508e+02 -1.1281e+02 -1.1470e+02
-1.1532e+02 -1.1479e+02 -1.1009e+02 -1.0616e+02
-1.1530e+02 -1.1457e+02 -1.0830e+02 -1.0615e+02
# New trial
-1.1536e+02 -1.1516e+02 -1.1440e+02 -1.6385e+02
-1.1535e+02 -1.1506e+02 -1.1302e+02 -1.2348e+02
-1.1532e+02 -1.1482e+02 -1.1036e+02 -1.0616e+02
-1.1532e+02 -1.1476e+02 -1.0961e+02 -1.0615e+02
# New trial
-1.1533e+02 -1.1494e+02 -1.1399e+02 -1.4853e+02
-1.1532e+02 -1.1482e+02 -1.1132e+02 -1.1595e+02
-1.1530e+02 -1.1463e+02 -1.0894e+02 -1.0615e+02
-1.1531e+02 -1.1470e+02 -1.0964e+02 -1.1503e+02
# New trial
-1.1536e+02 -1.1517e+02 -1.1423e+02 -1.5778e+02
-1.1535e+02 -1.1508e+02 -1.1277e+02 -1.1788e+02
-1.1532e+02 -1.1483e+02 -1.1050e+02 -1.0665e+02
-1.1530e+02 -1.1460e+02 -1.0879e+02 -1.0653e+02
# New trial
-1.1537e+02 -1.1532e+02 -1.1529e+02 -1.4185e+02
-1.1536e+02 -1.1524e+02 -1.1406e+02 -1.1547e+02
-1.1535e+02 -1.1508e+02 -1.1256e+02 -1.0697e+02
-1.1534e+02 -1.1497e+02 -1.1151e+02 -1.0721e+02
# New trial
-1.1535e+02 -1.1514e+02 -1.1568e+02 -1.6311e+02
-1.1534e+02 -1.1497e+02 -1.1261e+02 -1.2841e+02
-1.1530e+02 -1.1465e+02 -1.0916e+02 -1.0615e+02
-1.1529e+02 -1.1450e+02 -1.0823e+02 -1.0641e+02
# New trial
-1.1535e+02 -1.1508e+02 -1.1512e+02 -1.5205e+02
-1.1532e+02 -1.1479e+02 -1.1160e+02 -1.1467e+02
-1.1526e+02 -1.1419e+02 -1.0669e+02 -1.0615e+02
-1.1524e+02 -1.1397e+02 -1.0670e+02 -1.0615e+02
# New trial
-1.1535e+02 -1.1508e+02 -1.1375e+02 -1.4285e+02
-1.1533e+02 -1.1495e+02 -1.1229e+02 -1.2675e+02
-1.1530e+02 -1.1463e+02 -1.0888e+02 -1.0615e+02
-1.1528e+02 -1.1444e+02 -1.0766e+02 -1.0615e+02
# New trial
-1.1534e+02 -1.1501e+02 -1.1386e+02 -1.4459e+02
-1.1533e+02 -1.1487e+02 -1.1240e+02 -1.3019e+02
-1.1529e+02 -1.1455e+02 -1.0916e+02 -1.1071e+02
-1.1530e+02 -1.1461e+02 -1.1339e+02 -1.7677e+02
# New trial
-1.1535e+02 -1.1509e+02 -1.1526e+02 -1.6112e+02
-1.1533e+02 -1.1490e+02 -1.1118e+02 -1.0617e+02
-1.1530e+02 -1.1462e+02 -1.0847e+02 -1.0615e+02
-1.1529e+02 -1.1451e+02 -1.0781e+02 -1.0615e+02
# New trial
-1.1536e+02 -1.1521e+02 -1.1637e+02 -1.6758e+02
-1.1534e+02 -1.1504e+02 -1.1301e+02 -1.2310e+02
-1.1532e+02 -1.1482e+02 -1.1041e+02 -1.0615e+02
-1.1533e+02 -1.1488e+02 -1.1095e+02 -1.1587e+02
# New trial
-1.1535e+02 -1.1512e+02 -1.1960e+02 -2.1216e+02
-1.1533e+02 -1.1492e+02 -1.1334e+02 -1.3511e+02
-1.1530e+02 -1.1460e+02 -1.0939e+02 -1.0681e+02
-1.1531e+02 -1.1472e+02 -1.0971e+02 -1.1076e+02
# New trial
-1.1537e+02 -1.1527e+02 -1.1586e+02 -1.7766e+02
-1.1536e+02 -1.1516e+02 -1.1388e+02 -1.3090e+02
-1.1533e+02 -1.1487e+02 -1.1074e+02 -1.0616e+02
-1.1530e+02 -1.1458e+02 -1.0833e+02 -1.0615e+02
# New trial
-1.1534e+02 -1.1510e+02 -1.1964e+02 -2.0789e+02
-1.1532e+02 -1.1484e+02 -1.1354e+02 -1.3708e+02
-1.1528e+02 -1.1444e+02 -1.0865e+02 -1.0615e+02
-1.1531e+02 -1.1467e+02 -1.1057e+02 -1.3837e+02
# New trial
-1.1535e+02 -1.1515e+02 -1.1445e+02 -1.3823e+02
-1.1534e+02 -1.1497e+02 -1.1275e+02 -1.2726e+02
-1.1528e+02 -1.1445e+02 -1.0805e+02 -1.0615e+02
-1.1525e+02 -1.1410e+02 -1.0652e+02 -1.0615e+02
# New trial
-1.1535e+02 -1.1507e+02 -1.1330e+02 -1.2223e+02
-1.1534e+02 -1.1496e+02 -1.1236e+02 -1.1675e+02
-1.1531e+02 -1.1469e+02 -1.0959e+02 -1.0616e+02
-1.1530e+02 -1.1463e+02 -1.0950e+02 -1.2172e+02
# New trial
-1.1536e+02 -1.1519e+02 -1.1726e+02 -1.7932e+02
-1.1534e+02 -1.1506e+02 -1.1437e+02 -1.4285e+02
-1.1531e+02 -1.1475e+02 -1.1001e+02 -1.0649e+02
-1.1531e+02 -1.1469e+02 -1.0933e+02 -1.0716e+02
# New trial
-1.1536e+02 -1.1520e+02 -1.1505e+02 -1.6100e+02
-1.1535e+02 -1.1512e+02 -1.1341e+02 -1.2670e+02
-1.1533e+02 -1.1491e+02 -1.1092e+02 -1.0615e+02
-1.1531e+02 -1.1467e+02 -1.0893e+02 -1.0615e+02
# New trial
-1.1534e+02 -1.1507e+02 -1.1581e+02 -1.5925e+02
-1.1532e+02 -1.1484e+02 -1.1149e+02 -1.1297e+02
-1.1531e+02 -1.1471e+02 -1.0996e+02 -1.0616e+02
-1.1534e+02 -1.1503e+02 -1.1206e+02 -1.0615e+02
# New trial
-1.1535e+02 -1.1514e+02 -1.1426e+02 -1.5107e+02
-1.1535e+02 -1.1506e+02 -1.1242e+02 -1.0641e+02
-1.1533e+02 -1.1485e+02 -1.1038e+02 -1.0615e+02
-1.1530e+02 -1.1462e+02 -1.0857e+02 -1.0615e+02
# New trial
-1.1535e+02 -1.1508e+02 -1.1543e+02 -1.5792e+02
-1.1532e+02 -1.1485e+02 -1.1147e+02 -1.1085e+02
-1.1530e+02 -1.1458e+02 -1.0852e+02 -1.0615e+02
-1.1531e+02 -1.1474e+02 -1.0939e+02 -1.0615e+02
# New trial
-1.1535e+02 -1.1509e+02 -1.1484e+02 -1.3533e+02
-1.1532e+02 -1.1486e+02 -1.1214e+02 -1.2074e+02
-1.1527e+02 -1.1435e+02 -1.0742e+02 -1.0615e+02
-1.1525e+02 -1.1406e+02 -1.0688e+02 -1.0615e+02
# New trial
-1.1535e+02 -1.1514e+02 -1.1856e+02 -1.9780e+02
-1.1533e+02 -1.1489e+02 -1.1271e+02 -1.2080e+02
-1.1529e+02 -1.1448e+02 -1.0855e+02 -1.0615e+02
-1.1528e+02 -1.1442e+02 -1.0753e+02 -1.0615e+02
# New trial
-1.1536e+02 -1.1519e+02 -1.1372e+02 -1.1648e+02
-1.1534e+02 -1.1505e+02 -1.1234e+02 -1.0867e+02
-1.1532e+02 -1.1476e+02 -1.0997e+02 -1.0617e+02
-1.1531e+02 -1.1467e+02 -1.0938e+02 -1.1388e+02
# New trial
-1.1535e+02 -1.1508e+02 -1.1405e+02 -1.4869e+02
-1.1534e+02 -1.1499e+02 -1.1263e+02 -1.2434e+02
-1.1532e+02 -1.1478e+02 -1.1018e+02 -1.0679e+02
-1.1532e+02 -1.1481e+02 -1.1009e+02 -1.0660e+02
# New trial
-1.1537e+02 -1.1529e+02 -1.1771e+02 -1.7343e+02
-1.1534e+02 -1.1506e+02 -1.1449e+02 -1.4841e+02
-1.1529e+02 -1.1449e+02 -1.0856e+02 -1.0625e+02
-1.1525e+02 -1.1408e+02 -1.0735e+02 -1.0686e+02
# New trial
-1.1536e+02 -1.1519e+02 -1.1451e+02 -1.3642e+02
-1.1535e+02 -1.1506e+02 -1.1296e+02 -1.2126e+02
-1.1531e+02 -1.1473e+02 -1.0994e+02 -1.0616e+02
-1.1529e+02 -1.1448e+02 -1.0841e+02 -1.0737e+02
# New trial
-1.1536e+02 -1.1517e+02 -1.1427e+02 -1.5101e+02
-1.1535e+02 -1.1507e+02 -1.1281e+02 -1.2761e+02
-1.1532e+02 -1.1479e+02 -1.0998e+02 -1.0617e+02
-1.1529e+02 -1.1453e+02 -1.0853e+02 -1.0615e+02
# New trial
