# 1.0sig - Array shape (trial/sig/alpha): (30, 4, 4)
-1.2896e+02 -1.2678e+02 -1.3356e+02 -5.2867e+02
-1.2883e+02 -1.2543e+02 -1.0721e+02 -2.0445e+02
-1.2849e+02 -1.2200e+02 -7.2018e+01 -4.9008e+01
-1.2824e+02 -1.1948e+02 -6.6012e+01 -1.3299e+02
# New trial
-1.2899e+02 -1.2705e+02 -1.2058e+02 -3.0359e+02
-1.2888e+02 -1.2592e+02 -1.0716e+02 -1.3130e+02
-1.2862e+02 -1.2333e+02 -8.0762e+01 -4.6872e+01
-1.2860e+02 -1.2302e+02 -8.2001e+01 -2.0636e+02
# New trial
-1.2899e+02 -1.2701e+02 -1.1857e+02 -3.1618e+02
-1.2890e+02 -1.2605e+02 -1.0537e+02 -8.5471e+01
-1.2865e+02 -1.2351e+02 -7.8336e+01 -4.6152e+01
-1.2846e+02 -1.2158e+02 -6.6257e+01 -4.6151e+01
# New trial
-1.2896e+02 -1.2667e+02 -1.1898e+02 -4.4771e+02
-1.2886e+02 -1.2569e+02 -1.0763e+02 -2.1347e+02
-1.2867e+02 -1.2372e+02 -8.1408e+01 -4.6154e+01
-1.2863e+02 -1.2334e+02 -7.6980e+01 -4.6181e+01
# New trial
-1.2889e+02 -1.2626e+02 -1.3873e+02 -6.8969e+02
-1.2876e+02 -1.2482e+02 -1.0807e+02 -3.3983e+02
-1.2852e+02 -1.2233e+02 -7.5282e+01 -4.7604e+01
-1.2848e+02 -1.2186e+02 -7.0087e+01 -6.3517e+01
# New trial
-1.2900e+02 -1.2708e+02 -1.2031e+02 -4.2754e+02
-1.2892e+02 -1.2623e+02 -1.0690e+02 -2.1007e+02
-1.2869e+02 -1.2393e+02 -8.2214e+01 -4.6889e+01
-1.2856e+02 -1.2257e+02 -7.1503e+01 -4.6188e+01
# New trial
-1.2909e+02 -1.2794e+02 -1.2766e+02 -5.2485e+02
-1.2903e+02 -1.2727e+02 -1.1224e+02 -1.6474e+02
-1.2894e+02 -1.2637e+02 -1.0185e+02 -5.7999e+01
-1.2897e+02 -1.2666e+02 -1.0419e+02 -5.8069e+01
# New trial
-1.2899e+02 -1.2717e+02 -1.4170e+02 -7.3259e+02
-1.2886e+02 -1.2573e+02 -1.1028e+02 -2.5503e+02
-1.2857e+02 -1.2275e+02 -7.5545e+01 -4.6291e+01
-1.2854e+02 -1.2242e+02 -7.1413e+01 -5.2944e+01
# New trial
-1.2876e+02 -1.2515e+02 -1.2647e+02 -5.2931e+02
-1.2847e+02 -1.2205e+02 -9.2315e+01 -2.3270e+02
-1.2793e+02 -1.1655e+02 -5.2799e+01 -4.6152e+01
-1.2798e+02 -1.1694e+02 -5.6021e+01 -5.5154e+01
# New trial
-1.2898e+02 -1.2698e+02 -1.2814e+02 -4.8932e+02
-1.2883e+02 -1.2545e+02 -1.1197e+02 -3.0480e+02
-1.2848e+02 -1.2184e+02 -6.8416e+01 -4.6154e+01
-1.2834e+02 -1.2043e+02 -6.3087e+01 -4.6153e+01
# New trial
-1.2883e+02 -1.2558e+02 -1.2603e+02 -5.3563e+02
-1.2869e+02 -1.2413e+02 -1.0578e+02 -3.0620e+02
-1.2837e+02 -1.2077e+02 -6.2842e+01 -4.6546e+01
-1.2835e+02 -1.2056e+02 -7.1994e+01 -1.7443e+02
# New trial
-1.2896e+02 -1.2693e+02 -1.4235e+02 -6.5949e+02
-1.2880e+02 -1.2513e+02 -1.0410e+02 -2.2735e+02
-1.2847e+02 -1.2173e+02 -6.7764e+01 -4.6283e+01
-1.2821e+02 -1.1914e+02 -5.7078e+01 -4.6152e+01
# New trial
-1.2903e+02 -1.2761e+02 -1.5081e+02 -7.7540e+02
-1.2887e+02 -1.2583e+02 -1.1265e+02 -2.7518e+02
-1.2865e+02 -1.2362e+02 -8.2716e+01 -4.7405e+01
-1.2866e+02 -1.2359e+02 -8.1722e+01 -1.4681e+02
# New trial
-1.2892e+02 -1.2693e+02 -1.9154e+02 -1.2089e+03
-1.2872e+02 -1.2452e+02 -1.1901e+02 -4.4787e+02
-1.2835e+02 -1.2062e+02 -6.0970e+01 -4.6151e+01
-1.2837e+02 -1.2073e+02 -6.3882e+01 -4.6155e+01
# New trial
-1.2901e+02 -1.2733e+02 -1.3662e+02 -7.1884e+02
-1.2892e+02 -1.2631e+02 -1.1268e+02 -2.3414e+02
-1.2870e+02 -1.2406e+02 -8.3888e+01 -4.7503e+01
-1.2862e+02 -1.2316e+02 -7.5623e+01 -4.6357e+01
# New trial
-1.2885e+02 -1.2648e+02 -1.8583e+02 -1.1604e+03
-1.2867e+02 -1.2437e+02 -1.2027e+02 -4.5133e+02
-1.2826e+02 -1.1983e+02 -6.2246e+01 -4.9682e+01
-1.2831e+02 -1.2019e+02 -6.6820e+01 -7.7903e+01
# New trial
-1.2887e+02 -1.2586e+02 -1.1743e+02 -3.7417e+02
-1.2868e+02 -1.2398e+02 -9.7341e+01 -1.3763e+02
-1.2825e+02 -1.1966e+02 -6.5534e+01 -4.6348e+01
-1.2829e+02 -1.1998e+02 -6.6859e+01 -1.0967e+02
# New trial
-1.2894e+02 -1.2659e+02 -1.2211e+02 -3.9971e+02
-1.2881e+02 -1.2532e+02 -1.0883e+02 -2.6044e+02
-1.2852e+02 -1.2227e+02 -7.1285e+01 -4.6152e+01
-1.2855e+02 -1.2255e+02 -7.3418e+01 -4.6152e+01
# New trial
-1.2897e+02 -1.2705e+02 -1.5221e+02 -8.0429e+02
-1.2885e+02 -1.2575e+02 -1.2583e+02 -4.5564e+02
-1.2852e+02 -1.2228e+02 -7.3273e+01 -4.6567e+01
-1.2834e+02 -1.2043e+02 -6.2123e+01 -4.6151e+01
# New trial
-1.2905e+02 -1.2766e+02 -1.4221e+02 -6.9543e+02
-1.2896e+02 -1.2668e+02 -1.1694e+02 -3.3125e+02
-1.2876e+02 -1.2458e+02 -8.5874e+01 -4.6189e+01
-1.2863e+02 -1.2329e+02 -7.5707e+01 -4.6151e+01
# New trial
-1.2888e+02 -1.2631e+02 -1.5000e+02 -7.6206e+02
-1.2869e+02 -1.2415e+02 -9.8863e+01 -1.6966e+02
-1.2855e+02 -1.2262e+02 -7.6164e+01 -4.6681e+01
-1.2882e+02 -1.2521e+02 -9.3083e+01 -8.7485e+01
# New trial
-1.2901e+02 -1.2722e+02 -1.3914e+02 -7.0828e+02
-1.2890e+02 -1.2603e+02 -1.0356e+02 -7.7868e+01
-1.2869e+02 -1.2390e+02 -7.9960e+01 -4.6151e+01
-1.2860e+02 -1.2296e+02 -7.3296e+01 -4.6161e+01
# New trial
-1.2894e+02 -1.2679e+02 -1.4633e+02 -7.0870e+02
-1.2872e+02 -1.2451e+02 -1.0366e+02 -2.6481e+02
-1.2843e+02 -1.2150e+02 -7.0428e+01 -4.6498e+01
-1.2857e+02 -1.2273e+02 -7.6394e+01 -7.9812e+01
# New trial
-1.2893e+02 -1.2676e+02 -1.3993e+02 -5.2776e+02
-1.2871e+02 -1.2442e+02 -1.0367e+02 -2.0476e+02
-1.2825e+02 -1.1969e+02 -6.0376e+01 -4.8115e+01
-1.2804e+02 -1.1751e+02 -7.5446e+01 -2.6660e+02
# New trial
-1.2899e+02 -1.2766e+02 -1.9489e+02 -1.3045e+03
-1.2878e+02 -1.2521e+02 -1.2440e+02 -4.1498e+02
-1.2835e+02 -1.2066e+02 -6.7973e+01 -4.6916e+01
-1.2834e+02 -1.2042e+02 -7.1567e+01 -1.4174e+02
# New trial
-1.2902e+02 -1.2723e+02 -1.1420e+02 -2.0984e+02
-1.2888e+02 -1.2584e+02 -1.0041e+02 -7.5872e+01
-1.2862e+02 -1.2321e+02 -7.6179e+01 -4.6152e+01
-1.2865e+02 -1.2348e+02 -7.7546e+01 -5.2893e+01
# New trial
-1.2890e+02 -1.2615e+02 -1.2899e+02 -6.7382e+02
-1.2882e+02 -1.2531e+02 -1.0714e+02 -2.9841e+02
-1.2862e+02 -1.2323e+02 -7.7052e+01 -4.6158e+01
-1.2858e+02 -1.2282e+02 -7.4168e+01 -4.8578e+01
# New trial
-1.2901e+02 -1.2784e+02 -1.5733e+02 -7.8515e+02
-1.2881e+02 -1.2554e+02 -1.2119e+02 -4.0040e+02
-1.2838e+02 -1.2095e+02 -6.7014e+01 -7.1311e+01
-1.2828e+02 -1.1987e+02 -6.3262e+01 -8.0282e+01
# New trial
-1.2899e+02 -1.2703e+02 -1.2503e+02 -4.2220e+02
-1.2884e+02 -1.2553e+02 -1.0517e+02 -2.1663e+02
-1.2857e+02 -1.2281e+02 -8.0041e+01 -4.8608e+01
-1.2859e+02 -1.2295e+02 -8.2080e+01 -2.2259e+02
# New trial
-1.2888e+02 -1.2592e+02 -1.1825e+02 -4.9614e+02
-1.2880e+02 -1.2509e+02 -9.9412e+01 -1.5721e+02
-1.2859e+02 -1.2297e+02 -7.3791e+01 -4.6153e+01
-1.2850e+02 -1.2203e+02 -6.9015e+01 -4.6152e+01
# New trial
