# 1.0sig - Array shape (trial/sig/alpha): (30L, 4L, 4L)
-5.0738e+01 -5.0525e+01 -5.1997e+01 -8.4653e+01
-5.0732e+01 -5.0449e+01 -4.9623e+01 -5.7945e+01
-5.0725e+01 -5.0360e+01 -4.7751e+01 -4.6259e+01
-5.0739e+01 -5.0496e+01 -4.8465e+01 -5.6264e+01
# New trial
-5.0754e+01 -5.0658e+01 -5.1277e+01 -7.7835e+01
-5.0745e+01 -5.0575e+01 -4.9832e+01 -5.3896e+01
-5.0739e+01 -5.0504e+01 -4.8682e+01 -4.6686e+01
-5.0754e+01 -5.0647e+01 -4.9605e+01 -4.6249e+01
# New trial
-5.0754e+01 -5.0658e+01 -5.1100e+01 -7.5215e+01
-5.0748e+01 -5.0592e+01 -4.9902e+01 -5.4824e+01
-5.0739e+01 -5.0501e+01 -4.8640e+01 -4.6848e+01
-5.0750e+01 -5.0605e+01 -4.9224e+01 -4.8268e+01
# New trial
-5.0742e+01 -5.0545e+01 -5.1223e+01 -8.4483e+01
-5.0738e+01 -5.0502e+01 -4.9668e+01 -6.0690e+01
-5.0739e+01 -5.0503e+01 -4.8691e+01 -4.6669e+01
-5.0754e+01 -5.0647e+01 -4.9666e+01 -5.5918e+01
# New trial
-5.0736e+01 -5.0509e+01 -5.2745e+01 -9.7901e+01
-5.0725e+01 -5.0383e+01 -4.9219e+01 -6.2490e+01
-5.0720e+01 -5.0317e+01 -4.7267e+01 -4.6151e+01
-5.0751e+01 -5.0613e+01 -4.9295e+01 -4.6175e+01
# New trial
-5.0736e+01 -5.0485e+01 -5.0867e+01 -8.3035e+01
-5.0739e+01 -5.0507e+01 -4.9258e+01 -5.6270e+01
-5.0738e+01 -5.0489e+01 -4.8328e+01 -4.6151e+01
-5.0750e+01 -5.0606e+01 -4.9215e+01 -4.6152e+01
# New trial
-5.0751e+01 -5.0626e+01 -5.1179e+01 -8.0177e+01
-5.0747e+01 -5.0577e+01 -4.9337e+01 -5.5881e+01
-5.0749e+01 -5.0597e+01 -4.9194e+01 -4.6329e+01
-5.0760e+01 -5.0707e+01 -5.0202e+01 -4.6596e+01
# New trial
-5.0748e+01 -5.0621e+01 -5.2953e+01 -1.0130e+02
-5.0736e+01 -5.0485e+01 -4.9658e+01 -6.2955e+01
-5.0721e+01 -5.0323e+01 -4.7651e+01 -4.6163e+01
-5.0751e+01 -5.0614e+01 -4.9394e+01 -4.7944e+01
# New trial
-5.0699e+01 -5.0194e+01 -4.9691e+01 -6.8382e+01
-5.0684e+01 -5.0005e+01 -4.7295e+01 -4.6157e+01
-5.0696e+01 -5.0083e+01 -4.6806e+01 -4.6151e+01
-5.0753e+01 -5.0639e+01 -4.9925e+01 -6.8462e+01
# New trial
-5.0737e+01 -5.0501e+01 -5.0336e+01 -6.9369e+01
-5.0726e+01 -5.0394e+01 -4.9171e+01 -5.8584e+01
-5.0723e+01 -5.0346e+01 -4.7599e+01 -4.6168e+01
-5.0749e+01 -5.0597e+01 -4.9332e+01 -6.2831e+01
# New trial
-5.0724e+01 -5.0389e+01 -5.0274e+01 -7.1620e+01
-5.0715e+01 -5.0296e+01 -4.9329e+01 -6.4996e+01
-5.0717e+01 -5.0282e+01 -4.7079e+01 -4.6151e+01
-5.0746e+01 -5.0565e+01 -4.8866e+01 -4.6151e+01
# New trial
-5.0738e+01 -5.0525e+01 -5.2925e+01 -1.0114e+02
-5.0730e+01 -5.0424e+01 -4.9014e+01 -5.6382e+01
-5.0723e+01 -5.0340e+01 -4.7470e+01 -4.6524e+01
-5.0740e+01 -5.0502e+01 -4.8410e+01 -5.2313e+01
# New trial
-5.0747e+01 -5.0609e+01 -5.2961e+01 -9.7285e+01
-5.0735e+01 -5.0471e+01 -4.9572e+01 -5.8023e+01
-5.0735e+01 -5.0465e+01 -4.8349e+01 -4.6207e+01
-5.0755e+01 -5.0654e+01 -4.9714e+01 -4.6179e+01
# New trial
-5.0736e+01 -5.0536e+01 -5.5432e+01 -1.2895e+02
-5.0722e+01 -5.0364e+01 -5.0147e+01 -6.8213e+01
-5.0718e+01 -5.0298e+01 -4.7643e+01 -4.6365e+01
-5.0750e+01 -5.0601e+01 -4.9376e+01 -6.1754e+01
# New trial
-5.0745e+01 -5.0588e+01 -5.2372e+01 -9.6591e+01
-5.0740e+01 -5.0524e+01 -4.9938e+01 -6.0344e+01
-5.0739e+01 -5.0500e+01 -4.8514e+01 -4.6152e+01
-5.0753e+01 -5.0629e+01 -4.9425e+01 -4.6152e+01
# New trial
-5.0716e+01 -5.0380e+01 -5.4125e+01 -1.1476e+02
-5.0710e+01 -5.0281e+01 -4.9601e+01 -6.2773e+01
-5.0716e+01 -5.0282e+01 -4.7318e+01 -4.6151e+01
-5.0753e+01 -5.0632e+01 -4.9734e+01 -6.8398e+01
# New trial
-5.0720e+01 -5.0339e+01 -4.9164e+01 -5.6036e+01
-5.0704e+01 -5.0180e+01 -4.7423e+01 -4.6151e+01
-5.0706e+01 -5.0174e+01 -4.6877e+01 -4.6153e+01
-5.0758e+01 -5.0686e+01 -5.0260e+01 -7.0396e+01
# New trial
-5.0731e+01 -5.0444e+01 -4.9808e+01 -6.2329e+01
-5.0724e+01 -5.0373e+01 -4.9062e+01 -5.6388e+01
-5.0724e+01 -5.0358e+01 -4.7835e+01 -4.6155e+01
-5.0753e+01 -5.0630e+01 -4.9475e+01 -4.7930e+01
# New trial
-5.0730e+01 -5.0449e+01 -5.1732e+01 -8.8356e+01
-5.0727e+01 -5.0409e+01 -5.0249e+01 -6.7387e+01
-5.0728e+01 -5.0390e+01 -4.7822e+01 -4.6151e+01
-5.0745e+01 -5.0555e+01 -4.8747e+01 -4.6152e+01
# New trial
-5.0741e+01 -5.0537e+01 -5.1360e+01 -8.7862e+01
-5.0736e+01 -5.0478e+01 -4.9513e+01 -6.1498e+01
-5.0736e+01 -5.0471e+01 -4.8154e+01 -4.6152e+01
-5.0750e+01 -5.0607e+01 -4.9215e+01 -4.6151e+01
# New trial
-5.0728e+01 -5.0454e+01 -5.2846e+01 -9.8133e+01
-5.0718e+01 -5.0325e+01 -4.8739e+01 -5.3911e+01
-5.0737e+01 -5.0487e+01 -4.8644e+01 -4.6174e+01
-5.0760e+01 -5.0711e+01 -5.0326e+01 -5.6192e+01
# New trial
-5.0744e+01 -5.0559e+01 -5.1906e+01 -9.5679e+01
-5.0738e+01 -5.0487e+01 -4.8887e+01 -5.0150e+01
-5.0733e+01 -5.0439e+01 -4.7881e+01 -4.6151e+01
-5.0754e+01 -5.0648e+01 -4.9627e+01 -4.6478e+01
# New trial
-5.0736e+01 -5.0528e+01 -5.2881e+01 -9.6182e+01
-5.0722e+01 -5.0361e+01 -4.8945e+01 -5.3643e+01
-5.0727e+01 -5.0389e+01 -4.8011e+01 -4.6299e+01
-5.0755e+01 -5.0659e+01 -4.9837e+01 -5.1399e+01
# New trial
-5.0735e+01 -5.0527e+01 -5.2431e+01 -9.3179e+01
-5.0723e+01 -5.0376e+01 -4.9382e+01 -6.0018e+01
-5.0716e+01 -5.0279e+01 -4.7237e+01 -4.6151e+01
-5.0740e+01 -5.0505e+01 -4.8347e+01 -4.6151e+01
# New trial
-5.0758e+01 -5.0781e+01 -5.6941e+01 -1.4401e+02
-5.0736e+01 -5.0523e+01 -5.1060e+01 -7.1856e+01
-5.0717e+01 -5.0291e+01 -4.7676e+01 -4.6169e+01
-5.0755e+01 -5.0655e+01 -5.0212e+01 -7.2404e+01
# New trial
-5.0744e+01 -5.0556e+01 -4.9695e+01 -5.9816e+01
-5.0732e+01 -5.0432e+01 -4.8281e+01 -4.6161e+01
-5.0728e+01 -5.0393e+01 -4.7759e+01 -4.6163e+01
-5.0759e+01 -5.0698e+01 -5.0136e+01 -5.5392e+01
# New trial
-5.0737e+01 -5.0510e+01 -5.1749e+01 -9.1089e+01
-5.0735e+01 -5.0479e+01 -4.9616e+01 -6.0191e+01
-5.0736e+01 -5.0466e+01 -4.8293e+01 -4.6151e+01
-5.0751e+01 -5.0616e+01 -4.9338e+01 -4.6781e+01
# New trial
-5.0744e+01 -5.0659e+01 -5.4866e+01 -1.2440e+02
-5.0735e+01 -5.0523e+01 -5.0774e+01 -6.5657e+01
-5.0726e+01 -5.0377e+01 -4.7833e+01 -4.6358e+01
-5.0747e+01 -5.0576e+01 -4.8931e+01 -4.6153e+01
# New trial
-5.0744e+01 -5.0563e+01 -5.0829e+01 -7.4202e+01
-5.0732e+01 -5.0445e+01 -4.9020e+01 -5.2110e+01
-5.0730e+01 -5.0414e+01 -4.8117e+01 -4.6206e+01
-5.0755e+01 -5.0655e+01 -4.9703e+01 -4.6559e+01
# New trial
-5.0732e+01 -5.0451e+01 -5.0589e+01 -8.0474e+01
-5.0733e+01 -5.0453e+01 -4.9281e+01 -5.8579e+01
-5.0733e+01 -5.0438e+01 -4.8029e+01 -4.6152e+01
-5.0748e+01 -5.0582e+01 -4.9004e+01 -4.6167e+01
# New trial
