# 1.0sig - Array shape (trial/sig/alpha): (30, 4, 4)
-1.5216e+02 -1.5098e+02 -1.4453e+02 -2.7514e+02
-1.5210e+02 -1.5033e+02 -1.3540e+02 -1.3081e+02
-1.5193e+02 -1.4864e+02 -1.2029e+02 -1.0611e+02
-1.5176e+02 -1.4698e+02 -1.1724e+02 -1.9902e+02
# New trial
-1.5219e+02 -1.5125e+02 -1.4509e+02 -1.8378e+02
-1.5213e+02 -1.5067e+02 -1.3968e+02 -1.5550e+02
-1.5198e+02 -1.4911e+02 -1.2559e+02 -1.0217e+02
-1.5184e+02 -1.4771e+02 -1.1341e+02 -1.0154e+02
# New trial
-1.5219e+02 -1.5122e+02 -1.4437e+02 -2.4811e+02
-1.5214e+02 -1.5073e+02 -1.3844e+02 -1.1397e+02
-1.5200e+02 -1.4937e+02 -1.2560e+02 -1.0201e+02
-1.5189e+02 -1.4822e+02 -1.1755e+02 -1.2413e+02
# New trial
-1.5220e+02 -1.5130e+02 -1.4857e+02 -3.8564e+02
-1.5215e+02 -1.5080e+02 -1.4139e+02 -1.9062e+02
-1.5202e+02 -1.4951e+02 -1.2737e+02 -1.0191e+02
-1.5197e+02 -1.4897e+02 -1.2161e+02 -1.0153e+02
# New trial
-1.5211e+02 -1.5053e+02 -1.4771e+02 -3.7954e+02
-1.5205e+02 -1.4985e+02 -1.3321e+02 -1.8797e+02
-1.5191e+02 -1.4848e+02 -1.1969e+02 -1.0155e+02
-1.5184e+02 -1.4779e+02 -1.2049e+02 -2.0971e+02
# New trial
-1.5220e+02 -1.5138e+02 -1.4830e+02 -3.4245e+02
-1.5215e+02 -1.5086e+02 -1.3977e+02 -1.5596e+02
-1.5202e+02 -1.4953e+02 -1.2641e+02 -1.0157e+02
-1.5190e+02 -1.4833e+02 -1.1671e+02 -1.0153e+02
# New trial
-1.5226e+02 -1.5190e+02 -1.5071e+02 -3.2262e+02
-1.5223e+02 -1.5160e+02 -1.4579e+02 -1.8383e+02
-1.5217e+02 -1.5104e+02 -1.4009e+02 -1.2517e+02
-1.5215e+02 -1.5077e+02 -1.3741e+02 -1.1815e+02
# New trial
-1.5218e+02 -1.5123e+02 -1.5347e+02 -4.0685e+02
-1.5211e+02 -1.5043e+02 -1.3939e+02 -2.5826e+02
-1.5194e+02 -1.4877e+02 -1.2242e+02 -1.0370e+02
-1.5184e+02 -1.4777e+02 -1.1937e+02 -1.9400e+02
# New trial
-1.5208e+02 -1.5022e+02 -1.4637e+02 -3.3597e+02
-1.5196e+02 -1.4898e+02 -1.3480e+02 -2.4083e+02
-1.5168e+02 -1.4616e+02 -1.0969e+02 -1.0153e+02
-1.5153e+02 -1.4469e+02 -1.0453e+02 -1.0153e+02
# New trial
-1.5216e+02 -1.5094e+02 -1.4249e+02 -2.5611e+02
-1.5210e+02 -1.5029e+02 -1.3564e+02 -1.6623e+02
-1.5192e+02 -1.4856e+02 -1.1804e+02 -1.0153e+02
-1.5179e+02 -1.4723e+02 -1.1108e+02 -1.0153e+02
# New trial
-1.5213e+02 -1.5067e+02 -1.4342e+02 -2.7133e+02
-1.5206e+02 -1.5001e+02 -1.3745e+02 -2.0222e+02
-1.5187e+02 -1.4804e+02 -1.1760e+02 -1.1749e+02
-1.5174e+02 -1.4672e+02 -1.1066e+02 -1.1295e+02
# New trial
-1.5218e+02 -1.5123e+02 -1.5338e+02 -3.9341e+02
-1.5209e+02 -1.5028e+02 -1.3570e+02 -1.7347e+02
-1.5192e+02 -1.4849e+02 -1.1729e+02 -1.0153e+02
-1.5173e+02 -1.4664e+02 -1.0782e+02 -1.0153e+02
# New trial
-1.5223e+02 -1.5164e+02 -1.5606e+02 -4.3707e+02
-1.5214e+02 -1.5078e+02 -1.4068e+02 -1.6958e+02
-1.5200e+02 -1.4935e+02 -1.2552e+02 -1.0156e+02
-1.5196e+02 -1.4892e+02 -1.2279e+02 -1.5893e+02
# New trial
-1.5217e+02 -1.5121e+02 -1.7360e+02 -6.5572e+02
-1.5206e+02 -1.5004e+02 -1.4278e+02 -2.6215e+02
-1.5184e+02 -1.4771e+02 -1.1464e+02 -1.0200e+02
-1.5173e+02 -1.4663e+02 -1.0936e+02 -1.0154e+02
# New trial
-1.5221e+02 -1.5147e+02 -1.4838e+02 -3.0889e+02
-1.5216e+02 -1.5090e+02 -1.4093e+02 -1.3502e+02
-1.5202e+02 -1.4955e+02 -1.2623e+02 -1.0153e+02
-1.5195e+02 -1.4878e+02 -1.1996e+02 -1.0153e+02
# New trial
-1.5214e+02 -1.5101e+02 -1.6858e+02 -6.2644e+02
-1.5204e+02 -1.4993e+02 -1.4668e+02 -2.8459e+02
-1.5177e+02 -1.4717e+02 -1.1545e+02 -1.0160e+02
-1.5172e+02 -1.4651e+02 -1.1058e+02 -1.0154e+02
# New trial
-1.5216e+02 -1.5092e+02 -1.4343e+02 -2.0042e+02
-1.5207e+02 -1.5003e+02 -1.3504e+02 -1.7110e+02
-1.5182e+02 -1.4756e+02 -1.1511e+02 -1.0168e+02
-1.5169e+02 -1.4628e+02 -1.0763e+02 -1.0156e+02
# New trial
-1.5218e+02 -1.5117e+02 -1.4492e+02 -2.0309e+02
-1.5212e+02 -1.5055e+02 -1.3908e+02 -1.4972e+02
-1.5195e+02 -1.4880e+02 -1.2168e+02 -1.0202e+02
-1.5190e+02 -1.4837e+02 -1.1763e+02 -1.0326e+02
# New trial
-1.5218e+02 -1.5115e+02 -1.5568e+02 -4.3441e+02
-1.5211e+02 -1.5045e+02 -1.4285e+02 -2.6828e+02
-1.5193e+02 -1.4858e+02 -1.1847e+02 -1.0153e+02
-1.5180e+02 -1.4731e+02 -1.1105e+02 -1.0153e+02
# New trial
-1.5220e+02 -1.5129e+02 -1.4538e+02 -2.3906e+02
-1.5216e+02 -1.5097e+02 -1.4100e+02 -1.5686e+02
-1.5207e+02 -1.4997e+02 -1.3002e+02 -1.0154e+02
-1.5196e+02 -1.4893e+02 -1.2076e+02 -1.0153e+02
# New trial
-1.5216e+02 -1.5102e+02 -1.5519e+02 -4.0005e+02
-1.5206e+02 -1.4992e+02 -1.3384e+02 -1.3124e+02
-1.5193e+02 -1.4866e+02 -1.2182e+02 -1.0171e+02
-1.5199e+02 -1.4920e+02 -1.2406e+02 -1.0163e+02
# New trial
-1.5219e+02 -1.5129e+02 -1.4877e+02 -3.7815e+02
-1.5215e+02 -1.5081e+02 -1.3820e+02 -1.0339e+02
-1.5204e+02 -1.4968e+02 -1.2707e+02 -1.0153e+02
-1.5189e+02 -1.4819e+02 -1.1507e+02 -1.0153e+02
# New trial
-1.5216e+02 -1.5095e+02 -1.4997e+02 -3.2521e+02
-1.5204e+02 -1.4978e+02 -1.3382e+02 -1.8136e+02
-1.5188e+02 -1.4810e+02 -1.1743e+02 -1.0181e+02
-1.5184e+02 -1.4774e+02 -1.1352e+02 -1.0153e+02
# New trial
-1.5216e+02 -1.5106e+02 -1.4921e+02 -2.4394e+02
-1.5205e+02 -1.4992e+02 -1.3670e+02 -1.9585e+02
-1.5179e+02 -1.4732e+02 -1.1439e+02 -1.0164e+02
-1.5158e+02 -1.4520e+02 -1.1976e+02 -2.5477e+02
# New trial
-1.5215e+02 -1.5108e+02 -1.7039e+02 -5.8716e+02
-1.5203e+02 -1.4972e+02 -1.3642e+02 -1.6593e+02
-1.5180e+02 -1.4739e+02 -1.1338e+02 -1.0179e+02
-1.5169e+02 -1.4624e+02 -1.0753e+02 -1.0153e+02
# New trial
-1.5221e+02 -1.5146e+02 -1.4464e+02 -1.4908e+02
-1.5215e+02 -1.5079e+02 -1.3817e+02 -1.1303e+02
-1.5199e+02 -1.4920e+02 -1.2390e+02 -1.0155e+02
-1.5188e+02 -1.4811e+02 -1.1508e+02 -1.0154e+02
# New trial
-1.5215e+02 -1.5083e+02 -1.4531e+02 -3.5085e+02
-1.5210e+02 -1.5033e+02 -1.3698e+02 -1.5993e+02
-1.5197e+02 -1.4902e+02 -1.2339e+02 -1.0157e+02
-1.5191e+02 -1.4839e+02 -1.2074e+02 -1.3688e+02
# New trial
-1.5222e+02 -1.5162e+02 -1.5807e+02 -3.8668e+02
-1.5211e+02 -1.5054e+02 -1.4308e+02 -2.7221e+02
-1.5185e+02 -1.4787e+02 -1.1565e+02 -1.1993e+02
-1.5164e+02 -1.4579e+02 -1.1028e+02 -1.5155e+02
# New trial
-1.5221e+02 -1.5143e+02 -1.4760e+02 -2.3937e+02
-1.5214e+02 -1.5070e+02 -1.4000e+02 -2.0674e+02
-1.5196e+02 -1.4894e+02 -1.2327e+02 -1.0208e+02
-1.5187e+02 -1.4802e+02 -1.1478e+02 -1.0156e+02
# New trial
-1.5217e+02 -1.5107e+02 -1.4528e+02 -3.1149e+02
-1.5213e+02 -1.5059e+02 -1.3785e+02 -1.6677e+02
-1.5199e+02 -1.4922e+02 -1.2395e+02 -1.0577e+02
-1.5186e+02 -1.4797e+02 -1.1518e+02 -1.0154e+02
# New trial
