# 10.0sig - Array shape (trial/sig/alpha): (30, 4, 4)
-1.3843e+02 -1.3818e+02 -1.3684e+02 -2.3890e+02
-1.3843e+02 -1.3819e+02 -1.3675e+02 -2.2956e+02
-1.3841e+02 -1.3801e+02 -1.3436e+02 -1.4625e+02
-1.3837e+02 -1.3762e+02 -1.3041e+02 -1.2904e+02
# New trial
-1.3847e+02 -1.3871e+02 -1.5651e+02 -5.2503e+02
-1.3843e+02 -1.3832e+02 -1.4597e+02 -3.2807e+02
-1.3833e+02 -1.3726e+02 -1.3025e+02 -2.1265e+02
-1.3823e+02 -1.3622e+02 -1.1814e+02 -1.0890e+02
# New trial
-1.3844e+02 -1.3836e+02 -1.4185e+02 -3.1235e+02
-1.3842e+02 -1.3810e+02 -1.3713e+02 -2.4163e+02
-1.3834e+02 -1.3728e+02 -1.2737e+02 -1.1241e+02
-1.3823e+02 -1.3627e+02 -1.1807e+02 -1.0615e+02
# New trial
-1.3843e+02 -1.3820e+02 -1.3734e+02 -2.3220e+02
-1.3841e+02 -1.3803e+02 -1.3556e+02 -1.9830e+02
-1.3834e+02 -1.3734e+02 -1.2794e+02 -1.1883e+02
-1.3823e+02 -1.3625e+02 -1.1793e+02 -1.0615e+02
# New trial
-1.3844e+02 -1.3833e+02 -1.4685e+02 -4.1679e+02
-1.3841e+02 -1.3800e+02 -1.3639e+02 -2.3906e+02
-1.3836e+02 -1.3751e+02 -1.2988e+02 -1.1016e+02
-1.3830e+02 -1.3693e+02 -1.2388e+02 -1.0615e+02
# New trial
-1.3842e+02 -1.3814e+02 -1.3688e+02 -1.8712e+02
-1.3839e+02 -1.3783e+02 -1.3338e+02 -1.7553e+02
-1.3831e+02 -1.3703e+02 -1.2495e+02 -1.0990e+02
-1.3822e+02 -1.3611e+02 -1.1660e+02 -1.0615e+02
# New trial
-1.3844e+02 -1.3830e+02 -1.3858e+02 -2.8729e+02
-1.3843e+02 -1.3820e+02 -1.3644e+02 -1.9381e+02
-1.3840e+02 -1.3788e+02 -1.3294e+02 -1.2117e+02
-1.3833e+02 -1.3726e+02 -1.2674e+02 -1.0617e+02
# New trial
-1.3842e+02 -1.3815e+02 -1.4059e+02 -2.9313e+02
-1.3840e+02 -1.3796e+02 -1.3775e+02 -2.6427e+02
-1.3835e+02 -1.3741e+02 -1.3018e+02 -1.5956e+02
-1.3829e+02 -1.3680e+02 -1.2272e+02 -1.0615e+02
# New trial
-1.3848e+02 -1.3883e+02 -1.6132e+02 -5.4487e+02
-1.3843e+02 -1.3827e+02 -1.4378e+02 -3.1049e+02
-1.3833e+02 -1.3721e+02 -1.2889e+02 -1.8783e+02
-1.3821e+02 -1.3608e+02 -1.1757e+02 -1.2336e+02
# New trial
-1.3844e+02 -1.3828e+02 -1.3729e+02 -1.9288e+02
-1.3843e+02 -1.3817e+02 -1.3587e+02 -1.4051e+02
-1.3840e+02 -1.3792e+02 -1.3322e+02 -1.2228e+02
-1.3837e+02 -1.3761e+02 -1.3021e+02 -1.1346e+02
# New trial
-1.3849e+02 -1.3896e+02 -1.5855e+02 -5.6235e+02
-1.3842e+02 -1.3819e+02 -1.4785e+02 -4.9064e+02
-1.3833e+02 -1.3722e+02 -1.3064e+02 -2.4563e+02
-1.3821e+02 -1.3603e+02 -1.1726e+02 -1.2543e+02
# New trial
-1.3850e+02 -1.3906e+02 -1.5927e+02 -5.0120e+02
-1.3845e+02 -1.3846e+02 -1.4046e+02 -2.3041e+02
-1.3841e+02 -1.3803e+02 -1.3511e+02 -1.6627e+02
-1.3836e+02 -1.3754e+02 -1.2960e+02 -1.1397e+02
# New trial
-1.3847e+02 -1.3866e+02 -1.4857e+02 -3.9239e+02
-1.3844e+02 -1.3838e+02 -1.4219e+02 -3.1567e+02
-1.3837e+02 -1.3761e+02 -1.3152e+02 -1.7461e+02
-1.3826e+02 -1.3655e+02 -1.2051e+02 -1.0615e+02
# New trial
-1.3847e+02 -1.3867e+02 -1.4421e+02 -3.0929e+02
-1.3845e+02 -1.3844e+02 -1.4022e+02 -2.2923e+02
-1.3838e+02 -1.3777e+02 -1.3272e+02 -2.1262e+02
-1.3832e+02 -1.3713e+02 -1.2562e+02 -1.1130e+02
# New trial
-1.3846e+02 -1.3858e+02 -1.4810e+02 -3.5745e+02
-1.3843e+02 -1.3823e+02 -1.4092e+02 -2.6686e+02
-1.3835e+02 -1.3738e+02 -1.2873e+02 -1.3036e+02
-1.3825e+02 -1.3644e+02 -1.1926e+02 -1.0615e+02
# New trial
-1.3846e+02 -1.3871e+02 -1.6183e+02 -5.3588e+02
-1.3840e+02 -1.3800e+02 -1.4068e+02 -2.6682e+02
-1.3828e+02 -1.3679e+02 -1.2586e+02 -1.7008e+02
-1.3815e+02 -1.3545e+02 -1.1280e+02 -1.0615e+02
# New trial
-1.3842e+02 -1.3824e+02 -1.5518e+02 -4.9401e+02
-1.3838e+02 -1.3776e+02 -1.3675e+02 -2.7915e+02
-1.3830e+02 -1.3690e+02 -1.2583e+02 -1.9128e+02
-1.3821e+02 -1.3600e+02 -1.1586e+02 -1.0615e+02
# New trial
-1.3844e+02 -1.3838e+02 -1.4076e+02 -2.9019e+02
-1.3841e+02 -1.3799e+02 -1.3559e+02 -2.3434e+02
-1.3833e+02 -1.3724e+02 -1.2792e+02 -1.5613e+02
-1.3825e+02 -1.3645e+02 -1.2049e+02 -1.3429e+02
# New trial
-1.3844e+02 -1.3838e+02 -1.3967e+02 -2.4717e+02
-1.3842e+02 -1.3816e+02 -1.3585e+02 -1.4585e+02
-1.3839e+02 -1.3782e+02 -1.3225e+02 -1.0686e+02
-1.3834e+02 -1.3736e+02 -1.2769e+02 -1.0615e+02
# New trial
-1.3848e+02 -1.3884e+02 -1.5412e+02 -4.5213e+02
-1.3844e+02 -1.3837e+02 -1.4078e+02 -2.8738e+02
-1.3836e+02 -1.3755e+02 -1.3035e+02 -1.4689e+02
-1.3828e+02 -1.3674e+02 -1.2251e+02 -1.1546e+02
# New trial
-1.3845e+02 -1.3845e+02 -1.4134e+02 -2.9758e+02
-1.3842e+02 -1.3816e+02 -1.3588e+02 -1.5178e+02
-1.3837e+02 -1.3758e+02 -1.2996e+02 -1.1331e+02
-1.3827e+02 -1.3661e+02 -1.2078e+02 -1.0615e+02
# New trial
-1.3843e+02 -1.3825e+02 -1.3728e+02 -2.0105e+02
-1.3842e+02 -1.3812e+02 -1.3626e+02 -2.0820e+02
-1.3836e+02 -1.3753e+02 -1.2989e+02 -1.3349e+02
-1.3828e+02 -1.3671e+02 -1.2236e+02 -1.0675e+02
# New trial
-1.3844e+02 -1.3837e+02 -1.4004e+02 -2.2977e+02
-1.3842e+02 -1.3815e+02 -1.3739e+02 -2.2889e+02
-1.3835e+02 -1.3745e+02 -1.2926e+02 -1.3197e+02
-1.3826e+02 -1.3650e+02 -1.1982e+02 -1.0615e+02
# New trial
-1.3844e+02 -1.3840e+02 -1.4492e+02 -3.1428e+02
-1.3841e+02 -1.3806e+02 -1.4096e+02 -2.9483e+02
-1.3832e+02 -1.3715e+02 -1.2806e+02 -1.4944e+02
-1.3821e+02 -1.3602e+02 -1.1623e+02 -1.0615e+02
# New trial
-1.3845e+02 -1.3847e+02 -1.4772e+02 -4.0689e+02
-1.3842e+02 -1.3812e+02 -1.4203e+02 -3.1880e+02
-1.3832e+02 -1.3718e+02 -1.2784e+02 -1.5165e+02
-1.3821e+02 -1.3600e+02 -1.1701e+02 -1.2204e+02
# New trial
-1.3847e+02 -1.3884e+02 -1.6381e+02 -5.2996e+02
-1.3840e+02 -1.3804e+02 -1.4480e+02 -4.0176e+02
-1.3826e+02 -1.3658e+02 -1.2290e+02 -1.7281e+02
-1.3808e+02 -1.3478e+02 -1.0918e+02 -1.0615e+02
# New trial
-1.3854e+02 -1.3948e+02 -1.6672e+02 -5.6648e+02
-1.3847e+02 -1.3861e+02 -1.4480e+02 -3.4248e+02
-1.3837e+02 -1.3766e+02 -1.3191e+02 -2.1060e+02
-1.3825e+02 -1.3643e+02 -1.2052e+02 -1.0842e+02
# New trial
-1.3844e+02 -1.3828e+02 -1.3751e+02 -2.0742e+02
-1.3843e+02 -1.3820e+02 -1.3700e+02 -2.1820e+02
-1.3839e+02 -1.3778e+02 -1.3238e+02 -1.8361e+02
-1.3832e+02 -1.3714e+02 -1.2588e+02 -1.2395e+02
# New trial
-1.3843e+02 -1.3831e+02 -1.4892e+02 -4.3322e+02
-1.3841e+02 -1.3803e+02 -1.3904e+02 -2.7696e+02
-1.3832e+02 -1.3713e+02 -1.2815e+02 -1.7513e+02
-1.3821e+02 -1.3603e+02 -1.1808e+02 -1.0878e+02
# New trial
-1.3843e+02 -1.3824e+02 -1.4008e+02 -2.8745e+02
-1.3841e+02 -1.3801e+02 -1.3526e+02 -2.0508e+02
-1.3835e+02 -1.3743e+02 -1.2870e+02 -1.3370e+02
-1.3826e+02 -1.3656e+02 -1.2081e+02 -1.0695e+02
# New trial
