# 10.0sig - Array shape (trial/sig/alpha): (30, 4, 4)
-1.3841e+02 -1.3806e+02 -1.4261e+02 -5.1485e+02
-1.3839e+02 -1.3785e+02 -1.3735e+02 -3.6409e+02
-1.3831e+02 -1.3704e+02 -1.2603e+02 -1.6452e+02
-1.3818e+02 -1.3568e+02 -1.1143e+02 -6.2893e+01
# New trial
-1.3854e+02 -1.4002e+02 -2.0762e+02 -1.2811e+03
-1.3844e+02 -1.3884e+02 -1.7837e+02 -8.9023e+02
-1.3818e+02 -1.3592e+02 -1.2765e+02 -3.8673e+02
-1.3786e+02 -1.3252e+02 -8.4070e+01 -5.0772e+01
# New trial
-1.3841e+02 -1.3819e+02 -1.5888e+02 -7.6748e+02
-1.3834e+02 -1.3742e+02 -1.4299e+02 -5.3621e+02
-1.3810e+02 -1.3501e+02 -1.0970e+02 -1.8153e+02
-1.3780e+02 -1.3194e+02 -7.8940e+01 -5.0821e+01
# New trial
-1.3838e+02 -1.3782e+02 -1.4432e+02 -5.5094e+02
-1.3834e+02 -1.3737e+02 -1.3897e+02 -4.3722e+02
-1.3813e+02 -1.3529e+02 -1.1127e+02 -1.5259e+02
-1.3784e+02 -1.3237e+02 -8.2477e+01 -5.1391e+01
# New trial
-1.3850e+02 -1.3924e+02 -1.8266e+02 -1.0650e+03
-1.3841e+02 -1.3820e+02 -1.5200e+02 -5.9887e+02
-1.3825e+02 -1.3648e+02 -1.2343e+02 -1.9134e+02
-1.3806e+02 -1.3453e+02 -1.0064e+02 -5.8827e+01
# New trial
-1.3839e+02 -1.3788e+02 -1.4421e+02 -4.6180e+02
-1.3831e+02 -1.3706e+02 -1.3239e+02 -3.4065e+02
-1.3808e+02 -1.3478e+02 -1.0721e+02 -2.0507e+02
-1.3778e+02 -1.3173e+02 -7.7923e+01 -6.1642e+01
# New trial
-1.3839e+02 -1.3789e+02 -1.3910e+02 -6.1422e+02
-1.3838e+02 -1.3772e+02 -1.3514e+02 -3.8411e+02
-1.3830e+02 -1.3692e+02 -1.2507e+02 -2.6323e+02
-1.3817e+02 -1.3558e+02 -1.1040e+02 -7.1371e+01
# New trial
-1.3836e+02 -1.3767e+02 -1.4989e+02 -6.6382e+02
-1.3832e+02 -1.3723e+02 -1.4201e+02 -6.1193e+02
-1.3820e+02 -1.3601e+02 -1.1885e+02 -1.9525e+02
-1.3799e+02 -1.3385e+02 -9.4193e+01 -5.0794e+01
# New trial
-1.3856e+02 -1.4012e+02 -2.2076e+02 -1.5042e+03
-1.3844e+02 -1.3865e+02 -1.7018e+02 -7.8413e+02
-1.3813e+02 -1.3528e+02 -1.1555e+02 -2.7289e+02
-1.3778e+02 -1.3173e+02 -8.0122e+01 -1.2166e+02
# New trial
-1.3840e+02 -1.3789e+02 -1.3520e+02 -2.9013e+02
-1.3836e+02 -1.3754e+02 -1.3035e+02 -1.9882e+02
-1.3829e+02 -1.3683e+02 -1.2288e+02 -1.4117e+02
-1.3823e+02 -1.3622e+02 -1.1657e+02 -7.2622e+01
# New trial
-1.3853e+02 -1.3973e+02 -2.0495e+02 -1.3630e+03
-1.3832e+02 -1.3732e+02 -1.6904e+02 -1.1070e+03
-1.3800e+02 -1.3401e+02 -1.1767e+02 -4.7654e+02
-1.3765e+02 -1.3041e+02 -7.3272e+01 -9.3275e+01
# New trial
-1.3862e+02 -1.4075e+02 -2.1789e+02 -1.3202e+03
-1.3842e+02 -1.3821e+02 -1.4586e+02 -4.3614e+02
-1.3828e+02 -1.3676e+02 -1.2416e+02 -1.9872e+02
-1.3814e+02 -1.3534e+02 -1.0812e+02 -5.8119e+01
# New trial
-1.3850e+02 -1.3924e+02 -1.8518e+02 -1.0532e+03
-1.3842e+02 -1.3836e+02 -1.5893e+02 -6.9004e+02
-1.3819e+02 -1.3590e+02 -1.2191e+02 -3.2245e+02
-1.3791e+02 -1.3303e+02 -9.0599e+01 -1.0411e+02
# New trial
-1.3845e+02 -1.3857e+02 -1.5637e+02 -6.8725e+02
-1.3838e+02 -1.3787e+02 -1.4358e+02 -4.4105e+02
-1.3817e+02 -1.3567e+02 -1.1572e+02 -3.0973e+02
-1.3794e+02 -1.3333e+02 -9.0744e+01 -7.6572e+01
# New trial
-1.3847e+02 -1.3890e+02 -1.7837e+02 -9.0518e+02
-1.3838e+02 -1.3793e+02 -1.5475e+02 -6.3393e+02
-1.3814e+02 -1.3535e+02 -1.1352e+02 -2.4817e+02
-1.3784e+02 -1.3233e+02 -8.1826e+01 -5.0784e+01
# New trial
-1.3859e+02 -1.4064e+02 -2.2975e+02 -1.5000e+03
-1.3842e+02 -1.3857e+02 -1.6803e+02 -7.7831e+02
-1.3806e+02 -1.3466e+02 -1.1674e+02 -3.0152e+02
-1.3763e+02 -1.3026e+02 -6.9056e+01 -5.0767e+01
# New trial
-1.3842e+02 -1.3876e+02 -2.1337e+02 -1.3974e+03
-1.3827e+02 -1.3689e+02 -1.4506e+02 -6.2161e+02
-1.3803e+02 -1.3428e+02 -1.0385e+02 -1.4755e+02
-1.3776e+02 -1.3154e+02 -7.5310e+01 -5.0766e+01
# New trial
-1.3850e+02 -1.3909e+02 -1.6472e+02 -8.2193e+02
-1.3838e+02 -1.3776e+02 -1.4018e+02 -4.4430e+02
-1.3814e+02 -1.3539e+02 -1.1456e+02 -3.2218e+02
-1.3792e+02 -1.3317e+02 -8.9827e+01 -6.9671e+01
# New trial
-1.3844e+02 -1.3845e+02 -1.4964e+02 -6.0854e+02
-1.3838e+02 -1.3776e+02 -1.3459e+02 -2.4407e+02
-1.3828e+02 -1.3670e+02 -1.2168e+02 -6.6292e+01
-1.3814e+02 -1.3532e+02 -1.0761e+02 -5.0817e+01
# New trial
-1.3858e+02 -1.4011e+02 -2.0555e+02 -1.2787e+03
-1.3844e+02 -1.3843e+02 -1.5474e+02 -7.2111e+02
-1.3816e+02 -1.3556e+02 -1.1422e+02 -2.0451e+02
-1.3785e+02 -1.3246e+02 -8.4236e+01 -5.2070e+01
# New trial
-1.3848e+02 -1.3885e+02 -1.6562e+02 -8.1038e+02
-1.3836e+02 -1.3759e+02 -1.3370e+02 -2.5652e+02
-1.3817e+02 -1.3563e+02 -1.1146e+02 -6.6905e+01
-1.3793e+02 -1.3320e+02 -8.8826e+01 -5.1038e+01
# New trial
-1.3842e+02 -1.3815e+02 -1.4493e+02 -5.1306e+02
-1.3839e+02 -1.3789e+02 -1.4533e+02 -5.2644e+02
-1.3821e+02 -1.3604e+02 -1.2223e+02 -3.5300e+02
-1.3794e+02 -1.3331e+02 -9.3614e+01 -1.7853e+02
# New trial
-1.3844e+02 -1.3845e+02 -1.5220e+02 -5.1930e+02
-1.3837e+02 -1.3772e+02 -1.4249e+02 -4.7232e+02
-1.3816e+02 -1.3551e+02 -1.1305e+02 -9.9930e+01
-1.3789e+02 -1.3287e+02 -8.6073e+01 -5.0820e+01
# New trial
-1.3842e+02 -1.3845e+02 -1.6706e+02 -7.6394e+02
-1.3835e+02 -1.3771e+02 -1.5806e+02 -6.9243e+02
-1.3811e+02 -1.3516e+02 -1.1498e+02 -2.8143e+02
-1.3773e+02 -1.3124e+02 -7.4623e+01 -5.1277e+01
# New trial
-1.3850e+02 -1.3941e+02 -1.9011e+02 -1.0808e+03
-1.3838e+02 -1.3804e+02 -1.6080e+02 -7.8129e+02
-1.3809e+02 -1.3492e+02 -1.1223e+02 -2.6262e+02
-1.3774e+02 -1.3136e+02 -7.5332e+01 -5.1141e+01
# New trial
-1.3860e+02 -1.4106e+02 -2.3976e+02 -1.5638e+03
-1.3838e+02 -1.3823e+02 -1.8245e+02 -1.0915e+03
-1.3790e+02 -1.3297e+02 -9.3448e+01 -6.9859e+01
-1.3735e+02 -1.2748e+02 -5.6195e+01 -5.0766e+01
# New trial
-1.3878e+02 -1.4290e+02 -2.5489e+02 -1.6385e+03
-1.3850e+02 -1.3917e+02 -1.6675e+02 -7.7750e+02
-1.3812e+02 -1.3522e+02 -1.1511e+02 -3.5964e+02
-1.3777e+02 -1.3164e+02 -8.1392e+01 -8.9338e+01
# New trial
-1.3836e+02 -1.3755e+02 -1.3302e+02 -3.2327e+02
-1.3832e+02 -1.3717e+02 -1.3001e+02 -3.3667e+02
-1.3818e+02 -1.3572e+02 -1.1352e+02 -1.2659e+02
-1.3798e+02 -1.3369e+02 -9.3121e+01 -5.1374e+01
# New trial
-1.3845e+02 -1.3874e+02 -1.8083e+02 -1.1416e+03
-1.3840e+02 -1.3816e+02 -1.5849e+02 -7.3356e+02
-1.3815e+02 -1.3550e+02 -1.1909e+02 -3.4264e+02
-1.3780e+02 -1.3196e+02 -8.0217e+01 -7.1206e+01
# New trial
-1.3837e+02 -1.3776e+02 -1.5210e+02 -7.2486e+02
-1.3832e+02 -1.3714e+02 -1.3575e+02 -4.5026e+02
-1.3813e+02 -1.3523e+02 -1.0932e+02 -1.1657e+02
-1.3786e+02 -1.3252e+02 -8.4867e+01 -5.1024e+01
# New trial
