# 10.0sig - Array shape (trial/sig/alpha): (30, 4, 4)
-1.4756e+02 -1.4660e+02 -1.5120e+02 -6.4749e+02
-1.4757e+02 -1.4659e+02 -1.4405e+02 -4.6767e+02
-1.4749e+02 -1.4575e+02 -1.3011e+02 -1.2755e+02
-1.4734e+02 -1.4426e+02 -1.1424e+02 -5.3750e+01
# New trial
-1.4772e+02 -1.4956e+02 -2.6666e+02 -2.1661e+03
-1.4759e+02 -1.4783e+02 -2.0430e+02 -1.2474e+03
-1.4733e+02 -1.4441e+02 -1.3391e+02 -4.9778e+02
-1.4700e+02 -1.4089e+02 -8.3987e+01 -9.5814e+01
# New trial
-1.4763e+02 -1.4745e+02 -1.8159e+02 -1.0787e+03
-1.4759e+02 -1.4688e+02 -1.5812e+02 -7.3039e+02
-1.4730e+02 -1.4392e+02 -1.1463e+02 -1.7460e+02
-1.4696e+02 -1.4047e+02 -8.1025e+01 -5.5910e+01
# New trial
-1.4753e+02 -1.4632e+02 -1.5169e+02 -6.8904e+02
-1.4750e+02 -1.4595e+02 -1.4743e+02 -5.8466e+02
-1.4728e+02 -1.4375e+02 -1.1998e+02 -4.0428e+02
-1.4697e+02 -1.4060e+02 -8.3986e+01 -1.0038e+02
# New trial
-1.4769e+02 -1.4868e+02 -2.3524e+02 -1.7544e+03
-1.4759e+02 -1.4708e+02 -1.6649e+02 -7.8699e+02
-1.4746e+02 -1.4552e+02 -1.3138e+02 -2.7926e+02
-1.4726e+02 -1.4342e+02 -1.0610e+02 -5.9255e+01
# New trial
-1.4756e+02 -1.4679e+02 -1.7163e+02 -8.0268e+02
-1.4747e+02 -1.4573e+02 -1.4369e+02 -5.5840e+02
-1.4723e+02 -1.4316e+02 -1.0948e+02 -3.3640e+02
-1.4689e+02 -1.3981e+02 -7.6685e+01 -9.0641e+01
# New trial
-1.4754e+02 -1.4638e+02 -1.4660e+02 -5.4906e+02
-1.4756e+02 -1.4648e+02 -1.4385e+02 -4.4775e+02
-1.4749e+02 -1.4578e+02 -1.3184e+02 -3.8493e+02
-1.4735e+02 -1.4436e+02 -1.1583e+02 -1.8660e+02
# New trial
-1.4739e+02 -1.4535e+02 -1.6858e+02 -9.9302e+02
-1.4746e+02 -1.4580e+02 -1.5802e+02 -8.2020e+02
-1.4738e+02 -1.4478e+02 -1.3223e+02 -4.4788e+02
-1.4716e+02 -1.4245e+02 -9.8275e+01 -1.0537e+02
# New trial
-1.4786e+02 -1.5072e+02 -2.8824e+02 -2.3892e+03
-1.4775e+02 -1.4895e+02 -2.0683e+02 -1.2235e+03
-1.4731e+02 -1.4412e+02 -1.2505e+02 -5.9033e+02
-1.4691e+02 -1.3995e+02 -7.9834e+01 -1.5561e+02
# New trial
-1.4758e+02 -1.4665e+02 -1.4318e+02 -5.6361e+02
-1.4754e+02 -1.4629e+02 -1.3593e+02 -2.6391e+02
-1.4747e+02 -1.4551e+02 -1.2718e+02 -1.8797e+02
-1.4741e+02 -1.4492e+02 -1.2098e+02 -1.3177e+02
# New trial
-1.4785e+02 -1.5017e+02 -2.5375e+02 -2.1362e+03
-1.4758e+02 -1.4701e+02 -1.9324e+02 -1.4013e+03
-1.4718e+02 -1.4278e+02 -1.2333e+02 -6.9105e+02
-1.4678e+02 -1.3865e+02 -7.3539e+01 -1.5384e+02
# New trial
-1.4787e+02 -1.5060e+02 -2.6494e+02 -1.9126e+03
-1.4761e+02 -1.4717e+02 -1.6049e+02 -6.1376e+02
-1.4748e+02 -1.4569e+02 -1.3176e+02 -2.5241e+02
-1.4733e+02 -1.4416e+02 -1.1361e+02 -5.8380e+01
# New trial
-1.4764e+02 -1.4790e+02 -2.1172e+02 -1.4329e+03
-1.4758e+02 -1.4709e+02 -1.7317e+02 -8.9004e+02
-1.4735e+02 -1.4442e+02 -1.2457e+02 -4.4285e+02
-1.4704e+02 -1.4125e+02 -8.8710e+01 -9.7842e+01
# New trial
-1.4763e+02 -1.4752e+02 -1.7907e+02 -1.0079e+03
-1.4759e+02 -1.4700e+02 -1.6262e+02 -7.1982e+02
-1.4735e+02 -1.4444e+02 -1.1973e+02 -1.9333e+02
-1.4709e+02 -1.4177e+02 -9.1592e+01 -7.8504e+01
# New trial
-1.4768e+02 -1.4819e+02 -2.0876e+02 -1.3365e+03
-1.4758e+02 -1.4703e+02 -1.7493e+02 -9.1493e+02
-1.4731e+02 -1.4406e+02 -1.1854e+02 -3.1580e+02
-1.4699e+02 -1.4078e+02 -8.2991e+01 -8.3067e+01
# New trial
-1.4783e+02 -1.5053e+02 -2.8484e+02 -2.2256e+03
-1.4765e+02 -1.4812e+02 -1.9622e+02 -1.0895e+03
-1.4724e+02 -1.4349e+02 -1.2967e+02 -5.2581e+02
-1.4679e+02 -1.3877e+02 -7.3776e+01 -1.7891e+02
# New trial
-1.4755e+02 -1.4741e+02 -2.5557e+02 -2.1083e+03
-1.4743e+02 -1.4563e+02 -1.6664e+02 -9.5528e+02
-1.4720e+02 -1.4302e+02 -1.1687e+02 -2.4955e+02
-1.4691e+02 -1.3998e+02 -8.1386e+01 -1.4625e+02
# New trial
-1.4763e+02 -1.4751e+02 -1.8127e+02 -1.1934e+03
-1.4755e+02 -1.4651e+02 -1.5532e+02 -8.4733e+02
-1.4730e+02 -1.4390e+02 -1.2084e+02 -4.5795e+02
-1.4705e+02 -1.4141e+02 -8.9788e+01 -8.1246e+01
# New trial
-1.4765e+02 -1.4742e+02 -1.5804e+02 -7.0566e+02
-1.4759e+02 -1.4679e+02 -1.4411e+02 -3.5029e+02
-1.4747e+02 -1.4559e+02 -1.2835e+02 -1.3730e+02
-1.4732e+02 -1.4406e+02 -1.1217e+02 -4.8033e+01
# New trial
-1.4792e+02 -1.5087e+02 -2.5803e+02 -1.9706e+03
-1.4777e+02 -1.4889e+02 -1.8859e+02 -1.1540e+03
-1.4736e+02 -1.4454e+02 -1.2376e+02 -2.6104e+02
-1.4700e+02 -1.4091e+02 -8.6206e+01 -5.4536e+01
# New trial
-1.4765e+02 -1.4778e+02 -1.9708e+02 -1.3500e+03
-1.4757e+02 -1.4672e+02 -1.5210e+02 -5.0789e+02
-1.4738e+02 -1.4469e+02 -1.2453e+02 -3.3191e+02
-1.4709e+02 -1.4179e+02 -9.1839e+01 -5.5222e+01
# New trial
-1.4754e+02 -1.4633e+02 -1.4800e+02 -6.1478e+02
-1.4754e+02 -1.4636e+02 -1.5004e+02 -6.4936e+02
-1.4736e+02 -1.4453e+02 -1.2265e+02 -3.1181e+02
-1.4705e+02 -1.4141e+02 -9.1048e+01 -6.1383e+01
# New trial
-1.4767e+02 -1.4784e+02 -1.7667e+02 -8.4658e+02
-1.4756e+02 -1.4672e+02 -1.5842e+02 -6.7369e+02
-1.4734e+02 -1.4433e+02 -1.2032e+02 -2.5751e+02
-1.4708e+02 -1.4167e+02 -9.0717e+01 -5.5821e+01
# New trial
-1.4758e+02 -1.4720e+02 -1.8812e+02 -1.0228e+03
-1.4751e+02 -1.4641e+02 -1.7764e+02 -9.0646e+02
-1.4727e+02 -1.4373e+02 -1.2038e+02 -3.0079e+02
-1.4685e+02 -1.3943e+02 -7.7605e+01 -1.4273e+02
# New trial
-1.4778e+02 -1.4948e+02 -2.3050e+02 -1.5513e+03
-1.4760e+02 -1.4744e+02 -1.8571e+02 -1.0587e+03
-1.4721e+02 -1.4310e+02 -1.1157e+02 -2.4736e+02
-1.4683e+02 -1.3920e+02 -7.2480e+01 -4.7086e+01
# New trial
-1.4790e+02 -1.5217e+02 -3.0368e+02 -2.2724e+03
-1.4763e+02 -1.4814e+02 -2.1844e+02 -1.5420e+03
-1.4703e+02 -1.4138e+02 -1.0657e+02 -4.1578e+02
-1.4644e+02 -1.3533e+02 -5.4724e+01 -1.8176e+02
# New trial
-1.4822e+02 -1.5511e+02 -3.3448e+02 -2.6928e+03
-1.4785e+02 -1.4997e+02 -2.1122e+02 -1.3384e+03
-1.4728e+02 -1.4375e+02 -1.2132e+02 -4.9166e+02
-1.4691e+02 -1.3994e+02 -8.1855e+01 -7.6046e+01
# New trial
-1.4754e+02 -1.4651e+02 -1.5653e+02 -7.2831e+02
-1.4752e+02 -1.4623e+02 -1.4665e+02 -6.3177e+02
-1.4737e+02 -1.4458e+02 -1.2156e+02 -2.6209e+02
-1.4715e+02 -1.4232e+02 -9.6601e+01 -8.6581e+01
# New trial
-1.4760e+02 -1.4742e+02 -2.1981e+02 -1.7599e+03
-1.4759e+02 -1.4711e+02 -1.7241e+02 -9.1705e+02
-1.4730e+02 -1.4404e+02 -1.2055e+02 -1.9001e+02
-1.4693e+02 -1.4014e+02 -7.9182e+01 -5.5055e+01
# New trial
-1.4758e+02 -1.4696e+02 -1.7528e+02 -1.1010e+03
-1.4751e+02 -1.4620e+02 -1.5432e+02 -7.1857e+02
-1.4732e+02 -1.4412e+02 -1.2239e+02 -4.4608e+02
-1.4704e+02 -1.4125e+02 -9.0499e+01 -1.3964e+02
# New trial
