# 1.0sig - Array shape (trial/sig/alpha): (30L, 4L, 4L)
-4.6176e+01 -4.6441e+01 -5.2626e+01 -1.3312e+02
-4.6177e+01 -4.6427e+01 -5.0879e+01 -1.1544e+02
-4.6165e+01 -4.6293e+01 -4.8160e+01 -8.9343e+01
-4.6152e+01 -4.6156e+01 -4.6264e+01 -5.9007e+01
# New trial
-4.6101e+01 -4.5682e+01 -4.4645e+01 -5.7030e+01
-4.6122e+01 -4.5882e+01 -4.4585e+01 -4.3742e+01
-4.6149e+01 -4.6137e+01 -4.6494e+01 -6.5857e+01
-4.6151e+01 -4.6154e+01 -4.6203e+01 -5.0306e+01
# New trial
-4.6143e+01 -4.6091e+01 -4.7558e+01 -8.8931e+01
-4.6139e+01 -4.6046e+01 -4.6232e+01 -6.4368e+01
-4.6144e+01 -4.6090e+01 -4.6004e+01 -6.1887e+01
-4.6151e+01 -4.6147e+01 -4.6139e+01 -4.9569e+01
# New trial
-4.6158e+01 -4.6236e+01 -4.8777e+01 -9.5754e+01
-4.6150e+01 -4.6157e+01 -4.7653e+01 -8.2374e+01
-4.6149e+01 -4.6132e+01 -4.6362e+01 -6.2157e+01
-4.6151e+01 -4.6149e+01 -4.6216e+01 -5.6002e+01
# New trial
-4.6160e+01 -4.6284e+01 -5.2951e+01 -1.4003e+02
-4.6151e+01 -4.6167e+01 -4.8481e+01 -9.7490e+01
-4.6149e+01 -4.6134e+01 -4.6782e+01 -8.5826e+01
-4.6151e+01 -4.6149e+01 -4.6193e+01 -5.7433e+01
# New trial
-4.6157e+01 -4.6226e+01 -4.8668e+01 -9.5749e+01
-4.6153e+01 -4.6189e+01 -4.7753e+01 -7.9440e+01
-4.6151e+01 -4.6154e+01 -4.6638e+01 -6.4030e+01
-4.6151e+01 -4.6149e+01 -4.6179e+01 -5.4323e+01
# New trial
-4.6155e+01 -4.6202e+01 -4.8470e+01 -9.2808e+01
-4.6149e+01 -4.6129e+01 -4.6328e+01 -6.2262e+01
-4.6149e+01 -4.6127e+01 -4.5996e+01 -5.3671e+01
-4.6151e+01 -4.6151e+01 -4.6148e+01 -4.6593e+01
# New trial
-4.6153e+01 -4.6192e+01 -4.8511e+01 -9.5489e+01
-4.6153e+01 -4.6174e+01 -4.7198e+01 -7.4705e+01
-4.6152e+01 -4.6159e+01 -4.6635e+01 -6.7269e+01
-4.6151e+01 -4.6154e+01 -4.6258e+01 -5.9243e+01
# New trial
-4.6129e+01 -4.6026e+01 -4.8717e+01 -9.4736e+01
-4.6123e+01 -4.5932e+01 -4.7455e+01 -9.1319e+01
-4.6144e+01 -4.6097e+01 -4.7712e+01 -9.3676e+01
-4.6151e+01 -4.6153e+01 -4.6300e+01 -6.2193e+01
# New trial
-4.6170e+01 -4.6361e+01 -5.0053e+01 -1.0895e+02
-4.6168e+01 -4.6332e+01 -4.9584e+01 -1.0781e+02
-4.6156e+01 -4.6201e+01 -4.7209e+01 -7.6145e+01
-4.6152e+01 -4.6156e+01 -4.6235e+01 -5.4866e+01
# New trial
-4.6091e+01 -4.5626e+01 -4.4744e+01 -5.4736e+01
-4.6116e+01 -4.5845e+01 -4.5807e+01 -6.8400e+01
-4.6147e+01 -4.6118e+01 -4.6542e+01 -7.6634e+01
-4.6151e+01 -4.6155e+01 -4.6284e+01 -6.3969e+01
# New trial
-4.6175e+01 -4.6435e+01 -5.3459e+01 -1.4801e+02
-4.6170e+01 -4.6359e+01 -5.0076e+01 -1.0907e+02
-4.6157e+01 -4.6217e+01 -4.7452e+01 -8.9129e+01
-4.6151e+01 -4.6151e+01 -4.6189e+01 -5.8014e+01
# New trial
-4.6141e+01 -4.6084e+01 -4.9375e+01 -1.0817e+02
-4.6139e+01 -4.6054e+01 -4.7044e+01 -7.4987e+01
-4.6148e+01 -4.6122e+01 -4.6318e+01 -5.8935e+01
-4.6151e+01 -4.6146e+01 -4.6132e+01 -4.6781e+01
# New trial
-4.6156e+01 -4.6279e+01 -5.3944e+01 -1.5489e+02
-4.6150e+01 -4.6188e+01 -5.0180e+01 -1.1037e+02
-4.6150e+01 -4.6149e+01 -4.7320e+01 -8.0207e+01
-4.6151e+01 -4.6154e+01 -4.6663e+01 -8.3612e+01
# New trial
-4.6100e+01 -4.5683e+01 -4.5420e+01 -6.8931e+01
-4.6116e+01 -4.5816e+01 -4.4517e+01 -4.6502e+01
-4.6146e+01 -4.6108e+01 -4.6177e+01 -6.5271e+01
-4.6151e+01 -4.6148e+01 -4.6185e+01 -5.5192e+01
# New trial
-4.6140e+01 -4.6141e+01 -5.2338e+01 -1.3778e+02
-4.6146e+01 -4.6176e+01 -4.9583e+01 -1.0244e+02
-4.6152e+01 -4.6176e+01 -4.7496e+01 -7.9296e+01
-4.6152e+01 -4.6160e+01 -4.6488e+01 -6.8750e+01
# New trial
-4.6100e+01 -4.5707e+01 -4.5099e+01 -5.6011e+01
-4.6125e+01 -4.5929e+01 -4.6374e+01 -7.2009e+01
-4.6146e+01 -4.6115e+01 -4.6949e+01 -7.5625e+01
-4.6150e+01 -4.6141e+01 -4.6180e+01 -5.8222e+01
# New trial
-4.6178e+01 -4.6446e+01 -5.1392e+01 -1.2353e+02
-4.6175e+01 -4.6420e+01 -5.0711e+01 -1.1147e+02
-4.6156e+01 -4.6211e+01 -4.7465e+01 -7.9866e+01
-4.6151e+01 -4.6148e+01 -4.6278e+01 -6.4579e+01
# New trial
-4.6164e+01 -4.6332e+01 -5.2045e+01 -1.3307e+02
-4.6158e+01 -4.6259e+01 -5.0409e+01 -1.1212e+02
-4.6146e+01 -4.6110e+01 -4.6682e+01 -7.6108e+01
-4.6151e+01 -4.6146e+01 -4.6211e+01 -6.1017e+01
# New trial
-4.6161e+01 -4.6273e+01 -4.9761e+01 -1.0288e+02
-4.6157e+01 -4.6226e+01 -4.8284e+01 -8.8848e+01
-4.6152e+01 -4.6157e+01 -4.6460e+01 -6.0582e+01
-4.6151e+01 -4.6149e+01 -4.6135e+01 -4.6511e+01
# New trial
-4.6176e+01 -4.6475e+01 -5.4581e+01 -1.6093e+02
-4.6156e+01 -4.6241e+01 -4.9300e+01 -1.0214e+02
-4.6145e+01 -4.6106e+01 -4.6208e+01 -5.8204e+01
-4.6150e+01 -4.6140e+01 -4.6162e+01 -5.6910e+01
# New trial
-4.6153e+01 -4.6188e+01 -5.0135e+01 -1.2051e+02
-4.6148e+01 -4.6127e+01 -4.6740e+01 -7.2194e+01
-4.6144e+01 -4.6085e+01 -4.5614e+01 -5.4902e+01
-4.6151e+01 -4.6146e+01 -4.6112e+01 -4.6340e+01
# New trial
-4.6187e+01 -4.6579e+01 -5.5044e+01 -1.5996e+02
-4.6191e+01 -4.6596e+01 -5.3111e+01 -1.3623e+02
-4.6156e+01 -4.6206e+01 -4.7344e+01 -7.6347e+01
-4.6152e+01 -4.6154e+01 -4.6208e+01 -5.3414e+01
# New trial
-4.6207e+01 -4.6772e+01 -5.5840e+01 -1.6585e+02
-4.6201e+01 -4.6691e+01 -5.3430e+01 -1.3777e+02
-4.6170e+01 -4.6347e+01 -4.9044e+01 -9.9177e+01
-4.6151e+01 -4.6153e+01 -4.6262e+01 -5.7376e+01
# New trial
-4.6101e+01 -4.5714e+01 -4.5621e+01 -6.3944e+01
-4.6136e+01 -4.6033e+01 -4.7571e+01 -8.2148e+01
-4.6149e+01 -4.6141e+01 -4.7755e+01 -8.8451e+01
-4.6150e+01 -4.6144e+01 -4.6158e+01 -5.4942e+01
# New trial
-4.6164e+01 -4.6292e+01 -4.8905e+01 -9.4148e+01
-4.6170e+01 -4.6349e+01 -4.8919e+01 -9.1468e+01
-4.6155e+01 -4.6190e+01 -4.6894e+01 -7.2128e+01
-4.6151e+01 -4.6151e+01 -4.6152e+01 -4.6979e+01
# New trial
-4.6157e+01 -4.6236e+01 -5.0011e+01 -1.1525e+02
-4.6150e+01 -4.6160e+01 -4.7895e+01 -8.5063e+01
-4.6149e+01 -4.6132e+01 -4.6507e+01 -7.0513e+01
-4.6151e+01 -4.6148e+01 -4.6160e+01 -5.2329e+01
# New trial
-4.6157e+01 -4.6373e+01 -5.4571e+01 -1.5411e+02
-4.6146e+01 -4.6179e+01 -4.9440e+01 -1.0159e+02
-4.6149e+01 -4.6145e+01 -4.6814e+01 -6.7890e+01
-4.6151e+01 -4.6152e+01 -4.6218e+01 -5.5968e+01
# New trial
-4.6108e+01 -4.5766e+01 -4.6643e+01 -7.4420e+01
-4.6114e+01 -4.5802e+01 -4.4385e+01 -5.0025e+01
-4.6137e+01 -4.6015e+01 -4.5411e+01 -6.0514e+01
-4.6150e+01 -4.6140e+01 -4.6119e+01 -4.7817e+01
# New trial
-4.6172e+01 -4.6381e+01 -5.1983e+01 -1.4267e+02
-4.6175e+01 -4.6408e+01 -5.0341e+01 -1.1156e+02
-4.6165e+01 -4.6292e+01 -4.8076e+01 -8.8959e+01
-4.6151e+01 -4.6151e+01 -4.6212e+01 -5.9722e+01
# New trial
