# 1.0sig - Array shape (trial/sig/alpha): (30, 4, 4)
-1.5684e+02 -1.5624e+02 -1.5309e+02 -2.3626e+02
-1.5681e+02 -1.5584e+02 -1.4755e+02 -1.5160e+02
-1.5670e+02 -1.5477e+02 -1.3755e+02 -1.2910e+02
-1.5658e+02 -1.5355e+02 -1.2984e+02 -1.2462e+02
# New trial
-1.5684e+02 -1.5622e+02 -1.5142e+02 -1.6159e+02
-1.5681e+02 -1.5589e+02 -1.4831e+02 -1.4342e+02
-1.5672e+02 -1.5495e+02 -1.3996e+02 -1.2472e+02
-1.5663e+02 -1.5411e+02 -1.3450e+02 -1.5644e+02
# New trial
-1.5686e+02 -1.5634e+02 -1.5232e+02 -1.7488e+02
-1.5682e+02 -1.5603e+02 -1.4887e+02 -1.3549e+02
-1.5675e+02 -1.5527e+02 -1.4165e+02 -1.3307e+02
-1.5671e+02 -1.5485e+02 -1.3813e+02 -1.3065e+02
# New trial
-1.5686e+02 -1.5637e+02 -1.5565e+02 -3.2325e+02
-1.5683e+02 -1.5604e+02 -1.5003e+02 -1.7109e+02
-1.5674e+02 -1.5518e+02 -1.4083e+02 -1.2461e+02
-1.5669e+02 -1.5470e+02 -1.3648e+02 -1.2461e+02
# New trial
-1.5680e+02 -1.5580e+02 -1.5093e+02 -2.6715e+02
-1.5676e+02 -1.5541e+02 -1.4515e+02 -1.9442e+02
-1.5668e+02 -1.5456e+02 -1.3681e+02 -1.2462e+02
-1.5663e+02 -1.5405e+02 -1.3286e+02 -1.2498e+02
# New trial
-1.5685e+02 -1.5629e+02 -1.5200e+02 -2.0377e+02
-1.5682e+02 -1.5603e+02 -1.4878e+02 -1.5140e+02
-1.5675e+02 -1.5532e+02 -1.4170e+02 -1.2461e+02
-1.5670e+02 -1.5482e+02 -1.3730e+02 -1.2461e+02
# New trial
-1.5689e+02 -1.5669e+02 -1.5574e+02 -2.2630e+02
-1.5687e+02 -1.5652e+02 -1.5318e+02 -1.6921e+02
-1.5684e+02 -1.5617e+02 -1.4968e+02 -1.3399e+02
-1.5681e+02 -1.5587e+02 -1.4676e+02 -1.3569e+02
# New trial
-1.5685e+02 -1.5630e+02 -1.5612e+02 -2.9032e+02
-1.5680e+02 -1.5580e+02 -1.4763e+02 -1.5186e+02
-1.5670e+02 -1.5482e+02 -1.3871e+02 -1.2566e+02
-1.5663e+02 -1.5405e+02 -1.3377e+02 -1.2806e+02
# New trial
-1.5678e+02 -1.5560e+02 -1.4965e+02 -2.5317e+02
-1.5670e+02 -1.5481e+02 -1.4275e+02 -1.9569e+02
-1.5653e+02 -1.5313e+02 -1.3001e+02 -1.2461e+02
-1.5645e+02 -1.5230e+02 -1.2663e+02 -1.2461e+02
# New trial
-1.5684e+02 -1.5619e+02 -1.5262e+02 -2.4234e+02
-1.5680e+02 -1.5577e+02 -1.4822e+02 -2.0470e+02
-1.5669e+02 -1.5464e+02 -1.3578e+02 -1.2461e+02
-1.5659e+02 -1.5367e+02 -1.3107e+02 -1.2461e+02
# New trial
-1.5682e+02 -1.5601e+02 -1.5077e+02 -2.2580e+02
-1.5678e+02 -1.5557e+02 -1.4652e+02 -1.8841e+02
-1.5666e+02 -1.5436e+02 -1.3598e+02 -1.4463e+02
-1.5655e+02 -1.5327e+02 -1.3374e+02 -1.8336e+02
# New trial
-1.5685e+02 -1.5632e+02 -1.5650e+02 -2.7497e+02
-1.5679e+02 -1.5572e+02 -1.4630e+02 -1.5505e+02
-1.5668e+02 -1.5462e+02 -1.3545e+02 -1.2461e+02
-1.5654e+02 -1.5323e+02 -1.2811e+02 -1.2461e+02
# New trial
-1.5688e+02 -1.5656e+02 -1.5736e+02 -3.1682e+02
-1.5682e+02 -1.5600e+02 -1.4932e+02 -1.5688e+02
-1.5673e+02 -1.5508e+02 -1.4034e+02 -1.2469e+02
-1.5669e+02 -1.5464e+02 -1.3635e+02 -1.2461e+02
# New trial
-1.5686e+02 -1.5652e+02 -1.6934e+02 -4.4979e+02
-1.5679e+02 -1.5575e+02 -1.5153e+02 -2.5039e+02
-1.5662e+02 -1.5403e+02 -1.3266e+02 -1.2461e+02
-1.5647e+02 -1.5248e+02 -1.2621e+02 -1.2461e+02
# New trial
-1.5686e+02 -1.5635e+02 -1.5423e+02 -2.8391e+02
-1.5683e+02 -1.5606e+02 -1.5004e+02 -1.7382e+02
-1.5675e+02 -1.5523e+02 -1.4100e+02 -1.2461e+02
-1.5669e+02 -1.5469e+02 -1.3657e+02 -1.2461e+02
# New trial
-1.5683e+02 -1.5624e+02 -1.6842e+02 -4.4062e+02
-1.5676e+02 -1.5546e+02 -1.5216e+02 -2.3035e+02
-1.5659e+02 -1.5371e+02 -1.3605e+02 -1.2734e+02
-1.5653e+02 -1.5309e+02 -1.3573e+02 -1.9669e+02
# New trial
-1.5682e+02 -1.5602e+02 -1.5064e+02 -1.9070e+02
-1.5677e+02 -1.5551e+02 -1.4577e+02 -1.6504e+02
-1.5663e+02 -1.5408e+02 -1.3436e+02 -1.2488e+02
-1.5652e+02 -1.5302e+02 -1.3063e+02 -1.4155e+02
# New trial
-1.5684e+02 -1.5620e+02 -1.5155e+02 -1.8256e+02
-1.5680e+02 -1.5583e+02 -1.4824e+02 -1.6095e+02
-1.5670e+02 -1.5482e+02 -1.3928e+02 -1.2488e+02
-1.5666e+02 -1.5443e+02 -1.3645e+02 -1.3391e+02
# New trial
-1.5684e+02 -1.5618e+02 -1.5629e+02 -2.9991e+02
-1.5680e+02 -1.5578e+02 -1.4988e+02 -2.0948e+02
-1.5669e+02 -1.5471e+02 -1.3699e+02 -1.2463e+02
-1.5661e+02 -1.5392e+02 -1.3125e+02 -1.2461e+02
# New trial
-1.5686e+02 -1.5638e+02 -1.5557e+02 -2.7443e+02
-1.5683e+02 -1.5612e+02 -1.4981e+02 -1.6295e+02
-1.5678e+02 -1.5554e+02 -1.4348e+02 -1.2461e+02
-1.5671e+02 -1.5490e+02 -1.3783e+02 -1.2461e+02
# New trial
-1.5684e+02 -1.5624e+02 -1.5759e+02 -2.9294e+02
-1.5678e+02 -1.5561e+02 -1.4737e+02 -1.5492e+02
-1.5670e+02 -1.5478e+02 -1.3979e+02 -1.2599e+02
-1.5671e+02 -1.5494e+02 -1.4016e+02 -1.6401e+02
# New trial
-1.5685e+02 -1.5632e+02 -1.5283e+02 -2.3686e+02
-1.5683e+02 -1.5607e+02 -1.4892e+02 -1.2829e+02
-1.5676e+02 -1.5538e+02 -1.4218e+02 -1.2463e+02
-1.5665e+02 -1.5424e+02 -1.3274e+02 -1.2461e+02
# New trial
-1.5683e+02 -1.5612e+02 -1.5507e+02 -2.7458e+02
-1.5677e+02 -1.5546e+02 -1.4621e+02 -1.8789e+02
-1.5666e+02 -1.5436e+02 -1.3650e+02 -1.2620e+02
-1.5660e+02 -1.5382e+02 -1.3163e+02 -1.2463e+02
# New trial
-1.5682e+02 -1.5606e+02 -1.5344e+02 -2.0375e+02
-1.5676e+02 -1.5539e+02 -1.4604e+02 -1.7021e+02
-1.5660e+02 -1.5385e+02 -1.3208e+02 -1.2461e+02
-1.5649e+02 -1.5271e+02 -1.2721e+02 -1.2461e+02
# New trial
-1.5684e+02 -1.5634e+02 -1.6560e+02 -4.0266e+02
-1.5677e+02 -1.5556e+02 -1.4871e+02 -1.7155e+02
-1.5662e+02 -1.5404e+02 -1.3328e+02 -1.2461e+02
-1.5654e+02 -1.5321e+02 -1.2834e+02 -1.2461e+02
# New trial
-1.5687e+02 -1.5649e+02 -1.5306e+02 -1.6430e+02
-1.5683e+02 -1.5610e+02 -1.4932e+02 -1.3516e+02
-1.5673e+02 -1.5509e+02 -1.3983e+02 -1.2461e+02
-1.5666e+02 -1.5433e+02 -1.3348e+02 -1.2461e+02
# New trial
-1.5684e+02 -1.5620e+02 -1.5518e+02 -2.9305e+02
-1.5681e+02 -1.5588e+02 -1.4978e+02 -1.8678e+02
-1.5672e+02 -1.5497e+02 -1.4004e+02 -1.2530e+02
-1.5664e+02 -1.5414e+02 -1.3294e+02 -1.2469e+02
# New trial
-1.5687e+02 -1.5651e+02 -1.6028e+02 -3.2730e+02
-1.5680e+02 -1.5584e+02 -1.5095e+02 -2.4009e+02
-1.5663e+02 -1.5409e+02 -1.3429e+02 -1.2571e+02
-1.5644e+02 -1.5223e+02 -1.2712e+02 -1.2462e+02
# New trial
-1.5686e+02 -1.5639e+02 -1.5328e+02 -2.1409e+02
-1.5682e+02 -1.5600e+02 -1.4903e+02 -1.7020e+02
-1.5671e+02 -1.5489e+02 -1.3880e+02 -1.2461e+02
-1.5663e+02 -1.5405e+02 -1.3338e+02 -1.3348e+02
# New trial
-1.5684e+02 -1.5615e+02 -1.5123e+02 -2.2825e+02
-1.5681e+02 -1.5587e+02 -1.4761e+02 -1.3849e+02
-1.5672e+02 -1.5502e+02 -1.3920e+02 -1.2467e+02
-1.5663e+02 -1.5405e+02 -1.3415e+02 -1.6021e+02
# New trial
