# 1.0sig - Array shape (trial/sig/alpha): (30L, 4L, 4L)
-6.9156e+01 -6.8752e+01 -8.9758e+01 -4.6230e+02
-6.9112e+01 -6.8230e+01 -7.4002e+01 -2.6660e+02
-6.9002e+01 -6.7023e+01 -5.3777e+01 -1.3806e+02
-6.8965e+01 -6.6625e+01 -5.0151e+01 -5.6802e+01
# New trial
-6.9067e+01 -6.7846e+01 -7.2250e+01 -2.8036e+02
-6.9042e+01 -6.7531e+01 -6.0815e+01 -9.0281e+01
-6.9045e+01 -6.7461e+01 -5.5045e+01 -7.9123e+01
-6.9119e+01 -6.8171e+01 -6.0249e+01 -1.5236e+02
# New trial
-6.9149e+01 -6.8552e+01 -7.3842e+01 -2.9862e+02
-6.9107e+01 -6.8105e+01 -6.4671e+01 -1.3526e+02
-6.9053e+01 -6.7528e+01 -5.5804e+01 -9.5752e+01
-6.9055e+01 -6.7521e+01 -5.4774e+01 -5.4990e+01
# New trial
-6.9113e+01 -6.8204e+01 -7.1956e+01 -3.0565e+02
-6.9082e+01 -6.7895e+01 -6.6021e+01 -1.9305e+02
-6.9052e+01 -6.7523e+01 -5.6411e+01 -9.2503e+01
-6.9056e+01 -6.7526e+01 -5.5115e+01 -8.1875e+01
# New trial
-6.9135e+01 -6.8662e+01 -9.6473e+01 -5.4929e+02
-6.9076e+01 -6.7886e+01 -7.1673e+01 -3.2293e+02
-6.9013e+01 -6.7140e+01 -5.4997e+01 -1.3401e+02
-6.9053e+01 -6.7493e+01 -5.4900e+01 -5.6543e+01
# New trial
-6.9094e+01 -6.8027e+01 -7.2896e+01 -3.1889e+02
-6.9088e+01 -6.7935e+01 -6.4360e+01 -1.7329e+02
-6.9062e+01 -6.7610e+01 -5.6211e+01 -9.6074e+01
-6.9100e+01 -6.7964e+01 -5.7392e+01 -8.1983e+01
# New trial
-6.9189e+01 -6.8931e+01 -7.7083e+01 -3.3910e+02
-6.9158e+01 -6.8569e+01 -6.5246e+01 -1.4389e+02
-6.9134e+01 -6.8304e+01 -6.0802e+01 -6.5322e+01
-6.9157e+01 -6.8532e+01 -6.2516e+01 -4.7587e+01
# New trial
-6.9111e+01 -6.8286e+01 -8.2858e+01 -4.1445e+02
-6.9072e+01 -6.7800e+01 -6.5877e+01 -2.0361e+02
-6.9010e+01 -6.7115e+01 -5.3892e+01 -1.0947e+02
-6.9076e+01 -6.7735e+01 -5.7282e+01 -9.2757e+01
# New trial
-6.9092e+01 -6.8605e+01 -9.6421e+01 -5.2302e+02
-6.8987e+01 -6.7333e+01 -8.0117e+01 -3.7274e+02
-6.8854e+01 -6.5698e+01 -6.0680e+01 -2.5135e+02
-6.9001e+01 -6.7026e+01 -5.9206e+01 -2.2080e+02
# New trial
-6.9129e+01 -6.8420e+01 -7.6665e+01 -3.3663e+02
-6.9082e+01 -6.7922e+01 -7.0205e+01 -2.6389e+02
-6.8988e+01 -6.6894e+01 -5.4234e+01 -1.1558e+02
-6.8969e+01 -6.6664e+01 -5.1910e+01 -6.7482e+01
# New trial
-6.9039e+01 -6.7780e+01 -8.3265e+01 -4.1631e+02
-6.8998e+01 -6.7242e+01 -7.3169e+01 -3.3620e+02
-6.8955e+01 -6.6565e+01 -5.0896e+01 -8.7101e+01
-6.9047e+01 -6.7442e+01 -5.3800e+01 -4.8740e+01
# New trial
-6.9126e+01 -6.8524e+01 -9.3207e+01 -5.2664e+02
-6.9075e+01 -6.7836e+01 -6.8802e+01 -2.5364e+02
-6.8988e+01 -6.6878e+01 -5.2967e+01 -1.5116e+02
-6.8963e+01 -6.6610e+01 -5.4736e+01 -1.9812e+02
# New trial
-6.9066e+01 -6.7939e+01 -8.4773e+01 -4.3720e+02
-6.9033e+01 -6.7450e+01 -6.4268e+01 -1.7485e+02
-6.9039e+01 -6.7395e+01 -5.5830e+01 -1.0966e+02
-6.9098e+01 -6.7951e+01 -5.9092e+01 -1.3619e+02
# New trial
-6.9090e+01 -6.8428e+01 -1.1572e+02 -7.8362e+02
-6.9027e+01 -6.7560e+01 -7.8840e+01 -3.7359e+02
-6.8934e+01 -6.6388e+01 -4.9737e+01 -1.1557e+02
-6.9059e+01 -6.7566e+01 -5.4391e+01 -4.8355e+01
# New trial
-6.9101e+01 -6.8203e+01 -8.2483e+01 -4.5015e+02
-6.9072e+01 -6.7813e+01 -6.6295e+01 -1.6567e+02
-6.9053e+01 -6.7529e+01 -5.5747e+01 -7.8869e+01
-6.9101e+01 -6.7978e+01 -5.7641e+01 -5.0971e+01
# New trial
-6.9047e+01 -6.8188e+01 -1.0703e+02 -6.7019e+02
-6.9005e+01 -6.7517e+01 -7.7887e+01 -3.2584e+02
-6.8947e+01 -6.6539e+01 -5.4244e+01 -1.4822e+02
-6.9033e+01 -6.7309e+01 -5.9383e+01 -1.9240e+02
# New trial
-6.9070e+01 -6.7941e+01 -7.5964e+01 -3.0509e+02
-6.9016e+01 -6.7370e+01 -7.0282e+01 -2.8400e+02
-6.8914e+01 -6.6245e+01 -5.7819e+01 -2.0236e+02
-6.9069e+01 -6.7667e+01 -5.8184e+01 -1.2536e+02
# New trial
-6.9104e+01 -6.8236e+01 -7.6589e+01 -3.0644e+02
-6.9073e+01 -6.7896e+01 -7.0956e+01 -2.4690e+02
-6.9009e+01 -6.7118e+01 -5.5120e+01 -1.2450e+02
-6.9051e+01 -6.7483e+01 -5.6058e+01 -1.2410e+02
# New trial
-6.9030e+01 -6.7600e+01 -8.5654e+01 -4.4616e+02
-6.9057e+01 -6.7739e+01 -7.3989e+01 -2.9555e+02
-6.9002e+01 -6.7028e+01 -5.3525e+01 -1.3039e+02
-6.8972e+01 -6.6691e+01 -5.1655e+01 -1.1143e+02
# New trial
-6.9192e+01 -6.9038e+01 -8.6464e+01 -4.4593e+02
-6.9162e+01 -6.8671e+01 -7.3493e+01 -2.9724e+02
-6.9092e+01 -6.7903e+01 -5.9034e+01 -1.2235e+02
-6.9093e+01 -6.7892e+01 -5.6653e+01 -6.6938e+01
# New trial
-6.9047e+01 -6.7952e+01 -9.6649e+01 -5.3836e+02
-6.8986e+01 -6.7058e+01 -6.3613e+01 -1.8730e+02
-6.9046e+01 -6.7498e+01 -5.7058e+01 -9.5540e+01
-6.9175e+01 -6.8723e+01 -6.4831e+01 -1.1416e+02
# New trial
-6.9093e+01 -6.8050e+01 -8.1773e+01 -4.4452e+02
-6.9093e+01 -6.7941e+01 -6.2562e+01 -1.3019e+02
-6.9053e+01 -6.7503e+01 -5.4755e+01 -8.8898e+01
-6.9091e+01 -6.7870e+01 -5.7188e+01 -8.9054e+01
# New trial
-6.9183e+01 -6.9312e+01 -1.0419e+02 -6.0880e+02
-6.9082e+01 -6.8078e+01 -7.5979e+01 -3.1265e+02
-6.9004e+01 -6.7080e+01 -5.4175e+01 -1.0623e+02
-6.9087e+01 -6.7838e+01 -5.7513e+01 -6.4463e+01
# New trial
-6.9105e+01 -6.8571e+01 -9.3959e+01 -4.9400e+02
-6.9041e+01 -6.7709e+01 -7.2371e+01 -2.7888e+02
-6.8940e+01 -6.6455e+01 -5.1245e+01 -1.1045e+02
-6.8887e+01 -6.5858e+01 -4.9313e+01 -5.1223e+01
# New trial
-6.9173e+01 -6.9270e+01 -1.1051e+02 -6.9925e+02
-6.9111e+01 -6.8380e+01 -7.9887e+01 -3.4100e+02
-6.8954e+01 -6.6595e+01 -5.3622e+01 -1.4700e+02
-6.9034e+01 -6.7312e+01 -5.5271e+01 -9.2300e+01
# New trial
-6.9098e+01 -6.8014e+01 -6.4502e+01 -1.6611e+02
-6.9062e+01 -6.7647e+01 -5.9278e+01 -1.1478e+02
-6.9016e+01 -6.7158e+01 -5.3537e+01 -1.1104e+02
-6.9112e+01 -6.8094e+01 -5.9845e+01 -1.1897e+02
# New trial
-6.9099e+01 -6.8144e+01 -8.1773e+01 -4.3630e+02
-6.9099e+01 -6.8072e+01 -6.9723e+01 -2.3444e+02
-6.9052e+01 -6.7534e+01 -5.6937e+01 -9.3723e+01
-6.9089e+01 -6.7864e+01 -5.7705e+01 -5.5290e+01
# New trial
-6.9088e+01 -6.8841e+01 -1.0692e+02 -6.6100e+02
-6.9067e+01 -6.8077e+01 -7.7775e+01 -3.2152e+02
-6.8975e+01 -6.6808e+01 -5.4169e+01 -1.4173e+02
-6.9000e+01 -6.6975e+01 -5.2609e+01 -6.7785e+01
# New trial
-6.9079e+01 -6.8021e+01 -7.7849e+01 -3.2813e+02
-6.9014e+01 -6.7258e+01 -6.0722e+01 -1.2681e+02
-6.8989e+01 -6.6931e+01 -5.2895e+01 -9.9458e+01
-6.9083e+01 -6.7809e+01 -5.7724e+01 -9.6394e+01
# New trial
-6.9086e+01 -6.8056e+01 -8.4263e+01 -4.7982e+02
-6.9098e+01 -6.8086e+01 -7.0803e+01 -2.5384e+02
-6.9049e+01 -6.7498e+01 -5.7331e+01 -1.4147e+02
-6.9041e+01 -6.7375e+01 -5.4434e+01 -7.1735e+01
# New trial
