# 1.0sig - Array shape (trial/sig/alpha): (30, 4, 4)
-1.2455e+02 -1.2405e+02 -1.2161e+02 -1.7208e+02
-1.2453e+02 -1.2380e+02 -1.1799e+02 -1.1950e+02
-1.2446e+02 -1.2314e+02 -1.1214e+02 -1.0697e+02
-1.2440e+02 -1.2253e+02 -1.0900e+02 -1.0619e+02
# New trial
-1.2457e+02 -1.2419e+02 -1.2152e+02 -1.3736e+02
-1.2455e+02 -1.2401e+02 -1.1983e+02 -1.1713e+02
-1.2449e+02 -1.2339e+02 -1.1386e+02 -1.0615e+02
-1.2445e+02 -1.2304e+02 -1.1140e+02 -1.0632e+02
# New trial
-1.2457e+02 -1.2421e+02 -1.2141e+02 -1.4345e+02
-1.2455e+02 -1.2401e+02 -1.1926e+02 -1.0970e+02
-1.2449e+02 -1.2347e+02 -1.1402e+02 -1.0615e+02
-1.2445e+02 -1.2298e+02 -1.1054e+02 -1.0615e+02
# New trial
-1.2457e+02 -1.2423e+02 -1.2362e+02 -2.1390e+02
-1.2455e+02 -1.2402e+02 -1.2041e+02 -1.3966e+02
-1.2450e+02 -1.2354e+02 -1.1515e+02 -1.0632e+02
-1.2448e+02 -1.2335e+02 -1.1382e+02 -1.2553e+02
# New trial
-1.2454e+02 -1.2397e+02 -1.2310e+02 -2.1066e+02
-1.2452e+02 -1.2371e+02 -1.1815e+02 -1.5417e+02
-1.2447e+02 -1.2319e+02 -1.1223e+02 -1.0615e+02
-1.2443e+02 -1.2280e+02 -1.1069e+02 -1.2246e+02
# New trial
-1.2457e+02 -1.2424e+02 -1.2353e+02 -2.1799e+02
-1.2455e+02 -1.2405e+02 -1.1982e+02 -1.2502e+02
-1.2450e+02 -1.2354e+02 -1.1478e+02 -1.0629e+02
-1.2445e+02 -1.2300e+02 -1.1163e+02 -1.1921e+02
# New trial
-1.2460e+02 -1.2454e+02 -1.2463e+02 -1.7335e+02
-1.2459e+02 -1.2439e+02 -1.2253e+02 -1.2060e+02
-1.2456e+02 -1.2415e+02 -1.2024e+02 -1.1592e+02
-1.2456e+02 -1.2408e+02 -1.1966e+02 -1.2750e+02
# New trial
-1.2456e+02 -1.2421e+02 -1.2596e+02 -2.1794e+02
-1.2454e+02 -1.2393e+02 -1.2083e+02 -1.6459e+02
-1.2448e+02 -1.2330e+02 -1.1361e+02 -1.0724e+02
-1.2444e+02 -1.2292e+02 -1.1044e+02 -1.0648e+02
# New trial
-1.2454e+02 -1.2394e+02 -1.2358e+02 -2.1142e+02
-1.2449e+02 -1.2344e+02 -1.1916e+02 -1.6842e+02
-1.2438e+02 -1.2232e+02 -1.1022e+02 -1.0622e+02
-1.2432e+02 -1.2177e+02 -1.1044e+02 -1.3945e+02
# New trial
-1.2455e+02 -1.2406e+02 -1.2043e+02 -1.3988e+02
-1.2453e+02 -1.2381e+02 -1.1803e+02 -1.2694e+02
-1.2447e+02 -1.2319e+02 -1.1178e+02 -1.0615e+02
-1.2443e+02 -1.2279e+02 -1.0925e+02 -1.0615e+02
# New trial
-1.2453e+02 -1.2386e+02 -1.2006e+02 -1.5732e+02
-1.2450e+02 -1.2360e+02 -1.1708e+02 -1.1945e+02
-1.2443e+02 -1.2286e+02 -1.1058e+02 -1.0615e+02
-1.2440e+02 -1.2257e+02 -1.1189e+02 -1.4737e+02
# New trial
-1.2455e+02 -1.2411e+02 -1.2507e+02 -2.1870e+02
-1.2452e+02 -1.2377e+02 -1.1766e+02 -1.2567e+02
-1.2447e+02 -1.2318e+02 -1.1223e+02 -1.0622e+02
-1.2442e+02 -1.2274e+02 -1.1049e+02 -1.1741e+02
# New trial
-1.2458e+02 -1.2434e+02 -1.2571e+02 -2.4085e+02
-1.2455e+02 -1.2404e+02 -1.2035e+02 -1.3800e+02
-1.2450e+02 -1.2354e+02 -1.1538e+02 -1.0825e+02
-1.2448e+02 -1.2332e+02 -1.1398e+02 -1.3010e+02
# New trial
-1.2454e+02 -1.2401e+02 -1.3205e+02 -2.9590e+02
-1.2450e+02 -1.2360e+02 -1.1976e+02 -1.6587e+02
-1.2444e+02 -1.2297e+02 -1.1107e+02 -1.0615e+02
-1.2446e+02 -1.2317e+02 -1.1643e+02 -1.9566e+02
# New trial
-1.2457e+02 -1.2428e+02 -1.2417e+02 -2.1871e+02
-1.2455e+02 -1.2408e+02 -1.2093e+02 -1.4656e+02
-1.2451e+02 -1.2360e+02 -1.1538e+02 -1.0623e+02
-1.2448e+02 -1.2331e+02 -1.1276e+02 -1.0615e+02
# New trial
-1.2454e+02 -1.2406e+02 -1.3015e+02 -2.9508e+02
-1.2450e+02 -1.2364e+02 -1.2142e+02 -1.5603e+02
-1.2442e+02 -1.2275e+02 -1.1164e+02 -1.0631e+02
-1.2443e+02 -1.2283e+02 -1.1094e+02 -1.0615e+02
# New trial
-1.2455e+02 -1.2407e+02 -1.2170e+02 -1.5765e+02
-1.2452e+02 -1.2373e+02 -1.1840e+02 -1.4416e+02
-1.2442e+02 -1.2278e+02 -1.0942e+02 -1.0615e+02
-1.2440e+02 -1.2250e+02 -1.0847e+02 -1.0615e+02
# New trial
-1.2456e+02 -1.2413e+02 -1.2164e+02 -1.5234e+02
-1.2454e+02 -1.2390e+02 -1.1950e+02 -1.3091e+02
-1.2448e+02 -1.2334e+02 -1.1356e+02 -1.0615e+02
-1.2448e+02 -1.2331e+02 -1.1465e+02 -1.5407e+02
# New trial
-1.2457e+02 -1.2428e+02 -1.2786e+02 -2.4957e+02
-1.2455e+02 -1.2403e+02 -1.2297e+02 -1.8239e+02
-1.2448e+02 -1.2329e+02 -1.1295e+02 -1.0615e+02
-1.2441e+02 -1.2267e+02 -1.0942e+02 -1.0615e+02
# New trial
-1.2457e+02 -1.2423e+02 -1.2387e+02 -2.0877e+02
-1.2456e+02 -1.2409e+02 -1.2026e+02 -1.4281e+02
-1.2452e+02 -1.2370e+02 -1.1614e+02 -1.0697e+02
-1.2448e+02 -1.2328e+02 -1.1264e+02 -1.0620e+02
# New trial
-1.2456e+02 -1.2414e+02 -1.2698e+02 -2.2112e+02
-1.2451e+02 -1.2367e+02 -1.1769e+02 -1.1900e+02
-1.2447e+02 -1.2326e+02 -1.1354e+02 -1.0618e+02
-1.2451e+02 -1.2362e+02 -1.1574e+02 -1.2565e+02
# New trial
-1.2456e+02 -1.2418e+02 -1.2275e+02 -2.0434e+02
-1.2455e+02 -1.2402e+02 -1.1907e+02 -1.0797e+02
-1.2451e+02 -1.2361e+02 -1.1519e+02 -1.0615e+02
-1.2447e+02 -1.2324e+02 -1.1213e+02 -1.0615e+02
# New trial
-1.2455e+02 -1.2410e+02 -1.2521e+02 -2.0888e+02
-1.2451e+02 -1.2364e+02 -1.1761e+02 -1.4401e+02
-1.2445e+02 -1.2307e+02 -1.1280e+02 -1.0647e+02
-1.2446e+02 -1.2317e+02 -1.1417e+02 -1.5165e+02
# New trial
-1.2455e+02 -1.2405e+02 -1.2334e+02 -1.6042e+02
-1.2450e+02 -1.2358e+02 -1.1776e+02 -1.2268e+02
-1.2440e+02 -1.2258e+02 -1.0856e+02 -1.0615e+02
-1.2434e+02 -1.2197e+02 -1.0766e+02 -1.0615e+02
# New trial
-1.2456e+02 -1.2419e+02 -1.3275e+02 -3.0308e+02
-1.2451e+02 -1.2368e+02 -1.1944e+02 -1.4351e+02
-1.2442e+02 -1.2276e+02 -1.1120e+02 -1.0763e+02
-1.2436e+02 -1.2214e+02 -1.0909e+02 -1.1453e+02
# New trial
-1.2457e+02 -1.2427e+02 -1.2159e+02 -1.2283e+02
-1.2455e+02 -1.2400e+02 -1.1912e+02 -1.1198e+02
-1.2449e+02 -1.2342e+02 -1.1406e+02 -1.0616e+02
-1.2446e+02 -1.2309e+02 -1.1116e+02 -1.0616e+02
# New trial
-1.2455e+02 -1.2403e+02 -1.2304e+02 -2.1189e+02
-1.2453e+02 -1.2385e+02 -1.1904e+02 -1.4074e+02
-1.2449e+02 -1.2340e+02 -1.1390e+02 -1.0616e+02
-1.2447e+02 -1.2328e+02 -1.1259e+02 -1.0615e+02
# New trial
-1.2458e+02 -1.2438e+02 -1.2809e+02 -2.4916e+02
-1.2454e+02 -1.2397e+02 -1.2215e+02 -1.7465e+02
-1.2446e+02 -1.2316e+02 -1.1452e+02 -1.3806e+02
-1.2443e+02 -1.2285e+02 -1.1806e+02 -2.0307e+02
# New trial
-1.2457e+02 -1.2422e+02 -1.2249e+02 -1.6507e+02
-1.2454e+02 -1.2395e+02 -1.1946e+02 -1.3956e+02
-1.2448e+02 -1.2331e+02 -1.1375e+02 -1.0616e+02
-1.2445e+02 -1.2299e+02 -1.1068e+02 -1.0615e+02
# New trial
-1.2456e+02 -1.2418e+02 -1.2234e+02 -1.9169e+02
-1.2455e+02 -1.2399e+02 -1.1956e+02 -1.3216e+02
-1.2449e+02 -1.2346e+02 -1.1411e+02 -1.0812e+02
-1.2445e+02 -1.2306e+02 -1.1133e+02 -1.0615e+02
# New trial
