# 1.0sig - Array shape (trial/sig/alpha): (30, 4, 4)
-1.3359e+02 -1.3151e+02 -1.3252e+02 -4.8000e+02
-1.3347e+02 -1.3023e+02 -1.0985e+02 -1.5908e+02
-1.3315e+02 -1.2700e+02 -7.5557e+01 -5.5383e+01
-1.3287e+02 -1.2423e+02 -6.4133e+01 -5.5381e+01
# New trial
-1.3364e+02 -1.3191e+02 -1.2401e+02 -2.9282e+02
-1.3356e+02 -1.3112e+02 -1.1439e+02 -1.1962e+02
-1.3329e+02 -1.2850e+02 -8.8868e+01 -5.6417e+01
-1.3319e+02 -1.2743e+02 -7.9558e+01 -5.8107e+01
# New trial
-1.3362e+02 -1.3176e+02 -1.2024e+02 -3.2574e+02
-1.3354e+02 -1.3095e+02 -1.1089e+02 -9.4821e+01
-1.3331e+02 -1.2856e+02 -8.7249e+01 -5.5742e+01
-1.3309e+02 -1.2640e+02 -7.2697e+01 -5.5381e+01
# New trial
-1.3365e+02 -1.3207e+02 -1.3859e+02 -7.0956e+02
-1.3357e+02 -1.3123e+02 -1.1929e+02 -2.6776e+02
-1.3336e+02 -1.2912e+02 -9.2202e+01 -5.5385e+01
-1.3328e+02 -1.2829e+02 -8.5430e+01 -9.7457e+01
# New trial
-1.3351e+02 -1.3085e+02 -1.4054e+02 -6.1443e+02
-1.3339e+02 -1.2946e+02 -1.0475e+02 -2.1025e+02
-1.3316e+02 -1.2715e+02 -7.6360e+01 -5.5381e+01
-1.3310e+02 -1.2651e+02 -7.3590e+01 -5.5381e+01
# New trial
-1.3366e+02 -1.3218e+02 -1.3583e+02 -6.1212e+02
-1.3357e+02 -1.3119e+02 -1.1404e+02 -2.0956e+02
-1.3334e+02 -1.2888e+02 -8.8741e+01 -5.5446e+01
-1.3319e+02 -1.2739e+02 -7.7567e+01 -5.5381e+01
# New trial
-1.3374e+02 -1.3288e+02 -1.3249e+02 -4.1057e+02
-1.3367e+02 -1.3220e+02 -1.1900e+02 -1.4601e+02
-1.3358e+02 -1.3126e+02 -1.0895e+02 -7.0535e+01
-1.3358e+02 -1.3131e+02 -1.1031e+02 -2.0878e+02
# New trial
-1.3363e+02 -1.3201e+02 -1.4688e+02 -6.5952e+02
-1.3348e+02 -1.3043e+02 -1.1590e+02 -3.8919e+02
-1.3321e+02 -1.2765e+02 -8.1897e+01 -5.5823e+01
-1.3316e+02 -1.2706e+02 -7.6726e+01 -5.6092e+01
# New trial
-1.3347e+02 -1.3058e+02 -1.3570e+02 -5.0551e+02
-1.3321e+02 -1.2791e+02 -1.0992e+02 -3.2724e+02
-1.3267e+02 -1.2234e+02 -6.3801e+01 -5.5412e+01
-1.3260e+02 -1.2158e+02 -5.9543e+01 -5.5381e+01
# New trial
-1.3362e+02 -1.3181e+02 -1.3013e+02 -4.4915e+02
-1.3350e+02 -1.3058e+02 -1.1755e+02 -3.4288e+02
-1.3318e+02 -1.2736e+02 -8.1677e+01 -5.6332e+01
-1.3298e+02 -1.2528e+02 -7.1883e+01 -7.5689e+01
# New trial
-1.3350e+02 -1.3071e+02 -1.2380e+02 -4.0855e+02
-1.3337e+02 -1.2937e+02 -1.1001e+02 -2.5401e+02
-1.3304e+02 -1.2595e+02 -7.4757e+01 -5.5388e+01
-1.3295e+02 -1.2500e+02 -6.9364e+01 -5.6197e+01
# New trial
-1.3362e+02 -1.3186e+02 -1.4448e+02 -6.7214e+02
-1.3347e+02 -1.3030e+02 -1.1034e+02 -2.1200e+02
-1.3316e+02 -1.2711e+02 -7.9567e+01 -5.5401e+01
-1.3287e+02 -1.2418e+02 -6.6938e+01 -6.6157e+01
# New trial
-1.3367e+02 -1.3243e+02 -1.5076e+02 -7.4875e+02
-1.3352e+02 -1.3075e+02 -1.1627e+02 -2.6434e+02
-1.3330e+02 -1.2852e+02 -8.8623e+01 -5.5671e+01
-1.3327e+02 -1.2820e+02 -8.4205e+01 -5.5411e+01
# New trial
-1.3359e+02 -1.3189e+02 -1.8571e+02 -1.1315e+03
-1.3341e+02 -1.2979e+02 -1.2592e+02 -4.3692e+02
-1.3305e+02 -1.2606e+02 -7.6595e+01 -5.6389e+01
-1.3298e+02 -1.2535e+02 -7.9522e+01 -1.8715e+02
# New trial
-1.3368e+02 -1.3248e+02 -1.4647e+02 -6.7873e+02
-1.3358e+02 -1.3133e+02 -1.2047e+02 -2.5711e+02
-1.3334e+02 -1.2893e+02 -8.9492e+01 -5.5381e+01
-1.3323e+02 -1.2778e+02 -8.0268e+01 -5.5381e+01
# New trial
-1.3346e+02 -1.3088e+02 -1.7665e+02 -1.0294e+03
-1.3329e+02 -1.2898e+02 -1.2874e+02 -4.3617e+02
-1.3292e+02 -1.2486e+02 -7.2558e+01 -5.5531e+01
-1.3296e+02 -1.2517e+02 -9.6106e+01 -3.9801e+02
# New trial
-1.3355e+02 -1.3114e+02 -1.2173e+02 -2.8093e+02
-1.3339e+02 -1.2945e+02 -1.0654e+02 -2.4842e+02
-1.3295e+02 -1.2512e+02 -7.2289e+01 -5.5499e+01
-1.3289e+02 -1.2443e+02 -6.5616e+01 -5.5382e+01
# New trial
-1.3360e+02 -1.3159e+02 -1.2675e+02 -3.4127e+02
-1.3348e+02 -1.3045e+02 -1.1620e+02 -2.4492e+02
-1.3320e+02 -1.2758e+02 -8.4166e+01 -6.4443e+01
-1.3318e+02 -1.2728e+02 -8.1659e+01 -9.7191e+01
# New trial
-1.3363e+02 -1.3201e+02 -1.5366e+02 -7.7472e+02
-1.3351e+02 -1.3079e+02 -1.2891e+02 -4.3186e+02
-1.3319e+02 -1.2741e+02 -8.0103e+01 -5.5928e+01
-1.3299e+02 -1.2537e+02 -7.6479e+01 -1.7003e+02
# New trial
-1.3366e+02 -1.3217e+02 -1.3547e+02 -5.8039e+02
-1.3359e+02 -1.3144e+02 -1.1834e+02 -2.7950e+02
-1.3341e+02 -1.2958e+02 -9.4114e+01 -5.5467e+01
-1.3326e+02 -1.2812e+02 -8.2350e+01 -5.5382e+01
# New trial
-1.3356e+02 -1.3137e+02 -1.4746e+02 -6.5737e+02
-1.3336e+02 -1.2931e+02 -1.0651e+02 -2.0402e+02
-1.3321e+02 -1.2769e+02 -8.3978e+01 -5.6128e+01
-1.3346e+02 -1.3006e+02 -9.9779e+01 -1.5439e+02
# New trial
-1.3362e+02 -1.3177e+02 -1.3429e+02 -5.8709e+02
-1.3354e+02 -1.3087e+02 -1.0871e+02 -8.2426e+01
-1.3335e+02 -1.2898e+02 -8.8904e+01 -5.5418e+01
-1.3322e+02 -1.2767e+02 -7.8932e+01 -5.5953e+01
# New trial
-1.3360e+02 -1.3181e+02 -1.4800e+02 -6.3129e+02
-1.3339e+02 -1.2960e+02 -1.1197e+02 -2.8081e+02
-1.3312e+02 -1.2677e+02 -8.1152e+01 -5.6717e+01
-1.3318e+02 -1.2736e+02 -8.2267e+01 -1.1037e+02
# New trial
-1.3360e+02 -1.3184e+02 -1.4145e+02 -4.5639e+02
-1.3339e+02 -1.2959e+02 -1.1328e+02 -2.1336e+02
-1.3294e+02 -1.2503e+02 -7.2036e+01 -5.5709e+01
-1.3269e+02 -1.2250e+02 -7.4912e+01 -1.8136e+02
# New trial
-1.3371e+02 -1.3339e+02 -1.9626e+02 -1.1614e+03
-1.3348e+02 -1.3057e+02 -1.2954e+02 -3.7713e+02
-1.3302e+02 -1.2574e+02 -7.0868e+01 -5.5385e+01
-1.3292e+02 -1.2475e+02 -6.8473e+01 -5.6844e+01
# New trial
-1.3367e+02 -1.3218e+02 -1.2108e+02 -1.8766e+02
-1.3354e+02 -1.3092e+02 -1.0912e+02 -8.0677e+01
-1.3328e+02 -1.2835e+02 -8.6405e+01 -5.5982e+01
-1.3325e+02 -1.2802e+02 -8.3115e+01 -7.2133e+01
# New trial
-1.3358e+02 -1.3135e+02 -1.3371e+02 -6.2358e+02
-1.3350e+02 -1.3059e+02 -1.1327e+02 -2.2337e+02
-1.3330e+02 -1.2846e+02 -8.7706e+01 -5.6023e+01
-1.3319e+02 -1.2738e+02 -8.1553e+01 -1.3631e+02
# New trial
-1.3363e+02 -1.3228e+02 -1.5612e+02 -8.0737e+02
-1.3345e+02 -1.3028e+02 -1.2046e+02 -3.9110e+02
-1.3304e+02 -1.2593e+02 -7.1609e+01 -6.7416e+01
-1.3288e+02 -1.2429e+02 -6.7165e+01 -6.1550e+01
# New trial
-1.3364e+02 -1.3191e+02 -1.2409e+02 -3.3331e+02
-1.3351e+02 -1.3063e+02 -1.1149e+02 -2.0138e+02
-1.3322e+02 -1.2777e+02 -8.2872e+01 -5.5864e+01
-1.3319e+02 -1.2743e+02 -8.2166e+01 -1.2803e+02
# New trial
-1.3360e+02 -1.3153e+02 -1.3029e+02 -4.9896e+02
-1.3351e+02 -1.3068e+02 -1.1262e+02 -2.2105e+02
-1.3329e+02 -1.2838e+02 -8.6467e+01 -6.8493e+01
-1.3313e+02 -1.2678e+02 -8.0495e+01 -1.5368e+02
# New trial
