# 1.0sig - Array shape (trial/sig/alpha): (30, 4, 4)
-1.7062e+02 -1.6939e+02 -1.6199e+02 -2.8137e+02
-1.7055e+02 -1.6866e+02 -1.5286e+02 -1.9302e+02
-1.7035e+02 -1.6664e+02 -1.3354e+02 -1.1134e+02
-1.7010e+02 -1.6416e+02 -1.1860e+02 -1.1076e+02
# New trial
-1.7063e+02 -1.6951e+02 -1.6121e+02 -1.8783e+02
-1.7056e+02 -1.6879e+02 -1.5416e+02 -1.3393e+02
-1.7038e+02 -1.6695e+02 -1.3658e+02 -1.1077e+02
-1.7025e+02 -1.6563e+02 -1.2572e+02 -1.1076e+02
# New trial
-1.7065e+02 -1.6965e+02 -1.6219e+02 -2.4684e+02
-1.7059e+02 -1.6910e+02 -1.5580e+02 -1.2866e+02
-1.7044e+02 -1.6758e+02 -1.4122e+02 -1.1442e+02
-1.7032e+02 -1.6636e+02 -1.3131e+02 -1.1289e+02
# New trial
-1.7063e+02 -1.6946e+02 -1.6395e+02 -4.4290e+02
-1.7057e+02 -1.6887e+02 -1.5514e+02 -1.9310e+02
-1.7042e+02 -1.6743e+02 -1.4001e+02 -1.1077e+02
-1.7034e+02 -1.6654e+02 -1.3218e+02 -1.1076e+02
# New trial
-1.7057e+02 -1.6896e+02 -1.6518e+02 -4.1423e+02
-1.7049e+02 -1.6810e+02 -1.4888e+02 -1.7044e+02
-1.7032e+02 -1.6642e+02 -1.3339e+02 -1.1587e+02
-1.7022e+02 -1.6536e+02 -1.3260e+02 -2.1550e+02
# New trial
-1.7065e+02 -1.6965e+02 -1.6525e+02 -4.1288e+02
-1.7059e+02 -1.6912e+02 -1.5592e+02 -1.8722e+02
-1.7045e+02 -1.6770e+02 -1.4155e+02 -1.1076e+02
-1.7033e+02 -1.6651e+02 -1.3134e+02 -1.1076e+02
# New trial
-1.7072e+02 -1.7034e+02 -1.6856e+02 -2.8388e+02
-1.7068e+02 -1.7000e+02 -1.6350e+02 -1.8647e+02
-1.7062e+02 -1.6934e+02 -1.5698e+02 -1.3024e+02
-1.7057e+02 -1.6887e+02 -1.5272e+02 -1.7563e+02
# New trial
-1.7063e+02 -1.6952e+02 -1.6845e+02 -4.1622e+02
-1.7054e+02 -1.6861e+02 -1.5326e+02 -1.7150e+02
-1.7035e+02 -1.6674e+02 -1.3505e+02 -1.1118e+02
-1.7022e+02 -1.6544e+02 -1.2883e+02 -1.7338e+02
# New trial
-1.7052e+02 -1.6847e+02 -1.5755e+02 -2.5204e+02
-1.7038e+02 -1.6700e+02 -1.4230e+02 -1.8107e+02
-1.7006e+02 -1.6381e+02 -1.2324e+02 -1.1077e+02
-1.6989e+02 -1.6221e+02 -1.2562e+02 -2.2006e+02
# New trial
-1.7063e+02 -1.6952e+02 -1.6284e+02 -3.1899e+02
-1.7056e+02 -1.6878e+02 -1.5524e+02 -2.2073e+02
-1.7035e+02 -1.6673e+02 -1.3400e+02 -1.1076e+02
-1.7016e+02 -1.6478e+02 -1.2215e+02 -1.1182e+02
# New trial
-1.7058e+02 -1.6902e+02 -1.6135e+02 -2.9996e+02
-1.7050e+02 -1.6824e+02 -1.5369e+02 -2.4380e+02
-1.7027e+02 -1.6594e+02 -1.3046e+02 -1.2847e+02
-1.7009e+02 -1.6408e+02 -1.2330e+02 -1.6215e+02
# New trial
-1.7063e+02 -1.6954e+02 -1.6875e+02 -3.9406e+02
-1.7053e+02 -1.6854e+02 -1.5206e+02 -1.8618e+02
-1.7034e+02 -1.6660e+02 -1.3405e+02 -1.1259e+02
-1.7011e+02 -1.6434e+02 -1.2027e+02 -1.1134e+02
# New trial
-1.7069e+02 -1.7013e+02 -1.7420e+02 -4.9157e+02
-1.7060e+02 -1.6917e+02 -1.5895e+02 -2.2145e+02
-1.7043e+02 -1.6750e+02 -1.4158e+02 -1.1208e+02
-1.7036e+02 -1.6676e+02 -1.3450e+02 -1.1805e+02
# New trial
-1.7065e+02 -1.6989e+02 -1.9616e+02 -7.3183e+02
-1.7052e+02 -1.6843e+02 -1.5941e+02 -2.6841e+02
-1.7024e+02 -1.6557e+02 -1.2726e+02 -1.1077e+02
-1.7002e+02 -1.6344e+02 -1.2123e+02 -1.5863e+02
# New trial
-1.7066e+02 -1.6980e+02 -1.6964e+02 -4.3838e+02
-1.7060e+02 -1.6917e+02 -1.5784e+02 -1.8518e+02
-1.7044e+02 -1.6761e+02 -1.4096e+02 -1.1077e+02
-1.7032e+02 -1.6637e+02 -1.3067e+02 -1.1076e+02
# New trial
-1.7056e+02 -1.6906e+02 -1.8810e+02 -6.8781e+02
-1.7043e+02 -1.6766e+02 -1.6008e+02 -3.0235e+02
-1.7012e+02 -1.6450e+02 -1.2221e+02 -1.1076e+02
-1.7006e+02 -1.6384e+02 -1.2006e+02 -1.1076e+02
# New trial
-1.7060e+02 -1.6918e+02 -1.6039e+02 -2.6126e+02
-1.7050e+02 -1.6820e+02 -1.5038e+02 -1.7500e+02
-1.7023e+02 -1.6550e+02 -1.2536e+02 -1.1076e+02
-1.7006e+02 -1.6378e+02 -1.1731e+02 -1.1076e+02
# New trial
-1.7062e+02 -1.6939e+02 -1.6019e+02 -1.9264e+02
-1.7055e+02 -1.6874e+02 -1.5452e+02 -1.4383e+02
-1.7038e+02 -1.6696e+02 -1.3863e+02 -1.1996e+02
-1.7031e+02 -1.6628e+02 -1.3989e+02 -2.6136e+02
# New trial
-1.7064e+02 -1.6964e+02 -1.7241e+02 -4.6485e+02
-1.7057e+02 -1.6888e+02 -1.5986e+02 -2.6175e+02
-1.7035e+02 -1.6669e+02 -1.3498e+02 -1.1372e+02
-1.7016e+02 -1.6478e+02 -1.2273e+02 -1.1496e+02
# New trial
-1.7065e+02 -1.6970e+02 -1.6499e+02 -3.5545e+02
-1.7061e+02 -1.6929e+02 -1.5746e+02 -1.7128e+02
-1.7050e+02 -1.6821e+02 -1.4603e+02 -1.1077e+02
-1.7037e+02 -1.6690e+02 -1.3452e+02 -1.1076e+02
# New trial
-1.7062e+02 -1.6945e+02 -1.7066e+02 -4.0090e+02
-1.7051e+02 -1.6831e+02 -1.5228e+02 -1.6494e+02
-1.7035e+02 -1.6676e+02 -1.3718e+02 -1.1096e+02
-1.7037e+02 -1.6689e+02 -1.3633e+02 -1.3690e+02
# New trial
-1.7065e+02 -1.6972e+02 -1.6474e+02 -3.8206e+02
-1.7061e+02 -1.6923e+02 -1.5638e+02 -1.1737e+02
-1.7048e+02 -1.6798e+02 -1.4415e+02 -1.1079e+02
-1.7032e+02 -1.6638e+02 -1.3042e+02 -1.1076e+02
# New trial
-1.7061e+02 -1.6938e+02 -1.6921e+02 -3.9692e+02
-1.7048e+02 -1.6799e+02 -1.4775e+02 -1.3508e+02
-1.7026e+02 -1.6585e+02 -1.3151e+02 -1.1198e+02
-1.7022e+02 -1.6542e+02 -1.2986e+02 -1.9205e+02
# New trial
-1.7060e+02 -1.6923e+02 -1.6387e+02 -2.4671e+02
-1.7047e+02 -1.6798e+02 -1.5058e+02 -1.6748e+02
-1.7019e+02 -1.6510e+02 -1.2427e+02 -1.1076e+02
-1.7000e+02 -1.6321e+02 -1.1785e+02 -1.1077e+02
# New trial
-1.7063e+02 -1.6970e+02 -1.9120e+02 -6.6276e+02
-1.7049e+02 -1.6819e+02 -1.5556e+02 -2.1824e+02
-1.7020e+02 -1.6526e+02 -1.2657e+02 -1.1077e+02
-1.7001e+02 -1.6334e+02 -1.1661e+02 -1.1076e+02
# New trial
-1.7067e+02 -1.6985e+02 -1.6227e+02 -1.5864e+02
-1.7060e+02 -1.6914e+02 -1.5529e+02 -1.1202e+02
-1.7042e+02 -1.6735e+02 -1.3861e+02 -1.1077e+02
-1.7027e+02 -1.6586e+02 -1.2699e+02 -1.1077e+02
# New trial
-1.7060e+02 -1.6922e+02 -1.6417e+02 -3.6503e+02
-1.7054e+02 -1.6865e+02 -1.5471e+02 -2.1259e+02
-1.7040e+02 -1.6717e+02 -1.3930e+02 -1.1165e+02
-1.7030e+02 -1.6619e+02 -1.3165e+02 -1.3018e+02
# New trial
-1.7063e+02 -1.6959e+02 -1.7444e+02 -4.3875e+02
-1.7052e+02 -1.6844e+02 -1.5853e+02 -2.8682e+02
-1.7025e+02 -1.6571e+02 -1.2788e+02 -1.2522e+02
-1.7003e+02 -1.6354e+02 -1.1988e+02 -1.1649e+02
# New trial
-1.7064e+02 -1.6960e+02 -1.6257e+02 -2.6881e+02
-1.7057e+02 -1.6887e+02 -1.5495e+02 -2.1660e+02
-1.7037e+02 -1.6693e+02 -1.3818e+02 -1.1141e+02
-1.7024e+02 -1.6555e+02 -1.2818e+02 -1.4423e+02
# New trial
-1.7064e+02 -1.6958e+02 -1.6408e+02 -3.0329e+02
-1.7058e+02 -1.6903e+02 -1.5692e+02 -2.0289e+02
-1.7041e+02 -1.6731e+02 -1.3960e+02 -1.1339e+02
-1.7021e+02 -1.6531e+02 -1.2432e+02 -1.1076e+02
# New trial
