# 10.0sig - Array shape (trial/sig/alpha): (30L, 4L, 4L)
-5.9926e+01 -5.9374e+01 -6.3366e+01 -2.8334e+02
-5.9950e+01 -5.9579e+01 -6.0725e+01 -2.0605e+02
-5.9952e+01 -5.9568e+01 -5.6827e+01 -1.0131e+02
-5.9935e+01 -5.9381e+01 -5.4064e+01 -5.6796e+01
# New trial
-5.9925e+01 -6.0299e+01 -1.1235e+02 -8.5778e+02
-5.9893e+01 -5.9598e+01 -8.2099e+01 -4.6416e+02
-5.9927e+01 -5.9407e+01 -5.9818e+01 -2.2476e+02
-5.9899e+01 -5.9052e+01 -5.2403e+01 -1.6887e+02
# New trial
-5.9937e+01 -5.9604e+01 -7.8240e+01 -4.8292e+02
-5.9951e+01 -5.9653e+01 -6.8402e+01 -3.6353e+02
-5.9926e+01 -5.9327e+01 -5.8089e+01 -2.4709e+02
-5.9893e+01 -5.8968e+01 -5.1014e+01 -1.0131e+02
# New trial
-5.9913e+01 -5.9268e+01 -6.4047e+01 -2.9271e+02
-5.9943e+01 -5.9545e+01 -6.3816e+01 -2.6434e+02
-5.9926e+01 -5.9319e+01 -5.5794e+01 -1.4087e+02
-5.9889e+01 -5.8921e+01 -5.0372e+01 -5.1588e+01
# New trial
-5.9930e+01 -6.0125e+01 -1.0617e+02 -8.2808e+02
-5.9926e+01 -5.9558e+01 -7.0850e+01 -3.2622e+02
-5.9945e+01 -5.9538e+01 -5.9193e+01 -1.8841e+02
-5.9936e+01 -5.9392e+01 -5.4405e+01 -5.6120e+01
# New trial
-5.9953e+01 -5.9875e+01 -8.3918e+01 -5.3301e+02
-5.9959e+01 -5.9754e+01 -6.8169e+01 -3.1967e+02
-5.9921e+01 -5.9275e+01 -5.7555e+01 -2.2569e+02
-5.9861e+01 -5.8644e+01 -4.8522e+01 -6.7895e+01
# New trial
-5.9913e+01 -5.9334e+01 -6.6044e+01 -3.2796e+02
-5.9964e+01 -5.9739e+01 -6.3908e+01 -2.6997e+02
-5.9963e+01 -5.9680e+01 -5.8785e+01 -1.9986e+02
-5.9950e+01 -5.9530e+01 -5.5531e+01 -5.9277e+01
# New trial
-5.9829e+01 -5.9134e+01 -8.7216e+01 -5.7891e+02
-5.9899e+01 -5.9294e+01 -6.9442e+01 -3.4513e+02
-5.9947e+01 -5.9556e+01 -5.9919e+01 -2.2463e+02
-5.9933e+01 -5.9372e+01 -5.4713e+01 -1.4256e+02
# New trial
-5.9951e+01 -6.0298e+01 -1.2081e+02 -9.6712e+02
-5.9991e+01 -6.0354e+01 -9.2278e+01 -6.1669e+02
-5.9946e+01 -5.9584e+01 -6.4469e+01 -3.5465e+02
-5.9899e+01 -5.9028e+01 -5.2738e+01 -1.8588e+02
# New trial
-5.9952e+01 -5.9574e+01 -6.0122e+01 -2.3395e+02
-5.9950e+01 -5.9551e+01 -5.7757e+01 -1.4970e+02
-5.9951e+01 -5.9546e+01 -5.6147e+01 -9.4241e+01
-5.9968e+01 -5.9716e+01 -5.7264e+01 -4.9579e+01
# New trial
-6.0010e+01 -6.0757e+01 -1.0446e+02 -7.8339e+02
-5.9983e+01 -6.0122e+01 -8.3966e+01 -5.7962e+02
-5.9895e+01 -5.9067e+01 -6.5177e+01 -4.4819e+02
-5.9874e+01 -5.8785e+01 -4.9878e+01 -1.3264e+02
# New trial
-6.0020e+01 -6.0660e+01 -1.0237e+02 -7.0993e+02
-5.9960e+01 -5.9755e+01 -6.6070e+01 -2.1796e+02
-5.9948e+01 -5.9543e+01 -5.7426e+01 -1.0508e+02
-5.9935e+01 -5.9397e+01 -5.4562e+01 -5.1146e+01
# New trial
-5.9941e+01 -5.9795e+01 -8.4149e+01 -5.6724e+02
-5.9969e+01 -5.9962e+01 -7.3798e+01 -3.6870e+02
-5.9947e+01 -5.9565e+01 -6.1045e+01 -2.4990e+02
-5.9907e+01 -5.9108e+01 -5.2382e+01 -1.1659e+02
# New trial
-5.9953e+01 -5.9876e+01 -8.1908e+01 -5.1022e+02
-5.9995e+01 -6.0166e+01 -7.5559e+01 -4.0940e+02
-5.9950e+01 -5.9562e+01 -5.9637e+01 -2.7379e+02
-5.9910e+01 -5.9136e+01 -5.2277e+01 -1.2475e+02
# New trial
-5.9910e+01 -5.9520e+01 -8.5940e+01 -5.6807e+02
-5.9933e+01 -5.9592e+01 -7.3315e+01 -4.1345e+02
-5.9919e+01 -5.9292e+01 -5.8559e+01 -2.1750e+02
-5.9891e+01 -5.8950e+01 -5.0818e+01 -9.6673e+01
# New trial
-6.0130e+01 -6.2224e+01 -1.2780e+02 -9.6735e+02
-6.0056e+01 -6.1009e+01 -8.9664e+01 -5.0792e+02
-5.9929e+01 -5.9445e+01 -6.2716e+01 -2.7601e+02
-5.9865e+01 -5.8699e+01 -5.0868e+01 -1.9337e+02
# New trial
-5.9886e+01 -5.9897e+01 -1.2062e+02 -9.8795e+02
-5.9896e+01 -5.9321e+01 -7.3049e+01 -3.8416e+02
-5.9881e+01 -5.8919e+01 -5.4840e+01 -1.9123e+02
-5.9884e+01 -5.8887e+01 -5.0409e+01 -8.1079e+01
# New trial
-6.0076e+01 -6.1093e+01 -9.3942e+01 -6.7584e+02
-6.0046e+01 -6.0642e+01 -7.7786e+01 -4.0418e+02
-5.9974e+01 -5.9828e+01 -6.5014e+01 -2.9054e+02
-5.9952e+01 -5.9563e+01 -5.6723e+01 -1.5489e+02
# New trial
-6.0006e+01 -6.0153e+01 -6.9409e+01 -3.2496e+02
-5.9992e+01 -5.9979e+01 -6.2771e+01 -2.0897e+02
-5.9962e+01 -5.9660e+01 -5.7377e+01 -1.0896e+02
-5.9938e+01 -5.9415e+01 -5.4532e+01 -8.6238e+01
# New trial
-6.0081e+01 -6.1552e+01 -1.2081e+02 -8.9663e+02
-6.0058e+01 -6.0923e+01 -9.1684e+01 -5.8478e+02
-5.9931e+01 -5.9417e+01 -6.0806e+01 -2.5538e+02
-5.9864e+01 -5.8683e+01 -4.9791e+01 -1.7961e+02
# New trial
-6.0035e+01 -6.1103e+01 -1.1751e+02 -8.8987e+02
-6.0001e+01 -6.0258e+01 -7.6266e+01 -4.3491e+02
-5.9930e+01 -5.9375e+01 -5.7389e+01 -2.1828e+02
-5.9900e+01 -5.9034e+01 -5.1045e+01 -5.0761e+01
# New trial
-5.9951e+01 -5.9651e+01 -6.8007e+01 -3.4149e+02
-5.9968e+01 -5.9821e+01 -6.9213e+01 -3.4531e+02
-5.9943e+01 -5.9508e+01 -5.9909e+01 -2.4976e+02
-5.9902e+01 -5.9053e+01 -5.1854e+01 -8.2801e+01
# New trial
-5.9971e+01 -5.9956e+01 -7.7280e+01 -4.4837e+02
-5.9955e+01 -5.9736e+01 -6.9176e+01 -3.0338e+02
-5.9951e+01 -5.9583e+01 -5.9510e+01 -2.0108e+02
-5.9950e+01 -5.9539e+01 -5.6012e+01 -1.2513e+02
# New trial
-5.9946e+01 -5.9753e+01 -7.6659e+01 -3.9303e+02
-5.9954e+01 -5.9784e+01 -7.2029e+01 -3.3346e+02
-5.9944e+01 -5.9522e+01 -5.9268e+01 -1.9829e+02
-5.9883e+01 -5.8867e+01 -5.0005e+01 -7.5219e+01
# New trial
-6.0016e+01 -6.0607e+01 -9.4010e+01 -6.3116e+02
-6.0014e+01 -6.0438e+01 -8.0407e+01 -4.4280e+02
-5.9949e+01 -5.9575e+01 -6.0094e+01 -1.9714e+02
-5.9904e+01 -5.9084e+01 -5.2461e+01 -1.2087e+02
# New trial
-6.0186e+01 -6.3555e+01 -1.5611e+02 -1.2523e+03
-6.0097e+01 -6.1630e+01 -1.0573e+02 -7.3994e+02
-5.9900e+01 -5.9147e+01 -5.9896e+01 -2.9704e+02
-5.9811e+01 -5.8159e+01 -4.7389e+01 -1.7657e+02
# New trial
-6.0146e+01 -6.2880e+01 -1.4602e+02 -1.2121e+03
-6.0093e+01 -6.1478e+01 -1.0418e+02 -7.2094e+02
-5.9904e+01 -5.9161e+01 -6.0788e+01 -3.5091e+02
-5.9853e+01 -5.8572e+01 -4.9052e+01 -1.3700e+02
# New trial
-5.9945e+01 -5.9787e+01 -8.0317e+01 -4.8823e+02
-5.9950e+01 -5.9674e+01 -6.7497e+01 -2.9893e+02
-5.9920e+01 -5.9273e+01 -5.6070e+01 -1.7720e+02
-5.9920e+01 -5.9234e+01 -5.3032e+01 -7.3308e+01
# New trial
-5.9927e+01 -5.9705e+01 -9.9517e+01 -8.2146e+02
-5.9940e+01 -5.9641e+01 -7.2330e+01 -4.1248e+02
-5.9918e+01 -5.9293e+01 -5.7724e+01 -2.1398e+02
-5.9879e+01 -5.8841e+01 -5.0034e+01 -6.0478e+01
# New trial
-5.9852e+01 -5.9002e+01 -7.6711e+01 -4.6361e+02
-5.9875e+01 -5.9030e+01 -6.4421e+01 -2.9616e+02
-5.9874e+01 -5.8858e+01 -5.3897e+01 -2.1788e+02
-5.9863e+01 -5.8674e+01 -4.9381e+01 -9.0533e+01
# New trial
