6.480832191112271268e-01 -1.000000000000000000e+00
2.179962224548890604e-01 4.625829528060528828e-01
-2.934257507012221211e-01 -6.729505187572469849e-01
-3.781074104492463950e-01 9.015532303703712724e-01
-3.061559979306367474e-01 -1.914677175520070329e-01
-4.394280517479127179e-01 -7.783074092168682512e-01
6.055084076812289329e-01 7.253350305679577836e-01
-1.000000000000000000e+00 4.487415031288423395e-02
-3.224613576731760189e-01 -2.102606223767556626e-01
-1.000000000000000000e+00 -4.735934633432084540e-02
1.158924030392625704e-01 9.999999999999998890e-01
7.745815694342386704e-02 1.293157769693802916e-01
-7.175256076380563675e-02 -7.429009239452054325e-02
3.316710756019223272e-01 -1.903113083142119466e-01
4.736301331838174145e-01 -1.159858848084172611e-01
-5.605111495417901546e-01 -2.863256770235407811e-01
-2.187077538490065920e-01 -2.888058011954567350e-01
5.574641198871630454e-01 3.022481058917815266e-01
-1.559094201345501141e-01 -1.142773130403361981e-01
9.440926238989116870e-01 -6.598099306387898710e-02
1.646275552129465858e-01 4.545175968270375177e-01
-5.141936732385541386e-01 7.508931761754147893e-02
-7.307681089646347328e-01 -8.763489561767177083e-01
-1.208369722122704104e-02 4.193009673824688033e-02
-1.802690018419359497e-01 -2.519717332657243625e-01
-4.031237273238920116e-01 -3.039467933054643689e-01
-8.210527650086905105e-01 -3.930331649889813872e-01
-5.744754832040412929e-01 -2.137883408328133950e-02
1.116508117976966336e-01 2.910764633279085967e-01
1.636872733797626323e-01 -3.777292047497979310e-03
-1.000000000000000000e+00 -1.000000000000000000e+00
