# 0.1sig - Array shape (trial/sig/alpha): (30L, 4L, 4L)
-7.6092e+00 -1.1194e-03 0.0000e+00 0.0000e+00
-7.1533e+00 -1.1568e-05 0.0000e+00 0.0000e+00
-5.7032e+00 -5.6772e-12 0.0000e+00 0.0000e+00
-2.8944e+00 0.0000e+00 0.0000e+00 0.0000e+00
# New trial
-7.4741e+00 -2.8728e-04 0.0000e+00 0.0000e+00
-7.0086e+00 -2.7161e-06 0.0000e+00 0.0000e+00
-5.5278e+00 -9.7344e-13 0.0000e+00 0.0000e+00
-2.7298e+00 0.0000e+00 0.0000e+00 0.0000e+00
# New trial
-7.8403e+00 -1.1119e-02 0.0000e+00 0.0000e+00
-7.2506e+00 -3.0610e-05 0.0000e+00 0.0000e+00
-5.4845e+00 -6.3238e-13 0.0000e+00 0.0000e+00
-2.3178e+00 0.0000e+00 0.0000e+00 0.0000e+00
# New trial
-7.1670e+00 -1.3376e-05 0.0000e+00 0.0000e+00
-6.6646e+00 -8.6850e-08 0.0000e+00 0.0000e+00
-5.1709e+00 -2.8422e-14 0.0000e+00 0.0000e+00
-2.3268e+00 0.0000e+00 0.0000e+00 0.0000e+00
# New trial
-7.8868e+00 -1.7643e-02 0.0000e+00 0.0000e+00
-7.5205e+00 -4.5549e-04 0.0000e+00 0.0000e+00
-6.1133e+00 -3.4666e-10 0.0000e+00 0.0000e+00
-2.7720e+00 0.0000e+00 0.0000e+00 0.0000e+00
# New trial
-7.9204e+00 -2.4603e-02 0.0000e+00 0.0000e+00
-7.6014e+00 -1.0235e-03 0.0000e+00 0.0000e+00
-6.3934e+00 -5.7411e-09 0.0000e+00 0.0000e+00
-3.5646e+00 0.0000e+00 0.0000e+00 0.0000e+00
# New trial
-8.0946e+00 -1.3306e-01 0.0000e+00 0.0000e+00
-7.7634e+00 -5.1636e-03 0.0000e+00 0.0000e+00
-6.6264e+00 -5.9207e-08 0.0000e+00 0.0000e+00
-4.0784e+00 0.0000e+00 0.0000e+00 0.0000e+00
# New trial
-7.7628e+00 -5.1443e-03 0.0000e+00 0.0000e+00
-7.2160e+00 -2.1658e-05 0.0000e+00 0.0000e+00
-5.6316e+00 -2.7711e-12 0.0000e+00 0.0000e+00
-2.8017e+00 0.0000e+00 0.0000e+00 0.0000e+00
# New trial
-7.1271e+00 -8.9837e-06 0.0000e+00 0.0000e+00
-6.2775e+00 -1.7984e-09 0.0000e+00 0.0000e+00
-4.2017e+00 0.0000e+00 0.0000e+00 0.0000e+00
-1.2813e+00 0.0000e+00 0.0000e+00 0.0000e+00
# New trial
-7.9542e+00 -3.4356e-02 0.0000e+00 0.0000e+00
-7.5237e+00 -4.7047e-04 0.0000e+00 0.0000e+00
-6.0124e+00 -1.2619e-10 0.0000e+00 0.0000e+00
-2.8897e+00 0.0000e+00 0.0000e+00 0.0000e+00
# New trial
-8.2471e+00 -5.0315e-01 0.0000e+00 0.0000e+00
-8.0581e+00 -9.4164e-02 0.0000e+00 0.0000e+00
-7.7384e+00 -4.0226e-03 0.0000e+00 0.0000e+00
-7.2900e+00 -4.5411e-05 0.0000e+00 0.0000e+00
# New trial
-6.4719e+00 -1.8060e-08 0.0000e+00 0.0000e+00
-5.1661e+00 -2.8422e-14 0.0000e+00 0.0000e+00
-1.7784e+00 0.0000e+00 0.0000e+00 0.0000e+00
-4.5075e-02 0.0000e+00 0.0000e+00 0.0000e+00
# New trial
-7.8142e+00 -8.5797e-03 0.0000e+00 0.0000e+00
-7.4590e+00 -2.4635e-04 0.0000e+00 0.0000e+00
-6.1707e+00 -6.1642e-10 0.0000e+00 0.0000e+00
-3.2120e+00 0.0000e+00 0.0000e+00 0.0000e+00
# New trial
-7.6016e+00 -1.0264e-03 0.0000e+00 0.0000e+00
-7.1699e+00 -1.3653e-05 0.0000e+00 0.0000e+00
-5.6771e+00 -4.3698e-12 0.0000e+00 0.0000e+00
-2.4864e+00 0.0000e+00 0.0000e+00 0.0000e+00
# New trial
-8.4308e+00 -1.6306e+00 0.0000e+00 0.0000e+00
-8.1261e+00 -1.7813e-01 0.0000e+00 0.0000e+00
-7.4622e+00 -2.5423e-04 0.0000e+00 0.0000e+00
-6.5321e+00 -2.3018e-08 0.0000e+00 0.0000e+00
# New trial
-7.9932e+00 -5.0470e-02 0.0000e+00 0.0000e+00
-7.5960e+00 -9.6972e-04 0.0000e+00 0.0000e+00
-6.5175e+00 -1.9904e-08 0.0000e+00 0.0000e+00
-4.9398e+00 0.0000e+00 0.0000e+00 0.0000e+00
# New trial
-6.8308e+00 -5.2666e-07 0.0000e+00 0.0000e+00
-5.6981e+00 -5.4641e-12 0.0000e+00 0.0000e+00
-2.8703e+00 0.0000e+00 0.0000e+00 0.0000e+00
-4.8425e-01 0.0000e+00 0.0000e+00 0.0000e+00
# New trial
-7.2452e+00 -3.0880e-05 0.0000e+00 0.0000e+00
-6.5560e+00 -2.9318e-08 0.0000e+00 0.0000e+00
-4.9120e+00 0.0000e+00 0.0000e+00 0.0000e+00
-2.9316e+00 0.0000e+00 0.0000e+00 0.0000e+00
# New trial
-7.3979e+00 -1.3486e-04 0.0000e+00 0.0000e+00
-6.9099e+00 -1.0117e-06 0.0000e+00 0.0000e+00
-5.4492e+00 -4.4054e-13 0.0000e+00 0.0000e+00
-2.7647e+00 0.0000e+00 0.0000e+00 0.0000e+00
# New trial
-7.5529e+00 -6.3110e-04 0.0000e+00 0.0000e+00
-6.7579e+00 -2.2088e-07 0.0000e+00 0.0000e+00
-4.6131e+00 0.0000e+00 0.0000e+00 0.0000e+00
-9.7312e-01 0.0000e+00 0.0000e+00 0.0000e+00
# New trial
-7.2309e+00 -2.5728e-05 0.0000e+00 0.0000e+00
-6.4326e+00 -8.5161e-09 0.0000e+00 0.0000e+00
-4.1832e+00 0.0000e+00 0.0000e+00 0.0000e+00
-1.1544e+00 0.0000e+00 0.0000e+00 0.0000e+00
# New trial
-7.6591e+00 -1.8240e-03 0.0000e+00 0.0000e+00
-7.0880e+00 -6.0113e-06 0.0000e+00 0.0000e+00
-5.2781e+00 -7.8160e-14 0.0000e+00 0.0000e+00
-1.9825e+00 0.0000e+00 0.0000e+00 0.0000e+00
# New trial
-7.8721e+00 -1.5272e-02 0.0000e+00 0.0000e+00
-7.6999e+00 -2.7387e-03 0.0000e+00 0.0000e+00
-7.0825e+00 -5.6932e-06 0.0000e+00 0.0000e+00
-5.6841e+00 -4.6896e-12 0.0000e+00 0.0000e+00
# New trial
-7.9400e+00 -2.9841e-02 0.0000e+00 0.0000e+00
-7.3874e+00 -1.2034e-04 0.0000e+00 0.0000e+00
-5.7344e+00 -7.7662e-12 0.0000e+00 0.0000e+00
-2.1355e+00 0.0000e+00 0.0000e+00 0.0000e+00
# New trial
-7.3612e+00 -9.9432e-05 0.0000e+00 0.0000e+00
-6.4037e+00 -6.3830e-09 0.0000e+00 0.0000e+00
-3.7697e+00 0.0000e+00 0.0000e+00 0.0000e+00
-5.7864e-01 0.0000e+00 0.0000e+00 0.0000e+00
# New trial
-7.3656e+00 -9.9138e-05 0.0000e+00 0.0000e+00
-6.6138e+00 -5.2313e-08 0.0000e+00 0.0000e+00
-5.1968e+00 -3.5527e-14 0.0000e+00 0.0000e+00
-4.4644e+00 0.0000e+00 0.0000e+00 0.0000e+00
# New trial
-7.9006e+00 -2.0226e-02 0.0000e+00 0.0000e+00
-7.7498e+00 -4.5094e-03 0.0000e+00 0.0000e+00
-7.1549e+00 -1.1751e-05 0.0000e+00 0.0000e+00
-5.8170e+00 -1.7792e-11 0.0000e+00 0.0000e+00
# New trial
-7.6998e+00 -2.7625e-03 0.0000e+00 0.0000e+00
-7.0900e+00 -6.1388e-06 0.0000e+00 0.0000e+00
-5.4077e+00 -2.9132e-13 0.0000e+00 0.0000e+00
-2.7674e+00 0.0000e+00 0.0000e+00 0.0000e+00
# New trial
-7.9787e+00 -4.3675e-02 0.0000e+00 0.0000e+00
-7.9848e+00 -4.6343e-02 0.0000e+00 0.0000e+00
-7.9071e+00 -2.1570e-02 0.0000e+00 0.0000e+00
-7.4942e+00 -3.5010e-04 0.0000e+00 0.0000e+00
# New trial
-7.5077e+00 -4.0190e-04 0.0000e+00 0.0000e+00
-7.1281e+00 -8.9854e-06 0.0000e+00 0.0000e+00
-5.8602e+00 -2.7427e-11 0.0000e+00 0.0000e+00
-3.1159e+00 0.0000e+00 0.0000e+00 0.0000e+00
# New trial
