# 0.01sig - Array shape (trial/sig/alpha): (30L, 4L, 4L)
-9.6047e+00 -1.6663e+01 -1.3800e+02 -1.3798e+03
-9.3091e+00 -1.0495e+01 -3.6935e+01 -3.6654e+02
-9.2109e+00 -9.2146e+00 -9.2549e+00 -9.9132e+00
-9.2104e+00 -9.2104e+00 -9.2104e+00 -9.2104e+00
# New trial
-8.8569e+00 -1.0150e+01 -8.2301e+01 -8.2300e+02
-9.1185e+00 -8.5866e+00 -1.4015e+01 -1.2253e+02
-9.2099e+00 -9.2052e+00 -9.1622e+00 -1.0048e+01
-9.2104e+00 -9.2104e+00 -9.2104e+00 -9.2104e+00
# New trial
-9.2225e+00 -3.2865e+01 -3.2365e+02 -3.2365e+03
-9.0730e+00 -1.0689e+01 -6.6708e+01 -6.5958e+02
-9.2091e+00 -9.1981e+00 -9.1535e+00 -4.1082e+01
-9.2104e+00 -9.2104e+00 -9.2104e+00 -9.2104e+00
# New trial
-1.0355e+01 -4.4815e+01 -4.4783e+02 -4.4783e+03
-9.3660e+00 -1.3615e+01 -1.0555e+02 -1.0545e+03
-9.2108e+00 -9.2149e+00 -9.3160e+00 -4.0988e+01
-9.2104e+00 -9.2104e+00 -9.2104e+00 -9.2104e+00
# New trial
-9.9167e+00 -3.3540e+01 -3.2432e+02 -3.2430e+03
-9.3077e+00 -1.2578e+01 -9.8390e+01 -9.8390e+02
-9.2104e+00 -9.2106e+00 -9.2685e+00 -3.1949e+01
-9.2104e+00 -9.2104e+00 -9.2104e+00 -9.2104e+00
# New trial
-9.2132e+00 -9.2820e+00 -1.3397e+01 -1.0764e+02
-9.2100e+00 -9.2104e+00 -9.5819e+00 -2.5886e+01
-9.2104e+00 -9.2100e+00 -9.2066e+00 -9.1833e+00
-9.2104e+00 -9.2104e+00 -9.2104e+00 -9.2104e+00
# New trial
-9.2074e+00 -9.1857e+00 -9.4979e+00 -3.3709e+01
-9.2091e+00 -9.1976e+00 -9.1427e+00 -1.2075e+01
-9.2104e+00 -9.2102e+00 -9.2082e+00 -9.1898e+00
-9.2104e+00 -9.2104e+00 -9.2104e+00 -9.2104e+00
# New trial
-8.9277e+00 -2.7727e+01 -2.7347e+02 -2.7347e+03
-9.0579e+00 -1.0030e+01 -6.0816e+01 -6.0711e+02
-9.2100e+00 -9.2070e+00 -9.2166e+00 -3.2208e+01
-9.2104e+00 -9.2104e+00 -9.2104e+00 -9.2104e+00
# New trial
-9.3734e+00 -2.1795e+01 -2.0153e+02 -2.0153e+03
-9.1929e+00 -1.0384e+01 -6.5034e+01 -6.5034e+02
-9.2098e+00 -9.2041e+00 -9.1756e+00 -2.3644e+01
-9.2104e+00 -9.2104e+00 -9.2104e+00 -9.2104e+00
# New trial
-9.3329e+00 -1.0666e+01 -3.6625e+01 -3.5028e+02
-9.2518e+00 -9.6498e+00 -1.5379e+01 -1.1779e+02
-9.2108e+00 -9.2139e+00 -9.2457e+00 -9.5958e+00
-9.2104e+00 -9.2104e+00 -9.2104e+00 -9.2104e+00
# New trial
-9.2968e+00 -1.1023e+01 -5.7224e+01 -5.6441e+02
-9.2324e+00 -9.5338e+00 -1.8434e+01 -1.6796e+02
-9.2105e+00 -9.2112e+00 -9.2207e+00 -9.4911e+00
-9.2104e+00 -9.2104e+00 -9.2104e+00 -9.2104e+00
# New trial
-9.4295e+00 -2.0109e+01 -1.8467e+02 -1.8421e+03
-9.2097e+00 -1.0083e+01 -4.3115e+01 -4.2985e+02
-9.2099e+00 -9.2053e+00 -9.1831e+00 -1.1265e+01
-9.2104e+00 -9.2104e+00 -9.2104e+00 -9.2104e+00
# New trial
-7.9352e+00 -8.5333e+00 -6.7896e+01 -6.7842e+02
-8.9203e+00 -7.4270e+00 -1.8549e+01 -1.7019e+02
-9.2096e+00 -9.2024e+00 -9.1417e+00 -1.3308e+01
-9.2104e+00 -9.2104e+00 -9.2104e+00 -9.2104e+00
# New trial
-9.1648e+00 -1.1469e+01 -8.1866e+01 -8.1736e+02
-9.1825e+00 -9.2745e+00 -2.4712e+01 -2.4069e+02
-9.2100e+00 -9.2057e+00 -9.1733e+00 -1.1473e+01
-9.2104e+00 -9.2104e+00 -9.2104e+00 -9.2104e+00
# New trial
-9.1874e+00 -8.9910e+00 -8.0154e+00 -2.6043e+01
-9.2047e+00 -9.1543e+00 -8.7465e+00 -9.7560e+00
-9.2104e+00 -9.2102e+00 -9.2078e+00 -9.1852e+00
-9.2104e+00 -9.2104e+00 -9.2104e+00 -9.2104e+00
# New trial
-9.0780e+00 -1.0697e+01 -7.2329e+01 -7.2206e+02
-9.1629e+00 -9.0259e+00 -2.0683e+01 -2.0229e+02
-9.2101e+00 -9.2066e+00 -9.1771e+00 -9.2344e+00
-9.2104e+00 -9.2104e+00 -9.2104e+00 -9.2104e+00
# New trial
-9.1416e+00 -1.4559e+01 -1.2850e+02 -1.2849e+03
-9.1638e+00 -9.2787e+00 -2.7510e+01 -2.6150e+02
-9.2100e+00 -9.2059e+00 -9.1716e+00 -1.0432e+01
-9.2104e+00 -9.2104e+00 -9.2104e+00 -9.2104e+00
# New trial
-9.3205e+00 -1.4637e+01 -1.1530e+02 -1.1477e+03
-9.2217e+00 -9.6518e+00 -2.8843e+01 -2.8584e+02
-9.2105e+00 -9.2106e+00 -9.2143e+00 -9.6706e+00
-9.2104e+00 -9.2104e+00 -9.2104e+00 -9.2104e+00
# New trial
-9.2813e+00 -2.5733e+01 -2.5589e+02 -2.5589e+03
-9.1621e+00 -1.0928e+01 -8.8175e+01 -8.8175e+02
-9.2097e+00 -9.2035e+00 -9.2362e+00 -6.0185e+01
-9.2104e+00 -9.2104e+00 -9.2104e+00 -9.2104e+00
# New trial
-1.0051e+01 -3.2952e+01 -3.1932e+02 -3.1931e+03
-9.3840e+00 -1.2762e+01 -8.4909e+01 -8.4758e+02
-9.2113e+00 -9.2197e+00 -9.3458e+00 -2.6176e+01
-9.2104e+00 -9.2104e+00 -9.2104e+00 -9.2104e+00
# New trial
-9.5555e+00 -2.4006e+01 -2.2799e+02 -2.2799e+03
-9.2114e+00 -1.0176e+01 -4.6947e+01 -4.6677e+02
-9.2091e+00 -9.1971e+00 -9.0944e+00 -1.6694e+01
-9.2104e+00 -9.2104e+00 -9.2104e+00 -9.2104e+00
# New trial
-9.9676e+00 -2.9816e+01 -2.9179e+02 -2.9179e+03
-9.3559e+00 -1.2241e+01 -8.6551e+01 -8.6549e+02
-9.2113e+00 -9.2190e+00 -9.3312e+00 -2.4022e+01
-9.2104e+00 -9.2104e+00 -9.2104e+00 -9.2104e+00
# New trial
-8.5639e+00 -8.5756e+00 -6.8160e+01 -6.8160e+02
-9.0443e+00 -8.0823e+00 -1.7151e+01 -1.7111e+02
-9.2095e+00 -9.2013e+00 -9.1292e+00 -9.3143e+00
-9.2104e+00 -9.2104e+00 -9.2104e+00 -9.2104e+00
# New trial
-9.2087e+00 -9.1941e+00 -9.1866e+00 -1.8050e+01
-9.2099e+00 -9.2049e+00 -9.1664e+00 -9.5775e+00
-9.2104e+00 -9.2104e+00 -9.2100e+00 -9.2064e+00
-9.2104e+00 -9.2104e+00 -9.2104e+00 -9.2104e+00
# New trial
-8.3597e+00 -9.8345e+00 -9.1985e+01 -9.1985e+02
-8.9950e+00 -7.9760e+00 -3.2527e+01 -3.2521e+02
-9.2096e+00 -9.2025e+00 -9.1434e+00 -1.2885e+01
-9.2104e+00 -9.2104e+00 -9.2104e+00 -9.2104e+00
# New trial
-8.7721e+00 -1.2327e+01 -1.0630e+02 -1.0630e+03
-9.0937e+00 -8.6404e+00 -2.9943e+01 -2.9941e+02
-9.2100e+00 -9.2063e+00 -9.1749e+00 -1.0836e+01
-9.2104e+00 -9.2104e+00 -9.2104e+00 -9.2104e+00
# New trial
-1.0151e+01 -3.5912e+01 -3.5578e+02 -3.5578e+03
-9.3610e+00 -1.2599e+01 -8.2427e+01 -8.1739e+02
-9.2107e+00 -9.2136e+00 -9.2600e+00 -1.8561e+01
-9.2104e+00 -9.2104e+00 -9.2104e+00 -9.2104e+00
# New trial
-8.7846e+00 -8.0713e+00 -5.4260e+01 -5.4245e+02
-9.0913e+00 -8.3386e+00 -1.4665e+01 -1.3720e+02
-9.2098e+00 -9.2044e+00 -9.1545e+00 -9.2985e+00
-9.2104e+00 -9.2104e+00 -9.2104e+00 -9.2104e+00
# New trial
-9.2124e+00 -9.2387e+00 -1.0313e+01 -4.7209e+01
-9.2106e+00 -9.2133e+00 -9.3345e+00 -1.5202e+01
-9.2104e+00 -9.2103e+00 -9.2092e+00 -9.2001e+00
-9.2104e+00 -9.2104e+00 -9.2104e+00 -9.2104e+00
# New trial
-9.1829e+00 -9.0293e+00 -1.4211e+01 -1.2750e+02
-9.2010e+00 -9.1270e+00 -9.1659e+00 -3.0207e+01
-9.2104e+00 -9.2095e+00 -9.2017e+00 -9.1371e+00
-9.2104e+00 -9.2104e+00 -9.2104e+00 -9.2104e+00
# New trial
