# 0.1sig - Array shape (trial/sig/alpha): (30L, 4L, 4L)
-8.1074e+00 -1.4992e-01 0.0000e+00 0.0000e+00
-7.8266e+00 -9.6982e-03 0.0000e+00 0.0000e+00
-6.8875e+00 -8.0802e-07 0.0000e+00 0.0000e+00
-4.7159e+00 0.0000e+00 0.0000e+00 0.0000e+00
# New trial
-7.8488e+00 -1.2089e-02 0.0000e+00 0.0000e+00
-7.4859e+00 -3.2238e-04 0.0000e+00 0.0000e+00
-6.1562e+00 -5.3286e-10 0.0000e+00 0.0000e+00
-2.8497e+00 0.0000e+00 0.0000e+00 0.0000e+00
# New trial
-8.2859e+00 -6.7508e-01 0.0000e+00 0.0000e+00
-7.8827e+00 -1.6943e-02 0.0000e+00 0.0000e+00
-6.6454e+00 -7.1630e-08 0.0000e+00 0.0000e+00
-3.9417e+00 0.0000e+00 0.0000e+00 0.0000e+00
# New trial
-7.9236e+00 -2.5399e-02 0.0000e+00 0.0000e+00
-7.4522e+00 -2.3001e-04 0.0000e+00 0.0000e+00
-5.9574e+00 -7.2667e-11 0.0000e+00 0.0000e+00
-3.1267e+00 0.0000e+00 0.0000e+00 0.0000e+00
# New trial
-9.2102e+00 -9.2078e+00 -9.1837e+00 -8.9531e+00
-9.2104e+00 -9.2103e+00 -9.2087e+00 -9.1927e+00
-9.2104e+00 -9.2104e+00 -9.2104e+00 -9.2097e+00
-9.2104e+00 -9.2104e+00 -9.2104e+00 -9.2104e+00
# New trial
-8.0021e+00 -5.4846e-02 0.0000e+00 0.0000e+00
-7.6903e+00 -2.4893e-03 0.0000e+00 0.0000e+00
-6.6573e+00 -8.0635e-08 0.0000e+00 0.0000e+00
-4.3283e+00 0.0000e+00 0.0000e+00 0.0000e+00
# New trial
-9.2100e+00 -9.2065e+00 -9.1725e+00 -1.0054e+01
-9.2104e+00 -9.2102e+00 -9.2084e+00 -9.1908e+00
-9.2104e+00 -9.2104e+00 -9.2104e+00 -9.2097e+00
-9.2104e+00 -9.2104e+00 -9.2104e+00 -9.2104e+00
# New trial
-8.0962e+00 -1.3499e-01 0.0000e+00 0.0000e+00
-7.6882e+00 -2.4361e-03 0.0000e+00 0.0000e+00
-6.3854e+00 -5.2992e-09 0.0000e+00 0.0000e+00
-3.4253e+00 0.0000e+00 0.0000e+00 0.0000e+00
# New trial
-7.7736e+00 -5.7177e-03 0.0000e+00 0.0000e+00
-7.1947e+00 -1.7494e-05 0.0000e+00 0.0000e+00
-5.5151e+00 -8.5976e-13 0.0000e+00 0.0000e+00
-2.3122e+00 0.0000e+00 0.0000e+00 0.0000e+00
# New trial
-9.2103e+00 -9.2088e+00 -9.1937e+00 -9.0639e+00
-9.2104e+00 -9.2103e+00 -9.2091e+00 -9.1972e+00
-9.2104e+00 -9.2104e+00 -9.2103e+00 -9.2094e+00
-9.2104e+00 -9.2104e+00 -9.2104e+00 -9.2104e+00
# New trial
-9.2101e+00 -9.2074e+00 -9.1805e+00 -8.9190e+00
-9.2104e+00 -9.2102e+00 -9.2078e+00 -9.1844e+00
-9.2104e+00 -9.2104e+00 -9.2103e+00 -9.2086e+00
-9.2104e+00 -9.2104e+00 -9.2104e+00 -9.2104e+00
# New trial
-7.1518e+00 -1.1452e-05 0.0000e+00 0.0000e+00
-6.3571e+00 -3.9910e-09 0.0000e+00 0.0000e+00
-4.2762e+00 0.0000e+00 0.0000e+00 0.0000e+00
-1.1180e+00 0.0000e+00 0.0000e+00 0.0000e+00
# New trial
-9.2100e+00 -9.2063e+00 -9.1698e+00 -8.8912e+00
-9.2104e+00 -9.2103e+00 -9.2092e+00 -9.1980e+00
-9.2104e+00 -9.2104e+00 -9.2104e+00 -9.2103e+00
-9.2104e+00 -9.2104e+00 -9.2104e+00 -9.2104e+00
# New trial
-8.2152e+00 -3.8901e-01 0.0000e+00 0.0000e+00
-7.8989e+00 -1.9880e-02 0.0000e+00 0.0000e+00
-6.9030e+00 -9.4369e-07 0.0000e+00 0.0000e+00
-4.7484e+00 0.0000e+00 0.0000e+00 0.0000e+00
# New trial
-9.2098e+00 -9.2041e+00 -9.1472e+00 -8.6082e+00
-9.2104e+00 -9.2100e+00 -9.2065e+00 -9.1713e+00
-9.2104e+00 -9.2104e+00 -9.2103e+00 -9.2093e+00
-9.2104e+00 -9.2104e+00 -9.2104e+00 -9.2104e+00
# New trial
-8.4318e+00 -1.6388e+00 0.0000e+00 0.0000e+00
-8.1491e+00 -2.1935e-01 0.0000e+00 0.0000e+00
-7.3138e+00 -5.7622e-05 0.0000e+00 0.0000e+00
-5.6137e+00 -2.3093e-12 0.0000e+00 0.0000e+00
# New trial
-7.8812e+00 -1.6709e-02 0.0000e+00 0.0000e+00
-7.1195e+00 -8.2453e-06 0.0000e+00 0.0000e+00
-5.3964e+00 -2.6290e-13 0.0000e+00 0.0000e+00
-2.8100e+00 0.0000e+00 0.0000e+00 0.0000e+00
# New trial
-7.6146e+00 -1.1687e-03 0.0000e+00 0.0000e+00
-7.0269e+00 -3.2634e-06 0.0000e+00 0.0000e+00
-5.2336e+00 -4.9738e-14 0.0000e+00 0.0000e+00
-1.7004e+00 0.0000e+00 0.0000e+00 0.0000e+00
# New trial
-7.8922e+00 -1.8605e-02 0.0000e+00 0.0000e+00
-7.5276e+00 -4.8927e-04 0.0000e+00 0.0000e+00
-6.3153e+00 -2.6261e-09 0.0000e+00 0.0000e+00
-3.5334e+00 0.0000e+00 0.0000e+00 0.0000e+00
# New trial
-8.2882e+00 -6.8636e-01 0.0000e+00 0.0000e+00
-7.6745e+00 -2.1259e-03 0.0000e+00 0.0000e+00
-6.1640e+00 -5.7644e-10 0.0000e+00 0.0000e+00
-3.2687e+00 0.0000e+00 0.0000e+00 0.0000e+00
# New trial
-7.9388e+00 -2.9518e-02 0.0000e+00 0.0000e+00
-7.3871e+00 -1.1998e-04 0.0000e+00 0.0000e+00
-5.7176e+00 -6.5583e-12 0.0000e+00 0.0000e+00
-2.4395e+00 0.0000e+00 0.0000e+00 0.0000e+00
# New trial
-8.1180e+00 -1.6540e-01 0.0000e+00 0.0000e+00
-7.7171e+00 -3.2537e-03 0.0000e+00 0.0000e+00
-6.3065e+00 -2.4039e-09 0.0000e+00 0.0000e+00
-2.9849e+00 0.0000e+00 0.0000e+00 0.0000e+00
# New trial
-9.2099e+00 -9.2049e+00 -9.1576e+00 -9.7788e+00
-9.2104e+00 -9.2102e+00 -9.2085e+00 -9.1914e+00
-9.2104e+00 -9.2104e+00 -9.2104e+00 -9.2101e+00
-9.2104e+00 -9.2104e+00 -9.2104e+00 -9.2104e+00
# New trial
-9.2104e+00 -9.2101e+00 -9.2072e+00 -9.2208e+00
-9.2104e+00 -9.2104e+00 -9.2101e+00 -9.2070e+00
-9.2104e+00 -9.2104e+00 -9.2105e+00 -9.2106e+00
-9.2104e+00 -9.2104e+00 -9.2104e+00 -9.2104e+00
# New trial
-7.9410e+00 -3.0136e-02 0.0000e+00 0.0000e+00
-7.4230e+00 -1.7183e-04 0.0000e+00 0.0000e+00
-5.8339e+00 -2.1060e-11 0.0000e+00 0.0000e+00
-2.4511e+00 0.0000e+00 0.0000e+00 0.0000e+00
# New trial
-7.5517e+00 -6.2265e-04 0.0000e+00 0.0000e+00
-6.9217e+00 -1.1388e-06 0.0000e+00 0.0000e+00
-5.0787e+00 -7.1054e-15 0.0000e+00 0.0000e+00
-1.6556e+00 0.0000e+00 0.0000e+00 0.0000e+00
# New trial
-9.2079e+00 -9.1846e+00 -8.9535e+00 -6.9754e+00
-9.2104e+00 -9.2101e+00 -9.2066e+00 -9.1718e+00
-9.2104e+00 -9.2104e+00 -9.2104e+00 -9.2098e+00
-9.2104e+00 -9.2104e+00 -9.2104e+00 -9.2104e+00
# New trial
-8.0423e+00 -8.0926e-02 0.0000e+00 0.0000e+00
-7.6081e+00 -1.0948e-03 0.0000e+00 0.0000e+00
-6.2127e+00 -9.3875e-10 0.0000e+00 0.0000e+00
-3.2361e+00 0.0000e+00 0.0000e+00 0.0000e+00
# New trial
-8.1079e+00 -1.5060e-01 0.0000e+00 0.0000e+00
-7.9475e+00 -3.2136e-02 0.0000e+00 0.0000e+00
-7.3511e+00 -8.3670e-05 0.0000e+00 0.0000e+00
-5.7822e+00 -1.2541e-11 0.0000e+00 0.0000e+00
# New trial
-7.9949e+00 -5.1128e-02 0.0000e+00 0.0000e+00
-7.6752e+00 -2.1405e-03 0.0000e+00 0.0000e+00
-6.5957e+00 -4.3520e-08 0.0000e+00 0.0000e+00
-4.1510e+00 0.0000e+00 0.0000e+00 0.0000e+00
# New trial
