# 0.01sig - Array shape (trial/sig/alpha): (30L, 4L, 4L)
-3.7447e+00 0.0000e+00 0.0000e+00 0.0000e+00
-1.5482e+00 0.0000e+00 0.0000e+00 0.0000e+00
-4.8028e-03 0.0000e+00 0.0000e+00 0.0000e+00
-1.2852e-04 0.0000e+00 0.0000e+00 0.0000e+00
# New trial
-2.4693e+00 0.0000e+00 0.0000e+00 0.0000e+00
-6.4551e-01 0.0000e+00 0.0000e+00 0.0000e+00
-1.2250e-03 0.0000e+00 0.0000e+00 0.0000e+00
-9.8565e-04 0.0000e+00 0.0000e+00 0.0000e+00
# New trial
-3.9195e+00 0.0000e+00 0.0000e+00 0.0000e+00
-1.4778e+00 0.0000e+00 0.0000e+00 0.0000e+00
-3.0886e-03 0.0000e+00 0.0000e+00 0.0000e+00
-1.3291e-04 0.0000e+00 0.0000e+00 0.0000e+00
# New trial
-4.0482e+00 0.0000e+00 0.0000e+00 0.0000e+00
-2.4554e+00 0.0000e+00 0.0000e+00 0.0000e+00
-7.0636e-02 0.0000e+00 0.0000e+00 0.0000e+00
-8.5902e-03 0.0000e+00 0.0000e+00 0.0000e+00
# New trial
-1.5862e+00 0.0000e+00 0.0000e+00 0.0000e+00
-5.2526e-02 0.0000e+00 0.0000e+00 0.0000e+00
-4.9543e-05 0.0000e+00 0.0000e+00 0.0000e+00
-9.6981e-02 0.0000e+00 0.0000e+00 0.0000e+00
# New trial
-6.0095e+00 -1.2514e-10 0.0000e+00 0.0000e+00
-5.1621e+00 -2.1316e-14 0.0000e+00 0.0000e+00
-2.1126e+00 0.0000e+00 0.0000e+00 0.0000e+00
-3.4633e-02 0.0000e+00 0.0000e+00 0.0000e+00
# New trial
-3.6276e+00 0.0000e+00 0.0000e+00 0.0000e+00
-1.7562e+00 0.0000e+00 0.0000e+00 0.0000e+00
-2.4073e-02 0.0000e+00 0.0000e+00 0.0000e+00
-5.4214e-02 0.0000e+00 0.0000e+00 0.0000e+00
# New trial
-1.6329e+00 0.0000e+00 0.0000e+00 0.0000e+00
-1.2770e-01 0.0000e+00 0.0000e+00 0.0000e+00
-3.8148e-05 0.0000e+00 0.0000e+00 0.0000e+00
-6.7731e-05 0.0000e+00 0.0000e+00 0.0000e+00
# New trial
-6.2365e+00 -1.2271e-09 0.0000e+00 0.0000e+00
-5.4916e+00 -6.8212e-13 0.0000e+00 0.0000e+00
-3.3779e+00 0.0000e+00 0.0000e+00 0.0000e+00
-2.3250e+00 0.0000e+00 0.0000e+00 0.0000e+00
# New trial
-7.0644e-01 0.0000e+00 0.0000e+00 0.0000e+00
-5.0563e-03 0.0000e+00 0.0000e+00 0.0000e+00
-4.7322e-07 0.0000e+00 0.0000e+00 0.0000e+00
-1.6586e-01 0.0000e+00 0.0000e+00 0.0000e+00
# New trial
-2.1152e+00 0.0000e+00 0.0000e+00 0.0000e+00
-1.5746e-01 0.0000e+00 0.0000e+00 0.0000e+00
-5.0662e-05 0.0000e+00 0.0000e+00 0.0000e+00
-5.6175e-04 0.0000e+00 0.0000e+00 0.0000e+00
# New trial
-5.9948e+00 -1.0662e-10 0.0000e+00 0.0000e+00
-4.9357e+00 0.0000e+00 0.0000e+00 0.0000e+00
-1.8226e+00 0.0000e+00 0.0000e+00 0.0000e+00
-1.0226e-01 0.0000e+00 0.0000e+00 0.0000e+00
# New trial
-5.6800e+00 -4.5546e-12 0.0000e+00 0.0000e+00
-4.4786e+00 0.0000e+00 0.0000e+00 0.0000e+00
-7.7694e-01 0.0000e+00 0.0000e+00 0.0000e+00
-6.3286e-04 0.0000e+00 0.0000e+00 0.0000e+00
# New trial
-1.8329e+00 0.0000e+00 0.0000e+00 0.0000e+00
-1.6331e-01 0.0000e+00 0.0000e+00 0.0000e+00
-3.6360e-05 0.0000e+00 0.0000e+00 0.0000e+00
-8.7545e-06 0.0000e+00 0.0000e+00 0.0000e+00
# New trial
-5.7104e+00 -6.2244e-12 0.0000e+00 0.0000e+00
-4.8104e+00 0.0000e+00 0.0000e+00 0.0000e+00
-1.7670e+00 0.0000e+00 0.0000e+00 0.0000e+00
-5.2932e-02 0.0000e+00 0.0000e+00 0.0000e+00
# New trial
-1.3534e-01 0.0000e+00 0.0000e+00 0.0000e+00
-3.5759e-04 0.0000e+00 0.0000e+00 0.0000e+00
-8.3991e-09 0.0000e+00 0.0000e+00 0.0000e+00
-9.4028e-03 0.0000e+00 0.0000e+00 0.0000e+00
# New trial
-2.7077e+00 0.0000e+00 0.0000e+00 0.0000e+00
-6.1336e-01 0.0000e+00 0.0000e+00 0.0000e+00
-7.9375e-04 0.0000e+00 0.0000e+00 0.0000e+00
-8.4080e-05 0.0000e+00 0.0000e+00 0.0000e+00
# New trial
-4.3111e+00 0.0000e+00 0.0000e+00 0.0000e+00
-2.3351e+00 0.0000e+00 0.0000e+00 0.0000e+00
-2.2490e-02 0.0000e+00 0.0000e+00 0.0000e+00
-4.3378e-04 0.0000e+00 0.0000e+00 0.0000e+00
# New trial
-6.7476e+00 -2.0009e-07 0.0000e+00 0.0000e+00
-5.9979e+00 -1.0910e-10 0.0000e+00 0.0000e+00
-3.5499e+00 0.0000e+00 0.0000e+00 0.0000e+00
-7.8351e-01 0.0000e+00 0.0000e+00 0.0000e+00
# New trial
-3.9574e+00 0.0000e+00 0.0000e+00 0.0000e+00
-1.8660e+00 0.0000e+00 0.0000e+00 0.0000e+00
-1.4981e-02 0.0000e+00 0.0000e+00 0.0000e+00
-1.4651e-03 0.0000e+00 0.0000e+00 0.0000e+00
# New trial
-6.5531e+00 -2.8462e-08 0.0000e+00 0.0000e+00
-5.7969e+00 -1.4538e-11 0.0000e+00 0.0000e+00
-3.0204e+00 0.0000e+00 0.0000e+00 0.0000e+00
-4.9575e-02 0.0000e+00 0.0000e+00 0.0000e+00
# New trial
-1.6514e+00 0.0000e+00 0.0000e+00 0.0000e+00
-8.0278e-02 0.0000e+00 0.0000e+00 0.0000e+00
-7.3735e-05 0.0000e+00 0.0000e+00 0.0000e+00
-1.1194e-01 0.0000e+00 0.0000e+00 0.0000e+00
# New trial
-4.3103e+00 0.0000e+00 0.0000e+00 0.0000e+00
-2.6063e+00 0.0000e+00 0.0000e+00 0.0000e+00
-2.6102e-01 0.0000e+00 0.0000e+00 0.0000e+00
-3.1895e-01 0.0000e+00 0.0000e+00 0.0000e+00
# New trial
-6.8851e+00 -7.9038e-07 0.0000e+00 0.0000e+00
-6.0897e+00 -2.7373e-10 0.0000e+00 0.0000e+00
-3.3799e+00 0.0000e+00 0.0000e+00 0.0000e+00
-2.9438e-01 0.0000e+00 0.0000e+00 0.0000e+00
# New trial
-1.8068e+00 0.0000e+00 0.0000e+00 0.0000e+00
-2.1241e-01 0.0000e+00 0.0000e+00 0.0000e+00
-4.2726e-04 0.0000e+00 0.0000e+00 0.0000e+00
-3.9562e-02 0.0000e+00 0.0000e+00 0.0000e+00
# New trial
-2.8392e+00 0.0000e+00 0.0000e+00 0.0000e+00
-5.7506e-01 0.0000e+00 0.0000e+00 0.0000e+00
-7.3957e-04 0.0000e+00 0.0000e+00 0.0000e+00
-2.4582e-03 0.0000e+00 0.0000e+00 0.0000e+00
# New trial
-5.7033e+00 -5.7980e-12 0.0000e+00 0.0000e+00
-4.6217e+00 0.0000e+00 0.0000e+00 0.0000e+00
-1.2803e+00 0.0000e+00 0.0000e+00 0.0000e+00
-1.0470e-02 0.0000e+00 0.0000e+00 0.0000e+00
# New trial
-1.8765e+00 0.0000e+00 0.0000e+00 0.0000e+00
-2.0474e-01 0.0000e+00 0.0000e+00 0.0000e+00
-1.3351e-04 0.0000e+00 0.0000e+00 0.0000e+00
-2.0849e-04 0.0000e+00 0.0000e+00 0.0000e+00
# New trial
-6.6165e+00 -5.3853e-08 0.0000e+00 0.0000e+00
-6.0599e+00 -2.0304e-10 0.0000e+00 0.0000e+00
-3.7683e+00 0.0000e+00 0.0000e+00 0.0000e+00
-1.7516e-01 0.0000e+00 0.0000e+00 0.0000e+00
# New trial
-5.3885e+00 -2.4869e-13 0.0000e+00 0.0000e+00
-4.0325e+00 0.0000e+00 0.0000e+00 0.0000e+00
-4.4392e-01 0.0000e+00 0.0000e+00 0.0000e+00
-2.0899e-03 0.0000e+00 0.0000e+00 0.0000e+00
# New trial
