# 0.01sig - Array shape (trial/sig/alpha): (30L, 4L, 4L)
-3.2766e+00 0.0000e+00 0.0000e+00 0.0000e+00
-1.2121e+00 0.0000e+00 0.0000e+00 0.0000e+00
-2.9701e-02 0.0000e+00 0.0000e+00 0.0000e+00
-6.6668e-01 0.0000e+00 0.0000e+00 0.0000e+00
# New trial
-1.5914e+00 0.0000e+00 0.0000e+00 0.0000e+00
-2.8669e-01 0.0000e+00 0.0000e+00 0.0000e+00
-4.3046e-03 0.0000e+00 0.0000e+00 0.0000e+00
-8.9609e-01 0.0000e+00 0.0000e+00 0.0000e+00
# New trial
-3.2471e+00 0.0000e+00 0.0000e+00 0.0000e+00
-9.9430e-01 0.0000e+00 0.0000e+00 0.0000e+00
-1.0050e-02 0.0000e+00 0.0000e+00 0.0000e+00
-3.1104e-01 0.0000e+00 0.0000e+00 0.0000e+00
# New trial
-3.3713e+00 0.0000e+00 0.0000e+00 0.0000e+00
-1.7054e+00 0.0000e+00 0.0000e+00 0.0000e+00
-7.2724e-02 0.0000e+00 0.0000e+00 0.0000e+00
-1.0334e+00 0.0000e+00 0.0000e+00 0.0000e+00
# New trial
-8.9513e-01 0.0000e+00 0.0000e+00 0.0000e+00
-7.8791e-03 0.0000e+00 0.0000e+00 0.0000e+00
-4.1934e-06 0.0000e+00 0.0000e+00 0.0000e+00
-1.3859e+00 0.0000e+00 0.0000e+00 0.0000e+00
# New trial
-5.5428e+00 -1.3216e-12 0.0000e+00 0.0000e+00
-4.7137e+00 0.0000e+00 0.0000e+00 0.0000e+00
-2.2538e+00 0.0000e+00 0.0000e+00 0.0000e+00
-9.3904e-01 0.0000e+00 0.0000e+00 0.0000e+00
# New trial
-2.7931e+00 0.0000e+00 0.0000e+00 0.0000e+00
-1.0410e+00 0.0000e+00 0.0000e+00 0.0000e+00
-3.4131e-02 0.0000e+00 0.0000e+00 0.0000e+00
-2.1823e+00 0.0000e+00 0.0000e+00 0.0000e+00
# New trial
-9.4231e-01 0.0000e+00 0.0000e+00 0.0000e+00
-4.3061e-02 0.0000e+00 0.0000e+00 0.0000e+00
-1.2742e-04 0.0000e+00 0.0000e+00 0.0000e+00
-1.5991e-01 0.0000e+00 0.0000e+00 0.0000e+00
# New trial
-5.1808e+00 -5.6843e-14 0.0000e+00 0.0000e+00
-3.8482e+00 0.0000e+00 0.0000e+00 0.0000e+00
-1.0362e+00 0.0000e+00 0.0000e+00 0.0000e+00
-2.6865e+00 0.0000e+00 0.0000e+00 0.0000e+00
# New trial
-4.0867e-01 0.0000e+00 0.0000e+00 0.0000e+00
-2.3417e-03 0.0000e+00 0.0000e+00 0.0000e+00
-4.0070e-06 0.0000e+00 0.0000e+00 0.0000e+00
-3.5568e+00 0.0000e+00 0.0000e+00 0.0000e+00
# New trial
-1.6333e+00 0.0000e+00 0.0000e+00 0.0000e+00
-9.3761e-02 0.0000e+00 0.0000e+00 0.0000e+00
-2.0090e-04 0.0000e+00 0.0000e+00 0.0000e+00
-2.9258e-01 0.0000e+00 0.0000e+00 0.0000e+00
# New trial
-5.1983e+00 -3.5527e-14 0.0000e+00 0.0000e+00
-3.5666e+00 0.0000e+00 0.0000e+00 0.0000e+00
-1.7108e-01 0.0000e+00 0.0000e+00 0.0000e+00
-2.0140e-03 0.0000e+00 0.0000e+00 0.0000e+00
# New trial
-5.3164e+00 -1.2790e-13 0.0000e+00 0.0000e+00
-4.2518e+00 0.0000e+00 0.0000e+00 0.0000e+00
-1.4840e+00 0.0000e+00 0.0000e+00 0.0000e+00
-3.2761e-01 0.0000e+00 0.0000e+00 0.0000e+00
# New trial
-1.2132e+00 0.0000e+00 0.0000e+00 0.0000e+00
-9.0935e-02 0.0000e+00 0.0000e+00 0.0000e+00
-2.5665e-04 0.0000e+00 0.0000e+00 0.0000e+00
-5.8807e-02 0.0000e+00 0.0000e+00 0.0000e+00
# New trial
-4.9139e+00 0.0000e+00 0.0000e+00 0.0000e+00
-3.6371e+00 0.0000e+00 0.0000e+00 0.0000e+00
-4.8626e-01 0.0000e+00 0.0000e+00 0.0000e+00
-5.5383e-02 0.0000e+00 0.0000e+00 0.0000e+00
# New trial
-7.6703e-02 0.0000e+00 0.0000e+00 0.0000e+00
-2.1289e-04 0.0000e+00 0.0000e+00 0.0000e+00
-3.7774e-07 0.0000e+00 0.0000e+00 0.0000e+00
-2.4678e+00 0.0000e+00 0.0000e+00 0.0000e+00
# New trial
-1.9876e+00 0.0000e+00 0.0000e+00 0.0000e+00
-1.6828e-01 0.0000e+00 0.0000e+00 0.0000e+00
-9.7472e-05 0.0000e+00 0.0000e+00 0.0000e+00
-2.9531e-03 0.0000e+00 0.0000e+00 0.0000e+00
# New trial
-3.3336e+00 0.0000e+00 0.0000e+00 0.0000e+00
-1.3807e+00 0.0000e+00 0.0000e+00 0.0000e+00
-1.4554e-02 0.0000e+00 0.0000e+00 0.0000e+00
-4.0642e-02 0.0000e+00 0.0000e+00 0.0000e+00
# New trial
-6.5047e+00 -1.8514e-08 0.0000e+00 0.0000e+00
-5.8952e+00 -3.9144e-11 0.0000e+00 0.0000e+00
-4.4265e+00 0.0000e+00 0.0000e+00 0.0000e+00
-4.3463e+00 0.0000e+00 0.0000e+00 0.0000e+00
# New trial
-3.7027e+00 0.0000e+00 0.0000e+00 0.0000e+00
-1.6879e+00 0.0000e+00 0.0000e+00 0.0000e+00
-1.1864e-01 0.0000e+00 0.0000e+00 0.0000e+00
-2.1828e+00 0.0000e+00 0.0000e+00 0.0000e+00
# New trial
-6.0174e+00 -1.3520e-10 0.0000e+00 0.0000e+00
-5.2988e+00 -9.9476e-14 0.0000e+00 0.0000e+00
-3.0664e+00 0.0000e+00 0.0000e+00 0.0000e+00
-5.8363e-01 0.0000e+00 0.0000e+00 0.0000e+00
# New trial
-7.8877e-01 0.0000e+00 0.0000e+00 0.0000e+00
-1.0033e-02 0.0000e+00 0.0000e+00 0.0000e+00
-1.1366e-05 0.0000e+00 0.0000e+00 0.0000e+00
-1.7777e+00 0.0000e+00 0.0000e+00 0.0000e+00
# New trial
-2.8778e+00 0.0000e+00 0.0000e+00 0.0000e+00
-7.3248e-01 0.0000e+00 0.0000e+00 0.0000e+00
-1.7827e-03 0.0000e+00 0.0000e+00 0.0000e+00
-1.9630e-02 0.0000e+00 0.0000e+00 0.0000e+00
# New trial
-6.2842e+00 -1.9661e-09 0.0000e+00 0.0000e+00
-5.4480e+00 -4.4054e-13 0.0000e+00 0.0000e+00
-2.7320e+00 0.0000e+00 0.0000e+00 0.0000e+00
-5.4298e-01 0.0000e+00 0.0000e+00 0.0000e+00
# New trial
-7.1726e-01 0.0000e+00 0.0000e+00 0.0000e+00
-1.6350e-02 0.0000e+00 0.0000e+00 0.0000e+00
-8.2162e-06 0.0000e+00 0.0000e+00 0.0000e+00
-3.5261e-01 0.0000e+00 0.0000e+00 0.0000e+00
# New trial
-2.1576e+00 0.0000e+00 0.0000e+00 0.0000e+00
-1.8928e-01 0.0000e+00 0.0000e+00 0.0000e+00
-2.8524e-04 0.0000e+00 0.0000e+00 0.0000e+00
-3.8202e-01 0.0000e+00 0.0000e+00 0.0000e+00
# New trial
-5.0726e+00 -1.4211e-14 0.0000e+00 0.0000e+00
-3.9989e+00 0.0000e+00 0.0000e+00 0.0000e+00
-1.4311e+00 0.0000e+00 0.0000e+00 0.0000e+00
-6.9699e-01 0.0000e+00 0.0000e+00 0.0000e+00
# New trial
-1.1561e+00 0.0000e+00 0.0000e+00 0.0000e+00
-5.9219e-02 0.0000e+00 0.0000e+00 0.0000e+00
-1.1484e-04 0.0000e+00 0.0000e+00 0.0000e+00
-1.2391e-01 0.0000e+00 0.0000e+00 0.0000e+00
# New trial
-6.3566e+00 -4.1188e-09 0.0000e+00 0.0000e+00
-5.9513e+00 -6.8404e-11 0.0000e+00 0.0000e+00
-4.5033e+00 0.0000e+00 0.0000e+00 0.0000e+00
-2.4948e+00 0.0000e+00 0.0000e+00 0.0000e+00
# New trial
-4.6566e+00 0.0000e+00 0.0000e+00 0.0000e+00
-3.2249e+00 0.0000e+00 0.0000e+00 0.0000e+00
-3.3777e-01 0.0000e+00 0.0000e+00 0.0000e+00
-6.4399e-02 0.0000e+00 0.0000e+00 0.0000e+00
# New trial
