# 0.01sig - Array shape (trial/sig/alpha): (30L, 4L, 4L)
-8.4421e+00 -1.0501e+01 -9.1538e+01 -9.1524e+02
-8.9780e+00 -7.5189e+00 -2.1201e+01 -2.1168e+02
-9.2080e+00 -9.1861e+00 -8.9776e+00 -1.1016e+01
-9.2104e+00 -9.2104e+00 -9.2104e+00 -9.2104e+00
# New trial
-8.8329e+00 -1.3580e+01 -1.2389e+02 -1.2354e+03
-9.1042e+00 -8.6375e+00 -2.7235e+01 -2.7224e+02
-9.2097e+00 -9.2029e+00 -9.1447e+00 -1.6903e+01
-9.2104e+00 -9.2104e+00 -9.2104e+00 -9.2104e+00
# New trial
-8.9791e+00 -1.3076e+01 -1.1148e+02 -1.1085e+03
-9.1562e+00 -9.0814e+00 -4.5687e+01 -4.5687e+02
-9.2103e+00 -9.2093e+00 -9.2075e+00 -2.2280e+01
-9.2104e+00 -9.2104e+00 -9.2104e+00 -9.2104e+00
# New trial
-8.9972e+00 -3.6345e+01 -3.6185e+02 -3.6185e+03
-8.9266e+00 -1.1954e+01 -1.0692e+02 -1.0692e+03
-9.2074e+00 -9.1809e+00 -9.2565e+00 -7.0278e+01
-9.2104e+00 -9.2104e+00 -9.2104e+00 -9.2104e+00
# New trial
-9.1881e+00 -1.0608e+01 -8.2095e+01 -8.1884e+02
-9.2024e+00 -9.1914e+00 -2.1746e+01 -2.1088e+02
-9.2104e+00 -9.2105e+00 -9.2127e+00 -9.8917e+00
-9.2104e+00 -9.2104e+00 -9.2104e+00 -9.2104e+00
# New trial
-7.8899e+00 -3.3875e+01 -3.3733e+02 -3.3733e+03
-8.8402e+00 -1.2736e+01 -1.1477e+02 -1.1463e+03
-9.2100e+00 -9.2068e+00 -9.4533e+00 -7.1081e+01
-9.2104e+00 -9.2104e+00 -9.2104e+00 -9.2104e+00
# New trial
-9.6137e+00 -5.8804e+01 -5.8793e+02 -5.8793e+03
-9.2004e+00 -1.6962e+01 -1.6697e+02 -1.6697e+03
-9.2121e+00 -9.2283e+00 -9.7217e+00 -7.7725e+01
-9.2104e+00 -9.2104e+00 -9.2104e+00 -9.2104e+00
# New trial
-9.4401e+00 -2.2355e+01 -2.1361e+02 -2.1361e+03
-9.2577e+00 -1.0561e+01 -5.8451e+01 -5.8095e+02
-9.2113e+00 -9.2190e+00 -9.3122e+00 -2.4951e+01
-9.2104e+00 -9.2104e+00 -9.2104e+00 -9.2104e+00
# New trial
-8.3344e+00 -2.6396e+01 -2.6394e+02 -2.6394e+03
-8.9862e+00 -9.5221e+00 -7.5933e+01 -7.5932e+02
-9.2097e+00 -9.2035e+00 -9.1893e+00 -3.8059e+01
-9.2104e+00 -9.2104e+00 -9.2104e+00 -9.2104e+00
# New trial
-9.0750e+00 -2.2776e+01 -2.1917e+02 -2.1895e+03
-9.0804e+00 -9.7778e+00 -7.6582e+01 -7.6582e+02
-9.2079e+00 -9.1851e+00 -8.9985e+00 -3.5542e+01
-9.2104e+00 -9.2104e+00 -9.2104e+00 -9.2104e+00
# New trial
-9.1202e+00 -9.9418e+00 -6.9682e+01 -6.9682e+02
-9.1809e+00 -9.0495e+00 -2.6172e+01 -2.6033e+02
-9.2102e+00 -9.2081e+00 -9.1894e+00 -1.0428e+01
-9.2104e+00 -9.2104e+00 -9.2104e+00 -9.2104e+00
# New trial
-1.0326e+01 -5.2205e+01 -5.2154e+02 -5.2154e+03
-9.4809e+00 -1.8003e+01 -1.7122e+02 -1.7122e+03
-9.2136e+00 -9.2428e+00 -9.7093e+00 -4.9003e+01
-9.2104e+00 -9.2104e+00 -9.2104e+00 -9.2104e+00
# New trial
-8.9411e+00 -2.9447e+01 -2.8336e+02 -2.8299e+03
-9.1405e+00 -1.1245e+01 -8.9673e+01 -8.9670e+02
-9.2115e+00 -9.2214e+00 -9.3832e+00 -3.5516e+01
-9.2104e+00 -9.2104e+00 -9.2104e+00 -9.2104e+00
# New trial
-9.0256e+00 -1.6547e+01 -1.5828e+02 -1.5828e+03
-9.1728e+00 -9.3705e+00 -6.0047e+01 -6.0047e+02
-9.2105e+00 -9.2114e+00 -9.2335e+00 -3.0325e+01
-9.2104e+00 -9.2104e+00 -9.2104e+00 -9.2104e+00
# New trial
-9.4821e+00 -2.7974e+01 -2.7274e+02 -2.7274e+03
-9.2003e+00 -1.0744e+01 -8.1249e+01 -8.1249e+02
-9.2100e+00 -9.2064e+00 -9.2061e+00 -3.4004e+01
-9.2104e+00 -9.2104e+00 -9.2104e+00 -9.2104e+00
# New trial
-9.1340e+00 -1.9073e+01 -1.8929e+02 -1.8929e+03
-9.1801e+00 -9.2928e+00 -5.1737e+01 -5.1736e+02
-9.2104e+00 -9.2099e+00 -9.2112e+00 -1.8001e+01
-9.2104e+00 -9.2104e+00 -9.2104e+00 -9.2104e+00
# New trial
-8.6401e+00 -1.9462e+01 -1.8201e+02 -1.8160e+03
-9.0717e+00 -9.5231e+00 -6.0054e+01 -5.9780e+02
-9.2106e+00 -9.2118e+00 -9.2533e+00 -2.3824e+01
-9.2104e+00 -9.2104e+00 -9.2104e+00 -9.2104e+00
# New trial
-8.9657e+00 -3.5119e+01 -3.5118e+02 -3.5118e+03
-9.0843e+00 -1.2265e+01 -1.0345e+02 -1.0345e+03
-9.2105e+00 -9.2121e+00 -9.3122e+00 -4.0796e+01
-9.2104e+00 -9.2104e+00 -9.2104e+00 -9.2104e+00
# New trial
-8.9485e+00 -2.9047e+01 -2.9041e+02 -2.9041e+03
-9.1389e+00 -1.0881e+01 -9.0752e+01 -9.0752e+02
-9.2111e+00 -9.2178e+00 -9.7464e+00 -8.6523e+01
-9.2104e+00 -9.2104e+00 -9.2104e+00 -9.2104e+00
# New trial
-9.2975e+00 -2.1259e+01 -2.1016e+02 -2.1016e+03
-9.2152e+00 -9.7843e+00 -4.9792e+01 -4.9577e+02
-9.2105e+00 -9.2112e+00 -9.2308e+00 -1.9353e+01
-9.2104e+00 -9.2104e+00 -9.2104e+00 -9.2104e+00
# New trial
-9.4925e+00 -2.5327e+01 -2.4702e+02 -2.4702e+03
-9.2779e+00 -1.1030e+01 -6.4754e+01 -6.4373e+02
-9.2111e+00 -9.2174e+00 -9.3108e+00 -2.8198e+01
-9.2104e+00 -9.2104e+00 -9.2104e+00 -9.2104e+00
# New trial
-9.2007e+00 -1.3363e+01 -1.1367e+02 -1.1298e+03
-9.1942e+00 -9.2117e+00 -3.3122e+01 -3.2817e+02
-9.2101e+00 -9.2074e+00 -9.1845e+00 -1.2957e+01
-9.2104e+00 -9.2104e+00 -9.2104e+00 -9.2104e+00
# New trial
-8.7490e+00 -8.0644e+00 -6.4231e+01 -6.3690e+02
-9.1134e+00 -8.4063e+00 -2.5131e+01 -2.5130e+02
-9.2100e+00 -9.2061e+00 -9.1698e+00 -1.0288e+01
-9.2104e+00 -9.2104e+00 -9.2104e+00 -9.2104e+00
# New trial
-9.4937e+00 -2.4773e+01 -2.3552e+02 -2.3538e+03
-9.2706e+00 -1.0963e+01 -7.0730e+01 -7.0699e+02
-9.2109e+00 -9.2155e+00 -9.2826e+00 -2.3068e+01
-9.2104e+00 -9.2104e+00 -9.2104e+00 -9.2104e+00
# New trial
-8.5968e+00 -1.1293e+01 -9.5692e+01 -9.5679e+02
-9.0401e+00 -8.2669e+00 -3.5073e+01 -3.4690e+02
-9.2094e+00 -9.1998e+00 -9.1163e+00 -1.5631e+01
-9.2104e+00 -9.2104e+00 -9.2104e+00 -9.2104e+00
# New trial
-8.8850e+00 -3.5009e+01 -3.4800e+02 -3.4800e+03
-9.0937e+00 -1.1740e+01 -1.0198e+02 -1.0197e+03
-9.2105e+00 -9.2120e+00 -9.3252e+00 -4.7911e+01
-9.2104e+00 -9.2104e+00 -9.2104e+00 -9.2104e+00
# New trial
-9.7237e+00 -3.9375e+01 -3.9333e+02 -3.9333e+03
-9.2883e+00 -1.2593e+01 -9.4534e+01 -9.4523e+02
-9.2113e+00 -9.2195e+00 -9.3530e+00 -4.0452e+01
-9.2104e+00 -9.2104e+00 -9.2104e+00 -9.2104e+00
# New trial
-9.4438e+00 -2.6272e+01 -2.5964e+02 -2.5964e+03
-9.2614e+00 -1.0812e+01 -8.2828e+01 -8.2828e+02
-9.2113e+00 -9.2190e+00 -9.3169e+00 -3.0107e+01
-9.2104e+00 -9.2104e+00 -9.2104e+00 -9.2104e+00
# New trial
-9.0005e+00 -1.3284e+01 -1.3190e+02 -1.3190e+03
-9.1615e+00 -8.8830e+00 -2.9525e+01 -2.9525e+02
-9.2102e+00 -9.2083e+00 -9.1915e+00 -1.0634e+01
-9.2104e+00 -9.2104e+00 -9.2104e+00 -9.2104e+00
# New trial
-8.9510e+00 -2.7668e+01 -2.7335e+02 -2.7335e+03
-9.1498e+00 -9.8300e+00 -7.9521e+01 -7.9498e+02
-9.2106e+00 -9.2121e+00 -9.2643e+00 -5.2824e+01
-9.2104e+00 -9.2104e+00 -9.2104e+00 -9.2104e+00
# New trial
