# 0.1sig - Array shape (trial/sig/alpha): (30L, 4L, 4L)
-6.9238e+00 -1.9398e-06 0.0000e+00 0.0000e+00
-6.6608e+00 -8.4594e-08 0.0000e+00 0.0000e+00
-6.3816e+00 -5.0992e-09 0.0000e+00 0.0000e+00
-6.8550e+00 -5.8369e-07 0.0000e+00 0.0000e+00
# New trial
-6.6511e+00 -9.2779e-08 0.0000e+00 0.0000e+00
-6.1475e+00 -4.9242e-10 0.0000e+00 0.0000e+00
-5.1320e+00 -2.1316e-14 0.0000e+00 0.0000e+00
-4.9198e+00 0.0000e+00 0.0000e+00 0.0000e+00
# New trial
-7.1015e+00 -7.9359e-06 0.0000e+00 0.0000e+00
-6.8926e+00 -8.6184e-07 0.0000e+00 0.0000e+00
-6.4418e+00 -9.3200e-09 0.0000e+00 0.0000e+00
-6.8721e+00 -6.9300e-07 0.0000e+00 0.0000e+00
# New trial
-6.7606e+00 -4.3086e-07 0.0000e+00 0.0000e+00
-5.9245e+00 -5.4328e-11 0.0000e+00 0.0000e+00
-4.5942e+00 0.0000e+00 0.0000e+00 0.0000e+00
-4.8737e+00 0.0000e+00 0.0000e+00 0.0000e+00
# New trial
-7.5201e+00 -4.6661e-04 0.0000e+00 0.0000e+00
-7.5111e+00 -4.1485e-04 0.0000e+00 0.0000e+00
-7.7328e+00 -3.8068e-03 0.0000e+00 0.0000e+00
-7.9749e+00 -4.2043e-02 0.0000e+00 0.0000e+00
# New trial
-7.5857e+00 -9.2744e-04 0.0000e+00 0.0000e+00
-7.5376e+00 -5.4118e-04 0.0000e+00 0.0000e+00
-7.7473e+00 -4.3996e-03 0.0000e+00 0.0000e+00
-8.0394e+00 -7.8748e-02 0.0000e+00 0.0000e+00
# New trial
-7.5928e+00 -1.0310e-03 0.0000e+00 0.0000e+00
-7.4703e+00 -2.7643e-04 0.0000e+00 0.0000e+00
-7.3521e+00 -8.4493e-05 0.0000e+00 0.0000e+00
-7.4958e+00 -3.5610e-04 0.0000e+00 0.0000e+00
# New trial
-7.2066e+00 -2.2655e-05 0.0000e+00 0.0000e+00
-6.5240e+00 -2.1406e-08 0.0000e+00 0.0000e+00
-5.2195e+00 -4.2633e-14 0.0000e+00 0.0000e+00
-4.6038e+00 0.0000e+00 0.0000e+00 0.0000e+00
# New trial
-6.4792e+00 -2.9255e-08 0.0000e+00 0.0000e+00
-5.5110e+00 -8.7397e-13 0.0000e+00 0.0000e+00
-3.7481e+00 0.0000e+00 0.0000e+00 0.0000e+00
-4.0514e+00 0.0000e+00 0.0000e+00 0.0000e+00
# New trial
-7.6418e+00 -1.6237e-03 0.0000e+00 0.0000e+00
-7.4590e+00 -2.4709e-04 0.0000e+00 0.0000e+00
-7.4724e+00 -2.8175e-04 0.0000e+00 0.0000e+00
-7.8795e+00 -1.6401e-02 0.0000e+00 0.0000e+00
# New trial
-7.4689e+00 -4.8798e-04 0.0000e+00 0.0000e+00
-6.8189e+00 -4.3666e-07 0.0000e+00 0.0000e+00
-5.9248e+00 -5.2438e-11 0.0000e+00 0.0000e+00
-6.7571e+00 -2.1911e-07 0.0000e+00 0.0000e+00
# New trial
-5.4217e+00 -1.5558e-08 0.0000e+00 0.0000e+00
-3.5992e+00 0.0000e+00 0.0000e+00 0.0000e+00
-1.0264e+00 0.0000e+00 0.0000e+00 0.0000e+00
-2.2309e+00 0.0000e+00 0.0000e+00 0.0000e+00
# New trial
-7.3282e+00 -7.3895e-05 0.0000e+00 0.0000e+00
-7.2836e+00 -4.2666e-05 0.0000e+00 0.0000e+00
-7.3402e+00 -7.5003e-05 0.0000e+00 0.0000e+00
-7.6169e+00 -1.1946e-03 0.0000e+00 0.0000e+00
# New trial
-7.3025e+00 -5.6397e-05 0.0000e+00 0.0000e+00
-6.8703e+00 -6.8253e-07 0.0000e+00 0.0000e+00
-6.1756e+00 -6.4759e-10 0.0000e+00 0.0000e+00
-6.0893e+00 -2.7274e-10 0.0000e+00 0.0000e+00
# New trial
-7.8733e+00 -1.5634e-02 0.0000e+00 0.0000e+00
-7.3732e+00 -1.0447e-04 0.0000e+00 0.0000e+00
-6.3084e+00 -2.4495e-09 0.0000e+00 0.0000e+00
-5.2714e+00 -7.1054e-14 0.0000e+00 0.0000e+00
# New trial
-7.6116e+00 -1.5147e-03 0.0000e+00 0.0000e+00
-7.0238e+00 -3.2223e-06 0.0000e+00 0.0000e+00
-6.0112e+00 -1.2466e-10 0.0000e+00 0.0000e+00
-6.3167e+00 -2.6613e-09 0.0000e+00 0.0000e+00
# New trial
-5.9312e+00 -4.8170e-08 0.0000e+00 0.0000e+00
-4.2754e+00 0.0000e+00 0.0000e+00 0.0000e+00
-1.6980e+00 0.0000e+00 0.0000e+00 0.0000e+00
-3.3582e+00 0.0000e+00 0.0000e+00 0.0000e+00
# New trial
-5.9889e+00 -6.0687e-09 0.0000e+00 0.0000e+00
-4.9086e+00 0.0000e+00 0.0000e+00 0.0000e+00
-2.8227e+00 0.0000e+00 0.0000e+00 0.0000e+00
-3.1066e+00 0.0000e+00 0.0000e+00 0.0000e+00
# New trial
-6.6547e+00 -1.2151e-07 0.0000e+00 0.0000e+00
-6.0812e+00 -2.5532e-10 0.0000e+00 0.0000e+00
-5.0413e+00 -7.1054e-15 0.0000e+00 0.0000e+00
-5.0378e+00 -7.1054e-15 0.0000e+00 0.0000e+00
# New trial
-6.7336e+00 -2.0972e-07 0.0000e+00 0.0000e+00
-5.6117e+00 -2.3022e-12 0.0000e+00 0.0000e+00
-3.1306e+00 0.0000e+00 0.0000e+00 0.0000e+00
-1.2184e+00 0.0000e+00 0.0000e+00 0.0000e+00
# New trial
-6.2999e+00 -3.1743e-08 0.0000e+00 0.0000e+00
-5.1670e+00 -2.8422e-14 0.0000e+00 0.0000e+00
-3.2958e+00 0.0000e+00 0.0000e+00 0.0000e+00
-4.1264e+00 0.0000e+00 0.0000e+00 0.0000e+00
# New trial
-7.2655e+00 -5.2175e-05 0.0000e+00 0.0000e+00
-6.8703e+00 -6.9804e-07 0.0000e+00 0.0000e+00
-6.7505e+00 -2.0515e-07 0.0000e+00 0.0000e+00
-7.5606e+00 -6.8043e-04 0.0000e+00 0.0000e+00
# New trial
-7.4494e+00 -2.8508e-04 0.0000e+00 0.0000e+00
-7.4132e+00 -1.5642e-04 0.0000e+00 0.0000e+00
-7.7194e+00 -3.3282e-03 0.0000e+00 0.0000e+00
-8.2000e+00 -3.4247e-01 0.0000e+00 0.0000e+00
# New trial
-7.2796e+00 -4.1568e-05 0.0000e+00 0.0000e+00
-6.4849e+00 -1.4364e-08 0.0000e+00 0.0000e+00
-4.4098e+00 0.0000e+00 0.0000e+00 0.0000e+00
-1.4812e+00 0.0000e+00 0.0000e+00 0.0000e+00
# New trial
-6.7112e+00 -4.0274e-05 0.0000e+00 0.0000e+00
-5.4008e+00 -3.1264e-13 0.0000e+00 0.0000e+00
-2.8492e+00 0.0000e+00 0.0000e+00 0.0000e+00
-2.9933e+00 0.0000e+00 0.0000e+00 0.0000e+00
# New trial
-6.1972e+00 -1.6276e-08 0.0000e+00 0.0000e+00
-4.9696e+00 -7.1054e-15 0.0000e+00 0.0000e+00
-3.0504e+00 0.0000e+00 0.0000e+00 0.0000e+00
-4.4027e+00 0.0000e+00 0.0000e+00 0.0000e+00
# New trial
-7.2233e+00 -3.5188e-05 0.0000e+00 0.0000e+00
-7.4232e+00 -1.7329e-04 0.0000e+00 0.0000e+00
-8.2010e+00 -3.4533e-01 0.0000e+00 0.0000e+00
-8.8993e+00 -6.1006e+00 -3.0531e-10 0.0000e+00
# New trial
-6.8721e+00 -1.2124e-06 0.0000e+00 0.0000e+00
-6.0076e+00 -1.2400e-10 0.0000e+00 0.0000e+00
-4.1637e+00 0.0000e+00 0.0000e+00 0.0000e+00
-3.4268e+00 0.0000e+00 0.0000e+00 0.0000e+00
# New trial
-7.4910e+00 -4.0614e-04 0.0000e+00 0.0000e+00
-7.5963e+00 -9.7479e-04 0.0000e+00 0.0000e+00
-8.2277e+00 -4.3074e-01 0.0000e+00 0.0000e+00
-8.7156e+00 -4.2753e+00 0.0000e+00 0.0000e+00
# New trial
-7.0958e+00 -7.6771e-06 0.0000e+00 0.0000e+00
-6.6305e+00 -6.2017e-08 0.0000e+00 0.0000e+00
-5.9015e+00 -4.1481e-11 0.0000e+00 0.0000e+00
-5.8728e+00 -3.1115e-11 0.0000e+00 0.0000e+00
# New trial
