# 0.01sig - Array shape (trial/sig/alpha): (30L, 4L, 4L)
-9.2284e+00 -1.3552e+01 -1.2984e+02 -1.2984e+03
-9.2029e+00 -9.3464e+00 -4.6575e+01 -4.6521e+02
-9.2102e+00 -9.2083e+00 -9.1941e+00 -1.8418e+01
-9.2104e+00 -9.2104e+00 -9.2104e+00 -9.2104e+00
# New trial
-9.1209e+00 -1.8039e+01 -1.6424e+02 -1.6422e+03
-9.1479e+00 -9.4647e+00 -5.8656e+01 -5.8300e+02
-9.2100e+00 -9.2065e+00 -9.1893e+00 -3.2893e+01
-9.2104e+00 -9.2104e+00 -9.2104e+00 -9.2104e+00
# New trial
-9.1671e+00 -1.4791e+01 -1.3575e+02 -1.3575e+03
-9.1835e+00 -9.2927e+00 -4.4147e+01 -4.4138e+02
-9.2103e+00 -9.2089e+00 -9.2019e+00 -2.0745e+01
-9.2104e+00 -9.2104e+00 -9.2104e+00 -9.2104e+00
# New trial
-9.0665e+00 -3.3315e+01 -3.2611e+02 -3.2611e+03
-9.1745e+00 -1.3594e+01 -1.2580e+02 -1.2580e+03
-9.2120e+00 -9.2275e+00 -9.6097e+00 -6.9530e+01
-9.2104e+00 -9.2104e+00 -9.2104e+00 -9.2104e+00
# New trial
-9.0622e+00 -8.8807e+00 -6.1228e+01 -6.1152e+02
-9.1867e+00 -9.0171e+00 -1.7235e+01 -1.6643e+02
-9.2104e+00 -9.2101e+00 -9.2075e+00 -9.4497e+00
-9.2104e+00 -9.2104e+00 -9.2104e+00 -9.2104e+00
# New trial
-8.6482e+00 -3.9018e+01 -3.8738e+02 -3.8738e+03
-8.9002e+00 -1.1499e+01 -1.0200e+02 -1.0198e+03
-9.2081e+00 -9.1875e+00 -9.1566e+00 -6.0977e+01
-9.2104e+00 -9.2104e+00 -9.2104e+00 -9.2104e+00
# New trial
-7.6596e+00 -3.5723e+01 -3.5597e+02 -3.5597e+03
-8.6367e+00 -1.2881e+01 -1.1797e+02 -1.1797e+03
-9.2092e+00 -9.2003e+00 -1.0303e+01 -9.7085e+01
-9.2104e+00 -9.2104e+00 -9.2104e+00 -9.2104e+00
# New trial
-9.1343e+00 -2.2337e+01 -2.1725e+02 -2.1725e+03
-9.1750e+00 -9.9315e+00 -5.5949e+01 -5.5808e+02
-9.2107e+00 -9.2131e+00 -9.2579e+00 -2.5960e+01
-9.2104e+00 -9.2104e+00 -9.2104e+00 -9.2104e+00
# New trial
-9.7810e+00 -3.8674e+01 -3.8672e+02 -3.8672e+03
-9.3502e+00 -1.2711e+01 -1.0509e+02 -1.0509e+03
-9.2113e+00 -9.2194e+00 -9.3398e+00 -3.6413e+01
-9.2104e+00 -9.2104e+00 -9.2104e+00 -9.2104e+00
# New trial
-8.8025e+00 -1.9818e+01 -1.8919e+02 -1.8886e+03
-9.0722e+00 -9.6298e+00 -7.6297e+01 -7.6297e+02
-9.2103e+00 -9.2098e+00 -9.2434e+00 -3.6917e+01
-9.2104e+00 -9.2104e+00 -9.2104e+00 -9.2104e+00
# New trial
-9.3139e+00 -1.1896e+01 -8.4187e+01 -8.4116e+02
-9.2387e+00 -9.6272e+00 -3.0483e+01 -3.0352e+02
-9.2105e+00 -9.2111e+00 -9.2189e+00 -1.0461e+01
-9.2104e+00 -9.2104e+00 -9.2104e+00 -9.2104e+00
# New trial
-1.0564e+01 -5.5086e+01 -5.4485e+02 -5.4481e+03
-9.6507e+00 -2.0741e+01 -2.0114e+02 -2.0113e+03
-9.2153e+00 -9.2599e+00 -9.8853e+00 -4.9490e+01
-9.2104e+00 -9.2104e+00 -9.2104e+00 -9.2104e+00
# New trial
-9.5411e+00 -3.3571e+01 -3.2864e+02 -3.2864e+03
-9.2619e+00 -1.1796e+01 -8.8256e+01 -8.7959e+02
-9.2113e+00 -9.2191e+00 -9.3426e+00 -3.0722e+01
-9.2104e+00 -9.2104e+00 -9.2104e+00 -9.2104e+00
# New trial
-9.3558e+00 -1.9709e+01 -1.9412e+02 -1.9412e+03
-9.2368e+00 -9.9217e+00 -6.0586e+01 -6.0586e+02
-9.2109e+00 -9.2149e+00 -9.2663e+00 -2.7875e+01
-9.2104e+00 -9.2104e+00 -9.2104e+00 -9.2104e+00
# New trial
-9.3541e+00 -2.4726e+01 -2.4040e+02 -2.4039e+03
-9.2294e+00 -1.0601e+01 -7.4602e+01 -7.4602e+02
-9.2106e+00 -9.2125e+00 -9.2556e+00 -3.0078e+01
-9.2104e+00 -9.2104e+00 -9.2104e+00 -9.2104e+00
# New trial
-8.8803e+00 -1.5033e+01 -1.4917e+02 -1.4917e+03
-9.1478e+00 -8.8368e+00 -4.0503e+01 -4.0500e+02
-9.2103e+00 -9.2094e+00 -9.2042e+00 -1.4660e+01
-9.2104e+00 -9.2104e+00 -9.2104e+00 -9.2104e+00
# New trial
-9.4713e+00 -2.5902e+01 -2.5232e+02 -2.5232e+03
-9.2649e+00 -1.0973e+01 -7.3921e+01 -7.3862e+02
-9.2113e+00 -9.2191e+00 -9.3177e+00 -2.1312e+01
-9.2104e+00 -9.2104e+00 -9.2104e+00 -9.2104e+00
# New trial
-8.9966e+00 -3.1299e+01 -3.1284e+02 -3.1284e+03
-9.1433e+00 -1.1750e+01 -8.7787e+01 -8.7108e+02
-9.2110e+00 -9.2164e+00 -9.3309e+00 -3.6816e+01
-9.2104e+00 -9.2104e+00 -9.2104e+00 -9.2104e+00
# New trial
-8.7151e+00 -2.3050e+01 -2.3041e+02 -2.3041e+03
-9.1240e+00 -9.9058e+00 -7.7380e+01 -7.7380e+02
-9.2110e+00 -9.2164e+00 -9.4152e+00 -7.1616e+01
-9.2104e+00 -9.2104e+00 -9.2104e+00 -9.2104e+00
# New trial
-9.5402e+00 -2.5747e+01 -2.5096e+02 -2.5096e+03
-9.2741e+00 -1.0783e+01 -7.2006e+01 -7.2003e+02
-9.2112e+00 -9.2182e+00 -9.3098e+00 -2.4187e+01
-9.2104e+00 -9.2104e+00 -9.2104e+00 -9.2104e+00
# New trial
-9.3308e+00 -2.9004e+01 -2.8063e+02 -2.8062e+03
-9.1964e+00 -1.1136e+01 -8.3178e+01 -8.3178e+02
-9.2106e+00 -9.2123e+00 -9.2819e+00 -3.3790e+01
-9.2104e+00 -9.2104e+00 -9.2104e+00 -9.2104e+00
# New trial
-8.9118e+00 -9.9604e+00 -8.1365e+01 -8.1360e+02
-9.1119e+00 -8.3760e+00 -2.3724e+01 -2.3271e+02
-9.2088e+00 -9.1938e+00 -9.0477e+00 -1.1212e+01
-9.2104e+00 -9.2104e+00 -9.2104e+00 -9.2104e+00
# New trial
-9.2927e+00 -1.1914e+01 -1.0238e+02 -1.0238e+03
-9.2297e+00 -9.4889e+00 -2.9940e+01 -2.9938e+02
-9.2106e+00 -9.2116e+00 -9.2232e+00 -9.7630e+00
-9.2104e+00 -9.2104e+00 -9.2104e+00 -9.2104e+00
# New trial
-8.7671e+00 -1.9533e+01 -1.9504e+02 -1.9504e+03
-9.0243e+00 -8.4453e+00 -5.2192e+01 -5.2192e+02
-9.2081e+00 -9.1870e+00 -8.9943e+00 -1.8520e+01
-9.2104e+00 -9.2104e+00 -9.2104e+00 -9.2104e+00
# New trial
-9.1251e+00 -1.7146e+01 -1.6442e+02 -1.6442e+03
-9.1692e+00 -9.3867e+00 -4.2216e+01 -4.1553e+02
-9.2101e+00 -9.2073e+00 -9.1888e+00 -1.6911e+01
-9.2104e+00 -9.2104e+00 -9.2104e+00 -9.2104e+00
# New trial
-7.6740e+00 -2.1334e+01 -2.1155e+02 -2.1155e+03
-8.7996e+00 -8.2684e+00 -6.6447e+01 -6.6446e+02
-9.2069e+00 -9.1751e+00 -8.9358e+00 -4.0458e+01
-9.2104e+00 -9.2104e+00 -9.2104e+00 -9.2104e+00
# New trial
-9.8298e+00 -3.9006e+01 -3.8904e+02 -3.8904e+03
-9.2994e+00 -1.2445e+01 -9.1168e+01 -9.1142e+02
-9.2119e+00 -9.2254e+00 -9.4049e+00 -3.8805e+01
-9.2104e+00 -9.2104e+00 -9.2104e+00 -9.2104e+00
# New trial
-9.0806e+00 -2.1401e+01 -2.0755e+02 -2.0755e+03
-9.1538e+00 -9.4277e+00 -6.6765e+01 -6.6765e+02
-9.2101e+00 -9.2073e+00 -9.1936e+00 -2.3875e+01
-9.2104e+00 -9.2104e+00 -9.2104e+00 -9.2104e+00
# New trial
-9.1601e+00 -2.9252e+01 -2.9244e+02 -2.9244e+03
-9.1819e+00 -1.0228e+01 -7.4096e+01 -7.4096e+02
-9.2103e+00 -9.2094e+00 -9.2194e+00 -2.0655e+01
-9.2104e+00 -9.2104e+00 -9.2104e+00 -9.2104e+00
# New trial
-8.8821e+00 -2.8823e+01 -2.8538e+02 -2.8538e+03
-9.0542e+00 -9.3778e+00 -8.0119e+01 -8.0118e+02
-9.2084e+00 -9.1901e+00 -9.0656e+00 -5.6527e+01
-9.2104e+00 -9.2104e+00 -9.2104e+00 -9.2104e+00
# New trial
