# 0.01sig - Array shape (trial/sig/alpha): (30L, 4L, 4L)
-3.4011e+00 0.0000e+00 0.0000e+00 0.0000e+00
-1.2600e+00 0.0000e+00 0.0000e+00 0.0000e+00
-6.5844e-03 0.0000e+00 0.0000e+00 0.0000e+00
-4.4791e-03 0.0000e+00 0.0000e+00 0.0000e+00
# New trial
-2.2549e+00 0.0000e+00 0.0000e+00 0.0000e+00
-5.5995e-01 0.0000e+00 0.0000e+00 0.0000e+00
-3.5864e-03 0.0000e+00 0.0000e+00 0.0000e+00
-8.3383e-02 0.0000e+00 0.0000e+00 0.0000e+00
# New trial
-3.6544e+00 0.0000e+00 0.0000e+00 0.0000e+00
-1.2799e+00 0.0000e+00 0.0000e+00 0.0000e+00
-5.8369e-03 0.0000e+00 0.0000e+00 0.0000e+00
-7.9969e-03 0.0000e+00 0.0000e+00 0.0000e+00
# New trial
-3.7436e+00 0.0000e+00 0.0000e+00 0.0000e+00
-2.1801e+00 0.0000e+00 0.0000e+00 0.0000e+00
-8.2608e-02 0.0000e+00 0.0000e+00 0.0000e+00
-1.2717e-01 0.0000e+00 0.0000e+00 0.0000e+00
# New trial
-1.1654e+00 0.0000e+00 0.0000e+00 0.0000e+00
-2.6065e-02 0.0000e+00 0.0000e+00 0.0000e+00
-6.4714e-05 0.0000e+00 0.0000e+00 0.0000e+00
-9.5424e-01 0.0000e+00 0.0000e+00 0.0000e+00
# New trial
-5.6196e+00 -2.6006e-12 0.0000e+00 0.0000e+00
-4.7120e+00 0.0000e+00 0.0000e+00 0.0000e+00
-1.6035e+00 0.0000e+00 0.0000e+00 0.0000e+00
-4.1991e-02 0.0000e+00 0.0000e+00 0.0000e+00
# New trial
-3.1780e+00 0.0000e+00 0.0000e+00 0.0000e+00
-1.3333e+00 0.0000e+00 0.0000e+00 0.0000e+00
-2.1144e-02 0.0000e+00 0.0000e+00 0.0000e+00
-3.5538e-01 0.0000e+00 0.0000e+00 0.0000e+00
# New trial
-1.3840e+00 0.0000e+00 0.0000e+00 0.0000e+00
-9.6588e-02 0.0000e+00 0.0000e+00 0.0000e+00
-1.0803e-04 0.0000e+00 0.0000e+00 0.0000e+00
-5.6267e-03 0.0000e+00 0.0000e+00 0.0000e+00
# New trial
-6.5786e+00 -4.0530e-08 0.0000e+00 0.0000e+00
-6.1589e+00 -5.5132e-10 0.0000e+00 0.0000e+00
-5.3911e+00 -2.4869e-13 0.0000e+00 0.0000e+00
-6.1158e+00 -3.5556e-10 0.0000e+00 0.0000e+00
# New trial
-5.8223e-01 0.0000e+00 0.0000e+00 0.0000e+00
-4.4500e-03 0.0000e+00 0.0000e+00 0.0000e+00
-2.5647e-06 0.0000e+00 0.0000e+00 0.0000e+00
-1.5897e+00 0.0000e+00 0.0000e+00 0.0000e+00
# New trial
-1.8707e+00 0.0000e+00 0.0000e+00 0.0000e+00
-1.1731e-01 0.0000e+00 0.0000e+00 0.0000e+00
-4.2544e-05 0.0000e+00 0.0000e+00 0.0000e+00
-2.9297e-03 0.0000e+00 0.0000e+00 0.0000e+00
# New trial
-5.4799e+00 -6.2528e-13 0.0000e+00 0.0000e+00
-4.4738e+00 0.0000e+00 0.0000e+00 0.0000e+00
-1.6770e+00 0.0000e+00 0.0000e+00 0.0000e+00
-1.8079e-01 0.0000e+00 0.0000e+00 0.0000e+00
# New trial
-5.4832e+00 -6.4659e-13 0.0000e+00 0.0000e+00
-4.3301e+00 0.0000e+00 0.0000e+00 0.0000e+00
-9.8953e-01 0.0000e+00 0.0000e+00 0.0000e+00
-9.0866e-03 0.0000e+00 0.0000e+00 0.0000e+00
# New trial
-1.5922e+00 0.0000e+00 0.0000e+00 0.0000e+00
-1.3011e-01 0.0000e+00 0.0000e+00 0.0000e+00
-1.0762e-04 0.0000e+00 0.0000e+00 0.0000e+00
-8.2915e-04 0.0000e+00 0.0000e+00 0.0000e+00
# New trial
-5.5126e+00 -8.8107e-13 0.0000e+00 0.0000e+00
-4.6648e+00 0.0000e+00 0.0000e+00 0.0000e+00
-2.0833e+00 0.0000e+00 0.0000e+00 0.0000e+00
-5.1594e-01 0.0000e+00 0.0000e+00 0.0000e+00
# New trial
-1.0436e-01 0.0000e+00 0.0000e+00 0.0000e+00
-2.9768e-04 0.0000e+00 0.0000e+00 0.0000e+00
-5.8377e-08 0.0000e+00 0.0000e+00 0.0000e+00
-3.6864e-01 0.0000e+00 0.0000e+00 0.0000e+00
# New trial
-2.4646e+00 0.0000e+00 0.0000e+00 0.0000e+00
-4.8853e-01 0.0000e+00 0.0000e+00 0.0000e+00
-1.5229e-03 0.0000e+00 0.0000e+00 0.0000e+00
-5.0534e-03 0.0000e+00 0.0000e+00 0.0000e+00
# New trial
-4.0991e+00 0.0000e+00 0.0000e+00 0.0000e+00
-2.1759e+00 0.0000e+00 0.0000e+00 0.0000e+00
-4.2735e-02 0.0000e+00 0.0000e+00 0.0000e+00
-1.5395e-02 0.0000e+00 0.0000e+00 0.0000e+00
# New trial
-6.4634e+00 -1.1756e-08 0.0000e+00 0.0000e+00
-5.6878e+00 -4.8672e-12 0.0000e+00 0.0000e+00
-3.3325e+00 0.0000e+00 0.0000e+00 0.0000e+00
-1.4088e+00 0.0000e+00 0.0000e+00 0.0000e+00
# New trial
-3.7570e+00 0.0000e+00 0.0000e+00 0.0000e+00
-1.6719e+00 0.0000e+00 0.0000e+00 0.0000e+00
-2.7314e-02 0.0000e+00 0.0000e+00 0.0000e+00
-8.0392e-02 0.0000e+00 0.0000e+00 0.0000e+00
# New trial
-6.4352e+00 -8.7712e-09 0.0000e+00 0.0000e+00
-5.7223e+00 -6.8781e-12 0.0000e+00 0.0000e+00
-3.3203e+00 0.0000e+00 0.0000e+00 0.0000e+00
-3.7041e-01 0.0000e+00 0.0000e+00 0.0000e+00
# New trial
-1.0613e+00 0.0000e+00 0.0000e+00 0.0000e+00
-1.7173e-02 0.0000e+00 0.0000e+00 0.0000e+00
-5.5518e-06 0.0000e+00 0.0000e+00 0.0000e+00
-2.1888e-01 0.0000e+00 0.0000e+00 0.0000e+00
# New trial
-3.0343e+00 0.0000e+00 0.0000e+00 0.0000e+00
-1.2756e+00 0.0000e+00 0.0000e+00 0.0000e+00
-2.9171e-02 0.0000e+00 0.0000e+00 0.0000e+00
-1.1120e-01 0.0000e+00 0.0000e+00 0.0000e+00
# New trial
-6.7012e+00 -1.2593e-07 0.0000e+00 0.0000e+00
-5.8629e+00 -2.8194e-11 0.0000e+00 0.0000e+00
-3.1533e+00 0.0000e+00 0.0000e+00 0.0000e+00
-5.0151e-01 0.0000e+00 0.0000e+00 0.0000e+00
# New trial
-1.0626e+00 0.0000e+00 0.0000e+00 0.0000e+00
-6.3706e-02 0.0000e+00 0.0000e+00 0.0000e+00
-1.6589e-04 0.0000e+00 0.0000e+00 0.0000e+00
-2.2409e-01 0.0000e+00 0.0000e+00 0.0000e+00
# New trial
-2.5508e+00 0.0000e+00 0.0000e+00 0.0000e+00
-4.5332e-01 0.0000e+00 0.0000e+00 0.0000e+00
-1.0891e-03 0.0000e+00 0.0000e+00 0.0000e+00
-4.7652e-02 0.0000e+00 0.0000e+00 0.0000e+00
# New trial
-5.5417e+00 -1.1795e-12 0.0000e+00 0.0000e+00
-4.5225e+00 0.0000e+00 0.0000e+00 0.0000e+00
-1.7163e+00 0.0000e+00 0.0000e+00 0.0000e+00
-2.3275e-01 0.0000e+00 0.0000e+00 0.0000e+00
# New trial
-1.5589e+00 0.0000e+00 0.0000e+00 0.0000e+00
-1.3434e-01 0.0000e+00 0.0000e+00 0.0000e+00
-1.5266e-04 0.0000e+00 0.0000e+00 0.0000e+00
-4.6413e-03 0.0000e+00 0.0000e+00 0.0000e+00
# New trial
-6.4743e+00 -1.3074e-08 0.0000e+00 0.0000e+00
-5.9635e+00 -7.7307e-11 0.0000e+00 0.0000e+00
-3.9948e+00 0.0000e+00 0.0000e+00 0.0000e+00
-7.5785e-01 0.0000e+00 0.0000e+00 0.0000e+00
# New trial
-5.0549e+00 -7.1054e-15 0.0000e+00 0.0000e+00
-3.6645e+00 0.0000e+00 0.0000e+00 0.0000e+00
-3.7719e-01 0.0000e+00 0.0000e+00 0.0000e+00
-5.8817e-03 0.0000e+00 0.0000e+00 0.0000e+00
# New trial
