# 0.01sig - Array shape (trial/sig/alpha): (30L, 4L, 4L)
-3.6795e+00 0.0000e+00 0.0000e+00 0.0000e+00
-1.4996e+00 0.0000e+00 0.0000e+00 0.0000e+00
-5.5736e-03 0.0000e+00 0.0000e+00 0.0000e+00
-3.4338e-04 0.0000e+00 0.0000e+00 0.0000e+00
# New trial
-2.4160e+00 0.0000e+00 0.0000e+00 0.0000e+00
-6.2083e-01 0.0000e+00 0.0000e+00 0.0000e+00
-1.5303e-03 0.0000e+00 0.0000e+00 0.0000e+00
-3.0324e-03 0.0000e+00 0.0000e+00 0.0000e+00
# New trial
-3.8610e+00 0.0000e+00 0.0000e+00 0.0000e+00
-1.4457e+00 0.0000e+00 0.0000e+00 0.0000e+00
-3.8455e-03 0.0000e+00 0.0000e+00 0.0000e+00
-3.4529e-04 0.0000e+00 0.0000e+00 0.0000e+00
# New trial
-3.9410e+00 0.0000e+00 0.0000e+00 0.0000e+00
-2.3271e+00 0.0000e+00 0.0000e+00 0.0000e+00
-5.4669e-02 0.0000e+00 0.0000e+00 0.0000e+00
-1.0720e-02 0.0000e+00 0.0000e+00 0.0000e+00
# New trial
-1.4885e+00 0.0000e+00 0.0000e+00 0.0000e+00
-4.4443e-02 0.0000e+00 0.0000e+00 0.0000e+00
-5.0864e-05 0.0000e+00 0.0000e+00 0.0000e+00
-1.9045e-01 0.0000e+00 0.0000e+00 0.0000e+00
# New trial
-5.9781e+00 -9.1866e-11 0.0000e+00 0.0000e+00
-5.1430e+00 -2.1316e-14 0.0000e+00 0.0000e+00
-2.1833e+00 0.0000e+00 0.0000e+00 0.0000e+00
-6.2996e-02 0.0000e+00 0.0000e+00 0.0000e+00
# New trial
-3.5638e+00 0.0000e+00 0.0000e+00 0.0000e+00
-1.7109e+00 0.0000e+00 0.0000e+00 0.0000e+00
-2.8115e-02 0.0000e+00 0.0000e+00 0.0000e+00
-1.0804e-01 0.0000e+00 0.0000e+00 0.0000e+00
# New trial
-1.5741e+00 0.0000e+00 0.0000e+00 0.0000e+00
-1.2027e-01 0.0000e+00 0.0000e+00 0.0000e+00
-4.8550e-05 0.0000e+00 0.0000e+00 0.0000e+00
-1.7816e-04 0.0000e+00 0.0000e+00 0.0000e+00
# New trial
-6.3917e+00 -5.8403e-09 0.0000e+00 0.0000e+00
-5.7609e+00 -1.0154e-11 0.0000e+00 0.0000e+00
-4.1590e+00 0.0000e+00 0.0000e+00 0.0000e+00
-3.9772e+00 0.0000e+00 0.0000e+00 0.0000e+00
# New trial
-6.7244e-01 0.0000e+00 0.0000e+00 0.0000e+00
-4.8641e-03 0.0000e+00 0.0000e+00 0.0000e+00
-7.0910e-07 0.0000e+00 0.0000e+00 0.0000e+00
-3.5907e-01 0.0000e+00 0.0000e+00 0.0000e+00
# New trial
-2.0248e+00 0.0000e+00 0.0000e+00 0.0000e+00
-1.1860e-01 0.0000e+00 0.0000e+00 0.0000e+00
-1.5948e-05 0.0000e+00 0.0000e+00 0.0000e+00
-1.3650e-04 0.0000e+00 0.0000e+00 0.0000e+00
# New trial
-5.9770e+00 -8.9415e-11 0.0000e+00 0.0000e+00
-4.9352e+00 0.0000e+00 0.0000e+00 0.0000e+00
-1.9635e+00 0.0000e+00 0.0000e+00 0.0000e+00
-2.1897e-01 0.0000e+00 0.0000e+00 0.0000e+00
# New trial
-5.6407e+00 -3.0767e-12 0.0000e+00 0.0000e+00
-4.4557e+00 0.0000e+00 0.0000e+00 0.0000e+00
-8.4794e-01 0.0000e+00 0.0000e+00 0.0000e+00
-1.2751e-03 0.0000e+00 0.0000e+00 0.0000e+00
# New trial
-1.7753e+00 0.0000e+00 0.0000e+00 0.0000e+00
-1.5626e-01 0.0000e+00 0.0000e+00 0.0000e+00
-4.8130e-05 0.0000e+00 0.0000e+00 0.0000e+00
-2.5717e-05 0.0000e+00 0.0000e+00 0.0000e+00
# New trial
-5.6592e+00 -3.7446e-12 0.0000e+00 0.0000e+00
-4.7695e+00 0.0000e+00 0.0000e+00 0.0000e+00
-1.8244e+00 0.0000e+00 0.0000e+00 0.0000e+00
-8.9151e-02 0.0000e+00 0.0000e+00 0.0000e+00
# New trial
-1.2917e-01 0.0000e+00 0.0000e+00 0.0000e+00
-3.5428e-04 0.0000e+00 0.0000e+00 0.0000e+00
-1.4016e-08 0.0000e+00 0.0000e+00 0.0000e+00
-2.4474e-02 0.0000e+00 0.0000e+00 0.0000e+00
# New trial
-2.6471e+00 0.0000e+00 0.0000e+00 0.0000e+00
-5.7918e-01 0.0000e+00 0.0000e+00 0.0000e+00
-9.0530e-04 0.0000e+00 0.0000e+00 0.0000e+00
-2.1226e-04 0.0000e+00 0.0000e+00 0.0000e+00
# New trial
-4.2456e+00 0.0000e+00 0.0000e+00 0.0000e+00
-2.2825e+00 0.0000e+00 0.0000e+00 0.0000e+00
-2.5255e-02 0.0000e+00 0.0000e+00 0.0000e+00
-9.6049e-04 0.0000e+00 0.0000e+00 0.0000e+00
# New trial
-6.7146e+00 -1.4412e-07 0.0000e+00 0.0000e+00
-5.9822e+00 -9.3259e-11 0.0000e+00 0.0000e+00
-3.6548e+00 0.0000e+00 0.0000e+00 0.0000e+00
-1.1401e+00 0.0000e+00 0.0000e+00 0.0000e+00
# New trial
-3.9158e+00 0.0000e+00 0.0000e+00 0.0000e+00
-1.8221e+00 0.0000e+00 0.0000e+00 0.0000e+00
-1.7184e-02 0.0000e+00 0.0000e+00 0.0000e+00
-4.1911e-03 0.0000e+00 0.0000e+00 0.0000e+00
# New trial
-6.5158e+00 -1.9591e-08 0.0000e+00 0.0000e+00
-5.7654e+00 -1.0594e-11 0.0000e+00 0.0000e+00
-3.0578e+00 0.0000e+00 0.0000e+00 0.0000e+00
-7.4953e-02 0.0000e+00 0.0000e+00 0.0000e+00
# New trial
-1.5836e+00 0.0000e+00 0.0000e+00 0.0000e+00
-7.5207e-02 0.0000e+00 0.0000e+00 0.0000e+00
-9.9071e-05 0.0000e+00 0.0000e+00 0.0000e+00
-2.3829e-01 0.0000e+00 0.0000e+00 0.0000e+00
# New trial
-4.4678e+00 0.0000e+00 0.0000e+00 0.0000e+00
-2.8392e+00 0.0000e+00 0.0000e+00 0.0000e+00
-5.4448e-01 0.0000e+00 0.0000e+00 0.0000e+00
-1.1926e+00 0.0000e+00 0.0000e+00 0.0000e+00
# New trial
-6.8524e+00 -5.7003e-07 0.0000e+00 0.0000e+00
-6.0561e+00 -1.9553e-10 0.0000e+00 0.0000e+00
-3.3948e+00 0.0000e+00 0.0000e+00 0.0000e+00
-3.8953e-01 0.0000e+00 0.0000e+00 0.0000e+00
# New trial
-1.6820e+00 0.0000e+00 0.0000e+00 0.0000e+00
-1.7906e-01 0.0000e+00 0.0000e+00 0.0000e+00
-4.1773e-04 0.0000e+00 0.0000e+00 0.0000e+00
-7.7664e-02 0.0000e+00 0.0000e+00 0.0000e+00
# New trial
-2.7391e+00 0.0000e+00 0.0000e+00 0.0000e+00
-5.4235e-01 0.0000e+00 0.0000e+00 0.0000e+00
-9.0487e-04 0.0000e+00 0.0000e+00 0.0000e+00
-8.7363e-03 0.0000e+00 0.0000e+00 0.0000e+00
# New trial
-5.6514e+00 -3.4603e-12 0.0000e+00 0.0000e+00
-4.5798e+00 0.0000e+00 0.0000e+00 0.0000e+00
-1.3429e+00 0.0000e+00 0.0000e+00 0.0000e+00
-2.0165e-02 0.0000e+00 0.0000e+00 0.0000e+00
# New trial
-1.7855e+00 0.0000e+00 0.0000e+00 0.0000e+00
-1.9216e-01 0.0000e+00 0.0000e+00 0.0000e+00
-1.2162e-04 0.0000e+00 0.0000e+00 0.0000e+00
-3.5849e-04 0.0000e+00 0.0000e+00 0.0000e+00
# New trial
-6.5837e+00 -3.8839e-08 0.0000e+00 0.0000e+00
-6.0381e+00 -1.6329e-10 0.0000e+00 0.0000e+00
-3.8213e+00 0.0000e+00 0.0000e+00 0.0000e+00
-2.5738e-01 0.0000e+00 0.0000e+00 0.0000e+00
# New trial
-5.3625e+00 -1.9185e-13 0.0000e+00 0.0000e+00
-4.0072e+00 0.0000e+00 0.0000e+00 0.0000e+00
-4.5990e-01 0.0000e+00 0.0000e+00 0.0000e+00
-3.3377e-03 0.0000e+00 0.0000e+00 0.0000e+00
# New trial
