# 0.1sig - Array shape (trial/sig/alpha): (30L, 4L, 4L)
-7.5939e+00 -9.6418e-04 0.0000e+00 0.0000e+00
-7.1891e+00 -1.6548e-05 0.0000e+00 0.0000e+00
-5.9286e+00 -5.4428e-11 0.0000e+00 0.0000e+00
-3.6393e+00 0.0000e+00 0.0000e+00 0.0000e+00
# New trial
-7.4946e+00 -3.5333e-04 0.0000e+00 0.0000e+00
-7.0426e+00 -3.8200e-06 0.0000e+00 0.0000e+00
-5.6959e+00 -5.2793e-12 0.0000e+00 0.0000e+00
-3.3836e+00 0.0000e+00 0.0000e+00 0.0000e+00
# New trial
-7.8097e+00 -8.2028e-03 0.0000e+00 0.0000e+00
-7.2199e+00 -2.2508e-05 0.0000e+00 0.0000e+00
-5.5144e+00 -8.5265e-13 0.0000e+00 0.0000e+00
-2.6138e+00 0.0000e+00 0.0000e+00 0.0000e+00
# New trial
-7.2729e+00 -3.8730e-05 0.0000e+00 0.0000e+00
-6.5456e+00 -2.6374e-08 0.0000e+00 0.0000e+00
-4.3079e+00 0.0000e+00 0.0000e+00 0.0000e+00
-8.6159e-01 0.0000e+00 0.0000e+00 0.0000e+00
# New trial
-7.8475e+00 -1.1944e-02 0.0000e+00 0.0000e+00
-7.4872e+00 -3.2649e-04 0.0000e+00 0.0000e+00
-6.1298e+00 -4.0931e-10 0.0000e+00 0.0000e+00
-2.9712e+00 0.0000e+00 0.0000e+00 0.0000e+00
# New trial
-7.8877e+00 -1.7804e-02 0.0000e+00 0.0000e+00
-7.5821e+00 -8.4366e-04 0.0000e+00 0.0000e+00
-6.4487e+00 -9.9871e-09 0.0000e+00 0.0000e+00
-3.8722e+00 0.0000e+00 0.0000e+00 0.0000e+00
# New trial
-8.0692e+00 -1.0480e-01 0.0000e+00 0.0000e+00
-7.7516e+00 -4.5890e-03 0.0000e+00 0.0000e+00
-6.6859e+00 -1.0741e-07 0.0000e+00 0.0000e+00
-4.3884e+00 0.0000e+00 0.0000e+00 0.0000e+00
# New trial
-7.7630e+00 -5.1540e-03 0.0000e+00 0.0000e+00
-7.2226e+00 -2.3122e-05 0.0000e+00 0.0000e+00
-5.7331e+00 -7.6668e-12 0.0000e+00 0.0000e+00
-3.2812e+00 0.0000e+00 0.0000e+00 0.0000e+00
# New trial
-7.1576e+00 -1.2234e-05 0.0000e+00 0.0000e+00
-6.2039e+00 -8.6076e-10 0.0000e+00 0.0000e+00
-3.3382e+00 0.0000e+00 0.0000e+00 0.0000e+00
-1.5442e-01 0.0000e+00 0.0000e+00 0.0000e+00
# New trial
-7.9268e+00 -2.6220e-02 0.0000e+00 0.0000e+00
-7.4985e+00 -3.6560e-04 0.0000e+00 0.0000e+00
-6.0417e+00 -1.6924e-10 0.0000e+00 0.0000e+00
-3.1451e+00 0.0000e+00 0.0000e+00 0.0000e+00
# New trial
-8.2197e+00 -4.0365e-01 0.0000e+00 0.0000e+00
-8.0729e+00 -1.0839e-01 0.0000e+00 0.0000e+00
-7.8720e+00 -1.5231e-02 0.0000e+00 0.0000e+00
-7.6265e+00 -1.3150e-03 0.0000e+00 0.0000e+00
# New trial
-6.3957e+00 -9.5276e-09 0.0000e+00 0.0000e+00
-5.1133e+00 -1.4211e-14 0.0000e+00 0.0000e+00
-1.8741e+00 0.0000e+00 0.0000e+00 0.0000e+00
-8.2246e-02 0.0000e+00 0.0000e+00 0.0000e+00
# New trial
-7.7886e+00 -6.6489e-03 0.0000e+00 0.0000e+00
-7.4408e+00 -2.0538e-04 0.0000e+00 0.0000e+00
-6.2194e+00 -1.0047e-09 0.0000e+00 0.0000e+00
-3.5309e+00 0.0000e+00 0.0000e+00 0.0000e+00
# New trial
-7.5666e+00 -7.2366e-04 0.0000e+00 0.0000e+00
-7.1385e+00 -9.9703e-06 0.0000e+00 0.0000e+00
-5.6884e+00 -4.8885e-12 0.0000e+00 0.0000e+00
-2.7059e+00 0.0000e+00 0.0000e+00 0.0000e+00
# New trial
-8.3322e+00 -9.2902e-01 0.0000e+00 0.0000e+00
-7.9878e+00 -4.7732e-02 0.0000e+00 0.0000e+00
-7.2026e+00 -1.8942e-05 0.0000e+00 0.0000e+00
-5.8934e+00 -3.8256e-11 0.0000e+00 0.0000e+00
# New trial
-8.0370e+00 -7.7211e-02 0.0000e+00 0.0000e+00
-7.6851e+00 -2.3634e-03 0.0000e+00 0.0000e+00
-6.8429e+00 -5.1702e-07 0.0000e+00 0.0000e+00
-5.8400e+00 -2.2389e-11 0.0000e+00 0.0000e+00
# New trial
-6.8152e+00 -4.7241e-07 0.0000e+00 0.0000e+00
-5.6749e+00 -4.3485e-12 0.0000e+00 0.0000e+00
-2.9834e+00 0.0000e+00 0.0000e+00 0.0000e+00
-8.4055e-01 0.0000e+00 0.0000e+00 0.0000e+00
# New trial
-6.8735e+00 -7.8517e-07 0.0000e+00 0.0000e+00
-6.0741e+00 -2.3496e-10 0.0000e+00 0.0000e+00
-4.1186e+00 0.0000e+00 0.0000e+00 0.0000e+00
-1.3487e+00 0.0000e+00 0.0000e+00 0.0000e+00
# New trial
-7.3923e+00 -1.2791e-04 0.0000e+00 0.0000e+00
-6.9151e+00 -1.0663e-06 0.0000e+00 0.0000e+00
-5.5624e+00 -1.3785e-12 0.0000e+00 0.0000e+00
-3.2797e+00 0.0000e+00 0.0000e+00 0.0000e+00
# New trial
-7.5141e+00 -4.2841e-04 0.0000e+00 0.0000e+00
-6.7157e+00 -1.4473e-07 0.0000e+00 0.0000e+00
-4.6363e+00 0.0000e+00 0.0000e+00 0.0000e+00
-1.2142e+00 0.0000e+00 0.0000e+00 0.0000e+00
# New trial
-7.1947e+00 -1.8053e-05 0.0000e+00 0.0000e+00
-6.3935e+00 -5.7601e-09 0.0000e+00 0.0000e+00
-4.2348e+00 0.0000e+00 0.0000e+00 0.0000e+00
-1.5036e+00 0.0000e+00 0.0000e+00 0.0000e+00
# New trial
-7.6170e+00 -1.1981e-03 0.0000e+00 0.0000e+00
-7.0458e+00 -3.9428e-06 0.0000e+00 0.0000e+00
-5.2826e+00 -8.5265e-14 0.0000e+00 0.0000e+00
-2.1701e+00 0.0000e+00 0.0000e+00 0.0000e+00
# New trial
-7.8887e+00 -1.8022e-02 0.0000e+00 0.0000e+00
-7.7419e+00 -4.1663e-03 0.0000e+00 0.0000e+00
-7.2446e+00 -2.8839e-05 0.0000e+00 0.0000e+00
-6.1647e+00 -5.8029e-10 0.0000e+00 0.0000e+00
# New trial
-7.9069e+00 -2.1532e-02 0.0000e+00 0.0000e+00
-7.3498e+00 -8.2628e-05 0.0000e+00 0.0000e+00
-5.7256e+00 -7.1054e-12 0.0000e+00 0.0000e+00
-2.2979e+00 0.0000e+00 0.0000e+00 0.0000e+00
# New trial
-7.4232e+00 -1.8970e-04 0.0000e+00 0.0000e+00
-6.3997e+00 -6.1416e-09 0.0000e+00 0.0000e+00
-3.6257e+00 0.0000e+00 0.0000e+00 0.0000e+00
-4.4531e-01 0.0000e+00 0.0000e+00 0.0000e+00
# New trial
-7.3807e+00 -1.1711e-04 0.0000e+00 0.0000e+00
-6.6129e+00 -5.1874e-08 0.0000e+00 0.0000e+00
-5.3334e+00 -1.3500e-13 0.0000e+00 0.0000e+00
-4.8476e+00 0.0000e+00 0.0000e+00 0.0000e+00
# New trial
-7.8696e+00 -1.4887e-02 0.0000e+00 0.0000e+00
-7.7340e+00 -3.8496e-03 0.0000e+00 0.0000e+00
-7.2107e+00 -2.0537e-05 0.0000e+00 0.0000e+00
-6.1029e+00 -3.1238e-10 0.0000e+00 0.0000e+00
# New trial
-7.6653e+00 -1.9640e-03 0.0000e+00 0.0000e+00
-7.0564e+00 -4.3861e-06 0.0000e+00 0.0000e+00
-5.4394e+00 -4.0501e-13 0.0000e+00 0.0000e+00
-3.0923e+00 0.0000e+00 0.0000e+00 0.0000e+00
# New trial
-7.9725e+00 -4.1147e-02 0.0000e+00 0.0000e+00
-8.0032e+00 -5.5457e-02 0.0000e+00 0.0000e+00
-8.0212e+00 -6.6065e-02 0.0000e+00 0.0000e+00
-7.7940e+00 -7.0112e-03 0.0000e+00 0.0000e+00
# New trial
-7.4736e+00 -2.8599e-04 0.0000e+00 0.0000e+00
-7.1071e+00 -7.2794e-06 0.0000e+00 0.0000e+00
-5.9289e+00 -5.4619e-11 0.0000e+00 0.0000e+00
-3.4745e+00 0.0000e+00 0.0000e+00 0.0000e+00
# New trial
