# 0.1sig - Array shape (trial/sig/alpha): (30L, 4L, 4L)
-6.9943e+00 -3.4472e-06 0.0000e+00 0.0000e+00
-6.4763e+00 -1.3293e-08 0.0000e+00 0.0000e+00
-5.5419e+00 -1.1227e-12 0.0000e+00 0.0000e+00
-5.3595e+00 -1.7764e-13 0.0000e+00 0.0000e+00
# New trial
-6.7077e+00 -1.5410e-07 0.0000e+00 0.0000e+00
-6.0803e+00 -2.5055e-10 0.0000e+00 0.0000e+00
-4.5136e+00 0.0000e+00 0.0000e+00 0.0000e+00
-3.2524e+00 0.0000e+00 0.0000e+00 0.0000e+00
# New trial
-7.4515e+00 -2.5173e-04 0.0000e+00 0.0000e+00
-6.7206e+00 -1.5351e-07 0.0000e+00 0.0000e+00
-5.5423e+00 -1.1298e-12 0.0000e+00 0.0000e+00
-5.4171e+00 -3.1974e-13 0.0000e+00 0.0000e+00
# New trial
-6.7737e+00 -4.0540e-07 0.0000e+00 0.0000e+00
-5.8735e+00 -3.2237e-11 0.0000e+00 0.0000e+00
-4.0746e+00 0.0000e+00 0.0000e+00 0.0000e+00
-3.4283e+00 0.0000e+00 0.0000e+00 0.0000e+00
# New trial
-7.5933e+00 -9.5713e-04 0.0000e+00 0.0000e+00
-7.5637e+00 -7.0244e-04 0.0000e+00 0.0000e+00
-7.6476e+00 -1.6251e-03 0.0000e+00 0.0000e+00
-7.7552e+00 -4.7586e-03 0.0000e+00 0.0000e+00
# New trial
-7.6147e+00 -1.2045e-03 0.0000e+00 0.0000e+00
-7.5879e+00 -8.9485e-04 0.0000e+00 0.0000e+00
-7.7521e+00 -4.6137e-03 0.0000e+00 0.0000e+00
-7.9349e+00 -2.8391e-02 0.0000e+00 0.0000e+00
# New trial
-7.7535e+00 -4.9402e-03 0.0000e+00 0.0000e+00
-7.5492e+00 -6.0813e-04 0.0000e+00 0.0000e+00
-7.2276e+00 -2.4309e-05 0.0000e+00 0.0000e+00
-7.1236e+00 -8.5887e-06 0.0000e+00 0.0000e+00
# New trial
-7.1230e+00 -9.4057e-06 0.0000e+00 0.0000e+00
-6.3826e+00 -5.1834e-09 0.0000e+00 0.0000e+00
-4.6279e+00 0.0000e+00 0.0000e+00 0.0000e+00
-2.9739e+00 0.0000e+00 0.0000e+00 0.0000e+00
# New trial
-6.7125e+00 -2.3157e-07 0.0000e+00 0.0000e+00
-5.6206e+00 -2.5793e-12 0.0000e+00 0.0000e+00
-3.5646e+00 0.0000e+00 0.0000e+00 0.0000e+00
-3.2455e+00 0.0000e+00 0.0000e+00 0.0000e+00
# New trial
-7.8292e+00 -1.0273e-02 0.0000e+00 0.0000e+00
-7.4552e+00 -2.3741e-04 0.0000e+00 0.0000e+00
-7.0249e+00 -3.1982e-06 0.0000e+00 0.0000e+00
-7.1680e+00 -1.3389e-05 0.0000e+00 0.0000e+00
# New trial
-7.8061e+00 -8.9116e-03 0.0000e+00 0.0000e+00
-7.5257e+00 -4.8778e-04 0.0000e+00 0.0000e+00
-7.3928e+00 -1.2700e-04 0.0000e+00 0.0000e+00
-7.9319e+00 -2.7548e-02 0.0000e+00 0.0000e+00
# New trial
-5.5273e+00 -1.0484e-08 0.0000e+00 0.0000e+00
-3.7043e+00 0.0000e+00 0.0000e+00 0.0000e+00
-8.9232e-01 0.0000e+00 0.0000e+00 0.0000e+00
-1.3099e+00 0.0000e+00 0.0000e+00 0.0000e+00
# New trial
-7.2405e+00 -2.9939e-05 0.0000e+00 0.0000e+00
-6.9688e+00 -1.8266e-06 0.0000e+00 0.0000e+00
-6.3796e+00 -5.0000e-09 0.0000e+00 0.0000e+00
-5.9598e+00 -7.4422e-11 0.0000e+00 0.0000e+00
# New trial
-7.2507e+00 -3.2630e-05 0.0000e+00 0.0000e+00
-6.7257e+00 -1.6040e-07 0.0000e+00 0.0000e+00
-5.5829e+00 -1.6982e-12 0.0000e+00 0.0000e+00
-4.6858e+00 0.0000e+00 0.0000e+00 0.0000e+00
# New trial
-7.7948e+00 -7.1274e-03 0.0000e+00 0.0000e+00
-7.2626e+00 -3.4525e-05 0.0000e+00 0.0000e+00
-5.9076e+00 -4.4118e-11 0.0000e+00 0.0000e+00
-4.0110e+00 0.0000e+00 0.0000e+00 0.0000e+00
# New trial
-7.6445e+00 -1.8778e-03 0.0000e+00 0.0000e+00
-7.0860e+00 -5.9618e-06 0.0000e+00 0.0000e+00
-6.0112e+00 -1.2461e-10 0.0000e+00 0.0000e+00
-5.9380e+00 -5.9842e-11 0.0000e+00 0.0000e+00
# New trial
-6.0042e+00 -3.2980e-08 0.0000e+00 0.0000e+00
-4.3655e+00 0.0000e+00 0.0000e+00 0.0000e+00
-1.4637e+00 0.0000e+00 0.0000e+00 0.0000e+00
-2.3781e+00 0.0000e+00 0.0000e+00 0.0000e+00
# New trial
-6.3507e+00 -5.0344e-08 0.0000e+00 0.0000e+00
-5.3859e+00 -2.4869e-13 0.0000e+00 0.0000e+00
-3.4642e+00 0.0000e+00 0.0000e+00 0.0000e+00
-3.4462e+00 0.0000e+00 0.0000e+00 0.0000e+00
# New trial
-6.7780e+00 -3.5992e-07 0.0000e+00 0.0000e+00
-6.2330e+00 -1.1618e-09 0.0000e+00 0.0000e+00
-5.1247e+00 -1.4211e-14 0.0000e+00 0.0000e+00
-4.6499e+00 0.0000e+00 0.0000e+00 0.0000e+00
# New trial
-6.8433e+00 -5.8599e-07 0.0000e+00 0.0000e+00
-5.7175e+00 -6.6223e-12 0.0000e+00 0.0000e+00
-3.0376e+00 0.0000e+00 0.0000e+00 0.0000e+00
-7.0132e-01 0.0000e+00 0.0000e+00 0.0000e+00
# New trial
-6.3623e+00 -2.9425e-08 0.0000e+00 0.0000e+00
-5.2294e+00 -5.6843e-14 0.0000e+00 0.0000e+00
-2.9502e+00 0.0000e+00 0.0000e+00 0.0000e+00
-3.0179e+00 0.0000e+00 0.0000e+00 0.0000e+00
# New trial
-7.2767e+00 -4.5085e-05 0.0000e+00 0.0000e+00
-7.0354e+00 -3.5804e-06 0.0000e+00 0.0000e+00
-6.9992e+00 -2.4735e-06 0.0000e+00 0.0000e+00
-7.5188e+00 -4.4781e-04 0.0000e+00 0.0000e+00
# New trial
-7.2996e+00 -6.1394e-05 0.0000e+00 0.0000e+00
-7.0424e+00 -3.8234e-06 0.0000e+00 0.0000e+00
-6.6908e+00 -1.1282e-07 0.0000e+00 0.0000e+00
-6.6396e+00 -6.7534e-08 0.0000e+00 0.0000e+00
# New trial
-7.3510e+00 -8.4391e-05 0.0000e+00 0.0000e+00
-6.5602e+00 -3.0516e-08 0.0000e+00 0.0000e+00
-4.3840e+00 0.0000e+00 0.0000e+00 0.0000e+00
-1.1108e+00 0.0000e+00 0.0000e+00 0.0000e+00
# New trial
-6.8194e+00 -3.8264e-05 0.0000e+00 0.0000e+00
-5.4493e+00 -4.9027e-13 0.0000e+00 0.0000e+00
-2.5462e+00 0.0000e+00 0.0000e+00 0.0000e+00
-1.8702e+00 0.0000e+00 0.0000e+00 0.0000e+00
# New trial
-6.2280e+00 -1.0060e-08 0.0000e+00 0.0000e+00
-4.8863e+00 0.0000e+00 0.0000e+00 0.0000e+00
-2.3766e+00 0.0000e+00 0.0000e+00 0.0000e+00
-2.7928e+00 0.0000e+00 0.0000e+00 0.0000e+00
# New trial
-7.2887e+00 -5.2443e-05 0.0000e+00 0.0000e+00
-7.5345e+00 -5.2491e-04 0.0000e+00 0.0000e+00
-8.2141e+00 -3.8542e-01 0.0000e+00 0.0000e+00
-8.7949e+00 -5.0603e+00 -7.1054e-15 0.0000e+00
# New trial
-6.9136e+00 -1.5598e-06 0.0000e+00 0.0000e+00
-6.0148e+00 -1.3212e-10 0.0000e+00 0.0000e+00
-3.8516e+00 0.0000e+00 0.0000e+00 0.0000e+00
-2.2521e+00 0.0000e+00 0.0000e+00 0.0000e+00
# New trial
-7.4448e+00 -2.3539e-04 0.0000e+00 0.0000e+00
-7.6140e+00 -1.1622e-03 0.0000e+00 0.0000e+00
-8.2184e+00 -3.9941e-01 0.0000e+00 0.0000e+00
-8.6337e+00 -3.4737e+00 0.0000e+00 0.0000e+00
# New trial
-7.1433e+00 -1.1624e-05 0.0000e+00 0.0000e+00
-6.6717e+00 -9.3487e-08 0.0000e+00 0.0000e+00
-5.7221e+00 -6.8638e-12 0.0000e+00 0.0000e+00
-5.1588e+00 -2.1316e-14 0.0000e+00 0.0000e+00
# New trial
