# 0.1sig - Array shape (trial/sig/alpha): (30L, 4L, 4L)
-8.1439e+00 -2.0938e-01 0.0000e+00 0.0000e+00
-7.9984e+00 -5.2937e-02 0.0000e+00 0.0000e+00
-7.6209e+00 -1.2432e-03 0.0000e+00 0.0000e+00
-6.9761e+00 -1.9613e-06 0.0000e+00 0.0000e+00
# New trial
-7.7555e+00 -4.7742e-03 0.0000e+00 0.0000e+00
-7.3896e+00 -1.2297e-04 0.0000e+00 0.0000e+00
-6.1181e+00 -3.6399e-10 0.0000e+00 0.0000e+00
-3.2190e+00 0.0000e+00 0.0000e+00 0.0000e+00
# New trial
-8.1835e+00 -2.9726e-01 0.0000e+00 0.0000e+00
-7.7549e+00 -4.7437e-03 0.0000e+00 0.0000e+00
-6.5061e+00 -1.7755e-08 0.0000e+00 0.0000e+00
-3.9998e+00 0.0000e+00 0.0000e+00 0.0000e+00
# New trial
-7.8507e+00 -1.2326e-02 0.0000e+00 0.0000e+00
-7.2920e+00 -4.6325e-05 0.0000e+00 0.0000e+00
-5.5404e+00 -1.1084e-12 0.0000e+00 0.0000e+00
-1.9257e+00 0.0000e+00 0.0000e+00 0.0000e+00
# New trial
-8.0639e+00 -9.9524e-02 0.0000e+00 0.0000e+00
-7.7925e+00 -6.9026e-03 0.0000e+00 0.0000e+00
-6.7528e+00 -2.0985e-07 0.0000e+00 0.0000e+00
-4.2353e+00 0.0000e+00 0.0000e+00 0.0000e+00
# New trial
-8.0024e+00 -5.5043e-02 0.0000e+00 0.0000e+00
-7.7781e+00 -5.9817e-03 0.0000e+00 0.0000e+00
-6.7969e+00 -3.2638e-07 0.0000e+00 0.0000e+00
-4.4023e+00 0.0000e+00 0.0000e+00 0.0000e+00
# New trial
-8.3254e+00 -8.8817e-01 0.0000e+00 0.0000e+00
-8.0875e+00 -1.2443e-01 0.0000e+00 0.0000e+00
-7.2470e+00 -2.9513e-05 0.0000e+00 0.0000e+00
-5.0926e+00 -1.4211e-14 0.0000e+00 0.0000e+00
# New trial
-7.9301e+00 -2.7075e-02 0.0000e+00 0.0000e+00
-7.4875e+00 -3.2772e-04 0.0000e+00 0.0000e+00
-6.1364e+00 -4.3695e-10 0.0000e+00 0.0000e+00
-3.1980e+00 0.0000e+00 0.0000e+00 0.0000e+00
# New trial
-7.6969e+00 -2.6603e-03 0.0000e+00 0.0000e+00
-7.0140e+00 -2.8671e-06 0.0000e+00 0.0000e+00
-5.0313e+00 -7.1054e-15 0.0000e+00 0.0000e+00
-1.2534e+00 0.0000e+00 0.0000e+00 0.0000e+00
# New trial
-8.2845e+00 -6.6835e-01 0.0000e+00 0.0000e+00
-7.9803e+00 -4.4332e-02 0.0000e+00 0.0000e+00
-6.9287e+00 -1.2204e-06 0.0000e+00 0.0000e+00
-4.5657e+00 0.0000e+00 0.0000e+00 0.0000e+00
# New trial
-8.3579e+00 -1.0923e+00 0.0000e+00 0.0000e+00
-7.9870e+00 -4.7360e-02 0.0000e+00 0.0000e+00
-6.8048e+00 -3.5306e-07 0.0000e+00 0.0000e+00
-4.1563e+00 0.0000e+00 0.0000e+00 0.0000e+00
# New trial
-7.0048e+00 -2.6672e-06 0.0000e+00 0.0000e+00
-6.0730e+00 -2.3173e-10 0.0000e+00 0.0000e+00
-3.4723e+00 0.0000e+00 0.0000e+00 0.0000e+00
-2.2227e-01 0.0000e+00 0.0000e+00 0.0000e+00
# New trial
-8.0751e+00 -1.1070e-01 0.0000e+00 0.0000e+00
-7.8142e+00 -8.5722e-03 0.0000e+00 0.0000e+00
-6.8347e+00 -4.7665e-07 0.0000e+00 0.0000e+00
-4.2473e+00 0.0000e+00 0.0000e+00 0.0000e+00
# New trial
-7.8620e+00 -1.3784e-02 0.0000e+00 0.0000e+00
-7.5191e+00 -4.4949e-04 0.0000e+00 0.0000e+00
-6.4205e+00 -7.5332e-09 0.0000e+00 0.0000e+00
-3.8748e+00 0.0000e+00 0.0000e+00 0.0000e+00
# New trial
-8.4225e+00 -1.5642e+00 0.0000e+00 0.0000e+00
-8.1746e+00 -2.7513e-01 0.0000e+00 0.0000e+00
-7.5711e+00 -7.5605e-04 0.0000e+00 0.0000e+00
-6.5309e+00 -2.2760e-08 0.0000e+00 0.0000e+00
# New trial
-8.3175e+00 -8.4266e-01 0.0000e+00 0.0000e+00
-8.0468e+00 -8.4500e-02 0.0000e+00 0.0000e+00
-7.3124e+00 -5.6830e-05 0.0000e+00 0.0000e+00
-5.8102e+00 -1.6605e-11 0.0000e+00 0.0000e+00
# New trial
-7.3300e+00 -6.8232e-05 0.0000e+00 0.0000e+00
-6.5097e+00 -1.8404e-08 0.0000e+00 0.0000e+00
-4.3660e+00 0.0000e+00 0.0000e+00 0.0000e+00
-1.2349e+00 0.0000e+00 0.0000e+00 0.0000e+00
# New trial
-7.4971e+00 -3.6221e-04 0.0000e+00 0.0000e+00
-6.8047e+00 -3.5280e-07 0.0000e+00 0.0000e+00
-4.6430e+00 0.0000e+00 0.0000e+00 0.0000e+00
-6.9542e-01 0.0000e+00 0.0000e+00 0.0000e+00
# New trial
-7.7088e+00 -2.9964e-03 0.0000e+00 0.0000e+00
-7.3310e+00 -6.8435e-05 0.0000e+00 0.0000e+00
-6.1172e+00 -3.6047e-10 0.0000e+00 0.0000e+00
-3.4984e+00 0.0000e+00 0.0000e+00 0.0000e+00
# New trial
-7.9130e+00 -2.2866e-02 0.0000e+00 0.0000e+00
-7.3203e+00 -6.1494e-05 0.0000e+00 0.0000e+00
-5.7251e+00 -7.0699e-12 0.0000e+00 0.0000e+00
-2.4802e+00 0.0000e+00 0.0000e+00 0.0000e+00
# New trial
-7.8315e+00 -1.0189e-02 0.0000e+00 0.0000e+00
-7.2612e+00 -3.4042e-05 0.0000e+00 0.0000e+00
-5.6790e+00 -4.4551e-12 0.0000e+00 0.0000e+00
-2.9680e+00 0.0000e+00 0.0000e+00 0.0000e+00
# New trial
-8.0127e+00 -6.0838e-02 0.0000e+00 0.0000e+00
-7.5976e+00 -9.8540e-04 0.0000e+00 0.0000e+00
-6.2274e+00 -1.0877e-09 0.0000e+00 0.0000e+00
-3.2308e+00 0.0000e+00 0.0000e+00 0.0000e+00
# New trial
-8.0824e+00 -1.1856e-01 0.0000e+00 0.0000e+00
-7.8596e+00 -1.3469e-02 0.0000e+00 0.0000e+00
-6.9243e+00 -1.1688e-06 0.0000e+00 0.0000e+00
-4.3140e+00 0.0000e+00 0.0000e+00 0.0000e+00
# New trial
-8.1523e+00 -2.2589e-01 0.0000e+00 0.0000e+00
-7.7203e+00 -3.3597e-03 0.0000e+00 0.0000e+00
-6.3508e+00 -3.7453e-09 0.0000e+00 0.0000e+00
-3.3105e+00 0.0000e+00 0.0000e+00 0.0000e+00
# New trial
-7.9410e+00 -3.0139e-02 0.0000e+00 0.0000e+00
-7.4305e+00 -1.8511e-04 0.0000e+00 0.0000e+00
-6.1228e+00 -3.8146e-10 0.0000e+00 0.0000e+00
-3.7479e+00 0.0000e+00 0.0000e+00 0.0000e+00
# New trial
-7.5439e+00 -5.7649e-04 0.0000e+00 0.0000e+00
-6.7380e+00 -1.8097e-07 0.0000e+00 0.0000e+00
-4.3261e+00 0.0000e+00 0.0000e+00 0.0000e+00
-6.4352e-01 0.0000e+00 0.0000e+00 0.0000e+00
# New trial
-9.2094e+00 -9.2003e+00 -9.1103e+00 -8.4836e+00
-9.2104e+00 -9.2102e+00 -9.2083e+00 -9.1891e+00
-9.2104e+00 -9.2104e+00 -9.2104e+00 -9.2102e+00
-9.2104e+00 -9.2104e+00 -9.2104e+00 -9.2104e+00
# New trial
-7.8938e+00 -1.8908e-02 0.0000e+00 0.0000e+00
-7.4023e+00 -1.3960e-04 0.0000e+00 0.0000e+00
-5.9416e+00 -6.2059e-11 0.0000e+00 0.0000e+00
-3.0267e+00 0.0000e+00 0.0000e+00 0.0000e+00
# New trial
-8.0047e+00 -5.6275e-02 0.0000e+00 0.0000e+00
-7.8483e+00 -1.2040e-02 0.0000e+00 0.0000e+00
-7.1191e+00 -8.2065e-06 0.0000e+00 0.0000e+00
-4.8652e+00 0.0000e+00 0.0000e+00 0.0000e+00
# New trial
-7.8131e+00 -8.4796e-03 0.0000e+00 0.0000e+00
-7.3880e+00 -1.2109e-04 0.0000e+00 0.0000e+00
-5.7328e+00 -7.6454e-12 0.0000e+00 0.0000e+00
-2.1407e+00 0.0000e+00 0.0000e+00 0.0000e+00
# New trial
