# 0.01sig - Array shape (trial/sig/alpha): (30L, 4L, 4L)
-4.6695e+00 0.0000e+00 0.0000e+00 0.0000e+00
-2.8933e+00 0.0000e+00 0.0000e+00 0.0000e+00
-4.3847e-02 0.0000e+00 0.0000e+00 0.0000e+00
-4.3776e-05 0.0000e+00 0.0000e+00 0.0000e+00
# New trial
-3.6942e+00 0.0000e+00 0.0000e+00 0.0000e+00
-1.8930e+00 0.0000e+00 0.0000e+00 0.0000e+00
-2.3695e-02 0.0000e+00 0.0000e+00 0.0000e+00
-7.2925e-04 0.0000e+00 0.0000e+00 0.0000e+00
# New trial
-5.0472e+00 -7.1054e-15 0.0000e+00 0.0000e+00
-3.6088e+00 0.0000e+00 0.0000e+00 0.0000e+00
-4.1929e-01 0.0000e+00 0.0000e+00 0.0000e+00
-4.8531e-03 0.0000e+00 0.0000e+00 0.0000e+00
# New trial
-4.9988e+00 -7.1054e-15 0.0000e+00 0.0000e+00
-3.6699e+00 0.0000e+00 0.0000e+00 0.0000e+00
-3.3198e-01 0.0000e+00 0.0000e+00 0.0000e+00
-2.5983e-03 0.0000e+00 0.0000e+00 0.0000e+00
# New trial
-2.7120e+00 0.0000e+00 0.0000e+00 0.0000e+00
-1.7511e-01 0.0000e+00 0.0000e+00 0.0000e+00
-9.1438e-06 0.0000e+00 0.0000e+00 0.0000e+00
-7.9912e-06 0.0000e+00 0.0000e+00 0.0000e+00
# New trial
-7.6492e+00 -1.6509e-03 0.0000e+00 0.0000e+00
-7.5433e+00 -5.7220e-04 0.0000e+00 0.0000e+00
-7.3467e+00 -8.0099e-05 0.0000e+00 0.0000e+00
-7.0894e+00 -6.0961e-06 0.0000e+00 0.0000e+00
# New trial
-6.2447e+00 -1.3821e-09 0.0000e+00 0.0000e+00
-5.4766e+00 -5.8975e-13 0.0000e+00 0.0000e+00
-4.7133e+00 0.0000e+00 0.0000e+00 0.0000e+00
-5.5873e+00 -1.7764e-12 0.0000e+00 0.0000e+00
# New trial
-2.5148e+00 0.0000e+00 0.0000e+00 0.0000e+00
-4.9083e-01 0.0000e+00 0.0000e+00 0.0000e+00
-2.8458e-04 0.0000e+00 0.0000e+00 0.0000e+00
-5.3688e-06 0.0000e+00 0.0000e+00 0.0000e+00
# New trial
-6.6871e+00 -1.0890e-07 0.0000e+00 0.0000e+00
-5.9331e+00 -5.6957e-11 0.0000e+00 0.0000e+00
-3.1735e+00 0.0000e+00 0.0000e+00 0.0000e+00
-1.1047e-01 0.0000e+00 0.0000e+00 0.0000e+00
# New trial
-1.4850e+00 0.0000e+00 0.0000e+00 0.0000e+00
-3.4735e-02 0.0000e+00 0.0000e+00 0.0000e+00
-4.3131e-06 0.0000e+00 0.0000e+00 0.0000e+00
-4.8420e-03 0.0000e+00 0.0000e+00 0.0000e+00
# New trial
-3.2686e+00 0.0000e+00 0.0000e+00 0.0000e+00
-8.5800e-01 0.0000e+00 0.0000e+00 0.0000e+00
-8.8613e-04 0.0000e+00 0.0000e+00 0.0000e+00
-3.5689e-05 0.0000e+00 0.0000e+00 0.0000e+00
# New trial
-6.5753e+00 -3.5502e-08 0.0000e+00 0.0000e+00
-5.5200e+00 -9.0239e-13 0.0000e+00 0.0000e+00
-1.9335e+00 0.0000e+00 0.0000e+00 0.0000e+00
-1.5663e-02 0.0000e+00 0.0000e+00 0.0000e+00
# New trial
-6.2704e+00 -1.6752e-09 0.0000e+00 0.0000e+00
-5.3850e+00 -2.3448e-13 0.0000e+00 0.0000e+00
-2.3226e+00 0.0000e+00 0.0000e+00 0.0000e+00
-1.3125e-02 0.0000e+00 0.0000e+00 0.0000e+00
# New trial
-2.9119e+00 0.0000e+00 0.0000e+00 0.0000e+00
-7.0714e-01 0.0000e+00 0.0000e+00 0.0000e+00
-6.2520e-04 0.0000e+00 0.0000e+00 0.0000e+00
-4.6987e-06 0.0000e+00 0.0000e+00 0.0000e+00
# New trial
-6.4162e+00 -7.2235e-09 0.0000e+00 0.0000e+00
-5.8083e+00 -1.6293e-11 0.0000e+00 0.0000e+00
-3.4862e+00 0.0000e+00 0.0000e+00 0.0000e+00
-3.4972e-01 0.0000e+00 0.0000e+00 0.0000e+00
# New trial
-5.3916e-01 0.0000e+00 0.0000e+00 0.0000e+00
-3.4595e-03 0.0000e+00 0.0000e+00 0.0000e+00
-5.8700e-08 0.0000e+00 0.0000e+00 0.0000e+00
-8.8551e-05 0.0000e+00 0.0000e+00 0.0000e+00
# New trial
-4.0825e+00 0.0000e+00 0.0000e+00 0.0000e+00
-1.6793e+00 0.0000e+00 0.0000e+00 0.0000e+00
-7.5717e-03 0.0000e+00 0.0000e+00 0.0000e+00
-4.4368e-05 0.0000e+00 0.0000e+00 0.0000e+00
# New trial
-5.1470e+00 -2.1316e-14 0.0000e+00 0.0000e+00
-3.4408e+00 0.0000e+00 0.0000e+00 0.0000e+00
-1.2146e-01 0.0000e+00 0.0000e+00 0.0000e+00
-6.0288e-05 0.0000e+00 0.0000e+00 0.0000e+00
# New trial
-7.2578e+00 -3.2909e-05 0.0000e+00 0.0000e+00
-6.6522e+00 -7.6653e-08 0.0000e+00 0.0000e+00
-4.6589e+00 0.0000e+00 0.0000e+00 0.0000e+00
-8.6131e-01 0.0000e+00 0.0000e+00 0.0000e+00
# New trial
-5.6025e+00 -2.2311e-12 0.0000e+00 0.0000e+00
-4.1787e+00 0.0000e+00 0.0000e+00 0.0000e+00
-1.3342e+00 0.0000e+00 0.0000e+00 0.0000e+00
-3.2574e-01 0.0000e+00 0.0000e+00 0.0000e+00
# New trial
-6.9751e+00 -1.9429e-06 0.0000e+00 0.0000e+00
-6.2955e+00 -2.1517e-09 0.0000e+00 0.0000e+00
-3.7983e+00 0.0000e+00 0.0000e+00 0.0000e+00
-1.9451e-01 0.0000e+00 0.0000e+00 0.0000e+00
# New trial
-2.6096e+00 0.0000e+00 0.0000e+00 0.0000e+00
-2.4703e-01 0.0000e+00 0.0000e+00 0.0000e+00
-1.1893e-04 0.0000e+00 0.0000e+00 0.0000e+00
-6.9021e-04 0.0000e+00 0.0000e+00 0.0000e+00
# New trial
-5.0930e+00 -1.4211e-14 0.0000e+00 0.0000e+00
-3.3539e+00 0.0000e+00 0.0000e+00 0.0000e+00
-1.5224e-01 0.0000e+00 0.0000e+00 0.0000e+00
-1.4705e-04 0.0000e+00 0.0000e+00 0.0000e+00
# New trial
-7.5420e+00 -5.6501e-04 0.0000e+00 0.0000e+00
-6.8371e+00 -4.8790e-07 0.0000e+00 0.0000e+00
-4.3555e+00 0.0000e+00 0.0000e+00 0.0000e+00
-9.5320e-01 0.0000e+00 0.0000e+00 0.0000e+00
# New trial
-3.1074e+00 0.0000e+00 0.0000e+00 0.0000e+00
-9.0832e-01 0.0000e+00 0.0000e+00 0.0000e+00
-2.1345e-03 0.0000e+00 0.0000e+00 0.0000e+00
-8.1180e-04 0.0000e+00 0.0000e+00 0.0000e+00
# New trial
-4.1072e+00 0.0000e+00 0.0000e+00 0.0000e+00
-1.9854e+00 0.0000e+00 0.0000e+00 0.0000e+00
-2.3162e-02 0.0000e+00 0.0000e+00 0.0000e+00
-1.7464e-03 0.0000e+00 0.0000e+00 0.0000e+00
# New trial
-6.8994e+00 -9.1161e-07 0.0000e+00 0.0000e+00
-6.3343e+00 -3.1745e-09 0.0000e+00 0.0000e+00
-4.6030e+00 0.0000e+00 0.0000e+00 0.0000e+00
-1.6703e+00 0.0000e+00 0.0000e+00 0.0000e+00
# New trial
-3.0236e+00 0.0000e+00 0.0000e+00 0.0000e+00
-6.3332e-01 0.0000e+00 0.0000e+00 0.0000e+00
-2.1127e-04 0.0000e+00 0.0000e+00 0.0000e+00
-6.8550e-07 0.0000e+00 0.0000e+00 0.0000e+00
# New trial
-7.4346e+00 -1.9300e-04 0.0000e+00 0.0000e+00
-7.1655e+00 -1.3068e-05 0.0000e+00 0.0000e+00
-5.9974e+00 -1.0854e-10 0.0000e+00 0.0000e+00
-3.0918e+00 0.0000e+00 0.0000e+00 0.0000e+00
# New trial
-6.3431e+00 -3.4763e-09 0.0000e+00 0.0000e+00
-5.3732e+00 -2.0606e-13 0.0000e+00 0.0000e+00
-2.1504e+00 0.0000e+00 0.0000e+00 0.0000e+00
-1.0542e-02 0.0000e+00 0.0000e+00 0.0000e+00
# New trial
