# 0.01sig - Array shape (trial/sig/alpha): (30L, 4L, 4L)
-4.0205e+00 0.0000e+00 0.0000e+00 0.0000e+00
-1.9281e+00 0.0000e+00 0.0000e+00 0.0000e+00
-2.4846e-02 0.0000e+00 0.0000e+00 0.0000e+00
-1.5171e-03 0.0000e+00 0.0000e+00 0.0000e+00
# New trial
-2.6511e+00 0.0000e+00 0.0000e+00 0.0000e+00
-7.0460e-01 0.0000e+00 0.0000e+00 0.0000e+00
-6.7205e-04 0.0000e+00 0.0000e+00 0.0000e+00
-7.9160e-05 0.0000e+00 0.0000e+00 0.0000e+00
# New trial
-4.2057e+00 0.0000e+00 0.0000e+00 0.0000e+00
-1.9365e+00 0.0000e+00 0.0000e+00 0.0000e+00
-2.0526e-02 0.0000e+00 0.0000e+00 0.0000e+00
-1.9712e-03 0.0000e+00 0.0000e+00 0.0000e+00
# New trial
-4.4463e+00 0.0000e+00 0.0000e+00 0.0000e+00
-2.9906e+00 0.0000e+00 0.0000e+00 0.0000e+00
-1.7785e-01 0.0000e+00 0.0000e+00 0.0000e+00
-1.3529e-02 0.0000e+00 0.0000e+00 0.0000e+00
# New trial
-1.7403e+00 0.0000e+00 0.0000e+00 0.0000e+00
-6.4708e-02 0.0000e+00 0.0000e+00 0.0000e+00
-2.4710e-05 0.0000e+00 0.0000e+00 0.0000e+00
-6.4697e-03 0.0000e+00 0.0000e+00 0.0000e+00
# New trial
-6.1017e+00 -3.1212e-10 0.0000e+00 0.0000e+00
-5.1940e+00 -3.5527e-14 0.0000e+00 0.0000e+00
-1.8624e+00 0.0000e+00 0.0000e+00 0.0000e+00
-8.7386e-03 0.0000e+00 0.0000e+00 0.0000e+00
# New trial
-3.8147e+00 0.0000e+00 0.0000e+00 0.0000e+00
-1.9106e+00 0.0000e+00 0.0000e+00 0.0000e+00
-1.7339e-02 0.0000e+00 0.0000e+00 0.0000e+00
-5.6351e-03 0.0000e+00 0.0000e+00 0.0000e+00
# New trial
-1.7940e+00 0.0000e+00 0.0000e+00 0.0000e+00
-1.3695e-01 0.0000e+00 0.0000e+00 0.0000e+00
-1.7681e-05 0.0000e+00 0.0000e+00 0.0000e+00
-3.9492e-06 0.0000e+00 0.0000e+00 0.0000e+00
# New trial
-6.5633e+00 -3.1845e-08 0.0000e+00 0.0000e+00
-5.8657e+00 -2.9004e-11 0.0000e+00 0.0000e+00
-3.7530e+00 0.0000e+00 0.0000e+00 0.0000e+00
-1.8944e+00 0.0000e+00 0.0000e+00 0.0000e+00
# New trial
-9.2359e-01 0.0000e+00 0.0000e+00 0.0000e+00
-1.0652e-02 0.0000e+00 0.0000e+00 0.0000e+00
-2.6809e-06 0.0000e+00 0.0000e+00 0.0000e+00
-1.3120e-01 0.0000e+00 0.0000e+00 0.0000e+00
# New trial
-2.5231e+00 0.0000e+00 0.0000e+00 0.0000e+00
-3.2214e-01 0.0000e+00 0.0000e+00 0.0000e+00
-3.0839e-04 0.0000e+00 0.0000e+00 0.0000e+00
-1.1284e-03 0.0000e+00 0.0000e+00 0.0000e+00
# New trial
-6.0592e+00 -2.0238e-10 0.0000e+00 0.0000e+00
-4.9872e+00 -7.1054e-15 0.0000e+00 0.0000e+00
-1.6094e+00 0.0000e+00 0.0000e+00 0.0000e+00
-1.5058e-02 0.0000e+00 0.0000e+00 0.0000e+00
# New trial
-5.9252e+00 -5.2928e-11 0.0000e+00 0.0000e+00
-4.9055e+00 0.0000e+00 0.0000e+00 0.0000e+00
-1.8111e+00 0.0000e+00 0.0000e+00 0.0000e+00
-5.0735e-02 0.0000e+00 0.0000e+00 0.0000e+00
# New trial
-2.1532e+00 0.0000e+00 0.0000e+00 0.0000e+00
-2.5174e-01 0.0000e+00 0.0000e+00 0.0000e+00
-1.5407e-04 0.0000e+00 0.0000e+00 0.0000e+00
-5.4644e-05 0.0000e+00 0.0000e+00 0.0000e+00
# New trial
-5.8441e+00 -2.3562e-11 0.0000e+00 0.0000e+00
-4.9404e+00 0.0000e+00 0.0000e+00 0.0000e+00
-1.6587e+00 0.0000e+00 0.0000e+00 0.0000e+00
-1.3586e-02 0.0000e+00 0.0000e+00 0.0000e+00
# New trial
-1.6659e-01 0.0000e+00 0.0000e+00 0.0000e+00
-4.2110e-04 0.0000e+00 0.0000e+00 0.0000e+00
-6.0266e-09 0.0000e+00 0.0000e+00 0.0000e+00
-1.2528e-03 0.0000e+00 0.0000e+00 0.0000e+00
# New trial
-3.0739e+00 0.0000e+00 0.0000e+00 0.0000e+00
-6.9630e-01 0.0000e+00 0.0000e+00 0.0000e+00
-7.7104e-04 0.0000e+00 0.0000e+00 0.0000e+00
-4.8359e-05 0.0000e+00 0.0000e+00 0.0000e+00
# New trial
-4.5845e+00 0.0000e+00 0.0000e+00 0.0000e+00
-2.5328e+00 0.0000e+00 0.0000e+00 0.0000e+00
-2.6670e-02 0.0000e+00 0.0000e+00 0.0000e+00
-3.8709e-04 0.0000e+00 0.0000e+00 0.0000e+00
# New trial
-6.8739e+00 -7.0695e-07 0.0000e+00 0.0000e+00
-6.1144e+00 -3.5062e-10 0.0000e+00 0.0000e+00
-3.4807e+00 0.0000e+00 0.0000e+00 0.0000e+00
-3.1265e-01 0.0000e+00 0.0000e+00 0.0000e+00
# New trial
-4.0891e+00 0.0000e+00 0.0000e+00 0.0000e+00
-1.9710e+00 0.0000e+00 0.0000e+00 0.0000e+00
-9.1377e-03 0.0000e+00 0.0000e+00 0.0000e+00
-1.1265e-04 0.0000e+00 0.0000e+00 0.0000e+00
# New trial
-6.6565e+00 -8.0081e-08 0.0000e+00 0.0000e+00
-5.8754e+00 -3.1932e-11 0.0000e+00 0.0000e+00
-2.8712e+00 0.0000e+00 0.0000e+00 0.0000e+00
-1.4212e-02 0.0000e+00 0.0000e+00 0.0000e+00
# New trial
-1.8384e+00 0.0000e+00 0.0000e+00 0.0000e+00
-9.6610e-02 0.0000e+00 0.0000e+00 0.0000e+00
-3.2713e-05 0.0000e+00 0.0000e+00 0.0000e+00
-7.8657e-03 0.0000e+00 0.0000e+00 0.0000e+00
# New trial
-4.2985e+00 0.0000e+00 0.0000e+00 0.0000e+00
-2.5334e+00 0.0000e+00 0.0000e+00 0.0000e+00
-1.0166e-01 0.0000e+00 0.0000e+00 0.0000e+00
-8.1734e-03 0.0000e+00 0.0000e+00 0.0000e+00
# New trial
-6.9547e+00 -1.5853e-06 0.0000e+00 0.0000e+00
-6.1583e+00 -5.4445e-10 0.0000e+00 0.0000e+00
-3.3061e+00 0.0000e+00 0.0000e+00 0.0000e+00
-9.5233e-02 0.0000e+00 0.0000e+00 0.0000e+00
# New trial
-2.1519e+00 0.0000e+00 0.0000e+00 0.0000e+00
-3.2687e-01 0.0000e+00 0.0000e+00 0.0000e+00
-4.5239e-04 0.0000e+00 0.0000e+00 0.0000e+00
-5.0893e-03 0.0000e+00 0.0000e+00 0.0000e+00
# New trial
-3.1592e+00 0.0000e+00 0.0000e+00 0.0000e+00
-8.1200e-01 0.0000e+00 0.0000e+00 0.0000e+00
-1.3955e-03 0.0000e+00 0.0000e+00 0.0000e+00
-4.9377e-04 0.0000e+00 0.0000e+00 0.0000e+00
# New trial
-5.8339e+00 -2.1274e-11 0.0000e+00 0.0000e+00
-4.7244e+00 0.0000e+00 0.0000e+00 0.0000e+00
-1.1062e+00 0.0000e+00 0.0000e+00 0.0000e+00
-1.5811e-03 0.0000e+00 0.0000e+00 0.0000e+00
# New trial
-2.4820e+00 0.0000e+00 0.0000e+00 0.0000e+00
-4.2208e-01 0.0000e+00 0.0000e+00 0.0000e+00
-5.5224e-04 0.0000e+00 0.0000e+00 0.0000e+00
-4.3714e-04 0.0000e+00 0.0000e+00 0.0000e+00
# New trial
-6.7959e+00 -3.2388e-07 0.0000e+00 0.0000e+00
-6.2597e+00 -1.5038e-09 0.0000e+00 0.0000e+00
-4.0098e+00 0.0000e+00 0.0000e+00 0.0000e+00
-1.8996e-01 0.0000e+00 0.0000e+00 0.0000e+00
# New trial
-5.8331e+00 -2.1238e-11 0.0000e+00 0.0000e+00
-4.6824e+00 0.0000e+00 0.0000e+00 0.0000e+00
-1.3701e+00 0.0000e+00 0.0000e+00 0.0000e+00
-5.8955e-02 0.0000e+00 0.0000e+00 0.0000e+00
# New trial
