# 0.1sig - Array shape (trial/sig/alpha): (30L, 4L, 4L)
-9.2515e+00 -3.4075e+01 -3.3487e+02 -3.3487e+03
-9.1351e+00 -1.1232e+01 -7.8044e+01 -7.7789e+02
-9.2094e+00 -9.2006e+00 -9.1787e+00 -5.0096e+01
-9.2104e+00 -9.2104e+00 -9.2104e+00 -9.2104e+00
# New trial
-8.9232e+00 -2.1411e+01 -2.0758e+02 -2.0757e+03
-9.0977e+00 -9.3427e+00 -5.3608e+01 -5.3567e+02
-9.2095e+00 -9.2017e+00 -9.1453e+00 -2.5473e+01
-9.2104e+00 -9.2104e+00 -9.2104e+00 -9.2104e+00
# New trial
-8.2741e+00 -2.6560e+01 -2.6550e+02 -2.6550e+03
-8.9833e+00 -1.0285e+01 -7.6542e+01 -7.6539e+02
-9.2103e+00 -9.2099e+00 -9.2736e+00 -2.8703e+01
-9.2104e+00 -9.2104e+00 -9.2104e+00 -9.2104e+00
# New trial
-9.8759e+00 -4.3677e+01 -4.3672e+02 -4.3672e+03
-9.3353e+00 -1.3134e+01 -1.0193e+02 -1.0181e+03
-9.2117e+00 -9.2236e+00 -9.3909e+00 -3.8720e+01
-9.2104e+00 -9.2104e+00 -9.2104e+00 -9.2104e+00
# New trial
-9.0138e+00 -1.2623e+01 -1.1859e+02 -1.1859e+03
-9.1636e+00 -9.0126e+00 -3.4243e+01 -3.4242e+02
-9.2104e+00 -9.2103e+00 -9.2131e+00 -1.1403e+01
-9.2104e+00 -9.2104e+00 -9.2104e+00 -9.2104e+00
# New trial
-9.0703e+00 -1.4412e+01 -1.3570e+02 -1.3570e+03
-9.1472e+00 -8.8878e+00 -4.1742e+01 -4.1741e+02
-9.2097e+00 -9.2027e+00 -9.1382e+00 -1.6236e+01
-9.2104e+00 -9.2104e+00 -9.2104e+00 -9.2104e+00
# New trial
-8.9798e+00 -1.6088e+01 -1.5225e+02 -1.5225e+03
-9.1154e+00 -9.0773e+00 -5.9237e+01 -5.9237e+02
-9.2097e+00 -9.2028e+00 -9.1491e+00 -2.8946e+01
-9.2104e+00 -9.2104e+00 -9.2104e+00 -9.2104e+00
# New trial
-8.6996e+00 -1.5065e+01 -1.4366e+02 -1.4366e+03
-9.0747e+00 -8.5786e+00 -6.1380e+01 -6.1380e+02
-9.2097e+00 -9.2030e+00 -9.1520e+00 -3.5537e+01
-9.2104e+00 -9.2104e+00 -9.2104e+00 -9.2104e+00
# New trial
-9.6709e+00 -3.6999e+01 -3.6224e+02 -3.6222e+03
-9.2432e+00 -1.2394e+01 -9.9826e+01 -9.9823e+02
-9.2093e+00 -9.1993e+00 -9.1411e+00 -2.3258e+01
-9.2104e+00 -9.2104e+00 -9.2104e+00 -9.2104e+00
# New trial
-9.4390e+00 -2.2641e+01 -2.1116e+02 -2.1116e+03
-9.2541e+00 -1.0732e+01 -6.9557e+01 -6.8977e+02
-9.2110e+00 -9.2158e+00 -9.2804e+00 -1.9311e+01
-9.2104e+00 -9.2104e+00 -9.2104e+00 -9.2104e+00
# New trial
-1.0369e+01 -4.2871e+01 -4.2840e+02 -4.2840e+03
-9.5190e+00 -1.4889e+01 -1.1760e+02 -1.1760e+03
-9.2124e+00 -9.2304e+00 -9.4558e+00 -2.4642e+01
-9.2104e+00 -9.2104e+00 -9.2104e+00 -9.2104e+00
# New trial
-9.2137e+00 -3.3572e+01 -3.3297e+02 -3.3297e+03
-9.1777e+00 -1.2381e+01 -1.0076e+02 -1.0052e+03
-9.2119e+00 -9.2260e+00 -9.5075e+00 -4.9110e+01
-9.2104e+00 -9.2104e+00 -9.2104e+00 -9.2104e+00
# New trial
-9.1953e+00 -2.0456e+01 -1.9837e+02 -1.9837e+03
-9.1866e+00 -9.9715e+00 -4.9028e+01 -4.8385e+02
-9.2100e+00 -9.2061e+00 -9.1844e+00 -1.7508e+01
-9.2104e+00 -9.2104e+00 -9.2104e+00 -9.2104e+00
# New trial
-9.4830e+00 -1.5925e+01 -1.4652e+02 -1.4652e+03
-9.3133e+00 -1.0567e+01 -4.8937e+01 -4.8328e+02
-9.2112e+00 -9.2182e+00 -9.2937e+00 -1.4476e+01
-9.2104e+00 -9.2104e+00 -9.2104e+00 -9.2104e+00
# New trial
-9.1024e+00 -1.0954e+01 -8.5684e+01 -8.5670e+02
-9.1678e+00 -8.9885e+00 -2.5252e+01 -2.4161e+02
-9.2101e+00 -9.2070e+00 -9.1792e+00 -9.4785e+00
-9.2104e+00 -9.2104e+00 -9.2104e+00 -9.2104e+00
# New trial
-9.9227e+00 -3.0590e+01 -3.0345e+02 -3.0345e+03
-9.4534e+00 -1.2971e+01 -1.0091e+02 -1.0091e+03
-9.2126e+00 -9.2325e+00 -9.4560e+00 -2.6548e+01
-9.2104e+00 -9.2104e+00 -9.2104e+00 -9.2104e+00
# New trial
-8.6030e+00 -2.9005e+01 -2.9005e+02 -2.9005e+03
-9.0090e+00 -9.3130e+00 -7.0345e+01 -7.0279e+02
-9.2089e+00 -9.1955e+00 -9.1008e+00 -2.8759e+01
-9.2104e+00 -9.2104e+00 -9.2104e+00 -9.2104e+00
# New trial
-8.6661e+00 -3.5609e+01 -3.5377e+02 -3.5377e+03
-8.9903e+00 -9.7398e+00 -7.9257e+01 -7.9257e+02
-9.2083e+00 -9.1891e+00 -9.0610e+00 -3.5694e+01
-9.2104e+00 -9.2104e+00 -9.2104e+00 -9.2104e+00
# New trial
-9.8316e+00 -3.6616e+01 -3.6604e+02 -3.6604e+03
-9.3473e+00 -1.2417e+01 -8.3497e+01 -8.3026e+02
-9.2115e+00 -9.2210e+00 -9.3490e+00 -2.9172e+01
-9.2104e+00 -9.2104e+00 -9.2104e+00 -9.2104e+00
# New trial
-9.2532e+00 -1.6718e+01 -1.5669e+02 -1.5660e+03
-9.2154e+00 -9.6748e+00 -5.0664e+01 -5.0664e+02
-9.2107e+00 -9.2129e+00 -9.2461e+00 -1.5793e+01
-9.2104e+00 -9.2104e+00 -9.2104e+00 -9.2104e+00
# New trial
-8.1182e+00 -2.7219e+01 -2.7140e+02 -2.7140e+03
-8.8402e+00 -1.0076e+01 -8.7707e+01 -8.7638e+02
-9.2083e+00 -9.1896e+00 -9.1719e+00 -6.6816e+01
-9.2104e+00 -9.2104e+00 -9.2104e+00 -9.2104e+00
# New trial
-9.7134e+00 -4.6559e+01 -4.6531e+02 -4.6531e+03
-9.3080e+00 -1.5174e+01 -1.4148e+02 -1.4148e+03
-9.2120e+00 -9.2263e+00 -9.4660e+00 -4.7251e+01
-9.2104e+00 -9.2104e+00 -9.2104e+00 -9.2104e+00
# New trial
-8.9935e+00 -1.5431e+01 -1.3931e+02 -1.3931e+03
-9.1485e+00 -9.1563e+00 -3.4308e+01 -3.3531e+02
-9.2102e+00 -9.2080e+00 -9.1954e+00 -1.4852e+01
-9.2104e+00 -9.2104e+00 -9.2104e+00 -9.2104e+00
# New trial
-9.1115e+00 -9.4185e+00 -7.9866e+01 -7.9866e+02
-9.1923e+00 -9.0747e+00 -3.0907e+01 -3.0907e+02
-9.2105e+00 -9.2106e+00 -9.2136e+00 -1.6032e+01
-9.2104e+00 -9.2104e+00 -9.2104e+00 -9.2104e+00
# New trial
-9.2826e+00 -2.0497e+01 -1.9897e+02 -1.9897e+03
-9.2122e+00 -1.0035e+01 -6.2461e+01 -6.2454e+02
-9.2106e+00 -9.2118e+00 -9.2414e+00 -2.7589e+01
-9.2104e+00 -9.2104e+00 -9.2104e+00 -9.2104e+00
# New trial
-9.4826e+00 -4.2004e+01 -4.1954e+02 -4.1954e+03
-9.1425e+00 -1.1730e+01 -9.9584e+01 -9.9584e+02
-9.2080e+00 -9.1864e+00 -9.0463e+00 -2.9776e+01
-9.2104e+00 -9.2104e+00 -9.2104e+00 -9.2104e+00
# New trial
-9.4013e+00 -2.1880e+01 -2.1493e+02 -2.1493e+03
-9.2252e+00 -1.0020e+01 -4.8581e+01 -4.7813e+02
-9.2102e+00 -9.2084e+00 -9.2023e+00 -1.7545e+01
-9.2104e+00 -9.2104e+00 -9.2104e+00 -9.2104e+00
# New trial
-9.2675e+00 -2.1403e+01 -2.0558e+02 -2.0549e+03
-9.2167e+00 -1.0012e+01 -5.9019e+01 -5.8953e+02
-9.2110e+00 -9.2159e+00 -9.2868e+00 -3.0132e+01
-9.2104e+00 -9.2104e+00 -9.2104e+00 -9.2104e+00
# New trial
-8.7502e+00 -1.1091e+01 -9.0903e+01 -9.0826e+02
-9.0861e+00 -8.3501e+00 -2.9471e+01 -2.9469e+02
-9.2098e+00 -9.2037e+00 -9.1501e+00 -2.6086e+01
-9.2104e+00 -9.2104e+00 -9.2104e+00 -9.2104e+00
# New trial
-9.3199e+00 -2.0977e+01 -2.0878e+02 -2.0878e+03
-9.2162e+00 -1.0085e+01 -6.0551e+01 -6.0543e+02
-9.2102e+00 -9.2081e+00 -9.2007e+00 -1.6920e+01
-9.2104e+00 -9.2104e+00 -9.2104e+00 -9.2104e+00
# New trial
