# 0.01sig - Array shape (trial/sig/alpha): (30L, 4L, 4L)
-1.4710e+00 0.0000e+00 0.0000e+00 0.0000e+00
-4.3498e+00 -8.5265e-14 0.0000e+00 0.0000e+00
-7.9981e+00 -5.2937e-02 0.0000e+00 0.0000e+00
-9.1979e+00 -9.0847e+00 -7.9535e+00 -3.4081e-02
# New trial
-1.7472e+00 0.0000e+00 0.0000e+00 0.0000e+00
-5.2109e+00 -5.5308e-09 0.0000e+00 0.0000e+00
-8.5444e+00 -2.6271e+00 0.0000e+00 0.0000e+00
-9.2087e+00 -9.1926e+00 -9.0319e+00 -7.4258e+00
# New trial
-2.1925e+00 0.0000e+00 0.0000e+00 0.0000e+00
-4.2081e+00 0.0000e+00 0.0000e+00 0.0000e+00
-7.5947e+00 -9.5957e-04 0.0000e+00 0.0000e+00
-9.1806e+00 -8.9117e+00 -6.2246e+00 -1.0577e-09
# New trial
-2.7400e+00 -1.7906e-12 0.0000e+00 0.0000e+00
-4.6531e+00 -5.4897e-11 0.0000e+00 0.0000e+00
-8.5329e+00 -2.5207e+00 0.0000e+00 0.0000e+00
-9.2094e+00 -9.2002e+00 -9.1079e+00 -8.1847e+00
# New trial
-6.4141e-01 0.0000e+00 0.0000e+00 0.0000e+00
-4.8108e+00 -1.4140e-06 0.0000e+00 0.0000e+00
-8.7322e+00 -4.4502e+00 0.0000e+00 0.0000e+00
-9.2102e+00 -9.2085e+00 -9.1911e+00 -9.0170e+00
# New trial
-5.5531e+00 -3.2010e-10 0.0000e+00 0.0000e+00
-5.6646e+00 -8.2494e-12 0.0000e+00 0.0000e+00
-7.7822e+00 -6.2332e-03 0.0000e+00 0.0000e+00
-9.1207e+00 -8.3130e+00 -8.1718e-01 0.0000e+00
# New trial
-2.0047e+00 0.0000e+00 0.0000e+00 0.0000e+00
-4.5724e+00 -5.8265e-13 0.0000e+00 0.0000e+00
-8.1978e+00 -3.3667e-01 0.0000e+00 0.0000e+00
-9.2012e+00 -9.1184e+00 -8.2897e+00 -6.9393e-01
# New trial
-1.2247e+00 0.0000e+00 0.0000e+00 0.0000e+00
-4.9075e+00 -3.2562e-08 0.0000e+00 0.0000e+00
-8.4615e+00 -1.8900e+00 0.0000e+00 0.0000e+00
-9.2091e+00 -9.1970e+00 -9.0756e+00 -7.8622e+00
# New trial
-6.0117e+00 -7.1816e-06 0.0000e+00 0.0000e+00
-8.0341e+00 -2.8279e-01 0.0000e+00 0.0000e+00
-9.1444e+00 -8.5500e+00 -2.7213e+00 0.0000e+00
-9.2104e+00 -9.2104e+00 -9.2097e+00 -9.2031e+00
# New trial
-4.3918e-01 0.0000e+00 0.0000e+00 0.0000e+00
-4.6384e+00 -5.5086e-06 0.0000e+00 0.0000e+00
-8.3685e+00 -1.1744e+00 0.0000e+00 0.0000e+00
-9.2093e+00 -9.1993e+00 -9.0994e+00 -8.1001e+00
# New trial
-1.1767e+00 0.0000e+00 0.0000e+00 0.0000e+00
-3.9648e+00 -7.1054e-14 0.0000e+00 0.0000e+00
-7.8752e+00 -1.5839e-02 0.0000e+00 0.0000e+00
-9.2018e+00 -9.1238e+00 -8.3439e+00 -1.0015e+00
# New trial
-3.8987e+00 -1.4211e-14 0.0000e+00 0.0000e+00
-4.2367e+00 0.0000e+00 0.0000e+00 0.0000e+00
-6.6706e+00 -9.2282e-08 0.0000e+00 0.0000e+00
-9.0608e+00 -7.7138e+00 -3.1462e-03 0.0000e+00
# New trial
-4.2590e+00 -7.4891e-12 0.0000e+00 0.0000e+00
-5.6630e+00 -2.3164e-11 0.0000e+00 0.0000e+00
-8.0842e+00 -1.2074e-01 0.0000e+00 0.0000e+00
-9.1830e+00 -8.9358e+00 -6.4653e+00 -1.1797e-08
# New trial
-9.1958e-01 0.0000e+00 0.0000e+00 0.0000e+00
-4.5312e+00 -2.5230e-09 0.0000e+00 0.0000e+00
-8.2733e+00 -6.1774e-01 0.0000e+00 0.0000e+00
-9.2075e+00 -9.1809e+00 -8.9150e+00 -6.2580e+00
# New trial
-6.0071e+00 -9.0765e-07 0.0000e+00 0.0000e+00
-8.0003e+00 -1.6047e-01 0.0000e+00 0.0000e+00
-9.1581e+00 -8.6878e+00 -4.0679e+00 -5.5406e-03
-9.2104e+00 -9.2104e+00 -9.2101e+00 -9.2072e+00
# New trial
-2.4100e-01 0.0000e+00 0.0000e+00 0.0000e+00
-2.9177e+00 -1.0232e-12 0.0000e+00 0.0000e+00
-7.8187e+00 -9.1665e-03 0.0000e+00 0.0000e+00
-9.2065e+00 -9.1710e+00 -8.8165e+00 -5.2753e+00
# New trial
-1.3207e+00 0.0000e+00 0.0000e+00 0.0000e+00
-4.7162e+00 -2.9335e-08 0.0000e+00 0.0000e+00
-8.3919e+00 -1.3360e+00 0.0000e+00 0.0000e+00
-9.2085e+00 -9.1910e+00 -9.0157e+00 -7.2637e+00
# New trial
-1.4597e+00 0.0000e+00 0.0000e+00 0.0000e+00
-2.8655e-01 0.0000e+00 0.0000e+00 0.0000e+00
-1.9260e+00 0.0000e+00 0.0000e+00 0.0000e+00
-8.6244e+00 -3.3837e+00 0.0000e+00 0.0000e+00
# New trial
-6.4772e+00 -1.1257e-05 0.0000e+00 0.0000e+00
-6.4074e+00 -2.1119e-08 0.0000e+00 0.0000e+00
-8.2653e+00 -5.7920e-01 0.0000e+00 0.0000e+00
-9.1804e+00 -8.9095e+00 -6.2031e+00 -8.5311e-10
# New trial
-2.6683e+00 0.0000e+00 0.0000e+00 0.0000e+00
-4.5993e+00 -4.2633e-14 0.0000e+00 0.0000e+00
-7.8895e+00 -1.8175e-02 0.0000e+00 0.0000e+00
-9.1936e+00 -9.0416e+00 -7.5219e+00 -4.6233e-04
# New trial
-5.1615e+00 -3.8796e-12 0.0000e+00 0.0000e+00
-4.0211e+00 0.0000e+00 0.0000e+00 0.0000e+00
-4.7553e+00 0.0000e+00 0.0000e+00 0.0000e+00
-8.4140e+00 -1.4982e+00 0.0000e+00 0.0000e+00
# New trial
-8.2098e+00 -1.7041e+00 -3.6889e-09 0.0000e+00
-9.1050e+00 -8.3589e+00 -2.6778e+01 -2.6760e+02
-9.2106e+00 -9.2120e+00 -9.2390e+00 -1.9458e+01
-9.2104e+00 -9.2104e+00 -9.2104e+00 -9.2104e+00
# New trial
-3.0697e+00 -1.1892e-09 0.0000e+00 0.0000e+00
-6.1906e+00 -6.7841e-05 0.0000e+00 0.0000e+00
-8.8471e+00 -5.5824e+00 -9.2086e-12 0.0000e+00
-9.2102e+00 -9.2078e+00 -9.1838e+00 -8.9436e+00
# New trial
-5.7417e+00 -5.1313e-10 0.0000e+00 0.0000e+00
-4.8531e+00 0.0000e+00 0.0000e+00 0.0000e+00
-5.8797e+00 -3.3339e-11 0.0000e+00 0.0000e+00
-8.8185e+00 -5.2951e+00 -8.5265e-14 0.0000e+00
# New trial
-1.9749e+00 -2.5011e-12 0.0000e+00 0.0000e+00
-5.4611e+00 -2.6502e-05 0.0000e+00 0.0000e+00
-8.8522e+00 -5.6342e+00 -6.7985e-11 0.0000e+00
-9.2103e+00 -9.2093e+00 -9.1986e+00 -9.0919e+00
# New trial
-7.3474e+00 -1.2346e-02 0.0000e+00 0.0000e+00
-9.0263e+00 -7.9579e+00 -3.1380e+01 -3.1365e+02
-9.2110e+00 -9.2158e+00 -9.2781e+00 -1.8402e+01
-9.2104e+00 -9.2104e+00 -9.2104e+00 -9.2104e+00
# New trial
-5.1095e+00 -1.9057e-10 0.0000e+00 0.0000e+00
-6.6185e+00 -1.5618e-07 0.0000e+00 0.0000e+00
-8.8553e+00 -5.6619e+00 -3.9222e-12 0.0000e+00
-9.2097e+00 -9.2034e+00 -9.1400e+00 -8.5056e+00
# New trial
-6.9392e+00 -6.6153e-04 0.0000e+00 0.0000e+00
-8.9326e+00 -7.1866e+00 -2.3353e+01 -2.3337e+02
-9.2109e+00 -9.2151e+00 -9.2856e+00 -2.6475e+01
-9.2104e+00 -9.2104e+00 -9.2104e+00 -9.2104e+00
# New trial
-6.1229e+00 -2.5278e-08 0.0000e+00 0.0000e+00
-4.7414e+00 0.0000e+00 0.0000e+00 0.0000e+00
-5.6194e+00 -2.4514e-12 0.0000e+00 0.0000e+00
-8.7295e+00 -4.4127e+00 0.0000e+00 0.0000e+00
# New trial
-3.7351e+00 -2.2737e-13 0.0000e+00 0.0000e+00
-2.1317e+00 0.0000e+00 0.0000e+00 0.0000e+00
-4.6773e+00 0.0000e+00 0.0000e+00 0.0000e+00
-8.9465e+00 -6.5719e+00 -3.4297e-08 0.0000e+00
# New trial
