# 0.1sig - Array shape (trial/sig/alpha): (30L, 4L, 4L)
-8.0704e+00 -1.0588e-01 0.0000e+00 0.0000e+00
-7.9836e+00 -4.5810e-02 0.0000e+00 0.0000e+00
-7.7999e+00 -7.4344e-03 0.0000e+00 0.0000e+00
-7.4318e+00 -1.8756e-04 0.0000e+00 0.0000e+00
# New trial
-7.7510e+00 -4.5663e-03 0.0000e+00 0.0000e+00
-7.3075e+00 -5.4088e-05 0.0000e+00 0.0000e+00
-5.8339e+00 -2.1060e-11 0.0000e+00 0.0000e+00
-2.8885e+00 0.0000e+00 0.0000e+00 0.0000e+00
# New trial
-8.0690e+00 -1.0443e-01 0.0000e+00 0.0000e+00
-7.6329e+00 -1.4018e-03 0.0000e+00 0.0000e+00
-6.3472e+00 -3.6127e-09 0.0000e+00 0.0000e+00
-3.7670e+00 0.0000e+00 0.0000e+00 0.0000e+00
# New trial
-7.8044e+00 -7.7741e-03 0.0000e+00 0.0000e+00
-7.2385e+00 -2.7125e-05 0.0000e+00 0.0000e+00
-5.5179e+00 -8.8107e-13 0.0000e+00 0.0000e+00
-2.1415e+00 0.0000e+00 0.0000e+00 0.0000e+00
# New trial
-8.0832e+00 -1.1950e-01 0.0000e+00 0.0000e+00
-7.8193e+00 -9.0164e-03 0.0000e+00 0.0000e+00
-6.9125e+00 -1.0377e-06 0.0000e+00 0.0000e+00
-4.7503e+00 0.0000e+00 0.0000e+00 0.0000e+00
# New trial
-8.1555e+00 -2.3232e-01 0.0000e+00 0.0000e+00
-7.9117e+00 -2.2583e-02 0.0000e+00 0.0000e+00
-6.9981e+00 -2.4459e-06 0.0000e+00 0.0000e+00
-4.6861e+00 0.0000e+00 0.0000e+00 0.0000e+00
# New trial
-8.2992e+00 -7.4281e-01 0.0000e+00 0.0000e+00
-8.0574e+00 -9.3555e-02 0.0000e+00 0.0000e+00
-7.2136e+00 -2.1137e-05 0.0000e+00 0.0000e+00
-5.1230e+00 -1.4211e-14 0.0000e+00 0.0000e+00
# New trial
-7.9192e+00 -2.4320e-02 0.0000e+00 0.0000e+00
-7.4629e+00 -2.5614e-04 0.0000e+00 0.0000e+00
-6.1088e+00 -3.3158e-10 0.0000e+00 0.0000e+00
-3.3138e+00 0.0000e+00 0.0000e+00 0.0000e+00
# New trial
-7.5851e+00 -8.6986e-04 0.0000e+00 0.0000e+00
-6.8796e+00 -7.4703e-07 0.0000e+00 0.0000e+00
-4.8456e+00 0.0000e+00 0.0000e+00 0.0000e+00
-1.1035e+00 0.0000e+00 0.0000e+00 0.0000e+00
# New trial
-8.2395e+00 -4.7393e-01 0.0000e+00 0.0000e+00
-7.9221e+00 -2.5028e-02 0.0000e+00 0.0000e+00
-6.8527e+00 -5.7034e-07 0.0000e+00 0.0000e+00
-4.5196e+00 0.0000e+00 0.0000e+00 0.0000e+00
# New trial
-8.3245e+00 -8.8319e-01 0.0000e+00 0.0000e+00
-7.9527e+00 -3.3834e-02 0.0000e+00 0.0000e+00
-6.8110e+00 -3.7569e-07 0.0000e+00 0.0000e+00
-4.3618e+00 0.0000e+00 0.0000e+00 0.0000e+00
# New trial
-6.9523e+00 -1.5950e-06 0.0000e+00 0.0000e+00
-6.0082e+00 -1.2113e-10 0.0000e+00 0.0000e+00
-3.4901e+00 0.0000e+00 0.0000e+00 0.0000e+00
-3.6600e-01 0.0000e+00 0.0000e+00 0.0000e+00
# New trial
-8.0402e+00 -7.9331e-02 0.0000e+00 0.0000e+00
-7.7804e+00 -6.1191e-03 0.0000e+00 0.0000e+00
-6.8318e+00 -4.6300e-07 0.0000e+00 0.0000e+00
-4.4130e+00 0.0000e+00 0.0000e+00 0.0000e+00
# New trial
-7.9368e+00 -2.8911e-02 0.0000e+00 0.0000e+00
-7.4840e+00 -3.1637e-04 0.0000e+00 0.0000e+00
-5.9203e+00 -5.0115e-11 0.0000e+00 0.0000e+00
-2.8918e+00 0.0000e+00 0.0000e+00 0.0000e+00
# New trial
-9.2103e+00 -9.2086e+00 -9.1921e+00 -9.0606e+00
-9.2104e+00 -9.2102e+00 -9.2082e+00 -9.1883e+00
-9.2104e+00 -9.2104e+00 -9.2103e+00 -9.2095e+00
-9.2104e+00 -9.2104e+00 -9.2104e+00 -9.2104e+00
# New trial
-8.2028e+00 -3.5071e-01 0.0000e+00 0.0000e+00
-7.7800e+00 -6.0970e-03 0.0000e+00 0.0000e+00
-6.3679e+00 -4.4478e-09 0.0000e+00 0.0000e+00
-3.4097e+00 0.0000e+00 0.0000e+00 0.0000e+00
# New trial
-7.3621e+00 -9.4542e-05 0.0000e+00 0.0000e+00
-6.5461e+00 -2.6512e-08 0.0000e+00 0.0000e+00
-4.6108e+00 0.0000e+00 0.0000e+00 0.0000e+00
-2.0598e+00 0.0000e+00 0.0000e+00 0.0000e+00
# New trial
-7.4361e+00 -1.9715e-04 0.0000e+00 0.0000e+00
-6.7455e+00 -1.9509e-07 0.0000e+00 0.0000e+00
-4.6515e+00 0.0000e+00 0.0000e+00 0.0000e+00
-9.0343e-01 0.0000e+00 0.0000e+00 0.0000e+00
# New trial
-7.5987e+00 -9.9664e-04 0.0000e+00 0.0000e+00
-7.1989e+00 -1.8249e-05 0.0000e+00 0.0000e+00
-5.8794e+00 -3.3261e-11 0.0000e+00 0.0000e+00
-3.1049e+00 0.0000e+00 0.0000e+00 0.0000e+00
# New trial
-7.8985e+00 -1.9812e-02 0.0000e+00 0.0000e+00
-7.3014e+00 -5.0865e-05 0.0000e+00 0.0000e+00
-5.7714e+00 -1.1255e-11 0.0000e+00 0.0000e+00
-2.8611e+00 0.0000e+00 0.0000e+00 0.0000e+00
# New trial
-7.6532e+00 -1.7212e-03 0.0000e+00 0.0000e+00
-7.0516e+00 -4.1789e-06 0.0000e+00 0.0000e+00
-5.3652e+00 -1.9185e-13 0.0000e+00 0.0000e+00
-2.4764e+00 0.0000e+00 0.0000e+00 0.0000e+00
# New trial
-8.0022e+00 -5.4924e-02 0.0000e+00 0.0000e+00
-7.5927e+00 -9.3808e-04 0.0000e+00 0.0000e+00
-6.3052e+00 -2.3725e-09 0.0000e+00 0.0000e+00
-3.6599e+00 0.0000e+00 0.0000e+00 0.0000e+00
# New trial
-8.0593e+00 -9.5241e-02 0.0000e+00 0.0000e+00
-7.8525e+00 -1.2553e-02 0.0000e+00 0.0000e+00
-6.9999e+00 -2.4911e-06 0.0000e+00 0.0000e+00
-4.6959e+00 0.0000e+00 0.0000e+00 0.0000e+00
# New trial
-8.1644e+00 -2.5150e-01 0.0000e+00 0.0000e+00
-7.7338e+00 -3.8419e-03 0.0000e+00 0.0000e+00
-6.5108e+00 -1.8597e-08 0.0000e+00 0.0000e+00
-3.8033e+00 0.0000e+00 0.0000e+00 0.0000e+00
# New trial
-7.8244e+00 -9.4962e-03 0.0000e+00 0.0000e+00
-7.2959e+00 -4.8145e-05 0.0000e+00 0.0000e+00
-5.9678e+00 -8.0668e-11 0.0000e+00 0.0000e+00
-3.7256e+00 0.0000e+00 0.0000e+00 0.0000e+00
# New trial
-7.4705e+00 -2.7685e-04 0.0000e+00 0.0000e+00
-6.6618e+00 -8.4411e-08 0.0000e+00 0.0000e+00
-4.3359e+00 0.0000e+00 0.0000e+00 0.0000e+00
-8.8161e-01 0.0000e+00 0.0000e+00 0.0000e+00
# New trial
-8.1164e+00 -1.6298e-01 0.0000e+00 0.0000e+00
-7.8763e+00 -1.5892e-02 0.0000e+00 0.0000e+00
-6.8559e+00 -5.8935e-07 0.0000e+00 0.0000e+00
-4.0910e+00 0.0000e+00 0.0000e+00 0.0000e+00
# New trial
-7.8671e+00 -1.4525e-02 0.0000e+00 0.0000e+00
-7.3692e+00 -1.0025e-04 0.0000e+00 0.0000e+00
-5.9427e+00 -6.2734e-11 0.0000e+00 0.0000e+00
-3.2738e+00 0.0000e+00 0.0000e+00 0.0000e+00
# New trial
-8.0478e+00 -8.5356e-02 0.0000e+00 0.0000e+00
-7.8337e+00 -1.0410e-02 0.0000e+00 0.0000e+00
-6.8996e+00 -9.1219e-07 0.0000e+00 0.0000e+00
-4.2794e+00 0.0000e+00 0.0000e+00 0.0000e+00
# New trial
-7.8086e+00 -8.1081e-03 0.0000e+00 0.0000e+00
-7.3566e+00 -8.8404e-05 0.0000e+00 0.0000e+00
-5.7486e+00 -8.9528e-12 0.0000e+00 0.0000e+00
-1.8297e+00 0.0000e+00 0.0000e+00 0.0000e+00
# New trial
