# 0.1sig - Array shape (trial/sig/alpha): (30L, 4L, 4L)
-8.0635e+00 -9.9133e-02 0.0000e+00 0.0000e+00
-7.8470e+00 -1.1883e-02 0.0000e+00 0.0000e+00
-7.2036e+00 -1.9117e-05 0.0000e+00 0.0000e+00
-5.9709e+00 -8.3247e-11 0.0000e+00 0.0000e+00
# New trial
-7.7698e+00 -5.5060e-03 0.0000e+00 0.0000e+00
-7.4042e+00 -1.4237e-04 0.0000e+00 0.0000e+00
-6.1141e+00 -3.4953e-10 0.0000e+00 0.0000e+00
-3.1059e+00 0.0000e+00 0.0000e+00 0.0000e+00
# New trial
-8.1807e+00 -2.9008e-01 0.0000e+00 0.0000e+00
-7.7486e+00 -4.4568e-03 0.0000e+00 0.0000e+00
-6.4575e+00 -1.0908e-08 0.0000e+00 0.0000e+00
-3.7729e+00 0.0000e+00 0.0000e+00 0.0000e+00
# New trial
-7.8733e+00 -1.5426e-02 0.0000e+00 0.0000e+00
-7.3190e+00 -6.0673e-05 0.0000e+00 0.0000e+00
-5.5501e+00 -1.2221e-12 0.0000e+00 0.0000e+00
-1.8243e+00 0.0000e+00 0.0000e+00 0.0000e+00
# New trial
-8.1675e+00 -2.5843e-01 0.0000e+00 0.0000e+00
-7.8872e+00 -1.7707e-02 0.0000e+00 0.0000e+00
-6.8801e+00 -7.5073e-07 0.0000e+00 0.0000e+00
-4.4788e+00 0.0000e+00 0.0000e+00 0.0000e+00
# New trial
-9.2098e+00 -9.2037e+00 -9.1445e+00 -8.8907e+00
-9.2104e+00 -9.2103e+00 -9.2086e+00 -9.1920e+00
-9.2104e+00 -9.2104e+00 -9.2104e+00 -9.2099e+00
-9.2104e+00 -9.2104e+00 -9.2104e+00 -9.2104e+00
# New trial
-8.4476e+00 -1.7681e+00 0.0000e+00 0.0000e+00
-8.2512e+00 -5.1944e-01 0.0000e+00 0.0000e+00
-7.5963e+00 -9.7268e-04 0.0000e+00 0.0000e+00
-6.0689e+00 -2.2219e-10 0.0000e+00 0.0000e+00
# New trial
-8.0618e+00 -9.7596e-02 0.0000e+00 0.0000e+00
-7.6344e+00 -1.4232e-03 0.0000e+00 0.0000e+00
-6.3639e+00 -4.2705e-09 0.0000e+00 0.0000e+00
-3.7038e+00 0.0000e+00 0.0000e+00 0.0000e+00
# New trial
-7.7183e+00 -3.2937e-03 0.0000e+00 0.0000e+00
-7.0378e+00 -3.6407e-06 0.0000e+00 0.0000e+00
-5.0342e+00 -7.1054e-15 0.0000e+00 0.0000e+00
-1.1485e+00 0.0000e+00 0.0000e+00 0.0000e+00
# New trial
-8.3007e+00 -7.5033e-01 0.0000e+00 0.0000e+00
-7.9971e+00 -5.2256e-02 0.0000e+00 0.0000e+00
-6.9318e+00 -1.2594e-06 0.0000e+00 0.0000e+00
-4.4864e+00 0.0000e+00 0.0000e+00 0.0000e+00
# New trial
-8.3704e+00 -1.1772e+00 0.0000e+00 0.0000e+00
-8.0014e+00 -5.4471e-02 0.0000e+00 0.0000e+00
-6.8027e+00 -3.4602e-07 0.0000e+00 0.0000e+00
-4.0664e+00 0.0000e+00 0.0000e+00 0.0000e+00
# New trial
-7.0430e+00 -3.8920e-06 0.0000e+00 0.0000e+00
-6.1134e+00 -3.4754e-10 0.0000e+00 0.0000e+00
-3.4750e+00 0.0000e+00 0.0000e+00 0.0000e+00
-1.8082e-01 0.0000e+00 0.0000e+00 0.0000e+00
# New trial
-8.1099e+00 -1.5339e-01 0.0000e+00 0.0000e+00
-7.8512e+00 -1.2391e-02 0.0000e+00 0.0000e+00
-6.8817e+00 -7.6286e-07 0.0000e+00 0.0000e+00
-4.3119e+00 0.0000e+00 0.0000e+00 0.0000e+00
# New trial
-8.0951e+00 -1.3359e-01 0.0000e+00 0.0000e+00
-7.7705e+00 -5.5427e-03 0.0000e+00 0.0000e+00
-6.7919e+00 -3.1030e-07 0.0000e+00 0.0000e+00
-4.7097e+00 0.0000e+00 0.0000e+00 0.0000e+00
# New trial
-8.4412e+00 -1.7152e+00 0.0000e+00 0.0000e+00
-8.1668e+00 -2.5681e-01 0.0000e+00 0.0000e+00
-7.4611e+00 -2.5145e-04 0.0000e+00 0.0000e+00
-6.1574e+00 -5.3980e-10 0.0000e+00 0.0000e+00
# New trial
-8.4158e+00 -1.5117e+00 0.0000e+00 0.0000e+00
-8.1546e+00 -2.3055e-01 0.0000e+00 0.0000e+00
-7.4557e+00 -2.3819e-04 0.0000e+00 0.0000e+00
-6.2177e+00 -9.8766e-10 0.0000e+00 0.0000e+00
# New trial
-7.3601e+00 -9.2068e-05 0.0000e+00 0.0000e+00
-6.5490e+00 -2.7291e-08 0.0000e+00 0.0000e+00
-4.3801e+00 0.0000e+00 0.0000e+00 0.0000e+00
-1.1136e+00 0.0000e+00 0.0000e+00 0.0000e+00
# New trial
-7.5069e+00 -3.9920e-04 0.0000e+00 0.0000e+00
-6.8440e+00 -5.2279e-07 0.0000e+00 0.0000e+00
-4.6694e+00 0.0000e+00 0.0000e+00 0.0000e+00
-8.3911e-01 0.0000e+00 0.0000e+00 0.0000e+00
# New trial
-7.7372e+00 -3.9791e-03 0.0000e+00 0.0000e+00
-7.3579e+00 -8.9615e-05 0.0000e+00 0.0000e+00
-6.1281e+00 -4.0233e-10 0.0000e+00 0.0000e+00
-3.4140e+00 0.0000e+00 0.0000e+00 0.0000e+00
# New trial
-7.9192e+00 -2.4311e-02 0.0000e+00 0.0000e+00
-7.3338e+00 -7.0406e-05 0.0000e+00 0.0000e+00
-5.7150e+00 -6.3878e-12 0.0000e+00 0.0000e+00
-2.3299e+00 0.0000e+00 0.0000e+00 0.0000e+00
# New trial
-7.8982e+00 -1.9756e-02 0.0000e+00 0.0000e+00
-7.3514e+00 -8.3968e-05 0.0000e+00 0.0000e+00
-5.8535e+00 -2.5651e-11 0.0000e+00 0.0000e+00
-3.2987e+00 0.0000e+00 0.0000e+00 0.0000e+00
# New trial
-8.0335e+00 -7.4395e-02 0.0000e+00 0.0000e+00
-7.6193e+00 -1.2237e-03 0.0000e+00 0.0000e+00
-6.2309e+00 -1.1272e-09 0.0000e+00 0.0000e+00
-3.1323e+00 0.0000e+00 0.0000e+00 0.0000e+00
# New trial
-8.1057e+00 -1.4747e-01 0.0000e+00 0.0000e+00
-7.8781e+00 -1.6180e-02 0.0000e+00 0.0000e+00
-6.9066e+00 -9.7857e-07 0.0000e+00 0.0000e+00
-4.1811e+00 0.0000e+00 0.0000e+00 0.0000e+00
# New trial
-9.2104e+00 -9.2100e+00 -9.2057e+00 -9.9337e+00
-9.2104e+00 -9.2104e+00 -9.2099e+00 -9.2050e+00
-9.2104e+00 -9.2104e+00 -9.2104e+00 -9.2104e+00
-9.2104e+00 -9.2104e+00 -9.2104e+00 -9.2104e+00
# New trial
-7.9149e+00 -2.3305e-02 0.0000e+00 0.0000e+00
-7.3906e+00 -1.2425e-04 0.0000e+00 0.0000e+00
-5.9660e+00 -7.9254e-11 0.0000e+00 0.0000e+00
-3.2131e+00 0.0000e+00 0.0000e+00 0.0000e+00
# New trial
-7.5928e+00 -9.3950e-04 0.0000e+00 0.0000e+00
-6.7726e+00 -2.5597e-07 0.0000e+00 0.0000e+00
-4.3058e+00 0.0000e+00 0.0000e+00 0.0000e+00
-5.3184e-01 0.0000e+00 0.0000e+00 0.0000e+00
# New trial
-8.0726e+00 -1.0815e-01 0.0000e+00 0.0000e+00
-7.9079e+00 -2.1750e-02 0.0000e+00 0.0000e+00
-7.1238e+00 -8.6094e-06 0.0000e+00 0.0000e+00
-4.9529e+00 0.0000e+00 0.0000e+00 0.0000e+00
# New trial
-8.0059e+00 -5.6965e-02 0.0000e+00 0.0000e+00
-7.5353e+00 -5.2842e-04 0.0000e+00 0.0000e+00
-6.1713e+00 -6.2019e-10 0.0000e+00 0.0000e+00
-3.5393e+00 0.0000e+00 0.0000e+00 0.0000e+00
# New trial
-9.2103e+00 -9.2095e+00 -9.2027e+00 -9.4391e+00
-9.2104e+00 -9.2104e+00 -9.2096e+00 -9.2017e+00
-9.2104e+00 -9.2104e+00 -9.2104e+00 -9.2104e+00
-9.2104e+00 -9.2104e+00 -9.2104e+00 -9.2104e+00
# New trial
-7.8047e+00 -7.7937e-03 0.0000e+00 0.0000e+00
-7.4471e+00 -2.1871e-04 0.0000e+00 0.0000e+00
-6.2139e+00 -9.4999e-10 0.0000e+00 0.0000e+00
-3.6568e+00 0.0000e+00 0.0000e+00 0.0000e+00
# New trial
