# 0.01sig - Array shape (trial/sig/alpha): (30L, 4L, 4L)
-9.3065e+00 -1.4581e+01 -1.2000e+02 -1.2000e+03
-9.2225e+00 -9.6647e+00 -2.8731e+01 -2.8357e+02
-9.2105e+00 -9.2112e+00 -9.2208e+00 -9.6074e+00
-9.2104e+00 -9.2104e+00 -9.2104e+00 -9.2104e+00
# New trial
-9.2700e+00 -1.6799e+01 -1.5267e+02 -1.5214e+03
-9.2002e+00 -9.7071e+00 -4.1551e+01 -4.1478e+02
-9.2102e+00 -9.2081e+00 -9.2006e+00 -2.1960e+01
-9.2104e+00 -9.2104e+00 -9.2104e+00 -9.2104e+00
# New trial
-9.6676e+00 -3.0911e+01 -2.9971e+02 -2.9971e+03
-9.2176e+00 -1.1332e+01 -7.6309e+01 -7.6194e+02
-9.2101e+00 -9.2077e+00 -9.2328e+00 -4.3851e+01
-9.2104e+00 -9.2104e+00 -9.2104e+00 -9.2104e+00
# New trial
-7.9715e+00 -1.7107e+01 -1.6989e+02 -1.6989e+03
-8.7043e+00 -6.4148e+00 -3.4280e+01 -3.3991e+02
-9.2020e+00 -9.1268e+00 -8.4286e+00 -3.3158e+01
-9.2104e+00 -9.2104e+00 -9.2104e+00 -9.2104e+00
# New trial
-8.8239e+00 -1.8835e+01 -1.8614e+02 -1.8614e+03
-8.9486e+00 -8.1443e+00 -5.7991e+01 -5.7991e+02
-9.2035e+00 -9.1414e+00 -8.5521e+00 -2.4457e+01
-9.2104e+00 -9.2104e+00 -9.2104e+00 -9.2104e+00
# New trial
-8.7002e+00 -2.1819e+01 -2.1268e+02 -2.1267e+03
-9.0309e+00 -9.3181e+00 -4.7125e+01 -4.6976e+02
-9.2097e+00 -9.2040e+00 -9.1861e+00 -2.2446e+01
-9.2104e+00 -9.2104e+00 -9.2104e+00 -9.2104e+00
# New trial
-8.7626e+00 -3.3984e+01 -3.3893e+02 -3.3893e+03
-8.9004e+00 -9.9925e+00 -7.0223e+01 -7.0210e+02
-9.2084e+00 -9.1910e+00 -9.1699e+00 -6.3139e+01
-9.2104e+00 -9.2104e+00 -9.2104e+00 -9.2104e+00
# New trial
-9.0711e+00 -2.3442e+01 -2.3389e+02 -2.3389e+03
-9.1338e+00 -9.8580e+00 -5.9689e+01 -5.9617e+02
-9.2101e+00 -9.2077e+00 -9.2109e+00 -3.1729e+01
-9.2104e+00 -9.2104e+00 -9.2104e+00 -9.2104e+00
# New trial
-8.8921e+00 -1.4326e+01 -1.1975e+02 -1.1967e+03
-9.1024e+00 -9.0968e+00 -4.9021e+01 -4.9019e+02
-9.2098e+00 -9.2045e+00 -9.1718e+00 -2.3385e+01
-9.2104e+00 -9.2104e+00 -9.2104e+00 -9.2104e+00
# New trial
-9.6285e+00 -3.4525e+01 -3.4445e+02 -3.4445e+03
-9.1647e+00 -1.0741e+01 -6.8963e+01 -6.8941e+02
-9.2088e+00 -9.1948e+00 -9.0812e+00 -1.6421e+01
-9.2104e+00 -9.2104e+00 -9.2104e+00 -9.2104e+00
# New trial
-9.2403e+00 -9.9295e+00 -3.9989e+01 -3.9769e+02
-9.2155e+00 -9.3031e+00 -1.4962e+01 -1.4594e+02
-9.2104e+00 -9.2100e+00 -9.2065e+00 -9.2708e+00
-9.2104e+00 -9.2104e+00 -9.2104e+00 -9.2104e+00
# New trial
-8.5146e+00 -3.2096e+01 -3.2088e+02 -3.2088e+03
-8.8888e+00 -9.6069e+00 -8.2848e+01 -8.2848e+02
-9.2073e+00 -9.1794e+00 -8.9813e+00 -3.2149e+01
-9.2104e+00 -9.2104e+00 -9.2104e+00 -9.2104e+00
# New trial
-9.5577e+00 -1.9753e+01 -1.7459e+02 -1.7456e+03
-9.2722e+00 -1.0465e+01 -4.9924e+01 -4.9064e+02
-9.2107e+00 -9.2128e+00 -9.2418e+00 -1.4455e+01
-9.2104e+00 -9.2104e+00 -9.2104e+00 -9.2104e+00
# New trial
-9.4469e+00 -1.8359e+01 -1.6188e+02 -1.6114e+03
-9.2609e+00 -1.0339e+01 -5.4384e+01 -5.4379e+02
-9.2111e+00 -9.2174e+00 -9.2940e+00 -2.4398e+01
-9.2104e+00 -9.2104e+00 -9.2104e+00 -9.2104e+00
# New trial
-9.0166e+00 -7.7771e+00 -2.1506e+01 -2.1479e+02
-9.1540e+00 -8.7035e+00 -7.5951e+00 -4.0336e+01
-9.2101e+00 -9.2068e+00 -9.1750e+00 -8.9207e+00
-9.2104e+00 -9.2104e+00 -9.2104e+00 -9.2104e+00
# New trial
-9.1369e+00 -1.2299e+01 -9.6091e+01 -9.5713e+02
-9.1788e+00 -9.2786e+00 -3.0904e+01 -3.0237e+02
-9.2102e+00 -9.2078e+00 -9.1895e+00 -1.0911e+01
-9.2104e+00 -9.2104e+00 -9.2104e+00 -9.2104e+00
# New trial
-8.8182e+00 -1.4909e+01 -1.4297e+02 -1.4297e+03
-9.0873e+00 -8.8011e+00 -4.1549e+01 -4.1451e+02
-9.2098e+00 -9.2037e+00 -9.1536e+00 -1.4426e+01
-9.2104e+00 -9.2104e+00 -9.2104e+00 -9.2104e+00
# New trial
-8.8255e+00 -1.3639e+01 -1.1990e+02 -1.1988e+03
-9.1030e+00 -8.7879e+00 -3.9758e+01 -3.9749e+02
-9.2100e+00 -9.2058e+00 -9.1696e+00 -1.4212e+01
-9.2104e+00 -9.2104e+00 -9.2104e+00 -9.2104e+00
# New trial
-8.7339e+00 -1.8586e+01 -1.7729e+02 -1.7728e+03
-8.9707e+00 -8.8878e+00 -7.6999e+01 -7.6999e+02
-9.2061e+00 -9.1675e+00 -8.9773e+00 -7.0287e+01
-9.2104e+00 -9.2104e+00 -9.2104e+00 -9.2104e+00
# New trial
-9.8374e+00 -2.9007e+01 -2.8359e+02 -2.8359e+03
-9.3375e+00 -1.1972e+01 -8.0370e+01 -8.0183e+02
-9.2112e+00 -9.2185e+00 -9.3257e+00 -2.6902e+01
-9.2104e+00 -9.2104e+00 -9.2104e+00 -9.2104e+00
# New trial
-8.8714e+00 -1.4062e+01 -1.3278e+02 -1.3278e+03
-9.1212e+00 -8.8060e+00 -3.2853e+01 -3.2089e+02
-9.2100e+00 -9.2064e+00 -9.1808e+00 -1.8960e+01
-9.2104e+00 -9.2104e+00 -9.2104e+00 -9.2104e+00
# New trial
-9.5615e+00 -2.2743e+01 -2.1594e+02 -2.1593e+03
-9.2772e+00 -1.0812e+01 -6.4931e+01 -6.4140e+02
-9.2109e+00 -9.2156e+00 -9.2856e+00 -2.3057e+01
-9.2104e+00 -9.2104e+00 -9.2104e+00 -9.2104e+00
# New trial
-8.8559e+00 -9.4768e+00 -7.2200e+01 -7.2163e+02
-9.1023e+00 -8.4564e+00 -1.9554e+01 -1.9529e+02
-9.2096e+00 -9.2020e+00 -9.1322e+00 -9.4682e+00
-9.2104e+00 -9.2104e+00 -9.2104e+00 -9.2104e+00
# New trial
-9.3414e+00 -1.8337e+01 -1.7953e+02 -1.7953e+03
-9.2244e+00 -9.9480e+00 -4.5641e+01 -4.4829e+02
-9.2105e+00 -9.2108e+00 -9.2211e+00 -1.3418e+01
-9.2104e+00 -9.2104e+00 -9.2104e+00 -9.2104e+00
# New trial
-9.1448e+00 -1.3057e+01 -1.1239e+02 -1.1239e+03
-9.1865e+00 -9.3582e+00 -3.9237e+01 -3.8898e+02
-9.2104e+00 -9.2100e+00 -9.2113e+00 -1.3288e+01
-9.2104e+00 -9.2104e+00 -9.2104e+00 -9.2104e+00
# New trial
-9.3854e+00 -1.7483e+01 -1.6458e+02 -1.6458e+03
-9.2396e+00 -9.9585e+00 -5.2179e+01 -5.2179e+02
-9.2105e+00 -9.2114e+00 -9.2247e+00 -1.3766e+01
-9.2104e+00 -9.2104e+00 -9.2104e+00 -9.2104e+00
# New trial
-8.6713e+00 -2.7824e+01 -2.7677e+02 -2.7677e+03
-9.0181e+00 -9.8832e+00 -6.4477e+01 -6.4439e+02
-9.2104e+00 -9.2104e+00 -9.2513e+00 -4.2703e+01
-9.2104e+00 -9.2104e+00 -9.2104e+00 -9.2104e+00
# New trial
-9.3739e+00 -1.2885e+01 -9.2306e+01 -9.2207e+02
-9.2550e+00 -9.8757e+00 -2.9948e+01 -2.9624e+02
-9.2105e+00 -9.2115e+00 -9.2238e+00 -1.0093e+01
-9.2104e+00 -9.2104e+00 -9.2104e+00 -9.2104e+00
# New trial
-9.5014e+00 -2.0513e+01 -1.9089e+02 -1.9089e+03
-9.2764e+00 -1.0732e+01 -5.9112e+01 -5.9099e+02
-9.2111e+00 -9.2168e+00 -9.2921e+00 -1.9717e+01
-9.2104e+00 -9.2104e+00 -9.2104e+00 -9.2104e+00
# New trial
-9.3177e+00 -1.2340e+01 -8.3441e+01 -8.2201e+02
-9.2323e+00 -9.6192e+00 -2.7985e+01 -2.7064e+02
-9.2104e+00 -9.2103e+00 -9.2114e+00 -9.4721e+00
-9.2104e+00 -9.2104e+00 -9.2104e+00 -9.2104e+00
# New trial
