# 0.01sig - Array shape (trial/sig/alpha): (30L, 4L, 4L)
-1.8083e+00 0.0000e+00 0.0000e+00 0.0000e+00
-2.0282e-01 0.0000e+00 0.0000e+00 0.0000e+00
-3.3323e-03 0.0000e+00 0.0000e+00 0.0000e+00
-2.8544e+00 0.0000e+00 0.0000e+00 0.0000e+00
# New trial
-1.1838e+00 0.0000e+00 0.0000e+00 0.0000e+00
-1.1139e-01 0.0000e+00 0.0000e+00 0.0000e+00
-1.0054e-02 0.0000e+00 0.0000e+00 0.0000e+00
-5.5053e+00 -7.8160e-13 0.0000e+00 0.0000e+00
# New trial
-2.3950e+00 0.0000e+00 0.0000e+00 0.0000e+00
-3.6193e-01 0.0000e+00 0.0000e+00 0.0000e+00
-1.5667e-02 0.0000e+00 0.0000e+00 0.0000e+00
-4.6675e+00 0.0000e+00 0.0000e+00 0.0000e+00
# New trial
-3.0113e+00 0.0000e+00 0.0000e+00 0.0000e+00
-1.5391e+00 0.0000e+00 0.0000e+00 0.0000e+00
-5.8494e-01 0.0000e+00 0.0000e+00 0.0000e+00
-6.4138e+00 -7.0442e-09 0.0000e+00 0.0000e+00
# New trial
-1.0722e+00 0.0000e+00 0.0000e+00 0.0000e+00
-1.4534e-02 0.0000e+00 0.0000e+00 0.0000e+00
-1.0168e-02 0.0000e+00 0.0000e+00 0.0000e+00
-7.6820e+00 -2.2916e-03 0.0000e+00 0.0000e+00
# New trial
-5.0422e+00 -2.1316e-14 0.0000e+00 0.0000e+00
-3.9618e+00 0.0000e+00 0.0000e+00 0.0000e+00
-2.0115e+00 0.0000e+00 0.0000e+00 0.0000e+00
-4.3400e+00 0.0000e+00 0.0000e+00 0.0000e+00
# New trial
-2.4387e+00 0.0000e+00 0.0000e+00 0.0000e+00
-5.7377e-01 0.0000e+00 0.0000e+00 0.0000e+00
-1.0261e-01 0.0000e+00 0.0000e+00 0.0000e+00
-6.5324e+00 -2.3104e-08 0.0000e+00 0.0000e+00
# New trial
-5.3579e-01 0.0000e+00 0.0000e+00 0.0000e+00
-1.4201e-02 0.0000e+00 0.0000e+00 0.0000e+00
-4.7162e-04 0.0000e+00 0.0000e+00 0.0000e+00
-4.5954e+00 0.0000e+00 0.0000e+00 0.0000e+00
# New trial
-5.4021e+00 -2.3235e-12 0.0000e+00 0.0000e+00
-4.5941e+00 0.0000e+00 0.0000e+00 0.0000e+00
-4.5875e+00 0.0000e+00 0.0000e+00 0.0000e+00
-7.9989e+00 -5.3170e-02 0.0000e+00 0.0000e+00
# New trial
-3.3418e-01 0.0000e+00 0.0000e+00 0.0000e+00
-1.9757e-03 0.0000e+00 0.0000e+00 0.0000e+00
-5.5315e-04 0.0000e+00 0.0000e+00 0.0000e+00
-7.3185e+00 -6.0407e-05 0.0000e+00 0.0000e+00
# New trial
-1.0909e+00 0.0000e+00 0.0000e+00 0.0000e+00
-2.8616e-02 0.0000e+00 0.0000e+00 0.0000e+00
-6.1451e-04 0.0000e+00 0.0000e+00 0.0000e+00
-4.5893e+00 0.0000e+00 0.0000e+00 0.0000e+00
# New trial
-4.5011e+00 0.0000e+00 0.0000e+00 0.0000e+00
-2.9196e+00 0.0000e+00 0.0000e+00 0.0000e+00
-4.3548e-01 0.0000e+00 0.0000e+00 0.0000e+00
-2.0845e+00 0.0000e+00 0.0000e+00 0.0000e+00
# New trial
-4.3279e+00 0.0000e+00 0.0000e+00 0.0000e+00
-2.9047e+00 0.0000e+00 0.0000e+00 0.0000e+00
-5.2223e-01 0.0000e+00 0.0000e+00 0.0000e+00
-1.2571e+00 0.0000e+00 0.0000e+00 0.0000e+00
# New trial
-6.8421e-01 0.0000e+00 0.0000e+00 0.0000e+00
-2.1183e-02 0.0000e+00 0.0000e+00 0.0000e+00
-3.2348e-04 0.0000e+00 0.0000e+00 0.0000e+00
-3.1810e+00 0.0000e+00 0.0000e+00 0.0000e+00
# New trial
-5.4053e+00 -5.9686e-13 0.0000e+00 0.0000e+00
-4.9475e+00 0.0000e+00 0.0000e+00 0.0000e+00
-5.0011e+00 -7.1054e-15 0.0000e+00 0.0000e+00
-7.4941e+00 -3.4996e-04 0.0000e+00 0.0000e+00
# New trial
-4.8232e-02 0.0000e+00 0.0000e+00 0.0000e+00
-4.8281e-05 0.0000e+00 0.0000e+00 0.0000e+00
-2.7416e-06 0.0000e+00 0.0000e+00 0.0000e+00
-6.3577e+00 -4.0148e-09 0.0000e+00 0.0000e+00
# New trial
-2.0116e+00 0.0000e+00 0.0000e+00 0.0000e+00
-2.7203e-01 0.0000e+00 0.0000e+00 0.0000e+00
-4.6276e-02 0.0000e+00 0.0000e+00 0.0000e+00
-5.8616e+00 -2.7825e-11 0.0000e+00 0.0000e+00
# New trial
-2.6942e+00 0.0000e+00 0.0000e+00 0.0000e+00
-6.6867e-01 0.0000e+00 0.0000e+00 0.0000e+00
-1.6075e-02 0.0000e+00 0.0000e+00 0.0000e+00
-3.3619e+00 0.0000e+00 0.0000e+00 0.0000e+00
# New trial
-5.2991e+00 -1.7764e-13 0.0000e+00 0.0000e+00
-4.1832e+00 0.0000e+00 0.0000e+00 0.0000e+00
-1.8820e+00 0.0000e+00 0.0000e+00 0.0000e+00
-3.4431e+00 0.0000e+00 0.0000e+00 0.0000e+00
# New trial
-2.7050e+00 0.0000e+00 0.0000e+00 0.0000e+00
-5.4209e-01 0.0000e+00 0.0000e+00 0.0000e+00
-3.7482e-02 0.0000e+00 0.0000e+00 0.0000e+00
-5.3411e+00 -1.5632e-13 0.0000e+00 0.0000e+00
# New trial
-5.2759e+00 -9.2371e-14 0.0000e+00 0.0000e+00
-4.1727e+00 0.0000e+00 0.0000e+00 0.0000e+00
-1.3916e+00 0.0000e+00 0.0000e+00 0.0000e+00
-5.1891e-01 0.0000e+00 0.0000e+00 0.0000e+00
# New trial
-6.4523e-01 0.0000e+00 0.0000e+00 0.0000e+00
-1.6372e-02 0.0000e+00 0.0000e+00 0.0000e+00
-1.6285e-02 0.0000e+00 0.0000e+00 0.0000e+00
-7.5647e+00 -7.0926e-04 0.0000e+00 0.0000e+00
# New trial
-2.4793e+00 0.0000e+00 0.0000e+00 0.0000e+00
-6.4773e-01 0.0000e+00 0.0000e+00 0.0000e+00
-1.1847e-01 0.0000e+00 0.0000e+00 0.0000e+00
-5.8832e+00 -3.4532e-11 0.0000e+00 0.0000e+00
# New trial
-5.9228e+00 -6.2599e-11 0.0000e+00 0.0000e+00
-4.8640e+00 0.0000e+00 0.0000e+00 0.0000e+00
-2.3732e+00 0.0000e+00 0.0000e+00 0.0000e+00
-3.0898e+00 0.0000e+00 0.0000e+00 0.0000e+00
# New trial
-6.7115e-01 0.0000e+00 0.0000e+00 0.0000e+00
-2.6555e-02 0.0000e+00 0.0000e+00 0.0000e+00
-7.2640e-03 0.0000e+00 0.0000e+00 0.0000e+00
-6.8199e+00 -4.1071e-07 0.0000e+00 0.0000e+00
# New trial
-2.5124e+00 0.0000e+00 0.0000e+00 0.0000e+00
-5.3846e-01 0.0000e+00 0.0000e+00 0.0000e+00
-4.5288e-01 0.0000e+00 0.0000e+00 0.0000e+00
-7.4760e+00 -2.9202e-04 0.0000e+00 0.0000e+00
# New trial
-4.0840e+00 0.0000e+00 0.0000e+00 0.0000e+00
-2.5798e+00 0.0000e+00 0.0000e+00 0.0000e+00
-3.9878e-01 0.0000e+00 0.0000e+00 0.0000e+00
-2.0871e+00 0.0000e+00 0.0000e+00 0.0000e+00
# New trial
-9.2028e-01 0.0000e+00 0.0000e+00 0.0000e+00
-3.7654e-02 0.0000e+00 0.0000e+00 0.0000e+00
-3.1805e-03 0.0000e+00 0.0000e+00 0.0000e+00
-5.5649e+00 -1.4211e-12 0.0000e+00 0.0000e+00
# New trial
-5.5816e+00 -2.1885e-12 0.0000e+00 0.0000e+00
-4.8915e+00 0.0000e+00 0.0000e+00 0.0000e+00
-3.2337e+00 0.0000e+00 0.0000e+00 0.0000e+00
-3.2928e+00 0.0000e+00 0.0000e+00 0.0000e+00
# New trial
-3.9915e+00 0.0000e+00 0.0000e+00 0.0000e+00
-2.2920e+00 0.0000e+00 0.0000e+00 0.0000e+00
-2.1269e-01 0.0000e+00 0.0000e+00 0.0000e+00
-2.3357e+00 0.0000e+00 0.0000e+00 0.0000e+00
# New trial
