# 0.1sig - Array shape (trial/sig/alpha): (30L, 4L, 4L)
-7.2573e+00 -3.5723e-05 0.0000e+00 0.0000e+00
-6.7670e+00 -2.4236e-07 0.0000e+00 0.0000e+00
-5.3777e+00 -2.1316e-13 0.0000e+00 0.0000e+00
-3.5477e+00 0.0000e+00 0.0000e+00 0.0000e+00
# New trial
-7.0861e+00 -6.0931e-06 0.0000e+00 0.0000e+00
-6.3784e+00 -4.9418e-09 0.0000e+00 0.0000e+00
-4.1057e+00 0.0000e+00 0.0000e+00 0.0000e+00
-8.9240e-01 0.0000e+00 0.0000e+00 0.0000e+00
# New trial
-7.7998e+00 -7.4649e-03 0.0000e+00 0.0000e+00
-7.2862e+00 -4.3722e-05 0.0000e+00 0.0000e+00
-6.3068e+00 -2.4115e-09 0.0000e+00 0.0000e+00
-5.6841e+00 -4.6825e-12 0.0000e+00 0.0000e+00
# New trial
-7.1936e+00 -1.8493e-05 0.0000e+00 0.0000e+00
-6.4666e+00 -1.1995e-08 0.0000e+00 0.0000e+00
-4.6824e+00 0.0000e+00 0.0000e+00 0.0000e+00
-2.8127e+00 0.0000e+00 0.0000e+00 0.0000e+00
# New trial
-7.6535e+00 -1.7272e-03 0.0000e+00 0.0000e+00
-7.3418e+00 -7.6232e-05 0.0000e+00 0.0000e+00
-6.3653e+00 -4.3304e-09 0.0000e+00 0.0000e+00
-4.6328e+00 0.0000e+00 0.0000e+00 0.0000e+00
# New trial
-7.7512e+00 -4.5923e-03 0.0000e+00 0.0000e+00
-7.5444e+00 -5.7868e-04 0.0000e+00 0.0000e+00
-6.9367e+00 -1.3230e-06 0.0000e+00 0.0000e+00
-5.9173e+00 -4.8608e-11 0.0000e+00 0.0000e+00
# New trial
-7.9281e+00 -2.6736e-02 0.0000e+00 0.0000e+00
-7.7428e+00 -4.2033e-03 0.0000e+00 0.0000e+00
-7.2342e+00 -2.5987e-05 0.0000e+00 0.0000e+00
-6.4493e+00 -1.0049e-08 0.0000e+00 0.0000e+00
# New trial
-7.3550e+00 -8.8676e-05 0.0000e+00 0.0000e+00
-6.5995e+00 -4.5247e-08 0.0000e+00 0.0000e+00
-4.2675e+00 0.0000e+00 0.0000e+00 0.0000e+00
-8.0470e-01 0.0000e+00 0.0000e+00 0.0000e+00
# New trial
-6.9896e+00 -2.4202e-06 0.0000e+00 0.0000e+00
-6.0410e+00 -1.6914e-10 0.0000e+00 0.0000e+00
-3.8282e+00 0.0000e+00 0.0000e+00 0.0000e+00
-1.7646e+00 0.0000e+00 0.0000e+00 0.0000e+00
# New trial
-7.8055e+00 -7.8949e-03 0.0000e+00 0.0000e+00
-7.4247e+00 -1.7474e-04 0.0000e+00 0.0000e+00
-6.4370e+00 -8.8793e-09 0.0000e+00 0.0000e+00
-5.1838e+00 -2.8422e-14 0.0000e+00 0.0000e+00
# New trial
-7.9563e+00 -3.5303e-02 0.0000e+00 0.0000e+00
-7.6101e+00 -1.1174e-03 0.0000e+00 0.0000e+00
-6.9242e+00 -1.1675e-06 0.0000e+00 0.0000e+00
-6.6081e+00 -4.9311e-08 0.0000e+00 0.0000e+00
# New trial
-6.3687e+00 -4.0292e-08 0.0000e+00 0.0000e+00
-5.2503e+00 -6.3949e-14 0.0000e+00 0.0000e+00
-3.3967e+00 0.0000e+00 0.0000e+00 0.0000e+00
-3.5036e+00 0.0000e+00 0.0000e+00 0.0000e+00
# New trial
-7.7781e+00 -6.0451e-03 0.0000e+00 0.0000e+00
-7.5591e+00 -6.7034e-04 0.0000e+00 0.0000e+00
-7.0836e+00 -5.7552e-06 0.0000e+00 0.0000e+00
-6.4415e+00 -9.2918e-09 0.0000e+00 0.0000e+00
# New trial
-7.3960e+00 -1.3291e-04 0.0000e+00 0.0000e+00
-6.7688e+00 -2.4654e-07 0.0000e+00 0.0000e+00
-4.8118e+00 0.0000e+00 0.0000e+00 0.0000e+00
-1.5533e+00 0.0000e+00 0.0000e+00 0.0000e+00
# New trial
-8.0066e+00 -5.7383e-02 0.0000e+00 0.0000e+00
-7.5054e+00 -3.9168e-04 0.0000e+00 0.0000e+00
-5.9895e+00 -1.0024e-10 0.0000e+00 0.0000e+00
-3.0174e+00 0.0000e+00 0.0000e+00 0.0000e+00
# New trial
-7.6241e+00 -1.3464e-03 0.0000e+00 0.0000e+00
-6.9852e+00 -2.1553e-06 0.0000e+00 0.0000e+00
-5.1236e+00 -1.4211e-14 0.0000e+00 0.0000e+00
-2.6758e+00 0.0000e+00 0.0000e+00 0.0000e+00
# New trial
-7.0688e+00 -1.4383e-05 0.0000e+00 0.0000e+00
-5.9074e+00 -4.7720e-11 0.0000e+00 0.0000e+00
-4.6256e+00 0.0000e+00 0.0000e+00 0.0000e+00
-5.2699e+00 -7.1054e-14 0.0000e+00 0.0000e+00
# New trial
-6.6760e+00 -1.7018e-07 0.0000e+00 0.0000e+00
-5.6972e+00 -5.4357e-12 0.0000e+00 0.0000e+00
-3.1492e+00 0.0000e+00 0.0000e+00 0.0000e+00
-9.0353e-01 0.0000e+00 0.0000e+00 0.0000e+00
# New trial
-7.0557e+00 -4.7106e-06 0.0000e+00 0.0000e+00
-6.3093e+00 -2.4768e-09 0.0000e+00 0.0000e+00
-4.0725e+00 0.0000e+00 0.0000e+00 0.0000e+00
-1.0238e+00 0.0000e+00 0.0000e+00 0.0000e+00
# New trial
-7.0601e+00 -4.6514e-06 0.0000e+00 0.0000e+00
-6.1602e+00 -5.5612e-10 0.0000e+00 0.0000e+00
-4.1395e+00 0.0000e+00 0.0000e+00 0.0000e+00
-1.3044e+00 0.0000e+00 0.0000e+00 0.0000e+00
# New trial
-7.4209e+00 -2.0275e-04 0.0000e+00 0.0000e+00
-6.6545e+00 -7.9501e-08 0.0000e+00 0.0000e+00
-5.5865e+00 -1.7621e-12 0.0000e+00 0.0000e+00
-5.6805e+00 -4.5191e-12 0.0000e+00 0.0000e+00
# New trial
-7.6864e+00 -2.4175e-03 0.0000e+00 0.0000e+00
-7.2327e+00 -2.5615e-05 0.0000e+00 0.0000e+00
-6.4303e+00 -8.3075e-09 0.0000e+00 0.0000e+00
-5.8971e+00 -3.9719e-11 0.0000e+00 0.0000e+00
# New trial
-7.5989e+00 -1.0202e-03 0.0000e+00 0.0000e+00
-7.5069e+00 -3.9791e-04 0.0000e+00 0.0000e+00
-7.2720e+00 -3.7901e-05 0.0000e+00 0.0000e+00
-6.8790e+00 -7.4222e-07 0.0000e+00 0.0000e+00
# New trial
-7.8057e+00 -7.8812e-03 0.0000e+00 0.0000e+00
-7.2420e+00 -2.8084e-05 0.0000e+00 0.0000e+00
-5.9304e+00 -5.5422e-11 0.0000e+00 0.0000e+00
-3.9028e+00 0.0000e+00 0.0000e+00 0.0000e+00
# New trial
-7.2019e+00 -3.8057e-05 0.0000e+00 0.0000e+00
-6.1416e+00 -4.7097e-10 0.0000e+00 0.0000e+00
-3.6684e+00 0.0000e+00 0.0000e+00 0.0000e+00
-1.7656e+00 0.0000e+00 0.0000e+00 0.0000e+00
# New trial
-6.4983e+00 -2.7253e-08 0.0000e+00 0.0000e+00
-5.0622e+00 -7.1054e-15 0.0000e+00 0.0000e+00
-1.5157e+00 0.0000e+00 0.0000e+00 0.0000e+00
-1.1187e-01 0.0000e+00 0.0000e+00 0.0000e+00
# New trial
-7.7385e+00 -4.0695e-03 0.0000e+00 0.0000e+00
-7.8391e+00 -1.0980e-02 0.0000e+00 0.0000e+00
-8.1222e+00 -1.7183e-01 0.0000e+00 0.0000e+00
-8.3321e+00 -9.2833e-01 0.0000e+00 0.0000e+00
# New trial
-6.9572e+00 -1.7945e-06 0.0000e+00 0.0000e+00
-6.3294e+00 -3.0392e-09 0.0000e+00 0.0000e+00
-4.7508e+00 0.0000e+00 0.0000e+00 0.0000e+00
-2.7265e+00 0.0000e+00 0.0000e+00 0.0000e+00
# New trial
-7.5070e+00 -4.0536e-04 0.0000e+00 0.0000e+00
-7.3664e+00 -9.7550e-05 0.0000e+00 0.0000e+00
-6.9361e+00 -1.3147e-06 0.0000e+00 0.0000e+00
-6.1101e+00 -3.3592e-10 0.0000e+00 0.0000e+00
# New trial
-7.2014e+00 -1.9176e-05 0.0000e+00 0.0000e+00
-6.6187e+00 -5.4834e-08 0.0000e+00 0.0000e+00
-4.7564e+00 0.0000e+00 0.0000e+00 0.0000e+00
-1.5948e+00 0.0000e+00 0.0000e+00 0.0000e+00
# New trial
