# 0.1sig - Array shape (trial/sig/alpha): (30L, 4L, 4L)
-8.2420e+00 -4.8330e-01 0.0000e+00 0.0000e+00
-8.0110e+00 -5.9808e-02 0.0000e+00 0.0000e+00
-7.2482e+00 -2.9882e-05 0.0000e+00 0.0000e+00
-5.3380e+00 -1.4211e-13 0.0000e+00 0.0000e+00
# New trial
-9.2099e+00 -9.2053e+00 -9.1601e+00 -8.8375e+00
-9.2104e+00 -9.2102e+00 -9.2083e+00 -9.1889e+00
-9.2104e+00 -9.2104e+00 -9.2104e+00 -9.2100e+00
-9.2104e+00 -9.2104e+00 -9.2104e+00 -9.2104e+00
# New trial
-8.2177e+00 -3.9697e-01 0.0000e+00 0.0000e+00
-7.7859e+00 -6.4639e-03 0.0000e+00 0.0000e+00
-6.3602e+00 -4.1166e-09 0.0000e+00 0.0000e+00
-3.5067e+00 0.0000e+00 0.0000e+00 0.0000e+00
# New trial
-8.0104e+00 -5.9486e-02 0.0000e+00 0.0000e+00
-7.5255e+00 -4.7901e-04 0.0000e+00 0.0000e+00
-6.1514e+00 -5.0786e-10 0.0000e+00 0.0000e+00
-3.0836e+00 0.0000e+00 0.0000e+00 0.0000e+00
# New trial
-8.1098e+00 -1.5322e-01 0.0000e+00 0.0000e+00
-7.7789e+00 -6.0288e-03 0.0000e+00 0.0000e+00
-6.6621e+00 -8.4676e-08 0.0000e+00 0.0000e+00
-4.2040e+00 0.0000e+00 0.0000e+00 0.0000e+00
# New trial
-8.0538e+00 -9.0369e-02 0.0000e+00 0.0000e+00
-7.7427e+00 -4.2000e-03 0.0000e+00 0.0000e+00
-6.6447e+00 -7.1095e-08 0.0000e+00 0.0000e+00
-3.9477e+00 0.0000e+00 0.0000e+00 0.0000e+00
# New trial
-9.2101e+00 -9.2073e+00 -9.1794e+00 -9.3228e+00
-9.2104e+00 -9.2103e+00 -9.2086e+00 -9.1920e+00
-9.2104e+00 -9.2104e+00 -9.2104e+00 -9.2097e+00
-9.2104e+00 -9.2104e+00 -9.2104e+00 -9.2104e+00
# New trial
-9.2104e+00 -9.2098e+00 -9.2040e+00 -9.2599e+00
-9.2104e+00 -9.2101e+00 -9.2075e+00 -9.1813e+00
-9.2104e+00 -9.2104e+00 -9.2100e+00 -9.2064e+00
-9.2104e+00 -9.2104e+00 -9.2104e+00 -9.2104e+00
# New trial
-8.1142e+00 -1.5961e-01 0.0000e+00 0.0000e+00
-7.5769e+00 -8.0114e-04 0.0000e+00 0.0000e+00
-6.1814e+00 -6.8602e-10 0.0000e+00 0.0000e+00
-3.4665e+00 0.0000e+00 0.0000e+00 0.0000e+00
# New trial
-8.3739e+00 -1.2013e+00 0.0000e+00 0.0000e+00
-8.1171e+00 -1.6400e-01 0.0000e+00 0.0000e+00
-7.4162e+00 -1.6046e-04 0.0000e+00 0.0000e+00
-6.2897e+00 -2.0313e-09 0.0000e+00 0.0000e+00
# New trial
-8.1104e+00 -1.5406e-01 0.0000e+00 0.0000e+00
-7.6795e+00 -2.2341e-03 0.0000e+00 0.0000e+00
-6.5336e+00 -2.3377e-08 0.0000e+00 0.0000e+00
-4.5296e+00 0.0000e+00 0.0000e+00 0.0000e+00
# New trial
-7.2083e+00 -2.0103e-05 0.0000e+00 0.0000e+00
-6.4514e+00 -1.0268e-08 0.0000e+00 0.0000e+00
-4.6340e+00 0.0000e+00 0.0000e+00 0.0000e+00
-1.0347e+00 0.0000e+00 0.0000e+00 0.0000e+00
# New trial
-9.2101e+00 -9.2073e+00 -9.1792e+00 -8.9150e+00
-9.2104e+00 -9.2102e+00 -9.2085e+00 -9.1914e+00
-9.2104e+00 -9.2104e+00 -9.2104e+00 -9.2097e+00
-9.2104e+00 -9.2104e+00 -9.2104e+00 -9.2104e+00
# New trial
-8.3613e+00 -1.1151e+00 0.0000e+00 0.0000e+00
-8.0714e+00 -1.0685e-01 0.0000e+00 0.0000e+00
-7.1593e+00 -1.2273e-05 0.0000e+00 0.0000e+00
-5.2056e+00 -3.5527e-14 0.0000e+00 0.0000e+00
# New trial
-8.3283e+00 -9.0587e-01 0.0000e+00 0.0000e+00
-8.1124e+00 -1.5696e-01 0.0000e+00 0.0000e+00
-7.6514e+00 -1.6871e-03 0.0000e+00 0.0000e+00
-7.1905e+00 -1.6774e-05 0.0000e+00 0.0000e+00
# New trial
-8.4795e+00 -2.0396e+00 0.0000e+00 0.0000e+00
-8.1889e+00 -3.1150e-01 0.0000e+00 0.0000e+00
-7.2466e+00 -2.9412e-05 0.0000e+00 0.0000e+00
-5.1072e+00 -1.4211e-14 0.0000e+00 0.0000e+00
# New trial
-8.0720e+00 -1.0753e-01 0.0000e+00 0.0000e+00
-7.4934e+00 -3.4761e-04 0.0000e+00 0.0000e+00
-6.3937e+00 -5.7592e-09 0.0000e+00 0.0000e+00
-4.7252e+00 0.0000e+00 0.0000e+00 0.0000e+00
# New trial
-8.2456e+00 -4.9724e-01 0.0000e+00 0.0000e+00
-7.9703e+00 -4.0199e-02 0.0000e+00 0.0000e+00
-7.5785e+00 -8.1435e-04 0.0000e+00 0.0000e+00
-7.2878e+00 -4.4400e-05 0.0000e+00 0.0000e+00
# New trial
-8.2259e+00 -4.2458e-01 0.0000e+00 0.0000e+00
-7.9559e+00 -3.4917e-02 0.0000e+00 0.0000e+00
-7.1759e+00 -1.4490e-05 0.0000e+00 0.0000e+00
-5.5573e+00 -1.3145e-12 0.0000e+00 0.0000e+00
# New trial
-8.3698e+00 -1.1728e+00 0.0000e+00 0.0000e+00
-8.0108e+00 -5.9731e-02 0.0000e+00 0.0000e+00
-7.3794e+00 -1.1108e-04 0.0000e+00 0.0000e+00
-6.2507e+00 -1.3739e-09 0.0000e+00 0.0000e+00
# New trial
-7.8942e+00 -1.8991e-02 0.0000e+00 0.0000e+00
-7.4730e+00 -2.8329e-04 0.0000e+00 0.0000e+00
-5.9669e+00 -7.9908e-11 0.0000e+00 0.0000e+00
-2.2438e+00 0.0000e+00 0.0000e+00 0.0000e+00
# New trial
-9.2104e+00 -9.2097e+00 -9.2027e+00 -9.1465e+00
-9.2104e+00 -9.2102e+00 -9.2085e+00 -9.1912e+00
-9.2104e+00 -9.2104e+00 -9.2099e+00 -9.2052e+00
-9.2104e+00 -9.2104e+00 -9.2104e+00 -9.2104e+00
# New trial
-8.1024e+00 -1.4304e-01 0.0000e+00 0.0000e+00
-7.9438e+00 -3.0975e-02 0.0000e+00 0.0000e+00
-7.4394e+00 -2.0241e-04 0.0000e+00 0.0000e+00
-6.5201e+00 -2.0417e-08 0.0000e+00 0.0000e+00
# New trial
-7.8885e+00 -1.7942e-02 0.0000e+00 0.0000e+00
-7.4512e+00 -2.2786e-04 0.0000e+00 0.0000e+00
-6.2576e+00 -1.4720e-09 0.0000e+00 0.0000e+00
-4.6325e+00 0.0000e+00 0.0000e+00 0.0000e+00
# New trial
-8.1377e+00 -1.9806e-01 0.0000e+00 0.0000e+00
-7.7080e+00 -2.9709e-03 0.0000e+00 0.0000e+00
-6.5656e+00 -3.2202e-08 0.0000e+00 0.0000e+00
-4.1610e+00 0.0000e+00 0.0000e+00 0.0000e+00
# New trial
-7.9544e+00 -3.4402e-02 0.0000e+00 0.0000e+00
-7.5342e+00 -5.2250e-04 0.0000e+00 0.0000e+00
-6.4771e+00 -1.3276e-08 0.0000e+00 0.0000e+00
-4.4477e+00 0.0000e+00 0.0000e+00 0.0000e+00
# New trial
-9.2092e+00 -9.1982e+00 -9.0900e+00 -9.0179e+00
-9.2104e+00 -9.2103e+00 -9.2086e+00 -9.1926e+00
-9.2104e+00 -9.2104e+00 -9.2104e+00 -9.2104e+00
-9.2104e+00 -9.2104e+00 -9.2104e+00 -9.2104e+00
# New trial
-8.5522e+00 -2.6967e+00 0.0000e+00 0.0000e+00
-8.3580e+00 -1.0928e+00 0.0000e+00 0.0000e+00
-8.1300e+00 -1.8462e-01 0.0000e+00 0.0000e+00
-7.9136e+00 -2.3004e-02 0.0000e+00 0.0000e+00
# New trial
-8.1244e+00 -1.7538e-01 0.0000e+00 0.0000e+00
-7.9609e+00 -3.6670e-02 0.0000e+00 0.0000e+00
-7.4348e+00 -1.9333e-04 0.0000e+00 0.0000e+00
-6.2882e+00 -2.0007e-09 0.0000e+00 0.0000e+00
# New trial
-9.2099e+00 -9.2053e+00 -9.1599e+00 -8.7903e+00
-9.2104e+00 -9.2103e+00 -9.2087e+00 -9.1929e+00
-9.2104e+00 -9.2104e+00 -9.2104e+00 -9.2099e+00
-9.2104e+00 -9.2104e+00 -9.2104e+00 -9.2104e+00
# New trial
