# 0.1sig - Array shape (trial/sig/alpha): (30L, 4L, 4L)
-6.8272e+00 -1.7434e-06 0.0000e+00 0.0000e+00
-6.4322e+00 -8.7760e-09 0.0000e+00 0.0000e+00
-6.3781e+00 -4.9223e-09 0.0000e+00 0.0000e+00
-7.4901e+00 -3.3632e-04 0.0000e+00 0.0000e+00
# New trial
-6.8232e+00 -6.9728e-07 0.0000e+00 0.0000e+00
-6.4762e+00 -1.3398e-08 0.0000e+00 0.0000e+00
-6.4376e+00 -8.9362e-09 0.0000e+00 0.0000e+00
-7.4242e+00 -1.7385e-04 0.0000e+00 0.0000e+00
# New trial
-6.9817e+00 -4.1084e-06 0.0000e+00 0.0000e+00
-6.1117e+00 -3.5781e-10 0.0000e+00 0.0000e+00
-4.8058e+00 0.0000e+00 0.0000e+00 0.0000e+00
-5.5380e+00 -1.0800e-12 0.0000e+00 0.0000e+00
# New trial
-6.7594e+00 -1.3297e-06 0.0000e+00 0.0000e+00
-6.3723e+00 -5.0967e-09 0.0000e+00 0.0000e+00
-6.5218e+00 -2.0776e-08 0.0000e+00 0.0000e+00
-7.7115e+00 -3.0763e-03 0.0000e+00 0.0000e+00
# New trial
-7.4880e+00 -3.6986e-04 0.0000e+00 0.0000e+00
-7.4235e+00 -1.7309e-04 0.0000e+00 0.0000e+00
-7.7263e+00 -3.5663e-03 0.0000e+00 0.0000e+00
-8.2128e+00 -3.8117e-01 0.0000e+00 0.0000e+00
# New trial
-7.6393e+00 -1.9451e-03 0.0000e+00 0.0000e+00
-7.4766e+00 -2.9544e-04 0.0000e+00 0.0000e+00
-7.6918e+00 -2.5263e-03 0.0000e+00 0.0000e+00
-8.2118e+00 -3.7798e-01 0.0000e+00 0.0000e+00
# New trial
-7.5271e+00 -6.4331e-04 0.0000e+00 0.0000e+00
-7.5506e+00 -6.1981e-04 0.0000e+00 0.0000e+00
-7.9135e+00 -2.2979e-02 0.0000e+00 0.0000e+00
-8.4350e+00 -1.6649e+00 0.0000e+00 0.0000e+00
# New trial
-7.1622e+00 -1.8670e-05 0.0000e+00 0.0000e+00
-6.5866e+00 -4.0653e-08 0.0000e+00 0.0000e+00
-5.9604e+00 -7.4913e-11 0.0000e+00 0.0000e+00
-6.5152e+00 -1.9439e-08 0.0000e+00 0.0000e+00
# New trial
-6.0260e+00 -1.1831e-09 0.0000e+00 0.0000e+00
-5.2820e+00 -9.2371e-14 0.0000e+00 0.0000e+00
-4.4671e+00 0.0000e+00 0.0000e+00 0.0000e+00
-6.0037e+00 -1.1564e-10 0.0000e+00 0.0000e+00
# New trial
-7.7487e+00 -6.2025e-03 0.0000e+00 0.0000e+00
-7.3314e+00 -7.0192e-05 0.0000e+00 0.0000e+00
-7.2230e+00 -2.3218e-05 0.0000e+00 0.0000e+00
-8.0177e+00 -6.3860e-02 0.0000e+00 0.0000e+00
# New trial
-7.3827e+00 -4.6448e-04 0.0000e+00 0.0000e+00
-6.6926e+00 -1.3590e-07 0.0000e+00 0.0000e+00
-5.8149e+00 -1.7408e-11 0.0000e+00 0.0000e+00
-7.1176e+00 -8.0888e-06 0.0000e+00 0.0000e+00
# New trial
-5.3894e+00 -2.8344e-07 0.0000e+00 0.0000e+00
-3.6195e+00 0.0000e+00 0.0000e+00 0.0000e+00
-1.9691e+00 0.0000e+00 0.0000e+00 0.0000e+00
-5.0725e+00 -1.4211e-14 0.0000e+00 0.0000e+00
# New trial
-7.0746e+00 -7.5024e-06 0.0000e+00 0.0000e+00
-7.1453e+00 -1.0762e-05 0.0000e+00 0.0000e+00
-7.6885e+00 -2.4436e-03 0.0000e+00 0.0000e+00
-8.3426e+00 -9.9300e-01 0.0000e+00 0.0000e+00
# New trial
-7.0423e+00 -5.0880e-06 0.0000e+00 0.0000e+00
-6.9365e+00 -1.3325e-06 0.0000e+00 0.0000e+00
-7.1387e+00 -9.9858e-06 0.0000e+00 0.0000e+00
-7.7900e+00 -6.7309e-03 0.0000e+00 0.0000e+00
# New trial
-7.6685e+00 -2.0808e-03 0.0000e+00 0.0000e+00
-7.1378e+00 -9.9190e-06 0.0000e+00 0.0000e+00
-6.1938e+00 -7.7683e-10 0.0000e+00 0.0000e+00
-5.7746e+00 -1.1617e-11 0.0000e+00 0.0000e+00
# New trial
-7.4640e+00 -4.8688e-04 0.0000e+00 0.0000e+00
-6.8825e+00 -7.9841e-07 0.0000e+00 0.0000e+00
-6.4262e+00 -7.9742e-09 0.0000e+00 0.0000e+00
-7.3672e+00 -9.8309e-05 0.0000e+00 0.0000e+00
# New trial
-5.8623e+00 -1.0683e-06 0.0000e+00 0.0000e+00
-4.1632e+00 0.0000e+00 0.0000e+00 0.0000e+00
-2.3601e+00 0.0000e+00 0.0000e+00 0.0000e+00
-5.7067e+00 -5.8833e-12 0.0000e+00 0.0000e+00
# New trial
-6.0074e+00 -5.1250e-08 0.0000e+00 0.0000e+00
-5.3668e+00 -2.3448e-13 0.0000e+00 0.0000e+00
-5.0581e+00 -7.1054e-15 0.0000e+00 0.0000e+00
-6.8631e+00 -6.3345e-07 0.0000e+00 0.0000e+00
# New trial
-6.6128e+00 -1.1505e-07 0.0000e+00 0.0000e+00
-6.4191e+00 -7.6475e-09 0.0000e+00 0.0000e+00
-6.6746e+00 -9.5886e-08 0.0000e+00 0.0000e+00
-7.7467e+00 -4.3721e-03 0.0000e+00 0.0000e+00
# New trial
-6.4459e+00 -1.6825e-08 0.0000e+00 0.0000e+00
-5.3061e+00 -1.0658e-13 0.0000e+00 0.0000e+00
-3.1606e+00 0.0000e+00 0.0000e+00 0.0000e+00
-2.6093e+00 0.0000e+00 0.0000e+00 0.0000e+00
# New trial
-6.2968e+00 -8.5180e-08 0.0000e+00 0.0000e+00
-5.9391e+00 -7.4287e-11 0.0000e+00 0.0000e+00
-6.1040e+00 -3.1610e-10 0.0000e+00 0.0000e+00
-7.7340e+00 -3.8514e-03 0.0000e+00 0.0000e+00
# New trial
-6.6931e+00 -1.0711e-06 0.0000e+00 0.0000e+00
-6.1505e+00 -6.2373e-10 0.0000e+00 0.0000e+00
-5.6050e+00 -2.1174e-12 0.0000e+00 0.0000e+00
-7.3949e+00 -1.2970e-04 0.0000e+00 0.0000e+00
# New trial
-7.5578e+00 -1.3570e-03 0.0000e+00 0.0000e+00
-7.3653e+00 -9.8220e-05 0.0000e+00 0.0000e+00
-7.7883e+00 -6.6201e-03 0.0000e+00 0.0000e+00
-8.5105e+00 -2.3144e+00 0.0000e+00 0.0000e+00
# New trial
-7.1976e+00 -1.8848e-05 0.0000e+00 0.0000e+00
-6.4434e+00 -9.4964e-09 0.0000e+00 0.0000e+00
-4.8859e+00 0.0000e+00 0.0000e+00 0.0000e+00
-3.6177e+00 0.0000e+00 0.0000e+00 0.0000e+00
# New trial
-6.6782e+00 -4.1357e-04 0.0000e+00 0.0000e+00
-5.5103e+00 -1.0516e-12 0.0000e+00 0.0000e+00
-4.0331e+00 0.0000e+00 0.0000e+00 0.0000e+00
-5.6832e+00 -4.6469e-12 0.0000e+00 0.0000e+00
# New trial
-6.1377e+00 -4.4885e-07 0.0000e+00 0.0000e+00
-4.8644e+00 0.0000e+00 0.0000e+00 0.0000e+00
-3.7823e+00 0.0000e+00 0.0000e+00 0.0000e+00
-6.3014e+00 -2.2840e-09 0.0000e+00 0.0000e+00
# New trial
-7.5126e+00 -9.3929e-03 0.0000e+00 0.0000e+00
-7.2470e+00 -3.5609e-05 0.0000e+00 0.0000e+00
-7.4114e+00 -1.5300e-04 0.0000e+00 0.0000e+00
-8.7384e+00 -4.5007e+00 0.0000e+00 0.0000e+00
# New trial
-6.8992e+00 -2.4410e-06 0.0000e+00 0.0000e+00
-6.3696e+00 -4.7685e-09 0.0000e+00 0.0000e+00
-5.7930e+00 -1.3976e-11 0.0000e+00 0.0000e+00
-6.7459e+00 -1.9595e-07 0.0000e+00 0.0000e+00
# New trial
-8.0387e+00 -1.5647e-01 0.0000e+00 0.0000e+00
-7.7497e+00 -4.5743e-03 0.0000e+00 0.0000e+00
-8.1567e+00 -2.3491e-01 0.0000e+00 0.0000e+00
-8.7605e+00 -4.7196e+00 0.0000e+00 0.0000e+00
# New trial
-6.8362e+00 -7.7371e-07 0.0000e+00 0.0000e+00
-6.7446e+00 -1.9632e-07 0.0000e+00 0.0000e+00
-7.1361e+00 -9.7325e-06 0.0000e+00 0.0000e+00
-7.9179e+00 -2.3996e-02 0.0000e+00 0.0000e+00
# New trial
