# 0.01sig - Array shape (trial/sig/alpha): (30L, 4L, 4L)
6.2304e+00 4.8869e+01 1.5422e+02 1.5334e+02
7.1642e+00 6.5365e+01 1.5079e+02 8.2344e+01
4.4555e+00 4.4551e+01 1.4311e+02 -1.1613e+01
4.6378e-01 4.6378e+00 4.6378e+01 1.0952e+02
# New trial
7.0836e+00 5.6865e+01 1.5325e+02 1.5418e+02
6.7225e+00 6.2567e+01 1.5035e+02 8.4217e+01
3.1085e+00 3.1079e+01 1.4725e+02 3.1352e+01
2.1039e-01 2.1039e+00 2.1039e+01 1.4262e+02
# New trial
7.0037e+00 5.0107e+01 1.5327e+02 1.5463e+02
8.6948e+00 7.8855e+01 1.5136e+02 1.0612e+02
5.2068e+00 5.2064e+01 1.4519e+02 -2.6263e+00
3.2908e-01 3.2908e+00 3.2908e+01 1.3368e+02
# New trial
6.2609e+00 5.2730e+01 1.5409e+02 1.5302e+02
4.8111e+00 4.6685e+01 1.5292e+02 1.0798e+02
1.8691e+00 1.8689e+01 1.4963e+02 8.3713e+01
1.1131e-01 1.1131e+00 1.1131e+01 1.1131e+02
# New trial
8.3103e+00 4.2518e+01 1.5279e+02 1.5507e+02
1.2136e+01 9.7491e+01 1.5401e+02 1.1359e+02
3.8627e+00 3.8602e+01 1.4980e+02 5.0520e+01
3.3786e-02 3.3786e-01 3.3786e+00 3.3786e+01
# New trial
4.4296e+00 4.0846e+01 1.4970e+02 1.5532e+02
4.9723e+00 4.9461e+01 1.5027e+02 9.7650e+01
4.0972e+00 4.0971e+01 1.3961e+02 -4.2016e+01
8.5649e-01 8.5649e+00 8.5649e+01 7.2774e+01
# New trial
6.3484e+00 4.2787e+01 1.5041e+02 1.5415e+02
7.3388e+00 6.3399e+01 1.5284e+02 8.1798e+01
4.1992e+00 4.1989e+01 1.4832e+02 1.6415e+01
2.9355e-01 2.9355e+00 2.9355e+01 1.2992e+02
# New trial
8.2879e+00 6.8439e+01 1.5476e+02 1.5727e+02
8.2151e+00 6.9073e+01 1.4852e+02 9.1311e+01
3.8066e+00 3.8057e+01 1.4541e+02 3.2951e+01
2.4173e-01 2.4173e+00 2.4173e+01 1.3616e+02
# New trial
4.7373e+00 3.8774e+01 1.5532e+02 1.5476e+02
4.3186e+00 4.2103e+01 1.5292e+02 1.2743e+02
1.5986e+00 1.5985e+01 1.4538e+02 9.4063e+01
9.1171e-02 9.1171e-01 9.1171e+00 9.1171e+01
# New trial
8.3796e+00 5.6484e+01 1.5418e+02 1.5615e+02
1.0652e+01 9.0650e+01 1.5039e+02 8.8014e+01
5.4101e+00 5.4045e+01 1.4590e+02 -2.4341e+01
2.3657e-01 2.3657e+00 2.3657e+01 1.3797e+02
# New trial
7.0335e+00 5.6339e+01 1.5510e+02 1.5556e+02
8.7317e+00 7.9675e+01 1.4921e+02 8.5935e+01
5.3469e+00 5.3449e+01 1.4319e+02 -4.3858e+01
4.7584e-01 4.7584e+00 4.7584e+01 1.0423e+02
# New trial
4.4732e+00 4.1186e+01 1.5470e+02 1.5646e+02
4.4674e+00 4.4236e+01 1.5201e+02 1.1633e+02
2.9383e+00 2.9383e+01 1.4840e+02 3.5221e+01
5.4755e-01 5.4755e+00 5.4755e+01 7.6840e+01
# New trial
3.9505e+00 3.7713e+01 1.5062e+02 1.5669e+02
4.1536e+00 4.1321e+01 1.5397e+02 1.1620e+02
2.8888e+00 2.8888e+01 1.4930e+02 3.9827e+01
5.9937e-01 5.9937e+00 5.9937e+01 8.6784e+01
# New trial
7.5201e+00 6.4553e+01 1.5576e+02 1.5308e+02
8.6353e+00 7.8761e+01 1.5272e+02 8.4426e+01
4.8329e+00 4.8318e+01 1.4445e+02 2.8089e+00
4.5397e-01 4.5397e+00 4.5397e+01 1.0290e+02
# New trial
7.2490e+00 6.2005e+01 1.5456e+02 1.5869e+02
5.1808e+00 5.0198e+01 1.4480e+02 1.2836e+02
9.4786e-01 9.4774e+00 9.4707e+01 1.3696e+02
1.2490e-02 1.2490e-01 1.2490e+00 1.2490e+01
# New trial
9.8436e+00 6.3161e+01 1.5540e+02 1.5650e+02
1.3290e+01 1.0965e+02 1.5225e+02 4.7453e+01
6.8020e+00 6.7956e+01 1.4429e+02 -8.7854e+01
2.3320e-01 2.3320e+00 2.3320e+01 1.4209e+02
# New trial
7.1897e+00 5.1678e+01 1.5126e+02 1.5529e+02
8.9857e+00 7.7992e+01 1.5138e+02 8.5719e+01
4.6325e+00 4.6315e+01 1.4901e+02 -4.4741e+00
1.9747e-01 1.9747e+00 1.9747e+01 1.4200e+02
# New trial
5.8576e+00 4.5737e+01 1.5052e+02 1.5380e+02
6.7350e+00 6.5701e+01 1.5030e+02 8.3264e+01
5.1727e+00 5.1722e+01 1.3647e+02 -3.3976e+01
6.5228e-01 6.5228e+00 6.5228e+01 9.8870e+01
# New trial
3.9510e+00 3.6007e+01 1.5476e+02 1.5337e+02
4.6029e+00 4.5595e+01 1.5186e+02 1.1932e+02
3.8881e+00 3.8880e+01 1.4634e+02 -5.4829e+01
8.3193e-01 8.3193e+00 8.3193e+01 7.4827e+01
# New trial
5.5270e+00 3.9998e+01 1.5531e+02 1.5015e+02
7.2252e+00 6.6160e+01 1.5005e+02 1.1353e+02
4.2605e+00 4.2598e+01 1.4836e+02 1.2067e+01
2.7973e-01 2.7973e+00 2.7973e+01 1.3122e+02
# New trial
3.2542e+00 3.1853e+01 1.5614e+02 1.5850e+02
3.2323e+00 3.2276e+01 1.5151e+02 1.0911e+02
2.3939e+00 2.3939e+01 1.4926e+02 3.2421e+01
8.9001e-01 8.9001e+00 8.9001e+01 5.5110e+01
# New trial
9.5718e+00 6.4804e+01 1.5196e+02 1.5497e+02
6.3600e+00 5.3842e+01 1.5145e+02 8.9764e+01
2.0832e+00 2.0822e+01 1.5252e+02 7.6445e+01
3.6345e-02 3.6345e-01 3.6345e+00 3.6345e+01
# New trial
7.1163e+00 5.2171e+01 1.5297e+02 1.5515e+02
5.6818e+00 5.1956e+01 1.4687e+02 1.0008e+02
2.1131e+00 2.1128e+01 1.5012e+02 6.1096e+01
9.0273e-02 9.0273e-01 9.0273e+00 9.0273e+01
# New trial
3.1924e+00 3.0931e+01 1.5188e+02 1.5214e+02
3.6168e+00 3.6082e+01 1.5178e+02 1.1394e+02
3.3762e+00 3.3762e+01 1.4071e+02 1.1869e+01
1.0727e+00 1.0727e+01 1.0727e+02 3.8270e+01
# New trial
8.5207e+00 6.0179e+01 1.5383e+02 1.5608e+02
6.9240e+00 5.8697e+01 1.5225e+02 8.7419e+01
2.4688e+00 2.4681e+01 1.4715e+02 6.3332e+01
7.9336e-02 7.9336e-01 7.9336e+00 7.9336e+01
# New trial
8.1114e+00 5.7610e+01 1.5182e+02 1.5476e+02
5.5873e+00 4.5205e+01 1.5284e+02 9.7080e+01
1.7395e+00 1.7386e+01 1.4987e+02 9.8885e+01
3.0819e-02 3.0819e-01 3.0819e+00 3.0819e+01
# New trial
4.7947e+00 4.0000e+01 1.5012e+02 1.5330e+02
5.5538e+00 5.5114e+01 1.5294e+02 1.0205e+02
4.1657e+00 4.1656e+01 1.4503e+02 -2.1767e+01
6.1158e-01 6.1158e+00 6.1158e+01 9.6284e+01
# New trial
8.2599e+00 5.7728e+01 1.5304e+02 1.5357e+02
6.5414e+00 5.2262e+01 1.4568e+02 9.3304e+01
2.3902e+00 2.3898e+01 1.5157e+02 5.8399e+01
7.4684e-02 7.4684e-01 7.4684e+00 7.4684e+01
# New trial
2.9040e+00 2.8231e+01 1.5471e+02 1.5462e+02
2.8672e+00 2.8641e+01 1.5397e+02 1.2490e+02
1.8065e+00 1.8065e+01 1.5132e+02 6.4107e+01
6.0040e-01 6.0040e+00 6.0040e+01 8.1045e+01
# New trial
4.6023e+00 4.1890e+01 1.5326e+02 1.5534e+02
4.2387e+00 4.1913e+01 1.5199e+02 1.0378e+02
2.5665e+00 2.5664e+01 1.5101e+02 4.6994e+01
3.8331e-01 3.8331e+00 3.8331e+01 1.2156e+02
# New trial
