# 0.1sig - Array shape (trial/sig/alpha): (30L, 4L, 4L)
7.4791e-01 -9.4727e+00 -2.0545e+02 -1.7903e+03
2.6068e-01 4.4785e-01 -3.7554e+01 -4.1237e+02
1.8409e-03 1.7664e-02 1.3442e-01 -4.0756e+00
1.1546e-10 5.3103e-09 3.5448e-08 1.7949e-07
# New trial
1.3573e-02 -5.3557e+00 -1.1255e+02 -1.2079e+03
1.9872e-02 -3.7829e-01 -2.7736e+01 -4.3957e+02
1.6122e-04 1.9349e-03 1.9915e-03 -3.2614e+00
-2.2631e-10 -1.3948e-10 -2.6134e-08 -1.9618e-07
# New trial
-5.3549e-02 -1.8632e+01 -3.0385e+02 -3.1208e+03
6.6430e-02 -1.4004e+00 -5.4226e+01 -7.1588e+02
3.3158e-04 3.9415e-03 -1.3474e-02 -1.5043e+01
-6.1291e-10 -4.7809e-09 -4.1423e-08 -5.9327e-07
# New trial
-4.3702e-01 -1.3838e+01 -1.9262e+02 -2.0883e+03
-1.0711e-01 -1.9449e+00 -4.2821e+01 -5.2617e+02
-6.9862e-04 -7.2481e-03 -9.3920e-02 -3.9023e+00
7.1511e-10 7.7594e-09 1.1004e-07 5.5355e-07
# New trial
1.5018e-01 -4.6336e-01 -6.1715e+01 -5.7091e+02
4.5635e-02 2.7468e-01 -1.3785e+01 -2.2065e+02
2.5552e-04 2.5271e-03 2.2557e-02 -1.8143e-01
-2.9129e-11 2.7484e-10 -9.2440e-10 -3.8772e-08
# New trial
1.4051e-01 7.2392e-01 -2.0930e+01 -2.3604e+02
4.6213e-02 3.8346e-01 -1.7160e+00 -7.1620e+01
4.1065e-04 4.0285e-03 4.0759e-02 3.1549e-01
9.8275e-11 1.3395e-09 7.0435e-09 7.6286e-08
# New trial
-2.9266e-01 -9.4668e+00 -1.5964e+02 -1.7263e+03
-5.5855e-02 -1.2138e+00 -3.9606e+01 -5.3140e+02
-3.9724e-05 -4.9300e-04 -1.9753e-02 -2.1569e+01
7.5437e-11 2.2509e-10 1.6090e-08 2.1815e-07
# New trial
4.0847e-01 -7.6613e+00 -1.4082e+02 -1.6200e+03
1.3574e-01 1.9622e-01 -4.4780e+01 -3.9648e+02
4.5787e-04 4.3200e-03 3.4860e-02 -9.6899e+00
-1.4561e-10 -1.2422e-09 -3.7992e-08 1.0793e-06
# New trial
6.0971e-01 1.2762e+00 -4.4190e+01 -4.5254e+02
1.5446e-01 1.0374e+00 -1.0422e+01 -2.1331e+02
1.1511e-03 1.1151e-02 9.8390e-02 4.2793e-02
4.0745e-10 5.0020e-09 4.7576e-08 4.1505e-07
# New trial
1.7228e-01 9.8061e-01 -1.9314e+01 -3.8352e+02
4.7470e-02 3.9508e-01 -4.0163e+00 -7.4736e+01
2.6877e-04 2.7638e-03 2.7368e-02 1.0040e-01
3.4575e-11 6.4838e-10 6.5489e-09 8.8798e-08
# New trial
-9.1651e-01 -2.7143e+01 -3.4395e+02 -3.5155e+03
-2.3973e-01 -4.7408e+00 -9.7534e+01 -9.9698e+02
-1.4414e-03 -1.4901e-02 -1.9116e-01 -2.1669e+01
-2.9524e-10 -6.5808e-09 -5.7226e-08 -2.2037e-07
# New trial
-6.1178e-02 -7.0707e+00 -1.3639e+02 -1.4699e+03
9.3028e-03 -5.7973e-01 -3.6139e+01 -3.8346e+02
3.2318e-04 2.6869e-03 1.1049e-02 -7.3170e+00
1.5882e-10 1.9088e-09 2.5018e-08 1.4407e-07
# New trial
-4.5535e-01 -1.6777e+01 -2.3197e+02 -2.4980e+03
-7.1065e-02 -2.1360e+00 -5.4974e+01 -6.3539e+02
3.0470e-06 -3.4983e-04 -3.8476e-02 -9.9482e+00
7.2618e-10 2.4004e-10 -4.3599e-11 -8.3510e-09
# New trial
-6.2961e-02 -4.5827e+00 -9.6528e+01 -1.0227e+03
-1.7374e-03 -3.7427e-01 -2.6783e+01 -3.2729e+02
8.4248e-05 8.1677e-04 4.2244e-03 -9.9709e-01
-4.7446e-11 -5.1126e-10 -6.4136e-09 -1.2143e-07
# New trial
-4.3473e-02 -4.7435e+00 -1.0409e+02 -1.0861e+03
-1.8371e-03 -3.7549e-01 -2.5101e+01 -4.4972e+02
2.3298e-05 6.0950e-04 -3.1304e-03 -4.3155e+00
1.2531e-10 1.4139e-10 2.0989e-08 1.3915e-07
# New trial
4.2304e-02 -1.5123e-01 -3.2359e+01 -3.2400e+02
1.8504e-02 1.3111e-01 -2.8644e+00 -9.7321e+01
1.5243e-04 1.4386e-03 1.5050e-02 3.4512e-02
2.9220e-11 2.6473e-10 1.0231e-08 1.2156e-07
# New trial
6.6930e-01 -9.0647e+00 -1.6003e+02 -1.9325e+03
2.2108e-01 3.4666e-01 -3.4178e+01 -4.3022e+02
1.1648e-03 9.6528e-03 6.0389e-02 -2.1276e+01
-2.6839e-10 1.4443e-09 -4.0384e-08 5.2987e-09
# New trial
1.0580e+00 -4.4657e+00 -1.4332e+02 -1.3048e+03
2.7172e-01 9.6095e-01 -5.4267e+01 -5.5694e+02
1.2599e-03 1.1802e-02 8.6225e-02 -1.6524e+01
1.0514e-10 -2.9135e-09 -5.4625e-09 -3.6979e-07
# New trial
-5.6486e-02 -1.4974e+00 -4.4043e+01 -5.7682e+02
-1.0118e-02 -1.8395e-01 -1.2631e+01 -1.4887e+02
-2.3409e-06 1.1615e-04 -6.9311e-04 -1.0530e-01
1.4711e-11 -1.2122e-10 2.4440e-09 -1.2710e-08
# New trial
2.1911e-01 1.0158e+00 -3.2588e+01 -4.0355e+02
6.1581e-02 5.0522e-01 -2.7977e+00 -1.0297e+02
4.6060e-04 4.5021e-03 4.2098e-02 1.2908e-01
1.5624e-10 1.7828e-09 1.7188e-08 2.1470e-07
# New trial
9.1414e-02 -9.3110e+00 -1.8158e+02 -1.6637e+03
6.8100e-02 -2.6628e-01 -3.6649e+01 -4.8386e+02
5.7758e-04 5.7346e-03 4.7718e-02 -3.7593e+00
1.9405e-10 1.5559e-09 1.0302e-08 1.3826e-07
# New trial
-5.2467e-01 -1.6475e+01 -2.0630e+02 -2.3022e+03
-1.2460e-01 -2.5018e+00 -5.2302e+01 -7.2920e+02
-5.8392e-04 -5.1700e-03 -7.9539e-02 -6.3065e+00
-2.8038e-11 -4.4589e-10 -1.4590e-08 -1.3159e-06
# New trial
1.6716e-03 -9.8059e-01 -5.0809e+01 -5.5991e+02
6.1099e-03 -1.4490e-02 -1.0523e+01 -1.5876e+02
9.1750e-05 9.7723e-04 7.8359e-03 -8.6996e-01
-4.6583e-11 -1.5437e-10 -1.7791e-09 3.9231e-08
# New trial
4.9535e-01 -1.9980e+00 -9.3135e+01 -9.4674e+02
1.2114e-01 6.5222e-01 -1.3437e+01 -2.1717e+02
5.2014e-04 5.3857e-03 4.4409e-02 -1.7614e+01
-1.7619e-11 -2.8145e-11 1.1513e-09 3.0324e-07
# New trial
-5.3165e-01 -2.1319e+01 -2.8816e+02 -2.8325e+03
-9.5153e-02 -2.8070e+00 -6.4346e+01 -7.8050e+02
-5.5485e-04 -6.2295e-03 -9.0248e-02 -3.0687e+01
-3.6929e-10 -1.4840e-08 -4.2992e-08 -4.3800e-07
# New trial
-1.1290e+00 -3.2166e+01 -4.1662e+02 -4.3354e+03
-1.4774e-01 -4.6356e+00 -9.4542e+01 -1.0024e+03
-1.1330e-04 -1.2370e-03 -8.4130e-02 -4.4268e+01
-5.6757e-10 -5.4862e-09 -9.0167e-08 -2.7262e-07
# New trial
1.6264e-02 9.3483e-02 -5.7355e+00 -1.1228e+02
5.8064e-03 4.7154e-02 -1.2298e-01 -4.4793e+01
5.8303e-05 5.8284e-04 5.7077e-03 3.9505e-02
1.1285e-11 1.3796e-10 -6.9141e-10 1.0140e-08
# New trial
-2.5061e-01 -8.3158e+00 -1.2706e+02 -1.7332e+03
-5.6594e-02 -1.0516e+00 -4.4373e+01 -4.7367e+02
-1.9137e-04 -1.9133e-03 -2.8487e-02 -2.2481e+00
-2.7667e-11 -7.4740e-10 -5.9110e-09 2.6118e-08
# New trial
-1.6167e-01 -3.6883e+00 -8.6612e+01 -8.9999e+02
-4.9907e-02 -6.9812e-01 -2.4318e+01 -3.1018e+02
-3.3983e-04 -3.4320e-03 -3.8046e-02 -1.2705e+00
1.4839e-10 2.5875e-10 -2.7372e-09 6.7086e-08
# New trial
3.3446e-01 2.0093e+00 -1.8704e+01 -2.1402e+02
7.6934e-02 6.4954e-01 -8.0209e+00 -1.4070e+02
3.3747e-04 3.4437e-03 3.2747e-02 2.0161e-01
5.5188e-11 9.0047e-11 1.4313e-09 2.0862e-10
# New trial
