# 10.0sig - Array shape (trial/sig/alpha): (30L, 4L, 4L)
1.0153e-01 -2.8147e+00 -9.5310e+01 -8.6158e+02
3.1470e-02 1.2199e-01 -1.4284e+01 -3.6748e+02
3.0405e-05 2.7431e-04 -1.9974e-03 -1.0514e+00
-2.9839e-10 1.4911e-09 -3.1602e-08 -3.3453e-07
# New trial
-2.9350e-02 -6.6528e+00 -1.1999e+02 -1.3924e+03
4.5585e-03 -5.6178e-01 -3.7989e+01 -4.6202e+02
1.0678e-04 1.6671e-03 -3.6212e-03 -5.2454e+00
-1.0646e-10 9.0623e-10 1.9515e-08 1.3779e-07
# New trial
6.1601e-02 -4.7294e+00 -1.2467e+02 -1.4828e+03
4.1711e-02 1.0175e-01 -1.9111e+01 -3.5201e+02
4.7796e-04 4.7409e-03 4.4022e-02 -1.6762e+00
6.5202e-11 4.8639e-10 -8.1080e-10 1.9551e-07
# New trial
-2.1581e-01 -1.5496e+01 -2.2150e+02 -1.6679e+03
-5.5177e-02 -1.0768e+00 -4.1137e+01 -5.2789e+02
-3.0984e-04 -3.4810e-03 -4.2916e-02 -7.3554e+00
-7.6322e-11 -2.1897e-09 -8.1167e-09 -6.9949e-08
# New trial
-1.1743e-01 -1.5130e+01 -1.8638e+02 -1.8200e+03
1.2591e-02 -8.4280e-01 -4.9843e+01 -5.6193e+02
-1.0170e-04 -6.3094e-04 -3.6916e-02 -1.6826e+01
-9.3786e-10 -8.8143e-09 -4.2827e-08 -5.2484e-07
# New trial
-1.1224e+00 -3.5961e+01 -4.4613e+02 -4.5571e+03
-2.8738e-01 -5.8963e+00 -1.0038e+02 -1.1703e+03
-3.0229e-03 -3.0439e-02 -3.5800e-01 -1.6848e+01
-9.2523e-10 -9.9633e-09 -6.9177e-08 -1.0567e-06
# New trial
-2.2654e-01 -2.1247e+01 -3.5831e+02 -2.8698e+03
1.5064e-02 -1.9662e+00 -6.8643e+01 -8.8945e+02
3.5113e-04 3.9554e-03 -3.3375e-02 -1.6483e+01
-7.7949e-10 -7.9389e-09 -6.9524e-08 -9.1967e-07
# New trial
-1.2867e+00 -3.1918e+01 -3.9092e+02 -3.8635e+03
-5.4310e-01 -8.9413e+00 -1.3692e+02 -1.4766e+03
-4.5494e-03 -4.5039e-02 -5.0970e-01 -1.5420e+01
-1.0922e-09 -6.3907e-09 -1.4074e-07 -7.9618e-07
# New trial
9.6613e-02 -1.1088e+00 -6.3676e+01 -1.0920e+03
2.3277e-02 1.4260e-01 -1.2073e+01 -2.3850e+02
1.1005e-04 1.1970e-03 1.0441e-02 -2.6395e-01
-1.8295e-10 -2.6314e-09 -1.6155e-08 -1.8763e-07
# New trial
1.3485e-01 -5.9895e-01 -9.3996e+01 -9.4572e+02
4.1830e-02 2.6008e-01 -1.3236e+01 -2.4894e+02
2.8423e-04 2.6284e-03 2.5328e-02 -1.3146e+00
2.5051e-11 -2.5522e-10 -7.9648e-09 -2.4704e-07
# New trial
-7.8996e-02 -1.7236e+00 -5.7122e+01 -6.6713e+02
-2.5398e-02 -2.8225e-01 -1.3730e+01 -1.7562e+02
-2.6252e-04 -2.7348e-03 -2.7580e-02 -8.4497e-01
-2.4959e-10 -2.0667e-09 -1.7581e-08 -2.5955e-07
# New trial
-2.3099e-01 -5.5857e+00 -1.2654e+02 -1.4802e+03
-6.8021e-02 -9.1568e-01 -3.2071e+01 -3.8561e+02
-4.9852e-04 -4.9508e-03 -5.6045e-02 -2.5990e+00
-2.0927e-10 -9.9288e-09 -5.1655e-08 -3.2801e-07
# New trial
2.3435e-01 -2.8097e-01 -6.2075e+01 -6.5751e+02
9.4268e-02 7.3212e-01 -1.3494e+01 -1.6603e+02
7.8208e-04 7.7106e-03 7.7846e-02 2.3457e-01
9.9860e-11 1.8444e-09 1.1664e-08 1.3193e-07
# New trial
2.5205e-01 -2.6018e+01 -2.4204e+02 -3.2082e+03
1.0262e-01 -7.9717e-01 -5.8711e+01 -5.9812e+02
-4.9414e-05 -1.0020e-03 -4.0349e-02 -1.2698e+01
-1.0437e-09 -7.4807e-09 -1.8068e-08 -9.5150e-07
# New trial
-8.8801e-01 -2.7767e+01 -3.7384e+02 -3.3251e+03
-2.3697e-01 -4.4534e+00 -1.1077e+02 -9.2641e+02
-2.3402e-03 -2.3466e-02 -2.8200e-01 -1.5385e+01
-1.2951e-09 -9.4909e-09 -1.5564e-07 -2.0451e-06
# New trial
-6.1810e-01 -2.5068e+01 -3.1426e+02 -3.5594e+03
-1.3612e-01 -3.9190e+00 -8.8685e+01 -7.8905e+02
-7.4469e-04 -8.4821e-03 -1.2751e-01 -1.3893e+01
-7.4622e-10 -1.4589e-08 -1.0714e-07 -1.4337e-06
# New trial
1.5360e+00 -1.1966e+01 -2.3452e+02 -2.0792e+03
3.7623e-01 -7.2488e-01 -8.6690e+01 -7.7555e+02
7.6125e-04 7.5040e-03 -1.3484e-02 -1.8797e+01
-1.3960e-09 -1.2183e-08 -1.1294e-07 -1.2337e-06
# New trial
-1.5764e-01 -3.3143e+01 -4.3287e+02 -4.7187e+03
2.1763e-01 -3.0568e+00 -1.0615e+02 -1.1569e+03
5.4607e-03 5.3712e-02 4.2666e-01 -3.9899e+01
1.9935e-09 1.7857e-08 1.3387e-07 1.3026e-06
# New trial
9.9038e-02 -2.3481e+00 -9.6162e+01 -9.3764e+02
3.3226e-02 1.7610e-01 -2.3627e+01 -2.5076e+02
1.8318e-04 1.6853e-03 1.6375e-02 -3.1335e+00
-1.4767e-10 -1.8133e-09 -5.2668e-09 -1.5239e-07
# New trial
-4.7864e-01 -1.5561e+01 -2.3691e+02 -2.6847e+03
-7.6145e-02 -1.6758e+00 -8.0629e+01 -6.0119e+02
-4.4787e-04 -4.4884e-03 -5.6903e-02 -8.0933e+00
-6.7795e-10 -2.8490e-09 -2.3142e-08 -2.3405e-07
# New trial
1.0112e-01 -9.7032e+00 -1.5221e+02 -1.7915e+03
1.5893e-02 -7.4415e-01 -4.0857e+01 -5.0207e+02
-5.7499e-04 -5.6497e-03 -8.0162e-02 -7.7906e+00
-6.3480e-10 -9.5106e-09 -4.4355e-08 -4.7320e-07
# New trial
-2.1781e-01 -1.3661e+01 -1.7079e+02 -2.2418e+03
-5.0163e-02 -1.3393e+00 -6.4129e+01 -6.3664e+02
-2.7946e-04 -2.7149e-03 -4.5625e-02 -5.9793e+00
-3.0948e-10 -1.2969e-08 -5.0691e-08 -2.9279e-07
# New trial
2.1331e-01 -9.1162e+00 -1.5071e+02 -2.2344e+03
6.5257e-02 -1.2747e-01 -4.6814e+01 -4.3366e+02
1.3531e-04 1.1701e-03 -3.7402e-03 -4.5596e+00
-1.8520e-10 -3.5242e-09 -1.9598e-08 -2.9319e-07
# New trial
-1.9174e-01 -1.8807e+01 -1.8251e+02 -2.1275e+03
-6.0273e-02 -1.7746e+00 -5.6175e+01 -7.1789e+02
-6.0929e-04 -6.8023e-03 -8.8576e-02 -8.7975e+00
-1.5019e-10 1.5964e-09 -3.0227e-08 -1.8329e-07
# New trial
2.7236e-01 -2.2449e+01 -3.3190e+02 -4.0043e+03
1.6527e-01 -2.7455e+00 -9.9181e+01 -9.6221e+02
3.5337e-04 1.7478e-03 -5.1948e-02 -2.0033e+01
-1.0058e-09 -8.8354e-09 -1.0372e-07 -1.0397e-06
# New trial
-7.0174e-01 -3.0752e+01 -3.1704e+02 -3.3796e+03
-1.8214e-01 -5.3105e+00 -1.0299e+02 -1.2153e+03
-1.7426e-03 -1.7042e-02 -2.8276e-01 -1.8598e+01
-2.0629e-09 -1.2906e-08 -1.5057e-07 -8.7628e-07
# New trial
-2.8621e-01 -1.1892e+01 -2.0668e+02 -2.2048e+03
-6.7829e-02 -1.4710e+00 -6.6301e+01 -6.5074e+02
-4.0528e-04 -4.4300e-03 -5.6921e-02 -5.9666e+00
-6.1774e-10 -2.0785e-09 -2.9695e-08 -4.8524e-07
# New trial
7.1795e-01 -2.1393e+01 -3.3953e+02 -2.6581e+03
4.0305e-01 -7.8806e-01 -6.1117e+01 -6.2767e+02
5.4628e-03 5.4262e-02 4.1188e-01 -1.8669e+01
4.6481e-10 -2.8574e-09 4.4692e-08 1.1487e-07
# New trial
-5.0660e-01 -2.7962e+01 -3.0285e+02 -2.6747e+03
-8.9793e-02 -3.2242e+00 -7.1370e+01 -8.5743e+02
1.9306e-04 6.1979e-04 -1.8358e-02 -1.0079e+01
-7.6167e-10 -1.7590e-09 -2.1120e-08 -2.6944e-07
# New trial
3.1380e-03 -6.1614e+00 -1.3903e+02 -1.6413e+03
2.3799e-02 -1.2305e-01 -2.8033e+01 -3.1140e+02
3.2778e-04 3.2300e-03 2.9127e-02 -7.5722e+00
1.5988e-10 9.5630e-10 6.0723e-09 4.7307e-08
# New trial
