# 1.0sig - Array shape (trial/sig/alpha): (30L, 4L, 4L)
-8.6921e-01 -2.2140e+01 -3.3906e+02 -3.1134e+03
-2.1619e-01 -4.0650e+00 -7.9200e+01 -8.8813e+02
-1.6607e-03 -1.7246e-02 -2.1314e-01 -1.2546e+01
4.8735e-10 -3.0665e-09 -1.2717e-08 -3.0898e-07
# New trial
4.3642e-01 -4.5754e+00 -1.0120e+02 -1.3019e+03
1.1496e-01 2.3337e-01 -3.1462e+01 -3.8456e+02
2.4665e-04 2.1966e-03 8.3687e-03 -3.1099e+00
-3.1404e-10 -1.4178e-09 -1.2489e-08 -1.9394e-07
# New trial
4.9952e-02 -4.6784e+00 -1.1586e+02 -1.3433e+03
2.3148e-02 -1.7290e-01 -2.8722e+01 -3.9007e+02
7.7640e-07 1.2749e-04 -1.3848e-02 -5.7730e+00
-1.0663e-09 -6.3103e-09 -1.1332e-08 -4.1645e-07
# New trial
-1.6529e-01 -1.0689e+01 -1.7698e+02 -1.8883e+03
-2.3421e-02 -1.1138e+00 -4.8539e+01 -7.2165e+02
-1.7613e-04 -1.5650e-03 -3.6410e-02 -7.3292e+00
-1.5197e-10 -4.5780e-09 -1.8787e-08 -1.4358e-07
# New trial
-5.5373e-02 -1.2846e+01 -2.1452e+02 -2.1609e+03
3.3585e-02 -2.1122e+00 -7.5786e+01 -7.3558e+02
3.2598e-04 3.3394e-03 -2.6885e-02 -1.9976e+01
-1.6081e-09 -1.7179e-08 -8.7091e-08 -1.0507e-06
# New trial
9.3293e-01 2.5012e+00 -4.4338e+01 -4.6363e+02
2.2343e-01 1.5850e+00 -1.1615e+01 -1.9257e+02
1.0260e-03 9.9790e-03 9.1133e-02 -1.2232e+01
-2.3316e-10 -5.9132e-10 4.7106e-10 -9.7242e-08
# New trial
-6.1838e-01 -2.3165e+01 -3.0817e+02 -2.9358e+03
-1.2770e-01 -2.9026e+00 -6.5409e+01 -7.2520e+02
-8.0039e-04 -8.5097e-03 -1.0506e-01 -1.6814e+01
-4.5137e-10 -3.0046e-09 -5.8231e-08 -5.9207e-07
# New trial
3.3543e-02 -1.1916e+00 -5.1326e+01 -5.4566e+02
1.6189e-02 4.5782e-02 -1.1673e+01 -2.0288e+02
2.7528e-04 2.8983e-03 2.5873e-02 -4.9144e-05
2.2643e-10 3.6824e-09 2.4073e-08 2.0998e-07
# New trial
5.6086e-01 -1.7144e+00 -5.5561e+01 -7.7002e+02
1.3779e-01 7.6882e-01 -1.9454e+01 -3.0602e+02
6.0776e-04 6.3190e-03 5.3812e-02 -3.6239e+00
-9.8987e-12 1.7982e-09 -1.2266e-08 -1.4984e-07
# New trial
2.0796e-01 -1.0331e+01 -1.9091e+02 -1.8456e+03
4.5011e-02 -4.6570e-01 -6.1108e+01 -6.9759e+02
-2.9257e-04 -2.7563e-03 -7.1403e-02 -1.5907e+01
-5.4287e-10 -5.9450e-09 -2.1092e-07 -5.6780e-07
# New trial
1.1794e-01 -3.1641e+00 -8.6410e+01 -9.3389e+02
3.8200e-02 -2.6013e-02 -2.9733e+01 -4.3085e+02
1.7919e-04 1.3272e-03 1.1928e-02 -2.0320e+00
-3.7421e-12 4.0271e-10 -3.5168e-09 5.9976e-08
# New trial
4.2706e-02 -2.6398e+00 -7.5357e+01 -9.3875e+02
1.4781e-02 -5.0451e-02 -2.9138e+01 -2.6524e+02
8.3856e-05 8.5344e-04 7.2364e-03 -2.3016e+00
-1.2798e-11 -3.6658e-10 -4.0040e-09 -8.7957e-08
# New trial
1.3237e-02 -1.3949e+01 -1.7501e+02 -1.9332e+03
2.7675e-02 -6.6231e-01 -4.8217e+01 -6.7529e+02
1.8940e-04 1.9374e-03 -1.4614e-03 -1.8056e+01
5.5028e-11 2.9104e-09 -2.6778e-08 -3.5644e-07
# New trial
-5.6571e-01 -1.9486e+01 -2.9058e+02 -2.7655e+03
-1.4019e-01 -2.9253e+00 -8.2821e+01 -9.1285e+02
-1.1395e-03 -1.0503e-02 -1.2932e-01 -1.8471e+01
-4.3360e-10 -5.6688e-09 -4.2377e-08 -3.8611e-07
# New trial
-8.9779e-02 -2.8955e+00 -8.1941e+01 -8.0141e+02
-1.9663e-02 -3.2724e-01 -2.0640e+01 -2.7196e+02
-8.1630e-05 -5.4813e-04 -1.1769e-02 -2.5497e+00
-2.8214e-11 -1.0667e-09 4.8192e-10 9.3136e-08
# New trial
-4.1258e-01 -1.4415e+01 -1.6315e+02 -2.0356e+03
-1.1666e-01 -1.7525e+00 -5.5488e+01 -6.1016e+02
-8.1413e-04 -7.6125e-03 -8.9461e-02 -4.6604e+00
-3.5181e-10 -5.8379e-10 -1.6951e-08 -3.0409e-07
# New trial
1.6235e+00 -9.5551e-01 -1.0791e+02 -9.2184e+02
3.8879e-01 2.0527e+00 -1.7828e+01 -3.1475e+02
1.7554e-03 1.7198e-02 1.3438e-01 -1.2863e+01
-9.9432e-10 -5.8355e-09 -5.3238e-08 -5.3178e-07
# New trial
-7.5337e-01 -2.1924e+01 -2.8347e+02 -3.2187e+03
-2.0399e-01 -3.5375e+00 -7.7367e+01 -9.2604e+02
-1.3871e-03 -1.4728e-02 -1.7457e-01 -9.1029e+00
-2.1151e-10 -4.5036e-09 -7.7160e-08 -5.0118e-07
# New trial
-1.0359e-01 -4.7020e+00 -1.0898e+02 -1.3542e+03
-2.1670e-02 -5.2766e-01 -3.6319e+01 -3.2592e+02
1.0174e-04 7.5470e-04 1.9092e-03 -1.9135e+00
7.8644e-11 1.7277e-09 9.3016e-09 1.0254e-07
# New trial
2.3706e-01 -1.9714e+00 -9.3647e+01 -1.0463e+03
6.8953e-02 3.5983e-01 -1.9835e+01 -3.9317e+02
5.4701e-04 5.3347e-03 4.3791e-02 -3.0692e+00
7.1229e-11 3.9905e-10 9.4149e-09 -1.2521e-07
# New trial
-4.2098e-01 -2.0059e+01 -2.8622e+02 -2.7294e+03
-4.9827e-02 -2.3858e+00 -6.1533e+01 -7.8956e+02
-2.8958e-05 -7.5604e-04 -3.9282e-02 -7.6148e+00
-8.1634e-10 7.5931e-10 -1.3570e-08 -1.4677e-07
# New trial
2.4433e+00 -1.1564e+01 -1.6233e+02 -9.3408e+02
4.7809e-01 6.9896e-01 -3.8423e+01 -5.8112e+02
2.5105e-04 9.6669e-04 -5.0198e-02 -1.4047e+01
-8.8620e-10 -7.6818e-09 -6.3115e-08 -5.9833e-07
# New trial
-2.7425e-01 -2.5636e+01 -3.1005e+02 -3.6487e+03
1.1108e-02 -2.6854e+00 -8.8814e+01 -8.6731e+02
7.4210e-05 7.3211e-04 -2.8632e-01 -2.4159e+01
1.3803e-10 -4.2605e-09 -2.6169e-08 -5.7490e-07
# New trial
5.4740e-02 -3.3905e-01 -4.4830e+01 -5.2473e+02
1.6326e-02 7.8672e-02 -7.1143e+00 -1.7627e+02
1.2810e-04 1.2396e-03 1.1617e-02 -5.4970e-02
3.5693e-11 3.3646e-10 3.0402e-09 4.8675e-08
# New trial
-7.1949e-02 -2.4046e+00 -6.8901e+01 -1.0516e+03
-1.3473e-02 -2.8713e-01 -1.8453e+01 -3.0236e+02
-8.0731e-05 -8.0523e-04 -1.2785e-02 -6.3980e+00
-8.8919e-11 3.0064e-10 -1.7000e-08 -6.4137e-08
# New trial
9.0372e-02 -1.4542e+01 -2.5143e+02 -2.8535e+03
3.0955e-02 -1.3713e+00 -5.0833e+01 -7.6572e+02
-4.6424e-04 -5.1233e-03 -9.0696e-02 -6.1021e+01
-1.4382e-09 -5.8790e-08 -1.3585e-07 -1.2977e-06
# New trial
-1.4875e+00 -3.6476e+01 -4.1644e+02 -4.5214e+03
-3.1175e-01 -5.3295e+00 -1.1427e+02 -1.0527e+03
-1.9839e-03 -2.0351e-02 -2.5227e-01 -2.3804e+01
-6.9507e-10 -8.8351e-09 -1.2093e-07 -1.1933e-06
# New trial
3.0670e-01 -8.0555e+00 -1.5243e+02 -1.3814e+03
8.4479e-02 -2.3590e-01 -4.5472e+01 -5.1821e+02
3.7010e-04 3.3589e-03 1.0056e-02 -1.4528e+01
-1.7933e-10 -1.2896e-09 -2.8840e-08 -4.1774e-07
# New trial
2.3983e-01 -1.1795e+01 -1.7867e+02 -1.9667e+03
7.7559e-02 -5.1534e-01 -5.8456e+01 -5.3490e+02
2.6738e-04 2.5907e-03 -1.7153e-04 -2.2105e+01
-1.7466e-10 -1.2192e-08 -5.1600e-09 -1.8865e-07
# New trial
-6.0056e-02 -5.4928e+00 -1.4819e+02 -1.4565e+03
4.7599e-03 -2.6480e-01 -2.7177e+01 -3.5880e+02
1.9915e-04 1.8619e-03 1.0898e-02 -3.0491e+00
-2.1256e-10 3.3948e-10 1.2275e-08 1.2928e-09
# New trial
