# 1.0sig - Array shape (trial/sig/alpha): (30L, 4L, 4L)
6.1421e-03 -2.1147e+01 -3.5224e+02 -3.2088e+03
6.3630e-02 -4.3536e+00 -8.7497e+01 -1.2504e+03
-7.5972e-05 -1.4991e-03 -1.0449e-01 -4.0703e+01
-1.2348e-09 -5.6403e-09 -1.2746e-07 -1.2059e-06
# New trial
-2.2088e-01 -1.3536e+01 -2.1099e+02 -1.8730e+03
-3.1897e-02 -1.7777e+00 -5.5200e+01 -7.3895e+02
-1.1226e-04 -1.5917e-03 -3.0640e-02 -1.2619e+01
-3.0399e-10 -3.5379e-09 -1.9516e-08 -3.2102e-07
# New trial
-4.2707e-02 -2.4663e+00 -9.3942e+01 -9.1175e+02
-6.1588e-03 -1.7864e-01 -2.3073e+01 -2.2647e+02
-6.3243e-05 -5.7478e-04 -7.6126e-03 -2.9177e+00
-1.8871e-10 -3.2499e-09 -2.4200e-08 -2.7064e-07
# New trial
-1.7167e-01 -9.0997e+00 -1.5769e+02 -1.6609e+03
-4.7141e-02 -1.2132e+00 -6.4675e+01 -5.7752e+02
-4.0427e-04 -3.7534e-03 -5.3799e-02 -1.1651e+01
-2.0720e-10 -2.3117e-09 -2.9838e-08 -1.3873e-06
# New trial
4.5622e-02 -1.4278e+01 -1.5639e+02 -1.8420e+03
1.6991e-02 -6.8699e-01 -4.6334e+01 -5.1094e+02
8.4837e-06 6.8183e-04 -1.7298e-02 -9.4564e+00
-9.9696e-10 -8.7060e-09 -9.6576e-08 -7.8644e-07
# New trial
7.2133e-02 -1.7987e+01 -2.6636e+02 -2.0991e+03
4.8565e-02 -1.1621e+00 -6.5517e+01 -6.2036e+02
3.0703e-04 2.3282e-03 -9.8551e-03 -2.8416e+01
-1.7899e-09 -8.3233e-09 -8.1348e-08 -1.0759e-06
# New trial
3.6911e-01 -1.6432e+01 -1.9983e+02 -2.1615e+03
1.3667e-01 -7.2760e-01 -6.0719e+01 -7.7948e+02
2.7973e-04 2.3060e-03 -1.3432e-02 -1.1989e+01
-6.7116e-10 -7.0062e-09 -1.1538e-07 -9.6560e-07
# New trial
-5.3516e-01 -3.6054e+01 -4.2191e+02 -3.8316e+03
-1.2954e-01 -7.7485e+00 -1.0612e+02 -9.7443e+02
-8.7646e-04 -8.8512e-03 -1.3568e-01 -4.1560e+01
-4.3743e-10 -1.9052e-08 -5.5203e-08 -4.6857e-07
# New trial
6.5507e-01 -5.4024e+00 -1.4504e+02 -1.4084e+03
2.7762e-01 1.6823e+00 -2.1393e+01 -2.9935e+02
3.8412e-03 3.8542e-02 3.7097e-01 -8.1393e+00
1.3528e-09 1.2077e-08 1.3103e-07 1.1293e-06
# New trial
7.6190e-01 -1.4180e+00 -9.2093e+01 -8.2060e+02
1.6006e-01 1.0476e+00 -1.6319e+01 -4.1731e+02
9.0941e-04 9.1094e-03 8.1466e-02 -5.3030e+00
-9.3030e-10 -4.3659e-09 -4.3396e-08 -4.5163e-07
# New trial
-6.1702e-01 -3.2115e+01 -3.7188e+02 -3.7681e+03
-9.5920e-02 -4.5163e+00 -9.6267e+01 -9.9503e+02
-7.7245e-04 -8.6046e-03 -1.4738e-01 -2.3684e+01
-7.0309e-10 -7.9926e-09 -1.5133e-07 -1.0572e-06
# New trial
-2.3444e-01 -7.8510e+00 -1.6984e+02 -1.4336e+03
-7.2357e-02 -1.1992e+00 -3.8632e+01 -5.8362e+02
-5.5346e-04 -5.3155e-03 -5.7728e-02 -3.0052e+00
3.8076e-10 -8.0651e-10 1.0234e-09 -2.5001e-07
# New trial
-7.8047e-02 -3.7100e+00 -1.0396e+02 -1.1729e+03
-2.0770e-02 -3.6847e-01 -2.3352e+01 -6.1008e+02
-3.3020e-04 -3.3002e-03 -3.8915e-02 -4.3670e+00
-1.4118e-10 -1.2767e-09 -1.0191e-08 -2.1457e-07
# New trial
1.1498e-01 -3.1603e+00 -9.9058e+01 -9.9996e+02
3.7268e-02 8.2666e-02 -3.0163e+01 -3.2650e+02
2.3106e-04 2.0533e-03 1.7928e-02 -2.4961e+00
-2.9239e-10 -4.7853e-09 -3.1669e-08 -1.8794e-07
# New trial
-2.5122e-02 -3.2718e+00 -9.2771e+01 -7.4703e+02
-3.6104e-03 -2.4956e-01 -2.3438e+01 -2.5190e+02
-1.5834e-05 1.7078e-04 -7.8295e-04 -1.3540e+00
-7.5940e-11 6.7902e-11 -2.1783e-09 -1.2649e-07
# New trial
1.2966e+00 -6.4696e+00 -1.6334e+02 -1.4728e+03
3.7090e-01 1.9639e+00 -3.4878e+01 -3.5002e+02
3.2163e-03 3.2936e-02 2.9014e-01 -1.3482e+01
3.4616e-10 2.3291e-09 -1.7014e-09 3.2398e-07
# New trial
4.2999e-01 -1.1982e+01 -2.4757e+02 -2.8364e+03
1.5159e-01 -7.7859e-01 -6.6683e+01 -6.1714e+02
7.5365e-04 7.6187e-03 2.8561e-02 -3.2756e+01
-1.1543e-09 -1.3836e-08 -1.3828e-07 -1.4787e-06
# New trial
2.2400e-01 -3.2605e+01 -3.9622e+02 -3.6718e+03
1.1819e-01 -3.4138e+00 -1.2783e+02 -9.8985e+02
-7.0795e-04 -7.5823e-03 -2.3964e-01 -5.2167e+01
-1.7322e-09 -1.9274e-08 -1.3257e-07 -1.5544e-06
# New trial
5.5872e-01 -4.2252e+00 -1.1955e+02 -1.0897e+03
1.1228e-01 4.4596e-01 -2.4717e+01 -4.0814e+02
8.1849e-05 3.7855e-04 -1.1638e-02 -1.4411e+01
-1.1168e-09 -2.5551e-09 -3.2659e-08 -2.8375e-07
# New trial
-3.0866e-02 -9.8270e+00 -1.5566e+02 -1.8383e+03
4.4424e-03 -5.5091e-01 -4.4817e+01 -5.7078e+02
-9.1627e-05 -9.2233e-04 -2.2329e-02 -1.3071e+01
-1.4032e-10 -3.5883e-09 -4.6012e-08 -6.0312e-07
# New trial
-3.9442e-03 -1.2300e+01 -1.8271e+02 -2.0693e+03
3.2090e-02 -9.5782e-01 -6.6197e+01 -6.2920e+02
2.0670e-04 1.6242e-03 -4.2931e-03 -2.0294e+01
-2.7623e-10 -3.6373e-09 -2.2030e-08 -3.5799e-07
# New trial
1.5902e-01 -1.9443e+01 -2.5771e+02 -2.7810e+03
5.3491e-02 -2.0562e+00 -7.7257e+01 -9.9985e+02
-5.2538e-04 -6.6934e-03 -1.2444e-01 -1.6936e+01
-9.2926e-10 -8.1325e-09 -8.6304e-08 -8.2349e-07
# New trial
4.1104e-01 -1.6529e+01 -2.4422e+02 -2.3892e+03
1.3030e-01 -9.4741e-01 -6.3195e+01 -7.5713e+02
1.8703e-04 7.2732e-04 -2.8011e-02 -2.2124e+01
-5.9180e-10 -4.6955e-09 -3.8245e-08 -3.6375e-07
# New trial
-4.8724e-01 -1.5103e+01 -2.0475e+02 -2.1916e+03
-1.6366e-01 -2.3034e+00 -6.0166e+01 -6.8673e+02
-1.4754e-03 -1.4482e-02 -1.5796e-01 -6.4005e+00
-7.6582e-10 -4.1532e-09 -4.7362e-08 -7.0402e-07
# New trial
-2.8484e-01 -7.5368e+00 -1.6740e+02 -1.6371e+03
-1.0236e-01 -1.2550e+00 -3.2418e+01 -4.6415e+02
-1.4188e-03 -1.4280e-02 -1.4806e-01 -1.1130e+01
-4.4497e-10 -5.6603e-09 -7.7622e-08 -4.0803e-07
# New trial
9.0772e-02 -1.0170e+01 -1.9188e+02 -1.2673e+03
4.4830e-02 -4.8670e-02 -2.4838e+01 -5.3197e+02
1.7859e-04 1.5332e-03 7.4020e-04 -5.8906e+00
-7.1131e-10 -8.8660e-09 -7.9860e-08 -6.4242e-07
# New trial
7.9187e-01 -1.4206e+01 -1.8760e+02 -1.6811e+03
2.2960e-01 7.7434e-01 -7.3146e+01 -6.0135e+02
1.3385e-03 1.3450e-02 1.0636e-01 -1.0863e+01
-1.0238e-09 -8.6212e-09 -5.2480e-08 -1.3124e-06
# New trial
-7.0533e-01 -2.2177e+01 -3.0541e+02 -2.6741e+03
-2.0650e-01 -3.3168e+00 -6.8836e+01 -9.7929e+02
-2.1014e-03 -2.1750e-02 -2.5171e-01 -1.4735e+01
-8.9522e-10 -8.6420e-09 -8.1986e-08 -8.1240e-07
# New trial
-7.5813e-01 -2.6697e+01 -3.9948e+02 -3.7951e+03
-2.0394e-01 -4.8550e+00 -1.0565e+02 -1.3375e+03
-2.0603e-03 -2.0473e-02 -2.5590e-01 -1.0213e+02
-8.7945e-10 -1.0011e-08 -1.0091e-07 -7.5724e-07
# New trial
6.8321e-02 -2.1275e+00 -7.6359e+01 -8.3668e+02
1.9077e-02 4.7179e-02 -1.6036e+01 -2.1282e+02
3.6129e-05 1.3378e-04 -1.2308e-03 -5.7799e-01
-1.4487e-11 -2.3666e-10 -2.5055e-09 -6.1573e-08
# New trial
