# 10.0sig - Array shape (trial/sig/alpha): (30L, 4L, 4L)
6.8085e-01 -7.1365e-01 -6.1972e+01 -7.5071e+02
1.7582e-01 1.0551e+00 -2.0557e+01 -2.0021e+02
1.0937e-03 1.0934e-02 9.4244e-02 -1.2400e+01
2.1566e-10 1.2392e-09 5.4207e-09 2.6204e-07
# New trial
-4.9435e-01 -9.4255e+00 -1.5544e+02 -1.7679e+03
-1.3775e-01 -1.7857e+00 -3.2901e+01 -3.8885e+02
-9.5664e-04 -9.5473e-03 -1.0223e-01 -1.6284e+00
-7.1549e-11 -4.0190e-10 -1.4902e-08 1.6429e-07
# New trial
4.7791e-01 -3.4427e+00 -9.2591e+01 -9.0367e+02
1.1867e-01 5.3812e-01 -3.1739e+01 -3.3192e+02
2.1468e-04 2.2217e-03 1.5615e-02 -1.2787e+01
-3.3977e-10 -3.4045e-09 -4.4341e-08 -1.1082e-07
# New trial
4.0129e-01 -9.3987e+00 -1.7718e+02 -1.6257e+03
1.4715e-01 -3.5090e-01 -6.0767e+01 -6.2545e+02
9.1351e-04 9.0407e-03 6.1323e-02 -2.3846e+01
2.7872e-10 1.0336e-10 1.2384e-08 4.9905e-07
# New trial
1.6195e-01 -2.1261e+00 -8.6181e+01 -9.3189e+02
4.8603e-02 2.2199e-01 -1.7079e+01 -3.6742e+02
2.5512e-04 2.0743e-03 1.6746e-02 -6.7354e+00
-4.4382e-10 -3.4247e-09 -1.0209e-07 -3.3211e-07
# New trial
4.2316e-02 -9.1885e+00 -1.8927e+02 -1.5658e+03
3.5607e-02 -4.2397e-01 -3.3757e+01 -4.2903e+02
3.6892e-04 3.2392e-03 2.1377e-02 -1.0295e+01
-4.5306e-11 1.0442e-09 -4.3617e-09 7.2930e-08
# New trial
5.8672e-01 -1.8668e+00 -8.5290e+01 -7.8678e+02
1.3679e-01 7.6035e-01 -4.0013e+01 -4.1899e+02
3.2280e-04 3.0788e-03 2.4653e-02 -1.6815e+01
-1.8911e-10 -3.5996e-10 -2.3070e-08 -2.7306e-07
# New trial
-3.2505e-02 -1.6411e+00 -5.5225e+01 -6.3036e+02
-3.3741e-03 -1.2425e-01 -9.2829e+00 -1.8093e+02
5.3514e-05 5.6590e-04 4.9110e-03 -6.1336e-02
4.4909e-11 5.9376e-10 5.2791e-09 -1.0458e-08
# New trial
1.7394e-01 -1.3656e-01 -4.6675e+01 -5.7981e+02
4.1698e-02 2.8150e-01 -9.7239e+00 -1.6111e+02
9.4163e-05 1.1251e-03 8.3030e-03 -2.0843e-01
-1.5058e-10 -8.3641e-10 -1.7989e-08 -1.2329e-07
# New trial
-2.1079e-01 -8.0209e+00 -1.5241e+02 -1.4673e+03
-2.7234e-02 -9.3886e-01 -2.9476e+01 -3.8577e+02
-8.3264e-07 -6.6991e-04 -1.3670e-02 -1.9069e+00
6.0409e-12 -9.9729e-10 3.2543e-09 -8.5436e-08
# New trial
3.5940e-01 -8.2746e+00 -1.7857e+02 -1.5604e+03
1.0853e-01 -5.2300e-01 -5.2059e+01 -5.9290e+02
2.3054e-04 2.0581e-03 -2.5214e-02 -1.8702e+01
-1.7576e-09 -5.4304e-09 -1.4484e-07 -1.5910e-06
# New trial
2.5259e-01 1.7992e+00 -7.6516e+00 -1.9120e+02
6.2790e-02 5.3661e-01 -2.3156e+00 -1.4958e+02
2.6585e-04 2.6435e-03 2.6298e-02 9.2821e-02
-3.5398e-11 -1.1208e-09 -3.6575e-09 1.0879e-08
# New trial
5.1120e-01 3.0305e-02 -6.9362e+01 -7.2039e+02
1.5063e-01 1.0133e+00 -2.2025e+01 -2.2710e+02
1.0004e-03 1.0198e-02 9.4015e-02 -2.7315e+00
3.3258e-10 2.5500e-09 3.2836e-08 2.3568e-07
# New trial
-8.3775e-02 -4.8055e+00 -9.7509e+01 -1.0012e+03
-3.8464e-02 -6.4453e-01 -2.3388e+01 -3.6540e+02
-1.0224e-03 -1.0237e-02 -1.0694e-01 -3.6733e+00
-8.7845e-11 -6.6992e-10 2.1983e-08 -2.6482e-07
# New trial
1.3523e-01 -7.7627e+00 -1.3314e+02 -1.4410e+03
7.1994e-02 -4.1631e-01 -3.5751e+01 -4.1457e+02
6.7953e-04 6.5738e-03 4.6235e-02 -1.8615e+00
2.1598e-10 2.3676e-09 7.0865e-08 1.0468e-07
# New trial
4.8566e-01 3.3347e+00 -7.7936e+00 -2.3022e+02
1.2596e-01 1.1272e+00 4.9026e+00 -1.1637e+01
8.3748e-04 8.0694e-03 8.0925e-02 7.0676e-01
9.7683e-11 2.2353e-09 1.1777e-08 8.3109e-08
# New trial
-1.1683e+00 -3.2345e+01 -3.9431e+02 -4.1235e+03
-1.9119e-01 -4.4033e+00 -9.4781e+01 -1.2751e+03
-7.0016e-04 -7.5850e-03 -1.1933e-01 -2.1278e+01
-2.3233e-10 -3.1865e-09 -6.9928e-08 -8.9278e-07
# New trial
1.4728e+00 -1.1255e+00 -1.0628e+02 -1.0189e+03
3.5256e-01 1.1788e+00 -7.2473e+01 -4.8444e+02
1.1087e-03 1.1679e-02 8.5575e-02 -1.3297e+01
-5.0312e-10 -3.8774e-09 -7.0976e-08 -2.1682e-07
# New trial
4.0721e-02 -2.1093e+00 -6.3265e+01 -7.4428e+02
2.0315e-02 2.9436e-02 -1.3423e+01 -1.7931e+02
2.1757e-05 1.6407e-04 6.5219e-05 -5.2037e+00
-9.2781e-11 -8.4380e-10 -1.5604e-08 -1.2757e-07
# New trial
-1.7395e-01 -1.3661e+01 -1.9713e+02 -2.0515e+03
5.5748e-04 -1.0772e+00 -4.1966e+01 -5.8406e+02
5.4045e-04 5.6313e-03 3.7452e-02 -4.8767e+00
-9.5696e-11 1.6715e-09 1.5866e-08 2.4611e-07
# New trial
1.0465e-01 -5.6311e+00 -1.4613e+02 -1.3305e+03
7.1217e-02 -9.5893e-02 -2.3924e+01 -3.2166e+02
6.4957e-04 5.9922e-03 4.9656e-02 -5.9729e+00
-1.4770e-10 -1.1043e-09 -9.1019e-09 -1.8049e-07
# New trial
2.0167e-01 -4.5296e+00 -1.1707e+02 -1.1097e+03
6.0137e-02 -7.6460e-02 -2.5511e+01 -4.4141e+02
3.3026e-04 3.7558e-03 1.8932e-02 -1.1782e+01
-1.6899e-10 -3.8850e-09 -2.6693e-08 -5.2081e-08
# New trial
4.8833e-01 -3.4964e+00 -1.0334e+02 -1.0931e+03
1.3459e-01 5.8426e-01 -3.0961e+01 -3.6350e+02
7.7301e-04 7.9976e-03 6.0401e-02 -3.1561e+00
-1.1056e-11 3.3814e-10 2.4662e-08 -6.1095e-09
# New trial
-1.3231e-02 -6.1297e+00 -1.2867e+02 -1.2917e+03
9.6046e-03 -3.4936e-01 -3.4186e+01 -3.5655e+02
1.2014e-04 1.0731e-03 3.9338e-03 -1.6610e+00
-3.4385e-11 4.0597e-10 5.7377e-09 -6.6625e-08
# New trial
2.5246e-01 -3.4063e+00 -8.8235e+01 -1.1587e+03
8.4956e-02 3.2613e-01 -1.7393e+01 -3.6450e+02
5.7025e-04 6.1095e-03 5.0702e-02 -7.2769e+00
-2.3332e-10 -3.3520e-10 -7.8656e-09 6.2428e-07
# New trial
7.7794e-02 -4.9937e+00 -9.9522e+01 -1.0466e+03
3.4875e-02 -8.1528e-02 -2.0707e+01 -2.3528e+02
1.3138e-04 1.6353e-03 8.5625e-03 -3.6045e-01
-2.5534e-11 -9.1915e-10 -3.9373e-09 -1.1406e-07
# New trial
5.3276e-02 -9.3173e-01 -5.0701e+01 -5.1582e+02
1.4341e-02 2.2656e-02 -1.0394e+01 -2.1549e+02
-5.3615e-05 -6.6660e-04 -1.1568e-02 -8.8078e-01
1.6022e-11 5.6366e-10 -8.0150e-09 -2.0522e-08
# New trial
2.8247e-01 -3.9765e+00 -1.2711e+02 -1.2332e+03
9.3766e-02 1.6385e-01 -2.5547e+01 -3.4617e+02
6.5655e-04 6.4843e-03 4.6366e-02 -5.7233e+00
6.4404e-10 1.1616e-09 1.0992e-08 -1.4738e-07
# New trial
1.3411e-01 -4.6512e+00 -1.1789e+02 -1.5261e+03
5.7666e-02 -6.1396e-02 -3.5047e+01 -4.8390e+02
4.8246e-04 4.2993e-03 3.5013e-02 -9.9708e+00
3.5837e-11 1.0455e-09 7.8286e-09 3.0901e-08
# New trial
-6.7140e-01 -1.2704e+01 -1.9423e+02 -2.1100e+03
-2.4987e-01 -3.2082e+00 -5.7542e+01 -7.4668e+02
-3.3731e-03 -3.4322e-02 -3.5920e-01 -8.5971e+00
-7.1127e-10 -5.9379e-09 -4.9835e-08 -6.4682e-07
# New trial
