# 1.0sig - Array shape (trial/sig/alpha): (30L, 4L, 4L)
4.0409e-01 -2.8598e+00 -9.4525e+01 -1.0829e+03
1.6167e-01 9.3041e-01 -1.5951e+01 -2.2053e+02
2.1619e-03 2.1075e-02 1.9382e-01 -6.3171e+00
4.0752e-10 7.1911e-09 3.3017e-08 5.4646e-07
# New trial
1.1911e-02 -8.0418e+00 -1.4058e+02 -1.8377e+03
3.7014e-02 -5.3902e-01 -3.9870e+01 -4.4071e+02
2.6436e-04 2.4156e-03 1.2432e-02 -9.9673e+00
-1.4644e-10 -2.0804e-09 -2.0313e-08 -1.1648e-07
# New trial
-1.1214e-01 -3.6721e+00 -8.8104e+01 -1.0302e+03
-2.1868e-02 -5.0953e-01 -1.6993e+01 -2.8219e+02
-4.1195e-05 -1.9991e-04 -6.2139e-03 -3.5644e-01
1.9183e-10 1.6196e-09 1.1088e-08 2.2788e-07
# New trial
4.4569e-01 -2.4674e+00 -9.7372e+01 -9.0365e+02
1.2708e-01 6.8427e-01 -1.9547e+01 -2.3729e+02
7.6668e-04 7.5973e-03 6.2790e-02 -5.8004e+00
-2.0755e-10 4.8616e-09 1.2791e-08 3.3344e-07
# New trial
3.1417e-01 -5.8940e+00 -1.0704e+02 -1.4220e+03
1.0667e-01 1.2495e-01 -3.0357e+01 -3.8199e+02
3.6712e-04 3.7902e-03 2.3860e-02 -1.0321e+01
-2.4784e-10 -3.2037e-09 -2.8362e-08 -4.3418e-07
# New trial
2.5693e-01 -6.2068e-01 -6.6974e+01 -7.9773e+02
5.7910e-02 3.3244e-01 -1.1851e+01 -1.6017e+02
1.6900e-04 2.0002e-03 1.5514e-02 -1.6691e-01
3.2866e-11 1.7561e-10 5.6639e-09 1.4798e-08
# New trial
2.3688e-01 -1.2547e+01 -2.2431e+02 -1.9688e+03
7.8125e-02 -7.9505e-01 -5.6971e+01 -6.8704e+02
-4.8594e-05 -1.1271e-03 -3.1407e-01 -1.5625e+01
-4.1742e-10 -5.6812e-09 -5.8048e-08 -4.9755e-07
# New trial
8.8788e-02 -2.6804e+00 -7.8548e+01 -7.6395e+02
3.5627e-02 3.9533e-02 -1.7705e+01 -2.9979e+02
4.5724e-04 4.3601e-03 3.9402e-02 -1.8730e-01
2.3676e-10 4.6469e-09 5.3141e-08 4.3644e-07
# New trial
2.6674e-01 -5.9987e-01 -5.5695e+01 -7.1829e+02
7.5178e-02 5.2991e-01 -1.0241e+01 -1.8899e+02
4.9029e-04 4.3343e-03 4.3541e-02 -4.1768e+00
7.5400e-11 3.1623e-10 2.0711e-08 5.5547e-08
# New trial
1.5747e+00 -3.9909e+00 -1.1219e+02 -1.4053e+03
4.3241e-01 1.5857e+00 -4.7794e+01 -5.4321e+02
3.0133e-03 2.9421e-02 2.3299e-01 -1.1918e+01
-6.5089e-10 -2.9079e-09 -5.4541e-08 -8.7225e-07
# New trial
-1.2942e-01 -7.2079e+00 -1.4503e+02 -1.6746e+03
-2.9615e-02 -9.3605e-01 -4.2325e+01 -5.3956e+02
-3.0312e-04 -2.4994e-03 -3.7746e-02 -4.4092e+00
-3.3421e-11 -7.4333e-11 -1.3974e-08 -9.7326e-08
# New trial
2.9776e-01 -2.1058e+00 -7.5199e+01 -8.5726e+02
8.0386e-02 3.4812e-01 -1.9474e+01 -3.2429e+02
3.6355e-04 3.6255e-03 2.8786e-02 -1.2056e+00
-2.9947e-10 -4.4725e-11 9.6955e-10 9.4880e-08
# New trial
-3.2492e-01 -2.1476e+01 -2.7404e+02 -2.8117e+03
-3.5659e-02 -2.6766e+00 -6.8771e+01 -9.8246e+02
-6.0787e-05 -5.8117e-04 -5.0799e-02 -2.6301e+01
-1.9397e-10 -2.3052e-08 -2.4271e-08 -3.2189e-06
# New trial
4.6777e-02 -1.0717e+01 -2.0966e+02 -1.9905e+03
5.5759e-02 -8.3616e-01 -5.5988e+01 -6.4654e+02
4.1329e-04 4.2871e-03 1.3668e-02 -1.2553e+01
-4.5796e-10 -9.2411e-09 -4.5927e-08 -5.7070e-07
# New trial
2.8136e-01 9.6809e-01 -3.5226e+01 -3.8058e+02
6.9675e-02 5.7008e-01 -9.4381e+00 -1.2708e+02
3.8234e-04 4.0107e-03 3.5543e-02 -3.7404e-01
8.1103e-11 4.3504e-10 1.1529e-08 2.4878e-07
# New trial
3.5049e-01 -7.4647e+00 -1.4475e+02 -1.8762e+03
1.3191e-01 1.9267e-01 -3.9318e+01 -4.4406e+02
1.1079e-03 1.0391e-02 8.6447e-02 -1.2553e+01
-3.3254e-10 -7.9982e-09 -3.0789e-08 -2.9937e-07
# New trial
1.4630e-02 -1.4209e+01 -2.1039e+02 -2.5879e+03
6.0759e-02 -8.6796e-01 -4.5113e+01 -5.9899e+02
2.4427e-04 2.2147e-03 -1.1331e-02 -8.3751e+00
-5.6844e-10 -7.2342e-09 -5.3140e-08 -4.1300e-07
# New trial
4.5944e-01 -7.4966e+00 -1.7876e+02 -1.6618e+03
1.6196e-01 1.0700e-01 -3.0723e+01 -4.3497e+02
7.5303e-04 7.2424e-03 3.7647e-02 -6.5458e+00
-3.9293e-10 -2.0474e-09 -5.5876e-08 -5.2774e-07
# New trial
-1.4235e-01 -7.2897e+00 -1.3767e+02 -1.6114e+03
-3.6318e-02 -9.2276e-01 -3.8736e+01 -4.5137e+02
-2.5910e-04 -3.2070e-03 -4.7733e-02 -6.3961e+00
8.3257e-11 2.2897e-09 9.2471e-09 1.9647e-07
# New trial
2.5805e-01 -6.6943e+00 -1.1286e+02 -1.1958e+03
1.0474e-01 3.2597e-01 -2.3554e+01 -3.7751e+02
1.2278e-03 1.1835e-02 9.5610e-02 -1.4861e+01
1.6578e-11 1.6579e-09 2.1194e-08 3.7327e-07
# New trial
8.6480e-01 -1.0730e+01 -2.0630e+02 -1.7611e+03
3.3606e-01 9.7982e-01 -2.6880e+01 -3.5670e+02
2.6267e-03 2.5729e-02 2.0216e-01 -1.0542e+01
-7.2393e-11 -3.0709e-09 -2.5446e-08 -2.0340e-07
# New trial
-8.7021e-01 -3.4785e+01 -4.3472e+02 -4.6267e+03
-7.1413e-02 -4.0760e+00 -1.0207e+02 -1.1074e+03
-4.7631e-05 -1.3923e-03 -7.7914e-02 -3.0602e+01
-8.0091e-10 -6.3561e-09 -3.8193e-08 -6.1655e-07
# New trial
-5.3215e-02 -3.4159e+00 -9.0356e+01 -8.9953e+02
-1.0365e-02 -4.6262e-01 -2.2345e+01 -3.1222e+02
3.6408e-05 8.8832e-05 -3.7481e-03 -5.6954e+00
5.5979e-11 -1.8743e-10 -1.0070e-08 -1.0934e-07
# New trial
-9.1220e-04 -1.1856e+00 -5.2376e+01 -6.0175e+02
3.6829e-03 -5.4725e-02 -1.0891e+01 -1.6201e+02
1.0166e-04 6.3323e-04 7.8666e-03 -2.4250e-01
6.0022e-11 -3.1585e-10 9.7884e-08 3.2749e-08
# New trial
-9.1805e-02 -4.9975e+00 -1.1428e+02 -1.1201e+03
-2.3783e-02 -5.8103e-01 -4.6406e+01 -3.6883e+02
-2.1827e-04 -2.3411e-03 -2.9584e-02 -9.1605e+00
-5.3912e-11 -1.1128e-09 -9.5156e-09 -2.7078e-07
# New trial
1.4523e+00 -9.0767e+00 -1.4516e+02 -1.4921e+03
3.6102e-01 9.1289e-01 -5.9380e+01 -4.9981e+02
9.1150e-04 8.7452e-03 -8.8635e-04 -3.0126e+01
-2.2822e-09 -1.3508e-08 -9.6560e-08 -1.3778e-06
# New trial
-5.1479e-01 -1.5532e+01 -1.9483e+02 -2.3322e+03
-1.1105e-01 -1.9276e+00 -7.0500e+01 -6.7533e+02
-8.1045e-04 -8.7932e-03 -1.1576e-01 -1.8637e+01
-6.4224e-10 -5.4371e-09 -4.5017e-08 -6.2482e-07
# New trial
8.7730e-01 -8.2842e+00 -1.6033e+02 -1.4138e+03
2.2177e-01 3.8811e-01 -5.6044e+01 -4.8447e+02
8.4128e-04 7.7172e-03 3.8974e-02 -1.9589e+01
-2.7531e-09 -1.3075e-09 -2.9416e-08 -2.0406e-07
# New trial
6.0331e-01 -6.5899e+00 -1.9405e+02 -1.3237e+03
1.7079e-01 4.9223e-01 -2.5722e+01 -4.4375e+02
1.0523e-03 1.0657e-02 8.6263e-02 -2.3660e+01
-1.4749e-10 8.2504e-10 1.6606e-08 2.7741e-07
# New trial
6.2978e-01 -3.3616e+00 -1.0898e+02 -1.2397e+03
1.6447e-01 8.9172e-01 -2.3681e+01 -2.6021e+02
1.0844e-03 1.1240e-02 9.0737e-02 -2.5382e+00
1.4233e-10 8.5351e-09 2.3136e-08 1.2898e-07
# New trial
