# 10.0sig - Array shape (trial/sig/alpha): (30L, 4L, 4L)
2.0604e-02 -3.2449e+00 -7.6815e+01 -1.0558e+03
6.9807e-03 -9.2438e-02 -1.7320e+01 -2.6953e+02
-1.1556e-04 -1.0527e-03 -1.1657e-02 -2.6874e+00
-5.0711e-10 -2.3513e-09 -5.0957e-08 -1.7329e-07
# New trial
-2.4585e-01 -1.3047e+01 -1.5522e+02 -1.6780e+03
-5.5287e-02 -1.3633e+00 -4.3198e+01 -5.2884e+02
-8.5478e-05 -1.5576e-03 -2.9939e-02 -2.5033e+01
2.1333e-11 -3.7532e-10 -2.2144e-09 4.7457e-07
# New trial
1.1778e-01 -3.9742e+00 -1.0075e+02 -1.0570e+03
4.2343e-02 9.7010e-02 -2.7170e+01 -3.4397e+02
3.2363e-04 2.6889e-03 2.9502e-02 -1.1406e+00
-3.3203e-11 5.9076e-11 7.1620e-09 -8.8316e-09
# New trial
3.1500e-02 -7.3460e+00 -1.3025e+02 -1.2924e+03
2.2590e-02 -2.1890e-01 -3.4044e+01 -4.2168e+02
1.8981e-04 1.9542e-03 1.5558e-02 -3.4843e+00
-1.7201e-11 -9.8885e-10 -6.2650e-10 3.0933e-08
# New trial
-3.5430e-01 -1.9789e+01 -2.4868e+02 -2.4179e+03
-6.0701e-02 -2.1513e+00 -7.0591e+01 -6.5936e+02
-2.7739e-04 -3.6140e-03 -5.9807e-02 -2.4037e+01
-7.6341e-10 -6.4204e-09 -5.7303e-08 -1.2908e-06
# New trial
-3.6813e-02 -1.6035e+01 -2.5097e+02 -2.6505e+03
5.0890e-02 -1.3407e+00 -6.0419e+01 -7.5884e+02
5.8968e-04 5.4878e-03 8.6885e-03 -1.4872e+01
-5.7943e-10 -9.1157e-09 -5.6476e-08 -3.1582e-07
# New trial
-6.7519e-01 -2.7799e+01 -3.6034e+02 -3.3676e+03
-1.7362e-01 -5.7323e+00 -1.0890e+02 -1.3722e+03
-1.6924e-03 -1.7547e-02 -2.3176e-01 -2.7984e+01
-1.0895e-09 -1.0788e-08 -1.1291e-07 -1.3384e-06
# New trial
4.3269e-01 -1.4467e+01 -1.9352e+02 -2.6576e+03
1.6338e-01 -1.2262e+00 -7.4086e+01 -8.0898e+02
4.8265e-04 4.4983e-03 -3.7739e-03 -1.3027e+01
-4.2731e-10 -4.6751e-09 -8.2399e-08 -1.7778e-07
# New trial
-3.0428e-01 -5.3216e+00 -1.1703e+02 -1.2065e+03
-1.1083e-01 -1.2816e+00 -3.2389e+01 -4.1759e+02
-1.2741e-03 -1.2629e-02 -1.3083e-01 -1.9438e+00
-2.7474e-10 -1.8202e-09 -2.5098e-08 -9.5244e-08
# New trial
-7.6685e-02 -8.3587e+00 -1.5746e+02 -1.3628e+03
-2.8697e-03 -6.4059e-01 -3.7212e+01 -5.4260e+02
1.1763e-04 1.1833e-03 1.1115e-03 -2.6947e+01
1.4972e-11 9.3075e-10 -1.2830e-08 -1.3817e-07
# New trial
1.5062e-01 -3.0049e-01 -6.4533e+01 -8.0594e+02
3.1933e-02 2.4364e-01 -1.5280e+01 -1.8422e+02
-2.8914e-07 -2.2724e-04 -1.4424e-03 -9.7671e-01
-3.4083e-10 -3.2390e-09 -4.0854e-08 -4.5062e-07
# New trial
7.1563e-03 -6.3437e+00 -1.1787e+02 -1.4261e+03
-2.9762e-03 -4.7547e-01 -3.7468e+01 -4.2942e+02
-2.0985e-04 -1.8576e-03 -2.9673e-02 -5.8462e+00
-2.7198e-10 -5.1910e-09 -2.9030e-08 -6.3373e-07
# New trial
6.8690e-02 -4.7231e+00 -1.1170e+02 -1.3533e+03
4.2218e-02 7.0751e-03 -3.0989e+01 -3.1821e+02
4.6012e-04 4.3719e-03 3.6506e-02 -5.7918e-01
2.7709e-11 6.6009e-10 6.4603e-09 2.2203e-07
# New trial
-6.2593e-01 -2.5506e+01 -3.3641e+02 -3.0002e+03
-1.3506e-01 -2.8947e+00 -8.6077e+01 -8.5466e+02
-1.2880e-03 -1.2257e-02 -1.5276e-01 -4.0777e+01
-6.0742e-10 -8.6008e-09 -5.0174e-08 -4.8167e-07
# New trial
-4.9937e-01 -2.6456e+01 -3.3483e+02 -3.1255e+03
-5.7934e-02 -2.2827e+00 -6.8053e+01 -7.7442e+02
6.3409e-04 6.0452e-03 3.9235e-02 -1.5717e+01
-1.9627e-11 -1.6751e-09 -8.0310e-08 -7.0800e-08
# New trial
9.7007e-01 -2.4519e+00 -1.0680e+02 -9.4880e+02
2.6593e-01 1.3677e+00 -2.8740e+01 -5.1912e+02
1.6956e-03 1.6882e-02 1.4364e-01 -1.4469e+01
-8.7171e-10 -5.0142e-09 -2.2169e-08 -4.6424e-07
# New trial
1.8297e+00 -6.2223e+00 -1.5326e+02 -1.3440e+03
4.4814e-01 2.1152e+00 -1.4809e+01 -3.9133e+02
2.8460e-03 2.8165e-02 2.3608e-01 -2.7704e+01
-3.0227e-10 -5.8542e-09 -9.0505e-08 -8.7524e-07
# New trial
-7.8388e-01 -3.2819e+01 -3.6748e+02 -4.2677e+03
-1.5169e-01 -6.1473e+00 -1.6911e+02 -1.3180e+03
-1.3487e-03 -1.5309e-02 -2.8377e-01 -4.3680e+01
-1.8676e-09 -3.4099e-08 -1.5544e-07 -2.0309e-06
# New trial
-3.6688e-01 -1.4538e+01 -2.0874e+02 -2.2228e+03
-6.4110e-02 -1.4837e+00 -5.5380e+01 -6.0183e+02
-2.6291e-04 -2.9343e-03 -4.5213e-02 -1.0376e+01
-4.8267e-10 -2.8533e-09 -3.8957e-08 -2.0152e-07
# New trial
3.1697e-01 -1.2187e+01 -1.8555e+02 -2.2233e+03
1.1422e-01 -2.9036e-01 -4.4328e+01 -5.8761e+02
3.7327e-04 3.8823e-03 1.4209e-02 -1.0851e+01
-3.1430e-10 -2.7569e-09 -1.8691e-08 -4.3357e-07
# New trial
-2.7087e-01 -1.0150e+01 -1.5185e+02 -1.9849e+03
-6.1607e-02 -1.1855e+00 -4.7022e+01 -5.2645e+02
-4.0573e-04 -4.3513e-03 -5.1856e-02 -4.7727e+00
-3.1801e-10 -3.4163e-09 -3.5086e-08 -4.4465e-06
# New trial
3.7544e-02 -1.0898e+01 -1.7939e+02 -2.4640e+03
5.7709e-03 -1.2741e+00 -6.6347e+01 -6.1763e+02
-6.0243e-04 -6.5118e-03 -8.7451e-02 -2.3587e+01
-4.8708e-10 -6.7444e-09 -5.6338e-08 -2.6516e-07
# New trial
1.5277e-01 -1.4029e+01 -2.1138e+02 -2.7300e+03
5.9748e-02 -1.0954e+00 -4.9655e+01 -6.0944e+02
-6.1865e-05 -3.4747e-04 -3.0349e-02 -2.3653e+01
-5.9473e-10 -8.5906e-09 -4.9094e-08 -3.3581e-07
# New trial
2.1806e-01 -5.6142e+00 -1.0104e+02 -1.4786e+03
7.9705e-02 1.8269e-01 -3.0293e+01 -3.6032e+02
3.9823e-04 4.1050e-03 3.3360e-02 -5.0358e+00
-1.3306e-10 -3.0439e-09 -1.2350e-08 -2.0752e-07
# New trial
-3.3195e-01 -1.2242e+01 -1.8676e+02 -1.8984e+03
-8.6468e-02 -1.5765e+00 -4.8003e+01 -6.6087e+02
-2.2827e-04 -2.4743e-03 -3.1637e-02 -4.2522e+00
6.8746e-11 -1.2939e-09 2.0947e-08 -5.6722e-08
# New trial
-1.1960e-01 -1.7902e+01 -2.5443e+02 -2.8828e+03
-2.9303e-03 -1.5636e+00 -7.7486e+01 -7.8113e+02
-1.0118e-05 2.6125e-04 -2.9238e-02 -3.3798e+01
-1.4917e-10 -3.0186e-09 -7.3129e-09 -1.7013e-07
# New trial
-6.8162e-01 -2.0122e+01 -2.9168e+02 -3.0828e+03
-1.7661e-01 -3.0601e+00 -7.8799e+01 -7.5741e+02
-1.2962e-03 -1.3188e-02 -1.5166e-01 -1.1109e+01
-4.6026e-10 -3.3596e-09 -5.2570e-08 -3.9164e-07
# New trial
-7.6150e-01 -2.5577e+01 -3.4834e+02 -4.2104e+03
-5.4231e-02 -2.7367e+00 -9.2247e+01 -8.1449e+02
7.8358e-05 -2.7943e-05 -5.9895e-02 -1.7953e+01
1.3448e-10 -7.9263e-09 3.3745e-08 -2.8819e-07
# New trial
-8.4269e-01 -2.2147e+01 -3.3674e+02 -3.3537e+03
-2.4678e-01 -5.0160e+00 -1.1446e+02 -9.9116e+02
-1.6028e-03 -1.6505e-02 -1.9684e-01 -1.5091e+01
-7.0830e-10 -2.3136e-09 -3.5074e-08 -5.6869e-07
# New trial
5.6519e-01 -2.4718e+00 -1.6500e+02 -1.3254e+03
1.2209e-01 6.5050e-01 -2.4466e+01 -2.8339e+02
6.4949e-04 6.6431e-03 5.0963e-02 -2.4434e+00
9.9510e-11 -1.2421e-09 6.6395e-09 2.1112e-07
# New trial
