# 10.0sig - Array shape (trial/sig/alpha): (30L, 4L, 4L)
2.0756e-02 -1.0328e+00 -5.7249e+01 -6.5003e+02
3.1713e-02 2.3051e-01 -7.4409e+00 -2.2375e+02
7.9124e-04 7.8799e-03 7.7525e-02 5.0259e-01
4.1153e-10 4.2605e-09 4.2936e-08 5.4197e-07
# New trial
-9.1808e-02 -4.0163e+00 -1.0446e+02 -1.4557e+03
-1.5782e-02 -4.9152e-01 -3.6484e+01 -3.9181e+02
4.5824e-04 4.6397e-03 3.1142e-02 -5.7529e+00
2.8610e-10 3.1040e-09 4.3138e-08 1.4036e-07
# New trial
1.5224e-01 -1.7748e+01 -2.5645e+02 -3.2661e+03
5.6111e-02 -1.0887e+00 -5.2750e+01 -9.7006e+02
7.1235e-04 7.0084e-03 2.4839e-02 -2.0071e+01
-2.1024e-09 -8.1358e-09 -1.0388e-07 -1.1024e-06
# New trial
2.4967e-01 -9.1473e+00 -1.8330e+02 -1.9610e+03
1.2205e-01 3.1232e-01 -3.9648e+01 -4.4326e+02
1.9217e-03 1.9064e-02 1.6820e-01 -3.7710e+00
-1.4378e-09 -3.9452e-09 -2.3093e-08 -1.7486e-07
# New trial
1.7053e-01 -1.5362e+01 -2.5523e+02 -2.2443e+03
1.4014e-01 -3.5612e-01 -6.8808e+01 -5.8271e+02
3.1181e-03 3.1342e-02 2.7075e-01 -1.9879e+01
5.4110e-10 4.4608e-09 4.9408e-08 -6.1679e-07
# New trial
9.1653e-02 -1.9903e+01 -2.4527e+02 -3.6819e+03
1.5422e-01 -5.4552e-01 -6.0476e+01 -7.5200e+02
3.0520e-03 2.9843e-02 2.6278e-01 -3.8961e+01
2.3918e-09 1.7750e-08 -6.3534e-10 2.1832e-06
# New trial
3.3031e-01 -2.4463e+01 -3.4382e+02 -4.2691e+03
2.8707e-01 -4.4503e+00 -9.5187e+01 -1.6005e+03
5.1603e-03 4.8882e-02 -1.7047e-01 -8.1457e+01
-2.6643e-09 -2.2447e-08 -9.2127e-08 -4.8594e-06
# New trial
-4.1957e-01 -1.3495e+01 -2.1927e+02 -2.1220e+03
-1.4075e-01 -2.2164e+00 -6.6537e+01 -6.0799e+02
-1.4622e-03 -1.4523e-02 -1.6380e-01 -1.0191e+01
-1.0131e-09 4.4981e-09 -4.7857e-09 -4.3955e-07
# New trial
7.5022e-02 2.4283e-01 -3.8854e+01 -5.3055e+02
3.1800e-02 2.9303e-01 -4.0677e+00 -1.2622e+02
5.3022e-04 5.2268e-03 5.2727e-02 -1.1022e+00
7.9930e-11 1.2809e-09 1.5083e-08 1.1713e-07
# New trial
-1.5982e-01 -1.4530e+01 -2.0793e+02 -2.2456e+03
1.2763e-02 -8.5546e-01 -5.3054e+01 -4.9865e+02
1.3070e-03 1.2623e-02 1.1142e-01 -6.9972e+00
4.5668e-10 9.9143e-09 1.0148e-07 7.4491e-07
# New trial
5.0061e-01 -5.3979e+00 -1.4936e+02 -1.2405e+03
2.1400e-01 1.4454e+00 -3.5570e+01 -3.7469e+02
4.6302e-03 4.5977e-02 4.3617e-01 -9.9482e+00
2.7679e-09 2.6803e-08 2.8312e-07 2.8300e-06
# New trial
2.1386e-02 -2.6990e+00 -8.0297e+01 -9.7787e+02
2.7787e-02 1.5596e-01 -1.7798e+01 -2.5844e+02
4.8967e-04 4.8929e-03 4.6838e-02 -2.3466e-01
1.8199e-10 -2.7574e-10 9.6754e-09 5.1930e-08
# New trial
-3.8010e-02 -4.9203e+00 -1.5581e+02 -1.5458e+03
3.6506e-02 -1.5575e-02 -3.4533e+01 -4.0552e+02
1.2019e-03 1.2297e-02 1.1016e-01 -2.3694e+00
4.9643e-10 1.0237e-08 5.1402e-08 3.2688e-07
# New trial
-6.2618e-02 -2.4638e+01 -2.8991e+02 -2.6605e+03
9.1932e-02 -8.5033e-01 -5.7306e+01 -6.9194e+02
4.3204e-03 4.3222e-02 3.6525e-01 -3.6768e+01
1.3854e-08 1.3629e-07 1.3607e-06 1.3159e-05
# New trial
3.0530e-01 -6.5389e+00 -1.9684e+02 -1.8006e+03
1.5977e-01 8.9696e-01 -4.1046e+01 -4.1827e+02
2.9276e-03 2.9709e-02 2.7514e-01 -8.0027e+00
9.9436e-10 1.1261e-08 1.2877e-07 7.2616e-07
# New trial
6.1122e-01 -8.2150e+00 -1.6586e+02 -1.2268e+03
3.0419e-01 1.8155e+00 -2.7368e+01 -3.0629e+02
5.8774e-03 5.8876e-02 5.5259e-01 -1.9191e+01
4.1134e-09 4.0110e-08 3.3770e-07 2.2722e-06
# New trial
-5.4585e-01 -1.9635e+01 -3.0248e+02 -3.1128e+03
-1.8606e-01 -3.3735e+00 -9.5510e+01 -9.0676e+02
1.7124e-04 2.0010e-03 -1.7733e-02 -1.2764e+01
7.0977e-09 7.1954e-08 6.8025e-07 7.1353e-06
# New trial
-8.3604e-01 -4.5821e+01 -4.9180e+02 -4.6572e+03
4.2729e-02 -3.9778e+00 -1.0500e+02 -1.1699e+03
8.9668e-03 8.8064e-02 7.5685e-01 -8.9195e+01
1.0049e-08 9.0265e-08 1.0239e-06 9.7891e-06
# New trial
5.0438e-01 -1.5467e+00 -1.1449e+02 -1.2259e+03
1.8654e-01 1.4220e+00 -1.7503e+01 -5.6434e+02
5.0978e-03 5.0760e-02 5.0010e-01 -2.1290e+01
2.8874e-08 2.8698e-07 2.8604e-06 2.8762e-05
# New trial
-2.9504e-01 -1.7894e+01 -2.4462e+02 -2.8233e+03
-4.0914e-02 -1.6406e+00 -5.5326e+01 -6.6336e+02
6.0900e-04 5.7444e-03 3.3654e-02 -1.1429e+01
2.4244e-10 2.8055e-09 1.6804e-08 1.2248e-07
# New trial
2.2443e-01 -1.0590e+01 -1.7792e+02 -2.3097e+03
1.2905e-01 3.9560e-01 -3.7187e+01 -4.0474e+02
3.0056e-03 3.0204e-02 2.7530e-01 -4.8978e+00
5.4049e-10 4.8993e-09 2.0737e-09 6.6081e-07
# New trial
3.8636e-01 -1.0797e+01 -1.9760e+02 -1.8964e+03
2.8918e-01 -4.4417e-01 -6.5801e+01 -5.8492e+02
5.3422e-03 5.3283e-02 4.6557e-01 -9.0505e+00
2.0548e-09 1.9306e-08 1.8413e-07 1.4786e-06
# New trial
2.0593e-01 -6.9967e+00 -1.6973e+02 -1.7488e+03
1.0534e-01 4.4425e-01 -5.4132e+01 -4.2919e+02
1.7887e-03 1.7893e-02 1.6106e-01 -2.1817e+01
3.5049e-10 2.8784e-09 2.9806e-08 2.6960e-07
# New trial
3.6917e-02 -2.2264e+01 -2.7349e+02 -2.9820e+03
9.7400e-02 -1.4242e+00 -7.2579e+01 -7.8974e+02
1.7049e-03 1.6372e-02 1.2514e-01 -8.0832e+00
6.6408e-10 -6.2189e-09 2.8171e-08 1.4873e-07
# New trial
5.6058e-01 -2.5309e+01 -2.6396e+02 -2.5664e+03
4.0461e-01 -3.3169e-01 -6.9626e+01 -7.6202e+02
1.0375e-02 1.0398e-01 9.4201e-01 -1.9364e+00
4.1083e-08 4.0626e-07 4.0950e-06 4.1153e-05
# New trial
-4.3973e-01 -2.0840e+01 -2.6969e+02 -3.0412e+03
-1.1785e-01 -2.4211e+00 -8.0391e+01 -9.1826e+02
8.5023e-04 9.2389e-03 5.1812e-02 -2.7033e+01
1.0232e-09 4.3541e-09 1.0113e-07 1.0735e-06
# New trial
3.0321e-01 -1.6132e+01 -1.5946e+02 -2.3545e+03
2.1438e-01 9.2477e-01 -4.5822e+01 -4.3948e+02
3.5440e-03 3.5194e-02 3.2569e-01 -1.1637e+01
1.1880e-09 5.8354e-10 9.8743e-08 8.3094e-07
# New trial
1.9821e+00 -2.5756e+00 -1.4658e+02 -1.9268e+03
5.8080e-01 2.5782e+00 -2.4369e+01 -4.0640e+02
4.9258e-03 4.8119e-02 4.2906e-01 -2.4325e+01
-8.5575e-11 1.7154e-09 1.5053e-08 1.3399e-08
# New trial
-7.0964e-01 -3.4543e+01 -4.2177e+02 -4.2549e+03
-3.3910e-02 -4.1858e+00 -9.1849e+01 -9.8283e+02
3.3705e-03 3.2448e-02 2.3804e-01 -2.1279e+01
3.0245e-09 3.2283e-08 2.6253e-07 2.7920e-06
# New trial
1.9823e+00 -4.6519e+00 -6.5404e+01 -1.8640e+03
6.2957e-01 3.4636e+00 -2.9041e+01 -2.6657e+02
9.5969e-03 9.5490e-02 8.3961e-01 -2.1504e+01
6.2807e-09 5.0200e-08 6.7768e-07 5.1350e-06
# New trial
