# 0.01sig - Array shape (trial/sig/alpha): (30L, 4L, 4L)
-4.5829e+00 -4.2984e+00 -2.1610e+00 -1.7575e-02
-4.5776e+00 -4.2483e+00 -1.8987e+00 -1.9398e-02
-4.5689e+00 -4.1612e+00 -1.2875e+00 -4.4077e-01
-4.5944e+00 -4.4112e+00 -2.8287e+00 -8.0076e+00
# New trial
-4.5841e+00 -4.3125e+00 -2.5193e+00 -2.0834e+00
-4.5763e+00 -4.2397e+00 -2.2706e+00 -5.4202e-01
-4.5764e+00 -4.2399e+00 -2.0612e+00 -4.2979e+00
-4.6075e+00 -4.5420e+00 -4.0215e+00 -1.2350e+01
# New trial
-4.5798e+00 -4.2696e+00 -2.1596e+00 -5.0043e-01
-4.5687e+00 -4.1639e+00 -1.7713e+00 -3.9908e-01
-4.5619e+00 -4.0971e+00 -1.5067e+00 -2.7518e+00
-4.5997e+00 -4.4648e+00 -3.4801e+00 -1.6705e+01
# New trial
-4.5523e+00 -4.0048e+00 -5.8311e-01 -1.1610e-10
-4.5380e+00 -3.8718e+00 -2.4070e-01 0.0000e+00
-4.5535e+00 -4.0225e+00 -7.4151e-01 -3.5780e-07
-4.6093e+00 -4.5614e+00 -4.4600e+00 -2.1802e+01
# New trial
-4.5841e+00 -4.3093e+00 -2.1039e+00 -1.9553e-03
-4.5725e+00 -4.1946e+00 -1.3044e+00 -2.5504e-04
-4.5528e+00 -4.0002e+00 -6.0799e-01 -3.6920e-06
-4.5799e+00 -4.2656e+00 -1.6142e+00 -3.4753e-03
# New trial
-4.5808e+00 -4.2750e+00 -1.6855e+00 -5.0868e-06
-4.5681e+00 -4.1536e+00 -1.2519e+00 -5.9688e-05
-4.5463e+00 -3.9372e+00 -2.3314e-01 -5.4001e-13
-4.5893e+00 -4.3583e+00 -2.3126e+00 -5.1418e+00
# New trial
-4.5854e+00 -4.3234e+00 -2.4372e+00 -4.9656e-01
-4.5768e+00 -4.2423e+00 -2.1433e+00 -8.6201e-02
-4.5702e+00 -4.1756e+00 -1.3004e+00 -2.5393e-04
-4.6051e+00 -4.5169e+00 -3.7468e+00 -4.7894e+00
# New trial
-4.5824e+00 -4.2939e+00 -2.1522e+00 -6.3405e-01
-4.5768e+00 -4.2391e+00 -1.8900e+00 -4.4241e-01
-4.5770e+00 -4.2416e+00 -2.0785e+00 -3.2914e+00
-4.6052e+00 -4.5183e+00 -3.8507e+00 -1.3753e+01
# New trial
-4.5753e+00 -4.2235e+00 -1.5190e+00 -5.0857e-04
-4.5596e+00 -4.0706e+00 -7.8520e-01 -2.1545e-05
-4.5265e+00 -3.7440e+00 -1.7953e-01 -9.1193e-09
-4.5864e+00 -4.3293e+00 -2.0200e+00 -4.2741e-01
# New trial
-4.5801e+00 -4.2737e+00 -2.1625e+00 -3.8422e-03
-4.5648e+00 -4.1248e+00 -1.0789e+00 -4.7906e-10
-4.5536e+00 -4.0107e+00 -4.6007e-01 -1.0424e-10
-4.6047e+00 -4.5129e+00 -3.8260e+00 -1.8035e+01
# New trial
-4.5705e+00 -4.1891e+00 -1.9949e+00 -5.7557e-04
-4.5722e+00 -4.2164e+00 -2.6767e+00 -4.8155e+00
-4.5792e+00 -4.2864e+00 -3.4038e+00 -1.5703e+01
-4.6095e+00 -4.5639e+00 -4.4013e+00 -1.8968e+01
# New trial
-4.5894e+00 -4.3603e+00 -2.3687e+00 -6.3537e-01
-4.5872e+00 -4.3391e+00 -2.2482e+00 -1.0309e+00
-4.5893e+00 -4.3597e+00 -2.4467e+00 -2.6670e+00
-4.6102e+00 -4.5666e+00 -4.1741e+00 -1.0724e+01
# New trial
-4.5870e+00 -4.3362e+00 -2.1643e+00 -9.9049e-05
-4.5802e+00 -4.2710e+00 -1.8442e+00 -8.1313e-04
-4.5737e+00 -4.2080e+00 -1.8536e+00 -9.9202e+00
-4.6009e+00 -4.4745e+00 -3.6284e+00 -2.4916e+01
# New trial
-4.5937e+00 -4.4025e+00 -2.7493e+00 -2.9720e-01
-4.5877e+00 -4.3443e+00 -2.3396e+00 -5.9238e-01
-4.5854e+00 -4.3222e+00 -2.4582e+00 -1.2505e+01
-4.6050e+00 -4.5147e+00 -3.7413e+00 -1.2157e+01
# New trial
-4.5873e+00 -4.3388e+00 -2.1520e+00 -1.3847e-01
-4.5829e+00 -4.2954e+00 -1.9108e+00 -2.4137e-01
-4.5790e+00 -4.2574e+00 -1.7562e+00 -4.0226e+00
-4.6057e+00 -4.5211e+00 -3.7480e+00 -9.5118e+00
# New trial
-4.5713e+00 -4.1906e+00 -1.8530e+00 -7.1544e+00
-4.5626e+00 -4.1113e+00 -1.6511e+00 -6.9900e+00
-4.5516e+00 -3.9985e+00 -8.2329e-01 -4.7092e-02
-4.5947e+00 -4.4158e+00 -2.8132e+00 -1.3620e-03
# New trial
-4.5798e+00 -4.2687e+00 -2.0015e+00 -3.6457e-03
-4.5761e+00 -4.2385e+00 -2.1823e+00 -2.6179e-01
-4.5837e+00 -4.3128e+00 -2.8472e+00 -1.5258e+01
-4.6108e+00 -4.5746e+00 -4.4660e+00 -2.5592e+01
# New trial
-4.5608e+00 -4.0894e+00 -1.1752e+00 -9.4531e-02
-4.5533e+00 -4.0237e+00 -1.1166e+00 -4.8392e-01
-4.5652e+00 -4.1358e+00 -1.5131e+00 -6.7444e-01
-4.6105e+00 -4.5727e+00 -4.3668e+00 -1.6151e+01
# New trial
-4.5940e+00 -4.4044e+00 -2.5735e+00 -7.3724e-06
-4.5872e+00 -4.3372e+00 -1.9928e+00 -8.6997e-07
-4.5655e+00 -4.1214e+00 -5.8480e-01 -3.3905e-10
-4.5760e+00 -4.2255e+00 -1.1425e+00 -3.7969e-07
# New trial
-4.5812e+00 -4.2818e+00 -2.1115e+00 -1.0750e-02
-4.5731e+00 -4.2045e+00 -1.7541e+00 -8.1475e-03
-4.5786e+00 -4.2587e+00 -2.1243e+00 -3.0371e+00
-4.6079e+00 -4.5450e+00 -4.1563e+00 -2.3974e+01
# New trial
-4.5566e+00 -4.0666e+00 -1.6872e+00 -1.6417e-01
-4.5429e+00 -3.9458e+00 -1.2924e+00 -1.3699e-02
-4.5480e+00 -3.9712e+00 -7.4791e-01 -4.1086e-05
-4.6066e+00 -4.5315e+00 -3.8898e+00 -1.2932e+01
# New trial
-4.5884e+00 -4.3531e+00 -2.6196e+00 -2.5044e+00
-4.5806e+00 -4.2792e+00 -2.4056e+00 -4.6820e+00
-4.5807e+00 -4.2811e+00 -2.5124e+00 -1.3558e+01
-4.6084e+00 -4.5486e+00 -4.0037e+00 -3.6680e+00
# New trial
-4.5968e+00 -4.4327e+00 -2.9038e+00 -8.0106e-03
-4.5912e+00 -4.3778e+00 -2.5097e+00 -7.0871e-02
-4.5838e+00 -4.3047e+00 -1.8999e+00 -1.0091e-02
-4.5954e+00 -4.4197e+00 -2.8373e+00 -6.6016e+00
# New trial
-4.5516e+00 -4.0168e+00 -1.2748e+00 -2.7809e-03
-4.5676e+00 -4.1952e+00 -3.3519e+00 -1.3559e+01
-4.6037e+00 -4.5359e+00 -6.1117e+00 -4.5277e+01
-4.6142e+00 -4.6116e+00 -4.8153e+00 -2.3412e+01
# New trial
-4.5936e+00 -4.4039e+00 -2.9206e+00 -2.0323e-01
-4.5828e+00 -4.3006e+00 -2.4007e+00 -5.7790e-02
-4.5821e+00 -4.2947e+00 -2.5222e+00 -1.3462e+01
-4.6112e+00 -4.5770e+00 -4.4267e+00 -2.7752e+01
# New trial
-4.5889e+00 -4.3553e+00 -2.3113e+00 -2.4953e-03
-4.5817e+00 -4.2846e+00 -1.8534e+00 -1.1088e-03
-4.5624e+00 -4.0930e+00 -5.6447e-01 -1.2065e-11
-4.5924e+00 -4.3891e+00 -2.4955e+00 -3.7899e-01
# New trial
-4.5924e+00 -4.3898e+00 -2.6228e+00 -5.0817e-02
-4.5822e+00 -4.2910e+00 -2.1068e+00 -8.2220e-02
-4.5713e+00 -4.1846e+00 -1.3958e+00 -4.7324e-03
-4.5956e+00 -4.4214e+00 -2.8020e+00 -2.8384e-01
# New trial
-4.5912e+00 -4.3793e+00 -2.6547e+00 -4.6948e-01
-4.5837e+00 -4.3075e+00 -2.3635e+00 -4.7957e-01
-4.5826e+00 -4.2981e+00 -2.6497e+00 -1.2634e+01
-4.6071e+00 -4.5380e+00 -4.0771e+00 -1.8249e+01
# New trial
-4.5971e+00 -4.4361e+00 -3.0400e+00 -3.3272e-01
-4.5923e+00 -4.3892e+00 -2.6432e+00 -2.9165e-02
-4.5844e+00 -4.3105e+00 -1.9298e+00 -1.2988e-02
-4.6045e+00 -4.5100e+00 -3.6408e+00 -5.9667e+00
# New trial
-4.5923e+00 -4.3908e+00 -2.8198e+00 -3.2141e-01
-4.5883e+00 -4.3522e+00 -2.6139e+00 -7.8444e-01
-4.5965e+00 -4.4342e+00 -3.5333e+00 -2.0293e+01
-4.6137e+00 -4.6021e+00 -4.6592e+00 -2.8197e+01
# New trial
