# 0.01sig - Array shape (trial/sig/alpha): (30L, 4L, 4L)
-4.6472e+00 -4.9800e+00 -1.1727e+01 -9.9581e+01
-4.6466e+00 -4.9564e+00 -1.0353e+01 -8.5465e+01
-4.6316e+00 -4.7857e+00 -6.9209e+00 -4.8275e+01
-4.6152e+00 -4.6163e+00 -4.6666e+00 -9.0899e+00
# New trial
-4.6433e+00 -4.9462e+00 -1.1939e+01 -1.0329e+02
-4.6339e+00 -4.8190e+00 -7.8863e+00 -5.1685e+01
-4.6165e+00 -4.6315e+00 -4.9729e+00 -1.8835e+01
-4.6149e+00 -4.6132e+00 -4.6068e+00 -4.8099e+00
# New trial
-4.6049e+00 -4.5868e+00 -8.3567e+00 -6.3748e+01
-4.6057e+00 -4.5533e+00 -5.7147e+00 -3.4105e+01
-4.6126e+00 -4.5999e+00 -5.3379e+00 -3.8519e+01
-4.6150e+00 -4.6150e+00 -4.8225e+00 -3.1516e+01
# New trial
-4.6227e+00 -4.7998e+00 -1.1908e+01 -1.0249e+02
-4.6169e+00 -4.7112e+00 -9.8621e+00 -8.0746e+01
-4.6155e+00 -4.6341e+00 -6.2016e+00 -4.7506e+01
-4.6149e+00 -4.6149e+00 -4.7415e+00 -2.1934e+01
# New trial
-4.6425e+00 -4.9164e+00 -9.8215e+00 -8.0297e+01
-4.6434e+00 -4.9182e+00 -9.4466e+00 -7.8419e+01
-4.6186e+00 -4.6533e+00 -5.2932e+00 -3.0105e+01
-4.6153e+00 -4.6174e+00 -4.6793e+00 -1.5328e+01
# New trial
-4.6052e+00 -4.5899e+00 -8.9888e+00 -7.5580e+01
-4.6012e+00 -4.5094e+00 -5.2459e+00 -2.7258e+01
-4.6138e+00 -4.6065e+00 -4.9449e+00 -2.3508e+01
-4.6153e+00 -4.6166e+00 -4.6404e+00 -8.9928e+00
# New trial
-4.5200e+00 -3.7615e+00 -2.0146e+00 -4.7020e+00
-4.5764e+00 -4.2576e+00 -2.8812e+00 -5.0163e+00
-4.6103e+00 -4.5714e+00 -4.4561e+00 -1.2149e+01
-4.6144e+00 -4.6094e+00 -4.6091e+00 -9.5792e+00
# New trial
-4.5837e+00 -4.3945e+00 -6.9455e+00 -5.4668e+01
-4.5954e+00 -4.4654e+00 -5.5588e+00 -3.4129e+01
-4.6128e+00 -4.5978e+00 -4.7935e+00 -1.7586e+01
-4.6148e+00 -4.6141e+00 -4.7100e+00 -1.9300e+01
# New trial
-4.6035e+00 -4.5463e+00 -7.8170e+00 -6.2524e+01
-4.6100e+00 -4.5946e+00 -6.6034e+00 -4.8673e+01
-4.6129e+00 -4.6008e+00 -4.8448e+00 -2.4886e+01
-4.6147e+00 -4.6118e+00 -4.6161e+00 -6.7950e+00
# New trial
-4.6211e+00 -4.7086e+00 -8.7057e+00 -7.2629e+01
-4.6143e+00 -4.6184e+00 -6.2186e+00 -5.0998e+01
-4.6141e+00 -4.6067e+00 -4.7232e+00 -1.5552e+01
-4.6150e+00 -4.6144e+00 -4.6142e+00 -5.2255e+00
# New trial
-4.5712e+00 -4.1980e+00 -2.7959e+00 -1.1325e+01
-4.5993e+00 -4.4670e+00 -4.0060e+00 -1.3898e+01
-4.6126e+00 -4.5938e+00 -4.7337e+00 -2.2370e+01
-4.6146e+00 -4.6106e+00 -4.6099e+00 -8.9079e+00
# New trial
-4.6134e+00 -4.5987e+00 -4.5379e+00 -9.8183e+00
-4.6143e+00 -4.6069e+00 -4.5768e+00 -9.3269e+00
-4.6148e+00 -4.6117e+00 -4.5966e+00 -8.7212e+00
-4.6151e+00 -4.6147e+00 -4.6117e+00 -4.6432e+00
# New trial
-4.6243e+00 -4.7342e+00 -9.7082e+00 -8.2105e+01
-4.6172e+00 -4.6492e+00 -6.5820e+00 -4.7737e+01
-4.6140e+00 -4.6062e+00 -4.7213e+00 -1.4204e+01
-4.6152e+00 -4.6159e+00 -4.6496e+00 -1.0800e+01
# New trial
-4.6137e+00 -4.6039e+00 -4.9408e+00 -2.5407e+01
-4.6131e+00 -4.5981e+00 -4.7969e+00 -2.1703e+01
-4.6146e+00 -4.6116e+00 -4.7529e+00 -2.1056e+01
-4.6152e+00 -4.6166e+00 -4.6542e+00 -1.4929e+01
# New trial
-4.6180e+00 -4.6544e+00 -5.9925e+00 -3.2650e+01
-4.6158e+00 -4.6258e+00 -5.1972e+00 -2.6258e+01
-4.6146e+00 -4.6103e+00 -4.6374e+00 -1.3169e+01
-4.6150e+00 -4.6138e+00 -4.6042e+00 -4.6092e+00
# New trial
-4.6149e+00 -4.6825e+00 -9.4048e+00 -7.9706e+01
-4.6014e+00 -4.5115e+00 -5.4312e+00 -2.9093e+01
-4.6122e+00 -4.5920e+00 -4.7961e+00 -2.1788e+01
-4.6145e+00 -4.6097e+00 -4.6126e+00 -5.5883e+00
# New trial
-4.5581e+00 -4.1102e+00 -2.6219e+00 -3.0983e+00
-4.5783e+00 -4.2948e+00 -3.4807e+00 -9.4867e+00
-4.6123e+00 -4.5957e+00 -5.1909e+00 -3.6636e+01
-4.6153e+00 -4.6191e+00 -4.8024e+00 -2.2557e+01
# New trial
-4.6385e+00 -4.9785e+00 -1.4578e+01 -1.2708e+02
-4.6192e+00 -4.6910e+00 -8.0795e+00 -6.5489e+01
-4.6158e+00 -4.6279e+00 -5.7872e+00 -5.0831e+01
-4.6152e+00 -4.6169e+00 -4.9289e+00 -3.6026e+01
# New trial
-4.6286e+00 -4.7611e+00 -7.3922e+00 -5.2060e+01
-4.6236e+00 -4.7043e+00 -5.9178e+00 -3.1970e+01
-4.6153e+00 -4.6177e+00 -4.7248e+00 -1.0782e+01
-4.6149e+00 -4.6130e+00 -4.5982e+00 -4.6064e+00
# New trial
-4.5942e+00 -4.4119e+00 -3.5360e+00 -1.5603e+01
-4.6078e+00 -4.5458e+00 -4.3582e+00 -1.7554e+01
-4.6141e+00 -4.6064e+00 -4.6647e+00 -1.8828e+01
-4.6147e+00 -4.6115e+00 -4.5967e+00 -8.5357e+00
# New trial
-4.6137e+00 -4.6108e+00 -6.2970e+00 -5.1429e+01
-4.6084e+00 -4.5527e+00 -4.4542e+00 -1.6195e+01
-4.6121e+00 -4.5856e+00 -4.4245e+00 -1.2213e+01
-4.6148e+00 -4.6121e+00 -4.5972e+00 -5.4597e+00
# New trial
-4.5781e+00 -4.2992e+00 -6.1843e+00 -4.7798e+01
-4.5864e+00 -4.3515e+00 -3.8833e+00 -1.7086e+01
-4.6075e+00 -4.5446e+00 -4.6355e+00 -2.9346e+01
-4.6152e+00 -4.6166e+00 -4.6709e+00 -1.5056e+01
# New trial
-4.6101e+00 -4.5854e+00 -6.7633e+00 -5.3656e+01
-4.6113e+00 -4.5858e+00 -5.1879e+00 -2.6299e+01
-4.6132e+00 -4.5981e+00 -4.5891e+00 -1.0008e+01
-4.6146e+00 -4.6107e+00 -4.5905e+00 -5.2336e+00
# New trial
-4.6525e+00 -5.0752e+00 -1.3441e+01 -1.1255e+02
-4.6397e+00 -4.9159e+00 -1.0461e+01 -8.1911e+01
-4.6159e+00 -4.6306e+00 -5.2141e+00 -2.3148e+01
-4.6150e+00 -4.6148e+00 -4.6507e+00 -8.2853e+00
# New trial
-4.6138e+00 -4.6165e+00 -6.2800e+00 -5.3088e+01
-4.6081e+00 -4.5555e+00 -4.8269e+00 -2.2270e+01
-4.6126e+00 -4.5928e+00 -4.6820e+00 -2.3187e+01
-4.6153e+00 -4.6172e+00 -4.6496e+00 -1.2035e+01
# New trial
-4.5744e+00 -4.2424e+00 -3.8047e+00 -2.5125e+01
-4.5828e+00 -4.3103e+00 -2.9363e+00 -2.7093e+00
-4.6078e+00 -4.5441e+00 -4.0722e+00 -4.9967e+00
-4.6148e+00 -4.6123e+00 -4.6248e+00 -1.5576e+01
# New trial
-4.6509e+00 -5.0287e+00 -1.2374e+01 -1.0277e+02
-4.6488e+00 -4.9861e+00 -1.0486e+01 -8.1753e+01
-4.6234e+00 -4.7039e+00 -5.9769e+00 -3.3789e+01
-4.6154e+00 -4.6180e+00 -4.6713e+00 -1.4029e+01
# New trial
-4.6069e+00 -4.5828e+00 -8.6186e+00 -7.3945e+01
-4.5977e+00 -4.4744e+00 -5.2176e+00 -3.1347e+01
-4.6105e+00 -4.5761e+00 -4.7121e+00 -2.2335e+01
-4.6146e+00 -4.6116e+00 -4.6355e+00 -1.2964e+01
# New trial
-4.5588e+00 -4.1232e+00 -3.6167e+00 -1.8932e+01
-4.6002e+00 -4.4787e+00 -4.2102e+00 -1.7999e+01
-4.6131e+00 -4.5965e+00 -4.6349e+00 -2.2504e+01
-4.6148e+00 -4.6126e+00 -4.6167e+00 -1.3664e+01
# New trial
-4.6492e+00 -5.0357e+00 -1.5538e+01 -1.4827e+02
-4.6367e+00 -4.8602e+00 -9.2466e+00 -7.2225e+01
-4.6184e+00 -4.6519e+00 -5.3986e+00 -3.4059e+01
-4.6148e+00 -4.6124e+00 -4.6056e+00 -6.7987e+00
# New trial
