# 0.01sig - Array shape (trial/sig/alpha): (30L, 4L, 4L)
-4.5712e+00 -4.1982e+00 -2.5123e+00 -2.5558e+00
-4.5929e+00 -4.4026e+00 -3.4450e+00 -9.7248e+00
-4.6117e+00 -4.5825e+00 -4.4156e+00 -1.4479e+01
-4.6149e+00 -4.6133e+00 -4.6014e+00 -4.6364e+00
# New trial
-4.5628e+00 -4.1946e+00 -5.3047e+00 -3.4500e+01
-4.5884e+00 -4.3741e+00 -3.5252e+00 -2.9737e+00
-4.6120e+00 -4.5866e+00 -4.4974e+00 -9.3204e+00
-4.6151e+00 -4.6149e+00 -4.6343e+00 -9.3741e+00
# New trial
-4.6251e+00 -4.8250e+00 -1.3013e+01 -1.2014e+02
-4.6093e+00 -4.6109e+00 -6.8167e+00 -4.7940e+01
-4.6139e+00 -4.6143e+00 -5.2701e+00 -3.1227e+01
-4.6152e+00 -4.6164e+00 -4.7821e+00 -2.9413e+01
# New trial
-4.5678e+00 -4.1789e+00 -2.7156e+00 -3.0875e+00
-4.5985e+00 -4.4647e+00 -4.4449e+00 -2.3931e+01
-4.6138e+00 -4.6070e+00 -5.3275e+00 -4.0159e+01
-4.6149e+00 -4.6135e+00 -4.6594e+00 -1.6998e+01
# New trial
-4.5995e+00 -4.5009e+00 -6.2151e+00 -4.0451e+01
-4.6000e+00 -4.4854e+00 -4.6186e+00 -2.1522e+01
-4.6131e+00 -4.5979e+00 -4.8165e+00 -2.4549e+01
-4.6154e+00 -4.6177e+00 -4.6672e+00 -1.3170e+01
# New trial
-4.5493e+00 -4.1580e+00 -5.0080e+00 -2.6724e+01
-4.5863e+00 -4.3625e+00 -3.3187e+00 -5.0321e+00
-4.6138e+00 -4.6058e+00 -4.9657e+00 -2.8309e+01
-4.6153e+00 -4.6171e+00 -4.6469e+00 -1.0378e+01
# New trial
-4.5963e+00 -4.4637e+00 -5.3023e+00 -2.9421e+01
-4.6034e+00 -4.5188e+00 -5.2029e+00 -3.0347e+01
-4.6131e+00 -4.5983e+00 -4.7373e+00 -2.7111e+01
-4.6146e+00 -4.6104e+00 -4.6048e+00 -6.2412e+00
# New trial
-4.6117e+00 -4.6218e+00 -7.4934e+00 -5.7737e+01
-4.6110e+00 -4.5938e+00 -5.6089e+00 -3.3459e+01
-4.6144e+00 -4.6132e+00 -4.8921e+00 -1.9845e+01
-4.6147e+00 -4.6133e+00 -4.7079e+00 -2.0034e+01
# New trial
-4.5745e+00 -4.3019e+00 -5.2695e+00 -3.3012e+01
-4.5795e+00 -4.2986e+00 -3.4474e+00 -1.4768e+01
-4.5952e+00 -4.4253e+00 -3.1681e+00 -8.2996e+00
-4.6135e+00 -4.5997e+00 -4.5026e+00 -1.1374e+01
# New trial
-4.5879e+00 -4.4142e+00 -7.0451e+00 -5.1284e+01
-4.5957e+00 -4.4330e+00 -3.7848e+00 -1.7823e+01
-4.6135e+00 -4.6007e+00 -4.7271e+00 -2.6433e+01
-4.6155e+00 -4.6194e+00 -4.8269e+00 -3.1817e+01
# New trial
-4.6279e+00 -4.7759e+00 -9.1236e+00 -7.1516e+01
-4.6152e+00 -4.6301e+00 -5.6094e+00 -2.5609e+01
-4.6135e+00 -4.6028e+00 -4.7417e+00 -2.0026e+01
-4.6150e+00 -4.6143e+00 -4.6230e+00 -8.2961e+00
# New trial
-4.6184e+00 -4.6497e+00 -5.1772e+00 -2.0374e+01
-4.6163e+00 -4.6280e+00 -4.8631e+00 -1.3415e+01
-4.6146e+00 -4.6105e+00 -4.5990e+00 -8.8616e+00
-4.6151e+00 -4.6151e+00 -4.6154e+00 -4.6904e+00
# New trial
-4.6488e+00 -4.9984e+00 -1.1565e+01 -9.3471e+01
-4.6339e+00 -4.8248e+00 -8.2608e+00 -6.2850e+01
-4.6158e+00 -4.6257e+00 -5.0784e+00 -2.5560e+01
-4.6155e+00 -4.6199e+00 -4.7552e+00 -2.3254e+01
# New trial
-4.6047e+00 -4.5164e+00 -4.2674e+00 -1.5803e+01
-4.6086e+00 -4.5517e+00 -4.1490e+00 -8.9216e+00
-4.6144e+00 -4.6082e+00 -4.5776e+00 -9.9455e+00
-4.6152e+00 -4.6162e+00 -4.6296e+00 -7.4587e+00
# New trial
-4.6357e+00 -4.8409e+00 -8.8020e+00 -6.3019e+01
-4.6316e+00 -4.7885e+00 -7.1599e+00 -4.4758e+01
-4.6177e+00 -4.6425e+00 -5.0280e+00 -2.0025e+01
-4.6150e+00 -4.6138e+00 -4.6050e+00 -4.6467e+00
# New trial
-4.6189e+00 -4.6541e+00 -5.1249e+00 -1.7888e+01
-4.6175e+00 -4.6387e+00 -4.8804e+00 -1.0311e+01
-4.6154e+00 -4.6180e+00 -4.6473e+00 -5.3152e+00
-4.6151e+00 -4.6149e+00 -4.6131e+00 -4.5998e+00
# New trial
-4.6126e+00 -4.6711e+00 -9.2591e+00 -7.0233e+01
-4.6120e+00 -4.6131e+00 -6.1396e+00 -3.9031e+01
-4.6153e+00 -4.6197e+00 -4.8693e+00 -2.3188e+01
-4.6155e+00 -4.6189e+00 -4.6787e+00 -1.5163e+01
# New trial
-4.6932e+00 -5.5509e+00 -1.9534e+01 -1.7603e+02
-4.6763e+00 -5.2738e+00 -1.3189e+01 -1.0409e+02
-4.6306e+00 -4.7773e+00 -6.7177e+00 -4.8334e+01
-4.6145e+00 -4.6107e+00 -4.7427e+00 -2.7636e+01
# New trial
-4.6014e+00 -4.5191e+00 -6.0260e+00 -3.8284e+01
-4.6009e+00 -4.4847e+00 -3.9467e+00 -4.7729e+00
-4.6097e+00 -4.5636e+00 -4.2214e+00 -5.4481e+00
-4.6149e+00 -4.6130e+00 -4.6059e+00 -7.3872e+00
# New trial
-4.6181e+00 -4.6467e+00 -5.2737e+00 -2.7722e+01
-4.6161e+00 -4.6268e+00 -4.9683e+00 -2.1489e+01
-4.6146e+00 -4.6100e+00 -4.6276e+00 -1.5570e+01
-4.6149e+00 -4.6135e+00 -4.6053e+00 -6.3225e+00
# New trial
-4.6108e+00 -4.5741e+00 -4.4542e+00 -1.2732e+01
-4.6126e+00 -4.5911e+00 -4.4617e+00 -8.8889e+00
-4.6145e+00 -4.6087e+00 -4.5715e+00 -7.2681e+00
-4.6150e+00 -4.6140e+00 -4.6066e+00 -4.6780e+00
# New trial
-4.6426e+00 -4.9515e+00 -1.1952e+01 -1.0060e+02
-4.6266e+00 -4.7499e+00 -7.1542e+00 -4.1869e+01
-4.6098e+00 -4.5662e+00 -4.3280e+00 -1.3098e+01
-4.6145e+00 -4.6095e+00 -4.5791e+00 -5.6132e+00
# New trial
-4.5896e+00 -4.3729e+00 -3.4703e+00 -1.2345e+01
-4.6053e+00 -4.5212e+00 -4.1121e+00 -1.3739e+01
-4.6141e+00 -4.6060e+00 -4.6461e+00 -1.6703e+01
-4.6151e+00 -4.6155e+00 -4.6369e+00 -1.1780e+01
# New trial
-4.5726e+00 -4.3332e+00 -7.2747e+00 -5.3436e+01
-4.5954e+00 -4.4588e+00 -4.8842e+00 -2.1485e+01
-4.6128e+00 -4.5987e+00 -4.7479e+00 -1.8083e+01
-4.6148e+00 -4.6134e+00 -4.6400e+00 -8.8957e+00
# New trial
-4.6128e+00 -4.5927e+00 -4.4665e+00 -9.3660e+00
-4.6144e+00 -4.6083e+00 -4.5727e+00 -6.7087e+00
-4.6150e+00 -4.6143e+00 -4.6116e+00 -5.8863e+00
-4.6151e+00 -4.6147e+00 -4.6119e+00 -4.6485e+00
# New trial
-4.5819e+00 -4.3285e+00 -5.3647e+00 -3.9073e+01
-4.5953e+00 -4.4344e+00 -3.8681e+00 -7.0281e+00
-4.6086e+00 -4.5539e+00 -4.1728e+00 -5.0253e+00
-4.6147e+00 -4.6110e+00 -4.6073e+00 -1.0660e+01
# New trial
-4.6259e+00 -4.7349e+00 -7.1447e+00 -5.2280e+01
-4.6202e+00 -4.6735e+00 -6.0500e+00 -3.8691e+01
-4.6149e+00 -4.6137e+00 -4.8345e+00 -3.2686e+01
-4.6152e+00 -4.6158e+00 -4.6339e+00 -1.2640e+01
# New trial
-4.5811e+00 -4.3037e+00 -3.9747e+00 -1.9494e+01
-4.6027e+00 -4.4988e+00 -4.0115e+00 -9.0748e+00
-4.6135e+00 -4.5998e+00 -4.5362e+00 -7.2949e+00
-4.6150e+00 -4.6139e+00 -4.6064e+00 -4.6080e+00
# New trial
-4.6500e+00 -5.0333e+00 -1.2524e+01 -1.0420e+02
-4.6280e+00 -4.7564e+00 -7.0697e+00 -4.6958e+01
-4.6143e+00 -4.6088e+00 -4.6503e+00 -1.0319e+01
-4.6148e+00 -4.6119e+00 -4.5919e+00 -4.5839e+00
# New trial
-4.6263e+00 -4.7445e+00 -8.7458e+00 -7.5709e+01
-4.6242e+00 -4.7135e+00 -6.8085e+00 -5.0623e+01
-4.6168e+00 -4.6331e+00 -4.9680e+00 -2.7334e+01
-4.6150e+00 -4.6142e+00 -4.6094e+00 -5.2346e+00
# New trial
