# 0.1sig - Array shape (trial/sig/alpha): (30L, 4L, 4L)
-4.6254e+00 -4.7729e+00 -9.7688e+00 -8.3225e+01
-4.6103e+00 -4.5998e+00 -6.3940e+00 -4.6021e+01
-4.6076e+00 -4.5523e+00 -5.3952e+00 -4.1446e+01
-4.6146e+00 -4.6114e+00 -4.6906e+00 -2.0118e+01
# New trial
-4.6593e+00 -5.1153e+00 -1.3079e+01 -1.1130e+02
-4.6722e+00 -5.2351e+00 -1.3139e+01 -1.0449e+02
-4.6290e+00 -4.7669e+00 -6.7747e+00 -4.0667e+01
-4.6148e+00 -4.6131e+00 -4.6720e+00 -1.4340e+01
# New trial
-4.6380e+00 -4.8962e+00 -1.1730e+01 -9.8292e+01
-4.6315e+00 -4.7991e+00 -8.4861e+00 -6.7603e+01
-4.6168e+00 -4.6360e+00 -5.2791e+00 -3.6293e+01
-4.6148e+00 -4.6118e+00 -4.6015e+00 -6.2628e+00
# New trial
-4.6150e+00 -4.6524e+00 -9.1868e+00 -8.0885e+01
-4.6072e+00 -4.5492e+00 -5.2563e+00 -3.7091e+01
-4.6094e+00 -4.5611e+00 -4.3614e+00 -1.6626e+01
-4.6142e+00 -4.6068e+00 -4.5821e+00 -6.0939e+00
# New trial
-4.6044e+00 -4.5702e+00 -9.0439e+00 -7.5670e+01
-4.5925e+00 -4.4171e+00 -4.3481e+00 -2.2366e+01
-4.6042e+00 -4.5150e+00 -4.1749e+00 -2.0922e+01
-4.6148e+00 -4.6134e+00 -4.8148e+00 -3.2220e+01
# New trial
-4.6364e+00 -4.8509e+00 -9.0118e+00 -6.9055e+01
-4.6338e+00 -4.8203e+00 -8.0628e+00 -5.4698e+01
-4.6148e+00 -4.6180e+00 -5.0332e+00 -2.1359e+01
-4.6144e+00 -4.6085e+00 -4.5855e+00 -6.0538e+00
# New trial
-4.6178e+00 -4.6634e+00 -6.9912e+00 -4.9075e+01
-4.6127e+00 -4.6058e+00 -5.7237e+00 -3.5498e+01
-4.6135e+00 -4.6039e+00 -5.0544e+00 -2.7807e+01
-4.6154e+00 -4.6176e+00 -4.6599e+00 -1.1600e+01
# New trial
-4.6201e+00 -4.7309e+00 -1.2245e+01 -1.1184e+02
-4.6103e+00 -4.5869e+00 -6.3128e+00 -4.2123e+01
-4.6119e+00 -4.5856e+00 -4.5704e+00 -1.9465e+01
-4.6149e+00 -4.6130e+00 -4.6005e+00 -5.1897e+00
# New trial
-4.5286e+00 -3.8651e+00 -1.6585e+00 -5.0074e-01
-4.5772e+00 -4.3034e+00 -3.8486e+00 -1.4271e+01
-4.6149e+00 -4.6292e+00 -5.7398e+00 -4.0203e+01
-4.6152e+00 -4.6172e+00 -4.7802e+00 -2.5541e+01
# New trial
-4.6249e+00 -4.7445e+00 -8.2510e+00 -6.6615e+01
-4.6213e+00 -4.7003e+00 -7.4188e+00 -5.6741e+01
-4.6153e+00 -4.6232e+00 -5.3439e+00 -2.9404e+01
-4.6148e+00 -4.6123e+00 -4.6313e+00 -9.6424e+00
# New trial
-4.5596e+00 -4.1337e+00 -2.9750e+00 -3.1634e+00
-4.5715e+00 -4.2232e+00 -3.0002e+00 -1.0579e+01
-4.6071e+00 -4.5475e+00 -4.5742e+00 -1.8091e+01
-4.6150e+00 -4.6151e+00 -4.6690e+00 -1.0749e+01
# New trial
-4.6340e+00 -4.8557e+00 -1.2542e+01 -1.1166e+02
-4.6265e+00 -4.7605e+00 -9.0609e+00 -7.0636e+01
-4.6141e+00 -4.6109e+00 -5.1628e+00 -3.3772e+01
-4.6150e+00 -4.6139e+00 -4.6454e+00 -1.6596e+01
# New trial
-4.6095e+00 -4.6423e+00 -1.0561e+01 -9.0306e+01
-4.6082e+00 -4.5795e+00 -6.1805e+00 -3.5484e+01
-4.6125e+00 -4.5966e+00 -4.8969e+00 -2.2659e+01
-4.6147e+00 -4.6120e+00 -4.6328e+00 -8.1750e+00
# New trial
-4.6151e+00 -4.6284e+00 -5.9557e+00 -3.3676e+01
-4.6162e+00 -4.6320e+00 -5.4264e+00 -3.6153e+01
-4.6152e+00 -4.6176e+00 -4.8869e+00 -2.7252e+01
-4.6148e+00 -4.6120e+00 -4.6133e+00 -8.1819e+00
# New trial
-4.5546e+00 -4.1098e+00 -3.5365e+00 -1.4448e+01
-4.5849e+00 -4.3785e+00 -5.1684e+00 -3.7764e+01
-4.6132e+00 -4.6110e+00 -5.4778e+00 -3.2623e+01
-4.6161e+00 -4.6259e+00 -5.0235e+00 -3.2875e+01
# New trial
-4.6587e+00 -5.1031e+00 -1.2959e+01 -1.1960e+02
-4.6527e+00 -5.0225e+00 -1.1743e+01 -1.1262e+02
-4.6268e+00 -4.7421e+00 -7.2792e+00 -6.1289e+01
-4.6159e+00 -4.6237e+00 -4.8557e+00 -2.7943e+01
# New trial
-4.5714e+00 -4.2464e+00 -5.4545e+00 -3.9870e+01
-4.5970e+00 -4.4720e+00 -5.4976e+00 -3.5083e+01
-4.6129e+00 -4.6002e+00 -5.0400e+00 -2.5995e+01
-4.6147e+00 -4.6114e+00 -4.6207e+00 -9.2090e+00
# New trial
-4.6166e+00 -4.6437e+00 -7.4833e+00 -6.4164e+01
-4.6129e+00 -4.5988e+00 -5.3440e+00 -3.5125e+01
-4.6139e+00 -4.6037e+00 -4.6089e+00 -1.8703e+01
-4.6154e+00 -4.6184e+00 -4.7732e+00 -2.8677e+01
# New trial
-4.5873e+00 -4.3492e+00 -3.1123e+00 -3.0536e+00
-4.6038e+00 -4.5124e+00 -4.5105e+00 -1.8867e+01
-4.6141e+00 -4.6088e+00 -5.0187e+00 -3.0211e+01
-4.6151e+00 -4.6156e+00 -4.6930e+00 -1.9710e+01
# New trial
-4.5728e+00 -4.2591e+00 -6.0020e+00 -4.5150e+01
-4.5723e+00 -4.2170e+00 -2.7354e+00 -3.8652e+00
-4.5943e+00 -4.4166e+00 -3.3028e+00 -1.5986e+01
-4.6136e+00 -4.6014e+00 -4.5811e+00 -2.0171e+01
# New trial
-4.6237e+00 -4.7494e+00 -1.0593e+01 -8.9349e+01
-4.6191e+00 -4.6773e+00 -7.2460e+00 -5.3948e+01
-4.6156e+00 -4.6271e+00 -5.5192e+00 -3.9873e+01
-4.6149e+00 -4.6139e+00 -4.6563e+00 -1.5830e+01
# New trial
-4.6148e+00 -4.6450e+00 -7.7851e+00 -5.9220e+01
-4.6068e+00 -4.5562e+00 -5.7306e+00 -3.3900e+01
-4.6115e+00 -4.5856e+00 -4.9139e+00 -2.9124e+01
-4.6146e+00 -4.6114e+00 -4.6263e+00 -1.1821e+01
# New trial
-4.6144e+00 -4.6257e+00 -6.9448e+00 -5.6109e+01
-4.6119e+00 -4.5957e+00 -5.7592e+00 -3.8841e+01
-4.6149e+00 -4.6173e+00 -5.0604e+00 -3.0740e+01
-4.6155e+00 -4.6192e+00 -4.7167e+00 -1.9825e+01
# New trial
-4.6229e+00 -4.7009e+00 -6.5183e+00 -3.9768e+01
-4.6193e+00 -4.6614e+00 -5.7711e+00 -3.9970e+01
-4.6140e+00 -4.6053e+00 -4.7018e+00 -2.3004e+01
-4.6151e+00 -4.6148e+00 -4.6195e+00 -6.4832e+00
# New trial
-4.5487e+00 -3.9918e+00 -2.9866e+00 -1.8491e+01
-4.5765e+00 -4.2440e+00 -2.4487e+00 -7.8669e-01
-4.6072e+00 -4.5379e+00 -4.0577e+00 -1.5944e+01
-4.6147e+00 -4.6111e+00 -4.6026e+00 -1.1321e+01
# New trial
-4.5933e+00 -4.4632e+00 -6.8817e+00 -4.3632e+01
-4.5939e+00 -4.4142e+00 -3.8040e+00 -2.0822e+01
-4.6126e+00 -4.5907e+00 -4.5982e+00 -2.8307e+01
-4.6153e+00 -4.6172e+00 -4.6422e+00 -9.0297e+00
# New trial
-4.6149e+00 -4.6279e+00 -6.5616e+00 -5.2962e+01
-4.6071e+00 -4.5450e+00 -4.8939e+00 -2.5901e+01
-4.6120e+00 -4.5869e+00 -4.6326e+00 -1.8042e+01
-4.6152e+00 -4.6156e+00 -4.6443e+00 -1.0625e+01
# New trial
-4.6594e+00 -5.1299e+00 -1.3824e+01 -1.1693e+02
-4.6501e+00 -5.0049e+00 -1.1116e+01 -9.7125e+01
-4.6222e+00 -4.6975e+00 -6.4943e+00 -4.6847e+01
-4.6155e+00 -4.6192e+00 -4.6869e+00 -1.2496e+01
# New trial
-4.6302e+00 -4.7913e+00 -9.4204e+00 -8.0559e+01
-4.6291e+00 -4.7725e+00 -8.6233e+00 -7.5028e+01
-4.6185e+00 -4.6524e+00 -5.3740e+00 -3.1700e+01
-4.6149e+00 -4.6132e+00 -4.6035e+00 -6.2368e+00
# New trial
-4.6175e+00 -4.6593e+00 -7.6272e+00 -6.7390e+01
-4.6096e+00 -4.5734e+00 -5.6174e+00 -4.1318e+01
-4.6115e+00 -4.5816e+00 -4.5241e+00 -1.4995e+01
-4.6151e+00 -4.6149e+00 -4.6287e+00 -1.0160e+01
# New trial
