# 0.01sig - Array shape (trial/sig/alpha): (30L, 4L, 4L)
-4.5815e+00 -4.3201e+00 -4.6828e+00 -2.7984e+01
-4.5985e+00 -4.4750e+00 -5.2111e+00 -3.1524e+01
-4.6138e+00 -4.6095e+00 -5.2436e+00 -2.8894e+01
-4.6147e+00 -4.6122e+00 -4.7570e+00 -2.7416e+01
# New trial
-4.6199e+00 -4.7206e+00 -1.0147e+01 -8.3477e+01
-4.6142e+00 -4.6536e+00 -8.5652e+00 -6.6910e+01
-4.6114e+00 -4.5878e+00 -4.9840e+00 -2.8252e+01
-4.6149e+00 -4.6134e+00 -4.6576e+00 -1.2590e+01
# New trial
-4.5679e+00 -4.1934e+00 -3.2901e+00 -1.0791e+01
-4.5877e+00 -4.3673e+00 -3.8175e+00 -1.6200e+01
-4.6125e+00 -4.5968e+00 -5.2483e+00 -3.8731e+01
-4.6150e+00 -4.6146e+00 -4.7723e+00 -2.8993e+01
# New trial
-4.6158e+00 -4.7296e+00 -1.1395e+01 -9.6766e+01
-4.6162e+00 -4.7075e+00 -1.0008e+01 -8.2235e+01
-4.6163e+00 -4.6448e+00 -6.2917e+00 -4.7725e+01
-4.6147e+00 -4.6133e+00 -4.7305e+00 -2.0759e+01
# New trial
-4.6209e+00 -4.7068e+00 -7.8416e+00 -5.5359e+01
-4.6179e+00 -4.6686e+00 -6.8132e+00 -4.8644e+01
-4.6139e+00 -4.6084e+00 -4.9708e+00 -2.7147e+01
-4.6152e+00 -4.6165e+00 -4.6902e+00 -1.5632e+01
# New trial
-4.6024e+00 -4.5547e+00 -8.8152e+00 -7.3271e+01
-4.5899e+00 -4.3935e+00 -4.1062e+00 -1.7819e+01
-4.6077e+00 -4.5479e+00 -4.5154e+00 -2.2034e+01
-4.6151e+00 -4.6151e+00 -4.6454e+00 -9.9448e+00
# New trial
-4.6248e+00 -4.7581e+00 -9.5703e+00 -7.8676e+01
-4.6118e+00 -4.6214e+00 -7.3615e+00 -5.1636e+01
-4.6109e+00 -4.5814e+00 -4.7581e+00 -2.0709e+01
-4.6144e+00 -4.6092e+00 -4.6214e+00 -7.8760e+00
# New trial
-4.5265e+00 -3.8491e+00 -2.2093e+00 -1.5476e+00
-4.5857e+00 -4.3660e+00 -4.4846e+00 -2.3485e+01
-4.6129e+00 -4.5986e+00 -4.8205e+00 -2.1317e+01
-4.6147e+00 -4.6123e+00 -4.6476e+00 -1.3524e+01
# New trial
-4.6529e+00 -5.0393e+00 -1.2645e+01 -1.1306e+02
-4.6497e+00 -4.9954e+00 -1.1165e+01 -9.7556e+01
-4.6204e+00 -4.6754e+00 -5.7518e+00 -3.5998e+01
-4.6150e+00 -4.6148e+00 -4.6439e+00 -1.0904e+01
# New trial
-4.6271e+00 -4.7570e+00 -7.8083e+00 -5.2491e+01
-4.6216e+00 -4.6934e+00 -6.8030e+00 -4.7341e+01
-4.6152e+00 -4.6199e+00 -5.3785e+00 -3.9628e+01
-4.6153e+00 -4.6176e+00 -4.7451e+00 -2.6003e+01
# New trial
-4.6419e+00 -4.9279e+00 -1.0800e+01 -8.7594e+01
-4.6306e+00 -4.7980e+00 -8.5173e+00 -6.6116e+01
-4.6149e+00 -4.6229e+00 -5.7634e+00 -4.5753e+01
-4.6144e+00 -4.6095e+00 -4.6391e+00 -1.2649e+01
# New trial
-4.6159e+00 -4.6245e+00 -4.9331e+00 -1.8064e+01
-4.6151e+00 -4.6156e+00 -4.7423e+00 -1.5621e+01
-4.6148e+00 -4.6120e+00 -4.6105e+00 -1.1538e+01
-4.6150e+00 -4.6144e+00 -4.6089e+00 -4.6464e+00
# New trial
-4.6113e+00 -4.6105e+00 -8.6621e+00 -7.2623e+01
-4.6080e+00 -4.5600e+00 -5.6876e+00 -3.7655e+01
-4.6130e+00 -4.5978e+00 -4.7461e+00 -1.8886e+01
-4.6151e+00 -4.6151e+00 -4.6420e+00 -9.0133e+00
# New trial
-4.6061e+00 -4.5413e+00 -5.4575e+00 -3.4700e+01
-4.6063e+00 -4.5390e+00 -4.9511e+00 -2.4227e+01
-4.6140e+00 -4.6073e+00 -4.9561e+00 -2.6399e+01
-4.6153e+00 -4.6170e+00 -4.6931e+00 -2.0435e+01
# New trial
-4.6080e+00 -4.5595e+00 -6.3125e+00 -5.2051e+01
-4.6129e+00 -4.6000e+00 -5.2060e+00 -3.3814e+01
-4.6151e+00 -4.6171e+00 -4.9106e+00 -2.6309e+01
-4.6151e+00 -4.6148e+00 -4.6283e+00 -1.0754e+01
# New trial
-4.5402e+00 -3.9377e+00 -1.9421e+00 -3.8343e+00
-4.5947e+00 -4.4411e+00 -4.7035e+00 -2.0670e+01
-4.6134e+00 -4.6042e+00 -4.9013e+00 -2.3183e+01
-4.6145e+00 -4.6100e+00 -4.6131e+00 -5.4013e+00
# New trial
-4.6060e+00 -4.5525e+00 -6.3642e+00 -4.4589e+01
-4.6019e+00 -4.5102e+00 -5.3090e+00 -3.0735e+01
-4.6116e+00 -4.5882e+00 -5.0436e+00 -3.3579e+01
-4.6155e+00 -4.6199e+00 -4.7889e+00 -2.0871e+01
# New trial
-4.6380e+00 -4.9667e+00 -1.2787e+01 -1.0476e+02
-4.6217e+00 -4.7408e+00 -8.6890e+00 -7.0762e+01
-4.6146e+00 -4.6222e+00 -5.5987e+00 -4.0224e+01
-4.6150e+00 -4.6159e+00 -4.9654e+00 -3.6653e+01
# New trial
-4.6201e+00 -4.6731e+00 -6.1322e+00 -3.8636e+01
-4.6176e+00 -4.6464e+00 -5.5578e+00 -2.7156e+01
-4.6149e+00 -4.6144e+00 -4.7663e+00 -1.3279e+01
-4.6148e+00 -4.6122e+00 -4.5931e+00 -4.7799e+00
# New trial
-4.6164e+00 -4.6532e+00 -7.7193e+00 -6.5373e+01
-4.6080e+00 -4.5581e+00 -5.2835e+00 -3.5917e+01
-4.6113e+00 -4.5813e+00 -4.8070e+00 -3.0210e+01
-4.6149e+00 -4.6135e+00 -4.6404e+00 -1.5504e+01
# New trial
-4.6233e+00 -4.7036e+00 -6.6331e+00 -5.0658e+01
-4.6213e+00 -4.6801e+00 -5.6148e+00 -2.5103e+01
-4.6149e+00 -4.6143e+00 -4.7036e+00 -1.1964e+01
-4.6148e+00 -4.6121e+00 -4.5961e+00 -5.0829e+00
# New trial
-4.6218e+00 -4.7232e+00 -9.9129e+00 -8.3649e+01
-4.6152e+00 -4.6352e+00 -6.5706e+00 -4.3633e+01
-4.6108e+00 -4.5788e+00 -5.3284e+00 -3.6843e+01
-4.6152e+00 -4.6164e+00 -4.6797e+00 -1.7447e+01
# New trial
-4.6293e+00 -4.7808e+00 -9.0971e+00 -7.6663e+01
-4.6244e+00 -4.7217e+00 -6.9579e+00 -4.5193e+01
-4.6161e+00 -4.6280e+00 -4.9883e+00 -1.5882e+01
-4.6146e+00 -4.6106e+00 -4.6075e+00 -8.1132e+00
# New trial
-4.6405e+00 -4.9400e+00 -1.1910e+01 -9.9569e+01
-4.6269e+00 -4.7759e+00 -8.7390e+00 -6.5460e+01
-4.6131e+00 -4.6037e+00 -5.0179e+00 -2.2396e+01
-4.6143e+00 -4.6087e+00 -4.6203e+00 -8.1900e+00
# New trial
-4.6337e+00 -4.8181e+00 -8.2631e+00 -7.0508e+01
-4.6296e+00 -4.7774e+00 -7.4456e+00 -5.2506e+01
-4.6161e+00 -4.6315e+00 -5.3787e+00 -3.5412e+01
-4.6157e+00 -4.6209e+00 -4.7109e+00 -1.6672e+01
# New trial
-4.6380e+00 -4.8750e+00 -1.0655e+01 -9.6380e+01
-4.6364e+00 -4.8448e+00 -8.5685e+00 -6.3258e+01
-4.6202e+00 -4.6697e+00 -5.4678e+00 -2.3825e+01
-4.6149e+00 -4.6139e+00 -4.6598e+00 -1.8223e+01
# New trial
-4.6208e+00 -4.6974e+00 -8.2825e+00 -6.7452e+01
-4.6151e+00 -4.6342e+00 -6.5330e+00 -4.4634e+01
-4.6136e+00 -4.6049e+00 -5.1442e+00 -3.0605e+01
-4.6153e+00 -4.6169e+00 -4.6689e+00 -1.1824e+01
# New trial
-4.6140e+00 -4.6202e+00 -5.9667e+00 -3.3577e+01
-4.6114e+00 -4.5990e+00 -5.7998e+00 -2.9551e+01
-4.6142e+00 -4.6137e+00 -5.0944e+00 -2.4137e+01
-4.6146e+00 -4.6114e+00 -4.6328e+00 -1.1964e+01
# New trial
-4.6076e+00 -4.5667e+00 -7.7385e+00 -6.8461e+01
-4.6045e+00 -4.5226e+00 -5.3151e+00 -3.2453e+01
-4.6108e+00 -4.5745e+00 -4.4953e+00 -1.9670e+01
-4.6148e+00 -4.6121e+00 -4.6161e+00 -1.4025e+01
# New trial
-4.6540e+00 -5.0746e+00 -1.4998e+01 -1.4054e+02
-4.6468e+00 -4.9633e+00 -1.0351e+01 -8.1932e+01
-4.6227e+00 -4.6959e+00 -5.8309e+00 -3.6746e+01
-4.6149e+00 -4.6132e+00 -4.6179e+00 -6.7592e+00
# New trial
