# 0.01sig - Array shape (trial/sig/alpha): (30L, 4L, 4L)
-4.5785e+00 -4.2574e+00 -1.9702e+00 -4.9149e-03
-4.5695e+00 -4.1697e+00 -1.4212e+00 -1.2047e-04
-4.5455e+00 -3.9299e+00 -2.5096e-01 -6.6653e-10
-4.5816e+00 -4.2842e+00 -1.6734e+00 -1.7334e-03
# New trial
-4.5799e+00 -4.2723e+00 -2.3836e+00 -6.9628e+00
-4.5700e+00 -4.1793e+00 -2.0188e+00 -4.6357e+00
-4.5536e+00 -4.0140e+00 -5.2257e-01 -9.6307e-11
-4.5934e+00 -4.4005e+00 -2.6131e+00 -1.4111e-06
# New trial
-4.5760e+00 -4.2340e+00 -2.0701e+00 -7.1838e-01
-4.5709e+00 -4.1892e+00 -2.1863e+00 -4.3880e+00
-4.5844e+00 -4.3219e+00 -3.6512e+00 -2.7757e+01
-4.6117e+00 -4.5840e+00 -4.6318e+00 -3.0230e+01
# New trial
-4.5539e+00 -4.0259e+00 -1.1515e+00 -6.8720e-02
-4.5515e+00 -4.0086e+00 -9.0786e-01 -6.2111e-06
-4.5885e+00 -4.3697e+00 -3.7915e+00 -2.3272e+01
-4.6139e+00 -4.6069e+00 -4.9228e+00 -2.9321e+01
# New trial
-4.5833e+00 -4.3016e+00 -2.0488e+00 -3.8124e-04
-4.5715e+00 -4.1850e+00 -1.2660e+00 -3.2859e-05
-4.5564e+00 -4.0362e+00 -7.3127e-01 -1.9487e-05
-4.5908e+00 -4.3741e+00 -2.5690e+00 -7.8889e+00
# New trial
-4.5856e+00 -4.3229e+00 -2.1644e+00 -3.3709e-03
-4.5781e+00 -4.2548e+00 -2.1958e+00 -3.0095e+00
-4.5886e+00 -4.3575e+00 -3.0780e+00 -1.6267e+01
-4.6119e+00 -4.5839e+00 -4.5485e+00 -3.0513e+01
# New trial
-4.5793e+00 -4.2661e+00 -2.2724e+00 -5.3312e-01
-4.5695e+00 -4.1738e+00 -1.8882e+00 -1.0763e-01
-4.5757e+00 -4.2305e+00 -1.7238e+00 -1.7421e-02
-4.6100e+00 -4.5661e+00 -4.2050e+00 -7.6882e+00
# New trial
-4.5700e+00 -4.1719e+00 -1.2895e+00 -5.8712e-05
-4.5610e+00 -4.0841e+00 -8.8352e-01 -1.5487e-06
-4.5540e+00 -4.0141e+00 -5.8538e-01 -8.1037e-09
-4.6027e+00 -4.4933e+00 -3.5970e+00 -1.0008e+01
# New trial
-4.5657e+00 -4.1310e+00 -1.0776e+00 -4.0246e-05
-4.5497e+00 -3.9762e+00 -5.4020e-01 -1.9006e-06
-4.5233e+00 -3.7159e+00 -2.3520e-01 -3.0180e-07
-4.5907e+00 -4.3725e+00 -2.4215e+00 -4.7771e+00
# New trial
-4.5689e+00 -4.1661e+00 -1.4851e+00 -4.4785e-06
-4.5665e+00 -4.1454e+00 -1.4012e+00 -7.0450e-08
-4.5841e+00 -4.3157e+00 -2.6740e+00 -6.6427e+00
-4.6128e+00 -4.5938e+00 -4.6276e+00 -2.5100e+01
# New trial
-4.5719e+00 -4.2047e+00 -2.2379e+00 -3.4253e-01
-4.5885e+00 -4.3782e+00 -4.2974e+00 -2.4529e+01
-4.6065e+00 -4.5573e+00 -6.3021e+00 -4.6411e+01
-4.6139e+00 -4.6072e+00 -4.7876e+00 -1.9690e+01
# New trial
-4.5899e+00 -4.3653e+00 -2.4766e+00 -2.0766e+00
-4.5866e+00 -4.3334e+00 -2.2642e+00 -1.8944e+00
-4.5880e+00 -4.3468e+00 -2.3633e+00 -2.7547e+00
-4.6093e+00 -4.5572e+00 -4.0832e+00 -1.0479e+01
# New trial
-4.5767e+00 -4.2347e+00 -1.3875e+00 -1.9425e-08
-4.5673e+00 -4.1439e+00 -9.8177e-01 -1.5479e-08
-4.5577e+00 -4.0496e+00 -7.4312e-01 -1.2322e-03
-4.6012e+00 -4.4784e+00 -3.6844e+00 -2.5889e+01
# New trial
-4.5915e+00 -4.3815e+00 -2.6168e+00 -1.7066e-01
-4.5873e+00 -4.3402e+00 -2.3670e+00 -1.2600e+00
-4.5893e+00 -4.3614e+00 -2.9099e+00 -1.8716e+01
-4.6068e+00 -4.5332e+00 -3.9352e+00 -1.5014e+01
# New trial
-4.5808e+00 -4.2745e+00 -1.7097e+00 -4.3006e-02
-4.5727e+00 -4.1957e+00 -1.2767e+00 -6.2487e-03
-4.5666e+00 -4.1350e+00 -9.0979e-01 -3.4151e-04
-4.6058e+00 -4.5223e+00 -3.7325e+00 -2.6839e+00
# New trial
-4.5618e+00 -4.1002e+00 -1.2954e+00 -3.0127e-01
-4.5472e+00 -3.9637e+00 -8.0131e-01 -8.2979e-04
-4.5542e+00 -4.0253e+00 -1.0329e+00 -1.3540e+00
-4.6073e+00 -4.5415e+00 -4.0404e+00 -7.0010e+00
# New trial
-4.5713e+00 -4.1877e+00 -1.6822e+00 -1.2166e-01
-4.5626e+00 -4.1088e+00 -1.5380e+00 -1.3496e-01
-4.5800e+00 -4.2768e+00 -2.5032e+00 -8.5290e+00
-4.6123e+00 -4.5893e+00 -4.5620e+00 -2.3550e+01
# New trial
-4.5612e+00 -4.0993e+00 -1.4025e+00 -1.9261e-01
-4.5521e+00 -4.0181e+00 -1.2247e+00 -1.3596e+00
-4.5781e+00 -4.2645e+00 -2.6967e+00 -1.6675e+01
-4.6128e+00 -4.5952e+00 -4.6048e+00 -2.0122e+01
# New trial
-4.5953e+00 -4.4172e+00 -2.7030e+00 -6.7411e-05
-4.5896e+00 -4.3608e+00 -2.2189e+00 -2.5013e-05
-4.5858e+00 -4.3239e+00 -1.9984e+00 -7.5701e-01
-4.6029e+00 -4.4936e+00 -3.5147e+00 -1.3555e+01
# New trial
-4.5772e+00 -4.2412e+00 -1.6043e+00 -2.2666e-04
-4.5798e+00 -4.2695e+00 -2.1020e+00 -2.4368e+00
-4.5916e+00 -4.3865e+00 -3.2070e+00 -2.0540e+01
-4.6124e+00 -4.5891e+00 -4.6215e+00 -3.0844e+01
# New trial
-4.5473e+00 -3.9897e+00 -1.6083e+00 -3.5331e-01
-4.5604e+00 -4.1319e+00 -3.2341e+00 -2.0848e+01
-4.6023e+00 -4.5149e+00 -5.8281e+00 -4.5231e+01
-4.6151e+00 -4.6157e+00 -4.6808e+00 -1.4169e+01
# New trial
-4.5798e+00 -4.2678e+00 -1.9571e+00 -7.4128e-03
-4.5682e+00 -4.1576e+00 -1.4989e+00 -1.9967e-03
-4.5629e+00 -4.1055e+00 -1.1207e+00 -2.5747e-02
-4.6076e+00 -4.5403e+00 -3.9243e+00 -3.3336e+00
# New trial
-4.5966e+00 -4.4315e+00 -2.9265e+00 -4.1739e-02
-4.5894e+00 -4.3600e+00 -2.4142e+00 -1.4173e-01
-4.5828e+00 -4.2951e+00 -1.8560e+00 -6.2110e-03
-4.6008e+00 -4.4737e+00 -3.3680e+00 -1.3132e+01
# New trial
-4.5547e+00 -4.0530e+00 -1.6696e+00 -3.4860e-03
-4.5951e+00 -4.4695e+00 -6.0863e+00 -4.4352e+01
-4.6163e+00 -4.6610e+00 -7.6296e+00 -6.2388e+01
-4.6145e+00 -4.6144e+00 -4.8607e+00 -2.5116e+01
# New trial
-4.5773e+00 -4.2432e+00 -1.6831e+00 -1.7149e-06
-4.5627e+00 -4.1055e+00 -1.0718e+00 -1.4786e-08
-4.5398e+00 -3.8766e+00 -1.6670e-01 -2.4158e-13
-4.5963e+00 -4.4278e+00 -2.8592e+00 -3.9176e+00
# New trial
-4.5889e+00 -4.3555e+00 -2.3736e+00 -1.2632e-02
-4.5860e+00 -4.3283e+00 -2.3271e+00 -4.1194e-01
-4.5859e+00 -4.3275e+00 -2.2350e+00 -4.6805e-02
-4.6083e+00 -4.5479e+00 -4.0135e+00 -1.1680e+01
# New trial
-4.5863e+00 -4.3298e+00 -2.1828e+00 -2.9386e-02
-4.5745e+00 -4.2153e+00 -1.6545e+00 -3.9179e-03
-4.5600e+00 -4.0719e+00 -6.7191e-01 -5.0204e-09
-4.5918e+00 -4.3829e+00 -2.4055e+00 -8.8266e-05
# New trial
-4.5891e+00 -4.3590e+00 -2.5741e+00 -3.4339e-01
-4.5768e+00 -4.2413e+00 -1.9620e+00 -2.4233e-02
-4.5656e+00 -4.1308e+00 -1.3850e+00 -9.0885e-01
-4.6007e+00 -4.4739e+00 -3.3859e+00 -7.5713e+00
# New trial
-4.5896e+00 -4.3621e+00 -2.4215e+00 -2.8481e-03
-4.5834e+00 -4.3015e+00 -1.9308e+00 -2.3048e-05
-4.5749e+00 -4.2159e+00 -1.1894e+00 -3.6000e-08
-4.6037e+00 -4.5015e+00 -3.5481e+00 -2.5838e+00
# New trial
-4.5778e+00 -4.2503e+00 -1.9332e+00 -2.1062e-02
-4.5660e+00 -4.1329e+00 -1.0918e+00 -1.1398e-07
-4.5517e+00 -3.9890e+00 -3.1508e-01 -3.9790e-11
-4.6006e+00 -4.4716e+00 -3.3892e+00 -1.6708e+01
# New trial
