# 0.01sig - Array shape (trial/sig/alpha): (30L, 4L, 4L)
-4.6236e+00 -4.7325e+00 -8.2459e+00 -6.3020e+01
-4.6153e+00 -4.6309e+00 -5.8868e+00 -3.3015e+01
-4.6142e+00 -4.6080e+00 -4.7274e+00 -1.8958e+01
-4.6149e+00 -4.6131e+00 -4.6026e+00 -4.6975e+00
# New trial
-4.5924e+00 -4.4826e+00 -7.4508e+00 -5.4153e+01
-4.6023e+00 -4.5103e+00 -4.7618e+00 -2.0020e+01
-4.6128e+00 -4.5947e+00 -4.5621e+00 -9.5552e+00
-4.6149e+00 -4.6132e+00 -4.6074e+00 -4.6549e+00
# New trial
-4.5504e+00 -4.1157e+00 -5.0192e+00 -3.3590e+01
-4.5932e+00 -4.4389e+00 -4.8575e+00 -2.7769e+01
-4.6138e+00 -4.6116e+00 -5.3829e+00 -3.5120e+01
-4.6153e+00 -4.6173e+00 -4.8253e+00 -3.1874e+01
# New trial
-4.5944e+00 -4.5011e+00 -7.4165e+00 -5.4183e+01
-4.5969e+00 -4.4617e+00 -4.6980e+00 -2.6256e+01
-4.6122e+00 -4.5924e+00 -5.1507e+00 -3.7650e+01
-4.6148e+00 -4.6132e+00 -4.6664e+00 -1.7706e+01
# New trial
-4.6148e+00 -4.6191e+00 -5.5754e+00 -3.2328e+01
-4.6138e+00 -4.6041e+00 -4.7375e+00 -1.4208e+01
-4.6144e+00 -4.6084e+00 -4.6055e+00 -1.0614e+01
-4.6150e+00 -4.6138e+00 -4.6083e+00 -5.1559e+00
# New trial
-4.6288e+00 -4.7994e+00 -9.3207e+00 -7.3128e+01
-4.6140e+00 -4.6140e+00 -5.2257e+00 -1.9580e+01
-4.6137e+00 -4.6024e+00 -4.5986e+00 -1.0579e+01
-4.6150e+00 -4.6142e+00 -4.6128e+00 -5.0230e+00
# New trial
-4.6118e+00 -4.5863e+00 -4.9979e+00 -2.8773e+01
-4.6134e+00 -4.5999e+00 -4.6991e+00 -1.8295e+01
-4.6143e+00 -4.6071e+00 -4.5724e+00 -1.0608e+01
-4.6151e+00 -4.6146e+00 -4.6106e+00 -4.6323e+00
# New trial
-4.5975e+00 -4.4601e+00 -4.2914e+00 -1.9647e+01
-4.6087e+00 -4.5594e+00 -4.6087e+00 -1.9670e+01
-4.6144e+00 -4.6107e+00 -4.7538e+00 -1.9064e+01
-4.6146e+00 -4.6107e+00 -4.6056e+00 -4.7942e+00
# New trial
-4.6698e+00 -5.2771e+00 -1.5724e+01 -1.4047e+02
-4.6364e+00 -4.8738e+00 -9.1878e+00 -7.0424e+01
-4.6121e+00 -4.5973e+00 -4.8091e+00 -1.9782e+01
-4.6146e+00 -4.6106e+00 -4.6155e+00 -1.1443e+01
# New trial
-4.6012e+00 -4.5442e+00 -8.1309e+00 -6.1961e+01
-4.6081e+00 -4.5596e+00 -4.9538e+00 -2.4702e+01
-4.6142e+00 -4.6073e+00 -4.6947e+00 -1.9252e+01
-4.6153e+00 -4.6174e+00 -4.7080e+00 -2.3841e+01
# New trial
-4.6027e+00 -4.5101e+00 -5.2089e+00 -3.0586e+01
-4.6104e+00 -4.5751e+00 -4.8005e+00 -2.0140e+01
-4.6140e+00 -4.6056e+00 -4.6629e+00 -2.1172e+01
-4.6150e+00 -4.6140e+00 -4.6101e+00 -7.0809e+00
# New trial
-4.5952e+00 -4.4203e+00 -3.1263e+00 -1.6812e+00
-4.6025e+00 -4.4916e+00 -3.6075e+00 -2.0150e+00
-4.6119e+00 -4.5835e+00 -4.3315e+00 -5.2184e+00
-4.6151e+00 -4.6147e+00 -4.6112e+00 -4.6429e+00
# New trial
-4.5715e+00 -4.2381e+00 -2.8731e+00 -2.4738e+00
-4.6053e+00 -4.5344e+00 -4.3672e+00 -5.7628e+00
-4.6135e+00 -4.6021e+00 -4.6323e+00 -8.8688e+00
-4.6150e+00 -4.6143e+00 -4.6335e+00 -8.6021e+00
# New trial
-4.6192e+00 -4.6597e+00 -5.5039e+00 -2.8691e+01
-4.6158e+00 -4.6231e+00 -4.8502e+00 -1.5818e+01
-4.6146e+00 -4.6106e+00 -4.6056e+00 -1.0398e+01
-4.6152e+00 -4.6162e+00 -4.6301e+00 -7.7009e+00
# New trial
-4.5630e+00 -4.1624e+00 -3.4263e+00 -1.0341e+01
-4.6020e+00 -4.5011e+00 -4.5381e+00 -1.7852e+01
-4.6137e+00 -4.6039e+00 -4.7101e+00 -1.7314e+01
-4.6149e+00 -4.6129e+00 -4.5996e+00 -4.6702e+00
# New trial
-4.6135e+00 -4.5993e+00 -4.4811e+00 -5.2979e+00
-4.6146e+00 -4.6098e+00 -4.5654e+00 -4.4589e+00
-4.6151e+00 -4.6145e+00 -4.6087e+00 -4.5736e+00
-4.6151e+00 -4.6151e+00 -4.6145e+00 -4.6102e+00
# New trial
-4.6098e+00 -4.5642e+00 -4.3219e+00 -8.3198e+00
-4.6123e+00 -4.5874e+00 -4.3851e+00 -4.0707e+00
-4.6147e+00 -4.6110e+00 -4.5774e+00 -4.4161e+00
-4.6151e+00 -4.6146e+00 -4.6099e+00 -4.5830e+00
# New trial
-4.5719e+00 -4.3179e+00 -6.4246e+00 -4.6301e+01
-4.6007e+00 -4.4952e+00 -4.6020e+00 -2.2761e+01
-4.6131e+00 -4.5990e+00 -4.7288e+00 -2.3025e+01
-4.6144e+00 -4.6085e+00 -4.5926e+00 -4.8680e+00
# New trial
-4.6501e+00 -4.9951e+00 -1.0736e+01 -8.4682e+01
-4.6465e+00 -4.9395e+00 -8.4811e+00 -5.1165e+01
-4.6250e+00 -4.7163e+00 -5.7625e+00 -2.0844e+01
-4.6150e+00 -4.6145e+00 -4.6218e+00 -7.1364e+00
# New trial
-4.6090e+00 -4.5566e+00 -4.3776e+00 -1.8262e+01
-4.6111e+00 -4.5775e+00 -4.4842e+00 -1.5175e+01
-4.6142e+00 -4.6069e+00 -4.6069e+00 -1.3344e+01
-4.6148e+00 -4.6124e+00 -4.6018e+00 -6.4568e+00
# New trial
-4.6143e+00 -4.6135e+00 -5.1700e+00 -2.1675e+01
-4.6130e+00 -4.5956e+00 -4.5458e+00 -7.5331e+00
-4.6146e+00 -4.6104e+00 -4.5871e+00 -6.2586e+00
-4.6151e+00 -4.6151e+00 -4.6158e+00 -4.7076e+00
# New trial
-4.6297e+00 -4.7855e+00 -8.4777e+00 -6.4207e+01
-4.6222e+00 -4.7001e+00 -6.5014e+00 -3.7595e+01
-4.6139e+00 -4.6066e+00 -4.7172e+00 -1.8603e+01
-4.6148e+00 -4.6124e+00 -4.6031e+00 -5.5309e+00
# New trial
-4.6005e+00 -4.5029e+00 -5.2128e+00 -2.5442e+01
-4.6083e+00 -4.5532e+00 -4.3410e+00 -5.9373e+00
-4.6142e+00 -4.6071e+00 -4.5995e+00 -9.5955e+00
-4.6152e+00 -4.6156e+00 -4.6263e+00 -7.8514e+00
# New trial
-4.5876e+00 -4.5137e+00 -9.2994e+00 -7.4486e+01
-4.5889e+00 -4.4025e+00 -4.3641e+00 -1.6705e+01
-4.6113e+00 -4.5841e+00 -4.6006e+00 -1.6361e+01
-4.6148e+00 -4.6134e+00 -4.6409e+00 -9.3637e+00
# New trial
-4.6020e+00 -4.4871e+00 -3.6758e+00 -3.7258e+00
-4.6124e+00 -4.5882e+00 -4.4110e+00 -5.4488e+00
-4.6149e+00 -4.6130e+00 -4.6033e+00 -5.8918e+00
-4.6151e+00 -4.6145e+00 -4.6109e+00 -4.6802e+00
# New trial
-4.6040e+00 -4.5653e+00 -8.2251e+00 -6.8174e+01
-4.6049e+00 -4.5353e+00 -4.9691e+00 -1.7495e+01
-4.6121e+00 -4.5897e+00 -4.5411e+00 -8.3536e+00
-4.6147e+00 -4.6116e+00 -4.6126e+00 -9.4460e+00
# New trial
-4.6017e+00 -4.5051e+00 -5.6384e+00 -3.9756e+01
-4.6097e+00 -4.5732e+00 -5.2787e+00 -2.8883e+01
-4.6144e+00 -4.6098e+00 -4.8588e+00 -3.4243e+01
-4.6152e+00 -4.6157e+00 -4.6389e+00 -1.4382e+01
# New trial
-4.6285e+00 -4.7737e+00 -8.2041e+00 -6.0511e+01
-4.6198e+00 -4.6703e+00 -5.7321e+00 -2.3376e+01
-4.6140e+00 -4.6055e+00 -4.6014e+00 -7.4181e+00
-4.6150e+00 -4.6143e+00 -4.6121e+00 -5.0704e+00
# New trial
-4.6215e+00 -4.7442e+00 -8.9228e+00 -6.8469e+01
-4.6091e+00 -4.5730e+00 -5.0301e+00 -1.7272e+01
-4.6132e+00 -4.5979e+00 -4.5649e+00 -8.2151e+00
-4.6149e+00 -4.6126e+00 -4.5958e+00 -4.5728e+00
# New trial
-4.6192e+00 -4.6964e+00 -9.4224e+00 -8.2264e+01
-4.6162e+00 -4.6409e+00 -6.4442e+00 -4.6391e+01
-4.6141e+00 -4.6075e+00 -4.8541e+00 -2.8955e+01
-4.6149e+00 -4.6128e+00 -4.6044e+00 -6.2797e+00
# New trial
