# 0.1sig - Array shape (trial/sig/alpha): (30L, 4L, 4L)
-4.5709e+00 -4.2020e+00 -2.9808e+00 -1.9970e+01
-4.5643e+00 -4.1399e+00 -1.9686e+00 -5.5659e-03
-4.5735e+00 -4.2224e+00 -2.5961e+00 -1.3747e+01
-4.6107e+00 -4.5747e+00 -4.5443e+00 -2.8594e+01
# New trial
-4.5853e+00 -4.3268e+00 -2.7654e+00 -4.4261e+00
-4.5762e+00 -4.2405e+00 -2.1240e+00 -7.1703e-01
-4.5750e+00 -4.2267e+00 -1.7828e+00 -1.7652e-01
-4.6050e+00 -4.5154e+00 -3.7098e+00 -1.5337e+00
# New trial
-4.5886e+00 -4.3656e+00 -4.0202e+00 -1.9523e+01
-4.5691e+00 -4.1647e+00 -1.4741e+00 -2.5396e-02
-4.5237e+00 -3.7096e+00 -1.9691e-02 0.0000e+00
-4.5280e+00 -3.7496e+00 -1.5868e-02 0.0000e+00
# New trial
-4.5846e+00 -4.3218e+00 -3.7357e+00 -2.3903e+01
-4.5681e+00 -4.1506e+00 -9.9224e-01 -1.1714e-05
-4.5270e+00 -3.7411e+00 -1.6684e-02 0.0000e+00
-4.5400e+00 -3.8702e+00 -5.6742e-02 0.0000e+00
# New trial
-4.5971e+00 -4.4445e+00 -4.1306e+00 -2.4456e+01
-4.5854e+00 -4.3265e+00 -2.4762e+00 -6.2759e-01
-4.5732e+00 -4.2043e+00 -1.7619e+00 -6.8572e+00
-4.6009e+00 -4.4753e+00 -3.7499e+00 -2.6396e+01
# New trial
-4.5982e+00 -4.4513e+00 -3.6178e+00 -1.0156e+01
-4.5887e+00 -4.3582e+00 -2.6831e+00 -1.0566e-02
-4.5785e+00 -4.2545e+00 -1.7030e+00 -7.5580e-04
-4.5974e+00 -4.4392e+00 -3.0266e+00 -6.8475e+00
# New trial
-4.5850e+00 -4.3199e+00 -2.3086e+00 -8.9558e-03
-4.5780e+00 -4.2510e+00 -1.7850e+00 -1.7628e-02
-4.5760e+00 -4.2301e+00 -1.7017e+00 -1.2324e-01
-4.6053e+00 -4.5184e+00 -3.8117e+00 -1.5232e+01
# New trial
-4.5901e+00 -4.3854e+00 -4.7794e+00 -2.9233e+01
-4.5782e+00 -4.2588e+00 -2.4681e+00 -3.2984e+00
-4.5679e+00 -4.1474e+00 -8.2576e-01 -1.1496e-08
-4.6015e+00 -4.4794e+00 -3.2937e+00 -4.9892e-04
# New trial
-4.5733e+00 -4.2213e+00 -2.4348e+00 -5.2351e-01
-4.5584e+00 -4.0805e+00 -1.5762e+00 -3.0230e-02
-4.5523e+00 -4.0098e+00 -1.4029e+00 -3.8552e+00
-4.6058e+00 -4.5247e+00 -3.9790e+00 -2.1406e+01
# New trial
-4.5792e+00 -4.2634e+00 -2.1278e+00 -3.9419e-01
-4.5725e+00 -4.1990e+00 -1.7976e+00 -1.9923e-02
-4.5826e+00 -4.2964e+00 -2.4949e+00 -1.0388e+01
-4.6088e+00 -4.5528e+00 -4.0823e+00 -1.1662e+01
# New trial
-4.5875e+00 -4.3442e+00 -2.5662e+00 -2.0169e-01
-4.5778e+00 -4.2481e+00 -1.8478e+00 -9.3586e-01
-4.5612e+00 -4.0847e+00 -1.1320e+00 -3.6944e-01
-4.5848e+00 -4.3150e+00 -2.2427e+00 -1.0769e+01
# New trial
-4.5825e+00 -4.3035e+00 -2.9605e+00 -9.8514e+00
-4.5724e+00 -4.2078e+00 -2.1595e+00 -2.4725e-03
-4.5667e+00 -4.1437e+00 -1.2787e+00 -2.4089e-05
-4.6049e+00 -4.5138e+00 -3.6735e+00 -7.5948e+00
# New trial
-4.5811e+00 -4.2919e+00 -3.8005e+00 -2.4465e+01
-4.5731e+00 -4.2052e+00 -1.7368e+00 -8.1262e-03
-4.5643e+00 -4.1119e+00 -6.0111e-01 -2.4727e-12
-4.5964e+00 -4.4290e+00 -2.8316e+00 -4.0953e-06
# New trial
-4.5994e+00 -4.4664e+00 -4.1604e+00 -1.7366e+01
-4.5866e+00 -4.3334e+00 -2.2913e+00 -4.0981e-01
-4.5566e+00 -4.0341e+00 -3.9912e-01 -8.6723e-09
-4.5507e+00 -3.9744e+00 -1.8772e-01 -2.5580e-13
# New trial
-4.5731e+00 -4.2367e+00 -3.6258e+00 -1.2203e+01
-4.5534e+00 -4.0334e+00 -1.4396e+00 -5.2982e-02
-4.5525e+00 -4.0118e+00 -1.6002e+00 -3.8792e+00
-4.6083e+00 -4.5498e+00 -4.3030e+00 -2.3792e+01
# New trial
-4.5805e+00 -4.3374e+00 -6.6342e+00 -4.8780e+01
-4.5544e+00 -4.0475e+00 -1.9803e+00 -2.9498e-01
-4.5315e+00 -3.8009e+00 -2.5025e-01 -9.7471e-09
-4.5944e+00 -4.4094e+00 -2.7676e+00 -1.8775e+00
# New trial
-4.5791e+00 -4.2617e+00 -1.9944e+00 -5.5463e-03
-4.5718e+00 -4.1903e+00 -1.5551e+00 -2.1609e-02
-4.5814e+00 -4.2866e+00 -3.0207e+00 -2.0235e+01
-4.6098e+00 -4.5634e+00 -4.2388e+00 -1.6040e+01
# New trial
-4.5909e+00 -4.3770e+00 -2.9117e+00 -6.3045e+00
-4.5810e+00 -4.2781e+00 -1.8543e+00 -6.6832e-03
-4.5783e+00 -4.2490e+00 -1.3609e+00 -3.2165e-08
-4.6006e+00 -4.4706e+00 -3.2688e+00 -9.7301e+00
# New trial
-4.5914e+00 -4.3816e+00 -2.7736e+00 -1.2501e+00
-4.5827e+00 -4.2973e+00 -2.1647e+00 -1.5517e-02
-4.5614e+00 -4.0860e+00 -8.9988e-01 -4.9571e-03
-4.5814e+00 -4.2805e+00 -1.6472e+00 -8.8829e-04
# New trial
-4.5905e+00 -4.3906e+00 -4.9148e+00 -3.0482e+01
-4.5745e+00 -4.2233e+00 -2.0452e+00 -9.7707e-03
-4.5721e+00 -4.1956e+00 -2.0067e+00 -1.1780e+01
-4.6057e+00 -4.5235e+00 -4.0407e+00 -2.4485e+01
# New trial
-4.5867e+00 -4.3535e+00 -4.6015e+00 -2.9100e+01
-4.5769e+00 -4.2484e+00 -2.4130e+00 -2.8343e-01
-4.5616e+00 -4.0906e+00 -9.9512e-01 -1.6904e-03
-4.5933e+00 -4.3992e+00 -2.6503e+00 -1.0728e+00
# New trial
-4.5770e+00 -4.2505e+00 -2.9504e+00 -1.0758e+01
-4.5780e+00 -4.2572e+00 -2.2858e+00 -3.4308e-01
-4.5934e+00 -4.4081e+00 -3.8590e+00 -2.8014e+01
-4.6130e+00 -4.5968e+00 -4.6753e+00 -2.5231e+01
# New trial
-4.5819e+00 -4.2896e+00 -2.2190e+00 -5.9902e-02
-4.5765e+00 -4.2367e+00 -1.7717e+00 -5.9407e-04
-4.5804e+00 -4.2741e+00 -2.2247e+00 -1.0326e+01
-4.6061e+00 -4.5267e+00 -3.9935e+00 -2.2912e+01
# New trial
-4.5834e+00 -4.3030e+00 -2.1995e+00 -1.3097e-01
-4.5750e+00 -4.2193e+00 -1.4611e+00 -4.3701e-06
-4.5776e+00 -4.2438e+00 -1.4489e+00 -1.0604e-06
-4.6064e+00 -4.5281e+00 -3.7742e+00 -1.2182e-01
# New trial
-4.5951e+00 -4.4188e+00 -3.2538e+00 -1.4580e+01
-4.5918e+00 -4.3858e+00 -2.8161e+00 -6.7507e-01
-4.5911e+00 -4.3781e+00 -2.6628e+00 -9.4586e+00
-4.6072e+00 -4.5371e+00 -3.9426e+00 -1.4716e+01
# New trial
-4.5879e+00 -4.3794e+00 -5.1569e+00 -3.0361e+01
-4.5639e+00 -4.1135e+00 -1.1512e+00 -6.4067e-05
-4.5279e+00 -3.7538e+00 -6.8956e-02 0.0000e+00
-4.5720e+00 -4.1857e+00 -8.6796e-01 -3.1193e-11
# New trial
-4.5747e+00 -4.2164e+00 -1.6285e+00 -3.6330e+00
-4.5797e+00 -4.2654e+00 -1.8168e+00 -5.6328e-02
-4.5951e+00 -4.4180e+00 -2.9328e+00 -1.6816e+00
-4.6135e+00 -4.5989e+00 -4.4781e+00 -7.6166e+00
# New trial
-4.5851e+00 -4.3351e+00 -3.7956e+00 -1.6694e+01
-4.5660e+00 -4.1368e+00 -1.5080e+00 -3.4718e-01
-4.5477e+00 -3.9563e+00 -1.0267e+00 -3.3085e+00
-4.5979e+00 -4.4440e+00 -3.0615e+00 -7.7405e+00
# New trial
-4.5777e+00 -4.2521e+00 -2.4785e+00 -1.8472e+00
-4.5722e+00 -4.1958e+00 -1.8346e+00 -4.0859e-01
-4.5816e+00 -4.2849e+00 -2.3835e+00 -8.7349e+00
-4.6082e+00 -4.5469e+00 -4.0072e+00 -1.3199e+01
# New trial
-4.5858e+00 -4.3257e+00 -2.3267e+00 -3.5558e-01
-4.5874e+00 -4.3413e+00 -2.3341e+00 -7.9386e-02
-4.5967e+00 -4.4327e+00 -3.0170e+00 -4.8836e+00
-4.6120e+00 -4.5844e+00 -4.3277e+00 -6.6161e+00
# New trial
