# 0.01sig - Array shape (trial/sig/alpha): (30L, 4L, 4L)
-4.5668e+00 -4.1464e+00 -1.4975e+00 -1.1282e-01
-4.5642e+00 -4.1228e+00 -1.5525e+00 -2.5648e+00
-4.5678e+00 -4.1553e+00 -1.4520e+00 -3.0651e+00
-4.6073e+00 -4.5401e+00 -3.9914e+00 -5.7165e+00
# New trial
-4.5624e+00 -4.1028e+00 -1.2589e+00 -7.2590e-04
-4.5536e+00 -4.0219e+00 -1.0654e+00 -1.7541e-04
-4.5790e+00 -4.2680e+00 -2.2645e+00 -2.6027e+00
-4.6127e+00 -4.5930e+00 -4.4863e+00 -6.9894e+00
# New trial
-4.5652e+00 -4.1319e+00 -1.5977e+00 -1.4031e-02
-4.5484e+00 -3.9711e+00 -8.0451e-01 -9.2709e-08
-4.5217e+00 -3.7005e+00 -6.6766e-02 -2.8422e-14
-4.5913e+00 -4.3794e+00 -2.5933e+00 -7.2707e+00
# New trial
-4.5626e+00 -4.1189e+00 -1.7883e+00 -2.6403e-02
-4.5502e+00 -4.0013e+00 -9.7391e-01 -3.4977e-06
-4.5543e+00 -4.0300e+00 -8.1911e-01 -8.5639e-08
-4.6053e+00 -4.5212e+00 -4.1511e+00 -2.5072e+01
# New trial
-4.5813e+00 -4.2846e+00 -2.2066e+00 -2.1978e-01
-4.5666e+00 -4.1395e+00 -1.3381e+00 -1.5175e-02
-4.5525e+00 -3.9978e+00 -4.8885e-01 -5.3600e-07
-4.5986e+00 -4.4510e+00 -3.0444e+00 -1.7086e-03
# New trial
-4.5699e+00 -4.1702e+00 -1.4446e+00 -6.1215e-03
-4.5575e+00 -4.0547e+00 -1.2883e+00 -2.4688e-02
-4.5828e+00 -4.2998e+00 -2.7370e+00 -2.0261e+01
-4.6134e+00 -4.5985e+00 -4.4900e+00 -8.5046e+00
# New trial
-4.5710e+00 -4.1892e+00 -1.9880e+00 -1.8144e-02
-4.5617e+00 -4.1044e+00 -1.7090e+00 -1.0787e-02
-4.5814e+00 -4.2884e+00 -2.2792e+00 -1.0851e+00
-4.6126e+00 -4.5921e+00 -4.4667e+00 -1.0940e+01
# New trial
-4.5707e+00 -4.1841e+00 -1.8652e+00 -2.0920e-01
-4.5724e+00 -4.2016e+00 -2.0581e+00 -2.8231e+00
-4.5938e+00 -4.4098e+00 -3.6766e+00 -2.2795e+01
-4.6137e+00 -4.6022e+00 -4.6238e+00 -2.0520e+01
# New trial
-4.5619e+00 -4.1013e+00 -1.4149e+00 -1.3100e-03
-4.5523e+00 -4.0104e+00 -1.3294e+00 -1.0478e-01
-4.5762e+00 -4.2402e+00 -4.3875e+00 -4.2829e+01
-4.6127e+00 -4.5923e+00 -4.5831e+00 -2.8830e+01
# New trial
-4.5754e+00 -4.2374e+00 -2.6804e+00 -1.3325e+01
-4.5726e+00 -4.2129e+00 -2.7322e+00 -1.9247e+01
-4.5952e+00 -4.4259e+00 -3.6988e+00 -1.8683e+01
-4.6146e+00 -4.6106e+00 -4.7090e+00 -2.5730e+01
# New trial
-4.5627e+00 -4.1276e+00 -2.0292e+00 -1.5548e-02
-4.5624e+00 -4.1339e+00 -2.4055e+00 -6.4193e+00
-4.5898e+00 -4.3938e+00 -4.6583e+00 -2.9598e+01
-4.6137e+00 -4.6050e+00 -4.7731e+00 -2.1271e+01
# New trial
-4.5847e+00 -4.3147e+00 -2.1873e+00 -5.4887e-01
-4.5824e+00 -4.2924e+00 -2.0397e+00 -5.7593e-01
-4.5916e+00 -4.3823e+00 -2.5774e+00 -2.6086e+00
-4.6122e+00 -4.5863e+00 -4.3324e+00 -2.8077e+00
# New trial
-4.5724e+00 -4.1973e+00 -1.7994e+00 -4.6153e-02
-4.5729e+00 -4.2042e+00 -1.7608e+00 -1.0630e-02
-4.5807e+00 -4.2790e+00 -2.3649e+00 -1.4420e+01
-4.6117e+00 -4.5827e+00 -4.6058e+00 -3.2621e+01
# New trial
-4.5874e+00 -4.3416e+00 -2.4183e+00 -2.5751e-01
-4.5796e+00 -4.2659e+00 -1.9273e+00 -1.8301e-01
-4.5734e+00 -4.2033e+00 -1.5161e+00 -3.3664e-01
-4.6055e+00 -4.5196e+00 -3.7335e+00 -6.5141e+00
# New trial
-4.5811e+00 -4.2805e+00 -2.0772e+00 -5.1349e-01
-4.5866e+00 -4.3358e+00 -2.6758e+00 -1.0439e+01
-4.6049e+00 -4.5170e+00 -4.2238e+00 -2.8943e+01
-4.6147e+00 -4.6115e+00 -4.6085e+00 -1.1256e+01
# New trial
-4.5582e+00 -4.0763e+00 -1.6449e+00 -5.8521e-01
-4.5482e+00 -3.9871e+00 -1.4631e+00 -1.8710e-01
-4.5754e+00 -4.2368e+00 -2.2986e+00 -7.4974e+00
-4.6124e+00 -4.5920e+00 -4.5252e+00 -1.3357e+01
# New trial
-4.5692e+00 -4.1706e+00 -1.8022e+00 -8.7315e-02
-4.5741e+00 -4.2262e+00 -2.4942e+00 -1.8153e+00
-4.6041e+00 -4.5153e+00 -4.7430e+00 -3.2025e+01
-4.6151e+00 -4.6170e+00 -4.8258e+00 -2.9879e+01
# New trial
-4.5500e+00 -4.0140e+00 -1.6300e+00 -6.1126e-02
-4.5650e+00 -4.1641e+00 -2.5274e+00 -1.0878e+00
-4.6082e+00 -4.5650e+00 -5.6136e+00 -4.0783e+01
-4.6148e+00 -4.6160e+00 -4.9162e+00 -2.9569e+01
# New trial
-4.5907e+00 -4.3716e+00 -2.3457e+00 -1.9460e-01
-4.5834e+00 -4.3000e+00 -1.8117e+00 -8.8156e-02
-4.5658e+00 -4.1250e+00 -6.1732e-01 -8.1768e-10
-4.5923e+00 -4.3878e+00 -2.4166e+00 -5.3748e-08
# New trial
-4.5704e+00 -4.1765e+00 -1.4301e+00 -1.9074e-01
-4.5623e+00 -4.0985e+00 -1.1397e+00 -9.1762e-02
-4.5860e+00 -4.3305e+00 -2.5232e+00 -7.9696e+00
-4.6132e+00 -4.5962e+00 -4.4801e+00 -1.3771e+01
# New trial
-4.5284e+00 -3.8265e+00 -9.7704e-01 -1.6817e-06
-4.5244e+00 -3.7984e+00 -1.0791e+00 -5.2205e-05
-4.5795e+00 -4.2843e+00 -2.9499e+00 -1.0114e+01
-4.6149e+00 -4.6134e+00 -4.6566e+00 -1.5634e+01
# New trial
-4.5651e+00 -4.1273e+00 -1.2908e+00 -4.8118e-05
-4.5699e+00 -4.1802e+00 -2.0940e+00 -6.3330e-01
-4.5874e+00 -4.3502e+00 -3.1516e+00 -1.3861e+01
-4.6144e+00 -4.6084e+00 -4.6008e+00 -1.1902e+01
# New trial
-4.5897e+00 -4.3636e+00 -2.4860e+00 -6.2314e-01
-4.5823e+00 -4.2923e+00 -2.1390e+00 -7.4183e-01
-4.5869e+00 -4.3374e+00 -2.3404e+00 -7.4500e-01
-4.6108e+00 -4.5724e+00 -4.2372e+00 -1.9426e+00
# New trial
-4.5423e+00 -3.9591e+00 -1.5949e+00 -4.2419e-02
-4.5607e+00 -4.1531e+00 -3.7763e+00 -2.3093e+01
-4.6083e+00 -4.5826e+00 -6.6269e+00 -5.1970e+01
-4.6144e+00 -4.6131e+00 -4.8154e+00 -2.2722e+01
# New trial
-4.5692e+00 -4.1679e+00 -1.5332e+00 -2.5174e-03
-4.5603e+00 -4.0870e+00 -1.2390e+00 -3.1718e-05
-4.5810e+00 -4.2850e+00 -2.5018e+00 -1.4155e+01
-4.6136e+00 -4.6007e+00 -4.5862e+00 -2.3945e+01
# New trial
-4.5689e+00 -4.1606e+00 -1.1817e+00 -1.5813e-05
-4.5629e+00 -4.1035e+00 -1.0178e+00 -2.6388e-05
-4.5875e+00 -4.3448e+00 -2.4710e+00 -1.1510e-01
-4.6144e+00 -4.6090e+00 -4.6639e+00 -2.1313e+01
# New trial
-4.5819e+00 -4.2878e+00 -2.0750e+00 -2.6597e-01
-4.5699e+00 -4.1727e+00 -1.5999e+00 -3.4659e-03
-4.5640e+00 -4.1124e+00 -8.6044e-01 -1.0418e-07
-4.6025e+00 -4.4896e+00 -3.4048e+00 -8.0541e-03
# New trial
-4.5807e+00 -4.2784e+00 -2.1365e+00 -1.6444e-01
-4.5703e+00 -4.1809e+00 -1.7805e+00 -4.4355e-02
-4.5735e+00 -4.2109e+00 -2.1996e+00 -1.2646e+01
-4.6082e+00 -4.5487e+00 -4.1288e+00 -1.7385e+01
# New trial
-4.5799e+00 -4.2684e+00 -1.8739e+00 -1.6675e-01
-4.5777e+00 -4.2469e+00 -1.7693e+00 -2.7522e-01
-4.5837e+00 -4.3051e+00 -1.9670e+00 -8.8091e-04
-4.6110e+00 -4.5747e+00 -4.2563e+00 -1.0132e+01
# New trial
-4.5643e+00 -4.1218e+00 -1.4095e+00 -5.0990e-02
-4.5551e+00 -4.0310e+00 -9.6956e-01 -1.8218e-02
-4.5813e+00 -4.2837e+00 -2.1227e+00 -5.1522e+00
-4.6131e+00 -4.5956e+00 -4.4529e+00 -4.8297e+00
# New trial
