# 0.1sig - Array shape (trial/sig/alpha): (30L, 4L, 4L)
-4.5202e+00 -3.8261e+00 -2.1925e+00 -9.8306e-01
-4.5947e+00 -4.4516e+00 -4.6918e+00 -2.1813e+01
-4.6130e+00 -4.6051e+00 -5.3719e+00 -3.6287e+01
-4.6148e+00 -4.6132e+00 -4.6769e+00 -1.8036e+01
# New trial
-4.5885e+00 -4.3626e+00 -3.2417e+00 -5.0660e+00
-4.6094e+00 -4.5620e+00 -4.4016e+00 -1.2319e+01
-4.6142e+00 -4.6064e+00 -4.5987e+00 -9.0252e+00
-4.6148e+00 -4.6123e+00 -4.5979e+00 -4.9032e+00
# New trial
-4.6288e+00 -4.8077e+00 -1.1008e+01 -9.1501e+01
-4.6126e+00 -4.6116e+00 -6.7762e+00 -5.1142e+01
-4.6075e+00 -4.5426e+00 -4.2962e+00 -2.7249e+01
-4.6147e+00 -4.6110e+00 -4.5867e+00 -5.6139e+00
# New trial
-4.6289e+00 -4.7989e+00 -1.0993e+01 -9.7881e+01
-4.6127e+00 -4.6057e+00 -5.9924e+00 -4.4924e+01
-4.6023e+00 -4.4906e+00 -3.6044e+00 -6.3576e+00
-4.6128e+00 -4.5922e+00 -4.4230e+00 -4.1571e+00
# New trial
-4.5665e+00 -4.2183e+00 -5.8125e+00 -4.2939e+01
-4.5887e+00 -4.3824e+00 -4.1205e+00 -2.0593e+01
-4.6123e+00 -4.5953e+00 -4.9878e+00 -3.0552e+01
-4.6151e+00 -4.6156e+00 -4.8716e+00 -3.4293e+01
# New trial
-4.6055e+00 -4.5527e+00 -6.8770e+00 -5.4627e+01
-4.6058e+00 -4.5462e+00 -5.5117e+00 -2.9258e+01
-4.6114e+00 -4.5845e+00 -4.7254e+00 -1.8439e+01
-4.6144e+00 -4.6082e+00 -4.5868e+00 -6.2140e+00
# New trial
-4.6424e+00 -4.9151e+00 -9.6042e+00 -7.3476e+01
-4.6372e+00 -4.8537e+00 -8.1939e+00 -5.7957e+01
-4.6190e+00 -4.6581e+00 -5.4808e+00 -3.0853e+01
-4.6154e+00 -4.6183e+00 -4.6655e+00 -1.1679e+01
# New trial
-4.5747e+00 -4.2536e+00 -5.1678e+00 -3.4843e+01
-4.6043e+00 -4.5192e+00 -4.9430e+00 -3.1560e+01
-4.6138e+00 -4.6038e+00 -4.7263e+00 -2.3517e+01
-4.6150e+00 -4.6142e+00 -4.6104e+00 -5.1789e+00
# New trial
-4.6676e+00 -5.2552e+00 -1.5562e+01 -1.4089e+02
-4.6516e+00 -5.0442e+00 -1.1158e+01 -8.7254e+01
-4.6219e+00 -4.6973e+00 -6.2574e+00 -4.4014e+01
-4.6153e+00 -4.6183e+00 -4.7766e+00 -2.4379e+01
# New trial
-4.6315e+00 -4.8143e+00 -9.0386e+00 -7.4265e+01
-4.6244e+00 -4.7335e+00 -7.8209e+00 -6.1039e+01
-4.6150e+00 -4.6212e+00 -5.3488e+00 -2.9407e+01
-4.6147e+00 -4.6121e+00 -4.6365e+00 -1.0089e+01
# New trial
-4.6610e+00 -5.1186e+00 -1.2060e+01 -9.4245e+01
-4.6739e+00 -5.2353e+00 -1.2584e+01 -1.0426e+02
-4.6415e+00 -4.8851e+00 -7.7048e+00 -4.6015e+01
-4.6155e+00 -4.6193e+00 -4.6651e+00 -6.3540e+00
# New trial
-4.5695e+00 -4.2222e+00 -4.5901e+00 -2.5059e+01
-4.5965e+00 -4.4630e+00 -5.3601e+00 -3.1330e+01
-4.6124e+00 -4.5939e+00 -4.8959e+00 -2.7085e+01
-4.6149e+00 -4.6138e+00 -4.6414e+00 -1.5403e+01
# New trial
-4.5822e+00 -4.3805e+00 -8.2281e+00 -6.7341e+01
-4.5948e+00 -4.4442e+00 -4.8585e+00 -2.3251e+01
-4.6116e+00 -4.5858e+00 -4.7306e+00 -2.3309e+01
-4.6147e+00 -4.6116e+00 -4.6199e+00 -8.5980e+00
# New trial
-4.6165e+00 -4.6342e+00 -5.5479e+00 -3.5652e+01
-4.6161e+00 -4.6271e+00 -5.1997e+00 -3.5236e+01
-4.6150e+00 -4.6153e+00 -4.7634e+00 -2.3823e+01
-4.6148e+00 -4.6125e+00 -4.6023e+00 -5.0714e+00
# New trial
-4.5547e+00 -4.1381e+00 -3.9063e+00 -1.3698e+01
-4.5669e+00 -4.2093e+00 -3.5043e+00 -1.3990e+01
-4.6077e+00 -4.5541e+00 -4.8743e+00 -2.9200e+01
-4.6157e+00 -4.6225e+00 -5.0376e+00 -3.4974e+01
# New trial
-4.6315e+00 -4.8404e+00 -1.0454e+01 -9.4174e+01
-4.6190e+00 -4.6855e+00 -7.9921e+00 -7.3020e+01
-4.6173e+00 -4.6463e+00 -6.4409e+00 -5.3324e+01
-4.6157e+00 -4.6221e+00 -4.8600e+00 -2.9265e+01
# New trial
-4.5921e+00 -4.4494e+00 -7.9976e+00 -6.7704e+01
-4.6012e+00 -4.5076e+00 -5.8577e+00 -4.4763e+01
-4.6134e+00 -4.6033e+00 -5.0389e+00 -2.8298e+01
-4.6148e+00 -4.6122e+00 -4.6222e+00 -9.1935e+00
# New trial
-4.6267e+00 -4.7489e+00 -9.0074e+00 -7.9963e+01
-4.6254e+00 -4.7262e+00 -6.8774e+00 -5.1673e+01
-4.6170e+00 -4.6352e+00 -4.9390e+00 -1.9586e+01
-4.6154e+00 -4.6182e+00 -4.7636e+00 -2.7960e+01
# New trial
-4.6063e+00 -4.5417e+00 -5.2106e+00 -2.5189e+01
-4.6000e+00 -4.4762e+00 -4.2318e+00 -1.4747e+01
-4.6082e+00 -4.5493e+00 -4.4127e+00 -2.4478e+01
-4.6150e+00 -4.6145e+00 -4.6817e+00 -2.0025e+01
# New trial
-4.6229e+00 -4.7264e+00 -8.5402e+00 -6.6342e+01
-4.6191e+00 -4.6779e+00 -6.9863e+00 -4.9000e+01
-4.6139e+00 -4.6119e+00 -5.3084e+00 -3.7833e+01
-4.6146e+00 -4.6109e+00 -4.6777e+00 -2.1776e+01
# New trial
-4.6166e+00 -4.6861e+00 -1.0011e+01 -8.5037e+01
-4.6162e+00 -4.6515e+00 -6.9292e+00 -4.9633e+01
-4.6150e+00 -4.6213e+00 -5.3682e+00 -3.5833e+01
-4.6150e+00 -4.6150e+00 -4.6619e+00 -1.5707e+01
# New trial
-4.6269e+00 -4.7669e+00 -9.1565e+00 -7.0588e+01
-4.6160e+00 -4.6470e+00 -6.9558e+00 -4.9924e+01
-4.6127e+00 -4.5954e+00 -4.7349e+00 -2.1043e+01
-4.6146e+00 -4.6106e+00 -4.5993e+00 -5.4977e+00
# New trial
-4.5683e+00 -4.1803e+00 -3.6393e+00 -1.9017e+01
-4.5956e+00 -4.4332e+00 -3.9293e+00 -1.7565e+01
-4.6142e+00 -4.6090e+00 -4.9813e+00 -3.1112e+01
-4.6155e+00 -4.6189e+00 -4.7146e+00 -2.0033e+01
# New trial
-4.6237e+00 -4.7117e+00 -6.8937e+00 -4.4389e+01
-4.6185e+00 -4.6548e+00 -5.7825e+00 -3.9656e+01
-4.6144e+00 -4.6097e+00 -4.7809e+00 -2.4721e+01
-4.6151e+00 -4.6146e+00 -4.6198e+00 -6.1798e+00
# New trial
-4.6383e+00 -4.8849e+00 -1.1725e+01 -1.0550e+02
-4.6336e+00 -4.8139e+00 -8.1001e+00 -5.7266e+01
-4.6212e+00 -4.6778e+00 -5.4277e+00 -2.7864e+01
-4.6152e+00 -4.6162e+00 -4.6484e+00 -1.1516e+01
# New trial
-4.6358e+00 -4.8822e+00 -1.0897e+01 -8.3673e+01
-4.6166e+00 -4.6418e+00 -5.9864e+00 -4.1116e+01
-4.6135e+00 -4.6009e+00 -4.7353e+00 -3.0076e+01
-4.6153e+00 -4.6173e+00 -4.6447e+00 -1.0294e+01
# New trial
-4.6313e+00 -4.7949e+00 -8.5237e+00 -7.3129e+01
-4.6310e+00 -4.7855e+00 -7.4604e+00 -5.2483e+01
-4.6192e+00 -4.6591e+00 -5.3616e+00 -2.5298e+01
-4.6153e+00 -4.6172e+00 -4.6579e+00 -1.0814e+01
# New trial
-4.5782e+00 -4.3367e+00 -6.5111e+00 -4.5374e+01
-4.5828e+00 -4.3332e+00 -4.2919e+00 -2.5598e+01
-4.6112e+00 -4.5846e+00 -5.2491e+00 -3.4660e+01
-4.6155e+00 -4.6186e+00 -4.6780e+00 -1.2275e+01
# New trial
-4.6243e+00 -4.7373e+00 -9.2341e+00 -7.8748e+01
-4.6184e+00 -4.6686e+00 -7.8469e+00 -6.7547e+01
-4.6138e+00 -4.6059e+00 -5.0041e+00 -2.8870e+01
-4.6148e+00 -4.6125e+00 -4.5991e+00 -6.8043e+00
# New trial
-4.5886e+00 -4.3709e+00 -4.3346e+00 -3.1043e+01
-4.5978e+00 -4.4527e+00 -3.9824e+00 -1.7177e+01
-4.6129e+00 -4.5956e+00 -4.6352e+00 -1.9587e+01
-4.6152e+00 -4.6157e+00 -4.6370e+00 -1.1376e+01
# New trial
