# 1.0sig - Array shape (trial/sig/alpha): (30L, 4L, 4L)
-4.5989e+00 -4.4777e+00 -5.8240e+00 -3.7087e+01
-4.5893e+00 -4.3697e+00 -3.5726e+00 -1.3126e+01
-4.5708e+00 -4.1753e+00 -9.2940e-01 -5.7116e-10
-4.5686e+00 -4.1515e+00 -6.6189e-01 0.0000e+00
# New trial
-4.5978e+00 -4.4532e+00 -4.0716e+00 -1.8268e+01
-4.5937e+00 -4.4130e+00 -3.3929e+00 -5.6810e+00
-4.5856e+00 -4.3266e+00 -2.2722e+00 -1.8781e-01
-4.5951e+00 -4.4161e+00 -2.7735e+00 -6.8015e+00
# New trial
-4.6001e+00 -4.4744e+00 -4.2990e+00 -2.2306e+01
-4.5942e+00 -4.4128e+00 -3.2399e+00 -3.8021e+00
-4.5829e+00 -4.2967e+00 -1.8819e+00 -6.2203e-04
-4.5859e+00 -4.3243e+00 -1.8825e+00 -2.4415e-06
# New trial
-4.5997e+00 -4.4710e+00 -4.8591e+00 -4.0642e+01
-4.5924e+00 -4.3998e+00 -3.5448e+00 -1.5733e+01
-4.5828e+00 -4.2966e+00 -1.9628e+00 -4.4491e-03
-4.5893e+00 -4.3581e+00 -2.1680e+00 -3.2338e-07
# New trial
-4.5916e+00 -4.4141e+00 -6.2222e+00 -4.5306e+01
-4.5832e+00 -4.3133e+00 -3.1866e+00 -1.2046e+01
-4.5717e+00 -4.1883e+00 -1.4495e+00 -3.9262e-01
-4.5865e+00 -4.3308e+00 -2.1340e+00 -5.9554e+00
# New trial
-4.6027e+00 -4.5016e+00 -5.0867e+00 -3.9796e+01
-4.5947e+00 -4.4188e+00 -3.3881e+00 -1.1197e+01
-4.5832e+00 -4.2994e+00 -1.9159e+00 -2.0762e-02
-4.5894e+00 -4.3584e+00 -2.2008e+00 -3.5527e-02
# New trial
-4.6109e+00 -4.5784e+00 -5.1292e+00 -3.4784e+01
-4.6067e+00 -4.5325e+00 -4.0165e+00 -1.5304e+01
-4.5969e+00 -4.4344e+00 -2.9402e+00 -2.2167e-01
-4.5862e+00 -4.3263e+00 -1.8938e+00 -7.6112e-05
# New trial
-4.6096e+00 -4.5895e+00 -7.4326e+00 -5.6733e+01
-4.5999e+00 -4.4786e+00 -4.6403e+00 -2.2570e+01
-4.5747e+00 -4.2181e+00 -1.6054e+00 -2.0992e-03
-4.5563e+00 -4.0294e+00 -2.4705e-01 0.0000e+00
# New trial
-4.5843e+00 -4.3574e+00 -5.1817e+00 -3.1608e+01
-4.5657e+00 -4.1549e+00 -2.8784e+00 -1.6677e+01
-4.5324e+00 -3.8067e+00 -5.7081e-01 -2.2167e-02
-4.5589e+00 -4.0584e+00 -4.7683e-01 -5.8762e-07
# New trial
-4.5917e+00 -4.3974e+00 -4.0141e+00 -1.9315e+01
-4.5824e+00 -4.3027e+00 -2.9526e+00 -8.5661e+00
-4.5699e+00 -4.1672e+00 -9.7443e-01 -9.4043e-06
-4.5833e+00 -4.2981e+00 -1.6514e+00 -1.0682e-07
# New trial
-4.5852e+00 -4.3421e+00 -4.3447e+00 -2.8812e+01
-4.5753e+00 -4.2419e+00 -3.3636e+00 -1.7173e+01
-4.5679e+00 -4.1503e+00 -1.0373e+00 -1.3131e-06
-4.5874e+00 -4.3389e+00 -2.0221e+00 -1.6737e-06
# New trial
-4.6105e+00 -4.6066e+00 -7.9549e+00 -6.0719e+01
-4.5955e+00 -4.4319e+00 -4.1588e+00 -2.0881e+01
-4.5618e+00 -4.0854e+00 -4.4697e-01 0.0000e+00
-4.5170e+00 -3.6403e+00 -4.9750e-03 0.0000e+00
# New trial
-4.5925e+00 -4.4169e+00 -5.5805e+00 -3.9054e+01
-4.5866e+00 -4.3468e+00 -3.2991e+00 -9.9785e+00
-4.5807e+00 -4.2765e+00 -1.8204e+00 -5.3720e-04
-4.5912e+00 -4.3763e+00 -2.3185e+00 -1.5281e-05
# New trial
-4.6075e+00 -4.6091e+00 -1.0219e+01 -8.5206e+01
-4.5877e+00 -4.3741e+00 -4.9673e+00 -3.0985e+01
-4.5624e+00 -4.0969e+00 -7.0045e-01 -8.4936e-07
-4.5866e+00 -4.3322e+00 -1.9798e+00 -3.4272e-06
# New trial
-4.5956e+00 -4.4370e+00 -4.9276e+00 -3.4877e+01
-4.5924e+00 -4.3989e+00 -3.5462e+00 -1.0244e+01
-4.5841e+00 -4.3089e+00 -1.9095e+00 -3.4983e-08
-4.5908e+00 -4.3728e+00 -2.2966e+00 -4.7451e-07
# New trial
-4.5932e+00 -4.4747e+00 -8.9357e+00 -7.6685e+01
-4.5817e+00 -4.3405e+00 -4.8402e+00 -3.0511e+01
-4.5591e+00 -4.0785e+00 -1.2560e+00 -3.5631e-02
-4.5742e+00 -4.2110e+00 -1.1989e+00 -2.4548e-03
# New trial
-4.5880e+00 -4.3620e+00 -3.7697e+00 -1.4067e+01
-4.5745e+00 -4.2280e+00 -2.4861e+00 -4.1498e+00
-4.5506e+00 -3.9817e+00 -7.1304e-01 -7.4918e-03
-4.5736e+00 -4.2017e+00 -1.1607e+00 -3.6542e-02
# New trial
-4.6024e+00 -4.5034e+00 -4.9109e+00 -2.8461e+01
-4.5960e+00 -4.4400e+00 -4.2690e+00 -2.0546e+01
-4.5707e+00 -4.1790e+00 -1.2660e+00 -1.7988e-05
-4.5463e+00 -3.9304e+00 -9.6905e-02 0.0000e+00
# New trial
-4.5964e+00 -4.4583e+00 -6.3560e+00 -4.7815e+01
-4.5889e+00 -4.3767e+00 -4.5786e+00 -2.6380e+01
-4.5730e+00 -4.2003e+00 -1.4323e+00 -1.4363e-02
-4.5757e+00 -4.2228e+00 -1.1416e+00 -1.3433e-07
# New trial
-4.6024e+00 -4.5018e+00 -5.4517e+00 -4.5112e+01
-4.5991e+00 -4.4635e+00 -4.2352e+00 -2.1794e+01
-4.5894e+00 -4.3606e+00 -2.3990e+00 -2.4641e-02
-4.5908e+00 -4.3731e+00 -2.3126e+00 -6.2269e-05
# New trial
-4.5811e+00 -4.3126e+00 -5.1924e+00 -3.7442e+01
-4.5715e+00 -4.2007e+00 -2.1017e+00 -5.9206e-01
-4.5767e+00 -4.2404e+00 -1.5922e+00 -1.1621e-05
-4.6058e+00 -4.5227e+00 -3.8025e+00 -1.3503e+01
# New trial
-4.5965e+00 -4.4407e+00 -4.9267e+00 -3.7696e+01
-4.5913e+00 -4.3815e+00 -2.8170e+00 -1.3201e+00
-4.5841e+00 -4.3064e+00 -1.8494e+00 -1.0349e-02
-4.5900e+00 -4.3649e+00 -2.2303e+00 -5.8101e-04
# New trial
-4.5929e+00 -4.4297e+00 -5.9387e+00 -4.2694e+01
-4.5784e+00 -4.2711e+00 -2.8890e+00 -1.0867e+01
-4.5713e+00 -4.1876e+00 -1.3195e+00 -2.2507e-05
-4.5926e+00 -4.3938e+00 -2.6141e+00 -2.1833e+00
# New trial
-4.5984e+00 -4.4921e+00 -6.0473e+00 -3.8345e+01
-4.5839e+00 -4.3297e+00 -3.6115e+00 -1.7755e+01
-4.5601e+00 -4.0779e+00 -8.0121e-01 -4.9329e-08
-4.5632e+00 -4.1020e+00 -1.2826e+00 -7.1118e+00
# New trial
-4.6230e+00 -4.7853e+00 -1.1795e+01 -9.9534e+01
-4.6042e+00 -4.5465e+00 -6.3689e+00 -4.0529e+01
-4.5654e+00 -4.1296e+00 -1.2773e+00 -1.0967e-02
-4.5709e+00 -4.1762e+00 -9.4521e-01 -3.2045e-05
# New trial
-4.6025e+00 -4.4925e+00 -3.8640e+00 -1.1484e+01
-4.5928e+00 -4.3960e+00 -2.9221e+00 -2.7928e+00
-4.5749e+00 -4.2177e+00 -1.3641e+00 -2.4101e-03
-4.5890e+00 -4.3545e+00 -2.1395e+00 -2.8328e-07
# New trial
-4.5950e+00 -4.4349e+00 -5.7837e+00 -4.7544e+01
-4.5909e+00 -4.3861e+00 -3.6879e+00 -1.7001e+01
-4.5818e+00 -4.2875e+00 -1.9288e+00 -5.9351e-02
-4.5926e+00 -4.3907e+00 -2.6048e+00 -7.3308e+00
# New trial
-4.6149e+00 -4.6688e+00 -8.6163e+00 -7.5229e+01
-4.6021e+00 -4.5178e+00 -5.5862e+00 -3.6167e+01
-4.5639e+00 -4.1126e+00 -1.1974e+00 -1.0117e-01
-4.5248e+00 -3.7208e+00 -2.4940e-02 0.0000e+00
# New trial
-4.5973e+00 -4.4504e+00 -4.3816e+00 -2.2632e+01
-4.5876e+00 -4.3517e+00 -3.0885e+00 -7.5021e+00
-4.5755e+00 -4.2249e+00 -1.5183e+00 -6.1019e-04
-4.5929e+00 -4.3930e+00 -2.4582e+00 -3.0680e-07
# New trial
-4.5972e+00 -4.4490e+00 -4.6606e+00 -3.6892e+01
-4.5914e+00 -4.3877e+00 -3.3648e+00 -1.1527e+01
-4.5789e+00 -4.2570e+00 -1.5178e+00 -2.6711e-06
-4.5808e+00 -4.2727e+00 -1.4414e+00 -7.5318e-13
# New trial
