# 1.0sig - Array shape (trial/sig/alpha): (30L, 4L, 4L)
-4.6164e+00 -4.6650e+00 -8.2241e+00 -6.2058e+01
-4.6127e+00 -4.6136e+00 -6.4884e+00 -4.3760e+01
-4.6132e+00 -4.5995e+00 -4.8175e+00 -2.0918e+01
-4.6152e+00 -4.6157e+00 -4.6319e+00 -1.0342e+01
# New trial
-4.6012e+00 -4.5272e+00 -7.3812e+00 -5.5809e+01
-4.5944e+00 -4.4322e+00 -4.0143e+00 -1.4175e+01
-4.6092e+00 -4.5621e+00 -4.5645e+00 -2.4873e+01
-4.6157e+00 -4.6215e+00 -4.8325e+00 -3.0286e+01
# New trial
-4.6214e+00 -4.6974e+00 -7.6927e+00 -6.3070e+01
-4.6139e+00 -4.6162e+00 -5.6930e+00 -3.4796e+01
-4.6135e+00 -4.6050e+00 -5.0050e+00 -2.8899e+01
-4.6149e+00 -4.6137e+00 -4.6685e+00 -1.8741e+01
# New trial
-4.6129e+00 -4.6102e+00 -6.0859e+00 -4.4009e+01
-4.6089e+00 -4.5704e+00 -5.4209e+00 -3.0862e+01
-4.6115e+00 -4.5827e+00 -4.6171e+00 -1.9713e+01
-4.6149e+00 -4.6132e+00 -4.6065e+00 -5.0208e+00
# New trial
-4.5918e+00 -4.4423e+00 -7.8337e+00 -6.1971e+01
-4.5933e+00 -4.4277e+00 -5.0761e+00 -3.5580e+01
-4.6094e+00 -4.5672e+00 -5.0444e+00 -3.7462e+01
-4.6150e+00 -4.6147e+00 -4.6648e+00 -1.1828e+01
# New trial
-4.6003e+00 -4.4859e+00 -5.0830e+00 -3.4475e+01
-4.6095e+00 -4.5713e+00 -5.6799e+00 -4.1786e+01
-4.6131e+00 -4.5969e+00 -4.6255e+00 -1.8859e+01
-4.6148e+00 -4.6121e+00 -4.5942e+00 -4.7636e+00
# New trial
-4.6360e+00 -4.8420e+00 -8.8766e+00 -7.5626e+01
-4.6301e+00 -4.7724e+00 -6.7607e+00 -4.5854e+01
-4.6167e+00 -4.6327e+00 -4.9443e+00 -1.8035e+01
-4.6150e+00 -4.6136e+00 -4.6093e+00 -4.9416e+00
# New trial
-4.5859e+00 -4.3556e+00 -4.6642e+00 -2.6307e+01
-4.5979e+00 -4.4578e+00 -4.0722e+00 -1.4286e+01
-4.6134e+00 -4.6009e+00 -4.8278e+00 -2.2643e+01
-4.6154e+00 -4.6175e+00 -4.6520e+00 -9.8463e+00
# New trial
-4.6874e+00 -5.4531e+00 -1.7885e+01 -1.6244e+02
-4.6908e+00 -5.4535e+00 -1.7445e+01 -1.6361e+02
-4.6433e+00 -4.9182e+00 -9.9992e+00 -9.6004e+01
-4.6145e+00 -4.6126e+00 -4.7444e+00 -2.1371e+01
# New trial
-4.6325e+00 -4.8200e+00 -8.8258e+00 -6.5079e+01
-4.6273e+00 -4.7570e+00 -7.5097e+00 -5.0654e+01
-4.6170e+00 -4.6367e+00 -5.1363e+00 -2.5078e+01
-4.6152e+00 -4.6167e+00 -4.6702e+00 -1.8424e+01
# New trial
-4.6580e+00 -5.1330e+00 -1.4495e+01 -1.2694e+02
-4.6442e+00 -4.9625e+00 -1.1759e+01 -1.0216e+02
-4.6180e+00 -4.6531e+00 -6.0127e+00 -4.4141e+01
-4.6152e+00 -4.6171e+00 -4.7855e+00 -2.6310e+01
# New trial
-4.5966e+00 -4.4672e+00 -6.4961e+00 -4.8463e+01
-4.6036e+00 -4.5190e+00 -5.4561e+00 -3.5951e+01
-4.6132e+00 -4.5973e+00 -4.6036e+00 -1.8217e+01
-4.6152e+00 -4.6155e+00 -4.6267e+00 -5.7671e+00
# New trial
-4.5815e+00 -4.3568e+00 -6.2691e+00 -4.4470e+01
-4.5858e+00 -4.3522e+00 -3.6667e+00 -1.2547e+01
-4.6089e+00 -4.5573e+00 -4.3153e+00 -1.3162e+01
-4.6149e+00 -4.6134e+00 -4.6036e+00 -4.8965e+00
# New trial
-4.5737e+00 -4.3153e+00 -8.7550e+00 -7.7699e+01
-4.6010e+00 -4.5266e+00 -6.7809e+00 -4.5554e+01
-4.6131e+00 -4.6052e+00 -5.0334e+00 -3.1407e+01
-4.6144e+00 -4.6094e+00 -4.6294e+00 -1.5105e+01
# New trial
-4.6305e+00 -4.8086e+00 -1.0319e+01 -9.0446e+01
-4.6171e+00 -4.6536e+00 -6.4459e+00 -3.8967e+01
-4.6119e+00 -4.5867e+00 -4.5401e+00 -9.1473e+00
-4.6148e+00 -4.6126e+00 -4.6195e+00 -9.9024e+00
# New trial
-4.6221e+00 -4.7509e+00 -9.6714e+00 -8.9857e+01
-4.6038e+00 -4.5528e+00 -6.0722e+00 -4.1485e+01
-4.6100e+00 -4.5782e+00 -4.9197e+00 -2.5354e+01
-4.6143e+00 -4.6097e+00 -4.6207e+00 -7.6834e+00
# New trial
-4.6504e+00 -5.0103e+00 -1.1288e+01 -9.3805e+01
-4.6472e+00 -4.9748e+00 -1.0906e+01 -9.5555e+01
-4.6181e+00 -4.6571e+00 -6.9232e+00 -6.4088e+01
-4.6152e+00 -4.6157e+00 -4.6305e+00 -7.8465e+00
# New trial
-4.5679e+00 -4.1878e+00 -2.9307e+00 -1.2344e+01
-4.5779e+00 -4.2749e+00 -3.0975e+00 -9.2149e+00
-4.6083e+00 -4.5542e+00 -4.5729e+00 -2.4706e+01
-4.6151e+00 -4.6158e+00 -4.6615e+00 -1.1249e+01
# New trial
-4.5975e+00 -4.4734e+00 -7.0202e+00 -6.4409e+01
-4.6049e+00 -4.5245e+00 -4.7564e+00 -2.6074e+01
-4.6131e+00 -4.5971e+00 -4.7152e+00 -2.7406e+01
-4.6148e+00 -4.6122e+00 -4.5983e+00 -5.5058e+00
# New trial
-4.6370e+00 -4.8636e+00 -9.9943e+00 -8.0433e+01
-4.6368e+00 -4.8504e+00 -8.9663e+00 -6.9379e+01
-4.6269e+00 -4.7376e+00 -6.2722e+00 -3.5590e+01
-4.6153e+00 -4.6181e+00 -4.7097e+00 -1.4431e+01
# New trial
-4.6263e+00 -4.8115e+00 -1.2038e+01 -1.0673e+02
-4.6083e+00 -4.5815e+00 -5.8918e+00 -3.3795e+01
-4.6132e+00 -4.6069e+00 -4.9145e+00 -1.8090e+01
-4.6152e+00 -4.6160e+00 -4.6616e+00 -1.5645e+01
# New trial
-4.5505e+00 -4.0160e+00 -2.1256e+00 -3.9080e+00
-4.5934e+00 -4.4106e+00 -3.6226e+00 -9.2369e+00
-4.6131e+00 -4.5967e+00 -4.5888e+00 -1.7401e+01
-4.6149e+00 -4.6131e+00 -4.6124e+00 -9.5770e+00
# New trial
-4.6073e+00 -4.6281e+00 -1.0287e+01 -8.9180e+01
-4.6015e+00 -4.5264e+00 -6.0945e+00 -4.3181e+01
-4.6120e+00 -4.6010e+00 -5.0007e+00 -2.1742e+01
-4.6134e+00 -4.6033e+00 -4.5964e+00 -5.2011e+00
# New trial
-4.5775e+00 -4.3388e+00 -6.0072e+00 -4.4366e+01
-4.5891e+00 -4.4028e+00 -4.5236e+00 -2.0733e+01
-4.6135e+00 -4.6081e+00 -5.1405e+00 -3.0756e+01
-4.6149e+00 -4.6158e+00 -5.1039e+00 -4.1528e+01
# New trial
-4.6303e+00 -4.7822e+00 -8.3294e+00 -7.2104e+01
-4.6279e+00 -4.7520e+00 -6.9612e+00 -4.7037e+01
-4.6179e+00 -4.6460e+00 -5.3265e+00 -3.3561e+01
-4.6151e+00 -4.6150e+00 -4.6718e+00 -1.9824e+01
# New trial
-4.5786e+00 -4.2723e+00 -3.1051e+00 -1.0244e+01
-4.5809e+00 -4.2871e+00 -2.4484e+00 -1.7870e-01
-4.6040e+00 -4.5085e+00 -3.8317e+00 -9.1407e+00
-4.6146e+00 -4.6106e+00 -4.6093e+00 -6.8951e+00
# New trial
-4.6333e+00 -4.8135e+00 -8.3444e+00 -6.3930e+01
-4.6275e+00 -4.7473e+00 -6.6569e+00 -3.9311e+01
-4.6154e+00 -4.6206e+00 -4.8631e+00 -2.1045e+01
-4.6153e+00 -4.6169e+00 -4.6416e+00 -6.8055e+00
# New trial
-4.4957e+00 -3.6438e+00 -2.8553e+00 -1.0872e+01
-4.5687e+00 -4.1940e+00 -2.8633e+00 -1.0229e+01
-4.6124e+00 -4.5951e+00 -5.3004e+00 -4.1192e+01
-4.6151e+00 -4.6162e+00 -4.7203e+00 -2.0458e+01
# New trial
-4.6403e+00 -4.9486e+00 -1.2864e+01 -1.0822e+02
-4.6191e+00 -4.6896e+00 -7.4008e+00 -5.2019e+01
-4.6146e+00 -4.6151e+00 -5.0858e+00 -2.9239e+01
-4.6155e+00 -4.6188e+00 -4.6853e+00 -1.6848e+01
# New trial
-4.6274e+00 -4.7875e+00 -1.1763e+01 -1.0861e+02
-4.6193e+00 -4.6757e+00 -6.7897e+00 -4.3888e+01
-4.6141e+00 -4.6086e+00 -4.8940e+00 -2.4610e+01
-4.6148e+00 -4.6121e+00 -4.6069e+00 -5.0040e+00
# New trial
