# 1.0sig - Array shape (trial/sig/alpha): (30L, 4L, 4L)
-4.6000e+00 -4.4887e+00 -5.6232e+00 -4.0026e+01
-4.6026e+00 -4.5033e+00 -4.9064e+00 -3.1090e+01
-4.6120e+00 -4.5862e+00 -4.5249e+00 -1.7817e+01
-4.6152e+00 -4.6161e+00 -4.6355e+00 -1.1061e+01
# New trial
-4.6295e+00 -4.7689e+00 -7.2447e+00 -4.7491e+01
-4.6296e+00 -4.7650e+00 -6.6454e+00 -4.0526e+01
-4.6177e+00 -4.6426e+00 -5.0512e+00 -2.1518e+01
-4.6152e+00 -4.6162e+00 -4.6531e+00 -1.6304e+01
# New trial
-4.5441e+00 -3.9419e+00 -1.3513e+00 -2.8860e+00
-4.5742e+00 -4.2286e+00 -2.3458e+00 -1.7294e+00
-4.6067e+00 -4.5382e+00 -4.3822e+00 -2.1740e+01
-4.6150e+00 -4.6147e+00 -4.6748e+00 -1.9364e+01
# New trial
-4.6390e+00 -4.8750e+00 -8.9351e+00 -7.3275e+01
-4.6366e+00 -4.8491e+00 -8.2234e+00 -5.6412e+01
-4.6162e+00 -4.6308e+00 -5.0501e+00 -2.1825e+01
-4.6149e+00 -4.6127e+00 -4.6049e+00 -4.9458e+00
# New trial
-4.5889e+00 -4.4344e+00 -8.3063e+00 -6.6238e+01
-4.5856e+00 -4.3588e+00 -4.4414e+00 -2.6289e+01
-4.6030e+00 -4.5020e+00 -4.2021e+00 -2.4053e+01
-4.6148e+00 -4.6131e+00 -4.6507e+00 -1.3830e+01
# New trial
-4.6338e+00 -4.8260e+00 -8.5446e+00 -6.7640e+01
-4.6260e+00 -4.7392e+00 -7.4272e+00 -5.9055e+01
-4.6142e+00 -4.6083e+00 -4.7706e+00 -2.1274e+01
-4.6148e+00 -4.6123e+00 -4.5986e+00 -4.8624e+00
# New trial
-4.6136e+00 -4.6217e+00 -6.8265e+00 -5.1096e+01
-4.6156e+00 -4.6280e+00 -5.3318e+00 -3.0975e+01
-4.6143e+00 -4.6091e+00 -4.7206e+00 -1.5717e+01
-4.6149e+00 -4.6135e+00 -4.6087e+00 -4.9719e+00
# New trial
-4.6378e+00 -4.8841e+00 -9.8148e+00 -7.4613e+01
-4.6283e+00 -4.7670e+00 -7.2787e+00 -4.6961e+01
-4.6173e+00 -4.6408e+00 -5.2168e+00 -2.5343e+01
-4.6153e+00 -4.6168e+00 -4.6448e+00 -9.8833e+00
# New trial
-4.6506e+00 -5.0878e+00 -1.4563e+01 -1.3000e+02
-4.6360e+00 -4.9042e+00 -1.2115e+01 -1.1095e+02
-4.6164e+00 -4.6491e+00 -7.3473e+00 -6.9785e+01
-4.6142e+00 -4.6109e+00 -4.7389e+00 -2.1941e+01
# New trial
-4.6409e+00 -4.9022e+00 -9.3964e+00 -7.0241e+01
-4.6322e+00 -4.8062e+00 -7.8546e+00 -5.2722e+01
-4.6167e+00 -4.6346e+00 -5.0990e+00 -1.9921e+01
-4.6151e+00 -4.6157e+00 -4.6606e+00 -1.7262e+01
# New trial
-4.6427e+00 -4.9822e+00 -1.3680e+01 -1.2041e+02
-4.6342e+00 -4.8624e+00 -1.1187e+01 -9.7658e+01
-4.6172e+00 -4.6457e+00 -6.0292e+00 -4.5303e+01
-4.6152e+00 -4.6168e+00 -4.7934e+00 -2.7348e+01
# New trial
-4.5513e+00 -4.0754e+00 -3.4085e+00 -1.2349e+01
-4.6012e+00 -4.4962e+00 -5.1098e+00 -3.2193e+01
-4.6138e+00 -4.6031e+00 -4.6399e+00 -1.8403e+01
-4.6151e+00 -4.6147e+00 -4.6162e+00 -5.5768e+00
# New trial
-4.6230e+00 -4.7045e+00 -6.8124e+00 -4.8137e+01
-4.6153e+00 -4.6197e+00 -4.9313e+00 -1.7135e+01
-4.6135e+00 -4.5998e+00 -4.5047e+00 -6.2807e+00
-4.6149e+00 -4.6131e+00 -4.5977e+00 -4.5337e+00
# New trial
-4.6345e+00 -4.9394e+00 -1.5906e+01 -1.5059e+02
-4.6215e+00 -4.7364e+00 -9.1533e+00 -6.9887e+01
-4.6134e+00 -4.6094e+00 -5.1117e+00 -3.2825e+01
-4.6143e+00 -4.6092e+00 -4.6303e+00 -1.5604e+01
# New trial
-4.6440e+00 -4.9392e+00 -1.1280e+01 -9.8684e+01
-4.6475e+00 -4.9556e+00 -9.3282e+00 -6.7304e+01
-4.6328e+00 -4.7952e+00 -6.5978e+00 -2.7810e+01
-4.6152e+00 -4.6163e+00 -4.6461e+00 -5.9437e+00
# New trial
-4.6145e+00 -4.6821e+00 -9.4492e+00 -7.8172e+01
-4.6027e+00 -4.5401e+00 -6.0138e+00 -4.6555e+01
-4.6102e+00 -4.5784e+00 -4.8772e+00 -2.9059e+01
-4.6143e+00 -4.6086e+00 -4.6010e+00 -5.4873e+00
# New trial
-4.5628e+00 -4.1408e+00 -2.7368e+00 -7.2095e+00
-4.5721e+00 -4.2194e+00 -2.6899e+00 -3.7178e+00
-4.6028e+00 -4.4991e+00 -4.0892e+00 -2.3090e+01
-4.6150e+00 -4.6139e+00 -4.6083e+00 -6.6728e+00
# New trial
-4.5744e+00 -4.2700e+00 -3.6879e+00 -1.2061e+01
-4.5924e+00 -4.4288e+00 -4.5288e+00 -2.2240e+01
-4.6123e+00 -4.5952e+00 -4.9925e+00 -2.7600e+01
-4.6151e+00 -4.6153e+00 -4.6587e+00 -1.1468e+01
# New trial
-4.6475e+00 -4.9837e+00 -1.2451e+01 -1.1840e+02
-4.6380e+00 -4.8613e+00 -8.4267e+00 -6.3894e+01
-4.6186e+00 -4.6533e+00 -5.3328e+00 -3.4195e+01
-4.6148e+00 -4.6124e+00 -4.5995e+00 -5.8580e+00
# New trial
-4.6082e+00 -4.5941e+00 -8.3482e+00 -6.8819e+01
-4.6138e+00 -4.6258e+00 -6.8751e+00 -4.7822e+01
-4.6145e+00 -4.6138e+00 -5.0487e+00 -2.3273e+01
-4.6147e+00 -4.6122e+00 -4.6540e+00 -1.0945e+01
# New trial
-4.5751e+00 -4.3140e+00 -7.2181e+00 -5.9223e+01
-4.5892e+00 -4.3950e+00 -4.0986e+00 -1.6603e+01
-4.6109e+00 -4.5835e+00 -4.6811e+00 -1.7022e+01
-4.6151e+00 -4.6154e+00 -4.6565e+00 -1.6598e+01
# New trial
-4.6238e+00 -4.7108e+00 -7.1604e+00 -5.7252e+01
-4.6230e+00 -4.6996e+00 -6.1103e+00 -3.6810e+01
-4.6149e+00 -4.6136e+00 -4.6769e+00 -8.6726e+00
-4.6149e+00 -4.6126e+00 -4.5978e+00 -4.5997e+00
# New trial
-4.5325e+00 -3.9409e+00 -3.9472e+00 -2.4062e+01
-4.5790e+00 -4.3174e+00 -3.8641e+00 -1.2008e+01
-4.6093e+00 -4.5768e+00 -4.7977e+00 -1.7949e+01
-4.6133e+00 -4.6038e+00 -4.6072e+00 -5.9605e+00
# New trial
-4.5951e+00 -4.4649e+00 -6.3191e+00 -4.9028e+01
-4.6073e+00 -4.5629e+00 -5.7510e+00 -3.4312e+01
-4.6134e+00 -4.6027e+00 -4.8050e+00 -2.1847e+01
-4.6149e+00 -4.6138e+00 -4.7252e+00 -2.6660e+01
# New trial
-4.6091e+00 -4.5586e+00 -4.3840e+00 -1.3927e+01
-4.6130e+00 -4.5958e+00 -4.6536e+00 -1.8608e+01
-4.6143e+00 -4.6077e+00 -4.6164e+00 -1.3554e+01
-4.6149e+00 -4.6131e+00 -4.6040e+00 -6.4361e+00
# New trial
-4.6301e+00 -4.7872e+00 -8.2263e+00 -6.2137e+01
-4.6168e+00 -4.6444e+00 -5.7759e+00 -2.9734e+01
-4.6140e+00 -4.6070e+00 -4.7201e+00 -1.6446e+01
-4.6150e+00 -4.6141e+00 -4.6323e+00 -5.7583e+00
# New trial
-4.5909e+00 -4.3982e+00 -4.5049e+00 -2.4415e+01
-4.6033e+00 -4.5062e+00 -4.2176e+00 -1.4490e+01
-4.6139e+00 -4.6052e+00 -4.7068e+00 -2.0181e+01
-4.6152e+00 -4.6165e+00 -4.6375e+00 -7.1823e+00
# New trial
-4.6638e+00 -5.2934e+00 -1.9518e+01 -1.8147e+02
-4.6367e+00 -4.8729e+00 -9.3897e+00 -7.4327e+01
-4.6175e+00 -4.6458e+00 -5.5664e+00 -4.0416e+01
-4.6148e+00 -4.6146e+00 -4.7068e+00 -1.9818e+01
# New trial
-4.6571e+00 -5.0988e+00 -1.3462e+01 -1.1369e+02
-4.6495e+00 -4.9875e+00 -9.9400e+00 -7.3139e+01
-4.6181e+00 -4.6494e+00 -5.2752e+00 -2.6835e+01
-4.6153e+00 -4.6167e+00 -4.6417e+00 -9.0302e+00
# New trial
-4.6110e+00 -4.6346e+00 -1.0768e+01 -9.9008e+01
-4.5981e+00 -4.4692e+00 -4.9046e+00 -2.4078e+01
-4.6083e+00 -4.5512e+00 -4.3497e+00 -2.0128e+01
-4.6147e+00 -4.6117e+00 -4.6047e+00 -5.0264e+00
# New trial
